0.1427	0.1402	0.1305	0.1335	0.1161	0.1245	0.1057	0.1065	0.1426	0.1428	0.1371	0.1336	0.1155	0.1194	0.1125	0.1006	0.1363	0.1367	0.1394	0.1380	0.1146	0.1277	0.1124	0.1009	0.1345	0.1353	0.1333	0.1322	0.1120	0.1261	0.0962	0.1019	0.0930	0.0949	0.0944	0.1030	0.0960	0.1362	0.0970	0.1107	0.0947	0.0951	0.0941	0.1027	0.0988	0.1423	0.0988	0.1030	0.0930	0.0989	0.0932	0.1009	0.1014	0.1207	0.0998	0.1119	0.0947	0.0936	0.0950	0.1071	0.1005	0.1227	0.0981	0.1211	
0.0914	0.0914	0.0891	0.0931	0.0889	0.0900	0.0881	0.0944	0.0889	0.1041	0.0881	0.1100	0.0876	0.1058	0.0885	0.0898	0.0893	0.1062	0.0941	0.0920	0.0874	0.1069	0.0886	0.0905	0.0889	0.0891	0.0904	0.0875	0.0894	0.0877	0.0891	0.0895	0.0909	0.0917	0.0916	0.0922	0.0910	0.0923	0.0903	0.0922	0.0904	0.0926	0.0910	0.0923	0.0915	0.0933	0.0925	0.0913	0.0909	0.0927	0.0914	0.0932	0.0923	0.0920	0.0909	0.0915	0.0929	0.0906	0.0935	0.0924	0.0922	0.0921	0.0918	0.0919	
0.0912	0.0910	0.0888	0.0891	0.0875	0.0880	0.0893	0.0885	0.0889	0.0919	0.0878	0.0905	0.0877	0.0897	0.0893	0.0895	0.0894	0.0961	0.0943	0.0889	0.0873	0.0881	0.0889	0.0906	0.0894	0.0889	0.0901	0.0873	0.0949	0.0875	0.0900	0.0891	0.0903	0.0906	0.0909	0.0929	0.0911	0.0916	0.0904	0.0926	0.0902	0.0912	0.0906	0.0918	0.0918	0.0925	0.0929	0.0929	0.0899	0.0915	0.0906	0.0929	0.0928	0.0916	0.0940	0.0925	0.0905	0.0902	0.0928	0.0925	0.0913	0.0926	0.0905	0.0932	
0.0902	0.0911	0.0898	0.0884	0.0878	0.0883	0.0885	0.0887	0.0889	0.0918	0.0878	0.0891	0.0878	0.0892	0.0897	0.0891	0.0893	0.0895	0.0943	0.0890	0.0874	0.0884	0.0890	0.0898	0.0884	0.0885	0.0895	0.0873	0.0883	0.0881	0.0899	0.0886	0.0898	0.0893	0.0951	0.0899	0.0894	0.0898	0.0899	0.0920	0.0891	0.0914	0.0898	0.0904	0.0912	0.0910	0.0910	0.0912	0.0892	0.0907	0.0905	0.0921	0.0912	0.0899	0.0908	0.0908	0.0903	0.0905	0.0919	0.0916	0.0902	0.0904	0.0906	0.0917	
0.0906	0.0918	0.0902	0.0885	0.0884	0.0887	0.0893	0.0876	0.0891	0.0912	0.0886	0.0889	0.0883	0.0890	0.0894	0.0895	0.0889	0.0901	0.0950	0.0884	0.0878	0.0889	0.0884	0.0899	0.0897	0.0892	0.0891	0.0886	0.0886	0.0884	0.0894	0.0888	0.0894	0.0906	0.0932	0.0910	0.0895	0.0909	0.0893	0.0911	0.0895	0.0913	0.0912	0.0916	0.0903	0.0925	0.0915	0.0908	0.0895	0.0918	0.0907	0.0913	0.0902	0.0976	0.0919	0.0905	0.0911	0.0889	0.0923	0.0913	0.0920	0.0906	0.0908	0.0920	
0.0901	0.0906	0.0887	0.0889	0.0874	0.0888	0.0889	0.0884	0.0891	0.0912	0.0885	0.0893	0.0876	0.0887	0.0908	0.0898	0.0893	0.0899	0.0943	0.0961	0.0881	0.0883	0.0887	0.0894	0.0890	0.0882	0.0896	0.0886	0.0886	0.0881	0.0901	0.0898	0.0906	0.0913	0.0920	0.0924	0.0901	0.0915	0.0905	0.0938	0.0900	0.0918	0.0908	0.0916	0.0906	0.0927	0.0926	0.0921	0.0904	0.0917	0.0912	0.0916	0.0910	0.0911	0.0920	0.0919	0.0905	0.0907	0.0922	0.0917	0.0923	0.0910	0.0910	0.0938	
0.0902	0.0913	0.0884	0.0886	0.0894	0.0906	0.0906	0.0905	0.0894	0.0909	0.0875	0.0888	0.0892	0.0908	0.0908	0.0905	0.0889	0.0898	0.0948	0.0886	0.0899	0.0912	0.0910	0.0918	0.0888	0.0888	0.0895	0.0878	0.0895	0.0901	0.0916	0.0915	0.0913	0.0918	0.0934	0.0924	0.0913	0.0922	0.0903	0.0931	0.0909	0.0918	0.0913	0.0922	0.0916	0.0931	0.0928	0.0919	0.0912	0.0924	0.0922	0.0924	0.0911	0.0919	0.0920	0.0925	0.0915	0.0910	0.0937	0.0922	0.0929	0.0921	0.0914	0.0931	
0.0906	0.0905	0.0889	0.0899	0.0883	0.0891	0.0896	0.0884	0.0893	0.0914	0.0883	0.0889	0.0877	0.0893	0.0889	0.0891	0.0896	0.0900	0.0954	0.0887	0.0884	0.0910	0.0886	0.0906	0.0891	0.0897	0.0889	0.0881	0.0882	0.0885	0.0906	0.0896	0.0909	0.0909	0.0928	0.0920	0.0903	0.0918	0.0916	0.0926	0.0906	0.0921	0.0909	0.0918	0.0920	0.0927	0.0927	0.0920	0.0900	0.0921	0.0913	0.0923	0.0910	0.0922	0.0919	0.0922	0.0911	0.0901	0.0928	0.0920	0.0928	0.0915	0.0915	0.0923	
0.0908	0.0909	0.0902	0.0895	0.0877	0.0887	0.0891	0.0897	0.0892	0.0920	0.0891	0.0903	0.0879	0.0893	0.0906	0.0895	0.0897	0.0902	0.0959	0.0906	0.0881	0.0896	0.0891	0.0906	0.0897	0.0890	0.0904	0.0892	0.0879	0.0886	0.0902	0.0898	0.0952	0.0915	0.0922	0.0921	0.0909	0.0924	0.0910	0.0927	0.0914	0.0926	0.0912	0.1023	0.0922	0.0925	0.0923	0.0928	0.0907	0.0921	0.0909	0.0913	0.0915	0.0919	0.0922	0.0916	0.0912	0.0905	0.0926	0.0919	0.0927	0.0919	0.0910	0.0928	
0.0915	0.0912	0.0887	0.0894	0.0888	0.0897	0.0900	0.0891	0.0896	0.0912	0.0882	0.0890	0.0883	0.0892	0.0901	0.0899	0.0899	0.0907	0.0948	0.0890	0.0881	0.0896	0.0891	0.0899	0.0890	0.0892	0.0896	0.0879	0.0887	0.0884	0.0904	0.0908	0.0908	0.0916	0.0955	0.0924	0.0915	0.0918	0.0906	0.0932	0.0907	0.0916	0.0915	0.0929	0.0925	0.0926	0.0922	0.0933	0.0903	0.0924	0.0915	0.0921	0.0916	0.0922	0.0914	0.0928	0.0911	0.0911	0.0930	0.0926	0.0927	0.0915	0.0915	0.0935	
0.0919	0.0916	0.0897	0.0898	0.0891	0.0908	0.0897	0.0897	0.0903	0.0922	0.0897	0.0896	0.0883	0.0901	0.0910	0.0911	0.0901	0.0912	0.0960	0.0905	0.0892	0.0904	0.0897	0.0906	0.0897	0.0894	0.0900	0.0891	0.0885	0.0888	0.0912	0.0896	0.0914	0.0922	0.0921	0.0922	0.0905	0.0924	0.0905	0.0934	0.0905	0.0915	0.0914	0.0919	0.0916	0.0924	0.0926	0.0920	0.0905	0.0926	0.0920	0.0920	0.0920	0.0916	0.0920	0.0922	0.0911	0.0910	0.0931	0.0917	0.0921	0.0922	0.0912	0.0926	
0.0918	0.0910	0.0892	0.0892	0.0885	0.0903	0.0905	0.0884	0.0894	0.0917	0.0885	0.0893	0.0880	0.0889	0.0907	0.0900	0.0900	0.0901	0.0948	0.0890	0.0893	0.0888	0.0898	0.0899	0.0894	0.0887	0.0894	0.0882	0.0887	0.0881	0.0905	0.0887	0.0903	0.0915	0.0910	0.0911	0.0903	0.0917	0.0911	0.0931	0.0900	0.0922	0.0911	0.0917	0.0908	0.0927	0.0919	0.0920	0.0898	0.0929	0.0914	0.0912	0.0913	0.0909	0.0914	0.0921	0.0909	0.0901	0.0924	0.0918	0.0916	0.0910	0.0916	0.0931	
0.0919	0.0922	0.0892	0.0895	0.0892	0.0903	0.0903	0.0894	0.0899	0.0915	0.0886	0.0896	0.0886	0.0897	0.0913	0.0899	0.0904	0.0910	0.0961	0.0893	0.0892	0.0901	0.0914	0.0908	0.0902	0.0895	0.0898	0.0886	0.0924	0.0889	0.0906	0.0898	0.0915	0.0913	0.0920	0.0920	0.0908	0.0924	0.0911	0.0938	0.0908	0.0912	0.0913	0.0914	0.0915	0.0932	0.0928	0.0926	0.0902	0.0920	0.0910	0.0921	0.0914	0.0928	0.0924	0.0923	0.0908	0.0901	0.0925	0.0923	0.0920	0.0916	0.0917	0.0922	
0.0925	0.0923	0.0910	0.0908	0.0893	0.0910	0.0905	0.0895	0.0900	0.0932	0.0896	0.0900	0.0894	0.0898	0.0908	0.0911	0.0911	0.0906	0.0958	0.0895	0.0894	0.0897	0.0898	0.0912	0.0905	0.0903	0.0900	0.0882	0.0884	0.0886	0.0909	0.0898	0.0907	0.0931	0.0918	0.0931	0.0909	0.0926	0.0922	0.0941	0.0912	0.0919	0.0919	0.0930	0.0921	0.0927	0.0927	0.0928	0.0908	0.0923	0.0912	0.0924	0.0921	0.0917	0.0920	0.0928	0.0918	0.0911	0.0927	0.0922	0.0918	0.0922	0.0909	0.0929	
0.0923	0.0920	0.0900	0.0904	0.0890	0.0901	0.0911	0.0899	0.0895	0.0915	0.0887	0.0899	0.0887	0.0894	0.0901	0.0909	0.0907	0.0912	0.0954	0.0892	0.0888	0.0897	0.0898	0.0903	0.0900	0.0899	0.0898	0.0888	0.0891	0.0890	0.0912	0.0891	0.0921	0.0936	0.0937	0.0934	0.0919	0.0929	0.0925	0.0939	0.0913	0.0921	0.0928	0.0933	0.0925	0.0941	0.0936	0.0936	0.0914	0.0935	0.0927	0.0930	0.0925	0.0921	0.0925	0.0936	0.0924	0.0910	0.0937	0.0923	0.0930	0.0933	0.0930	0.0938	
0.0930	0.0928	0.0903	0.0903	0.0896	0.0895	0.0897	0.0908	0.0906	0.0928	0.0890	0.0909	0.0885	0.0905	0.0908	0.0908	0.0905	0.0910	0.0961	0.0890	0.0897	0.0905	0.0903	0.0913	0.0902	0.0901	0.0909	0.0898	0.0886	0.0889	0.0917	0.0900	0.0923	0.0926	0.0990	0.0946	0.0914	0.0932	0.0921	0.0941	0.0923	0.0935	0.0925	0.0930	0.0924	0.0941	0.0930	0.0940	0.0912	0.0936	0.0923	0.0927	0.0929	0.0921	0.0921	0.0934	0.0920	0.0911	0.0939	0.0929	0.0937	0.0938	0.0937	0.0939	
0.0928	0.0922	0.0908	0.0904	0.0897	0.0908	0.0906	0.0894	0.0908	0.0926	0.0886	0.0905	0.0881	0.0909	0.0910	0.0897	0.0912	0.0913	0.0962	0.0895	0.0895	0.0895	0.0907	0.0902	0.0899	0.0895	0.0910	0.0897	0.0956	0.0884	0.0920	0.0884	0.0923	0.0924	0.0932	0.0930	0.0916	0.0936	0.0921	0.0942	0.0911	0.0920	0.0922	0.0923	0.0922	0.0932	0.0929	0.0930	0.0912	0.0930	0.0922	0.0922	0.0932	0.0927	0.0929	0.0925	0.0925	0.0913	0.0926	0.0923	0.0924	0.0930	0.0933	0.0945	
0.0936	0.0930	0.0918	0.0921	0.0899	0.0901	0.0910	0.0902	0.0908	0.0932	0.0893	0.0910	0.0892	0.0906	0.0917	0.0913	0.0920	0.0914	0.0972	0.0912	0.0894	0.0901	0.0900	0.0907	0.0913	0.0909	0.0913	0.0887	0.0882	0.0889	0.0908	0.0898	0.0922	0.0920	0.0934	0.0930	0.0912	0.0927	0.0918	0.0935	0.0911	0.0918	0.0923	0.0921	0.0922	0.0936	0.0923	0.0934	0.0913	0.0927	0.0917	0.0935	0.0924	0.0916	0.0923	0.0935	0.0916	0.0910	0.0929	0.0918	0.0930	0.0921	0.0921	0.0938	
0.0941	0.0933	0.0922	0.0913	0.0889	0.0906	0.0910	0.0897	0.0913	0.0935	0.0896	0.0911	0.0890	0.0899	0.0905	0.0918	0.0910	0.0921	0.0964	0.0902	0.0902	0.0905	0.0899	0.0913	0.0911	0.0912	0.0905	0.0893	0.0970	0.0881	0.0911	0.0896	0.0900	0.0897	0.0944	0.0910	0.0887	0.0896	0.0892	0.0905	0.0886	0.0908	0.0893	0.0897	0.0896	0.0918	0.0909	0.0901	0.0873	0.0913	0.0889	0.0899	0.0897	0.0904	0.0907	0.0899	0.0886	0.0894	0.0907	0.0898	0.0895	0.0900	0.0894	0.0901	
0.0958	0.0954	0.0918	0.0921	0.0909	0.0908	0.0907	0.0910	0.0924	0.0942	0.0906	0.0910	0.0894	0.0908	0.0923	0.0907	0.0920	0.0925	0.0966	0.0903	0.0905	0.0899	0.0903	0.0912	0.0916	0.0915	0.0910	0.0896	0.0892	0.0894	0.0914	0.0903	0.0924	0.0932	0.0930	0.0932	0.0913	0.0930	0.0926	0.0938	0.0917	0.0926	0.0932	0.0919	0.0921	0.0933	0.0931	0.0936	0.0909	0.0934	0.0933	0.0933	0.0912	0.0928	0.0929	0.0925	0.0917	0.0920	0.0929	0.0929	0.0929	0.0914	0.0927	0.0941	
0.0960	0.0953	0.0935	0.0932	0.0905	0.0913	0.0902	0.0905	0.0922	0.0940	0.0911	0.0914	0.0902	0.0920	0.0912	0.0909	0.0919	0.0924	0.0968	0.0904	0.0903	0.0897	0.0897	0.0903	0.0915	0.0908	0.0914	0.0900	0.0894	0.0903	0.0909	0.0893	0.0927	0.0928	0.0929	0.0945	0.0913	0.0935	0.0918	0.0939	0.0921	0.0930	0.0928	0.0931	0.0933	0.0938	0.0929	0.0937	0.0920	0.0937	0.0927	0.0939	0.0937	0.0923	0.0919	0.0928	0.0924	0.0929	0.0935	0.0931	0.0918	0.0934	0.0929	0.0940	
0.0972	0.0964	0.0934	0.0946	0.0910	0.0912	0.0905	0.0909	0.0929	0.0944	0.0911	0.0920	0.0898	0.0913	0.0922	0.0915	0.0928	0.0934	0.0974	0.0925	0.0902	0.0907	0.0909	0.0915	0.0925	0.0918	0.0913	0.0910	0.0921	0.0902	0.0910	0.0905	0.0929	0.0927	0.0933	0.0936	0.0915	0.0923	0.0927	0.0934	0.0924	0.0930	0.0928	0.0933	0.0934	0.0929	0.0923	0.0941	0.0929	0.0921	0.0936	0.0931	0.0926	0.0924	0.0927	0.0928	0.0932	0.0914	0.0940	0.0933	0.0939	0.0927	0.0917	0.0938	
0.0974	0.0971	0.0940	0.0942	0.0908	0.0918	0.0917	0.0905	0.0928	0.0956	0.0920	0.0933	0.0903	0.0917	0.0923	0.0918	0.0928	0.0933	0.0988	0.0908	0.0903	0.0911	0.0905	0.0920	0.0917	0.0920	0.0921	0.0906	0.0899	0.0899	0.0927	0.0903	0.0932	0.0938	0.0956	0.0948	0.0926	0.0939	0.0913	0.0944	0.0918	0.0930	0.0934	0.0939	0.0943	0.0931	0.0935	0.0940	0.0926	0.0939	0.0925	0.0938	0.0935	0.0934	0.0935	0.0943	0.0926	0.0914	0.0934	0.0937	0.0934	0.0939	0.0944	0.0952	
0.0975	0.0986	0.0952	0.0940	0.0908	0.0920	0.0905	0.0921	0.0932	0.0962	0.0918	0.0929	0.0908	0.0919	0.0921	0.0916	0.0929	0.0938	0.0983	0.0912	0.0910	0.0904	0.0918	0.0908	0.0918	0.0928	0.0926	0.0901	0.0902	0.0900	0.0907	0.0894	0.0942	0.0933	0.0953	0.0942	0.0921	0.0938	0.0925	0.0939	0.0932	0.0942	0.0940	0.0950	0.0931	0.0942	0.0942	0.0943	0.0930	0.0956	0.0926	0.0943	0.0928	0.0941	0.0939	0.0938	0.0929	0.0928	0.0951	0.0941	0.0945	0.0934	0.0934	0.0944	
0.0998	0.0993	0.0962	0.0956	0.0919	0.0924	0.0908	0.0907	0.0949	0.0966	0.0923	0.0932	0.0915	0.0919	0.0933	0.0918	0.0937	0.0948	0.0984	0.0921	0.0909	0.0920	0.0906	0.0922	0.0923	0.0932	0.0927	0.0901	0.0898	0.0903	0.0934	0.0905	0.0936	0.0951	0.0952	0.0942	0.0936	0.0951	0.0930	0.0947	0.0930	0.0949	0.0935	0.0945	0.0935	0.0946	0.0937	0.0937	0.0928	0.0947	0.0931	0.0938	0.0939	0.0932	0.0931	0.0949	0.0933	0.0929	0.0948	0.0939	0.0940	0.0939	0.0941	0.0943	
0.1006	0.0992	0.0977	0.0972	0.0910	0.0910	0.0906	0.0899	0.0950	0.0968	0.0937	0.0951	0.0917	0.0916	0.0908	0.0917	0.0942	0.0944	0.1003	0.0935	0.0899	0.0907	0.0908	0.0906	0.0926	0.0920	0.0937	0.0919	0.0905	0.0904	0.0911	0.0899	0.0942	0.0946	0.0936	0.0952	0.0930	0.0938	0.0933	0.0944	0.0925	0.0935	0.0932	0.0944	0.0940	0.0939	0.0930	0.0930	0.0929	0.0938	0.0937	0.0936	0.0940	0.0932	0.0932	0.0940	0.0932	0.0926	0.0943	0.0932	0.0930	0.0933	0.0938	0.0934	
0.1026	0.1012	0.0973	0.0980	0.0926	0.0914	0.0905	0.0893	0.0948	0.0974	0.0938	0.0948	0.0921	0.0924	0.0915	0.0920	0.0938	0.0957	0.0991	0.0933	0.0919	0.0927	0.0911	0.0908	0.0934	0.0926	0.0928	0.0921	0.0905	0.0903	0.0916	0.0900	0.0952	0.0947	0.0940	0.0954	0.0931	0.0948	0.0929	0.0956	0.0929	0.0945	0.0939	0.0946	0.0945	0.0947	0.0942	0.0950	0.0931	0.0952	0.0938	0.0937	0.0938	0.0934	0.0939	0.0942	0.0941	0.0929	0.0953	0.0942	0.0942	0.0934	0.0942	0.0952	
0.1045	0.1036	0.1005	0.0987	0.0923	0.0928	0.0913	0.0907	0.0966	0.0983	0.0946	0.0947	0.0921	0.0924	0.0917	0.0923	0.0948	0.0959	0.0998	0.0939	0.0920	0.0924	0.0905	0.0914	0.0938	0.0938	0.0932	0.0920	0.0912	0.0912	0.0918	0.0910	0.0944	0.0956	0.0954	0.0954	0.0935	0.0946	0.0925	0.0954	0.0936	0.0947	0.0938	0.0950	0.0939	0.0936	0.0942	0.0945	0.0937	0.0953	0.0948	0.0948	0.0932	0.0933	0.0925	0.0940	0.0937	0.0924	0.0954	0.0943	0.0955	0.0930	0.0931	0.0947	
0.1062	0.1055	0.1020	0.1000	0.0931	0.0931	0.0908	0.0910	0.0973	0.0998	0.0950	0.0975	0.0937	0.0932	0.0925	0.0930	0.0957	0.0969	0.1011	0.0939	0.0927	0.0920	0.0911	0.0920	0.0949	0.0948	0.0945	0.0928	0.0917	0.0908	0.0915	0.0906	0.0954	0.0958	0.0950	0.0978	0.0932	0.0950	0.0936	0.0949	0.0941	0.0956	0.0949	0.0953	0.0946	0.0946	0.0944	0.0946	0.0933	0.0957	0.0949	0.0957	0.0944	0.0934	0.0936	0.0943	0.0952	0.0937	0.0956	0.0947	0.0954	0.0934	0.0931	0.0949	
0.1083	0.1072	0.1038	0.1022	0.0936	0.0926	0.0915	0.0907	0.0986	0.1000	0.0959	0.0965	0.0944	0.0933	0.0926	0.0925	0.0970	0.0977	0.1013	0.0949	0.0933	0.0921	0.0915	0.0920	0.0958	0.0951	0.0954	0.0931	0.0997	0.0909	0.0928	0.0914	0.0955	0.0957	0.0963	0.0964	0.0944	0.0958	0.0933	0.0954	0.0937	0.0959	0.0955	0.0950	0.0959	0.0956	0.0941	0.0945	0.0943	0.0965	0.0939	0.0959	0.0952	0.0935	0.0934	0.0935	0.0948	0.0938	0.0953	0.0952	0.0952	0.0935	0.0948	0.0940	
0.1104	0.1082	0.1039	0.1026	0.0939	0.0917	0.0898	0.0897	0.0985	0.1005	0.0954	0.0974	0.0925	0.0926	0.0914	0.0908	0.0960	0.0982	0.1011	0.0936	0.0924	0.0926	0.0915	0.0911	0.0951	0.0948	0.0945	0.0927	0.0912	0.0913	0.0902	0.0903	0.0958	0.0956	0.0957	0.0965	0.0948	0.0942	0.0935	0.0944	0.0941	0.0950	0.0946	0.0958	0.0947	0.0940	0.0941	0.0955	0.0938	0.0962	0.0950	0.0953	0.0952	0.0939	0.0933	0.0947	0.0936	0.0937	0.0961	0.0947	0.0944	0.0938	0.0930	0.0942	
0.1152	0.1141	0.1081	0.1059	0.0948	0.0933	0.0917	0.0905	0.1006	0.1037	0.0981	0.0988	0.0952	0.0950	0.0921	0.0937	0.0977	0.0997	0.1031	0.0963	0.0938	0.0935	0.0915	0.0929	0.0976	0.0966	0.0973	0.0936	0.0920	0.0914	0.0924	0.0918	0.0947	0.0955	0.0949	0.0960	0.0932	0.0945	0.0931	0.0945	0.0934	0.0942	0.0946	0.0946	0.0949	0.0938	0.0928	0.0932	0.0933	0.0949	0.0938	0.0949	0.0943	0.0936	0.0943	0.0940	0.0933	0.0926	0.0945	0.0931	0.0927	0.0939	0.0926	0.0931	
0.1190	0.1164	0.1120	0.1070	0.0950	0.0941	0.0915	0.0912	0.1018	0.1040	0.0987	0.0999	0.0960	0.0945	0.0935	0.0924	0.0988	0.1002	0.1036	0.0980	0.0947	0.0928	0.0923	0.0922	0.0982	0.0967	0.0963	0.0946	0.0935	0.0920	0.0938	0.0909	0.0958	0.0958	0.0962	0.0967	0.0945	0.0954	0.0933	0.0935	0.0942	0.0951	0.0955	0.0956	0.0949	0.0952	0.0946	0.0950	0.0949	0.0962	0.0957	0.0957	0.0952	0.0935	0.0933	0.0932	0.0942	0.0934	0.0957	0.0959	0.0954	0.0941	0.0935	0.0916	
0.1201	0.1206	0.1134	0.1099	0.0954	0.0935	0.0911	0.0916	0.1027	0.1051	0.1004	0.1009	0.0955	0.0957	0.0930	0.0929	0.0991	0.1007	0.1040	0.1021	0.0953	0.0937	0.0921	0.0921	0.0977	0.0971	0.0975	0.0950	0.0935	0.0911	0.0927	0.0912	0.0960	0.0955	0.0956	0.0964	0.0939	0.0949	0.0927	0.0950	0.0956	0.0955	0.0954	0.0950	0.0954	0.0954	0.0944	0.0932	0.0949	0.0963	0.0946	0.0947	0.0949	0.0932	0.0927	0.0933	0.0954	0.0942	0.0953	0.0940	0.0933	0.0940	0.0933	0.0933	
0.1258	0.1246	0.1176	0.1133	0.0968	0.0945	0.0923	0.0906	0.1044	0.1075	0.1014	0.1017	0.0973	0.0965	0.0928	0.0929	0.1002	0.1019	0.1047	0.0991	0.0955	0.0944	0.0926	0.0926	0.0987	0.0983	0.0983	0.0952	0.0927	0.0930	0.0931	0.0916	0.0966	0.0971	0.0970	0.0983	0.0955	0.0964	0.0948	0.0959	0.0961	0.0961	0.0961	0.0975	0.0956	0.0960	0.0951	0.0954	0.0948	0.0966	0.0965	0.0954	0.0960	0.0951	0.0944	0.0950	0.0957	0.0943	0.0970	0.0961	0.0961	0.0950	0.0938	0.0950	
0.1298	0.1293	0.1203	0.1148	0.0977	0.0937	0.0915	0.0907	0.1055	0.1079	0.1024	0.1025	0.0980	0.0964	0.0929	0.0925	0.1016	0.1019	0.1060	0.0987	0.0967	0.0947	0.0914	0.0920	0.1001	0.0992	0.0978	0.0953	0.0966	0.0921	0.0934	0.0902	0.0978	0.0976	0.0976	0.0989	0.0968	0.0967	0.0946	0.0964	0.0968	0.0973	0.0975	0.0980	0.0971	0.0978	0.0958	0.0959	0.0959	0.0980	0.0967	0.0974	0.0969	0.0962	0.0950	0.0942	0.0955	0.0955	0.0971	0.0965	0.0966	0.0959	0.0953	0.0957	
0.1346	0.1340	0.1246	0.1192	0.0977	0.0957	0.0912	0.0912	0.1081	0.1099	0.1036	0.1043	0.0979	0.0970	0.0942	0.0937	0.1023	0.1039	0.1074	0.1001	0.0966	0.0951	0.0923	0.0924	0.0997	0.0997	0.0992	0.0964	0.0939	0.0915	0.0933	0.0910	0.0981	0.0982	0.0986	0.0988	0.0963	0.0973	0.0942	0.0960	0.0968	0.0978	0.0974	0.0978	0.0975	0.0961	0.0955	0.0951	0.0962	0.0978	0.0969	0.0967	0.0967	0.0961	0.0952	0.0948	0.0959	0.0951	0.0967	0.0959	0.0964	0.0950	0.0944	0.0954	
0.1387	0.1401	0.1308	0.1227	0.0982	0.0961	0.0919	0.0923	0.1103	0.1114	0.1070	0.1062	0.0992	0.0994	0.0939	0.0930	0.1027	0.1043	0.1074	0.1009	0.0972	0.0942	0.0929	0.0934	0.1017	0.1009	0.0994	0.0983	0.0953	0.0938	0.0933	0.0915	0.0984	0.0987	0.0986	0.1004	0.0972	0.0970	0.0960	0.0969	0.0975	0.0979	0.0978	0.0983	0.0988	0.0970	0.0961	0.0958	0.0974	0.0987	0.0973	0.0984	0.0972	0.0957	0.0978	0.0947	0.0964	0.0956	0.0981	0.0978	0.0974	0.0960	0.0947	0.0950	
0.1495	0.1488	0.1365	0.1279	0.0997	0.0960	0.0922	0.0921	0.1121	0.1147	0.1074	0.1088	0.1005	0.1002	0.0946	0.0946	0.1046	0.1070	0.1100	0.1011	0.0992	0.0963	0.0941	0.0937	0.1019	0.1018	0.1012	0.0984	0.0961	0.0940	0.0947	0.0921	0.1000	0.1001	0.0996	0.1005	0.0967	0.0974	0.0957	0.0965	0.0982	0.0976	0.0984	0.0989	0.0982	0.0970	0.0961	0.0947	0.0971	0.0997	0.0975	0.0982	0.0968	0.0962	0.0978	0.0952	0.0969	0.0961	0.0984	0.0968	0.0981	0.0951	0.0949	0.0950	
0.1547	0.1543	0.1418	0.1327	0.1009	0.0966	0.0915	0.0930	0.1146	0.1176	0.1093	0.1099	0.1018	0.1003	0.0942	0.0943	0.1063	0.1078	0.1108	0.1034	0.0991	0.0960	0.0937	0.0936	0.1035	0.1024	0.1013	0.0993	0.0965	0.0944	0.0949	0.0919	0.1004	0.1009	0.1056	0.1004	0.0976	0.0983	0.0958	0.0978	0.0993	0.0997	0.0996	0.0988	0.0982	0.0991	0.0961	0.0964	0.0978	0.0995	0.0981	0.0980	0.0979	0.0969	0.0949	0.0960	0.0969	0.0977	0.0988	0.0975	0.0975	0.0954	0.0961	0.0956	
0.1636	0.1647	0.1506	0.1389	0.1020	0.0965	0.0928	0.0923	0.1171	0.1202	0.1115	0.1126	0.1035	0.1002	0.0937	0.0937	0.1079	0.1104	0.1125	0.1051	0.1003	0.0953	0.0937	0.0930	0.1048	0.1029	0.1028	0.1001	0.0977	0.0932	0.0941	0.0922	0.1010	0.1004	0.1011	0.1012	0.0984	0.0981	0.0960	0.0969	0.0989	0.0993	0.0993	0.0996	0.0986	0.0979	0.0966	0.0959	0.0980	0.0997	0.0983	0.0981	0.0983	0.0964	0.0951	0.0959	0.0975	0.0973	0.0990	0.0977	0.0979	0.0953	0.0952	0.0957	
0.1732	0.1727	0.1583	0.1433	0.1039	0.0968	0.0922	0.0918	0.1201	0.1222	0.1150	0.1133	0.1052	0.1010	0.0945	0.0940	0.1098	0.1120	0.1142	0.1053	0.1017	0.0968	0.0930	0.0953	0.1053	0.1037	0.1035	0.1019	0.0996	0.0940	0.0942	0.0919	0.1023	0.1016	0.1024	0.1030	0.0991	0.0990	0.0956	0.0986	0.1002	0.1004	0.1002	0.1000	0.0993	0.0981	0.0968	0.0954	0.0982	0.1009	0.0993	0.0995	0.0994	0.0965	0.0959	0.0957	0.0984	0.0974	0.0997	0.0982	0.0983	0.0960	0.0952	0.0958	
0.1795	0.1841	0.1675	0.1519	0.1049	0.0977	0.0932	0.0917	0.1235	0.1267	0.1189	0.1157	0.1077	0.1047	0.0965	0.0957	0.1106	0.1135	0.1159	0.1083	0.1017	0.0980	0.0949	0.0942	0.1075	0.1065	0.1057	0.1023	0.0989	0.0945	0.0946	0.0914	0.1040	0.1029	0.1042	0.1046	0.1002	0.1000	0.0968	0.0990	0.1013	0.1014	0.1015	0.1013	0.1009	0.0995	0.0973	0.0966	0.1002	0.1022	0.0998	0.1006	0.0989	0.0991	0.0971	0.0959	0.1002	0.0983	0.1003	0.0987	0.1005	0.0981	0.0962	0.0961	
0.1947	0.2004	0.1767	0.1605	0.1076	0.0979	0.0917	0.0924	0.1274	0.1292	0.1199	0.1185	0.1096	0.1046	0.0956	0.0944	0.1129	0.1156	0.1180	0.1091	0.1032	0.0984	0.0957	0.0951	0.1080	0.1069	0.1055	0.1032	0.0994	0.0951	0.0960	0.0933	0.1040	0.1026	0.1032	0.1054	0.1014	0.1019	0.0976	0.0991	0.1010	0.1022	0.1024	0.1028	0.1009	0.1000	0.0982	0.0975	0.0991	0.1018	0.1002	0.1018	0.1000	0.0993	0.0964	0.0963	0.0991	0.0987	0.1007	0.0999	0.0999	0.0987	0.0965	0.0965	
0.2057	0.2122	0.1870	0.1677	0.1107	0.0993	0.0925	0.0923	0.1310	0.1338	0.1235	0.1233	0.1120	0.1070	0.0951	0.0958	0.1152	0.1182	0.1192	0.1104	0.1059	0.0982	0.0950	0.0940	0.1101	0.1089	0.1069	0.1055	0.1013	0.0953	0.0956	0.0926	0.1033	0.1015	0.1033	0.1037	0.0997	0.0982	0.0947	0.0967	0.0996	0.1003	0.1001	0.1005	0.0994	0.0975	0.0953	0.0945	0.0986	0.1007	0.0997	0.0986	0.0982	0.0958	0.0935	0.0948	0.0978	0.0980	0.0993	0.0980	0.0968	0.0953	0.0939	0.0939	
0.2205	0.2316	0.2041	0.1824	0.1119	0.0995	0.0930	0.0929	0.1363	0.1387	0.1282	0.1282	0.1133	0.1081	0.0952	0.0963	0.1183	0.1209	0.1238	0.1135	0.1080	0.0994	0.0946	0.0939	0.1131	0.1110	0.1102	0.1066	0.1022	0.0955	0.0966	0.0914	0.1065	0.1053	0.1048	0.1070	0.1021	0.1032	0.0977	0.1002	0.1031	0.1042	0.1033	0.1041	0.1015	0.1003	0.0980	0.0973	0.1017	0.1038	0.1026	0.1024	0.1017	0.1010	0.0968	0.0969	0.1006	0.1007	0.1020	0.1015	0.0998	0.0984	0.0964	0.0970	
0.2386	0.2509	0.2199	0.1944	0.1135	0.1005	0.0929	0.0923	0.1413	0.1445	0.1326	0.1289	0.1171	0.1090	0.0957	0.0964	0.1209	0.1239	0.1244	0.1166	0.1086	0.1008	0.0950	0.0951	0.1140	0.1120	0.1114	0.1081	0.1022	0.0967	0.0954	0.0915	0.1077	0.1041	0.1073	0.1080	0.1029	0.1028	0.0979	0.0995	0.1040	0.1042	0.1027	0.1046	0.1023	0.1010	0.0979	0.0976	0.1012	0.1032	0.1029	0.1022	0.1014	0.0986	0.0967	0.0963	0.1005	0.1001	0.1019	0.1011	0.1006	0.0980	0.0965	0.0969	
0.2585	0.2710	0.2328	0.2051	0.1174	0.1017	0.0943	0.0930	0.1476	0.1497	0.1375	0.1346	0.1200	0.1116	0.0977	0.0967	0.1234	0.1269	0.1282	0.1202	0.1098	0.1007	0.0966	0.0954	0.1171	0.1146	0.1142	0.1111	0.1038	0.0974	0.0981	0.0928	0.1081	0.1068	0.1081	0.1092	0.1040	0.1023	0.0988	0.0997	0.1034	0.1048	0.1046	0.1056	0.1029	0.1009	0.0975	0.0973	0.1027	0.1056	0.1037	0.1036	0.1021	0.0985	0.0972	0.0967	0.1016	0.1004	0.1030	0.1011	0.1010	0.0982	0.0965	0.0963	
0.2800	0.2952	0.2508	0.2184	0.1186	0.1012	0.0926	0.0913	0.1534	0.1569	0.1426	0.1385	0.1204	0.1135	0.0960	0.0964	0.1273	0.1305	0.1300	0.1203	0.1117	0.1009	0.0962	0.0947	0.1185	0.1150	0.1161	0.1114	0.1055	0.0974	0.0961	0.0919	0.1090	0.1080	0.1080	0.1101	0.1053	0.1046	0.0992	0.1007	0.1049	0.1060	0.1054	0.1051	0.1040	0.1020	0.0997	0.0974	0.1022	0.1059	0.1033	0.1023	0.1025	0.0999	0.0971	0.0973	0.1030	0.1013	0.1036	0.1014	0.1014	0.0991	0.0972	0.0971	
0.3008	0.3208	0.2727	0.2376	0.1231	0.1047	0.0956	0.0947	0.1565	0.1634	0.1510	0.1492	0.1268	0.1169	0.0971	0.0984	0.1301	0.1341	0.1344	0.1247	0.1160	0.1053	0.0988	0.0972	0.1194	0.1175	0.1190	0.1143	0.1089	0.0992	0.0983	0.0932	0.1123	0.1105	0.1102	0.1118	0.1072	0.1059	0.1007	0.1007	0.1076	0.1081	0.1073	0.1083	0.1053	0.1034	0.1005	0.0993	0.1042	0.1072	0.1063	0.1049	0.1043	0.1012	0.0982	0.0975	0.1042	0.1030	0.1051	0.1037	0.1033	0.0995	0.0972	0.0979	
0.3186	0.3389	0.2850	0.2502	0.1239	0.1034	0.0943	0.0919	0.1633	0.1656	0.1543	0.1492	0.1275	0.1173	0.0961	0.0962	0.1324	0.1375	0.1356	0.1280	0.1154	0.1022	0.0959	0.0951	0.1216	0.1202	0.1193	0.1133	0.1084	0.0970	0.0955	0.0924	0.1138	0.1104	0.1131	0.1143	0.1083	0.1065	0.1011	0.1016	0.1081	0.1091	0.1081	0.1084	0.1078	0.1041	0.0998	0.0986	0.1055	0.1083	0.1056	0.1058	0.1053	0.1023	0.0981	0.0976	0.1037	0.1034	0.1050	0.1039	0.1045	0.0995	0.0971	0.0965	
0.3595	0.3737	0.3190	0.2743	0.1285	0.1054	0.0945	0.0925	0.1756	0.1768	0.1632	0.1570	0.1328	0.1208	0.0976	0.0973	0.1374	0.1422	0.1433	0.1306	0.1194	0.1056	0.0970	0.0968	0.1264	0.1228	0.1226	0.1169	0.1092	0.0997	0.0979	0.0937	0.1144	0.1115	0.1140	0.1146	0.1091	0.1069	0.1008	0.1012	0.1096	0.1100	0.1085	0.1109	0.1073	0.1044	0.1004	0.0982	0.1071	0.1088	0.1076	0.1073	0.1040	0.1020	0.0980	0.0975	0.1051	0.1034	0.1054	0.1042	0.1044	0.1002	0.0984	0.0966	
0.3891	0.4045	0.3417	0.2963	0.1343	0.1069	0.0943	0.0935	0.1815	0.1865	0.1694	0.1636	0.1373	0.1228	0.0972	0.0976	0.1410	0.1468	0.1462	0.1365	0.1206	0.1065	0.0976	0.0966	0.1297	0.1250	0.1256	0.1203	0.1111	0.0993	0.0984	0.0928	0.1162	0.1136	0.1152	0.1185	0.1118	0.1082	0.1024	0.1030	0.1110	0.1122	0.1109	0.1115	0.1096	0.1062	0.1012	0.1000	0.1096	0.1104	0.1089	0.1096	0.1064	0.1033	0.0990	0.0985	0.1067	0.1049	0.1071	0.1055	0.1054	0.1012	0.0984	0.0988	
0.4225	0.4330	0.3739	0.3221	0.1410	0.1080	0.0947	0.0939	0.1918	0.1953	0.1799	0.1704	0.1435	0.1269	0.0979	0.0978	0.1468	0.1515	0.1497	0.1375	0.1245	0.1066	0.0990	0.0977	0.1315	0.1292	0.1300	0.1232	0.1135	0.1013	0.0990	0.0927	0.1184	0.1157	0.1173	0.1192	0.1131	0.1102	0.1050	0.1028	0.1121	0.1134	0.1117	0.1134	0.1097	0.1066	0.1018	0.0989	0.1097	0.1126	0.1097	0.1104	0.1077	0.1026	0.0998	0.0986	0.1062	0.1056	0.1081	0.1067	0.1062	0.1016	0.0994	0.0982	
0.4502	0.4625	0.3938	0.3403	0.1437	0.1084	0.0942	0.0936	0.1974	0.2028	0.1834	0.1763	0.1502	0.1282	0.0979	0.0981	0.1505	0.1561	0.1517	0.1432	0.1268	0.1092	0.0987	0.0975	0.1349	0.1312	0.1294	0.1245	0.1161	0.1006	0.0995	0.0931	0.1220	0.1184	0.1220	0.1226	0.1144	0.1113	0.1044	0.1044	0.1133	0.1157	0.1144	0.1149	0.1121	0.1073	0.1041	0.1016	0.1105	0.1126	0.1118	0.1111	0.1089	0.1048	0.1003	0.0991	0.1081	0.1076	0.1092	0.1080	0.1076	0.1026	0.0994	0.0986	
0.4831	0.4932	0.4297	0.3736	0.1518	0.1111	0.0951	0.0939	0.2105	0.2176	0.1964	0.1874	0.1560	0.1337	0.0991	0.0990	0.1592	0.1649	0.1574	0.1470	0.1329	0.1106	0.1006	0.0985	0.1415	0.1345	0.1349	0.1299	0.1170	0.1031	0.1002	0.0946	0.1239	0.1198	0.1241	0.1254	0.1156	0.1120	0.1060	0.1053	0.1172	0.1178	0.1162	0.1177	0.1125	0.1089	0.1038	0.1030	0.1141	0.1156	0.1129	0.1131	0.1103	0.1049	0.1006	0.1000	0.1093	0.1092	0.1112	0.1101	0.1073	0.1030	0.0998	0.1004	
0.5144	0.5187	0.4556	0.3998	0.1559	0.1096	0.0940	0.0930	0.2180	0.2223	0.2052	0.1953	0.1600	0.1357	0.0980	0.0987	0.1595	0.1659	0.1628	0.1518	0.1326	0.1110	0.0997	0.0976	0.1415	0.1379	0.1360	0.1317	0.1190	0.1024	0.0991	0.0929	0.1280	0.1219	0.1254	0.1280	0.1200	0.1139	0.1100	0.1059	0.1176	0.1208	0.1189	0.1191	0.1146	0.1114	0.1049	0.1029	0.1143	0.1178	0.1146	0.1142	0.1113	0.1068	0.1022	0.1007	0.1112	0.1113	0.1125	0.1099	0.1091	0.1039	0.1013	0.0993	
0.5470	0.5567	0.4942	0.4337	0.1643	0.1135	0.0950	0.0934	0.2348	0.2383	0.2198	0.2067	0.1681	0.1425	0.0998	0.0997	0.1730	0.1767	0.1718	0.1592	0.1388	0.1145	0.1015	0.0987	0.1491	0.1441	0.1420	0.1361	0.1292	0.1052	0.1001	0.0943	0.1316	0.1258	0.1321	0.1307	0.1219	0.1176	0.1082	0.1068	0.1223	0.1232	0.1213	0.1217	0.1176	0.1119	0.1054	0.1045	0.1174	0.1195	0.1174	0.1158	0.1129	0.1075	0.1027	0.1015	0.1135	0.1133	0.1147	0.1124	0.1105	0.1041	0.1013	0.1004	
0.5799	0.5882	0.5339	0.4705	0.1749	0.1152	0.0950	0.0941	0.2520	0.2545	0.2340	0.2192	0.1773	0.1509	0.1000	0.1003	0.1808	0.1836	0.1791	0.1655	0.1433	0.1153	0.1016	0.0988	0.1522	0.1470	0.1487	0.1416	0.1249	0.1053	0.1006	0.0932	0.1329	0.1273	0.1320	0.1322	0.1233	0.1198	0.1080	0.1073	0.1232	0.1248	0.1238	0.1219	0.1189	0.1113	0.1067	0.1036	0.1172	0.1209	0.1184	0.1178	0.1148	0.1085	0.1030	0.1009	0.1144	0.1143	0.1157	0.1129	0.1120	0.1041	0.1010	0.1000	
0.6056	0.6130	0.5566	0.4983	0.1849	0.1174	0.0956	0.0961	0.2600	0.2657	0.2488	0.2315	0.1863	0.1540	0.1007	0.1025	0.1851	0.1909	0.1839	0.1720	0.1483	0.1185	0.1026	0.1002	0.1581	0.1512	0.1488	0.1447	0.1284	0.1069	0.1021	0.0944	0.1392	0.1306	0.1370	0.1371	0.1261	0.1199	0.1114	0.1077	0.1242	0.1267	0.1259	0.1234	0.1202	0.1127	0.1067	0.1044	0.1200	0.1227	0.1205	0.1185	0.1154	0.1086	0.1052	0.1017	0.1157	0.1144	0.1174	0.1139	0.1135	0.1056	0.1018	0.1017	
0.6304	0.6386	0.5895	0.5331	0.1962	0.1215	0.0950	0.0950	0.2776	0.2803	0.2629	0.2456	0.1940	0.1604	0.1025	0.1008	0.1943	0.1968	0.1920	0.1797	0.1535	0.1207	0.1028	0.1002	0.1624	0.1569	0.1571	0.1511	0.1317	0.1098	0.1026	0.0951	0.1414	0.1344	0.1395	0.1400	0.1283	0.1215	0.1118	0.1086	0.1274	0.1292	0.1300	0.1276	0.1226	0.1144	0.1070	0.1041	0.1218	0.1246	0.1229	0.1206	0.1178	0.1113	0.1037	0.1019	0.1161	0.1172	0.1174	0.1153	0.1142	0.1059	0.1018	0.1001	
0.6551	0.6567	0.6110	0.5662	0.2073	0.1225	0.0945	0.0940	0.2988	0.2997	0.2790	0.2604	0.2045	0.1651	0.1017	0.1018	0.2067	0.2078	0.1982	0.1859	0.1576	0.1221	0.1034	0.0993	0.1691	0.1639	0.1616	0.1533	0.1369	0.1090	0.1025	0.0949	0.1442	0.1360	0.1432	0.1424	0.1320	0.1242	0.1150	0.1094	0.1307	0.1315	0.1294	0.1305	0.1242	0.1154	0.1099	0.1055	0.1257	0.1260	0.1234	0.1221	0.1181	0.1085	0.1048	0.1021	0.1184	0.1181	0.1195	0.1167	0.1149	0.1046	0.1023	0.1006	
0.6788	0.6846	0.6334	0.5871	0.2203	0.1256	0.0948	0.0948	0.3110	0.3149	0.2895	0.2728	0.2136	0.1722	0.1025	0.1021	0.2093	0.2135	0.2069	0.1910	0.1634	0.1241	0.1041	0.1019	0.1718	0.1674	0.1651	0.1570	0.1368	0.1099	0.1032	0.0949	0.1473	0.1411	0.1485	0.1459	0.1331	0.1254	0.1154	0.1109	0.1343	0.1349	0.1352	0.1335	0.1255	0.1177	0.1102	0.1067	0.1263	0.1300	0.1262	0.1243	0.1215	0.1129	0.1054	0.1028	0.1211	0.1201	0.1227	0.1188	0.1178	0.1083	0.1035	0.1007	
0.7032	0.7084	0.6603	0.6170	0.2314	0.1278	0.0947	0.0938	0.3304	0.3331	0.3104	0.2919	0.2275	0.1795	0.1030	0.1035	0.2226	0.2232	0.2177	0.2022	0.1705	0.1284	0.1052	0.1015	0.1778	0.1740	0.1717	0.1623	0.1411	0.1122	0.1043	0.0946	0.1543	0.1452	0.1536	0.1519	0.1396	0.1291	0.1167	0.1129	0.1377	0.1400	0.1383	0.1389	0.1293	0.1198	0.1104	0.1078	0.1299	0.1330	0.1300	0.1305	0.1238	0.1145	0.1074	0.1060	0.1241	0.1226	0.1260	0.1229	0.1203	0.1091	0.1038	0.1016	
0.7275	0.7210	0.6797	0.6411	0.2517	0.1326	0.0959	0.0953	0.3535	0.3614	0.3330	0.3129	0.2411	0.1889	0.1037	0.1035	0.2365	0.2363	0.2327	0.2152	0.1799	0.1335	0.1066	0.1031	0.1869	0.1823	0.1766	0.1738	0.1476	0.1152	0.1075	0.0965	0.1585	0.1490	0.1553	0.1561	0.1441	0.1331	0.1198	0.1147	0.1422	0.1445	0.1416	0.1397	0.1319	0.1230	0.1131	0.1081	0.1323	0.1359	0.1319	0.1287	0.1270	0.1165	0.1086	0.1046	0.1269	0.1241	0.1274	0.1220	0.1205	0.1096	0.1048	0.1023	
0.7367	0.7433	0.6958	0.6621	0.2713	0.1362	0.0966	0.0962	0.3766	0.3832	0.3577	0.3342	0.2574	0.1991	0.1067	0.1053	0.2469	0.2508	0.2448	0.2256	0.1865	0.1359	0.1083	0.1052	0.1987	0.1898	0.1887	0.1787	0.1520	0.1165	0.1066	0.0962	0.1623	0.1543	0.1632	0.1617	0.1442	0.1361	0.1205	0.1148	0.1445	0.1479	0.1446	0.1445	0.1358	0.1234	0.1139	0.1093	0.1365	0.1400	0.1334	0.1333	0.1295	0.1183	0.1085	0.1041	0.1285	0.1278	0.1309	0.1276	0.1232	0.1109	0.1050	0.1024	
0.7509	0.7551	0.7146	0.6759	0.2939	0.1420	0.0967	0.0963	0.4001	0.4048	0.3778	0.3555	0.2752	0.2087	0.1066	0.1066	0.2620	0.2642	0.2546	0.2361	0.1924	0.1385	0.1114	0.1048	0.2057	0.2004	0.1968	0.1861	0.1582	0.1170	0.1100	0.0957	0.1701	0.1618	0.1703	0.1659	0.1495	0.1394	0.1257	0.1174	0.1501	0.1505	0.1500	0.1487	0.1391	0.1281	0.1157	0.1102	0.1405	0.1425	0.1398	0.1361	0.1311	0.1196	0.1108	0.1056	0.1318	0.1302	0.1321	0.1274	0.1259	0.1112	0.1069	0.1035	
0.7632	0.7763	0.7401	0.7087	0.3107	0.1438	0.0968	0.0953	0.4222	0.4230	0.3968	0.3747	0.2914	0.2181	0.1074	0.1059	0.2722	0.2717	0.2660	0.2421	0.2023	0.1415	0.1106	0.1057	0.2118	0.2048	0.1993	0.1923	0.1613	0.1195	0.1088	0.0961	0.1762	0.1643	0.1772	0.1751	0.1544	0.1423	0.1267	0.1205	0.1553	0.1537	0.1552	0.1524	0.1430	0.1305	0.1181	0.1125	0.1443	0.1454	0.1426	0.1393	0.1330	0.1196	0.1099	0.1077	0.1349	0.1313	0.1356	0.1287	0.1292	0.1122	0.1070	0.1045	
0.7629	0.7771	0.7439	0.7209	0.3368	0.1516	0.0971	0.0965	0.4529	0.4579	0.4287	0.4018	0.3106	0.2294	0.1076	0.1082	0.2929	0.2940	0.2876	0.2620	0.2126	0.1461	0.1135	0.1064	0.2237	0.2198	0.2127	0.2059	0.1754	0.1235	0.1111	0.0974	0.1820	0.1718	0.1860	0.1799	0.1605	0.1447	0.1272	0.1211	0.1600	0.1607	0.1607	0.1566	0.1481	0.1334	0.1197	0.1109	0.1488	0.1497	0.1476	0.1432	0.1375	0.1231	0.1121	0.1078	0.1370	0.1344	0.1392	0.1314	0.1304	0.1157	0.1085	0.1044	
0.7644	0.7804	0.7471	0.7354	0.3590	0.1577	0.0972	0.0975	0.4748	0.4769	0.4478	0.4271	0.3257	0.2430	0.1091	0.1083	0.3091	0.3078	0.3003	0.2757	0.2209	0.1515	0.1147	0.1072	0.2354	0.2277	0.2254	0.2140	0.1754	0.1263	0.1125	0.0983	0.1892	0.1781	0.1897	0.1847	0.1645	0.1515	0.1307	0.1222	0.1642	0.1655	0.1639	0.1614	0.1494	0.1361	0.1189	0.1148	0.1538	0.1537	0.1505	0.1474	0.1419	0.1256	0.1127	0.1097	0.1404	0.1376	0.1422	0.1354	0.1334	0.1161	0.1095	0.1056	
0.7762	0.7924	0.7613	0.7580	0.3845	0.1635	0.0990	0.0979	0.4937	0.4940	0.4698	0.4474	0.3451	0.2547	0.1109	0.1115	0.3185	0.3288	0.3141	0.2885	0.2309	0.1564	0.1154	0.1098	0.2428	0.2375	0.2305	0.2251	0.1780	0.1281	0.1146	0.0987	0.1938	0.1844	0.1957	0.1926	0.1670	0.1550	0.1331	0.1253	0.1701	0.1714	0.1706	0.1657	0.1524	0.1393	0.1239	0.1145	0.1561	0.1568	0.1552	0.1503	0.1432	0.1275	0.1148	0.1096	0.1429	0.1427	0.1455	0.1378	0.1337	0.1176	0.1101	0.1068	
0.7728	0.7938	0.7664	0.7731	0.4109	0.1689	0.0977	0.0975	0.5127	0.5207	0.4944	0.4694	0.3600	0.2652	0.1126	0.1111	0.3360	0.3415	0.3273	0.3026	0.2399	0.1580	0.1174	0.1094	0.2537	0.2476	0.2382	0.2330	0.1835	0.1302	0.1150	0.0997	0.2043	0.1919	0.2036	0.2030	0.1729	0.1608	0.1371	0.1260	0.1745	0.1784	0.1756	0.1693	0.1592	0.1393	0.1252	0.1158	0.1595	0.1602	0.1598	0.1551	0.1483	0.1308	0.1173	0.1107	0.1447	0.1441	0.1498	0.1410	0.1372	0.1178	0.1110	0.1070	
0.7704	0.7889	0.7611	0.7691	0.4442	0.1804	0.0986	0.0978	0.5440	0.5394	0.5172	0.5017	0.3859	0.2850	0.1157	0.1126	0.3601	0.3695	0.3446	0.3245	0.2596	0.1689	0.1206	0.1113	0.2665	0.2663	0.2596	0.2508	0.2019	0.1341	0.1173	0.0988	0.2115	0.1989	0.2111	0.2100	0.1828	0.1670	0.1406	0.1314	0.1820	0.1852	0.1842	0.1780	0.1645	0.1473	0.1274	0.1192	0.1639	0.1670	0.1631	0.1610	0.1516	0.1346	0.1194	0.1114	0.1511	0.1499	0.1531	0.1473	0.1430	0.1219	0.1128	0.1079	
0.7743	0.7908	0.8167	0.7717	0.4649	0.1875	0.0982	0.0995	0.5564	0.5635	0.5312	0.5205	0.4005	0.2984	0.1142	0.1140	0.3777	0.3849	0.3632	0.3385	0.2676	0.1715	0.1217	0.1130	0.2805	0.2740	0.2681	0.2614	0.2033	0.1357	0.1182	0.0988	0.2245	0.2078	0.2265	0.2198	0.1896	0.1712	0.1460	0.1347	0.1899	0.1913	0.1870	0.1854	0.1700	0.1521	0.1302	0.1207	0.1707	0.1719	0.1684	0.1657	0.1573	0.1361	0.1195	0.1133	0.1540	0.1528	0.1552	0.1497	0.1436	0.1244	0.1128	0.1096	
0.7804	0.8000	0.7683	0.7818	0.4949	0.1980	0.0997	0.1012	0.5800	0.5782	0.5565	0.5418	0.4179	0.3198	0.1172	0.1171	0.3957	0.3984	0.3803	0.3570	0.2802	0.1772	0.1245	0.1136	0.2951	0.2866	0.2822	0.2699	0.2146	0.1425	0.1210	0.1003	0.2335	0.2171	0.2307	0.2286	0.1985	0.1751	0.1504	0.1379	0.1986	0.1965	0.1945	0.1905	0.1748	0.1539	0.1318	0.1221	0.1766	0.1781	0.1762	0.1685	0.1619	0.1390	0.1219	0.1148	0.1616	0.1560	0.1623	0.1529	0.1481	0.1257	0.1152	0.1112	
0.7851	0.8017	0.7754	0.7930	0.5311	0.2070	0.0995	0.1012	0.5957	0.5969	0.5751	0.5616	0.4440	0.3397	0.1193	0.1192	0.4144	0.4226	0.3992	0.3819	0.2983	0.1873	0.1284	0.1169	0.3056	0.3049	0.2938	0.2874	0.2204	0.1454	0.1222	0.1020	0.2435	0.2267	0.2414	0.2374	0.2049	0.1852	0.1519	0.1397	0.2052	0.2044	0.2050	0.2005	0.1824	0.1585	0.1351	0.1243	0.1830	0.1828	0.1807	0.1774	0.1635	0.1429	0.1241	0.1164	0.1655	0.1638	0.1685	0.1569	0.1520	0.1272	0.1157	0.1104	
0.7806	0.7993	0.7689	0.7850	0.5554	0.2209	0.1015	0.1008	0.6055	0.6138	0.5886	0.5770	0.4658	0.3579	0.1221	0.1199	0.4391	0.4385	0.4153	0.3974	0.3103	0.1954	0.1288	0.1181	0.3238	0.3228	0.3100	0.3015	0.2282	0.1496	0.1257	0.1037	0.2554	0.2398	0.2539	0.2456	0.2152	0.1888	0.1560	0.1406	0.2160	0.2138	0.2118	0.2077	0.1874	0.1626	0.1389	0.1270	0.1897	0.1901	0.1882	0.1806	0.1696	0.1448	0.1261	0.1187	0.1688	0.1650	0.1733	0.1611	0.1570	0.1305	0.1192	0.1131	
0.7893	0.8044	0.8202	0.7915	0.5812	0.2305	0.1002	0.1004	0.6316	0.6290	0.6084	0.5983	0.4805	0.3740	0.1231	0.1222	0.4518	0.4580	0.4297	0.4167	0.3239	0.2030	0.1308	0.1187	0.3320	0.3382	0.3252	0.3137	0.2393	0.1543	0.1262	0.1025	0.2676	0.2496	0.2692	0.2652	0.2244	0.1987	0.1630	0.1465	0.2260	0.2244	0.2252	0.2160	0.1955	0.1670	0.1407	0.1311	0.2001	0.1951	0.1962	0.1861	0.1743	0.1496	0.1293	0.1188	0.1751	0.1726	0.1772	0.1643	0.1596	0.1304	0.1179	0.1130	
0.7888	0.8064	0.8264	0.7907	0.6055	0.2474	0.1014	0.1038	0.6393	0.6531	0.6271	0.6215	0.5070	0.3954	0.1271	0.1269	0.4693	0.4694	0.4500	0.4328	0.3431	0.2110	0.1355	0.1227	0.3524	0.3491	0.3348	0.3314	0.2482	0.1588	0.1319	0.1049	0.2802	0.2624	0.2816	0.2734	0.2360	0.2065	0.1682	0.1513	0.2371	0.2346	0.2298	0.2244	0.2036	0.1762	0.1438	0.1313	0.2065	0.2042	0.2038	0.1931	0.1800	0.1540	0.1309	0.1223	0.1830	0.1788	0.1852	0.1720	0.1658	0.1356	0.1220	0.1146	
0.7959	0.8110	0.7820	0.8006	0.6309	0.2630	0.1019	0.1019	0.6635	0.6650	0.6449	0.6336	0.5275	0.4125	0.1273	0.1281	0.4839	0.4919	0.4662	0.4473	0.3589	0.2156	0.1379	0.1226	0.3670	0.3631	0.3517	0.3451	0.2606	0.1616	0.1319	0.1054	0.2895	0.2749	0.2960	0.2858	0.2469	0.2123	0.1732	0.1531	0.2455	0.2425	0.2385	0.2372	0.2114	0.1787	0.1458	0.1310	0.2140	0.2122	0.2108	0.1980	0.1881	0.1573	0.1333	0.1227	0.1895	0.1830	0.1903	0.1777	0.1687	0.1362	0.1218	0.1160	
0.7943	0.8121	0.7850	0.8211	0.6511	0.2799	0.1028	0.1040	0.6746	0.6827	0.6566	0.6489	0.5406	0.4380	0.1325	0.1308	0.5081	0.5099	0.4832	0.4703	0.3732	0.2326	0.1423	0.1275	0.3905	0.3891	0.3706	0.3627	0.2751	0.1716	0.1358	0.1059	0.3039	0.2856	0.3101	0.2944	0.2618	0.2215	0.1782	0.1579	0.2576	0.2571	0.2499	0.2438	0.2222	0.1951	0.1527	0.1374	0.2240	0.2207	0.2180	0.2045	0.1915	0.1627	0.1357	0.1258	0.1965	0.1891	0.1976	0.1824	0.1754	0.1423	0.1243	0.1170	
0.7947	0.8134	0.7843	0.7969	0.6707	0.3001	0.1027	0.1045	0.6915	0.6976	0.6738	0.6668	0.5591	0.4536	0.1359	0.1336	0.5244	0.5242	0.5049	0.4875	0.3934	0.2439	0.1472	0.1296	0.4056	0.4044	0.3910	0.3786	0.2859	0.1764	0.1379	0.1074	0.3231	0.2990	0.3205	0.3091	0.2675	0.2317	0.1889	0.1618	0.2676	0.2672	0.2624	0.2539	0.2293	0.1924	0.1560	0.1396	0.2339	0.2283	0.2310	0.2173	0.2023	0.1684	0.1400	0.1268	0.2032	0.1979	0.2066	0.1920	0.1814	0.1455	0.1254	0.1183	
0.8027	0.8188	0.7914	0.8066	0.6877	0.3208	0.1058	0.1054	0.7084	0.7108	0.6918	0.6850	0.5724	0.4759	0.1397	0.1369	0.5411	0.5467	0.5211	0.5093	0.4150	0.2555	0.1497	0.1331	0.4210	0.4190	0.4010	0.3881	0.3036	0.1836	0.1390	0.1105	0.3306	0.3085	0.3347	0.3261	0.2817	0.2387	0.1943	0.1649	0.2777	0.2776	0.2714	0.2643	0.2370	0.1981	0.1580	0.1415	0.2417	0.2348	0.2365	0.2240	0.2060	0.1705	0.1412	0.1285	0.2107	0.2042	0.2088	0.1981	0.1865	0.1447	0.1268	0.1177	
0.8038	0.8173	0.8520	0.8050	0.7082	0.3443	0.1050	0.1064	0.7106	0.7192	0.6929	0.7014	0.5852	0.4950	0.1433	0.1406	0.5592	0.5610	0.5359	0.5235	0.4287	0.2633	0.1560	0.1341	0.4305	0.4367	0.4184	0.4037	0.3139	0.1904	0.1469	0.1107	0.3412	0.3259	0.3474	0.3361	0.2917	0.2511	0.2016	0.1721	0.2899	0.2892	0.2836	0.2756	0.2473	0.2078	0.1663	0.1443	0.2519	0.2440	0.2459	0.2325	0.2166	0.1766	0.1454	0.1313	0.2183	0.2129	0.2192	0.2014	0.1914	0.1500	0.1312	0.1211	
0.8103	0.8244	0.7991	0.8134	0.7226	0.3708	0.1048	0.1078	0.7180	0.7260	0.7068	0.7110	0.6020	0.5171	0.1451	0.1454	0.5736	0.5806	0.5592	0.5414	0.4469	0.2788	0.1588	0.1366	0.4486	0.4485	0.4371	0.4258	0.3259	0.1974	0.1460	0.1118	0.3560	0.3393	0.3596	0.3526	0.3060	0.2639	0.2062	0.1735	0.3030	0.2994	0.2924	0.2909	0.2524	0.2125	0.1708	0.1481	0.2602	0.2510	0.2561	0.2437	0.2205	0.1794	0.1490	0.1337	0.2263	0.2188	0.2254	0.2084	0.1970	0.1509	0.1338	0.1221	
0.8148	0.8276	0.8498	0.8150	0.7371	0.3917	0.1069	0.1077	0.7182	0.7274	0.7043	0.7175	0.6178	0.5362	0.1512	0.1472	0.5878	0.5960	0.5709	0.5542	0.4658	0.2916	0.1647	0.1399	0.4635	0.4639	0.4512	0.4409	0.3383	0.2067	0.1521	0.1127	0.3676	0.3504	0.3766	0.3655	0.3273	0.2714	0.2148	0.1845	0.3125	0.3123	0.3031	0.2997	0.2664	0.2221	0.1749	0.1516	0.2709	0.2610	0.2652	0.2483	0.2308	0.1899	0.1509	0.1365	0.2328	0.2296	0.2368	0.2191	0.2024	0.1565	0.1334	0.1239	
0.8163	0.8292	0.8009	0.8126	0.7438	0.4182	0.1072	0.1092	0.7201	0.7339	0.7059	0.7243	0.6407	0.5508	0.1559	0.1538	0.5951	0.6094	0.5852	0.5734	0.4863	0.3083	0.1711	0.1447	0.4837	0.4799	0.4742	0.4586	0.3557	0.2167	0.1592	0.1153	0.3854	0.3644	0.3862	0.3787	0.3304	0.2792	0.2234	0.1864	0.3259	0.3292	0.3176	0.3073	0.2755	0.2291	0.1789	0.1584	0.2811	0.2708	0.2754	0.2590	0.2414	0.1951	0.1578	0.1381	0.2410	0.2341	0.2412	0.2224	0.2083	0.1594	0.1367	0.1280	
0.8212	0.8332	0.8010	0.8612	0.7432	0.4431	0.1072	0.1098	0.7187	0.7353	0.7076	0.7303	0.6474	0.5683	0.1613	0.1549	0.6195	0.6247	0.6058	0.5892	0.4939	0.3181	0.1747	0.1462	0.5019	0.4933	0.4849	0.4700	0.3673	0.2222	0.1614	0.1173	0.3993	0.3802	0.4037	0.3938	0.3422	0.2899	0.2306	0.1954	0.3387	0.3400	0.3298	0.3217	0.2799	0.2377	0.1837	0.1612	0.2891	0.2779	0.2838	0.2677	0.2536	0.2007	0.1583	0.1416	0.2490	0.2445	0.2514	0.2295	0.2157	0.1668	0.1405	0.1288	
0.8198	0.8404	0.8052	0.8566	0.7481	0.4707	0.1078	0.1114	0.7233	0.7323	0.7113	0.7251	0.6651	0.5740	0.1644	0.1624	0.6371	0.6418	0.6183	0.6044	0.5093	0.3350	0.1822	0.1531	0.5190	0.5055	0.4994	0.4846	0.3816	0.2309	0.1634	0.1171	0.4147	0.3916	0.4216	0.4071	0.3636	0.3049	0.2432	0.2020	0.3498	0.3514	0.3400	0.3359	0.2987	0.2487	0.1928	0.1669	0.3036	0.2908	0.2944	0.2757	0.2592	0.2104	0.1633	0.1457	0.2551	0.2521	0.2605	0.2400	0.2230	0.1704	0.1424	0.1295	
0.8215	0.8367	0.8673	0.8738	0.7517	0.4991	0.1101	0.1129	0.7212	0.7354	0.7126	0.7258	0.6742	0.5976	0.1738	0.1662	0.6388	0.6531	0.6284	0.6146	0.5306	0.3527	0.1919	0.1589	0.5397	0.5183	0.5231	0.4980	0.3987	0.2448	0.1730	0.1204	0.4320	0.4125	0.4390	0.4278	0.3747	0.3184	0.2510	0.2103	0.3633	0.3683	0.3534	0.3528	0.3108	0.2579	0.2001	0.1718	0.3142	0.3035	0.3084	0.2901	0.2689	0.2183	0.1710	0.1489	0.2701	0.2637	0.2677	0.2510	0.2358	0.1754	0.1460	0.1342	
0.8221	0.8395	0.8647	0.8738	0.7552	0.5245	0.1121	0.1147	0.7231	0.7398	0.7154	0.7278	0.6817	0.6094	0.1776	0.1734	0.6501	0.6621	0.6416	0.6294	0.5426	0.3632	0.1965	0.1659	0.5487	0.5370	0.5306	0.5177	0.4112	0.2584	0.1771	0.1232	0.4492	0.4269	0.4451	0.4407	0.3894	0.3255	0.2589	0.2157	0.3791	0.3837	0.3674	0.3655	0.3190	0.2662	0.2054	0.1745	0.3232	0.3123	0.3148	0.3005	0.2806	0.2215	0.1723	0.1510	0.2787	0.2717	0.2767	0.2569	0.2427	0.1797	0.1483	0.1343	
0.8248	0.8405	0.8832	0.8279	0.7597	0.5551	0.1107	0.1161	0.7268	0.7371	0.7181	0.7332	0.6897	0.6252	0.1845	0.1810	0.6561	0.6731	0.6542	0.6430	0.5643	0.3759	0.2030	0.1667	0.5625	0.5446	0.5497	0.5286	0.4299	0.2686	0.1855	0.1255	0.4661	0.4382	0.4666	0.4540	0.4120	0.3436	0.2701	0.2246	0.3929	0.3917	0.3783	0.3788	0.3390	0.2792	0.2152	0.1825	0.3361	0.3232	0.3289	0.3140	0.2896	0.2336	0.1785	0.1561	0.2873	0.2797	0.2904	0.2682	0.2504	0.1828	0.1516	0.1384	
0.8276	0.8440	0.8179	0.8296	0.7591	0.5788	0.1124	0.1178	0.7264	0.7449	0.7178	0.7351	0.6922	0.6451	0.1916	0.1863	0.6587	0.6799	0.6614	0.6589	0.5773	0.3940	0.2130	0.1715	0.5809	0.5547	0.5686	0.5448	0.4481	0.2825	0.1910	0.1282	0.4899	0.4608	0.4798	0.4756	0.4263	0.3608	0.2858	0.2342	0.4179	0.4125	0.4021	0.3940	0.3481	0.2882	0.2201	0.1876	0.3568	0.3395	0.3445	0.3303	0.3022	0.2393	0.1879	0.1602	0.3058	0.2963	0.3038	0.2789	0.2596	0.1906	0.1558	0.1421	
0.8379	0.8542	0.8198	0.8351	0.7628	0.6029	0.1130	0.1190	0.7336	0.7396	0.7227	0.7339	0.6915	0.6542	0.1996	0.1915	0.6684	0.6901	0.6750	0.6665	0.5898	0.4091	0.2205	0.1772	0.5968	0.5835	0.5794	0.5617	0.4595	0.2871	0.1954	0.1306	0.4998	0.4780	0.5058	0.4884	0.4412	0.3779	0.2983	0.2418	0.4241	0.4222	0.4122	0.4038	0.3651	0.3000	0.2305	0.1906	0.3682	0.3493	0.3576	0.3385	0.3127	0.2497	0.1911	0.1641	0.3148	0.3044	0.3135	0.2902	0.2704	0.1974	0.1603	0.1442	
0.8375	0.8526	0.8202	0.8343	0.7613	0.6184	0.1166	0.1213	0.7356	0.7461	0.7260	0.7427	0.6923	0.6714	0.2097	0.1988	0.6772	0.6913	0.6729	0.6727	0.5968	0.4266	0.2322	0.1838	0.6138	0.5980	0.5948	0.5697	0.4769	0.3012	0.2030	0.1350	0.5182	0.4980	0.5243	0.5033	0.4595	0.3841	0.3097	0.2532	0.4423	0.4380	0.4304	0.4197	0.3767	0.3116	0.2362	0.1991	0.3817	0.3641	0.3736	0.3490	0.3274	0.2548	0.1955	0.1694	0.3290	0.3185	0.3316	0.2990	0.2782	0.2026	0.1618	0.1489	
0.8445	0.8568	0.8301	0.8467	0.7619	0.6422	0.1159	0.1221	0.7331	0.7492	0.7306	0.7421	0.6979	0.6889	0.2143	0.2064	0.6794	0.6966	0.6850	0.6794	0.6224	0.4444	0.2400	0.1921	0.6241	0.6166	0.6124	0.5931	0.4888	0.3133	0.2096	0.1359	0.5346	0.5082	0.5421	0.5210	0.4724	0.3983	0.3188	0.2707	0.4554	0.4505	0.4431	0.4353	0.3910	0.3210	0.2453	0.2075	0.3952	0.3748	0.3809	0.3610	0.3352	0.2671	0.2050	0.1726	0.3411	0.3245	0.3397	0.3128	0.2895	0.2090	0.1690	0.1498	
