0.0926	0.0943	0.1029	0.1014	0.0949	0.1130	0.1023	0.1079	0.0928	0.0967	0.0992	0.0994	0.0989	0.1146	0.1017	0.1195	0.0931	0.0966	0.0944	0.1014	0.1004	0.1062	0.1023	0.1112	0.0920	0.0942	0.0935	0.1032	0.1008	0.1123	0.1021	0.1147	0.0916	0.1003	0.0931	0.0992	0.0991	0.1107	0.1029	0.1299	0.0933	0.0954	0.0924	0.0981	0.0995	0.1077	0.1036	0.1140	0.0921	0.0945	0.0937	0.1058	0.0989	0.1064	0.1011	0.1362	0.0905	0.0931	0.0940	0.0965	0.0974	0.1002	0.1019	0.1021	
0.0886	0.0914	0.1015	0.0963	0.0944	0.1090	0.0989	0.1030	0.0890	0.0927	0.0966	0.0953	0.0951	0.1078	0.0983	0.1036	0.0902	0.0936	0.0919	0.0961	0.0956	0.1019	0.1008	0.1030	0.0888	0.0919	0.0920	0.0964	0.0957	0.0990	0.1007	0.1043	0.0887	0.0999	0.0916	0.0952	0.0958	0.0999	0.0991	0.1065	0.0895	0.0925	0.0917	0.0965	0.0950	0.1002	0.0995	0.1090	0.0887	0.0919	0.0919	0.0957	0.0958	0.1013	0.1064	0.1060	0.0888	0.0908	0.0914	0.0932	0.0953	0.1010	0.0993	0.1058	
0.0886	0.0899	0.1016	0.0929	0.0942	0.1065	0.1017	0.1026	0.0893	0.0914	0.0966	0.0936	0.0943	0.1068	0.0979	0.1035	0.0907	0.0922	0.0914	0.0934	0.0939	0.1005	0.0997	0.1026	0.0929	0.0911	0.0909	0.0960	0.0935	0.0982	0.0980	0.1072	0.0887	0.0973	0.0911	0.0940	0.0958	0.0987	0.0979	0.1087	0.0894	0.0916	0.0909	0.0932	0.0944	0.0983	0.0999	0.1038	0.0884	0.0909	0.0925	0.0946	0.0947	0.0994	0.0989	0.1067	0.0892	0.0904	0.0912	0.0941	0.0942	0.0996	0.0982	0.1077	
0.0825	0.0820	0.0959	0.0857	0.0873	0.0991	0.0916	0.0984	0.0824	0.0824	0.0887	0.0850	0.0878	0.0977	0.0916	0.0947	0.0835	0.0831	0.0835	0.0856	0.0876	0.0903	0.0933	0.0945	0.0819	0.0818	0.0844	0.0875	0.0873	0.0890	0.0928	0.0942	0.0818	0.0860	0.0852	0.0852	0.0891	0.0900	0.0925	0.0976	0.0825	0.0823	0.0834	0.0845	0.0892	0.0879	0.0929	0.0967	0.0819	0.0807	0.0839	0.0850	0.0874	0.0899	0.0925	0.0944	0.0830	0.0833	0.0839	0.0846	0.0874	0.0891	0.0907	0.0965	
0.0864	0.0855	0.1008	0.0879	0.0923	0.1034	0.0973	0.1005	0.0861	0.0863	0.0945	0.0876	0.0927	0.1035	0.0963	0.1001	0.0872	0.0861	0.0893	0.0879	0.0919	0.0948	0.0989	0.0984	0.0862	0.0854	0.0890	0.0905	0.0927	0.0928	0.1000	0.0988	0.0867	0.0904	0.0915	0.0896	0.0946	0.0955	0.1040	0.1044	0.0872	0.0851	0.0894	0.0883	0.0950	0.0934	0.0978	0.1259	0.0862	0.0844	0.0891	0.0894	0.0980	0.0964	0.0993	0.1004	0.0871	0.0851	0.0892	0.0878	0.0931	0.0947	0.0988	0.0978	
0.0880	0.0871	0.1010	0.0913	0.0931	0.1050	0.0969	0.1030	0.0879	0.0887	0.0950	0.0919	0.0935	0.1038	0.0960	0.1059	0.0890	0.0897	0.0906	0.0932	0.0928	0.0972	0.1062	0.1042	0.0873	0.0881	0.0905	0.0926	0.0934	0.0946	0.0983	0.1021	0.0877	0.0940	0.0896	0.0909	0.0958	0.0988	0.1043	0.1085	0.0879	0.0883	0.0897	0.0915	0.0935	0.0949	0.0995	0.1043	0.0869	0.0867	0.0899	0.0914	0.0938	0.0979	0.1002	0.1043	0.0874	0.0871	0.0898	0.0898	0.0941	0.0941	0.0970	0.1006	
0.0881	0.0880	0.1008	0.0915	0.0939	0.1061	0.0962	0.1060	0.0880	0.0901	0.0949	0.0923	0.0931	0.1040	0.0956	0.1049	0.0893	0.0896	0.0902	0.0924	0.0953	0.0978	0.0982	0.1030	0.0877	0.0888	0.0899	0.0927	0.0936	0.0979	0.0989	0.1024	0.0883	0.0954	0.0908	0.0912	0.0946	0.0967	0.0991	0.1144	0.0878	0.0885	0.0894	0.0920	0.0930	0.0965	0.1002	0.1089	0.0874	0.0881	0.0896	0.0925	0.0932	0.0982	0.0980	0.1055	0.0881	0.0878	0.0897	0.0905	0.0930	0.0959	0.1008	0.1127	
0.0882	0.0884	0.1003	0.0918	0.0931	0.1058	0.0974	0.1040	0.0884	0.0900	0.0952	0.0940	0.0926	0.1088	0.1043	0.1054	0.0892	0.0906	0.0902	0.0929	0.0950	0.0985	0.0998	0.1057	0.0878	0.0892	0.0899	0.0926	0.0939	0.0977	0.1029	0.1021	0.0879	0.0958	0.0898	0.0932	0.0945	0.0959	0.0980	0.1104	0.0884	0.0889	0.0891	0.0923	0.0932	0.0969	0.0977	0.1050	0.0878	0.0886	0.0896	0.0921	0.0932	0.0971	0.1000	0.1040	0.0877	0.0879	0.0900	0.0911	0.0929	0.0957	0.0974	0.1058	
0.0880	0.0890	0.0995	0.0925	0.0926	0.1054	0.0973	0.1041	0.0880	0.0904	0.0944	0.0924	0.0940	0.1056	0.0962	0.1065	0.0888	0.0909	0.0901	0.0941	0.0929	0.0969	0.1018	0.1099	0.0874	0.0902	0.0896	0.0935	0.0927	0.0967	0.0972	0.1029	0.0875	0.0967	0.0893	0.0928	0.0942	0.0978	0.0971	0.1076	0.0879	0.0910	0.0892	0.0916	0.0923	0.0979	0.0970	0.1024	0.0873	0.0904	0.0893	0.0932	0.0935	0.0987	0.0994	0.1039	0.0876	0.0893	0.0893	0.0956	0.0932	0.0969	0.0979	0.1022	
0.0878	0.0876	0.0981	0.0907	0.0905	0.1041	0.0964	0.1011	0.0876	0.0883	0.0932	0.0903	0.0924	0.1074	0.0938	0.1052	0.0887	0.0893	0.0889	0.0900	0.0928	0.0964	0.0968	0.1138	0.0876	0.0877	0.0891	0.0910	0.0912	0.0966	0.0955	0.0987	0.0870	0.0944	0.0874	0.0907	0.0920	0.0956	0.0947	0.1042	0.0875	0.0886	0.0878	0.0909	0.0914	0.0959	0.1041	0.1074	0.0871	0.0876	0.0914	0.0914	0.0917	0.0982	0.0962	0.1025	0.0878	0.0889	0.0877	0.0921	0.0922	0.0961	0.0955	0.1040	
0.0834	0.0832	0.0954	0.0872	0.0879	0.0991	0.0933	0.0963	0.0836	0.0834	0.0893	0.0851	0.0871	0.0976	0.0892	0.0979	0.0843	0.0836	0.0848	0.0855	0.0885	0.0906	0.0921	0.1069	0.0832	0.0822	0.0848	0.0860	0.0870	0.0887	0.0923	0.0947	0.0829	0.0883	0.0837	0.0854	0.0892	0.0913	0.0923	0.1000	0.0833	0.0826	0.0846	0.0849	0.0881	0.0892	0.0950	0.1036	0.0829	0.0817	0.0835	0.0840	0.0875	0.0942	0.0919	0.0950	0.0841	0.0833	0.0834	0.0841	0.0873	0.0892	0.0922	0.0950	
0.0893	0.0863	0.1012	0.0891	0.0930	0.1019	0.0984	0.1009	0.0891	0.0873	0.0945	0.0890	0.0944	0.1049	0.0972	0.1005	0.0898	0.0874	0.0902	0.0896	0.0940	0.0945	0.0979	0.1089	0.0882	0.0862	0.0898	0.0903	0.0938	0.0929	0.1001	0.1136	0.0887	0.0914	0.0890	0.0888	0.0944	0.0931	0.0972	0.1045	0.0887	0.0860	0.0890	0.0880	0.0940	0.0930	0.0980	0.0998	0.0883	0.0854	0.0897	0.0889	0.0946	0.0939	0.0978	0.1020	0.0886	0.0854	0.0891	0.0867	0.0929	0.0925	0.1028	0.1178	
0.0894	0.0904	0.1021	0.0923	0.0933	0.1065	0.0981	0.1029	0.0893	0.0913	0.0951	0.0921	0.0937	0.1110	0.0974	0.1063	0.0895	0.0910	0.0903	0.0931	0.0932	0.0972	0.0992	0.0988	0.0881	0.0893	0.0897	0.0921	0.0945	0.0959	0.1008	0.1083	0.0885	0.0938	0.0891	0.0927	0.0941	0.0969	0.0973	0.1055	0.0886	0.0894	0.0894	0.0913	0.0935	0.0962	0.0967	0.1085	0.0882	0.0887	0.0900	0.0910	0.0935	0.0974	0.0990	0.1037	0.0882	0.0885	0.0892	0.0900	0.0933	0.0960	0.0970	0.1004	
0.0916	0.0925	0.1036	0.0948	0.0950	0.1086	0.0999	0.1089	0.0920	0.0938	0.0966	0.0947	0.0960	0.1094	0.0979	0.1061	0.0924	0.0943	0.0912	0.0957	0.0962	0.1026	0.0986	0.1164	0.0905	0.0925	0.0921	0.0979	0.0961	0.1005	0.1010	0.1038	0.0906	0.0972	0.0914	0.0956	0.0966	0.1007	0.1008	0.1142	0.0908	0.0942	0.0909	0.0946	0.0951	0.1004	0.1000	0.1188	0.0903	0.0934	0.0917	0.0960	0.0961	0.1008	0.1023	0.1056	0.0905	0.0923	0.0917	0.0940	0.0952	0.1001	0.0987	0.1055	
0.0907	0.0891	0.1020	0.0908	0.0939	0.1044	0.1034	0.0999	0.0899	0.0891	0.0953	0.0905	0.0945	0.1046	0.0967	0.1089	0.0906	0.0886	0.0906	0.0901	0.0947	0.0972	0.0975	0.1038	0.0892	0.0880	0.0906	0.0907	0.0931	0.0954	0.0958	0.1087	0.0894	0.0929	0.0898	0.0894	0.0945	0.0962	0.0992	0.1041	0.0898	0.0876	0.0898	0.0889	0.0944	0.0940	0.0975	0.1039	0.0884	0.0868	0.0905	0.0898	0.0944	0.0976	0.0975	0.1009	0.0894	0.0858	0.0900	0.0878	0.0924	0.0917	0.0961	0.0983	
0.0904	0.0904	0.1014	0.0922	0.0927	0.1068	0.0997	0.1039	0.0896	0.0911	0.0949	0.0920	0.0936	0.1062	0.0963	0.1024	0.0899	0.0913	0.0909	0.0923	0.0935	0.0973	0.0984	0.1107	0.0884	0.0898	0.0902	0.0931	0.0945	0.0961	0.0979	0.1126	0.0890	0.0962	0.0893	0.0921	0.0942	0.0970	0.0977	0.1052	0.0886	0.0902	0.0898	0.0935	0.0929	0.0965	0.0966	0.1046	0.0883	0.0893	0.0902	0.0921	0.0925	0.0963	0.1037	0.1036	0.0883	0.0890	0.0898	0.0910	0.0930	0.0956	0.0962	0.1075	
0.0870	0.0868	0.0973	0.0899	0.0888	0.1028	0.0929	0.0990	0.0857	0.0862	0.0911	0.0896	0.0884	0.1012	0.0899	0.0995	0.0872	0.0869	0.0854	0.0882	0.0871	0.0927	0.0960	0.1083	0.0855	0.0859	0.0864	0.0891	0.0888	0.0920	0.0926	0.1006	0.0857	0.0919	0.0849	0.0878	0.0887	0.0930	0.0971	0.1017	0.0861	0.0862	0.0854	0.0879	0.0888	0.0947	0.0917	0.0984	0.0856	0.0854	0.0855	0.0898	0.0882	0.0942	0.0930	0.1023	0.0864	0.0867	0.0847	0.0888	0.0893	0.0929	0.0917	0.1006	
0.0908	0.0892	0.1014	0.0919	0.0961	0.1037	0.0968	0.1080	0.0897	0.0895	0.0942	0.0917	0.0926	0.1030	0.0953	0.1077	0.0903	0.0890	0.0901	0.0909	0.0929	0.0959	0.0995	0.1010	0.0887	0.0883	0.0892	0.0949	0.0922	0.0963	0.0960	0.1037	0.0888	0.0943	0.0888	0.0913	0.0924	0.0940	0.0971	0.1094	0.0887	0.0879	0.0881	0.0900	0.0918	0.0942	0.0965	0.1077	0.0878	0.0872	0.0882	0.0898	0.0930	0.0943	0.0984	0.1074	0.0879	0.0874	0.0887	0.0890	0.0921	0.0937	0.0958	0.0992	
0.0907	0.0912	0.1013	0.0928	0.0935	0.1066	0.0969	0.1014	0.0892	0.0913	0.0938	0.0930	0.0927	0.1046	0.0966	0.1028	0.0898	0.0909	0.0895	0.0932	0.0922	0.0973	0.0943	0.1043	0.0878	0.0903	0.0888	0.0926	0.0923	0.0951	0.0957	0.1018	0.0882	0.0961	0.0879	0.0920	0.0943	0.0950	0.0970	0.1038	0.0883	0.0895	0.0877	0.0908	0.0930	0.0946	0.0956	0.1017	0.0877	0.0895	0.0882	0.0912	0.0919	0.0971	0.0957	0.1055	0.0880	0.0900	0.0887	0.0902	0.0942	0.0959	0.0953	0.0993	
0.0866	0.0862	0.0960	0.0883	0.0875	0.1002	0.0933	0.0971	0.0845	0.0852	0.0881	0.0863	0.0872	0.1003	0.0888	0.0966	0.0851	0.0847	0.0827	0.0859	0.0869	0.0914	0.0906	0.0927	0.0830	0.0841	0.0832	0.0871	0.0860	0.0891	0.0913	0.0952	0.0832	0.0880	0.0820	0.0858	0.0881	0.0894	0.0886	0.0995	0.0838	0.0842	0.0828	0.0852	0.0863	0.0893	0.0897	0.1084	0.0831	0.0825	0.0832	0.0860	0.0851	0.0899	0.0903	0.0960	0.0836	0.0854	0.0831	0.0862	0.0870	0.0891	0.0913	0.0965	
0.0922	0.0934	0.1031	0.0949	0.0940	0.1078	0.0998	0.1063	0.0905	0.0926	0.0960	0.0933	0.0934	0.1068	0.0961	0.1051	0.0908	0.0919	0.0903	0.0924	0.0927	0.0975	0.0961	0.1024	0.0888	0.0908	0.0901	0.0957	0.0926	0.0972	0.0979	0.1030	0.0896	0.0944	0.0891	0.0922	0.0931	0.0965	0.0955	0.1165	0.0890	0.0903	0.0888	0.0913	0.0925	0.0952	0.0966	0.1122	0.0887	0.0897	0.0897	0.0917	0.0925	0.0953	0.0975	0.1024	0.0891	0.0888	0.0887	0.0886	0.0921	0.0946	0.0965	0.0991	
0.0936	0.0948	0.1036	0.0954	0.0960	0.1102	0.0984	0.1035	0.0918	0.0935	0.0958	0.0938	0.0941	0.1070	0.0974	0.1019	0.0912	0.0935	0.0905	0.0948	0.0936	0.0997	0.1031	0.1248	0.0898	0.0917	0.0894	0.0951	0.0930	0.0976	0.0982	0.1074	0.0900	0.0958	0.0896	0.0934	0.0951	0.0969	0.0975	0.1082	0.0898	0.0922	0.0892	0.0940	0.0932	0.0980	0.0958	0.1158	0.0893	0.0917	0.0896	0.0937	0.0927	0.1001	0.0974	0.1119	0.0896	0.0904	0.0899	0.0928	0.0916	0.0961	0.0959	0.1130	
0.0923	0.0901	0.1017	0.0908	0.0930	0.1036	0.0949	0.1019	0.0898	0.0879	0.0936	0.0895	0.0914	0.1018	0.0941	0.1024	0.0899	0.0874	0.0885	0.0891	0.0917	0.0937	0.0956	0.1006	0.0880	0.0859	0.0883	0.0885	0.0916	0.0904	0.0950	0.0968	0.0881	0.0924	0.0869	0.0870	0.0928	0.0931	0.0932	0.1050	0.0884	0.0861	0.0870	0.0871	0.0904	0.0924	0.0954	0.1058	0.0872	0.0850	0.0869	0.0883	0.0912	0.0915	0.1028	0.1001	0.0882	0.0850	0.0872	0.0847	0.0913	0.0898	0.0940	0.1013	
0.0945	0.0948	0.1034	0.0958	0.0948	0.1093	0.0979	0.1030	0.0917	0.0931	0.0954	0.0933	0.0942	0.1067	0.0987	0.1166	0.0914	0.0930	0.0912	0.0929	0.0941	0.0976	0.0958	0.0997	0.0904	0.0913	0.0902	0.0934	0.0936	0.0954	0.0970	0.1083	0.0900	0.0971	0.0896	0.0918	0.0977	0.0958	0.0961	0.1052	0.0904	0.0904	0.0892	0.0917	0.0927	0.0957	0.0963	0.1148	0.0890	0.0900	0.0899	0.0919	0.0920	0.0974	0.1095	0.1040	0.0899	0.0898	0.0892	0.0917	0.0936	0.0952	0.0962	0.1001	
0.0943	0.0937	0.1020	0.0957	0.0931	0.1058	0.0976	0.1024	0.0908	0.0926	0.0946	0.0919	0.0926	0.1065	0.0949	0.1024	0.0910	0.0922	0.0890	0.0916	0.0910	0.0980	0.0951	0.0995	0.0890	0.0907	0.0888	0.0930	0.0909	0.0956	0.0940	0.1111	0.0888	0.0964	0.0878	0.0911	0.0913	0.0971	0.0954	0.1053	0.0890	0.0904	0.0872	0.0903	0.0914	0.0959	0.0942	0.1030	0.0885	0.0894	0.0875	0.0916	0.0905	0.0977	0.1031	0.1048	0.0894	0.0905	0.0877	0.0909	0.0908	0.0966	0.0944	0.1013	
0.0970	0.0948	0.1042	0.0947	0.0977	0.1079	0.0990	0.1036	0.0928	0.0922	0.0973	0.0926	0.0943	0.1072	0.0985	0.1006	0.0929	0.0913	0.0922	0.0916	0.0953	0.0983	0.0976	0.1087	0.0907	0.0893	0.0925	0.0926	0.0937	0.0959	0.0963	0.1050	0.0909	0.0964	0.0904	0.0910	0.0942	0.0951	0.0986	0.1108	0.0909	0.0890	0.0898	0.0897	0.0938	0.0964	0.0969	0.1018	0.0901	0.0889	0.0899	0.0915	0.0927	0.0960	0.0987	0.1021	0.0907	0.0875	0.0903	0.0880	0.0925	0.0932	0.0968	0.0973	
0.0982	0.0984	0.1042	0.0990	0.0967	0.1085	0.0999	0.1050	0.0935	0.0950	0.0972	0.0960	0.0941	0.1093	0.0974	0.1038	0.0928	0.0942	0.0915	0.0936	0.0942	0.0989	0.0983	0.1030	0.0906	0.0921	0.0909	0.0938	0.0928	0.0981	0.0982	0.1161	0.0908	0.0985	0.0894	0.0926	0.0937	0.0973	0.0965	0.1128	0.0904	0.0916	0.0901	0.0916	0.0928	0.0965	0.0963	0.1065	0.0896	0.0908	0.0898	0.0922	0.0935	0.0994	0.1041	0.1092	0.0901	0.0898	0.0892	0.0898	0.0914	0.0960	0.0960	0.1008	
0.1008	0.1017	0.1075	0.0987	0.0976	0.1107	0.1005	0.1067	0.0957	0.0984	0.0992	0.0971	0.0956	0.1090	0.0992	0.1099	0.0948	0.0973	0.0930	0.0965	0.0957	0.1029	0.0995	0.1019	0.0925	0.0944	0.0919	0.0966	0.0935	0.0977	0.0989	0.1041	0.0925	0.0990	0.0908	0.0947	0.0950	0.0986	0.0976	0.1107	0.0924	0.0946	0.0913	0.0948	0.0940	0.0991	0.0972	0.1099	0.0919	0.0941	0.0910	0.0949	0.0966	0.0993	0.0980	0.1111	0.0920	0.0927	0.0906	0.0929	0.0936	0.0984	0.0974	0.1045	
0.0957	0.0954	0.0998	0.0924	0.0908	0.1033	0.0926	0.0986	0.0888	0.0898	0.0915	0.0873	0.0880	0.1021	0.0935	0.0949	0.0875	0.0887	0.0857	0.0864	0.0874	0.0912	0.0921	0.0953	0.0858	0.0860	0.0845	0.0884	0.0878	0.0899	0.0905	0.1003	0.0856	0.0903	0.0835	0.0860	0.0883	0.0917	0.0902	0.1027	0.0857	0.0854	0.0837	0.0844	0.0876	0.0879	0.0905	0.0958	0.0854	0.0840	0.0836	0.0855	0.0865	0.0912	0.0916	0.0971	0.0859	0.0853	0.0838	0.0847	0.0849	0.0886	0.0901	0.0925	
0.1029	0.1021	0.1070	0.0969	0.0971	0.1092	0.1002	0.1054	0.0953	0.0962	0.0987	0.0942	0.0959	0.1073	0.0963	0.1020	0.0939	0.0949	0.0928	0.0932	0.0942	0.0992	0.0988	0.1109	0.0918	0.0923	0.0911	0.0924	0.0935	0.0969	0.0981	0.1083	0.0914	0.0975	0.0897	0.0923	0.0937	0.0972	0.0973	0.1029	0.0913	0.0912	0.0897	0.0917	0.0920	0.0962	0.1021	0.1064	0.0901	0.0907	0.0902	0.0910	0.0908	0.0983	0.0964	0.1045	0.0907	0.0895	0.0893	0.0897	0.0916	0.0960	0.0955	0.0990	
0.1054	0.1050	0.1073	0.0993	0.0982	0.1108	0.1008	0.1059	0.0956	0.0979	0.0988	0.0972	0.0947	0.1094	0.0988	0.1041	0.0944	0.0965	0.0924	0.0947	0.0944	0.1000	0.0978	0.1048	0.0917	0.0938	0.0920	0.0954	0.0938	0.0984	0.0969	0.1023	0.0918	0.0999	0.0898	0.0938	0.0949	0.0996	0.0976	0.1102	0.0919	0.0932	0.0902	0.0935	0.0926	0.0972	0.0969	0.1074	0.0909	0.0921	0.0905	0.0933	0.0926	0.0999	0.0953	0.1030	0.0915	0.0906	0.0906	0.0905	0.0921	0.0950	0.0954	0.1014	
0.1083	0.1078	0.1087	0.1016	0.0987	0.1149	0.1028	0.1067	0.0983	0.1015	0.1001	0.0985	0.0967	0.1118	0.0994	0.1055	0.0963	0.0998	0.0948	0.0975	0.0955	0.1021	0.0984	0.1122	0.0941	0.0975	0.0939	0.0976	0.0957	0.1016	0.1003	0.1095	0.0939	0.1034	0.0929	0.0963	0.0957	0.1007	0.0991	0.1081	0.0930	0.0967	0.0925	0.0958	0.0954	0.1002	0.0974	0.1048	0.0930	0.0960	0.0928	0.0961	0.0942	0.1027	0.0990	0.1086	0.0930	0.0929	0.0922	0.0931	0.0943	0.0965	0.0979	0.1013	
0.1083	0.1074	0.1087	0.1039	0.0980	0.1111	0.1006	0.1070	0.0976	0.1001	0.0983	0.0964	0.0952	0.1087	0.0972	0.1033	0.0957	0.0975	0.0936	0.0951	0.0947	0.0991	0.0978	0.1023	0.0928	0.0957	0.0922	0.0949	0.0933	0.0958	0.0985	0.1040	0.0929	0.1004	0.0910	0.0940	0.0935	0.0955	0.0973	0.1066	0.0927	0.0949	0.0910	0.0930	0.0924	0.0961	0.0986	0.1235	0.0917	0.0938	0.0908	0.0938	0.0923	0.0982	0.0975	0.1038	0.0920	0.0930	0.0896	0.0929	0.0934	0.0957	0.0945	0.1023	
0.1063	0.1031	0.1036	0.0937	0.0922	0.1055	0.0941	0.0991	0.0919	0.0925	0.0927	0.0911	0.0885	0.1019	0.0910	0.1060	0.0901	0.0904	0.0866	0.0884	0.0885	0.0929	0.0954	0.0988	0.0869	0.0878	0.0861	0.0886	0.0871	0.0904	0.0916	0.1027	0.0864	0.0929	0.0843	0.0867	0.0878	0.0926	0.0907	0.0979	0.0870	0.0864	0.0839	0.0852	0.0858	0.0889	0.0903	0.1003	0.0858	0.0848	0.0839	0.0858	0.0851	0.0915	0.0894	0.0956	0.0867	0.0858	0.0839	0.0842	0.0850	0.0860	0.0893	0.0923	
0.1123	0.1099	0.1076	0.0974	0.0956	0.1080	0.0978	0.1020	0.0955	0.0971	0.0963	0.0927	0.0929	0.1053	0.0951	0.1054	0.0934	0.0945	0.0903	0.0901	0.0908	0.0942	0.0939	0.0985	0.0919	0.0908	0.0892	0.0901	0.0903	0.0935	0.0954	0.1011	0.0900	0.0939	0.0878	0.0886	0.0907	0.0931	0.0939	0.0985	0.0899	0.0899	0.0879	0.0873	0.0884	0.0920	0.0943	0.1036	0.0892	0.0876	0.0872	0.0866	0.0894	0.0923	0.0937	0.0985	0.0898	0.0861	0.0870	0.0851	0.0888	0.0890	0.0935	0.0939	
0.1168	0.1137	0.1116	0.0982	0.0991	0.1116	0.1008	0.1145	0.0978	0.1004	0.0994	0.0955	0.0949	0.1104	0.0977	0.1062	0.0954	0.0970	0.0926	0.0917	0.0931	0.1001	0.0959	0.1000	0.0922	0.0925	0.0915	0.0918	0.0926	0.0956	0.0943	0.1156	0.0920	0.0958	0.0902	0.0900	0.0930	0.0965	0.0953	0.1097	0.0918	0.0905	0.0895	0.0886	0.0914	0.0969	0.0931	0.1087	0.0910	0.0891	0.0893	0.0888	0.0908	0.0963	0.0952	0.1052	0.0906	0.0876	0.0890	0.0854	0.0903	0.0893	0.0944	0.0951	
0.1237	0.1196	0.1140	0.1020	0.1002	0.1138	0.1026	0.1056	0.1012	0.1037	0.1023	0.0972	0.0973	0.1108	0.0998	0.1084	0.0974	0.1001	0.0954	0.0957	0.0963	0.1009	0.0993	0.1048	0.0937	0.0956	0.0937	0.0942	0.0949	0.0982	0.0988	0.1025	0.0933	0.1000	0.0923	0.0935	0.0956	0.0985	0.0967	0.1047	0.0931	0.0930	0.0911	0.0914	0.0931	0.0953	0.0953	0.1073	0.0922	0.0921	0.0913	0.0919	0.0915	0.0943	0.0962	0.1017	0.0923	0.0907	0.0911	0.0890	0.0919	0.0924	0.0959	0.0970	
0.1292	0.1247	0.1161	0.1027	0.1000	0.1142	0.1018	0.1083	0.1039	0.1055	0.1028	0.0985	0.0989	0.1105	0.1014	0.1046	0.0992	0.1014	0.0953	0.0958	0.0958	0.1006	0.1005	0.1040	0.0947	0.0975	0.0940	0.0965	0.0950	0.0969	0.0993	0.1037	0.0940	0.1017	0.0924	0.0941	0.0945	0.0967	0.0969	0.1036	0.0932	0.0953	0.0919	0.0931	0.0932	0.0977	0.0983	0.1027	0.0921	0.0935	0.0907	0.0928	0.0922	0.0981	0.0990	0.1033	0.0928	0.0917	0.0904	0.0899	0.0914	0.0941	0.0945	0.0980	
0.1343	0.1284	0.1156	0.1068	0.1015	0.1156	0.1037	0.1170	0.1051	0.1082	0.1040	0.1013	0.0987	0.1122	0.1006	0.1091	0.1001	0.1038	0.0965	0.0993	0.0966	0.1019	0.0988	0.1052	0.0959	0.1000	0.0944	0.0976	0.0949	0.0987	0.0992	0.1048	0.0952	0.1042	0.0924	0.0960	0.0950	0.0991	0.0973	0.1073	0.0942	0.0970	0.0927	0.0944	0.0938	0.0997	0.0979	0.1057	0.0936	0.0956	0.0921	0.0947	0.0925	0.0992	0.0995	0.1065	0.0936	0.0930	0.0910	0.0917	0.0924	0.0945	0.0974	0.0998	
0.1404	0.1353	0.1163	0.1055	0.1008	0.1153	0.1024	0.1081	0.1062	0.1096	0.1041	0.1007	0.0982	0.1121	0.1007	0.1109	0.0998	0.1048	0.0960	0.0976	0.0966	0.1011	0.0979	0.1141	0.0957	0.1004	0.0937	0.0966	0.0943	0.0968	0.0978	0.1021	0.0952	0.1046	0.0917	0.0952	0.0942	0.0961	0.0969	0.1034	0.0941	0.0961	0.0918	0.0937	0.0939	0.0977	0.0971	0.1234	0.0934	0.0960	0.0910	0.0930	0.0924	0.0988	0.0948	0.1037	0.0929	0.0930	0.0906	0.0910	0.0910	0.0960	0.0944	0.1000	
0.1444	0.1364	0.1189	0.1059	0.1017	0.1147	0.1026	0.1131	0.1063	0.1114	0.1042	0.1007	0.0979	0.1142	0.1021	0.1053	0.1006	0.1053	0.0968	0.0979	0.0957	0.1010	0.0988	0.1018	0.0964	0.1002	0.0946	0.0969	0.0935	0.0984	0.0970	0.1031	0.0957	0.1023	0.0926	0.0946	0.0947	0.0976	0.0961	0.1049	0.0950	0.0973	0.0923	0.0928	0.0929	0.0966	0.0959	0.1143	0.0935	0.0961	0.0921	0.0935	0.0915	0.0993	0.0950	0.1039	0.0935	0.0941	0.0907	0.0925	0.0917	0.0958	0.0941	0.1009	
0.1506	0.1388	0.1175	0.1018	0.0969	0.1097	0.1007	0.1069	0.1053	0.1089	0.1015	0.0973	0.0938	0.1086	0.0989	0.1045	0.0989	0.1019	0.0934	0.0942	0.0927	0.0978	0.0978	0.1062	0.0935	0.0973	0.0917	0.0934	0.0911	0.0950	0.0945	0.0998	0.0928	0.0996	0.0885	0.0916	0.0907	0.0935	0.0922	0.1019	0.0923	0.0935	0.0888	0.0894	0.0893	0.0942	0.0923	0.1033	0.0912	0.0927	0.0886	0.0897	0.0880	0.0939	0.0912	0.1003	0.0910	0.0915	0.0873	0.0895	0.0873	0.0925	0.0906	0.1216	
0.1603	0.1459	0.1210	0.1028	0.0993	0.1104	0.1024	0.1189	0.1086	0.1108	0.1026	0.0964	0.0964	0.1106	0.0983	0.1035	0.1004	0.1026	0.0951	0.0938	0.0937	0.0982	0.1021	0.0985	0.0954	0.0965	0.0925	0.0917	0.0924	0.0940	0.0970	0.0975	0.0937	0.1002	0.0907	0.0911	0.0908	0.0949	0.0937	0.1008	0.0930	0.0925	0.0899	0.0879	0.0901	0.0923	0.0925	0.0975	0.0916	0.0914	0.0885	0.0884	0.0879	0.0950	0.0929	0.0987	0.0920	0.0891	0.0882	0.0856	0.0881	0.0887	0.0915	0.0947	
0.1777	0.1575	0.1272	0.1067	0.1048	0.1170	0.1061	0.1094	0.1149	0.1181	0.1089	0.1016	0.1017	0.1139	0.1025	0.1079	0.1053	0.1090	0.0997	0.0971	0.0995	0.1014	0.1104	0.1102	0.0997	0.1030	0.0969	0.0957	0.0964	0.0992	0.0999	0.1019	0.0986	0.1055	0.0945	0.0944	0.0968	0.0976	0.0977	0.1019	0.0967	0.0979	0.0945	0.0924	0.0943	0.0980	0.0972	0.1021	0.0956	0.0966	0.0929	0.0922	0.0936	0.0976	0.0976	0.1024	0.0955	0.0922	0.0925	0.0887	0.0927	0.0933	0.0972	0.0973	
0.1875	0.1677	0.1326	0.1106	0.1047	0.1184	0.1056	0.1120	0.1180	0.1218	0.1107	0.1040	0.1005	0.1147	0.1039	0.1095	0.1063	0.1127	0.1013	0.1008	0.0986	0.1041	0.1044	0.1137	0.0998	0.1050	0.0983	0.0981	0.0963	0.0996	0.0991	0.1052	0.0982	0.1072	0.0952	0.0964	0.0947	0.0997	0.0979	0.1066	0.0968	0.0999	0.0937	0.0941	0.0940	0.0977	0.0962	0.1043	0.0957	0.0986	0.0932	0.0942	0.0926	0.0974	0.0967	0.1040	0.0948	0.0938	0.0926	0.0904	0.0924	0.0936	0.0957	0.0969	
0.2044	0.1800	0.1384	0.1136	0.1067	0.1199	0.1082	0.1189	0.1231	0.1291	0.1141	0.1063	0.1037	0.1165	0.1049	0.1151	0.1098	0.1164	0.1043	0.1037	0.1013	0.1040	0.1040	0.1065	0.1027	0.1082	0.0996	0.1012	0.0985	0.1018	0.1014	0.1071	0.1010	0.1093	0.0967	0.0990	0.0972	0.0986	0.0984	0.1066	0.0992	0.1024	0.0963	0.0960	0.0953	0.0994	0.1000	0.1095	0.0975	0.1019	0.0950	0.0955	0.0950	0.0994	0.0965	0.1021	0.0972	0.0960	0.0943	0.0928	0.0941	0.0959	0.0955	0.1047	
0.2186	0.1922	0.1424	0.1158	0.1071	0.1210	0.1084	0.1286	0.1256	0.1346	0.1159	0.1063	0.1029	0.1170	0.1041	0.1102	0.1113	0.1198	0.1049	0.1037	0.1002	0.1070	0.1044	0.1069	0.1036	0.1130	0.1005	0.1006	0.0991	0.1031	0.1011	0.1056	0.1015	0.1104	0.0963	0.0995	0.0970	0.1015	0.1006	0.1059	0.1000	0.1062	0.0966	0.0982	0.0957	0.1027	0.0993	0.1123	0.0980	0.1028	0.0957	0.0953	0.0942	0.1009	0.0968	0.1104	0.0977	0.0982	0.0938	0.0932	0.0931	0.0961	0.0959	0.0998	
0.2308	0.1995	0.1471	0.1175	0.1093	0.1219	0.1105	0.1141	0.1289	0.1377	0.1182	0.1091	0.1041	0.1184	0.1062	0.1109	0.1137	0.1233	0.1069	0.1055	0.1022	0.1073	0.1060	0.1179	0.1047	0.1142	0.1021	0.1032	0.0991	0.1042	0.1019	0.1064	0.1029	0.1143	0.0988	0.1016	0.0981	0.1023	0.0997	0.1076	0.1013	0.1079	0.0991	0.0996	0.0965	0.1004	0.0993	0.1087	0.1000	0.1052	0.0967	0.0986	0.0956	0.1000	0.0983	0.1063	0.0981	0.1001	0.0955	0.0970	0.0953	0.0997	0.0968	0.1023	
0.2436	0.2078	0.1478	0.1144	0.1044	0.1196	0.1067	0.1105	0.1286	0.1378	0.1174	0.1056	0.1009	0.1140	0.1019	0.1087	0.1114	0.1207	0.1046	0.1016	0.0993	0.1032	0.1014	0.1087	0.1031	0.1110	0.0997	0.0977	0.0957	0.1015	0.0984	0.1036	0.1007	0.1108	0.0958	0.0972	0.0940	0.0978	0.0981	0.1038	0.0984	0.1039	0.0959	0.0946	0.0925	0.0979	0.0955	0.1064	0.0970	0.1017	0.0936	0.0948	0.0921	0.0979	0.0945	0.1015	0.0964	0.0979	0.0924	0.0930	0.0910	0.0949	0.0940	0.0997	
0.2618	0.2204	0.1507	0.1134	0.1037	0.1163	0.1048	0.1086	0.1310	0.1386	0.1157	0.1027	0.0974	0.1106	0.0989	0.1039	0.1100	0.1194	0.1023	0.0987	0.0953	0.0997	0.0973	0.1121	0.1007	0.1095	0.0974	0.0953	0.0924	0.0959	0.0950	0.0991	0.0977	0.1082	0.0928	0.0939	0.0908	0.0962	0.0931	0.1004	0.0952	0.0996	0.0917	0.0893	0.0904	0.0938	0.0920	0.1052	0.0939	0.0979	0.0901	0.0901	0.0874	0.0934	0.0917	0.0985	0.0938	0.0917	0.0880	0.0865	0.0870	0.0879	0.0918	0.0924	
0.2939	0.2435	0.1647	0.1220	0.1118	0.1222	0.1122	0.1140	0.1420	0.1489	0.1249	0.1050	0.1035	0.1151	0.1031	0.1126	0.1185	0.1290	0.1109	0.1030	0.1014	0.1053	0.1025	0.1055	0.1063	0.1173	0.1041	0.0999	0.0980	0.0993	0.1006	0.1036	0.1045	0.1134	0.0987	0.0967	0.0956	0.0998	0.0963	0.1024	0.1007	0.1048	0.0976	0.0934	0.0948	0.0976	0.0965	0.1108	0.0994	0.1025	0.0955	0.0928	0.0932	0.0955	0.0961	0.1000	0.0973	0.0949	0.0940	0.0893	0.0916	0.0916	0.0950	0.0946	
0.3223	0.2662	0.1763	0.1277	0.1134	0.1257	0.1133	0.1154	0.1511	0.1580	0.1312	0.1095	0.1050	0.1183	0.1069	0.1124	0.1227	0.1351	0.1146	0.1079	0.1017	0.1068	0.1039	0.1093	0.1092	0.1214	0.1065	0.1027	0.0997	0.1046	0.1023	0.1053	0.1068	0.1179	0.1021	0.1009	0.0974	0.1019	0.0993	0.1195	0.1028	0.1087	0.1000	0.0973	0.0959	0.0993	0.0966	0.1108	0.1006	0.1056	0.0977	0.0969	0.0938	0.0997	0.0966	0.1033	0.1005	0.0987	0.0959	0.0923	0.0928	0.0930	0.0957	0.0973	
0.3486	0.2886	0.1883	0.1330	0.1168	0.1290	0.1149	0.1161	0.1576	0.1696	0.1386	0.1136	0.1057	0.1194	0.1102	0.1150	0.1277	0.1434	0.1186	0.1098	0.1048	0.1086	0.1064	0.1175	0.1123	0.1267	0.1091	0.1046	0.1018	0.1051	0.1037	0.1076	0.1089	0.1202	0.1039	0.1027	0.0992	0.1019	0.1008	0.1068	0.1052	0.1132	0.1017	0.0985	0.0975	0.0992	0.0984	0.1067	0.1035	0.1098	0.0989	0.0982	0.0950	0.1005	0.1007	0.1045	0.1018	0.1011	0.0970	0.0945	0.0935	0.0952	0.0969	0.0997	
0.3765	0.3063	0.1971	0.1364	0.1170	0.1305	0.1150	0.1183	0.1647	0.1785	0.1419	0.1164	0.1066	0.1213	0.1074	0.1143	0.1303	0.1481	0.1220	0.1105	0.1044	0.1113	0.1078	0.1145	0.1147	0.1319	0.1115	0.1060	0.1013	0.1070	0.1050	0.1084	0.1105	0.1221	0.1056	0.1036	0.0996	0.1054	0.1022	0.1078	0.1056	0.1151	0.1035	0.0988	0.0980	0.1024	0.0991	0.1054	0.1044	0.1109	0.1004	0.0985	0.0949	0.0996	0.0985	0.1084	0.1028	0.1017	0.0977	0.0955	0.0946	0.0959	0.0973	0.1009	
0.4043	0.3287	0.2072	0.1434	0.1207	0.1344	0.1171	0.1180	0.1742	0.1852	0.1469	0.1184	0.1074	0.1221	0.1099	0.1144	0.1337	0.1544	0.1244	0.1129	0.1056	0.1102	0.1085	0.1121	0.1168	0.1365	0.1134	0.1076	0.1035	0.1062	0.1060	0.1076	0.1125	0.1248	0.1067	0.1055	0.1000	0.1028	0.1031	0.1084	0.1081	0.1183	0.1046	0.1011	0.0977	0.1010	0.1003	0.1092	0.1054	0.1143	0.1018	0.1004	0.0956	0.1007	0.0990	0.1068	0.1028	0.1041	0.0984	0.0961	0.0951	0.0960	0.0968	0.0998	
0.4323	0.3522	0.2221	0.1521	0.1250	0.1372	0.1195	0.1209	0.1822	0.1949	0.1533	0.1249	0.1083	0.1227	0.1100	0.1189	0.1389	0.1582	0.1288	0.1158	0.1071	0.1129	0.1100	0.1157	0.1225	0.1386	0.1161	0.1094	0.1055	0.1087	0.1066	0.1095	0.1153	0.1284	0.1098	0.1077	0.1007	0.1058	0.1051	0.1088	0.1105	0.1195	0.1064	0.1015	0.0993	0.1043	0.1020	0.1103	0.1068	0.1167	0.1034	0.1006	0.0974	0.1024	0.0995	0.1084	0.1056	0.1049	0.0999	0.0960	0.0954	0.0966	0.0978	0.1007	
0.4638	0.3773	0.2314	0.1589	0.1265	0.1418	0.1181	0.1214	0.1921	0.2045	0.1600	0.1262	0.1100	0.1215	0.1106	0.1170	0.1442	0.1644	0.1333	0.1178	0.1073	0.1126	0.1091	0.1138	0.1225	0.1448	0.1200	0.1093	0.1052	0.1083	0.1060	0.1205	0.1172	0.1319	0.1119	0.1080	0.1021	0.1049	0.1033	0.1086	0.1113	0.1218	0.1080	0.1027	0.1001	0.1032	0.1001	0.1072	0.1085	0.1183	0.1046	0.1017	0.0967	0.1012	0.1003	0.1064	0.1059	0.1059	0.1003	0.0971	0.0954	0.0970	0.0961	0.1020	
0.4884	0.3990	0.2464	0.1677	0.1318	0.1449	0.1208	0.1222	0.2007	0.2181	0.1682	0.1310	0.1127	0.1232	0.1124	0.1179	0.1477	0.1717	0.1377	0.1202	0.1083	0.1136	0.1112	0.1133	0.1237	0.1490	0.1225	0.1123	0.1051	0.1094	0.1079	0.1123	0.1187	0.1359	0.1129	0.1101	0.1027	0.1059	0.1039	0.1165	0.1127	0.1260	0.1101	0.1040	0.1007	0.1032	0.1006	0.1082	0.1092	0.1209	0.1055	0.1029	0.0983	0.1017	0.1005	0.1071	0.1068	0.1078	0.1011	0.0980	0.0955	0.0982	0.0976	0.1011	
0.5178	0.4266	0.2605	0.1767	0.1335	0.1498	0.1202	0.1247	0.2108	0.2283	0.1757	0.1346	0.1127	0.1244	0.1121	0.1169	0.1528	0.1798	0.1419	0.1231	0.1083	0.1145	0.1115	0.1147	0.1271	0.1534	0.1245	0.1133	0.1051	0.1118	0.1069	0.1131	0.1215	0.1371	0.1145	0.1102	0.1024	0.1068	0.1034	0.1102	0.1129	0.1281	0.1106	0.1041	0.1007	0.1049	0.0997	0.1102	0.1104	0.1231	0.1056	0.1018	0.0985	0.1019	0.0991	0.1084	0.1067	0.1092	0.1011	0.0982	0.0954	0.0978	0.0979	0.0999	
0.5414	0.4515	0.2759	0.1850	0.1377	0.1526	0.1235	0.1257	0.2233	0.2427	0.1831	0.1420	0.1160	0.1263	0.1143	0.1178	0.1587	0.1872	0.1476	0.1270	0.1098	0.1164	0.1089	0.1194	0.1308	0.1608	0.1290	0.1151	0.1080	0.1128	0.1089	0.1127	0.1228	0.1426	0.1184	0.1148	0.1043	0.1075	0.1069	0.1123	0.1166	0.1329	0.1150	0.1073	0.1017	0.1065	0.1019	0.1108	0.1125	0.1267	0.1091	0.1063	0.1003	0.1039	0.1020	0.1076	0.1100	0.1106	0.1045	0.1015	0.0978	0.0993	0.0998	0.1027	
0.5657	0.4783	0.2987	0.1959	0.1448	0.1596	0.1259	0.1259	0.2360	0.2554	0.1927	0.1481	0.1176	0.1293	0.1145	0.1179	0.1653	0.1961	0.1533	0.1322	0.1107	0.1170	0.1129	0.1171	0.1353	0.1662	0.1337	0.1184	0.1090	0.1154	0.1100	0.1143	0.1268	0.1463	0.1213	0.1159	0.1047	0.1103	0.1072	0.1217	0.1188	0.1358	0.1169	0.1081	0.1032	0.1082	0.1033	0.1114	0.1149	0.1304	0.1101	0.1072	0.1004	0.1059	0.1014	0.1087	0.1113	0.1133	0.1052	0.1029	0.0983	0.1001	0.1000	0.1025	
0.5850	0.5010	0.3135	0.2055	0.1491	0.1654	0.1254	0.1275	0.2459	0.2687	0.2024	0.1526	0.1188	0.1278	0.1136	0.1189	0.1688	0.2031	0.1567	0.1327	0.1117	0.1153	0.1123	0.1160	0.1359	0.1703	0.1354	0.1165	0.1091	0.1110	0.1102	0.1115	0.1257	0.1459	0.1221	0.1167	0.1045	0.1079	0.1060	0.1105	0.1183	0.1384	0.1168	0.1077	0.1022	0.1041	0.1008	0.1114	0.1153	0.1293	0.1106	0.1051	0.0987	0.1012	0.1002	0.1054	0.1109	0.1139	0.1041	0.1026	0.0968	0.0996	0.0972	0.1032	
0.6074	0.5245	0.3351	0.2106	0.1533	0.1658	0.1264	0.1263	0.2588	0.2819	0.2122	0.1562	0.1218	0.1290	0.1118	0.1156	0.1750	0.2114	0.1631	0.1325	0.1095	0.1140	0.1116	0.1127	0.1390	0.1743	0.1381	0.1176	0.1079	0.1097	0.1070	0.1105	0.1286	0.1482	0.1220	0.1152	0.1032	0.1057	0.1024	0.1088	0.1183	0.1370	0.1167	0.1051	0.1019	0.1031	0.0993	0.1088	0.1143	0.1303	0.1101	0.1029	0.0969	0.0988	0.0978	0.1050	0.1118	0.1128	0.1036	0.0999	0.0948	0.0967	0.0955	0.1019	
0.6321	0.5522	0.3590	0.2281	0.1611	0.1738	0.1318	0.1261	0.2780	0.3009	0.2287	0.1644	0.1254	0.1309	0.1118	0.1129	0.1846	0.2235	0.1713	0.1385	0.1107	0.1118	0.1097	0.1110	0.1443	0.1821	0.1439	0.1189	0.1088	0.1073	0.1078	0.1076	0.1322	0.1532	0.1262	0.1170	0.1046	0.1051	0.1042	0.1081	0.1225	0.1393	0.1202	0.1055	0.1013	0.0999	0.0998	0.1056	0.1164	0.1334	0.1119	0.1029	0.0973	0.0963	0.0980	0.1000	0.1127	0.1124	0.1062	0.0970	0.0946	0.0929	0.0952	0.0946	
0.6485	0.5743	0.3814	0.2458	0.1732	0.1863	0.1398	0.1322	0.2996	0.3206	0.2424	0.1787	0.1348	0.1388	0.1159	0.1191	0.1970	0.2362	0.1841	0.1491	0.1163	0.1187	0.1149	0.1165	0.1529	0.1942	0.1525	0.1245	0.1135	0.1149	0.1137	0.1112	0.1402	0.1584	0.1342	0.1245	0.1075	0.1097	0.1092	0.1114	0.1274	0.1478	0.1259	0.1097	0.1059	0.1070	0.1036	0.1101	0.1221	0.1406	0.1181	0.1075	0.1014	0.1012	0.1018	0.1043	0.1168	0.1176	0.1100	0.1009	0.0985	0.0964	0.0984	0.0984	
0.6632	0.5976	0.4079	0.2647	0.1850	0.1988	0.1455	0.1458	0.3232	0.3415	0.2614	0.1916	0.1404	0.1451	0.1220	0.1215	0.2067	0.2503	0.1939	0.1561	0.1200	0.1202	0.1161	0.1189	0.1594	0.2028	0.1597	0.1291	0.1165	0.1188	0.1148	0.1168	0.1437	0.1677	0.1395	0.1291	0.1092	0.1130	0.1104	0.1154	0.1308	0.1553	0.1310	0.1151	0.1082	0.1086	0.1059	0.1139	0.1253	0.1471	0.1215	0.1111	0.1028	0.1044	0.1014	0.1076	0.1204	0.1215	0.1123	0.1047	0.1000	0.0996	0.0993	0.1001	
0.6644	0.6181	0.4343	0.2848	0.1964	0.2126	0.1500	0.1422	0.3401	0.3631	0.2771	0.2052	0.1503	0.1510	0.1228	0.1237	0.2184	0.2671	0.2050	0.1675	0.1235	0.1259	0.1194	0.1210	0.1657	0.2152	0.1697	0.1352	0.1211	0.1200	0.1166	0.1166	0.1491	0.1769	0.1441	0.1363	0.1112	0.1137	0.1113	0.1189	0.1361	0.1607	0.1360	0.1180	0.1097	0.1116	0.1073	0.1133	0.1278	0.1529	0.1244	0.1136	0.1036	0.1071	0.1038	0.1096	0.1217	0.1239	0.1144	0.1068	0.1006	0.1013	0.1005	0.1024	
0.6682	0.6366	0.4598	0.3035	0.2080	0.2211	0.1536	0.1450	0.3611	0.3811	0.2953	0.2183	0.1552	0.1563	0.1260	0.1228	0.2327	0.2793	0.2175	0.1735	0.1277	0.1277	0.1188	0.1206	0.1711	0.2234	0.1750	0.1386	0.1231	0.1201	0.1178	0.1175	0.1563	0.1831	0.1501	0.1410	0.1125	0.1165	0.1115	0.1163	0.1387	0.1665	0.1398	0.1206	0.1110	0.1130	0.1076	0.1169	0.1315	0.1572	0.1285	0.1178	0.1051	0.1069	0.1065	0.1104	0.1244	0.1285	0.1177	0.1102	0.1021	0.1012	0.1007	0.1032	
0.6763	0.6608	0.4853	0.3221	0.2191	0.2320	0.1602	0.1520	0.3814	0.4065	0.3134	0.2311	0.1654	0.1646	0.1285	0.1263	0.2435	0.2911	0.2297	0.1829	0.1311	0.1314	0.1195	0.1206	0.1805	0.2345	0.1837	0.1448	0.1253	0.1225	0.1189	0.1178	0.1602	0.1867	0.1555	0.1440	0.1133	0.1178	0.1147	0.1179	0.1422	0.1722	0.1439	0.1236	0.1120	0.1126	0.1073	0.1147	0.1338	0.1636	0.1309	0.1199	0.1067	0.1080	0.1058	0.1098	0.1274	0.1318	0.1196	0.1115	0.1024	0.1019	0.1012	0.1040	
0.6741	0.6727	0.5087	0.3392	0.2323	0.2417	0.1659	0.1541	0.3997	0.4227	0.3261	0.2420	0.1737	0.1710	0.1343	0.1288	0.2531	0.3079	0.2388	0.1934	0.1356	0.1343	0.1208	0.1228	0.1852	0.2431	0.1913	0.1504	0.1309	0.1253	0.1193	0.1193	0.1636	0.1942	0.1608	0.1494	0.1158	0.1190	0.1147	0.1193	0.1463	0.1772	0.1500	0.1277	0.1148	0.1148	0.1084	0.1161	0.1358	0.1675	0.1339	0.1237	0.1082	0.1093	0.1058	0.1150	0.1301	0.1331	0.1229	0.1135	0.1038	0.1022	0.1032	0.1060	
0.6667	0.6718	0.5285	0.3587	0.2419	0.2473	0.1684	0.1510	0.4124	0.4370	0.3400	0.2515	0.1790	0.1708	0.1323	0.1239	0.2575	0.3153	0.2426	0.1930	0.1341	0.1299	0.1163	0.1139	0.1832	0.2505	0.1928	0.1487	0.1279	0.1190	0.1138	0.1132	0.1625	0.1943	0.1587	0.1465	0.1118	0.1112	0.1103	0.1139	0.1427	0.1773	0.1467	0.1233	0.1104	0.1071	0.1045	0.1099	0.1339	0.1661	0.1319	0.1162	0.1030	0.1014	0.1002	0.1029	0.1267	0.1299	0.1179	0.1102	0.0998	0.0970	0.0973	0.1004	
0.6730	0.6838	0.5577	0.3839	0.2686	0.2703	0.1848	0.1633	0.4378	0.4628	0.3665	0.2744	0.1964	0.1841	0.1462	0.1297	0.2793	0.3378	0.2660	0.2094	0.1480	0.1390	0.1238	0.1220	0.2029	0.2683	0.2080	0.1589	0.1397	0.1242	0.1223	0.1196	0.1774	0.2095	0.1720	0.1578	0.1211	0.1189	0.1175	0.1194	0.1526	0.1892	0.1577	0.1302	0.1193	0.1138	0.1095	0.1179	0.1434	0.1763	0.1434	0.1240	0.1103	0.1067	0.1067	0.1082	0.1354	0.1382	0.1269	0.1153	0.1048	0.1013	0.1021	0.1007	
0.6817	0.6838	0.5790	0.4046	0.2800	0.2902	0.1919	0.1694	0.4600	0.4833	0.3859	0.2938	0.2092	0.1993	0.1517	0.1373	0.2944	0.3522	0.2803	0.2244	0.1538	0.1478	0.1271	0.1261	0.2111	0.2788	0.2218	0.1685	0.1437	0.1310	0.1240	0.1226	0.1833	0.2187	0.1798	0.1651	0.1217	0.1229	0.1182	0.1218	0.1573	0.1990	0.1661	0.1376	0.1218	0.1186	0.1117	0.1189	0.1466	0.1858	0.1480	0.1313	0.1133	0.1103	0.1074	0.1132	0.1395	0.1446	0.1304	0.1197	0.1074	0.1049	0.1047	0.1037	
0.6711	0.6782	0.5909	0.4235	0.2904	0.2935	0.1979	0.1704	0.4666	0.4888	0.3970	0.3001	0.2172	0.2008	0.1538	0.1357	0.3001	0.3592	0.2906	0.2285	0.1551	0.1446	0.1237	0.1199	0.2118	0.2836	0.2226	0.1679	0.1435	0.1268	0.1184	0.1166	0.1805	0.2203	0.1807	0.1660	0.1187	0.1195	0.1140	0.1161	0.1549	0.1964	0.1641	0.1332	0.1186	0.1147	0.1069	0.1117	0.1456	0.1837	0.1437	0.1292	0.1084	0.1062	0.1019	0.1055	0.1359	0.1429	0.1273	0.1174	0.1026	0.1003	0.0986	0.1010	
0.6851	0.6925	0.6145	0.4608	0.3129	0.3210	0.2116	0.1851	0.4956	0.5194	0.4269	0.3318	0.2367	0.2224	0.1680	0.1459	0.3247	0.3887	0.3103	0.2503	0.1704	0.1573	0.1314	0.1458	0.2292	0.3079	0.2422	0.1838	0.1545	0.1355	0.1270	0.1213	0.1968	0.2372	0.1950	0.1786	0.1269	0.1253	0.1205	0.1206	0.1670	0.2116	0.1753	0.1433	0.1269	0.1200	0.1132	0.1179	0.1556	0.1976	0.1553	0.1370	0.1148	0.1110	0.1095	0.1109	0.1437	0.1513	0.1364	0.1225	0.1085	0.1035	0.1049	0.1034	
0.6882	0.6980	0.6304	0.4853	0.3360	0.3401	0.2228	0.1956	0.5148	0.5346	0.4515	0.3532	0.2557	0.2400	0.1779	0.1556	0.3442	0.4035	0.3328	0.2698	0.1790	0.1689	0.1376	0.1346	0.2426	0.3226	0.2584	0.1954	0.1643	0.1432	0.1284	0.1255	0.2069	0.2495	0.2091	0.1888	0.1335	0.1313	0.1237	0.1259	0.1760	0.2248	0.1875	0.1523	0.1324	0.1243	0.1151	0.1226	0.1612	0.2097	0.1654	0.1451	0.1205	0.1152	0.1096	0.1171	0.1494	0.1577	0.1421	0.1294	0.1124	0.1062	0.1060	0.1058	
0.6910	0.7010	0.6359	0.5056	0.3551	0.3630	0.2316	0.2020	0.5327	0.5553	0.4681	0.3706	0.2721	0.2529	0.1894	0.1584	0.3563	0.4233	0.3460	0.2808	0.1892	0.1767	0.1405	0.1386	0.2503	0.3401	0.2704	0.2050	0.1699	0.1460	0.1301	0.1251	0.2119	0.2582	0.2135	0.1960	0.1356	0.1337	0.1250	0.1246	0.1773	0.2296	0.1930	0.1554	0.1353	0.1230	0.1146	0.1241	0.1639	0.2129	0.1677	0.1495	0.1205	0.1143	0.1124	0.1151	0.1518	0.1597	0.1441	0.1330	0.1145	0.1071	0.1063	0.1069	
0.6860	0.6974	0.6370	0.5267	0.3793	0.3779	0.2442	0.2123	0.5449	0.5693	0.4825	0.3860	0.2881	0.2628	0.2010	0.1638	0.3672	0.4351	0.3614	0.2944	0.1984	0.1820	0.1456	0.1415	0.2594	0.3498	0.2805	0.2116	0.1779	0.1513	0.1340	0.1281	0.2184	0.2669	0.2214	0.2031	0.1402	0.1347	0.1261	0.1263	0.1853	0.2384	0.1971	0.1587	0.1400	0.1270	0.1183	0.1223	0.1686	0.2229	0.1709	0.1507	0.1269	0.1154	0.1128	0.1171	0.1551	0.1662	0.1470	0.1358	0.1164	0.1113	0.1092	0.1101	
0.6836	0.7007	0.6402	0.5492	0.4004	0.3980	0.2564	0.2202	0.5621	0.5875	0.4988	0.4091	0.3062	0.2787	0.2080	0.1667	0.3820	0.4537	0.3755	0.3135	0.2100	0.1909	0.1492	0.1416	0.2701	0.3616	0.2921	0.2214	0.1868	0.1501	0.1338	0.1242	0.2259	0.2752	0.2317	0.2105	0.1431	0.1340	0.1238	0.1217	0.1867	0.2434	0.2045	0.1610	0.1422	0.1229	0.1170	0.1183	0.1705	0.2256	0.1738	0.1552	0.1252	0.1120	0.1092	0.1119	0.1562	0.1640	0.1495	0.1357	0.1151	0.1041	0.1053	0.1015	
0.6997	0.7079	0.6498	0.5677	0.4236	0.4245	0.2800	0.2333	0.5883	0.6076	0.5205	0.4272	0.3308	0.2984	0.2312	0.1792	0.4079	0.4740	0.4008	0.3328	0.2279	0.2057	0.1616	0.1497	0.2916	0.3840	0.3122	0.2376	0.1995	0.1640	0.1427	0.1301	0.2444	0.2932	0.2467	0.2241	0.1512	0.1423	0.1320	0.1290	0.2005	0.2598	0.2176	0.1723	0.1506	0.1340	0.1227	0.1253	0.1829	0.2416	0.1883	0.1658	0.1319	0.1186	0.1146	0.1177	0.1671	0.1783	0.1617	0.1454	0.1220	0.1110	0.1097	0.1086	
0.6937	0.6992	0.6469	0.5899	0.4397	0.4443	0.2863	0.2438	0.5916	0.6123	0.5324	0.4484	0.3437	0.3187	0.2364	0.1884	0.4181	0.4828	0.4112	0.3455	0.2385	0.2179	0.1671	0.1566	0.2969	0.3914	0.3210	0.2479	0.2061	0.1708	0.1418	0.1341	0.2467	0.2981	0.2537	0.2346	0.1548	0.1477	0.1335	0.1338	0.2035	0.2666	0.2231	0.1791	0.1565	0.1383	0.1236	0.1293	0.1873	0.2454	0.1906	0.1712	0.1375	0.1236	0.1158	0.1209	0.1694	0.1824	0.1611	0.1492	0.1251	0.1161	0.1115	0.1132	
0.6964	0.7041	0.6446	0.5914	0.4570	0.4690	0.3034	0.2531	0.5986	0.6222	0.5451	0.4668	0.3611	0.3358	0.2535	0.1980	0.4343	0.4987	0.4279	0.3661	0.2504	0.2304	0.1752	0.1596	0.3087	0.4070	0.3348	0.2612	0.2141	0.1760	0.1446	0.1308	0.2589	0.3138	0.2629	0.2457	0.1601	0.1502	0.1325	0.1307	0.2097	0.2762	0.2317	0.1872	0.1610	0.1366	0.1230	0.1265	0.1904	0.2552	0.2011	0.1805	0.1369	0.1186	0.1150	0.1175	0.1720	0.1874	0.1688	0.1534	0.1259	0.1124	0.1103	0.1072	
0.7058	0.7132	0.6525	0.6047	0.4862	0.4951	0.3224	0.2736	0.6121	0.6397	0.5669	0.4932	0.3860	0.3601	0.2724	0.2147	0.4556	0.5185	0.4467	0.3870	0.2690	0.2475	0.1870	0.1759	0.3290	0.4274	0.3513	0.2784	0.2315	0.1879	0.1548	0.1397	0.2710	0.3304	0.2777	0.2614	0.1715	0.1569	0.1394	0.1383	0.2214	0.2921	0.2468	0.1972	0.1718	0.1460	0.1281	0.1335	0.2001	0.2744	0.2063	0.1854	0.1463	0.1257	0.1187	0.1214	0.1813	0.1946	0.1760	0.1585	0.1322	0.1178	0.1148	0.1121	
0.7040	0.7140	0.6480	0.5999	0.5075	0.5107	0.3411	0.2813	0.6108	0.6424	0.5798	0.5036	0.4028	0.3706	0.2907	0.2216	0.4635	0.5330	0.4623	0.3997	0.2833	0.2555	0.1970	0.1774	0.3375	0.4429	0.3679	0.2897	0.2434	0.1924	0.1585	0.1418	0.2798	0.3407	0.2905	0.2692	0.1776	0.1629	0.1433	0.1391	0.2275	0.3022	0.2539	0.2021	0.1772	0.1461	0.1301	0.1317	0.2063	0.2774	0.2143	0.1916	0.1502	0.1289	0.1210	0.1232	0.1864	0.2009	0.1800	0.1650	0.1355	0.1200	0.1156	0.1146	
0.6986	0.7118	0.6535	0.6009	0.5233	0.5269	0.3560	0.2894	0.6070	0.6429	0.5926	0.5148	0.4227	0.3868	0.3036	0.2272	0.4758	0.5436	0.4748	0.4159	0.2986	0.2685	0.2037	0.1794	0.3484	0.4530	0.3812	0.3007	0.2535	0.1986	0.1613	0.1379	0.2855	0.3523	0.3016	0.2804	0.1817	0.1654	0.1425	0.1340	0.2303	0.3075	0.2589	0.2056	0.1813	0.1450	0.1278	0.1238	0.2095	0.2851	0.2189	0.1931	0.1519	0.1255	0.1170	0.1176	0.1878	0.2034	0.1817	0.1639	0.1353	0.1148	0.1121	0.1075	
0.7092	0.7213	0.6583	0.6060	0.5510	0.5587	0.3828	0.3123	0.6175	0.6495	0.6044	0.5362	0.4485	0.4159	0.3328	0.2502	0.4978	0.5604	0.4970	0.4363	0.3223	0.2899	0.2205	0.1935	0.3682	0.4685	0.4004	0.3227	0.2745	0.2165	0.1751	0.1503	0.3031	0.3661	0.3159	0.2974	0.1977	0.1749	0.1516	0.1412	0.2440	0.3236	0.2772	0.2213	0.1953	0.1578	0.1345	0.1350	0.2201	0.2979	0.2332	0.2067	0.1606	0.1322	0.1231	0.1248	0.1969	0.2147	0.1934	0.1768	0.1432	0.1212	0.1182	0.1148	
0.7116	0.7202	0.6601	0.6050	0.5565	0.5738	0.3887	0.3277	0.6189	0.6500	0.6057	0.5479	0.4632	0.4350	0.3439	0.2666	0.5130	0.5729	0.5084	0.4546	0.3392	0.3054	0.2294	0.2043	0.3811	0.4818	0.4154	0.3355	0.2874	0.2279	0.1783	0.1548	0.3143	0.3796	0.3311	0.3088	0.2055	0.1843	0.1552	0.1429	0.2545	0.3356	0.2869	0.2328	0.2037	0.1627	0.1370	0.1371	0.2296	0.3108	0.2427	0.2154	0.1690	0.1359	0.1243	0.1252	0.2054	0.2211	0.1977	0.1862	0.1480	0.1249	0.1175	0.1146	
0.7160	0.7183	0.6536	0.6058	0.5526	0.5780	0.4045	0.3375	0.6212	0.6440	0.6044	0.5595	0.4756	0.4526	0.3591	0.2798	0.5277	0.5817	0.5154	0.4629	0.3504	0.3197	0.2386	0.2095	0.3911	0.4903	0.4199	0.3451	0.2930	0.2359	0.1846	0.1581	0.3223	0.3875	0.3360	0.3170	0.2087	0.1878	0.1575	0.1436	0.2578	0.3394	0.2920	0.2350	0.2087	0.1638	0.1352	0.1308	0.2315	0.3162	0.2442	0.2194	0.1689	0.1356	0.1231	0.1227	0.2049	0.2239	0.2002	0.1845	0.1487	0.1215	0.1164	0.1121	
0.7213	0.7250	0.6636	0.6108	0.5655	0.5847	0.4289	0.3592	0.6260	0.6537	0.6179	0.5764	0.4976	0.4736	0.3820	0.2969	0.5493	0.5957	0.5406	0.4846	0.3732	0.3468	0.2600	0.2263	0.4089	0.5095	0.4458	0.3683	0.3156	0.2546	0.1991	0.1664	0.3404	0.4082	0.3544	0.3375	0.2263	0.2035	0.1668	0.1503	0.2732	0.3573	0.3110	0.2526	0.2248	0.1748	0.1432	0.1380	0.2463	0.3346	0.2631	0.2363	0.1816	0.1447	0.1301	0.1293	0.2162	0.2391	0.2149	0.2000	0.1582	0.1322	0.1234	0.1184	
0.7214	0.7264	0.6629	0.6131	0.5613	0.5834	0.4469	0.3780	0.6267	0.6544	0.6160	0.5851	0.5069	0.4907	0.4005	0.3177	0.5548	0.6022	0.5512	0.5005	0.3891	0.3626	0.2726	0.2409	0.4225	0.5238	0.4578	0.3809	0.3273	0.2673	0.2074	0.1756	0.3485	0.4218	0.3656	0.3524	0.2340	0.2140	0.1733	0.1530	0.2836	0.3650	0.3220	0.2640	0.2321	0.1837	0.1471	0.1404	0.2558	0.3477	0.2695	0.2487	0.1880	0.1503	0.1319	0.1302	0.2232	0.2453	0.2224	0.2072	0.1641	0.1364	0.1273	0.1197	
0.7193	0.7271	0.6605	0.6032	0.5604	0.5745	0.4686	0.3849	0.6188	0.6523	0.6133	0.5817	0.5197	0.4976	0.4183	0.3270	0.5530	0.6031	0.5591	0.5104	0.4041	0.3655	0.2851	0.2434	0.4296	0.5335	0.4717	0.3897	0.3420	0.2701	0.2133	0.1734	0.3527	0.4278	0.3776	0.3575	0.2445	0.2133	0.1758	0.1498	0.2856	0.3758	0.3250	0.2622	0.2395	0.1821	0.1467	0.1362	0.2551	0.3467	0.2736	0.2475	0.1916	0.1455	0.1287	0.1253	0.2263	0.2489	0.2228	0.2058	0.1634	0.1325	0.1222	0.1158	
0.7286	0.7347	0.6733	0.6130	0.5750	0.5904	0.4923	0.4090	0.6284	0.6600	0.6232	0.5927	0.5388	0.5256	0.4400	0.3528	0.5653	0.6166	0.5776	0.5341	0.4296	0.3997	0.3085	0.2668	0.4512	0.5558	0.4900	0.4172	0.3672	0.2944	0.2316	0.1866	0.3707	0.4508	0.3958	0.3840	0.2672	0.2337	0.1892	0.1618	0.3022	0.3940	0.3466	0.2853	0.2593	0.1953	0.1572	0.1448	0.2722	0.3663	0.2946	0.2657	0.2083	0.1590	0.1366	0.1326	0.2414	0.2677	0.2399	0.2248	0.1807	0.1428	0.1318	0.1209	
0.7345	0.7390	0.6797	0.6173	0.5751	0.5902	0.5154	0.4303	0.6335	0.6651	0.6296	0.5964	0.5455	0.5401	0.4605	0.3747	0.5739	0.6211	0.5811	0.5454	0.4470	0.4147	0.3294	0.2846	0.4718	0.5726	0.5062	0.4339	0.3833	0.3106	0.2474	0.1994	0.3883	0.4673	0.4121	0.3954	0.2793	0.2499	0.2012	0.1704	0.3203	0.4089	0.3612	0.2958	0.2712	0.2081	0.1644	0.1503	0.2844	0.3815	0.3048	0.2783	0.2168	0.1673	0.1432	0.1393	0.2494	0.2766	0.2508	0.2368	0.1868	0.1506	0.1348	0.1252	
0.7310	0.7323	0.6727	0.6130	0.5647	0.5846	0.5217	0.4387	0.6312	0.6554	0.6235	0.5929	0.5435	0.5435	0.4731	0.3856	0.5689	0.6089	0.5765	0.5532	0.4556	0.4282	0.3395	0.2905	0.4748	0.5647	0.5128	0.4393	0.3883	0.3212	0.2532	0.2019	0.3913	0.4666	0.4144	0.4048	0.2831	0.2528	0.2051	0.1687	0.3182	0.4096	0.3603	0.2985	0.2740	0.2098	0.1652	0.1487	0.2844	0.3818	0.3039	0.2793	0.2156	0.1656	0.1405	0.1319	0.2510	0.2755	0.2488	0.2343	0.1860	0.1489	0.1319	0.1245	
0.7411	0.7425	0.6829	0.6232	0.5805	0.5904	0.5257	0.4646	0.6376	0.6674	0.6290	0.6022	0.5595	0.5614	0.4869	0.4101	0.5798	0.6243	0.5868	0.5677	0.4815	0.4513	0.3578	0.3188	0.4965	0.5813	0.5323	0.4660	0.4165	0.3471	0.2675	0.2179	0.4150	0.4914	0.4368	0.4198	0.3074	0.2730	0.2171	0.1794	0.3361	0.4280	0.3842	0.3184	0.2981	0.2296	0.1724	0.1575	0.3055	0.4036	0.3255	0.2999	0.2366	0.1809	0.1499	0.1404	0.2617	0.2938	0.2671	0.2487	0.1978	0.1585	0.1387	0.1285	
0.7422	0.7457	0.6853	0.6269	0.5744	0.5956	0.5277	0.4838	0.6408	0.6710	0.6324	0.6091	0.5550	0.5714	0.4987	0.4363	0.5808	0.6269	0.5856	0.5800	0.4924	0.4772	0.3781	0.3363	0.5140	0.5884	0.5427	0.4828	0.4302	0.3688	0.2847	0.2316	0.4278	0.5096	0.4483	0.4406	0.3171	0.2910	0.2305	0.1884	0.3500	0.4469	0.3937	0.3351	0.3088	0.2411	0.1818	0.1643	0.3160	0.4172	0.3341	0.3177	0.2459	0.1903	0.1560	0.1486	0.2748	0.3044	0.2783	0.2645	0.2086	0.1679	0.1467	0.1319	
