0.0875	0.0873	0.0883	0.0886	0.0892	0.0896	0.0919	0.0913	0.1154	0.1115	0.1088	0.1109	0.1097	0.1209	0.1191	0.1282	0.0873	0.0860	0.0868	0.0882	0.0896	0.0892	0.0923	0.0905	0.1202	0.1136	0.1067	0.1019	0.0978	0.1253	0.1150	0.1006	0.0865	0.0865	0.0862	0.0859	0.0880	0.0889	0.0921	0.0903	0.1031	0.1076	0.1007	0.0990	0.1021	0.0954	0.0976	0.0914	0.0867	0.0853	0.0864	0.0867	0.0881	0.0886	0.0915	0.0898	0.0908	0.0923	0.0916	0.0935	0.0917	0.0929	0.0984	0.0893	
0.0867	0.0867	0.0873	0.0878	0.0879	0.0881	0.0898	0.0900	0.0860	0.0868	0.0864	0.0870	0.0878	0.0882	0.0904	0.0877	0.0863	0.0863	0.0868	0.0886	0.0884	0.0882	0.0898	0.0887	0.0875	0.0860	0.0860	0.0860	0.0886	0.0892	0.0902	0.0880	0.0854	0.0858	0.0860	0.0863	0.0873	0.0882	0.0901	0.0887	0.0853	0.0862	0.0853	0.0868	0.0880	0.0887	0.0899	0.0885	0.0860	0.0848	0.0864	0.0862	0.0877	0.0889	0.0896	0.0894	0.0856	0.0875	0.0857	0.0877	0.0885	0.0887	0.0903	0.0874	
0.0862	0.0863	0.0874	0.0864	0.0868	0.0874	0.0885	0.0890	0.0855	0.0864	0.0860	0.0857	0.0875	0.0873	0.0893	0.0867	0.0856	0.0863	0.0869	0.0875	0.0873	0.0879	0.0884	0.0867	0.0882	0.0857	0.0855	0.0851	0.0882	0.0888	0.0897	0.0875	0.0851	0.0864	0.0871	0.0860	0.0880	0.0878	0.0910	0.0886	0.0850	0.0862	0.0854	0.0862	0.0871	0.0881	0.0891	0.0873	0.0856	0.0850	0.0862	0.0864	0.0873	0.0888	0.0898	0.0886	0.0852	0.0871	0.0863	0.0871	0.0875	0.0881	0.0902	0.0878	
0.0849	0.0855	0.0869	0.0860	0.0867	0.0866	0.0878	0.0877	0.0835	0.0845	0.0841	0.0846	0.0849	0.0858	0.0869	0.0844	0.0843	0.0855	0.0858	0.0870	0.0872	0.0884	0.0879	0.0871	0.0863	0.0846	0.0838	0.0833	0.0861	0.0876	0.0873	0.0859	0.0829	0.0860	0.0855	0.0852	0.0862	0.0871	0.0891	0.0876	0.0822	0.0837	0.0835	0.0837	0.0857	0.0866	0.0875	0.0861	0.0831	0.0831	0.0857	0.0851	0.0862	0.0862	0.0875	0.0870	0.0834	0.0856	0.0840	0.0843	0.0859	0.0853	0.0870	0.0861	
0.0816	0.0823	0.0833	0.0825	0.0834	0.0829	0.0845	0.0847	0.0805	0.0808	0.0809	0.0808	0.0813	0.0820	0.0836	0.0804	0.0793	0.0815	0.0826	0.0830	0.0836	0.0840	0.0842	0.0834	0.0829	0.0801	0.0802	0.0790	0.0823	0.0824	0.0829	0.0811	0.0794	0.0825	0.0822	0.0817	0.0836	0.0836	0.0862	0.0836	0.0804	0.0808	0.0798	0.0809	0.0813	0.0820	0.0829	0.0828	0.0797	0.0817	0.0821	0.0816	0.0833	0.0840	0.0842	0.0840	0.0794	0.0798	0.0792	0.0806	0.0817	0.0811	0.0829	0.0810	
0.0862	0.0835	0.0834	0.0836	0.0848	0.0840	0.0844	0.0850	0.0824	0.0834	0.0826	0.0831	0.0831	0.0834	0.0844	0.0828	0.0843	0.0819	0.0828	0.0838	0.0839	0.0841	0.0848	0.0834	0.0844	0.0815	0.0822	0.0816	0.0843	0.0840	0.0845	0.0828	0.0854	0.0835	0.0825	0.0810	0.0842	0.0842	0.0860	0.0842	0.0822	0.0824	0.0815	0.0816	0.0833	0.0832	0.0842	0.0825	0.0829	0.0835	0.0831	0.0831	0.0834	0.0846	0.0842	0.0846	0.0816	0.0831	0.0812	0.0820	0.0830	0.0824	0.0833	0.0817	
0.0888	0.0888	0.0889	0.0884	0.0889	0.0892	0.0896	0.0901	0.0880	0.0900	0.0891	0.0890	0.0887	0.0897	0.0911	0.0889	0.0898	0.0877	0.0881	0.0885	0.0889	0.0891	0.0890	0.0890	0.0906	0.0883	0.0891	0.0872	0.0904	0.0901	0.0900	0.0891	0.0894	0.0881	0.0877	0.0877	0.0883	0.0884	0.0906	0.0888	0.0886	0.0891	0.0881	0.0885	0.0892	0.0902	0.0901	0.0884	0.0895	0.0875	0.0865	0.0872	0.0876	0.0887	0.0894	0.0882	0.0886	0.0899	0.0887	0.0886	0.0886	0.0888	0.0900	0.0883	
0.0864	0.0866	0.0872	0.0865	0.0871	0.0866	0.0872	0.0881	0.0878	0.0879	0.0881	0.0883	0.0883	0.0881	0.0896	0.0872	0.0883	0.0866	0.0869	0.0880	0.0873	0.0875	0.0874	0.0876	0.0888	0.0866	0.0873	0.0859	0.0880	0.0884	0.0875	0.0876	0.0875	0.0863	0.0864	0.0851	0.0863	0.0867	0.0884	0.0865	0.0871	0.0876	0.0866	0.0864	0.0879	0.0878	0.0885	0.0869	0.0862	0.0859	0.0857	0.0853	0.0857	0.0861	0.0865	0.0868	0.0856	0.0880	0.0858	0.0855	0.0864	0.0863	0.0867	0.0860	
0.0861	0.0869	0.0874	0.0866	0.0868	0.0865	0.0871	0.0874	0.0866	0.0869	0.0881	0.0867	0.0861	0.0872	0.0887	0.0862	0.0863	0.0859	0.0862	0.0874	0.0872	0.0874	0.0871	0.0871	0.0876	0.0852	0.0861	0.0849	0.0875	0.0876	0.0878	0.0866	0.0859	0.0864	0.0865	0.0857	0.0861	0.0858	0.0880	0.0867	0.0852	0.0860	0.0859	0.0863	0.0868	0.0880	0.0890	0.0867	0.0869	0.0852	0.0863	0.0857	0.0863	0.0878	0.0881	0.0865	0.0858	0.0869	0.0853	0.0864	0.0871	0.0873	0.0875	0.0866	
0.0864	0.0867	0.0868	0.0867	0.0866	0.0867	0.0871	0.0874	0.0858	0.0863	0.0865	0.0862	0.0862	0.0867	0.0887	0.0867	0.0859	0.0862	0.0864	0.0870	0.0872	0.0877	0.0868	0.0867	0.0877	0.0856	0.0861	0.0849	0.0868	0.0873	0.0874	0.0868	0.0853	0.0861	0.0865	0.0856	0.0866	0.0860	0.0887	0.0866	0.0859	0.0861	0.0856	0.0855	0.0865	0.0869	0.0882	0.0871	0.0860	0.0855	0.0862	0.0848	0.0856	0.0872	0.0874	0.0863	0.0853	0.0871	0.0858	0.0862	0.0869	0.0863	0.0877	0.0861	
0.0858	0.0869	0.0869	0.0865	0.0871	0.0869	0.0869	0.0874	0.0863	0.0863	0.0866	0.0863	0.0867	0.0869	0.0883	0.0861	0.0852	0.0862	0.0862	0.0872	0.0866	0.0875	0.0870	0.0866	0.0889	0.0852	0.0855	0.0844	0.0875	0.0869	0.0879	0.0868	0.0845	0.0863	0.0867	0.0854	0.0864	0.0870	0.0886	0.0858	0.0854	0.0862	0.0859	0.0859	0.0870	0.0866	0.0884	0.0863	0.0850	0.0859	0.0867	0.0859	0.0863	0.0869	0.0871	0.0875	0.0850	0.0859	0.0858	0.0858	0.0866	0.0873	0.0874	0.0859	
0.0846	0.0857	0.0863	0.0855	0.0863	0.0852	0.0862	0.0864	0.0844	0.0842	0.0837	0.0846	0.0851	0.0847	0.0859	0.0835	0.0830	0.0849	0.0854	0.0856	0.0864	0.0861	0.0855	0.0856	0.0862	0.0839	0.0834	0.0820	0.0848	0.0845	0.0845	0.0834	0.0830	0.0854	0.0845	0.0840	0.0853	0.0846	0.0869	0.0848	0.0837	0.0843	0.0829	0.0839	0.0843	0.0843	0.0855	0.0839	0.0825	0.0852	0.0847	0.0838	0.0841	0.0853	0.0854	0.0852	0.0831	0.0835	0.0828	0.0834	0.0846	0.0851	0.0846	0.0843	
0.0816	0.0823	0.0825	0.0822	0.0835	0.0826	0.0831	0.0836	0.0808	0.0813	0.0810	0.0811	0.0811	0.0808	0.0822	0.0796	0.0798	0.0820	0.0821	0.0831	0.0832	0.0832	0.0830	0.0823	0.0824	0.0799	0.0803	0.0787	0.0813	0.0811	0.0814	0.0800	0.0790	0.0823	0.0821	0.0813	0.0823	0.0824	0.0843	0.0828	0.0804	0.0802	0.0799	0.0796	0.0816	0.0809	0.0819	0.0803	0.0793	0.0810	0.0825	0.0812	0.0823	0.0818	0.0819	0.0827	0.0795	0.0802	0.0799	0.0801	0.0816	0.0805	0.0806	0.0800	
0.0807	0.0801	0.0804	0.0803	0.0810	0.0799	0.0803	0.0813	0.0803	0.0799	0.0801	0.0805	0.0805	0.0799	0.0813	0.0784	0.0809	0.0797	0.0796	0.0799	0.0804	0.0808	0.0802	0.0798	0.0811	0.0788	0.0784	0.0779	0.0811	0.0794	0.0800	0.0785	0.0799	0.0799	0.0805	0.0787	0.0808	0.0806	0.0819	0.0807	0.0797	0.0792	0.0796	0.0786	0.0800	0.0790	0.0802	0.0789	0.0795	0.0797	0.0796	0.0806	0.0806	0.0814	0.0814	0.0802	0.0776	0.0785	0.0779	0.0786	0.0797	0.0790	0.0786	0.0776	
0.0890	0.0890	0.0888	0.0882	0.0887	0.0881	0.0885	0.0892	0.0888	0.0892	0.0888	0.0883	0.0884	0.0891	0.0902	0.0880	0.0906	0.0873	0.0876	0.0879	0.0880	0.0881	0.0876	0.0880	0.0896	0.0871	0.0873	0.0872	0.0880	0.0885	0.0895	0.0877	0.0890	0.0877	0.0871	0.0871	0.0876	0.0872	0.0890	0.0878	0.0876	0.0879	0.0872	0.0873	0.0886	0.0885	0.0890	0.0880	0.0898	0.0861	0.0869	0.0869	0.0870	0.0878	0.0882	0.0872	0.0879	0.0889	0.0869	0.0880	0.0886	0.0884	0.0885	0.0874	
0.0860	0.0868	0.0872	0.0865	0.0862	0.0859	0.0861	0.0869	0.0874	0.0879	0.0883	0.0879	0.0881	0.0882	0.0888	0.0865	0.0892	0.0858	0.0858	0.0861	0.0855	0.0871	0.0865	0.0867	0.0884	0.0855	0.0860	0.0844	0.0866	0.0866	0.0868	0.0860	0.0871	0.0861	0.0855	0.0849	0.0856	0.0862	0.0874	0.0862	0.0860	0.0865	0.0850	0.0860	0.0867	0.0866	0.0870	0.0855	0.0866	0.0849	0.0854	0.0845	0.0860	0.0864	0.0859	0.0856	0.0855	0.0861	0.0846	0.0850	0.0857	0.0858	0.0861	0.0852	
0.0873	0.0879	0.0881	0.0873	0.0873	0.0868	0.0878	0.0883	0.0882	0.0884	0.0887	0.0890	0.0885	0.0887	0.0894	0.0872	0.0879	0.0867	0.0865	0.0878	0.0874	0.0879	0.0876	0.0872	0.0889	0.0865	0.0866	0.0859	0.0879	0.0881	0.0882	0.0867	0.0870	0.0876	0.0869	0.0865	0.0875	0.0871	0.0886	0.0866	0.0867	0.0872	0.0867	0.0863	0.0874	0.0879	0.0880	0.0880	0.0872	0.0859	0.0867	0.0853	0.0870	0.0876	0.0869	0.0874	0.0862	0.0874	0.0870	0.0870	0.0872	0.0878	0.0866	0.0867	
0.0868	0.0873	0.0873	0.0871	0.0873	0.0864	0.0867	0.0871	0.0867	0.0870	0.0866	0.0865	0.0862	0.0867	0.0872	0.0856	0.0858	0.0860	0.0867	0.0870	0.0875	0.0872	0.0867	0.0860	0.0878	0.0850	0.0851	0.0841	0.0864	0.0863	0.0859	0.0855	0.0851	0.0868	0.0859	0.0849	0.0864	0.0866	0.0873	0.0861	0.0854	0.0860	0.0856	0.0855	0.0861	0.0869	0.0866	0.0858	0.0848	0.0856	0.0857	0.0853	0.0862	0.0867	0.0868	0.0865	0.0849	0.0868	0.0849	0.0858	0.0870	0.0868	0.0861	0.0855	
0.0856	0.0866	0.0863	0.0861	0.0864	0.0859	0.0859	0.0866	0.0854	0.0856	0.0852	0.0855	0.0860	0.0861	0.0865	0.0846	0.0838	0.0853	0.0856	0.0864	0.0853	0.0857	0.0863	0.0852	0.0869	0.0843	0.0838	0.0836	0.0853	0.0854	0.0851	0.0845	0.0837	0.0857	0.0856	0.0843	0.0850	0.0862	0.0873	0.0855	0.0844	0.0851	0.0840	0.0837	0.0848	0.0852	0.0854	0.0842	0.0835	0.0845	0.0863	0.0856	0.0858	0.0855	0.0864	0.0854	0.0837	0.0841	0.0838	0.0843	0.0844	0.0855	0.0844	0.0842	
0.0835	0.0841	0.0845	0.0841	0.0842	0.0835	0.0845	0.0846	0.0827	0.0823	0.0815	0.0818	0.0818	0.0817	0.0825	0.0806	0.0812	0.0831	0.0837	0.0839	0.0833	0.0844	0.0839	0.0837	0.0840	0.0811	0.0806	0.0803	0.0820	0.0821	0.0815	0.0808	0.0798	0.0841	0.0836	0.0829	0.0841	0.0836	0.0850	0.0836	0.0817	0.0813	0.0805	0.0803	0.0821	0.0813	0.0824	0.0813	0.0798	0.0828	0.0833	0.0830	0.0839	0.0838	0.0834	0.0840	0.0803	0.0819	0.0806	0.0811	0.0824	0.0819	0.0809	0.0809	
0.0820	0.0818	0.0816	0.0815	0.0815	0.0808	0.0814	0.0822	0.0807	0.0808	0.0806	0.0808	0.0812	0.0810	0.0817	0.0796	0.0807	0.0796	0.0800	0.0806	0.0808	0.0817	0.0803	0.0804	0.0824	0.0797	0.0799	0.0784	0.0808	0.0803	0.0801	0.0796	0.0794	0.0808	0.0803	0.0797	0.0811	0.0809	0.0811	0.0804	0.0804	0.0806	0.0786	0.0795	0.0807	0.0795	0.0812	0.0788	0.0788	0.0805	0.0795	0.0788	0.0803	0.0807	0.0811	0.0801	0.0796	0.0801	0.0781	0.0795	0.0794	0.0804	0.0791	0.0779	
0.0924	0.0899	0.0894	0.0891	0.0890	0.0920	0.0892	0.0899	0.0900	0.0896	0.0894	0.0894	0.0889	0.0897	0.0907	0.0880	0.0912	0.0876	0.0879	0.0880	0.0880	0.0883	0.0878	0.0880	0.0909	0.0873	0.0879	0.0878	0.0886	0.0889	0.0887	0.0874	0.0902	0.0883	0.0871	0.0867	0.0878	0.0871	0.0882	0.0870	0.0886	0.0890	0.0877	0.0870	0.0887	0.0882	0.0895	0.0879	0.0904	0.0876	0.0868	0.0864	0.0873	0.0873	0.0879	0.0867	0.0891	0.0893	0.0876	0.0877	0.0882	0.0894	0.0889	0.0872	
0.0881	0.0877	0.0884	0.0872	0.0877	0.0870	0.0871	0.0875	0.0879	0.0882	0.0876	0.0877	0.0877	0.0880	0.0886	0.0868	0.0889	0.0872	0.0866	0.0874	0.0875	0.0872	0.0878	0.0870	0.0895	0.0864	0.0867	0.0847	0.0866	0.0877	0.0872	0.0865	0.0873	0.0867	0.0862	0.0854	0.0861	0.0866	0.0884	0.0861	0.0861	0.0873	0.0867	0.0862	0.0881	0.0878	0.0879	0.0864	0.0869	0.0862	0.0866	0.0851	0.0859	0.0869	0.0865	0.0855	0.0864	0.0867	0.0857	0.0852	0.0869	0.0868	0.0863	0.0855	
0.0901	0.0890	0.0894	0.0884	0.0888	0.0883	0.0886	0.0892	0.0894	0.0883	0.0885	0.0883	0.0878	0.0889	0.0892	0.0877	0.0885	0.0881	0.0870	0.0880	0.0882	0.0889	0.0879	0.0877	0.0903	0.0878	0.0876	0.0864	0.0886	0.0887	0.0883	0.0881	0.0886	0.0882	0.0873	0.0869	0.0885	0.0876	0.0889	0.0870	0.0876	0.0879	0.0868	0.0869	0.0882	0.0887	0.0888	0.0878	0.0878	0.0871	0.0876	0.0859	0.0882	0.0875	0.0864	0.0872	0.0871	0.0887	0.0869	0.0878	0.0886	0.0888	0.0880	0.0877	
0.0898	0.0879	0.0889	0.0881	0.0879	0.0921	0.0880	0.0885	0.0885	0.0882	0.0876	0.0879	0.0875	0.0884	0.0889	0.0869	0.0887	0.0873	0.0873	0.0880	0.0877	0.0882	0.0873	0.0864	0.0894	0.0863	0.0870	0.0861	0.0881	0.0883	0.0876	0.0882	0.0869	0.0879	0.0871	0.0861	0.0872	0.0871	0.0877	0.0869	0.0876	0.0870	0.0865	0.0866	0.0884	0.0890	0.0888	0.0879	0.0866	0.0868	0.0869	0.0854	0.0873	0.0874	0.0871	0.0871	0.0873	0.0879	0.0863	0.0876	0.0877	0.0890	0.0889	0.0878	
0.0883	0.0871	0.0878	0.0871	0.0873	0.0863	0.0867	0.0873	0.0877	0.0870	0.0868	0.0867	0.0862	0.0874	0.0879	0.0858	0.0859	0.0862	0.0863	0.0863	0.0869	0.0868	0.0867	0.0860	0.0880	0.0853	0.0852	0.0845	0.0864	0.0869	0.0870	0.0859	0.0847	0.0864	0.0852	0.0848	0.0860	0.0864	0.0868	0.0859	0.0859	0.0861	0.0846	0.0850	0.0857	0.0874	0.0868	0.0866	0.0850	0.0857	0.0857	0.0850	0.0867	0.0865	0.0857	0.0856	0.0848	0.0850	0.0848	0.0856	0.0862	0.0869	0.0871	0.0857	
0.0891	0.0877	0.0892	0.0874	0.0881	0.0870	0.0875	0.0878	0.0875	0.0864	0.0865	0.0867	0.0859	0.0859	0.0867	0.0849	0.0852	0.0871	0.0878	0.0883	0.0881	0.0874	0.0880	0.0881	0.0877	0.0843	0.0853	0.0843	0.0857	0.0860	0.0855	0.0852	0.0848	0.0871	0.0874	0.0864	0.0879	0.0877	0.0889	0.0872	0.0854	0.0852	0.0848	0.0848	0.0857	0.0860	0.0867	0.0847	0.0847	0.0876	0.0875	0.0863	0.0877	0.0871	0.0879	0.0865	0.0850	0.0851	0.0847	0.0855	0.0860	0.0867	0.0854	0.0856	
0.0872	0.0842	0.0847	0.0842	0.0844	0.0839	0.0845	0.0851	0.0839	0.0826	0.0828	0.0827	0.0829	0.0820	0.0831	0.0812	0.0823	0.0832	0.0828	0.0833	0.0834	0.0837	0.0826	0.0829	0.0849	0.0816	0.0812	0.0807	0.0833	0.0824	0.0819	0.0811	0.0812	0.0836	0.0825	0.0823	0.0836	0.0829	0.0836	0.0826	0.0831	0.0817	0.0815	0.0808	0.0814	0.0819	0.0829	0.0823	0.0806	0.0828	0.0824	0.0820	0.0838	0.0835	0.0824	0.0824	0.0820	0.0826	0.0811	0.0817	0.0813	0.0816	0.0818	0.0811	
0.0906	0.0872	0.0870	0.0866	0.0866	0.0853	0.0856	0.0860	0.0887	0.0871	0.0865	0.0862	0.0857	0.0860	0.0870	0.0856	0.0897	0.0851	0.0844	0.0849	0.0850	0.0856	0.0842	0.0841	0.0878	0.0851	0.0848	0.0843	0.0859	0.0855	0.0859	0.0853	0.0883	0.0848	0.0845	0.0837	0.0841	0.0836	0.0848	0.0841	0.0856	0.0850	0.0850	0.0850	0.0856	0.0858	0.0862	0.0848	0.0879	0.0846	0.0833	0.0827	0.0838	0.0844	0.0840	0.0847	0.0853	0.0851	0.0841	0.0845	0.0839	0.0846	0.0842	0.0844	
0.0951	0.0915	0.0910	0.0901	0.0904	0.0897	0.0899	0.0905	0.0937	0.0923	0.0910	0.0916	0.0918	0.0923	0.0928	0.0905	0.0932	0.0896	0.0893	0.0894	0.0889	0.0890	0.0886	0.0883	0.0930	0.0898	0.0907	0.0891	0.0901	0.0912	0.0905	0.0905	0.0912	0.0889	0.0882	0.0875	0.0884	0.0883	0.0887	0.0879	0.0910	0.0898	0.0891	0.0891	0.0905	0.0908	0.0911	0.0897	0.0918	0.0887	0.0880	0.0866	0.0880	0.0888	0.0885	0.0882	0.0894	0.0907	0.0886	0.0889	0.0892	0.0905	0.0902	0.0891	
0.0931	0.0892	0.0896	0.0881	0.0881	0.0877	0.0875	0.0883	0.0919	0.0905	0.0905	0.0903	0.0894	0.0896	0.0903	0.0882	0.0898	0.0871	0.0872	0.0874	0.0875	0.0878	0.0869	0.0869	0.0908	0.0872	0.0874	0.0860	0.0880	0.0883	0.0878	0.0870	0.0880	0.0877	0.0865	0.0862	0.0874	0.0875	0.0870	0.0861	0.0877	0.0873	0.0864	0.0863	0.0868	0.0870	0.0873	0.0867	0.0875	0.0860	0.0860	0.0861	0.0867	0.0877	0.0862	0.0867	0.0872	0.0870	0.0870	0.0861	0.0867	0.0876	0.0866	0.0857	
0.0949	0.0900	0.0900	0.0887	0.0886	0.0878	0.0885	0.0892	0.0926	0.0908	0.0899	0.0913	0.0901	0.0904	0.0903	0.0884	0.0900	0.0885	0.0878	0.0877	0.0878	0.0881	0.0880	0.0879	0.0913	0.0878	0.0883	0.0874	0.0883	0.0892	0.0885	0.0882	0.0881	0.0881	0.0872	0.0867	0.0883	0.0875	0.0881	0.0872	0.0888	0.0885	0.0868	0.0871	0.0872	0.0879	0.0885	0.0868	0.0883	0.0871	0.0873	0.0860	0.0883	0.0874	0.0873	0.0868	0.0889	0.0893	0.0879	0.0873	0.0872	0.0893	0.0878	0.0868	
0.0952	0.0896	0.0894	0.0880	0.0879	0.0875	0.0876	0.0883	0.0915	0.0893	0.0888	0.0898	0.0892	0.0895	0.0905	0.0881	0.0883	0.0881	0.0870	0.0881	0.0875	0.0880	0.0875	0.0873	0.0921	0.0882	0.0879	0.0873	0.0886	0.0883	0.0876	0.0872	0.0865	0.0880	0.0875	0.0866	0.0876	0.0874	0.0881	0.0868	0.0888	0.0880	0.0866	0.0868	0.0872	0.0880	0.0881	0.0869	0.0862	0.0867	0.0863	0.0861	0.0869	0.0874	0.0859	0.0868	0.0868	0.0876	0.0863	0.0867	0.0874	0.0878	0.0866	0.0867	
0.0949	0.0892	0.0886	0.0871	0.0876	0.0874	0.0883	0.0883	0.0901	0.0873	0.0871	0.0876	0.0877	0.0882	0.0891	0.0871	0.0874	0.0879	0.0873	0.0882	0.0884	0.0875	0.0877	0.0879	0.0900	0.0863	0.0861	0.0850	0.0867	0.0866	0.0857	0.0858	0.0851	0.0879	0.0875	0.0872	0.0878	0.0887	0.0886	0.0874	0.0875	0.0860	0.0854	0.0850	0.0853	0.0858	0.0864	0.0848	0.0846	0.0869	0.0869	0.0866	0.0873	0.0872	0.0872	0.0866	0.0852	0.0857	0.0843	0.0848	0.0848	0.0853	0.0844	0.0843	
0.0931	0.0862	0.0852	0.0841	0.0840	0.0834	0.0833	0.0852	0.0869	0.0850	0.0837	0.0845	0.0841	0.0837	0.0853	0.0825	0.0843	0.0842	0.0834	0.0833	0.0836	0.0844	0.0832	0.0836	0.0868	0.0824	0.0820	0.0816	0.0829	0.0835	0.0820	0.0824	0.0824	0.0839	0.0831	0.0820	0.0837	0.0835	0.0842	0.0829	0.0833	0.0833	0.0818	0.0806	0.0825	0.0821	0.0827	0.0818	0.0814	0.0836	0.0821	0.0824	0.0840	0.0833	0.0831	0.0826	0.0819	0.0826	0.0807	0.0818	0.0822	0.0821	0.0813	0.0811	
0.0969	0.0885	0.0880	0.0864	0.0869	0.0857	0.0856	0.0865	0.0911	0.0880	0.0867	0.0862	0.0859	0.0866	0.0866	0.0854	0.0904	0.0858	0.0851	0.0853	0.0854	0.0855	0.0856	0.0852	0.0894	0.0862	0.0864	0.0846	0.0862	0.0864	0.0865	0.0855	0.0886	0.0859	0.0842	0.0838	0.0845	0.0853	0.0854	0.0842	0.0866	0.0860	0.0847	0.0856	0.0862	0.0860	0.0865	0.0845	0.0886	0.0849	0.0833	0.0837	0.0842	0.0847	0.0844	0.0841	0.0865	0.0863	0.0848	0.0848	0.0854	0.0859	0.0849	0.0849	
0.1016	0.0933	0.0922	0.0907	0.0906	0.0899	0.0901	0.0911	0.0969	0.0935	0.0921	0.0924	0.0908	0.0923	0.0931	0.0914	0.0951	0.0898	0.0898	0.0896	0.0895	0.0898	0.0898	0.0902	0.0950	0.0914	0.0916	0.0903	0.0912	0.0923	0.0909	0.0909	0.0938	0.0898	0.0889	0.0884	0.0891	0.0891	0.0899	0.0885	0.0927	0.0924	0.0911	0.0899	0.0909	0.0917	0.0921	0.0906	0.0927	0.0889	0.0885	0.0881	0.0891	0.0887	0.0883	0.0892	0.0922	0.0918	0.0906	0.0895	0.0904	0.0902	0.0896	0.0887	
0.1018	0.0920	0.0906	0.0879	0.0881	0.0879	0.0881	0.0886	0.0944	0.0908	0.0888	0.0888	0.0878	0.0885	0.0893	0.0875	0.0916	0.0882	0.0877	0.0879	0.0882	0.0885	0.0874	0.0877	0.0926	0.0876	0.0880	0.0867	0.0881	0.0886	0.0874	0.0869	0.0890	0.0885	0.0872	0.0865	0.0871	0.0870	0.0874	0.0861	0.0889	0.0881	0.0865	0.0867	0.0869	0.0877	0.0876	0.0867	0.0882	0.0862	0.0864	0.0856	0.0863	0.0872	0.0864	0.0867	0.0880	0.0884	0.0868	0.0864	0.0875	0.0883	0.0870	0.0868	
0.1038	0.0926	0.0908	0.0884	0.0888	0.0882	0.0887	0.0886	0.0951	0.0915	0.0890	0.0896	0.0883	0.0889	0.0896	0.0880	0.0916	0.0888	0.0878	0.0887	0.0887	0.0887	0.0877	0.0879	0.0939	0.0887	0.0878	0.0870	0.0890	0.0893	0.0882	0.0885	0.0888	0.0886	0.0877	0.0865	0.0878	0.0877	0.0883	0.0868	0.0898	0.0891	0.0883	0.0881	0.0877	0.0895	0.0892	0.0886	0.0887	0.0877	0.0877	0.0866	0.0873	0.0872	0.0873	0.0867	0.0885	0.0882	0.0875	0.0877	0.0882	0.0889	0.0882	0.0872	
0.1053	0.0929	0.0906	0.0882	0.0885	0.0884	0.0883	0.0887	0.0955	0.0910	0.0885	0.0889	0.0881	0.0891	0.0888	0.0870	0.0914	0.0891	0.0885	0.0883	0.0885	0.0889	0.0884	0.0877	0.0936	0.0880	0.0874	0.0868	0.0884	0.0887	0.0881	0.0880	0.0886	0.0888	0.0881	0.0873	0.0878	0.0882	0.0884	0.0867	0.0899	0.0885	0.0872	0.0881	0.0881	0.0882	0.0894	0.0869	0.0880	0.0883	0.0874	0.0863	0.0864	0.0879	0.0881	0.0866	0.0891	0.0886	0.0868	0.0872	0.0877	0.0891	0.0883	0.0867	
0.1063	0.0924	0.0903	0.0871	0.0875	0.0864	0.0874	0.0872	0.0939	0.0895	0.0863	0.0869	0.0859	0.0861	0.0867	0.0854	0.0890	0.0880	0.0873	0.0873	0.0878	0.0874	0.0864	0.0877	0.0915	0.0868	0.0856	0.0842	0.0862	0.0861	0.0852	0.0866	0.0872	0.0883	0.0870	0.0865	0.0871	0.0867	0.0878	0.0859	0.0877	0.0863	0.0846	0.0856	0.0859	0.0869	0.0873	0.0869	0.0867	0.0869	0.0850	0.0852	0.0863	0.0863	0.0862	0.0857	0.0868	0.0864	0.0850	0.0852	0.0866	0.0866	0.0867	0.0847	
0.1062	0.0910	0.0877	0.0858	0.0851	0.0857	0.0851	0.0858	0.0923	0.0873	0.0833	0.0838	0.0830	0.0830	0.0836	0.0819	0.0857	0.0863	0.0854	0.0856	0.0853	0.0853	0.0851	0.0846	0.0898	0.0836	0.0837	0.0823	0.0839	0.0842	0.0835	0.0839	0.0842	0.0856	0.0841	0.0833	0.0853	0.0848	0.0851	0.0846	0.0844	0.0838	0.0810	0.0818	0.0831	0.0835	0.0837	0.0827	0.0840	0.0853	0.0839	0.0838	0.0851	0.0850	0.0843	0.0839	0.0847	0.0826	0.0828	0.0830	0.0835	0.0835	0.0827	0.0813	
0.1069	0.0885	0.0854	0.0828	0.0827	0.0818	0.0816	0.0829	0.0911	0.0856	0.0825	0.0827	0.0821	0.0818	0.0830	0.0811	0.0858	0.0831	0.0821	0.0816	0.0825	0.0821	0.0807	0.0817	0.0880	0.0822	0.0822	0.0794	0.0821	0.0818	0.0812	0.0812	0.0826	0.0831	0.0815	0.0804	0.0817	0.0811	0.0819	0.0809	0.0840	0.0817	0.0800	0.0805	0.0814	0.0816	0.0820	0.0812	0.0823	0.0820	0.0810	0.0806	0.0806	0.0813	0.0799	0.0806	0.0833	0.0811	0.0797	0.0811	0.0803	0.0816	0.0810	0.0797	
0.1166	0.0962	0.0929	0.0889	0.0890	0.0881	0.0880	0.0894	0.0986	0.0931	0.0891	0.0887	0.0874	0.0890	0.0893	0.0879	0.0956	0.0900	0.0881	0.0882	0.0878	0.0881	0.0871	0.0875	0.0953	0.0897	0.0880	0.0868	0.0885	0.0894	0.0879	0.0871	0.0929	0.0880	0.0871	0.0861	0.0867	0.0874	0.0878	0.0865	0.0911	0.0893	0.0879	0.0874	0.0873	0.0890	0.0885	0.0877	0.0918	0.0878	0.0858	0.0852	0.0871	0.0869	0.0872	0.0866	0.0908	0.0889	0.0880	0.0873	0.0874	0.0883	0.0877	0.0877	
0.1214	0.0981	0.0936	0.0899	0.0896	0.0891	0.0888	0.0896	0.1033	0.0966	0.0912	0.0919	0.0905	0.0907	0.0905	0.0896	0.0980	0.0912	0.0886	0.0890	0.0890	0.0888	0.0880	0.0885	0.0971	0.0919	0.0903	0.0882	0.0888	0.0908	0.0893	0.0893	0.0942	0.0894	0.0875	0.0881	0.0883	0.0882	0.0879	0.0876	0.0937	0.0916	0.0895	0.0879	0.0897	0.0898	0.0898	0.0890	0.0922	0.0887	0.0881	0.0868	0.0887	0.0880	0.0869	0.0874	0.0909	0.0908	0.0888	0.0881	0.0887	0.0893	0.0897	0.0875	
0.1281	0.1001	0.0946	0.0902	0.0898	0.0895	0.0895	0.0901	0.1050	0.0973	0.0921	0.0923	0.0913	0.0907	0.0917	0.0892	0.0971	0.0918	0.0898	0.0904	0.0902	0.0895	0.0887	0.0886	0.0990	0.0906	0.0901	0.0887	0.0902	0.0908	0.0906	0.0896	0.0931	0.0911	0.0896	0.0889	0.0894	0.0887	0.0888	0.0886	0.0928	0.0913	0.0894	0.0882	0.0891	0.0893	0.0900	0.0891	0.0914	0.0887	0.0890	0.0870	0.0880	0.0890	0.0882	0.0884	0.0913	0.0899	0.0890	0.0890	0.0894	0.0892	0.0893	0.0881	
0.1315	0.1006	0.0939	0.0896	0.0887	0.0886	0.0880	0.0889	0.1050	0.0953	0.0907	0.0915	0.0900	0.0899	0.0910	0.0883	0.0953	0.0921	0.0892	0.0887	0.0895	0.0887	0.0883	0.0883	0.0964	0.0896	0.0890	0.0863	0.0882	0.0892	0.0888	0.0885	0.0909	0.0897	0.0884	0.0887	0.0886	0.0882	0.0883	0.0874	0.0928	0.0894	0.0878	0.0876	0.0882	0.0881	0.0883	0.0871	0.0907	0.0890	0.0881	0.0868	0.0880	0.0877	0.0868	0.0871	0.0912	0.0893	0.0883	0.0878	0.0890	0.0881	0.0883	0.0863	
0.1337	0.1008	0.0928	0.0878	0.0869	0.0872	0.0874	0.0878	0.1045	0.0942	0.0889	0.0893	0.0888	0.0880	0.0898	0.0874	0.0938	0.0903	0.0871	0.0876	0.0882	0.0888	0.0880	0.0874	0.0962	0.0880	0.0859	0.0847	0.0859	0.0864	0.0867	0.0860	0.0890	0.0892	0.0877	0.0866	0.0868	0.0872	0.0869	0.0865	0.0906	0.0872	0.0859	0.0856	0.0860	0.0860	0.0862	0.0851	0.0876	0.0884	0.0872	0.0862	0.0873	0.0874	0.0863	0.0868	0.0888	0.0862	0.0857	0.0854	0.0859	0.0871	0.0850	0.0845	
0.1358	0.0994	0.0901	0.0850	0.0847	0.0862	0.0844	0.0851	0.1010	0.0913	0.0843	0.0850	0.0847	0.0846	0.0856	0.0845	0.0916	0.0876	0.0845	0.0844	0.0850	0.0849	0.0839	0.0842	0.0938	0.0854	0.0842	0.0820	0.0832	0.0829	0.0830	0.0831	0.0868	0.0863	0.0846	0.0827	0.0846	0.0842	0.0848	0.0843	0.0873	0.0847	0.0819	0.0824	0.0825	0.0830	0.0822	0.0817	0.0844	0.0856	0.0842	0.0831	0.0837	0.0845	0.0830	0.0843	0.0873	0.0845	0.0817	0.0822	0.0835	0.0827	0.0812	0.0812	
0.1409	0.1006	0.0901	0.0848	0.0839	0.0831	0.0831	0.0835	0.1047	0.0918	0.0866	0.0853	0.0851	0.0834	0.0846	0.0836	0.0944	0.0874	0.0836	0.0825	0.0829	0.0830	0.0817	0.0816	0.0937	0.0859	0.0845	0.0826	0.0839	0.0838	0.0833	0.0829	0.0906	0.0854	0.0828	0.0818	0.0825	0.0824	0.0824	0.0817	0.0881	0.0853	0.0830	0.0827	0.0842	0.0837	0.0841	0.0837	0.0870	0.0842	0.0834	0.0807	0.0827	0.0836	0.0817	0.0818	0.0856	0.0845	0.0834	0.0825	0.0833	0.0829	0.0820	0.0816	
0.1526	0.1097	0.0974	0.0909	0.0904	0.0896	0.0897	0.0898	0.1126	0.0988	0.0914	0.0907	0.0896	0.0897	0.0907	0.0891	0.1010	0.0930	0.0898	0.0894	0.0892	0.0891	0.0883	0.0885	0.1011	0.0918	0.0898	0.0887	0.0894	0.0903	0.0898	0.0892	0.0966	0.0915	0.0888	0.0879	0.0884	0.0886	0.0887	0.0876	0.0945	0.0914	0.0893	0.0896	0.0886	0.0899	0.0909	0.0891	0.0951	0.0901	0.0880	0.0876	0.0881	0.0882	0.0869	0.0875	0.0943	0.0917	0.0895	0.0886	0.0889	0.0902	0.0876	0.0882	
0.1623	0.1122	0.0979	0.0893	0.0882	0.0877	0.0873	0.0881	0.1123	0.0990	0.0901	0.0894	0.0887	0.0881	0.0893	0.0877	0.1010	0.0930	0.0882	0.0877	0.0877	0.0878	0.0871	0.0877	0.0995	0.0916	0.0882	0.0851	0.0875	0.0878	0.0872	0.0874	0.0943	0.0900	0.0876	0.0861	0.0867	0.0870	0.0865	0.0863	0.0926	0.0896	0.0879	0.0863	0.0871	0.0877	0.0871	0.0869	0.0919	0.0881	0.0870	0.0849	0.0866	0.0866	0.0855	0.0867	0.0916	0.0889	0.0867	0.0865	0.0874	0.0879	0.0877	0.0866	
0.1727	0.1177	0.1014	0.0913	0.0895	0.0887	0.0887	0.0891	0.1168	0.0999	0.0907	0.0897	0.0884	0.0884	0.0899	0.0878	0.1016	0.0940	0.0887	0.0890	0.0889	0.0884	0.0876	0.0883	0.1018	0.0920	0.0904	0.0866	0.0882	0.0892	0.0890	0.0879	0.0953	0.0909	0.0882	0.0870	0.0881	0.0879	0.0884	0.0865	0.0949	0.0902	0.0880	0.0880	0.0878	0.0888	0.0881	0.0879	0.0926	0.0900	0.0888	0.0866	0.0878	0.0880	0.0870	0.0868	0.0931	0.0912	0.0882	0.0876	0.0878	0.0888	0.0877	0.0869	
0.1817	0.1213	0.1019	0.0914	0.0897	0.0887	0.0885	0.0889	0.1199	0.1017	0.0911	0.0897	0.0885	0.0878	0.0887	0.0868	0.1029	0.0950	0.0893	0.0877	0.0890	0.0876	0.0881	0.0882	0.1030	0.0930	0.0891	0.0870	0.0886	0.0889	0.0888	0.0887	0.0956	0.0914	0.0877	0.0868	0.0878	0.0875	0.0883	0.0868	0.0956	0.0906	0.0873	0.0880	0.0877	0.0880	0.0886	0.0875	0.0926	0.0898	0.0875	0.0868	0.0888	0.0884	0.0868	0.0861	0.0928	0.0903	0.0880	0.0886	0.0884	0.0907	0.0900	0.0890	
0.1951	0.1271	0.1030	0.0913	0.0891	0.0880	0.0883	0.0884	0.1216	0.1019	0.0890	0.0879	0.0869	0.0864	0.0881	0.0859	0.1026	0.0956	0.0884	0.0884	0.0881	0.0889	0.0879	0.0877	0.1020	0.0910	0.0873	0.0851	0.0866	0.0869	0.0862	0.0866	0.0946	0.0906	0.0871	0.0866	0.0873	0.0874	0.0876	0.0872	0.0940	0.0894	0.0871	0.0862	0.0873	0.0882	0.0877	0.0881	0.0914	0.0899	0.0880	0.0863	0.0877	0.0878	0.0870	0.0867	0.0921	0.0892	0.0860	0.0862	0.0870	0.0868	0.0872	0.0860	
0.2010	0.1297	0.1027	0.0896	0.0875	0.0852	0.0856	0.0860	0.1198	0.0991	0.0859	0.0841	0.0833	0.0829	0.0834	0.0820	0.1001	0.0932	0.0856	0.0847	0.0852	0.0848	0.0843	0.0849	0.1001	0.0881	0.0837	0.0809	0.0833	0.0828	0.0813	0.0831	0.0915	0.0890	0.0850	0.0836	0.0854	0.0847	0.0847	0.0838	0.0914	0.0853	0.0828	0.0826	0.0820	0.0835	0.0830	0.0825	0.0876	0.0863	0.0847	0.0835	0.0848	0.0850	0.0848	0.0846	0.0886	0.0852	0.0832	0.0835	0.0830	0.0846	0.0834	0.0834	
0.2129	0.1338	0.1036	0.0893	0.0866	0.0840	0.0837	0.0849	0.1237	0.1013	0.0875	0.0860	0.0850	0.0835	0.0848	0.0827	0.1027	0.0923	0.0844	0.0839	0.0838	0.0837	0.0824	0.0827	0.1011	0.0888	0.0851	0.0815	0.0832	0.0834	0.0830	0.0834	0.0939	0.0879	0.0839	0.0821	0.0836	0.0824	0.0830	0.0821	0.0914	0.0858	0.0831	0.0823	0.0834	0.0828	0.0830	0.0832	0.0901	0.0860	0.0831	0.0820	0.0826	0.0840	0.0815	0.0814	0.0904	0.0841	0.0823	0.0821	0.0840	0.0850	0.0833	0.0825	
0.2322	0.1487	0.1118	0.0959	0.0938	0.0910	0.0907	0.0913	0.1343	0.1110	0.0943	0.0921	0.0905	0.0905	0.0921	0.0895	0.1113	0.0992	0.0911	0.0897	0.0905	0.0893	0.0887	0.0891	0.1104	0.0974	0.0914	0.0887	0.0904	0.0911	0.0900	0.0900	0.1025	0.0935	0.0898	0.0888	0.0895	0.0889	0.0899	0.0882	0.1003	0.0940	0.0908	0.0910	0.0897	0.0905	0.0907	0.0893	0.0993	0.0914	0.0890	0.0878	0.0889	0.0885	0.0880	0.0881	0.0979	0.0927	0.0908	0.0887	0.0896	0.0914	0.0895	0.0892	
0.2499	0.1567	0.1147	0.0954	0.0920	0.0894	0.0889	0.0898	0.1415	0.1137	0.0949	0.0925	0.0898	0.0892	0.0908	0.0880	0.1143	0.1005	0.0898	0.0886	0.0880	0.0883	0.0877	0.0885	0.1105	0.0973	0.0912	0.0870	0.0884	0.0891	0.0885	0.0881	0.1023	0.0944	0.0879	0.0878	0.0878	0.0876	0.0869	0.0874	0.0994	0.0920	0.0896	0.0891	0.0881	0.0880	0.0883	0.0881	0.0965	0.0902	0.0880	0.0867	0.0871	0.0874	0.0865	0.0863	0.0968	0.0904	0.0891	0.0866	0.0877	0.0881	0.0863	0.0855	
0.2737	0.1692	0.1187	0.0970	0.0938	0.0904	0.0898	0.0899	0.1469	0.1167	0.0956	0.0930	0.0909	0.0907	0.0923	0.0899	0.1158	0.1008	0.0897	0.0891	0.0892	0.0890	0.0881	0.0879	0.1141	0.0978	0.0906	0.0873	0.0898	0.0898	0.0897	0.0885	0.1020	0.0955	0.0894	0.0878	0.0882	0.0888	0.0883	0.0878	0.1004	0.0947	0.0892	0.0885	0.0890	0.0891	0.0890	0.0880	0.0982	0.0919	0.0891	0.0874	0.0893	0.0891	0.0874	0.0870	0.0969	0.0901	0.0895	0.0883	0.0886	0.0896	0.0874	0.0874	
0.2919	0.1816	0.1232	0.0986	0.0956	0.0904	0.0903	0.0907	0.1534	0.1197	0.0959	0.0936	0.0920	0.0909	0.0916	0.0889	0.1186	0.1036	0.0911	0.0894	0.0888	0.0897	0.0878	0.0888	0.1154	0.0989	0.0917	0.0883	0.0898	0.0906	0.0895	0.0888	0.1052	0.0964	0.0902	0.0884	0.0888	0.0886	0.0892	0.0883	0.1015	0.0944	0.0898	0.0892	0.0896	0.0905	0.0897	0.0889	0.0979	0.0922	0.0898	0.0880	0.0891	0.0895	0.0889	0.0886	0.0982	0.0921	0.0895	0.0885	0.0901	0.0900	0.0882	0.0885	
0.3110	0.1919	0.1249	0.0978	0.0946	0.0899	0.0889	0.0892	0.1552	0.1206	0.0950	0.0910	0.0893	0.0884	0.0904	0.0875	0.1187	0.1040	0.0893	0.0876	0.0877	0.0882	0.0876	0.0878	0.1173	0.0989	0.0898	0.0865	0.0884	0.0877	0.0870	0.0872	0.1029	0.0943	0.0890	0.0869	0.0874	0.0876	0.0867	0.0866	0.1003	0.0931	0.0872	0.0874	0.0878	0.0877	0.0873	0.0862	0.0965	0.0911	0.0886	0.0869	0.0876	0.0886	0.0866	0.0866	0.0970	0.0897	0.0883	0.0864	0.0871	0.0880	0.0852	0.0847	
0.3345	0.2040	0.1301	0.1001	0.0972	0.0909	0.0905	0.0905	0.1621	0.1255	0.0955	0.0918	0.0897	0.0878	0.0897	0.0871	0.1222	0.1053	0.0900	0.0887	0.0884	0.0883	0.0884	0.0887	0.1179	0.0992	0.0894	0.0856	0.0874	0.0870	0.0869	0.0861	0.1045	0.0969	0.0900	0.0880	0.0893	0.0886	0.0888	0.0879	0.1025	0.0929	0.0883	0.0868	0.0868	0.0867	0.0871	0.0853	0.0970	0.0932	0.0893	0.0885	0.0896	0.0893	0.0888	0.0883	0.0983	0.0895	0.0893	0.0872	0.0883	0.0883	0.0878	0.0868	
0.3521	0.2159	0.1327	0.0975	0.0943	0.0872	0.0862	0.0870	0.1662	0.1260	0.0929	0.0876	0.0855	0.0826	0.0848	0.0818	0.1209	0.1030	0.0858	0.0840	0.0839	0.0842	0.0837	0.0834	0.1169	0.0972	0.0856	0.0823	0.0834	0.0826	0.0828	0.0824	0.1020	0.0938	0.0856	0.0833	0.0855	0.0835	0.0834	0.0835	0.0982	0.0889	0.0836	0.0826	0.0828	0.0827	0.0830	0.0821	0.0940	0.0889	0.0853	0.0833	0.0850	0.0836	0.0840	0.0830	0.0944	0.0855	0.0845	0.0815	0.0835	0.0826	0.0828	0.0818	
0.3737	0.2322	0.1411	0.1029	0.0995	0.0915	0.0907	0.0913	0.1747	0.1329	0.0979	0.0922	0.0896	0.0876	0.0898	0.0872	0.1279	0.1077	0.0896	0.0878	0.0875	0.0863	0.0870	0.0870	0.1202	0.1006	0.0903	0.0862	0.0882	0.0880	0.0882	0.0872	0.1089	0.0967	0.0888	0.0868	0.0875	0.0869	0.0865	0.0864	0.1026	0.0951	0.0892	0.0877	0.0874	0.0877	0.0874	0.0862	0.1020	0.0917	0.0874	0.0860	0.0873	0.0867	0.0870	0.0865	0.1002	0.0909	0.0891	0.0867	0.0878	0.0886	0.0859	0.0859	
0.4032	0.2560	0.1511	0.1063	0.1026	0.0935	0.0927	0.0931	0.1875	0.1413	0.1013	0.0954	0.0926	0.0908	0.0925	0.0893	0.1356	0.1124	0.0924	0.0897	0.0896	0.0888	0.0885	0.0887	0.1271	0.1055	0.0944	0.0877	0.0900	0.0896	0.0899	0.0892	0.1111	0.0988	0.0897	0.0885	0.0880	0.0885	0.0887	0.0871	0.1076	0.0967	0.0923	0.0900	0.0898	0.0905	0.0903	0.0888	0.1032	0.0942	0.0885	0.0881	0.0885	0.0881	0.0880	0.0888	0.1033	0.0927	0.0924	0.0877	0.0892	0.0892	0.0891	0.0875	
0.4319	0.2801	0.1624	0.1099	0.1055	0.0951	0.0937	0.0939	0.1964	0.1479	0.1037	0.0956	0.0924	0.0898	0.0919	0.0888	0.1412	0.1158	0.0930	0.0898	0.0897	0.0887	0.0890	0.0884	0.1319	0.1073	0.0934	0.0884	0.0900	0.0901	0.0896	0.0897	0.1163	0.1023	0.0918	0.0887	0.0893	0.0893	0.0897	0.0878	0.1101	0.0992	0.0916	0.0902	0.0891	0.0897	0.0899	0.0885	0.1057	0.0961	0.0902	0.0884	0.0894	0.0892	0.0889	0.0880	0.1053	0.0942	0.0924	0.0891	0.0901	0.0906	0.0891	0.0886	
0.4597	0.3027	0.1705	0.1110	0.1066	0.0945	0.0931	0.0927	0.2054	0.1540	0.1034	0.0953	0.0914	0.0890	0.0906	0.0883	0.1431	0.1175	0.0921	0.0888	0.0880	0.0877	0.0872	0.0873	0.1323	0.1062	0.0915	0.0863	0.0885	0.0887	0.0875	0.0877	0.1145	0.1017	0.0900	0.0874	0.0882	0.0878	0.0877	0.0861	0.1095	0.0975	0.0897	0.0893	0.0877	0.0889	0.0885	0.0884	0.1063	0.0946	0.0882	0.0879	0.0880	0.0870	0.0867	0.0872	0.1042	0.0933	0.0918	0.0881	0.0882	0.0889	0.0880	0.0877	
0.4910	0.3245	0.1808	0.1145	0.1088	0.0958	0.0943	0.0940	0.2173	0.1610	0.1048	0.0960	0.0924	0.0888	0.0909	0.0872	0.1479	0.1214	0.0935	0.0892	0.0885	0.0882	0.0879	0.0878	0.1374	0.1096	0.0919	0.0873	0.0887	0.0880	0.0888	0.0876	0.1171	0.1036	0.0913	0.0873	0.0884	0.0884	0.0885	0.0877	0.1115	0.0999	0.0899	0.0890	0.0883	0.0891	0.0898	0.0885	0.1070	0.0958	0.0898	0.0883	0.0884	0.0883	0.0875	0.0869	0.1064	0.0938	0.0922	0.0891	0.0893	0.0907	0.0892	0.0878	
0.5121	0.3475	0.1916	0.1177	0.1106	0.0961	0.0943	0.0938	0.2301	0.1672	0.1068	0.0959	0.0908	0.0883	0.0900	0.0862	0.1528	0.1238	0.0932	0.0885	0.0880	0.0876	0.0876	0.0877	0.1389	0.1104	0.0907	0.0858	0.0876	0.0877	0.0866	0.0863	0.1176	0.1029	0.0901	0.0871	0.0877	0.0878	0.0883	0.0872	0.1117	0.0986	0.0886	0.0870	0.0872	0.0873	0.0878	0.0870	0.1063	0.0950	0.0888	0.0859	0.0885	0.0872	0.0877	0.0871	0.1058	0.0930	0.0901	0.0865	0.0867	0.0884	0.0865	0.0856	
0.5354	0.3689	0.2030	0.1206	0.1131	0.0971	0.0948	0.0946	0.2415	0.1743	0.1080	0.0956	0.0906	0.0870	0.0888	0.0855	0.1575	0.1267	0.0935	0.0886	0.0885	0.0879	0.0881	0.0871	0.1428	0.1106	0.0901	0.0843	0.0864	0.0858	0.0854	0.0849	0.1186	0.1050	0.0891	0.0866	0.0875	0.0870	0.0877	0.0872	0.1131	0.0985	0.0873	0.0858	0.0863	0.0862	0.0867	0.0858	0.1074	0.0955	0.0889	0.0868	0.0881	0.0868	0.0873	0.0867	0.1066	0.0929	0.0894	0.0858	0.0857	0.0867	0.0855	0.0849	
0.5548	0.3870	0.2079	0.1211	0.1121	0.0949	0.0916	0.0913	0.2470	0.1783	0.1070	0.0934	0.0887	0.0839	0.0864	0.0827	0.1590	0.1257	0.0907	0.0842	0.0832	0.0835	0.0822	0.0824	0.1433	0.1099	0.0877	0.0811	0.0833	0.0832	0.0821	0.0820	0.1188	0.1027	0.0859	0.0824	0.0826	0.0824	0.0838	0.0831	0.1104	0.0950	0.0848	0.0821	0.0822	0.0810	0.0827	0.0814	0.1042	0.0920	0.0846	0.0829	0.0838	0.0836	0.0833	0.0827	0.1036	0.0888	0.0858	0.0814	0.0815	0.0823	0.0810	0.0813	
0.5804	0.4162	0.2270	0.1302	0.1203	0.1049	0.0988	0.0985	0.2684	0.1931	0.1173	0.1015	0.0958	0.0914	0.0934	0.0896	0.1712	0.1360	0.0969	0.0897	0.0890	0.0893	0.0885	0.0879	0.1536	0.1175	0.0953	0.0876	0.0896	0.0899	0.0890	0.0891	0.1278	0.1089	0.0916	0.0877	0.0885	0.0893	0.0891	0.0881	0.1191	0.1029	0.0919	0.0902	0.0887	0.0886	0.0902	0.0875	0.1143	0.0986	0.0906	0.0885	0.0897	0.0887	0.0886	0.0873	0.1115	0.0975	0.0936	0.0888	0.0896	0.0903	0.0879	0.0867	
0.6034	0.4411	0.2433	0.1377	0.1252	0.1039	0.0996	0.0987	0.2855	0.2069	0.1224	0.1053	0.0974	0.0925	0.0939	0.0906	0.1825	0.1419	0.0989	0.0903	0.0896	0.0897	0.0880	0.0881	0.1627	0.1232	0.0952	0.0877	0.0895	0.0893	0.0887	0.0884	0.1340	0.1113	0.0917	0.0884	0.0879	0.0881	0.0888	0.0883	0.1226	0.1049	0.0927	0.0894	0.0898	0.0889	0.0889	0.0880	0.1155	0.0990	0.0905	0.0873	0.0893	0.0876	0.0874	0.0868	0.1149	0.0970	0.0934	0.0878	0.0887	0.0890	0.0875	0.0871	
0.6293	0.4684	0.2588	0.1441	0.1309	0.1072	0.1009	0.1007	0.3080	0.2215	0.1282	0.1071	0.0992	0.0942	0.0954	0.0913	0.1918	0.1495	0.0998	0.0902	0.0894	0.0896	0.0888	0.0881	0.1685	0.1261	0.0968	0.0874	0.0897	0.0893	0.0895	0.0887	0.1394	0.1148	0.0926	0.0883	0.0890	0.0893	0.0904	0.0883	0.1244	0.1067	0.0938	0.0903	0.0898	0.0895	0.0900	0.0887	0.1183	0.1007	0.0912	0.0887	0.0901	0.0887	0.0898	0.0887	0.1176	0.0987	0.0947	0.0893	0.0899	0.0901	0.0881	0.0878	
0.6463	0.4926	0.2733	0.1518	0.1346	0.1092	0.1029	0.1014	0.3223	0.2316	0.1312	0.1088	0.1000	0.0951	0.0963	0.0918	0.1979	0.1559	0.1016	0.0911	0.0902	0.0896	0.0891	0.0888	0.1758	0.1320	0.0985	0.0886	0.0906	0.0898	0.0890	0.0891	0.1411	0.1194	0.0942	0.0890	0.0894	0.0898	0.0897	0.0883	0.1278	0.1082	0.0938	0.0889	0.0890	0.0894	0.0890	0.0883	0.1216	0.1023	0.0919	0.0887	0.0889	0.0892	0.0888	0.0890	0.1210	0.0999	0.0954	0.0891	0.0903	0.0896	0.0881	0.0887	
0.6561	0.5108	0.2844	0.1589	0.1391	0.1124	0.1042	0.1021	0.3363	0.2432	0.1345	0.1096	0.1001	0.0936	0.0961	0.0916	0.2065	0.1614	0.1021	0.0913	0.0902	0.0896	0.0888	0.0882	0.1802	0.1340	0.0973	0.0871	0.0898	0.0879	0.0875	0.0877	0.1443	0.1192	0.0937	0.0885	0.0889	0.0891	0.0894	0.0877	0.1307	0.1082	0.0939	0.0889	0.0889	0.0890	0.0893	0.0883	0.1217	0.1031	0.0923	0.0898	0.0906	0.0891	0.0893	0.0882	0.1198	0.0998	0.0939	0.0889	0.0892	0.0893	0.0878	0.0867	
0.6627	0.5292	0.2975	0.1643	0.1450	0.1138	0.1056	0.1033	0.3527	0.2569	0.1398	0.1100	0.1007	0.0926	0.0945	0.0912	0.2159	0.1658	0.1040	0.0907	0.0903	0.0894	0.0887	0.0880	0.1862	0.1370	0.0989	0.0867	0.0887	0.0864	0.0863	0.0855	0.1478	0.1199	0.0941	0.0894	0.0897	0.0884	0.0903	0.0885	0.1329	0.1100	0.0907	0.0870	0.0867	0.0862	0.0861	0.0857	0.1239	0.1040	0.0916	0.0885	0.0889	0.0885	0.0877	0.0877	0.1204	0.0983	0.0918	0.0874	0.0870	0.0873	0.0856	0.0849	
0.6510	0.5341	0.3010	0.1685	0.1474	0.1124	0.1022	0.1011	0.3646	0.2643	0.1403	0.1087	0.0981	0.0876	0.0891	0.0854	0.2200	0.1674	0.1002	0.0860	0.0845	0.0850	0.0830	0.0828	0.1855	0.1343	0.0935	0.0814	0.0838	0.0817	0.0814	0.0813	0.1487	0.1186	0.0895	0.0827	0.0831	0.0828	0.0837	0.0832	0.1307	0.1052	0.0871	0.0832	0.0830	0.0818	0.0818	0.0810	0.1219	0.0987	0.0873	0.0837	0.0835	0.0835	0.0833	0.0827	0.1207	0.0947	0.0905	0.0821	0.0827	0.0837	0.0808	0.0808	
0.6582	0.5542	0.3203	0.1833	0.1597	0.1239	0.1116	0.1097	0.3844	0.2818	0.1535	0.1183	0.1055	0.0973	0.0980	0.0944	0.2340	0.1795	0.1091	0.0934	0.0925	0.0915	0.0903	0.0905	0.2004	0.1453	0.1028	0.0898	0.0917	0.0906	0.0914	0.0894	0.1613	0.1267	0.0959	0.0897	0.0896	0.0889	0.0905	0.0894	0.1385	0.1150	0.0971	0.0915	0.0904	0.0900	0.0913	0.0892	0.1332	0.1089	0.0945	0.0897	0.0898	0.0889	0.0904	0.0899	0.1306	0.1037	0.0974	0.0913	0.0909	0.0919	0.0898	0.0885	
0.6645	0.5728	0.3363	0.1967	0.1679	0.1302	0.1127	0.1113	0.3999	0.2975	0.1607	0.1201	0.1058	0.0966	0.0976	0.0932	0.2468	0.1877	0.1117	0.0929	0.0915	0.0910	0.0891	0.0889	0.2072	0.1499	0.1042	0.0883	0.0903	0.0883	0.0885	0.0877	0.1637	0.1305	0.0952	0.0879	0.0883	0.0886	0.0887	0.0871	0.1435	0.1174	0.0951	0.0894	0.0890	0.0883	0.0886	0.0872	0.1360	0.1089	0.0927	0.0881	0.0888	0.0884	0.0873	0.0877	0.1328	0.1041	0.0963	0.0881	0.0882	0.0888	0.0878	0.0863	
0.6704	0.5923	0.3490	0.2065	0.1794	0.1326	0.1167	0.1154	0.4308	0.3153	0.1713	0.1252	0.1090	0.0979	0.0993	0.0947	0.2638	0.1993	0.1153	0.0945	0.0929	0.0924	0.0901	0.0899	0.2173	0.1564	0.1069	0.0889	0.0909	0.0896	0.0899	0.0891	0.1711	0.1323	0.0975	0.0889	0.0893	0.0893	0.0892	0.0886	0.1498	0.1210	0.0965	0.0907	0.0899	0.0902	0.0903	0.0883	0.1382	0.1109	0.0940	0.0894	0.0897	0.0889	0.0887	0.0884	0.1344	0.1052	0.0978	0.0900	0.0907	0.0899	0.0887	0.0873	
0.6687	0.6032	0.3596	0.2183	0.1874	0.1397	0.1205	0.1191	0.4428	0.3318	0.1819	0.1288	0.1116	0.0998	0.1002	0.0962	0.2739	0.2085	0.1205	0.0954	0.0934	0.0930	0.0905	0.0906	0.2260	0.1620	0.1084	0.0892	0.0909	0.0901	0.0897	0.0887	0.1771	0.1371	0.0992	0.0900	0.0895	0.0895	0.0901	0.0892	0.1538	0.1228	0.0980	0.0907	0.0904	0.0904	0.0905	0.0892	0.1413	0.1140	0.0958	0.0896	0.0904	0.0898	0.0894	0.0886	0.1384	0.1076	0.0984	0.0921	0.0906	0.0917	0.0906	0.0894	
0.6717	0.6153	0.3739	0.2262	0.1983	0.1445	0.1232	0.1214	0.4597	0.3463	0.1918	0.1304	0.1119	0.0982	0.0996	0.0935	0.2869	0.2176	0.1222	0.0953	0.0931	0.0920	0.0896	0.0894	0.2332	0.1640	0.1104	0.0873	0.0889	0.0874	0.0875	0.0862	0.1802	0.1391	0.0977	0.0886	0.0885	0.0880	0.0888	0.0876	0.1575	0.1239	0.0966	0.0892	0.0886	0.0878	0.0884	0.0875	0.1439	0.1147	0.0938	0.0875	0.0882	0.0876	0.0875	0.0863	0.1409	0.1057	0.0969	0.0880	0.0879	0.0895	0.0884	0.0864	
0.6687	0.6155	0.3809	0.2324	0.2025	0.1488	0.1247	0.1230	0.4744	0.3585	0.1967	0.1322	0.1119	0.0969	0.0979	0.0917	0.2948	0.2242	0.1242	0.0940	0.0913	0.0900	0.0872	0.0866	0.2395	0.1673	0.1094	0.0843	0.0864	0.0842	0.0845	0.0842	0.1826	0.1404	0.0971	0.0863	0.0871	0.0856	0.0857	0.0843	0.1583	0.1240	0.0943	0.0858	0.0847	0.0840	0.0847	0.0836	0.1454	0.1135	0.0923	0.0864	0.0869	0.0857	0.0856	0.0851	0.1397	0.1040	0.0942	0.0852	0.0850	0.0856	0.0842	0.0832	
0.6684	0.6185	0.3982	0.2418	0.2123	0.1576	0.1306	0.1290	0.4872	0.3736	0.2088	0.1400	0.1191	0.1027	0.1032	0.0974	0.3086	0.2319	0.1304	0.0980	0.0950	0.0938	0.0902	0.0891	0.2486	0.1762	0.1163	0.0891	0.0909	0.0895	0.0884	0.0874	0.1906	0.1443	0.1005	0.0894	0.0895	0.0873	0.0884	0.0874	0.1645	0.1290	0.0990	0.0903	0.0891	0.0878	0.0887	0.0874	0.1536	0.1160	0.0950	0.0891	0.0881	0.0873	0.0872	0.0869	0.1451	0.1092	0.0993	0.0891	0.0877	0.0883	0.0882	0.0876	
0.6789	0.6278	0.4264	0.2546	0.2269	0.1702	0.1405	0.1382	0.5156	0.3972	0.2282	0.1506	0.1277	0.1095	0.1096	0.1030	0.3305	0.2513	0.1396	0.1025	0.1002	0.0974	0.0940	0.0937	0.2645	0.1873	0.1251	0.0936	0.0957	0.0940	0.0933	0.0926	0.2022	0.1568	0.1049	0.0933	0.0930	0.0912	0.0920	0.0899	0.1730	0.1365	0.1045	0.0946	0.0934	0.0925	0.0932	0.0915	0.1598	0.1220	0.0993	0.0916	0.0910	0.0901	0.0914	0.0902	0.1530	0.1156	0.1044	0.0929	0.0924	0.0923	0.0918	0.0910	
0.6875	0.6378	0.4537	0.2669	0.2391	0.1802	0.1466	0.1431	0.5254	0.4156	0.2427	0.1564	0.1306	0.1093	0.1081	0.1023	0.3467	0.2658	0.1479	0.1036	0.1002	0.0972	0.0930	0.0921	0.2799	0.1990	0.1273	0.0917	0.0937	0.0912	0.0914	0.0900	0.2117	0.1605	0.1064	0.0925	0.0918	0.0908	0.0905	0.0892	0.1826	0.1404	0.1047	0.0926	0.0911	0.0902	0.0908	0.0888	0.1660	0.1267	0.1005	0.0906	0.0899	0.0888	0.0903	0.0891	0.1602	0.1160	0.1037	0.0917	0.0902	0.0915	0.0897	0.0885	
0.6881	0.6352	0.4803	0.2721	0.2461	0.1867	0.1519	0.1484	0.5549	0.4329	0.2616	0.1660	0.1346	0.1119	0.1116	0.1042	0.3606	0.2786	0.1553	0.1051	0.1011	0.0986	0.0938	0.0922	0.2982	0.2090	0.1328	0.0914	0.0947	0.0915	0.0908	0.0895	0.2252	0.1695	0.1101	0.0929	0.0913	0.0894	0.0895	0.0891	0.1883	0.1422	0.1052	0.0915	0.0913	0.0899	0.0897	0.0890	0.1723	0.1263	0.0998	0.0904	0.0911	0.0886	0.0895	0.0889	0.1647	0.1176	0.1042	0.0927	0.0902	0.0906	0.0915	0.0885	
0.6936	0.6370	0.5077	0.2806	0.2511	0.1946	0.1560	0.1536	0.5581	0.4498	0.2738	0.1708	0.1412	0.1144	0.1126	0.1050	0.3679	0.2872	0.1638	0.1066	0.1024	0.0982	0.0935	0.0917	0.3097	0.2161	0.1381	0.0907	0.0930	0.0897	0.0888	0.0888	0.2349	0.1760	0.1117	0.0922	0.0914	0.0892	0.0900	0.0881	0.1932	0.1461	0.1060	0.0910	0.0901	0.0882	0.0886	0.0876	0.1741	0.1276	0.0998	0.0889	0.0897	0.0874	0.0888	0.0877	0.1708	0.1174	0.1023	0.0910	0.0883	0.0890	0.0890	0.0873	
0.6851	0.6319	0.5227	0.2837	0.2526	0.1982	0.1581	0.1551	0.5615	0.4484	0.2807	0.1736	0.1399	0.1123	0.1094	0.1016	0.3800	0.2933	0.1676	0.1043	0.1001	0.0952	0.0896	0.0891	0.3136	0.2194	0.1403	0.0871	0.0906	0.0857	0.0850	0.0834	0.2373	0.1728	0.1102	0.0889	0.0889	0.0856	0.0866	0.0852	0.1916	0.1443	0.1042	0.0884	0.0862	0.0849	0.0847	0.0844	0.1741	0.1262	0.0979	0.0856	0.0868	0.0835	0.0854	0.0845	0.1670	0.1140	0.0993	0.0872	0.0846	0.0846	0.0831	0.0811	
0.6900	0.6339	0.5374	0.2929	0.2617	0.2043	0.1682	0.1650	0.5758	0.4682	0.2982	0.1835	0.1498	0.1219	0.1182	0.1108	0.4011	0.3122	0.1815	0.1110	0.1070	0.1026	0.0957	0.0953	0.3293	0.2310	0.1540	0.0955	0.0981	0.0935	0.0940	0.0921	0.2510	0.1845	0.1196	0.0955	0.0944	0.0915	0.0913	0.0901	0.2069	0.1522	0.1127	0.0956	0.0936	0.0924	0.0928	0.0922	0.1895	0.1336	0.1049	0.0923	0.0913	0.0904	0.0908	0.0898	0.1793	0.1249	0.1079	0.0944	0.0929	0.0929	0.0913	0.0904	
0.6993	0.6411	0.5493	0.3059	0.2694	0.2164	0.1764	0.1738	0.5957	0.4784	0.3201	0.1937	0.1605	0.1266	0.1212	0.1132	0.4187	0.3238	0.1964	0.1133	0.1075	0.1032	0.0950	0.0951	0.3402	0.2438	0.1627	0.0968	0.0987	0.0936	0.0918	0.0900	0.2606	0.1953	0.1240	0.0955	0.0935	0.0907	0.0905	0.0892	0.2176	0.1571	0.1147	0.0932	0.0918	0.0903	0.0905	0.0886	0.1935	0.1387	0.1051	0.0907	0.0905	0.0892	0.0896	0.0895	0.1860	0.1258	0.1070	0.0928	0.0919	0.0917	0.0898	0.0877	
0.6984	0.6421	0.5584	0.3112	0.2784	0.2245	0.1819	0.1793	0.6010	0.4798	0.3342	0.2019	0.1644	0.1292	0.1229	0.1145	0.4314	0.3377	0.2081	0.1151	0.1099	0.1044	0.0954	0.0958	0.3551	0.2556	0.1715	0.0961	0.0976	0.0926	0.0917	0.0899	0.2724	0.2001	0.1278	0.0962	0.0942	0.0901	0.0907	0.0890	0.2222	0.1636	0.1169	0.0943	0.0917	0.0894	0.0896	0.0881	0.2017	0.1393	0.1063	0.0910	0.0909	0.0878	0.0892	0.0891	0.1939	0.1287	0.1101	0.0912	0.0904	0.0898	0.0888	0.0877	
0.6948	0.6353	0.5601	0.3175	0.2798	0.2263	0.1853	0.1858	0.5997	0.4852	0.3491	0.2075	0.1676	0.1294	0.1228	0.1132	0.4313	0.3475	0.2207	0.1169	0.1108	0.1040	0.0950	0.0940	0.3641	0.2599	0.1774	0.0937	0.0952	0.0892	0.0884	0.0863	0.2794	0.2020	0.1292	0.0956	0.0922	0.0885	0.0887	0.0875	0.2266	0.1632	0.1173	0.0913	0.0887	0.0864	0.0868	0.0838	0.2055	0.1401	0.1063	0.0881	0.0885	0.0870	0.0878	0.0852	0.1954	0.1264	0.1060	0.0881	0.0868	0.0857	0.0858	0.0845	
0.6960	0.6393	0.5676	0.3278	0.2823	0.2315	0.1912	0.1913	0.6213	0.5155	0.3627	0.2160	0.1753	0.1353	0.1263	0.1177	0.4609	0.3587	0.2297	0.1196	0.1141	0.1065	0.0965	0.0954	0.3757	0.2726	0.1869	0.0972	0.0980	0.0923	0.0914	0.0898	0.2859	0.2080	0.1317	0.0966	0.0935	0.0887	0.0892	0.0881	0.2314	0.1708	0.1213	0.0942	0.0913	0.0891	0.0887	0.0878	0.2094	0.1449	0.1080	0.0900	0.0894	0.0874	0.0884	0.0871	0.1995	0.1297	0.1099	0.0904	0.0902	0.0892	0.0878	0.0857	
