0.0884	0.0866	0.0871	0.0877	0.0881	0.0885	0.0877	0.0901	0.0873	0.0877	0.0876	0.0874	0.0874	0.0881	0.0874	0.0907	0.0873	0.0876	0.0877	0.0877	0.0875	0.0885	0.0878	0.0918	0.0871	0.0873	0.0870	0.0875	0.0871	0.0863	0.0890	0.0868	0.0913	0.1117	0.0897	0.1157	0.0908	0.1137	0.0921	0.1154	0.0915	0.0944	0.0924	0.1011	0.0905	0.1124	0.0918	0.1099	0.0921	0.0974	0.0921	0.0982	0.0921	0.0993	0.0901	0.0954	0.0913	0.1055	0.0928	0.1085	0.0916	0.1186	0.0918	0.1040	
0.0880	0.0864	0.0875	0.0876	0.0889	0.0878	0.0890	0.0883	0.0872	0.0873	0.0875	0.0872	0.0884	0.0873	0.0876	0.0884	0.0870	0.0869	0.0870	0.0919	0.0878	0.0878	0.0890	0.0890	0.0873	0.0882	0.0872	0.0869	0.0876	0.0869	0.0922	0.0881	0.0902	0.0910	0.0890	0.0911	0.0903	0.0899	0.0899	0.0925	0.0904	0.0908	0.0908	0.0912	0.0895	0.0908	0.0905	0.0906	0.0899	0.0913	0.0907	0.0911	0.0897	0.0912	0.0896	0.0907	0.0898	0.0911	0.0903	0.0904	0.0898	0.0914	0.0905	0.0898	
0.0879	0.0868	0.0871	0.0867	0.0885	0.0878	0.0873	0.0877	0.0877	0.0874	0.0873	0.0871	0.0877	0.0863	0.0872	0.0880	0.0873	0.0874	0.0871	0.0879	0.0870	0.0871	0.0889	0.0884	0.0875	0.0872	0.0869	0.0865	0.0873	0.0875	0.0905	0.0874	0.0915	0.0918	0.0924	0.0933	0.0898	0.0915	0.0901	0.0918	0.0905	0.0909	0.0906	0.0916	0.0906	0.0919	0.0919	0.0948	0.0916	0.0916	0.0919	0.0916	0.0900	0.0918	0.0903	0.1030	0.0904	0.0911	0.0903	0.0922	0.0896	0.0919	0.0915	0.0917	
0.0874	0.0863	0.0876	0.0865	0.0892	0.0878	0.0885	0.0881	0.0879	0.0872	0.0875	0.0871	0.0879	0.0868	0.0873	0.0883	0.0873	0.0875	0.0878	0.0891	0.0879	0.0872	0.0890	0.0889	0.0873	0.0885	0.0869	0.0869	0.0877	0.0874	0.0894	0.0879	0.0911	0.0899	0.0904	0.0911	0.0898	0.0914	0.0898	0.0920	0.0903	0.0911	0.0915	0.0916	0.0910	0.0917	0.0904	0.0913	0.0907	0.0922	0.0903	0.0916	0.0908	0.0919	0.0907	0.0920	0.0902	0.0912	0.0900	0.0917	0.0913	0.0912	0.0913	0.0909	
0.0882	0.0874	0.0876	0.0871	0.0890	0.0879	0.0881	0.0881	0.0880	0.0879	0.0873	0.0875	0.0875	0.0869	0.0878	0.0885	0.0874	0.0868	0.0878	0.0884	0.0882	0.0877	0.0883	0.0894	0.0879	0.0888	0.0874	0.0872	0.0878	0.0876	0.0902	0.0874	0.0912	0.0914	0.0906	0.0921	0.0895	0.0920	0.0893	0.0932	0.0909	0.0915	0.0910	0.0916	0.0909	0.0925	0.0910	0.0929	0.0908	0.0915	0.0916	0.0920	0.0905	0.0923	0.0910	0.0915	0.0913	0.0917	0.0906	0.0923	0.0916	0.0915	0.0922	0.0920	
0.0884	0.0870	0.0879	0.0877	0.0895	0.0877	0.0882	0.0885	0.0881	0.0879	0.0877	0.0878	0.0881	0.0866	0.0880	0.0885	0.0877	0.0879	0.0878	0.0900	0.0879	0.0876	0.0887	0.0887	0.0883	0.0901	0.0875	0.0868	0.0880	0.0880	0.0894	0.0880	0.0908	0.0904	0.0903	0.0914	0.0893	0.0914	0.0897	0.0917	0.0903	0.0917	0.0912	0.0923	0.0900	0.0923	0.0910	0.0920	0.0907	0.0917	0.0897	0.0915	0.0903	0.0914	0.0914	0.0910	0.0902	0.0909	0.0914	0.0912	0.0904	0.0914	0.0917	0.0916	
0.0886	0.0877	0.0879	0.0877	0.0896	0.0889	0.0888	0.0882	0.0880	0.0881	0.0872	0.0874	0.0877	0.0872	0.0879	0.0887	0.0876	0.0875	0.0875	0.0888	0.0883	0.0880	0.0887	0.0895	0.0881	0.0875	0.0874	0.0875	0.0877	0.0885	0.0916	0.0874	0.0904	0.0907	0.0911	0.0906	0.0892	0.0917	0.0896	0.0920	0.0902	0.0908	0.0911	0.0911	0.0907	0.0918	0.0904	0.0916	0.0897	0.0911	0.0900	0.0911	0.0898	0.0923	0.0900	0.0902	0.0898	0.0902	0.0902	0.0911	0.0903	0.0917	0.0915	0.0918	
0.0880	0.0869	0.0876	0.0869	0.0883	0.0874	0.0914	0.0885	0.0881	0.0880	0.0873	0.0874	0.0872	0.0870	0.0867	0.0886	0.0875	0.0876	0.0881	0.0872	0.0882	0.0874	0.0883	0.0893	0.0879	0.0888	0.0873	0.0872	0.0877	0.0875	0.0891	0.0869	0.0907	0.0905	0.0902	0.0909	0.0896	0.0920	0.0903	0.0914	0.0904	0.0911	0.0916	0.0910	0.0909	0.0912	0.0918	0.0923	0.0898	0.0921	0.0898	0.0915	0.0902	0.0912	0.0897	0.0913	0.0899	0.0919	0.0899	0.0918	0.0903	0.0908	0.0914	0.0910	
0.0877	0.0868	0.0874	0.0879	0.0888	0.0881	0.0879	0.0889	0.0884	0.0876	0.0879	0.0879	0.0877	0.0873	0.0873	0.0888	0.0881	0.0870	0.0877	0.0932	0.0880	0.0878	0.0892	0.0898	0.0884	0.0905	0.0871	0.0867	0.0877	0.0881	0.0920	0.0872	0.0904	0.0915	0.0901	0.0917	0.0895	0.0914	0.0907	0.0922	0.0907	0.0917	0.0910	0.0912	0.0905	0.0920	0.0903	0.0917	0.0907	0.0924	0.0905	0.0917	0.0898	0.0907	0.0905	0.0905	0.0900	0.0908	0.0916	0.0914	0.0900	0.0904	0.0906	0.0912	
0.0890	0.0875	0.0875	0.0877	0.0895	0.0877	0.0888	0.0886	0.0881	0.0878	0.0879	0.0877	0.0883	0.0870	0.0880	0.0886	0.0878	0.0879	0.0882	0.0884	0.0884	0.0881	0.0884	0.0897	0.0884	0.0883	0.0879	0.0875	0.0878	0.0876	0.0890	0.0873	0.0901	0.0908	0.0904	0.0904	0.0900	0.0912	0.0901	0.0914	0.0906	0.0914	0.0912	0.0910	0.0898	0.0917	0.0916	0.0941	0.0904	0.0918	0.0907	0.0920	0.0896	0.0915	0.0901	0.0915	0.0929	0.0918	0.0901	0.0912	0.0901	0.0903	0.0910	0.0908	
0.0884	0.0879	0.0881	0.0879	0.0892	0.0884	0.0891	0.0888	0.0890	0.0886	0.0877	0.0877	0.0881	0.0878	0.0875	0.0880	0.0880	0.0886	0.0881	0.0886	0.0885	0.0874	0.0884	0.0893	0.0881	0.0916	0.0884	0.0868	0.0882	0.0880	0.0890	0.0881	0.0922	0.0915	0.0918	0.0916	0.0898	0.0924	0.0908	0.0927	0.0909	0.0921	0.0920	0.0923	0.0910	0.0923	0.0916	0.0922	0.0908	0.0922	0.0906	0.0925	0.0903	0.0924	0.0910	0.0925	0.0916	0.0918	0.0909	0.0917	0.0912	0.0914	0.0923	0.0923	
0.0887	0.0876	0.0879	0.0879	0.0893	0.0894	0.0891	0.0891	0.0891	0.0882	0.0878	0.0881	0.0883	0.0870	0.0882	0.0886	0.0883	0.0881	0.0881	0.0886	0.0883	0.0878	0.0894	0.0898	0.0882	0.0917	0.0875	0.0874	0.0876	0.0874	0.0896	0.0876	0.0918	0.0918	0.0906	0.0925	0.0901	0.0923	0.0906	0.0937	0.0913	0.0928	0.0917	0.0925	0.0908	0.0937	0.0920	0.0936	0.0911	0.0936	0.0926	0.0922	0.0904	0.0930	0.0904	0.0925	0.0912	0.0922	0.0917	0.0926	0.0913	0.0926	0.0916	0.0928	
0.0893	0.0879	0.0884	0.0885	0.0894	0.0890	0.0888	0.0895	0.0885	0.0883	0.0884	0.0893	0.0887	0.0874	0.0883	0.0889	0.0887	0.0882	0.0891	0.0905	0.0879	0.0883	0.0893	0.0899	0.0885	0.0890	0.0875	0.0874	0.0879	0.0877	0.0893	0.0879	0.0908	0.0909	0.0898	0.0916	0.0898	0.0923	0.0910	0.0923	0.0905	0.0912	0.0910	0.0924	0.0904	0.0928	0.0909	0.0934	0.0903	0.0921	0.0905	0.0917	0.0905	0.0920	0.0904	0.0911	0.0908	0.0913	0.0911	0.0917	0.0902	0.0917	0.0914	0.0920	
0.0892	0.0880	0.0886	0.0879	0.0890	0.0883	0.0888	0.0887	0.0882	0.0883	0.0881	0.0877	0.0884	0.0871	0.0882	0.0884	0.0882	0.0881	0.0884	0.0886	0.0885	0.0884	0.0891	0.0896	0.0886	0.0916	0.0883	0.0876	0.0882	0.0881	0.0887	0.0883	0.0912	0.0918	0.0911	0.0924	0.0903	0.0928	0.0901	0.0931	0.0910	0.0916	0.0918	0.0922	0.0915	0.0927	0.0915	0.0923	0.0915	0.0923	0.0916	0.0927	0.0911	0.0917	0.0915	0.0921	0.0910	0.0917	0.0914	0.0922	0.0916	0.0923	0.0918	0.0918	
0.0894	0.0886	0.0886	0.0882	0.0896	0.0893	0.0897	0.0890	0.0889	0.0885	0.0880	0.0882	0.0880	0.0897	0.0883	0.0890	0.0882	0.0878	0.0879	0.0889	0.0880	0.0886	0.0891	0.0899	0.0884	0.0916	0.0879	0.0875	0.0880	0.0880	0.0910	0.0890	0.0922	0.0922	0.0908	0.0947	0.0892	0.0915	0.0906	0.0924	0.0911	0.0918	0.0920	0.0926	0.0912	0.0923	0.0912	0.0917	0.0915	0.0930	0.0918	0.0935	0.0909	0.0929	0.0914	0.0913	0.0911	0.0914	0.0914	0.0920	0.0912	0.0925	0.0914	0.0922	
0.0886	0.0874	0.0875	0.0870	0.0889	0.0877	0.0883	0.0883	0.0875	0.0878	0.0867	0.0869	0.0877	0.0860	0.0872	0.0881	0.0881	0.0874	0.0870	0.0892	0.0873	0.0873	0.0881	0.0894	0.0879	0.0874	0.0865	0.0858	0.0874	0.0872	0.0892	0.0867	0.0913	0.0917	0.0915	0.0930	0.0897	0.0932	0.0914	0.0932	0.0916	0.0922	0.0918	0.0928	0.0920	0.0922	0.0916	0.0935	0.0919	0.0929	0.0920	0.0925	0.0915	0.0932	0.0909	0.0929	0.0918	0.0924	0.0913	0.0924	0.0925	0.0919	0.0914	0.0954	
0.0895	0.0883	0.0887	0.0883	0.0903	0.0887	0.0895	0.0894	0.0888	0.0889	0.0877	0.0882	0.0886	0.0875	0.0880	0.0890	0.0886	0.0884	0.0883	0.0887	0.0886	0.0881	0.0891	0.0896	0.0889	0.0883	0.0877	0.0872	0.0888	0.0880	0.0909	0.0878	0.0911	0.0922	0.0910	0.0917	0.0901	0.0924	0.0905	0.0931	0.0913	0.0926	0.0922	0.0925	0.0915	0.0927	0.0921	0.0939	0.0909	0.0924	0.0921	0.0911	0.0917	0.0924	0.0915	0.0919	0.0907	0.0923	0.0909	0.0917	0.0916	0.0924	0.0920	0.0924	
0.0903	0.0888	0.0896	0.0892	0.0904	0.0896	0.0905	0.0894	0.0885	0.0891	0.0885	0.0886	0.0891	0.0878	0.0883	0.0890	0.0889	0.0887	0.0884	0.0889	0.0885	0.0885	0.0891	0.0900	0.0891	0.0887	0.0879	0.0872	0.0881	0.0878	0.0903	0.0888	0.0917	0.0918	0.0912	0.0927	0.0901	0.0919	0.0902	0.0926	0.0908	0.0921	0.0918	0.0925	0.0908	0.0926	0.0916	0.0927	0.0917	0.0922	0.0913	0.0924	0.0913	0.0918	0.0909	0.0916	0.0910	0.0912	0.0917	0.0918	0.0917	0.0925	0.0915	0.0922	
0.0903	0.0896	0.0898	0.0892	0.0908	0.0902	0.0901	0.0903	0.0892	0.0895	0.0881	0.0888	0.0890	0.0882	0.0894	0.0896	0.0894	0.0890	0.0889	0.0891	0.0889	0.0890	0.0899	0.0900	0.0893	0.0886	0.0884	0.0881	0.0887	0.0886	0.0899	0.0887	0.0926	0.0918	0.0914	0.0919	0.0906	0.0937	0.0912	0.0927	0.0915	0.0925	0.0916	0.0923	0.0920	0.0934	0.0924	0.0936	0.0920	0.0930	0.0919	0.0925	0.0912	0.0929	0.0917	0.0928	0.0924	0.0933	0.0918	0.0922	0.0909	0.0916	0.0935	0.0919	
0.0902	0.0899	0.0899	0.0895	0.0909	0.0906	0.0896	0.0900	0.0895	0.0893	0.0883	0.0889	0.0895	0.0885	0.0887	0.0898	0.0890	0.0889	0.0888	0.0894	0.0891	0.0885	0.0891	0.0899	0.0894	0.0891	0.0879	0.0874	0.0888	0.0884	0.0903	0.0884	0.0927	0.0926	0.0909	0.0921	0.0908	0.0930	0.0913	0.0925	0.0922	0.0931	0.0933	0.0927	0.0916	0.0930	0.0926	0.0927	0.0913	0.0940	0.0919	0.0924	0.0911	0.0929	0.0915	0.0930	0.0920	0.0930	0.0916	0.0928	0.0917	0.0921	0.0918	0.0921	
0.0912	0.0901	0.0900	0.0896	0.0914	0.0904	0.0911	0.0903	0.0900	0.0894	0.0888	0.0891	0.0895	0.0884	0.0885	0.0896	0.0894	0.0889	0.0890	0.0899	0.0891	0.0888	0.0898	0.0903	0.0895	0.0898	0.0883	0.0880	0.0889	0.0887	0.0903	0.0882	0.0922	0.0927	0.0915	0.0925	0.0909	0.0929	0.0910	0.0935	0.0924	0.0929	0.0921	0.0927	0.0910	0.0935	0.0928	0.0929	0.0915	0.0938	0.0928	0.0931	0.0914	0.0932	0.0924	0.0929	0.0917	0.0931	0.0916	0.0921	0.0911	0.0927	0.0930	0.0931	
0.0907	0.0905	0.0906	0.0899	0.0918	0.0902	0.0898	0.0899	0.0902	0.0895	0.0887	0.0891	0.0896	0.0885	0.0897	0.0902	0.0896	0.0892	0.0890	0.0895	0.0896	0.0890	0.0906	0.0905	0.0895	0.0921	0.0886	0.0878	0.0886	0.0885	0.0901	0.0884	0.0917	0.0920	0.0906	0.0935	0.0902	0.0928	0.0909	0.0928	0.0917	0.0925	0.0922	0.0930	0.0924	0.0933	0.0914	0.0930	0.0925	0.0929	0.0913	0.0932	0.0917	0.0925	0.0913	0.0926	0.0921	0.0926	0.0915	0.0923	0.0912	0.0921	0.0924	0.0926	
0.0918	0.0911	0.0912	0.0915	0.0926	0.0908	0.0913	0.0907	0.0906	0.0903	0.0895	0.0897	0.0904	0.0892	0.0896	0.0901	0.0899	0.0893	0.0896	0.0909	0.0895	0.0891	0.0905	0.0907	0.0898	0.0935	0.0888	0.0883	0.0891	0.0892	0.0909	0.0893	0.0927	0.0927	0.0912	0.0922	0.0901	0.0938	0.0910	0.0937	0.0920	0.0930	0.0928	0.0922	0.0919	0.0927	0.0927	0.0934	0.0921	0.0925	0.0930	0.0925	0.0908	0.0928	0.0923	0.0925	0.0908	0.0926	0.0914	0.0924	0.0917	0.0931	0.0928	0.0917	
0.0922	0.0914	0.0914	0.0911	0.0924	0.0913	0.0911	0.0914	0.0905	0.0903	0.0889	0.0895	0.0900	0.0889	0.0894	0.0905	0.0903	0.0903	0.0897	0.0899	0.0899	0.0897	0.0901	0.0907	0.0899	0.0899	0.0887	0.0883	0.0895	0.0894	0.0909	0.0885	0.0927	0.0921	0.0911	0.0923	0.0906	0.0929	0.0912	0.0928	0.0915	0.0927	0.0924	0.0933	0.0916	0.0926	0.0919	0.0938	0.0920	0.0928	0.0911	0.0919	0.0911	0.0929	0.0924	0.0930	0.0916	0.0916	0.0917	0.0938	0.0918	0.0920	0.0926	0.0922	
0.0930	0.0923	0.0923	0.0921	0.0936	0.0921	0.0921	0.0922	0.0911	0.0911	0.0899	0.0903	0.0903	0.0893	0.0900	0.0905	0.0907	0.0901	0.0893	0.0933	0.0908	0.0895	0.0911	0.0913	0.0902	0.0900	0.0896	0.0888	0.0896	0.0889	0.0912	0.0891	0.0927	0.0927	0.0930	0.0944	0.0916	0.0945	0.0920	0.0925	0.0922	0.0936	0.0941	0.0934	0.0926	0.0940	0.0930	0.0943	0.0922	0.0937	0.0929	0.0940	0.0921	0.0932	0.0929	0.0946	0.0924	0.0932	0.0929	0.0937	0.0928	0.0925	0.0927	0.0935	
0.0934	0.0932	0.0928	0.0917	0.0933	0.0928	0.0921	0.0914	0.0913	0.0910	0.0898	0.0903	0.0906	0.0895	0.0903	0.0909	0.0907	0.0895	0.0899	0.0903	0.0902	0.0897	0.0901	0.0908	0.0902	0.0920	0.0890	0.0886	0.0890	0.0894	0.0914	0.0901	0.0926	0.0933	0.0912	0.0943	0.0914	0.0936	0.0907	0.0932	0.0923	0.0934	0.0933	0.0932	0.0918	0.0934	0.0917	0.0941	0.0922	0.0936	0.0941	0.0932	0.0921	0.0932	0.0919	0.0930	0.0924	0.0939	0.0948	0.0929	0.0922	0.0925	0.0920	0.0936	
0.0935	0.0932	0.0931	0.0933	0.0948	0.0941	0.0933	0.0928	0.0929	0.0915	0.0903	0.0907	0.0913	0.0903	0.0908	0.0920	0.0920	0.0906	0.0904	0.1009	0.0903	0.0902	0.0905	0.0914	0.0911	0.0917	0.0895	0.0888	0.0896	0.0902	0.0922	0.0891	0.0931	0.0927	0.0920	0.0931	0.0906	0.0939	0.0916	0.0936	0.0925	0.0932	0.0928	0.0928	0.0922	0.0935	0.0923	0.0932	0.0927	0.0931	0.0923	0.0932	0.0915	0.0931	0.0920	0.0930	0.0925	0.0932	0.0917	0.0932	0.0927	0.0922	0.0929	0.0925	
0.0945	0.0942	0.0937	0.0938	0.0947	0.0939	0.0937	0.0932	0.0920	0.0918	0.0905	0.0915	0.0908	0.0904	0.0911	0.0914	0.0916	0.0906	0.0904	0.0904	0.0909	0.0901	0.0915	0.0913	0.0907	0.0902	0.0902	0.0892	0.0911	0.0891	0.0917	0.0894	0.0925	0.0932	0.0919	0.0935	0.0908	0.0939	0.0912	0.0938	0.0922	0.0935	0.0926	0.0929	0.0922	0.0940	0.0925	0.0940	0.0923	0.0943	0.0932	0.0933	0.0913	0.0924	0.0915	0.0935	0.0924	0.0929	0.0926	0.0925	0.0924	0.0926	0.0932	0.0932	
0.0947	0.0952	0.0944	0.0948	0.0955	0.0942	0.0945	0.0931	0.0918	0.0921	0.0907	0.0911	0.0920	0.0905	0.0910	0.0916	0.0913	0.0912	0.0906	0.1130	0.0910	0.0903	0.0912	0.0922	0.0910	0.0922	0.0899	0.0890	0.0899	0.0893	0.0908	0.0904	0.0928	0.0931	0.0916	0.0934	0.0911	0.0933	0.0919	0.0938	0.0920	0.0935	0.0928	0.0943	0.0918	0.0938	0.0926	0.0941	0.0918	0.0943	0.0925	0.0955	0.0915	0.0935	0.0926	0.0932	0.0922	0.0927	0.0917	0.0932	0.0918	0.0923	0.0919	0.0939	
0.0962	0.0961	0.0960	0.0958	0.0966	0.0958	0.0945	0.0931	0.0929	0.0922	0.0912	0.0918	0.0918	0.0908	0.0914	0.0918	0.0919	0.0909	0.0912	0.0961	0.0912	0.0904	0.0912	0.0920	0.0917	0.0944	0.0913	0.0895	0.0901	0.0896	0.0918	0.0902	0.0924	0.0927	0.0918	0.0926	0.0914	0.0936	0.0913	0.0936	0.0922	0.0934	0.0923	0.0928	0.0918	0.0944	0.0932	0.0942	0.0925	0.0928	0.0922	0.0931	0.0915	0.0935	0.0932	0.0934	0.0919	0.0936	0.0922	0.0924	0.0920	0.0928	0.0920	0.0932	
0.0972	0.0980	0.0969	0.0961	0.0972	0.0961	0.0947	0.0934	0.0936	0.0932	0.0911	0.0916	0.0917	0.0919	0.0913	0.0915	0.0919	0.0914	0.0908	0.0914	0.0918	0.0907	0.0915	0.0921	0.0913	0.0931	0.0899	0.0893	0.0901	0.0894	0.0916	0.0897	0.0925	0.0935	0.0919	0.0937	0.0922	0.0943	0.0917	0.0946	0.0923	0.0937	0.0930	0.0937	0.0918	0.0944	0.0932	0.0940	0.0923	0.0935	0.0922	0.0924	0.0916	0.0934	0.0924	0.0938	0.0926	0.0933	0.0924	0.0933	0.0920	0.0932	0.0932	0.0943	
0.0990	0.0988	0.0977	0.0982	0.0985	0.0973	0.0960	0.0952	0.0942	0.0938	0.0921	0.0924	0.0932	0.0921	0.0923	0.0932	0.0929	0.0923	0.0915	0.0935	0.0922	0.0912	0.0930	0.0925	0.0923	0.0936	0.0909	0.0896	0.0909	0.0906	0.0918	0.0908	0.0935	0.0934	0.0927	0.0942	0.0917	0.0942	0.0928	0.0940	0.0927	0.0942	0.0936	0.0923	0.0923	0.0945	0.0927	0.0947	0.0927	0.0947	0.0931	0.0938	0.0921	0.0941	0.0932	0.0939	0.0932	0.0939	0.0933	0.0938	0.0929	0.0933	0.0931	0.0938	
0.0991	0.0998	0.0989	0.0986	0.0992	0.0981	0.0966	0.0943	0.0943	0.0944	0.0924	0.0925	0.0930	0.0917	0.0920	0.0938	0.0929	0.0924	0.0919	0.0924	0.0917	0.0915	0.0921	0.0926	0.0925	0.0919	0.0902	0.0902	0.0907	0.0904	0.0911	0.0899	0.0935	0.0936	0.0932	0.0942	0.0911	0.0941	0.0913	0.0947	0.0929	0.0948	0.0936	0.0943	0.0926	0.0946	0.0935	0.0951	0.0932	0.0940	0.0941	0.0933	0.0915	0.0933	0.0934	0.0939	0.0933	0.0930	0.0933	0.0934	0.0922	0.0935	0.0934	0.0933	
0.1012	0.1016	0.1003	0.1007	0.1007	0.0996	0.0970	0.0947	0.0949	0.0943	0.0929	0.0929	0.0935	0.0930	0.0931	0.0946	0.0933	0.0927	0.0920	0.0983	0.0920	0.0915	0.0926	0.0933	0.0924	0.0925	0.0901	0.0905	0.0910	0.0908	0.0923	0.0907	0.0936	0.0938	0.0920	0.0939	0.0914	0.0940	0.0920	0.0944	0.0926	0.0937	0.0934	0.0937	0.0926	0.0946	0.0927	0.0949	0.0926	0.0945	0.0928	0.0939	0.0920	0.0939	0.0929	0.0949	0.0927	0.0933	0.0929	0.0933	0.0927	0.0928	0.0935	0.0939	
0.1024	0.1031	0.1023	0.1023	0.1038	0.1012	0.0989	0.0957	0.0958	0.0951	0.0945	0.0943	0.0937	0.0938	0.0934	0.0937	0.0939	0.0931	0.0929	0.0930	0.0934	0.0928	0.0936	0.0940	0.0929	0.0944	0.0908	0.0909	0.0916	0.0913	0.0922	0.0910	0.0938	0.0944	0.0942	0.0943	0.0928	0.0943	0.0938	0.0952	0.0936	0.0942	0.0942	0.0942	0.0931	0.0949	0.0938	0.0955	0.0936	0.0953	0.0934	0.0942	0.0922	0.0948	0.0926	0.0954	0.0931	0.0934	0.0930	0.0937	0.0929	0.0941	0.0940	0.0947	
0.1042	0.1051	0.1036	0.1042	0.1048	0.1027	0.1005	0.0965	0.0964	0.0958	0.0941	0.0964	0.0945	0.0946	0.0940	0.0951	0.0945	0.0938	0.0931	0.0941	0.0933	0.0923	0.0933	0.0937	0.0938	0.0925	0.0912	0.0910	0.0916	0.0913	0.0940	0.0912	0.0938	0.0943	0.0935	0.0942	0.0923	0.0955	0.0927	0.0955	0.0927	0.0949	0.0939	0.0942	0.0931	0.0956	0.0935	0.0960	0.0926	0.0948	0.0936	0.0933	0.0914	0.0954	0.0936	0.0941	0.0930	0.0943	0.0931	0.0944	0.0935	0.0943	0.0937	0.0951	
0.1063	0.1073	0.1062	0.1062	0.1066	0.1049	0.1010	0.0977	0.0969	0.0965	0.0950	0.0956	0.0955	0.0946	0.0944	0.0948	0.0947	0.0939	0.0936	0.0981	0.0936	0.0927	0.0936	0.0949	0.0936	0.0965	0.0919	0.0915	0.0927	0.0917	0.0929	0.0918	0.0947	0.0939	0.0938	0.0956	0.0925	0.0949	0.0944	0.0955	0.0940	0.0948	0.0942	0.0946	0.0940	0.0956	0.0944	0.0957	0.0939	0.0958	0.0938	0.0956	0.0925	0.0957	0.0930	0.0952	0.0931	0.0940	0.0932	0.0946	0.0942	0.0948	0.0944	0.0947	
0.1074	0.1093	0.1081	0.1081	0.1078	0.1060	0.1030	0.0990	0.0986	0.0972	0.0951	0.0959	0.0958	0.0949	0.0961	0.0970	0.0958	0.0945	0.0939	0.1040	0.0940	0.0932	0.0957	0.0962	0.0943	0.0930	0.0922	0.0916	0.0920	0.0917	0.0939	0.0934	0.0935	0.0943	0.0936	0.0948	0.0926	0.0946	0.0931	0.0955	0.0936	0.0952	0.0948	0.0952	0.0934	0.0949	0.0943	0.0953	0.0936	0.0955	0.0934	0.0948	0.0926	0.0948	0.0933	0.0944	0.0929	0.0939	0.0938	0.0935	0.0944	0.0949	0.0934	0.0956	
0.1113	0.1127	0.1103	0.1114	0.1100	0.1085	0.1029	0.0991	0.0991	0.0987	0.0965	0.0972	0.0964	0.0954	0.0952	0.0955	0.0964	0.0952	0.0938	0.0953	0.0940	0.0931	0.0942	0.0954	0.0952	0.0953	0.0926	0.0922	0.0926	0.0919	0.0929	0.0917	0.0949	0.0950	0.0935	0.0948	0.0931	0.0959	0.0937	0.0962	0.0940	0.0945	0.0943	0.0948	0.0933	0.0949	0.0949	0.0964	0.0926	0.0951	0.0936	0.0948	0.0919	0.0938	0.0936	0.0941	0.0934	0.0947	0.0930	0.0940	0.0931	0.0945	0.0943	0.0945	
0.1133	0.1158	0.1126	0.1145	0.1134	0.1104	0.1091	0.0998	0.0998	0.0990	0.0970	0.0987	0.0965	0.0962	0.0957	0.0970	0.0967	0.0963	0.0947	0.0950	0.0951	0.0937	0.0945	0.0955	0.0949	0.0945	0.0928	0.0918	0.0927	0.0921	0.0943	0.0916	0.0947	0.0947	0.0935	0.0962	0.0923	0.0953	0.0930	0.0968	0.0927	0.0953	0.0947	0.0955	0.0942	0.0960	0.0936	0.0973	0.0946	0.0976	0.0941	0.0947	0.0925	0.0936	0.0939	0.0963	0.0929	0.0938	0.0939	0.0942	0.0933	0.0936	0.0952	0.0950	
0.1171	0.1194	0.1170	0.1176	0.1168	0.1140	0.1064	0.1008	0.1014	0.1002	0.0974	0.0994	0.0984	0.0982	0.0970	0.0982	0.0977	0.0963	0.0962	0.0980	0.0972	0.0945	0.0959	0.0970	0.0956	0.0946	0.0934	0.0929	0.0941	0.0926	0.0944	0.0929	0.0952	0.0951	0.0940	0.0956	0.0929	0.0963	0.0938	0.0953	0.0934	0.0947	0.0952	0.0960	0.0939	0.0957	0.0943	0.0956	0.0937	0.0958	0.0936	0.0940	0.0931	0.0945	0.0938	0.0937	0.0938	0.0943	0.0933	0.0933	0.0940	0.0943	0.0940	0.0953	
0.1205	0.1227	0.1201	0.1209	0.1194	0.1153	0.1084	0.1026	0.1020	0.1021	0.0982	0.0993	0.1002	0.0984	0.0971	0.0980	0.0982	0.0974	0.0959	0.0964	0.0965	0.0955	0.0957	0.0970	0.0964	0.0971	0.0936	0.0931	0.0938	0.0927	0.0935	0.0937	0.0958	0.0952	0.0941	0.0960	0.0934	0.0966	0.0941	0.0968	0.0954	0.0957	0.0945	0.0951	0.0939	0.0952	0.0940	0.0971	0.0936	0.0956	0.0941	0.0949	0.0932	0.0946	0.0939	0.0950	0.0940	0.0950	0.0936	0.0946	0.0931	0.0946	0.0938	0.0948	
0.1239	0.1266	0.1242	0.1256	0.1239	0.1197	0.1105	0.1031	0.1036	0.1031	0.1001	0.1011	0.1009	0.1007	0.0992	0.0998	0.0988	0.0978	0.0972	0.0970	0.0967	0.0952	0.0969	0.0972	0.0970	0.0959	0.0944	0.0936	0.0955	0.0938	0.0951	0.0936	0.0954	0.0966	0.0961	0.0953	0.0937	0.0973	0.0943	0.0971	0.0951	0.0963	0.0950	0.0958	0.0939	0.0974	0.0953	0.0970	0.0935	0.0964	0.0952	0.0957	0.0929	0.0955	0.0940	0.0951	0.0946	0.0949	0.0940	0.0945	0.0947	0.0947	0.0945	0.0955	
0.1294	0.1328	0.1291	0.1310	0.1302	0.1237	0.1143	0.1042	0.1050	0.1048	0.1014	0.1027	0.1014	0.1016	0.0991	0.1009	0.0997	0.0994	0.0976	0.0986	0.0982	0.0958	0.0980	0.0986	0.0976	0.0965	0.0951	0.0946	0.0950	0.0940	0.0991	0.0938	0.0964	0.0969	0.0953	0.0959	0.0941	0.0970	0.0955	0.0980	0.0954	0.0964	0.0962	0.0965	0.0949	0.0968	0.0954	0.0969	0.0952	0.0979	0.0962	0.0961	0.0931	0.0963	0.0956	0.0948	0.0950	0.0957	0.0952	0.0955	0.0955	0.0955	0.0945	0.0958	
0.1337	0.1375	0.1333	0.1358	0.1336	0.1287	0.1153	0.1056	0.1071	0.1063	0.1027	0.1041	0.1033	0.1021	0.1012	0.1014	0.1020	0.1003	0.0996	0.1002	0.0992	0.0966	0.0983	0.0984	0.0986	0.0987	0.0965	0.0947	0.0955	0.0941	0.0986	0.0948	0.0965	0.0961	0.0955	0.0961	0.0951	0.0966	0.0947	0.0970	0.0957	0.0964	0.0959	0.0961	0.0950	0.1000	0.0951	0.0949	0.0949	0.0991	0.0976	0.0950	0.0939	0.0987	0.0942	0.0959	0.0947	0.0956	0.0939	0.0950	0.0950	0.0958	0.0958	0.0960	
0.1396	0.1434	0.1404	0.1412	0.1385	0.1319	0.1168	0.1068	0.1083	0.1085	0.1047	0.1046	0.1057	0.1059	0.1025	0.1022	0.1025	0.1012	0.0999	0.1000	0.1000	0.0980	0.0996	0.1000	0.0988	0.0978	0.0957	0.0955	0.0964	0.0956	0.0967	0.0951	0.0984	0.0973	0.0957	0.0981	0.0938	0.0980	0.0951	0.0979	0.0960	0.0968	0.1005	0.0961	0.0958	0.0971	0.0956	0.0963	0.0955	0.0963	0.0960	0.0966	0.0942	0.0959	0.0957	0.1012	0.0949	0.0959	0.0952	0.0957	0.0952	0.0957	0.0948	0.0970	
0.1469	0.1518	0.1469	0.1498	0.1453	0.1384	0.1209	0.1071	0.1101	0.1110	0.1059	0.1058	0.1068	0.1052	0.1034	0.1031	0.1029	0.1022	0.1002	0.1016	0.1019	0.0986	0.0996	0.1008	0.1001	0.0983	0.0960	0.0956	0.0965	0.0949	0.0970	0.0951	0.0971	0.0972	0.0968	0.0983	0.0956	0.0987	0.0965	0.0983	0.0964	0.0969	0.0972	0.0972	0.0949	0.0967	0.0966	0.0976	0.0956	0.0979	0.0963	0.0961	0.0937	0.0967	0.0957	0.0969	0.0956	0.0963	0.0952	0.0965	0.0958	0.0958	0.0957	0.0960	
0.1537	0.1590	0.1517	0.1551	0.1517	0.1434	0.1236	0.1083	0.1131	0.1124	0.1070	0.1086	0.1073	0.1080	0.1048	0.1043	0.1043	0.1030	0.1016	0.1079	0.1017	0.0997	0.1005	0.1006	0.1011	0.1042	0.0970	0.0956	0.0989	0.0954	0.1009	0.0960	0.0988	0.0988	0.0974	0.0983	0.0958	0.0995	0.0966	0.0998	0.0968	0.0993	0.0991	0.0969	0.0966	0.0983	0.0971	0.0985	0.0960	0.0980	0.0971	0.0973	0.0952	0.0966	0.0965	0.0966	0.0962	0.0959	0.0956	0.0970	0.0958	0.0973	0.0948	0.0962	
0.1621	0.1692	0.1625	0.1648	0.1596	0.1509	0.1265	0.1107	0.1153	0.1150	0.1093	0.1103	0.1091	0.1105	0.1064	0.1055	0.1067	0.1044	0.1030	0.1137	0.1032	0.1014	0.1016	0.1032	0.1019	0.0998	0.0978	0.0972	0.0984	0.0957	0.1011	0.0970	0.0981	0.0984	0.0969	0.0982	0.0954	0.0985	0.0962	0.0987	0.0971	0.0990	0.0974	0.0979	0.0972	0.0981	0.0968	0.0979	0.0954	0.0974	0.0968	0.0970	0.0941	0.0973	0.0960	0.0955	0.0964	0.0964	0.0962	0.0965	0.0960	0.0966	0.0961	0.0964	
0.1721	0.1800	0.1722	0.1739	0.1699	0.1596	0.1339	0.1123	0.1183	0.1178	0.1112	0.1137	0.1129	0.1110	0.1081	0.1093	0.1077	0.1068	0.1047	0.1053	0.1046	0.1016	0.1037	0.1041	0.1033	0.1011	0.0995	0.0982	0.1001	0.0973	0.0993	0.0988	0.0999	0.0996	0.0988	0.0992	0.0963	0.1010	0.0975	0.1007	0.0977	0.0999	0.0992	0.0993	0.0974	0.0992	0.0971	0.0992	0.0970	0.0989	0.1000	0.0983	0.0966	0.0985	0.0968	0.0985	0.0971	0.0977	0.0969	0.0974	0.0973	0.0981	0.0971	0.0978	
0.1836	0.1895	0.1831	0.1866	0.1774	0.1660	0.1354	0.1152	0.1215	0.1200	0.1154	0.1158	0.1148	0.1147	0.1100	0.1094	0.1089	0.1078	0.1059	0.1069	0.1055	0.1025	0.1043	0.1059	0.1048	0.1027	0.0992	0.0980	0.0999	0.0980	0.0987	0.0983	0.1007	0.0998	0.0997	0.0999	0.0979	0.1008	0.0973	0.1018	0.0983	0.1002	0.0996	0.0993	0.0983	0.1013	0.0995	0.0998	0.0973	0.0999	0.1012	0.0986	0.0971	0.0985	0.0965	0.0980	0.0978	0.0977	0.0974	0.0974	0.0974	0.0974	0.0980	0.0983	
0.1931	0.2017	0.1920	0.1971	0.1909	0.1751	0.1427	0.1163	0.1243	0.1234	0.1173	0.1186	0.1164	0.1159	0.1131	0.1107	0.1110	0.1091	0.1074	0.1090	0.1073	0.1038	0.1047	0.1074	0.1054	0.1035	0.1005	0.0986	0.1001	0.0982	0.1000	0.0991	0.1000	0.1007	0.0987	0.1007	0.0975	0.1032	0.0977	0.1024	0.0986	0.0998	0.0990	0.0988	0.0981	0.1000	0.0987	0.1004	0.0964	0.0997	0.0973	0.0997	0.0970	0.0992	0.0971	0.0978	0.0977	0.0973	0.0973	0.0978	0.0960	0.0975	0.0965	0.0978	
0.2077	0.2156	0.2060	0.2109	0.2019	0.1855	0.1477	0.1188	0.1281	0.1262	0.1192	0.1212	0.1208	0.1184	0.1149	0.1137	0.1128	0.1114	0.1082	0.1102	0.1098	0.1049	0.1063	0.1067	0.1058	0.1049	0.1013	0.1002	0.1022	0.0992	0.1010	0.1000	0.1011	0.1018	0.0991	0.1025	0.0988	0.1031	0.0988	0.1025	0.0996	0.1014	0.1005	0.1001	0.0992	0.1021	0.0992	0.1006	0.0980	0.1005	0.0988	0.0993	0.0976	0.0997	0.0992	0.0988	0.0976	0.0987	0.0985	0.0988	0.0973	0.0984	0.0986	0.0989	
0.2258	0.2313	0.2205	0.2269	0.2154	0.1995	0.1532	0.1205	0.1317	0.1307	0.1238	0.1247	0.1236	0.1221	0.1181	0.1160	0.1143	0.1141	0.1109	0.1125	0.1110	0.1066	0.1089	0.1086	0.1094	0.1066	0.1024	0.1015	0.1025	0.0998	0.1027	0.1020	0.1020	0.1024	0.0998	0.1030	0.0986	0.1046	0.0997	0.1027	0.1003	0.1022	0.1015	0.1008	0.1011	0.1023	0.1005	0.1016	0.0990	0.1015	0.0988	0.1006	0.0979	0.0990	0.0996	0.1004	0.0989	0.0985	0.0987	0.0986	0.0988	0.0996	0.0989	0.0986	
0.2424	0.2496	0.2356	0.2430	0.2345	0.2112	0.1602	0.1230	0.1362	0.1353	0.1261	0.1297	0.1280	0.1256	0.1209	0.1170	0.1172	0.1155	0.1122	0.1136	0.1134	0.1084	0.1124	0.1116	0.1111	0.1081	0.1028	0.1021	0.1038	0.1032	0.1030	0.1028	0.1033	0.1032	0.1011	0.1042	0.1004	0.1035	0.1008	0.1039	0.1013	0.1035	0.1025	0.1021	0.1007	0.1021	0.1011	0.1023	0.0993	0.1021	0.1004	0.1004	0.0986	0.1003	0.0994	0.0994	0.1000	0.0995	0.0995	0.0983	0.0982	0.0999	0.0995	0.1008	
0.2584	0.2688	0.2536	0.2601	0.2476	0.2240	0.1684	0.1252	0.1409	0.1384	0.1297	0.1328	0.1328	0.1293	0.1228	0.1195	0.1194	0.1179	0.1153	0.1164	0.1158	0.1099	0.1113	0.1131	0.1120	0.1091	0.1053	0.1031	0.1053	0.1020	0.1036	0.1031	0.1039	0.1037	0.1046	0.1041	0.1013	0.1056	0.1017	0.1038	0.1021	0.1031	0.1031	0.1029	0.1016	0.1053	0.1008	0.1022	0.0992	0.1022	0.1006	0.1002	0.0984	0.1001	0.1001	0.1009	0.0997	0.0996	0.0988	0.0995	0.0993	0.0993	0.0989	0.1001	
0.2807	0.2888	0.2695	0.2824	0.2673	0.2394	0.1779	0.1277	0.1472	0.1445	0.1335	0.1379	0.1366	0.1333	0.1271	0.1223	0.1223	0.1212	0.1163	0.1211	0.1186	0.1126	0.1142	0.1152	0.1137	0.1107	0.1063	0.1065	0.1072	0.1032	0.1046	0.1050	0.1052	0.1045	0.1040	0.1045	0.1017	0.1068	0.1009	0.1055	0.1037	0.1056	0.1038	0.1036	0.1020	0.1052	0.1035	0.1034	0.1001	0.1032	0.1028	0.1018	0.0987	0.1016	0.1017	0.1005	0.1009	0.1004	0.1007	0.0993	0.0997	0.1006	0.1010	0.1006	
0.3036	0.3113	0.2896	0.2998	0.2815	0.2546	0.1856	0.1303	0.1507	0.1497	0.1385	0.1411	0.1381	0.1363	0.1290	0.1237	0.1252	0.1245	0.1185	0.1235	0.1185	0.1126	0.1155	0.1156	0.1156	0.1123	0.1068	0.1062	0.1069	0.1033	0.1068	0.1042	0.1061	0.1064	0.1027	0.1053	0.1020	0.1081	0.1027	0.1056	0.1039	0.1056	0.1050	0.1037	0.1020	0.1054	0.1025	0.1038	0.1017	0.1032	0.1017	0.1017	0.0992	0.1010	0.1006	0.1010	0.1007	0.1002	0.1008	0.0995	0.0989	0.1004	0.1004	0.1015	
0.3270	0.3329	0.3142	0.3230	0.3040	0.2711	0.1953	0.1339	0.1578	0.1556	0.1439	0.1478	0.1441	0.1419	0.1317	0.1276	0.1285	0.1276	0.1221	0.1235	0.1215	0.1158	0.1182	0.1186	0.1190	0.1176	0.1095	0.1075	0.1083	0.1043	0.1070	0.1063	0.1078	0.1072	0.1042	0.1069	0.1043	0.1081	0.1042	0.1068	0.1049	0.1062	0.1053	0.1052	0.1038	0.1047	0.1037	0.1075	0.1020	0.1047	0.1028	0.1026	0.1000	0.1017	0.1018	0.1018	0.1027	0.1015	0.1020	0.1014	0.1012	0.1015	0.1015	0.1021	
0.3537	0.3631	0.3434	0.3533	0.3274	0.2930	0.2089	0.1360	0.1655	0.1634	0.1505	0.1538	0.1489	0.1494	0.1370	0.1301	0.1315	0.1312	0.1249	0.1273	0.1252	0.1197	0.1201	0.1203	0.1208	0.1172	0.1115	0.1093	0.1117	0.1068	0.1082	0.1072	0.1080	0.1072	0.1061	0.1076	0.1044	0.1085	0.1041	0.1082	0.1050	0.1080	0.1071	0.1056	0.1043	0.1063	0.1055	0.1034	0.1023	0.1041	0.1030	0.1040	0.1006	0.1016	0.1013	0.1030	0.1031	0.1012	0.1019	0.1022	0.1012	0.1019	0.1023	0.1019	
0.3828	0.3929	0.3677	0.3712	0.3521	0.3107	0.2168	0.1416	0.1733	0.1691	0.1569	0.1599	0.1553	0.1542	0.1415	0.1345	0.1356	0.1342	0.1276	0.1557	0.1295	0.1206	0.1235	0.1243	0.1219	0.1210	0.1115	0.1102	0.1143	0.1085	0.1104	0.1094	0.1097	0.1081	0.1090	0.1083	0.1050	0.1096	0.1047	0.1089	0.1067	0.1078	0.1076	0.1065	0.1045	0.1076	0.1050	0.1052	0.1028	0.1057	0.1050	0.1048	0.1009	0.1030	0.1017	0.1021	0.1033	0.1025	0.1059	0.1009	0.1016	0.1022	0.1012	0.1025	
0.4159	0.4273	0.3958	0.4026	0.3741	0.3348	0.2330	0.1479	0.1815	0.1798	0.1633	0.1688	0.1632	0.1625	0.1481	0.1394	0.1396	0.1396	0.1330	0.1342	0.1335	0.1243	0.1273	0.1271	0.1261	0.1209	0.1163	0.1132	0.1145	0.1098	0.1132	0.1128	0.1114	0.1102	0.1104	0.1091	0.1060	0.1105	0.1052	0.1094	0.1079	0.1100	0.1090	0.1073	0.1059	0.1091	0.1064	0.1066	0.1037	0.1064	0.1043	0.1047	0.1014	0.1036	0.1032	0.1031	0.1051	0.1027	0.1030	0.1028	0.1024	0.1025	0.1034	0.1024	
0.4510	0.4531	0.4249	0.4317	0.3992	0.3567	0.2449	0.1501	0.1913	0.1868	0.1719	0.1755	0.1707	0.1679	0.1535	0.1434	0.1440	0.1438	0.1365	0.1388	0.1356	0.1271	0.1307	0.1316	0.1288	0.1246	0.1181	0.1147	0.1170	0.1111	0.1141	0.1147	0.1125	0.1125	0.1085	0.1106	0.1092	0.1128	0.1073	0.1105	0.1091	0.1117	0.1101	0.1078	0.1078	0.1099	0.1062	0.1075	0.1043	0.1077	0.1073	0.1059	0.1028	0.1048	0.1051	0.1030	0.1043	0.1041	0.1035	0.1031	0.1029	0.1034	0.1031	0.1043	
0.4777	0.4835	0.4520	0.4607	0.4240	0.3834	0.2593	0.1553	0.2004	0.1954	0.1825	0.1840	0.1806	0.1746	0.1606	0.1503	0.1508	0.1471	0.1397	0.1421	0.1409	0.1299	0.1323	0.1339	0.1310	0.1298	0.1203	0.1177	0.1182	0.1137	0.1172	0.1148	0.1145	0.1142	0.1105	0.1122	0.1097	0.1150	0.1085	0.1130	0.1108	0.1129	0.1112	0.1101	0.1098	0.1117	0.1078	0.1089	0.1058	0.1086	0.1072	0.1067	0.1047	0.1049	0.1050	0.1036	0.1063	0.1045	0.1048	0.1034	0.1044	0.1073	0.1037	0.1052	
0.5145	0.5187	0.4786	0.4861	0.4498	0.4089	0.2701	0.1601	0.2091	0.2063	0.1879	0.1931	0.1883	0.1858	0.1679	0.1531	0.1537	0.1528	0.1445	0.1473	0.1460	0.1336	0.1375	0.1386	0.1348	0.1320	0.1226	0.1201	0.1224	0.1141	0.1182	0.1185	0.1156	0.1148	0.1124	0.1146	0.1108	0.1170	0.1105	0.1162	0.1116	0.1149	0.1134	0.1114	0.1092	0.1131	0.1115	0.1087	0.1066	0.1094	0.1087	0.1081	0.1044	0.1059	0.1054	0.1069	0.1077	0.1052	0.1056	0.1038	0.1123	0.1055	0.1041	0.1049	
0.5458	0.5516	0.5075	0.5180	0.4705	0.4387	0.2854	0.1655	0.2216	0.2169	0.1990	0.2035	0.1948	0.1950	0.1740	0.1620	0.1604	0.1593	0.1500	0.1534	0.1532	0.1380	0.1420	0.1430	0.1397	0.1370	0.1250	0.1208	0.1275	0.1183	0.1200	0.1213	0.1183	0.1172	0.1125	0.1174	0.1128	0.1184	0.1121	0.1172	0.1138	0.1160	0.1150	0.1130	0.1131	0.1147	0.1113	0.1125	0.1073	0.1118	0.1195	0.1116	0.1066	0.1081	0.1076	0.1074	0.1079	0.1062	0.1076	0.1054	0.1067	0.1065	0.1056	0.1067	
0.5794	0.5788	0.5431	0.5464	0.5039	0.4705	0.3010	0.1705	0.2357	0.2284	0.2120	0.2146	0.2060	0.2010	0.1821	0.1653	0.1660	0.1650	0.1564	0.1585	0.1562	0.1416	0.1458	0.1462	0.1430	0.1380	0.1288	0.1259	0.1269	0.1198	0.1229	0.1218	0.1211	0.1199	0.1153	0.1190	0.1140	0.1202	0.1115	0.1178	0.1150	0.1185	0.1169	0.1152	0.1141	0.1156	0.1127	0.1126	0.1084	0.1124	0.1112	0.1106	0.1068	0.1089	0.1089	0.1069	0.1106	0.1090	0.1081	0.1074	0.1067	0.1077	0.1060	0.1076	
0.5972	0.6089	0.5673	0.5760	0.5211	0.4875	0.3316	0.1760	0.2479	0.2437	0.2206	0.2249	0.2181	0.2120	0.1910	0.1716	0.1749	0.1711	0.1594	0.1646	0.1623	0.1462	0.1523	0.1498	0.1476	0.1415	0.1333	0.1286	0.1307	0.1236	0.1255	0.1233	0.1228	0.1207	0.1162	0.1216	0.1167	0.1220	0.1145	0.1203	0.1172	0.1193	0.1192	0.1168	0.1143	0.1165	0.1141	0.1140	0.1104	0.1139	0.1113	0.1140	0.1079	0.1094	0.1096	0.1087	0.1098	0.1088	0.1093	0.1075	0.1091	0.1093	0.1075	0.1082	
0.6314	0.6396	0.5951	0.6024	0.5636	0.5266	0.3476	0.1829	0.2633	0.2559	0.2342	0.2406	0.2346	0.2276	0.2010	0.1795	0.1803	0.1800	0.1684	0.1755	0.1703	0.1522	0.1566	0.1572	0.1530	0.1462	0.1371	0.1342	0.1340	0.1256	0.1272	0.1283	0.1247	0.1233	0.1184	0.1228	0.1176	0.1248	0.1163	0.1219	0.1192	0.1208	0.1205	0.1178	0.1162	0.1192	0.1144	0.1163	0.1117	0.1152	0.1118	0.1131	0.1093	0.1105	0.1109	0.1084	0.1120	0.1092	0.1096	0.1075	0.1093	0.1102	0.1082	0.1090	
0.6556	0.6674	0.6245	0.6249	0.5952	0.5596	0.3697	0.1916	0.2757	0.2692	0.2482	0.2540	0.2444	0.2360	0.2138	0.1890	0.1903	0.1870	0.1742	0.1796	0.1760	0.1574	0.1644	0.1634	0.1586	0.1509	0.1401	0.1354	0.1381	0.1284	0.1311	0.1305	0.1284	0.1266	0.1224	0.1247	0.1196	0.1279	0.1180	0.1227	0.1203	0.1243	0.1226	0.1187	0.1177	0.1210	0.1167	0.1168	0.1125	0.1183	0.1154	0.1144	0.1094	0.1116	0.1131	0.1112	0.1143	0.1111	0.1124	0.1089	0.1106	0.1114	0.1078	0.1106	
0.6775	0.6901	0.6480	0.6594	0.6219	0.5892	0.3992	0.1973	0.2911	0.2853	0.2598	0.2674	0.2590	0.2528	0.2238	0.1964	0.1987	0.1953	0.1825	0.1900	0.1823	0.1656	0.1698	0.1672	0.1639	0.1552	0.1430	0.1399	0.1416	0.1319	0.1358	0.1350	0.1305	0.1285	0.1223	0.1272	0.1216	0.1292	0.1205	0.1278	0.1230	0.1264	0.1258	0.1209	0.1196	0.1230	0.1192	0.1194	0.1154	0.1183	0.1172	0.1164	0.1117	0.1123	0.1138	0.1143	0.1143	0.1115	0.1134	0.1098	0.1120	0.1131	0.1105	0.1127	
0.7039	0.7159	0.6722	0.6703	0.6553	0.6173	0.4354	0.2055	0.3085	0.3012	0.2806	0.2840	0.2758	0.2657	0.2365	0.2061	0.2071	0.2046	0.1901	0.2093	0.1926	0.1697	0.1762	0.1730	0.1688	0.1598	0.1482	0.1452	0.1466	0.1355	0.1376	0.1380	0.1321	0.1311	0.1263	0.1306	0.1239	0.1330	0.1218	0.1268	0.1253	0.1283	0.1260	0.1232	0.1217	0.1238	0.1187	0.1215	0.1159	0.1218	0.1171	0.1178	0.1120	0.1136	0.1144	0.1118	0.1161	0.1128	0.1135	0.1117	0.1116	0.1133	0.1111	0.1128	
0.7282	0.7386	0.6932	0.6863	0.6714	0.6479	0.4655	0.2146	0.3220	0.3232	0.2958	0.2997	0.2901	0.2791	0.2508	0.2188	0.2180	0.2142	0.1999	0.2046	0.2000	0.1767	0.1858	0.1810	0.1759	0.1684	0.1554	0.1492	0.1500	0.1390	0.1427	0.1412	0.1380	0.1366	0.1276	0.1345	0.1294	0.1385	0.1247	0.1314	0.1294	0.1326	0.1316	0.1278	0.1252	0.1263	0.1237	0.1242	0.1177	0.1237	0.1204	0.1203	0.1154	0.1166	0.1166	0.1171	0.1198	0.1158	0.1194	0.1134	0.1150	0.1150	0.1141	0.1154	
0.7342	0.7474	0.7085	0.7052	0.6867	0.6670	0.4794	0.2250	0.3436	0.3370	0.3072	0.3121	0.3055	0.2933	0.2610	0.2272	0.2289	0.2233	0.2063	0.2131	0.2072	0.1830	0.1917	0.1904	0.1816	0.1760	0.1592	0.1533	0.1556	0.1417	0.1460	0.1443	0.1413	0.1390	0.1314	0.1363	0.1347	0.1399	0.1280	0.1359	0.1319	0.1344	0.1311	0.1287	0.1291	0.1311	0.1244	0.1258	0.1200	0.1239	0.1242	0.1229	0.1169	0.1172	0.1190	0.1167	0.1205	0.1161	0.1177	0.1152	0.1169	0.1163	0.1141	0.1159	
0.7465	0.7598	0.7275	0.7155	0.7046	0.6956	0.5129	0.2399	0.3652	0.3542	0.3270	0.3326	0.3252	0.3134	0.2787	0.2411	0.2399	0.2348	0.2175	0.2252	0.2218	0.1925	0.2013	0.1967	0.1901	0.1800	0.1644	0.1582	0.1607	0.1488	0.1514	0.1520	0.1437	0.1425	0.1339	0.1384	0.1334	0.1415	0.1296	0.1368	0.1343	0.1384	0.1358	0.1314	0.1299	0.1334	0.1288	0.1285	0.1214	0.1264	0.1255	0.1246	0.1174	0.1195	0.1209	0.1187	0.1226	0.1165	0.1203	0.1161	0.1193	0.1192	0.1169	0.1170	
0.7477	0.7632	0.7367	0.7440	0.7183	0.7154	0.5422	0.2487	0.3823	0.3707	0.3467	0.3546	0.3459	0.3325	0.2903	0.2547	0.2505	0.2473	0.2315	0.2368	0.2314	0.2013	0.2093	0.2057	0.1988	0.1884	0.1673	0.1637	0.1677	0.1520	0.1579	0.1558	0.1491	0.1479	0.1373	0.1453	0.1377	0.1474	0.1344	0.1430	0.1399	0.1430	0.1403	0.1349	0.1333	0.1374	0.1323	0.1326	0.1252	0.1304	0.1298	0.1279	0.1197	0.1236	0.1236	0.1202	0.1253	0.1213	0.1227	0.1188	0.1209	0.1211	0.1185	0.1192	
0.7524	0.7697	0.7515	0.7532	0.7245	0.7288	0.5725	0.2637	0.4042	0.3903	0.3709	0.3758	0.3617	0.3481	0.3080	0.2629	0.2639	0.2601	0.2420	0.2493	0.2442	0.2094	0.2203	0.2143	0.2064	0.1942	0.1784	0.1725	0.1740	0.1597	0.1626	0.1609	0.1533	0.1523	0.1421	0.1512	0.1413	0.1513	0.1374	0.1463	0.1431	0.1462	0.1433	0.1398	0.1362	0.1402	0.1333	0.1340	0.1263	0.1335	0.1306	0.1305	0.1218	0.1251	0.1258	0.1225	0.1265	0.1232	0.1252	0.1207	0.1224	0.1223	0.1202	0.1199	
0.7505	0.7703	0.7457	0.7566	0.7130	0.7368	0.5920	0.2693	0.4211	0.4096	0.3786	0.3860	0.3745	0.3619	0.3216	0.2753	0.2783	0.2689	0.2501	0.2635	0.2489	0.2146	0.2307	0.2205	0.2128	0.2012	0.1834	0.1772	0.1775	0.1634	0.1663	0.1663	0.1576	0.1567	0.1457	0.1539	0.1439	0.1581	0.1421	0.1483	0.1448	0.1488	0.1468	0.1419	0.1407	0.1422	0.1377	0.1381	0.1289	0.1346	0.1340	0.1352	0.1246	0.1259	0.1282	0.1253	0.1301	0.1241	0.1268	0.1219	0.1246	0.1255	0.1214	0.1228	
0.7573	0.7691	0.7569	0.7620	0.7186	0.7488	0.6263	0.2945	0.4356	0.4316	0.4074	0.4112	0.4024	0.3880	0.3404	0.2919	0.2905	0.2829	0.2644	0.2786	0.2653	0.2288	0.2400	0.2305	0.2228	0.2090	0.1899	0.1841	0.1852	0.1718	0.1720	0.1721	0.1633	0.1614	0.1500	0.1593	0.1491	0.1612	0.1433	0.1517	0.1501	0.1522	0.1516	0.1466	0.1425	0.1470	0.1408	0.1418	0.1318	0.1379	0.1387	0.1353	0.1276	0.1294	0.1296	0.1286	0.1332	0.1269	0.1287	0.1229	0.1271	0.1286	0.1242	0.1266	
0.7595	0.7747	0.7636	0.7663	0.7297	0.7349	0.6447	0.3074	0.4615	0.4504	0.4286	0.4298	0.4233	0.4021	0.3617	0.3058	0.3072	0.2951	0.2796	0.2892	0.2784	0.2392	0.2532	0.2444	0.2356	0.2215	0.2010	0.1934	0.1981	0.1777	0.1794	0.1791	0.1672	0.1669	0.1538	0.1646	0.1527	0.1678	0.1488	0.1574	0.1530	0.1578	0.1557	0.1492	0.1447	0.1507	0.1436	0.1423	0.1343	0.1410	0.1391	0.1370	0.1282	0.1317	0.1321	0.1299	0.1343	0.1300	0.1318	0.1258	0.1272	0.1290	0.1234	0.1256	
0.7564	0.7759	0.7634	0.7710	0.7345	0.7314	0.6687	0.3279	0.4810	0.4711	0.4464	0.4508	0.4397	0.4257	0.3749	0.3198	0.3239	0.3085	0.2928	0.3003	0.2899	0.2502	0.2636	0.2534	0.2420	0.2290	0.2055	0.1996	0.2018	0.1843	0.1861	0.1862	0.1755	0.1743	0.1602	0.1702	0.1607	0.1744	0.1555	0.1626	0.1584	0.1637	0.1617	0.1551	0.1521	0.1558	0.1480	0.1474	0.1389	0.1467	0.1432	0.1414	0.1326	0.1364	0.1367	0.1313	0.1390	0.1314	0.1348	0.1295	0.1335	0.1382	0.1288	0.1291	
0.7589	0.7778	0.7576	0.7753	0.7332	0.7342	0.6816	0.3404	0.4966	0.4949	0.4707	0.4714	0.4605	0.4449	0.3952	0.3404	0.3417	0.3227	0.3084	0.3145	0.3034	0.2625	0.2792	0.2680	0.2569	0.2387	0.2176	0.2091	0.2088	0.1895	0.1904	0.1924	0.1815	0.1785	0.1646	0.1744	0.1650	0.1779	0.1568	0.1670	0.1639	0.1704	0.1647	0.1591	0.1555	0.1600	0.1526	0.1516	0.1425	0.1492	0.1489	0.1451	0.1346	0.1376	0.1380	0.1358	0.1426	0.1358	0.1374	0.1330	0.1351	0.1376	0.1305	0.1313	
0.7732	0.7866	0.7664	0.7732	0.7382	0.7268	0.6929	0.3568	0.5227	0.5089	0.4943	0.4948	0.4798	0.4617	0.4160	0.3562	0.3566	0.3424	0.3257	0.3310	0.3202	0.2756	0.2888	0.2824	0.2680	0.2509	0.2261	0.2201	0.2214	0.1975	0.2010	0.2034	0.1928	0.1863	0.1700	0.1809	0.1706	0.1850	0.1631	0.1736	0.1697	0.1741	0.1718	0.1644	0.1613	0.1645	0.1560	0.1546	0.1467	0.1531	0.1530	0.1512	0.1383	0.1419	0.1419	0.1389	0.1452	0.1383	0.1411	0.1353	0.1382	0.1378	0.1324	0.1354	
0.7702	0.7846	0.7703	0.7777	0.7415	0.7320	0.7060	0.3752	0.5392	0.5286	0.5150	0.5161	0.4945	0.4881	0.4375	0.3757	0.3761	0.3580	0.3462	0.3459	0.3351	0.2902	0.3040	0.2904	0.2814	0.2647	0.2374	0.2284	0.2270	0.2063	0.2083	0.2121	0.1962	0.1921	0.1765	0.1870	0.1751	0.1925	0.1673	0.1791	0.1735	0.1797	0.1761	0.1669	0.1650	0.1702	0.1594	0.1589	0.1493	0.1568	0.1543	0.1522	0.1408	0.1447	0.1439	0.1425	0.1495	0.1402	0.1451	0.1373	0.1409	0.1393	0.1343	0.1351	
0.7741	0.7866	0.7709	0.7801	0.7499	0.7313	0.7180	0.3976	0.5593	0.5455	0.5369	0.5381	0.5219	0.5037	0.4532	0.3950	0.3919	0.3689	0.3552	0.3611	0.3520	0.3014	0.3190	0.3067	0.2903	0.2737	0.2484	0.2356	0.2380	0.2174	0.2189	0.2190	0.2011	0.2005	0.1850	0.1946	0.1805	0.1979	0.1721	0.1846	0.1817	0.1875	0.1851	0.1746	0.1723	0.1754	0.1652	0.1650	0.1523	0.1614	0.1594	0.1572	0.1434	0.1466	0.1498	0.1435	0.1534	0.1462	0.1489	0.1394	0.1454	0.1431	0.1371	0.1390	
0.7778	0.7936	0.7682	0.7848	0.7460	0.7300	0.7122	0.4143	0.5790	0.5668	0.5544	0.5592	0.5409	0.5199	0.4802	0.4115	0.4096	0.3894	0.3741	0.3819	0.3647	0.3178	0.3384	0.3199	0.3073	0.2868	0.2578	0.2526	0.2502	0.2248	0.2243	0.2281	0.2090	0.2085	0.1886	0.2013	0.1877	0.2081	0.1807	0.1913	0.1863	0.1936	0.1899	0.1784	0.1769	0.1813	0.1716	0.1709	0.1565	0.1662	0.1625	0.1612	0.1495	0.1500	0.1538	0.1477	0.1561	0.1482	0.1525	0.1432	0.1478	0.1498	0.1398	0.1429	
0.7786	0.7948	0.7724	0.7814	0.7469	0.7337	0.7050	0.4413	0.5954	0.5873	0.5679	0.5721	0.5533	0.5284	0.5010	0.4315	0.4239	0.4064	0.3901	0.4003	0.3821	0.3303	0.3558	0.3331	0.3222	0.2976	0.2719	0.2623	0.2615	0.2344	0.2414	0.2390	0.2189	0.2157	0.1994	0.2076	0.1977	0.2187	0.1878	0.2002	0.1942	0.1986	0.1977	0.1849	0.1827	0.1881	0.1785	0.1728	0.1593	0.1706	0.1706	0.1656	0.1518	0.1557	0.1565	0.1515	0.1616	0.1498	0.1554	0.1459	0.1508	0.1528	0.1433	0.1448	
0.7780	0.7905	0.7800	0.7859	0.7524	0.7341	0.7154	0.4647	0.6119	0.6050	0.5799	0.5931	0.5612	0.5508	0.5178	0.4522	0.4400	0.4271	0.4032	0.4203	0.4014	0.3470	0.3679	0.3501	0.3331	0.3055	0.2817	0.2710	0.2741	0.2501	0.2472	0.2482	0.2304	0.2271	0.2021	0.2196	0.2051	0.2265	0.1963	0.2086	0.2033	0.2072	0.2037	0.1927	0.1918	0.1970	0.1820	0.1812	0.1674	0.1755	0.1715	0.1720	0.1573	0.1590	0.1602	0.1571	0.1660	0.1571	0.1610	0.1523	0.1571	0.1551	0.1464	0.1498	
0.7872	0.8013	0.7804	0.7919	0.7527	0.7400	0.7041	0.4840	0.6255	0.6220	0.6023	0.5966	0.5822	0.5601	0.5403	0.4711	0.4622	0.4356	0.4280	0.4344	0.4101	0.3618	0.3796	0.3613	0.3493	0.3162	0.2983	0.2877	0.2823	0.2599	0.2588	0.2634	0.2354	0.2371	0.2133	0.2249	0.2110	0.2335	0.2033	0.2138	0.2098	0.2168	0.2123	0.1984	0.1973	0.2026	0.1879	0.1853	0.1714	0.1819	0.1804	0.1758	0.1622	0.1660	0.1652	0.1617	0.1676	0.1600	0.1634	0.1564	0.1608	0.1614	0.1495	0.1519	
0.7871	0.8030	0.7817	0.7955	0.7538	0.7421	0.7147	0.5051	0.6423	0.6357	0.6191	0.6168	0.5930	0.5822	0.5602	0.4921	0.4778	0.4534	0.4439	0.4516	0.4269	0.3748	0.4025	0.3771	0.3636	0.3308	0.3112	0.3020	0.2992	0.2702	0.2710	0.2713	0.2461	0.2450	0.2194	0.2339	0.2168	0.2413	0.2087	0.2202	0.2185	0.2234	0.2178	0.2061	0.2032	0.2060	0.1924	0.1926	0.1765	0.1872	0.1824	0.1815	0.1648	0.1676	0.1702	0.1654	0.1753	0.1636	0.1669	0.1575	0.1643	0.1619	0.1546	0.1578	
0.7852	0.8014	0.7828	0.7984	0.7628	0.7449	0.7196	0.5393	0.6632	0.6568	0.6340	0.6309	0.6057	0.5887	0.5774	0.5043	0.5000	0.4720	0.4566	0.4668	0.4353	0.3895	0.4210	0.3927	0.3760	0.3440	0.3267	0.3125	0.3107	0.2800	0.2768	0.2814	0.2575	0.2526	0.2306	0.2441	0.2298	0.2524	0.2186	0.2279	0.2243	0.2292	0.2262	0.2142	0.2084	0.2177	0.2027	0.1988	0.1815	0.1904	0.1890	0.1845	0.1712	0.1762	0.1764	0.1698	0.1791	0.1683	0.1725	0.1615	0.1662	0.1684	0.1588	0.1593	
0.7845	0.8039	0.7880	0.7984	0.7705	0.7388	0.7217	0.5524	0.6730	0.6692	0.6565	0.6433	0.6188	0.5961	0.5895	0.5211	0.5139	0.4847	0.4717	0.4939	0.4515	0.3928	0.4380	0.4039	0.3919	0.3544	0.3309	0.3232	0.3208	0.2904	0.2893	0.2910	0.2685	0.2691	0.2411	0.2535	0.2383	0.2641	0.2296	0.2356	0.2332	0.2437	0.2370	0.2201	0.2182	0.2279	0.2111	0.2053	0.1882	0.2002	0.1969	0.1927	0.1739	0.1808	0.1810	0.1732	0.1862	0.1748	0.1800	0.1671	0.1717	0.1728	0.1608	0.1660	
0.7972	0.8098	0.7904	0.8035	0.7677	0.7491	0.7270	0.5857	0.6857	0.6759	0.6557	0.6519	0.6129	0.6185	0.6107	0.5395	0.5332	0.5037	0.4909	0.4987	0.4604	0.4132	0.4517	0.4299	0.4145	0.3712	0.3541	0.3484	0.3368	0.3066	0.3107	0.3132	0.2847	0.2837	0.2527	0.2672	0.2496	0.2773	0.2397	0.2447	0.2471	0.2545	0.2468	0.2321	0.2284	0.2352	0.2195	0.2123	0.1945	0.2072	0.2058	0.2024	0.1806	0.1869	0.1855	0.1779	0.1921	0.1800	0.1847	0.1739	0.1806	0.1803	0.1666	0.1693	
0.8007	0.8154	0.7958	0.8018	0.7750	0.7544	0.7288	0.5996	0.6951	0.6881	0.6658	0.6588	0.6261	0.6411	0.6276	0.5604	0.5520	0.5209	0.5156	0.5098	0.4780	0.4271	0.4676	0.4476	0.4322	0.3851	0.3719	0.3604	0.3497	0.3211	0.3225	0.3240	0.2946	0.2960	0.2677	0.2794	0.2617	0.2880	0.2483	0.2587	0.2574	0.2637	0.2602	0.2410	0.2375	0.2410	0.2253	0.2200	0.2068	0.2148	0.2156	0.2098	0.1894	0.1939	0.1924	0.1891	0.2005	0.1874	0.1926	0.1798	0.1886	0.1852	0.1730	0.1719	
0.8013	0.8139	0.7974	0.8056	0.7830	0.7595	0.7294	0.6214	0.6928	0.6937	0.6761	0.6683	0.6263	0.6632	0.6367	0.5797	0.5645	0.5345	0.5262	0.5080	0.4934	0.4475	0.4839	0.4538	0.4390	0.3994	0.3797	0.3709	0.3606	0.3327	0.3313	0.3386	0.3018	0.3005	0.2722	0.2889	0.2702	0.2952	0.2560	0.2617	0.2702	0.2668	0.2619	0.2468	0.2391	0.2478	0.2315	0.2208	0.2135	0.2172	0.2149	0.2132	0.1894	0.1974	0.1988	0.1874	0.2073	0.1885	0.1933	0.1843	0.1881	0.1886	0.1758	0.1748	
0.8086	0.8258	0.7978	0.8110	0.7842	0.7519	0.7326	0.6397	0.7028	0.6971	0.6850	0.6775	0.6318	0.6730	0.6322	0.5959	0.5787	0.5556	0.5438	0.5277	0.5060	0.4649	0.4986	0.4729	0.4558	0.4140	0.4040	0.3867	0.3799	0.3479	0.3495	0.3532	0.3173	0.3146	0.2784	0.2972	0.2785	0.3076	0.2695	0.2743	0.2758	0.2827	0.2729	0.2545	0.2542	0.2617	0.2428	0.2385	0.2179	0.2270	0.2253	0.2191	0.1977	0.2050	0.2058	0.1958	0.2117	0.1930	0.2025	0.1888	0.1977	0.1954	0.1811	0.1824	
