0.0884	0.0898	0.0899	0.0882	0.0891	0.0882	0.0897	0.0892	0.0941	0.0940	0.0955	0.0952	0.0948	0.0975	0.0962	0.0922	0.0911	0.0906	0.0900	0.0903	0.0879	0.0891	0.0903	0.0916	0.0948	0.0954	0.0944	0.0935	0.0933	0.0933	0.0935	0.0970	0.0893	0.0899	0.0890	0.0909	0.0896	0.0917	0.0902	0.0896	0.0939	0.0963	0.0950	0.0939	0.0927	0.0927	0.0932	0.0916	0.0892	0.0895	0.0902	0.0915	0.0899	0.0918	0.0899	0.0892	0.0941	0.0947	0.0919	0.0950	0.0923	0.0935	0.0937	0.0928	
0.0864	0.0867	0.0874	0.0868	0.0875	0.0860	0.0859	0.0872	0.0867	0.0870	0.0873	0.0864	0.0855	0.0877	0.0864	0.0858	0.0884	0.0879	0.0868	0.0870	0.0865	0.0857	0.0866	0.0878	0.0870	0.0875	0.0862	0.0870	0.0862	0.0861	0.0873	0.0881	0.0868	0.0870	0.0877	0.0868	0.0873	0.0866	0.0871	0.0860	0.0864	0.0888	0.0879	0.0865	0.0867	0.0869	0.0877	0.0862	0.0862	0.0849	0.0877	0.0873	0.0861	0.0878	0.0855	0.0873	0.0875	0.0861	0.0859	0.0866	0.0871	0.0869	0.0861	0.0862	
0.0883	0.0892	0.0899	0.0884	0.0898	0.0886	0.0886	0.0891	0.0891	0.0901	0.0905	0.0900	0.0891	0.0909	0.0903	0.0896	0.0907	0.0894	0.0893	0.0897	0.0889	0.0881	0.0894	0.0896	0.0909	0.0904	0.0896	0.0908	0.0895	0.0898	0.0906	0.0927	0.0888	0.0890	0.0898	0.0892	0.0892	0.0891	0.0890	0.0888	0.0895	0.0925	0.0920	0.0900	0.0898	0.0894	0.0894	0.0898	0.0886	0.0880	0.0901	0.0892	0.0883	0.0895	0.0886	0.0900	0.0902	0.0897	0.0886	0.0900	0.0898	0.0900	0.0887	0.0889	
0.0883	0.0886	0.0889	0.0887	0.0889	0.0882	0.0890	0.0889	0.0893	0.0904	0.0905	0.0902	0.0887	0.0909	0.0902	0.0896	0.0898	0.0892	0.0885	0.0887	0.0886	0.0884	0.0890	0.0900	0.0907	0.0896	0.0893	0.0892	0.0886	0.0890	0.0905	0.0933	0.0888	0.0893	0.0887	0.0879	0.0880	0.0881	0.0890	0.0886	0.0891	0.0919	0.0907	0.0888	0.0884	0.0889	0.0899	0.0907	0.0867	0.0865	0.0884	0.0894	0.0880	0.0892	0.0865	0.0881	0.0898	0.0890	0.0875	0.0870	0.0881	0.0889	0.0880	0.0899	
0.0869	0.0873	0.0880	0.0867	0.0877	0.0869	0.0869	0.0871	0.0871	0.0869	0.0876	0.0868	0.0862	0.0878	0.0872	0.0859	0.0887	0.0872	0.0871	0.0873	0.0878	0.0866	0.0870	0.0884	0.0879	0.0874	0.0871	0.0864	0.0859	0.0869	0.0867	0.0897	0.0870	0.0873	0.0880	0.0865	0.0874	0.0870	0.0867	0.0877	0.0859	0.0885	0.0873	0.0863	0.0860	0.0868	0.0869	0.0871	0.0866	0.0862	0.0873	0.0869	0.0873	0.0873	0.0865	0.0876	0.0868	0.0869	0.0857	0.0863	0.0862	0.0862	0.0858	0.0863	
0.0881	0.0888	0.0895	0.0884	0.0893	0.0892	0.0892	0.0893	0.0907	0.0911	0.0918	0.0915	0.0905	0.0913	0.0907	0.0909	0.0907	0.0894	0.0896	0.0892	0.0893	0.0888	0.0895	0.0902	0.0904	0.0906	0.0897	0.0899	0.0896	0.0902	0.0905	0.0928	0.0880	0.0890	0.0894	0.0877	0.0888	0.0890	0.0880	0.0884	0.0890	0.0924	0.0912	0.0911	0.0899	0.0896	0.0895	0.0904	0.0879	0.0884	0.0898	0.0897	0.0886	0.0898	0.0880	0.0889	0.0902	0.0893	0.0886	0.0885	0.0890	0.0889	0.0884	0.0887	
0.0843	0.0845	0.0854	0.0844	0.0852	0.0847	0.0849	0.0854	0.0846	0.0842	0.0840	0.0844	0.0840	0.0842	0.0838	0.0833	0.0871	0.0843	0.0846	0.0850	0.0854	0.0843	0.0845	0.0867	0.0857	0.0840	0.0842	0.0835	0.0833	0.0841	0.0843	0.0864	0.0850	0.0857	0.0850	0.0843	0.0853	0.0838	0.0843	0.0851	0.0844	0.0846	0.0851	0.0838	0.0835	0.0830	0.0832	0.0835	0.0846	0.0835	0.0846	0.0847	0.0845	0.0848	0.0836	0.0843	0.0838	0.0830	0.0825	0.0831	0.0841	0.0828	0.0821	0.0822	
0.0875	0.0889	0.0896	0.0882	0.0886	0.0880	0.0885	0.0885	0.0895	0.0897	0.0902	0.0904	0.0888	0.0904	0.0895	0.0888	0.0905	0.0888	0.0894	0.0885	0.0882	0.0878	0.0884	0.0894	0.0895	0.0897	0.0896	0.0894	0.0887	0.0894	0.0901	0.0917	0.0888	0.0892	0.0891	0.0876	0.0878	0.0881	0.0879	0.0885	0.0897	0.0915	0.0906	0.0896	0.0881	0.0891	0.0887	0.0895	0.0877	0.0881	0.0888	0.0888	0.0886	0.0890	0.0876	0.0897	0.0896	0.0887	0.0886	0.0879	0.0886	0.0890	0.0874	0.0883	
0.0850	0.0848	0.0852	0.0849	0.0849	0.0848	0.0843	0.0851	0.0848	0.0854	0.0852	0.0855	0.0845	0.0858	0.0855	0.0862	0.0863	0.0848	0.0847	0.0849	0.0841	0.0840	0.0846	0.0854	0.0855	0.0859	0.0848	0.0851	0.0845	0.0846	0.0858	0.0888	0.0852	0.0850	0.0849	0.0846	0.0847	0.0836	0.0840	0.0837	0.0848	0.0862	0.0856	0.0850	0.0837	0.0838	0.0871	0.0859	0.0844	0.0832	0.0858	0.0853	0.0846	0.0852	0.0834	0.0843	0.0851	0.0830	0.0822	0.0834	0.0842	0.0832	0.0829	0.0842	
0.0873	0.0875	0.0885	0.0877	0.0879	0.0871	0.0873	0.0875	0.0885	0.0885	0.0884	0.0886	0.0879	0.0889	0.0881	0.0870	0.0895	0.0886	0.0883	0.0880	0.0870	0.0870	0.0877	0.0885	0.0889	0.0885	0.0883	0.0878	0.0873	0.0886	0.0884	0.0902	0.0880	0.0878	0.0884	0.0875	0.0871	0.0876	0.0879	0.0871	0.0879	0.0905	0.0902	0.0884	0.0880	0.0885	0.0877	0.0875	0.0872	0.0871	0.0894	0.0882	0.0886	0.0883	0.0866	0.0871	0.0885	0.0883	0.0868	0.0880	0.0882	0.0889	0.0867	0.0863	
0.0881	0.0894	0.0895	0.0878	0.0894	0.0888	0.0884	0.0888	0.0911	0.0913	0.0922	0.0910	0.0911	0.0920	0.0915	0.0896	0.0898	0.0891	0.0893	0.0891	0.0888	0.0879	0.0883	0.0899	0.0910	0.0913	0.0901	0.0903	0.0894	0.0906	0.0909	0.0928	0.0890	0.0894	0.0894	0.0882	0.0888	0.0884	0.0882	0.0890	0.0904	0.0926	0.0916	0.0904	0.0890	0.0903	0.0905	0.0901	0.0881	0.0879	0.0889	0.0895	0.0885	0.0892	0.0885	0.0889	0.0899	0.0890	0.0879	0.0886	0.0883	0.0885	0.0878	0.0889	
0.0843	0.0841	0.0854	0.0841	0.0849	0.0831	0.0835	0.0854	0.0841	0.0844	0.0840	0.0835	0.0835	0.0842	0.0832	0.0827	0.0859	0.0847	0.0849	0.0842	0.0839	0.0833	0.0835	0.0847	0.0846	0.0850	0.0834	0.0828	0.0831	0.0830	0.0830	0.0854	0.0846	0.0841	0.0852	0.0842	0.0842	0.0837	0.0841	0.0844	0.0837	0.0857	0.0844	0.0835	0.0820	0.0815	0.0820	0.0816	0.0836	0.0843	0.0847	0.0853	0.0838	0.0849	0.0827	0.0844	0.0840	0.0833	0.0817	0.0824	0.0825	0.0823	0.0820	0.0813	
0.0882	0.0890	0.0900	0.0885	0.0890	0.0881	0.0882	0.0887	0.0900	0.0906	0.0905	0.0901	0.0889	0.0901	0.0895	0.0883	0.0911	0.0894	0.0896	0.0888	0.0884	0.0882	0.0881	0.0898	0.0905	0.0899	0.0891	0.0894	0.0889	0.0894	0.0899	0.0920	0.0892	0.0893	0.0900	0.0887	0.0880	0.0886	0.0887	0.0885	0.0892	0.0909	0.0906	0.0895	0.0886	0.0886	0.0886	0.0886	0.0887	0.0877	0.0895	0.0882	0.0878	0.0896	0.0884	0.0890	0.0891	0.0892	0.0890	0.0884	0.0890	0.0886	0.0882	0.0886	
0.0915	0.0930	0.0933	0.0927	0.0926	0.0925	0.0921	0.0926	0.0948	0.0957	0.0958	0.0948	0.0949	0.0957	0.0953	0.0940	0.0947	0.0926	0.0922	0.0936	0.0925	0.0926	0.0929	0.0940	0.0954	0.0960	0.0946	0.0945	0.0944	0.0948	0.0955	0.0975	0.0933	0.0925	0.0927	0.0919	0.0910	0.0925	0.0929	0.0922	0.0937	0.0973	0.0955	0.0943	0.0938	0.0943	0.0943	0.0955	0.0918	0.0919	0.0937	0.0927	0.0917	0.0924	0.0918	0.0919	0.0953	0.0935	0.0935	0.0937	0.0936	0.0939	0.0939	0.0941	
0.0885	0.0892	0.0901	0.0883	0.0893	0.0879	0.0877	0.0886	0.0886	0.0888	0.0888	0.0882	0.0879	0.0883	0.0878	0.0871	0.0909	0.0895	0.0892	0.0891	0.0891	0.0882	0.0884	0.0888	0.0895	0.0891	0.0880	0.0888	0.0873	0.0879	0.0877	0.0900	0.0892	0.0885	0.0896	0.0880	0.0884	0.0879	0.0879	0.0876	0.0888	0.0910	0.0897	0.0890	0.0879	0.0877	0.0874	0.0870	0.0891	0.0885	0.0899	0.0891	0.0875	0.0890	0.0869	0.0882	0.0898	0.0884	0.0886	0.0879	0.0884	0.0876	0.0870	0.0872	
0.0894	0.0905	0.0912	0.0901	0.0906	0.0896	0.0896	0.0905	0.0921	0.0923	0.0926	0.0923	0.0919	0.0914	0.0909	0.0909	0.0919	0.0908	0.0908	0.0907	0.0900	0.0898	0.0906	0.0913	0.0943	0.0928	0.0918	0.0915	0.0907	0.0910	0.0911	0.0926	0.0907	0.0901	0.0901	0.0897	0.0891	0.0896	0.0897	0.0900	0.0914	0.0932	0.0930	0.0916	0.0907	0.0905	0.0900	0.0912	0.0896	0.0894	0.0914	0.0908	0.0906	0.0908	0.0895	0.0897	0.0914	0.0913	0.0900	0.0903	0.0902	0.0903	0.0893	0.0893	
0.0855	0.0850	0.0861	0.0842	0.0854	0.0841	0.0844	0.0851	0.0854	0.0850	0.0844	0.0848	0.0841	0.0841	0.0835	0.0834	0.0872	0.0853	0.0853	0.0851	0.0843	0.0839	0.0844	0.0848	0.0860	0.0859	0.0843	0.0843	0.0836	0.0837	0.0840	0.0862	0.0876	0.0861	0.0864	0.0853	0.0860	0.0841	0.0840	0.0845	0.0847	0.0861	0.0851	0.0855	0.0828	0.0823	0.0834	0.0835	0.0848	0.0848	0.0851	0.0853	0.0849	0.0849	0.0830	0.0844	0.0843	0.0836	0.0833	0.0827	0.0831	0.0824	0.0810	0.0819	
0.0901	0.0906	0.0907	0.0888	0.0902	0.0884	0.0883	0.0890	0.0912	0.0913	0.0917	0.0908	0.0897	0.0899	0.0898	0.0886	0.0919	0.0905	0.0912	0.0895	0.0896	0.0888	0.0895	0.0899	0.0922	0.0921	0.0907	0.0903	0.0888	0.0894	0.0901	0.0914	0.0904	0.0909	0.0912	0.0897	0.0894	0.0893	0.0890	0.0891	0.0902	0.0930	0.0923	0.0910	0.0893	0.0895	0.0888	0.0891	0.0891	0.0903	0.0908	0.0900	0.0889	0.0902	0.0887	0.0894	0.0920	0.0906	0.0897	0.0902	0.0894	0.0895	0.0889	0.0894	
0.0900	0.0914	0.0918	0.0902	0.0903	0.0898	0.0897	0.0901	0.0942	0.0941	0.0949	0.0941	0.0935	0.0933	0.0928	0.0911	0.0923	0.0917	0.0920	0.0906	0.0895	0.0896	0.0900	0.0911	0.0938	0.0939	0.0929	0.0919	0.0921	0.0915	0.0924	0.0933	0.0916	0.0909	0.0907	0.0897	0.0895	0.0895	0.0893	0.0899	0.0931	0.0954	0.0934	0.0934	0.0916	0.0914	0.0912	0.0915	0.0889	0.0893	0.0908	0.0897	0.0885	0.0908	0.0888	0.0899	0.0929	0.0913	0.0902	0.0901	0.0898	0.0903	0.0898	0.0902	
0.0877	0.0869	0.0878	0.0864	0.0871	0.0860	0.0855	0.0859	0.0871	0.0874	0.0863	0.0864	0.0853	0.0857	0.0842	0.0847	0.0890	0.0875	0.0876	0.0864	0.0857	0.0850	0.0853	0.0870	0.0882	0.0873	0.0860	0.0860	0.0851	0.0842	0.0854	0.0875	0.0882	0.0885	0.0876	0.0868	0.0856	0.0859	0.0849	0.0851	0.0868	0.0884	0.0876	0.0862	0.0845	0.0847	0.0851	0.0836	0.0877	0.0879	0.0880	0.0875	0.0858	0.0864	0.0839	0.0858	0.0878	0.0860	0.0856	0.0848	0.0844	0.0847	0.0832	0.0825	
0.0912	0.0916	0.0923	0.0902	0.0909	0.0886	0.0889	0.0894	0.0930	0.0936	0.0930	0.0918	0.0909	0.0912	0.0904	0.0889	0.0936	0.0919	0.0917	0.0908	0.0897	0.0890	0.0898	0.0902	0.0942	0.0933	0.0922	0.0919	0.0904	0.0904	0.0912	0.0926	0.0922	0.0924	0.0921	0.0903	0.0900	0.0893	0.0898	0.0893	0.0927	0.0939	0.0930	0.0910	0.0897	0.0903	0.0895	0.0898	0.0906	0.0910	0.0922	0.0911	0.0897	0.0906	0.0888	0.0902	0.0933	0.0922	0.0908	0.0912	0.0897	0.0903	0.0893	0.0892	
0.0942	0.0945	0.0947	0.0937	0.0932	0.0926	0.0918	0.0928	0.0981	0.0984	0.0977	0.0968	0.0961	0.0965	0.0962	0.0949	0.0966	0.0949	0.0945	0.0951	0.0930	0.0921	0.0935	0.0939	0.0983	0.0975	0.0967	0.0960	0.0952	0.0954	0.0957	0.0968	0.0948	0.0945	0.0940	0.0927	0.0925	0.0926	0.0924	0.0927	0.0965	0.0988	0.0973	0.0960	0.0943	0.0943	0.0943	0.0960	0.0935	0.0924	0.0936	0.0935	0.0918	0.0935	0.0915	0.0923	0.0967	0.0948	0.0948	0.0942	0.0940	0.0935	0.0932	0.0933	
0.0916	0.0916	0.0921	0.0902	0.0907	0.0890	0.0889	0.0894	0.0927	0.0922	0.0913	0.0912	0.0895	0.0895	0.0892	0.0880	0.0946	0.0921	0.0921	0.0903	0.0902	0.0893	0.0894	0.0900	0.0922	0.0926	0.0901	0.0903	0.0887	0.0884	0.0884	0.0911	0.0925	0.0923	0.0913	0.0897	0.0896	0.0889	0.0890	0.0890	0.0930	0.0931	0.0919	0.0897	0.0894	0.0891	0.0879	0.0885	0.0924	0.0910	0.0922	0.0911	0.0891	0.0906	0.0881	0.0886	0.0930	0.0919	0.0901	0.0895	0.0894	0.0892	0.0875	0.0877	
0.0935	0.0941	0.0937	0.0921	0.0919	0.0910	0.0902	0.0903	0.0955	0.0958	0.0951	0.0947	0.0923	0.0929	0.0921	0.0915	0.0954	0.0944	0.0941	0.0923	0.0917	0.0900	0.0906	0.0915	0.0964	0.0953	0.0939	0.0930	0.0920	0.0914	0.0919	0.0940	0.0939	0.0948	0.0931	0.0919	0.0912	0.0908	0.0904	0.0902	0.0954	0.0958	0.0961	0.0927	0.0925	0.0918	0.0918	0.0917	0.0930	0.0929	0.0936	0.0920	0.0905	0.0914	0.0900	0.0910	0.0955	0.0940	0.0937	0.0923	0.0912	0.0916	0.0913	0.0906	
0.0899	0.0898	0.0902	0.0878	0.0873	0.0863	0.0865	0.0865	0.0903	0.0898	0.0888	0.0873	0.0864	0.0865	0.0851	0.0853	0.0928	0.0899	0.0894	0.0883	0.0872	0.0865	0.0854	0.0870	0.0920	0.0900	0.0886	0.0869	0.0858	0.0856	0.0859	0.0872	0.0908	0.0896	0.0892	0.0874	0.0872	0.0860	0.0855	0.0863	0.0912	0.0909	0.0899	0.0870	0.0863	0.0857	0.0845	0.0835	0.0903	0.0887	0.0905	0.0892	0.0866	0.0871	0.0862	0.0858	0.0913	0.0890	0.0870	0.0864	0.0860	0.0860	0.0842	0.0844	
0.0945	0.0944	0.0943	0.0917	0.0923	0.0909	0.0897	0.0904	0.0964	0.0970	0.0951	0.0941	0.0914	0.0925	0.0916	0.0900	0.0969	0.0949	0.0942	0.0928	0.0917	0.0910	0.0907	0.0910	0.0980	0.0966	0.0951	0.0936	0.0921	0.0920	0.0915	0.0921	0.0954	0.0954	0.0940	0.0929	0.0918	0.0920	0.0908	0.0905	0.0958	0.0979	0.0953	0.0940	0.0912	0.0920	0.0905	0.0894	0.0949	0.0930	0.0934	0.0919	0.0915	0.0924	0.0908	0.0903	0.0958	0.0951	0.0935	0.0927	0.0924	0.0917	0.0898	0.0899	
0.0953	0.0954	0.0946	0.0924	0.0919	0.0905	0.0899	0.0906	0.0990	0.0990	0.0978	0.0961	0.0938	0.0937	0.0932	0.0921	0.0971	0.0957	0.0944	0.0931	0.0915	0.0909	0.0918	0.0907	0.0990	0.0980	0.0962	0.0951	0.0926	0.0924	0.0922	0.0933	0.0959	0.0948	0.0936	0.0919	0.0911	0.0915	0.0900	0.0893	0.0982	0.0987	0.0971	0.0943	0.0921	0.0924	0.0920	0.0918	0.0932	0.0932	0.0938	0.0924	0.0916	0.0909	0.0895	0.0899	0.0959	0.0942	0.0934	0.0927	0.0918	0.0912	0.0903	0.0908	
0.0911	0.0901	0.0897	0.0867	0.0862	0.0849	0.0848	0.0847	0.0928	0.0911	0.0893	0.0874	0.0861	0.0856	0.0846	0.0849	0.0926	0.0901	0.0890	0.0875	0.0857	0.0850	0.0842	0.0854	0.0935	0.0910	0.0888	0.0878	0.0860	0.0851	0.0852	0.0870	0.0911	0.0901	0.0889	0.0866	0.0862	0.0847	0.0843	0.0839	0.0909	0.0911	0.0895	0.0870	0.0841	0.0852	0.0839	0.0834	0.0896	0.0883	0.0889	0.0878	0.0854	0.0862	0.0836	0.0843	0.0907	0.0881	0.0868	0.0857	0.0848	0.0852	0.0829	0.0823	
0.0961	0.0957	0.0952	0.0914	0.0910	0.0897	0.0888	0.0893	0.0985	0.0985	0.0963	0.0939	0.0917	0.0913	0.0900	0.0890	0.0990	0.0959	0.0948	0.0931	0.0925	0.0905	0.0908	0.0909	0.0995	0.0984	0.0964	0.0960	0.0918	0.0925	0.0915	0.0924	0.0967	0.0963	0.0950	0.0916	0.0910	0.0904	0.0892	0.0900	0.0967	0.0984	0.0955	0.0934	0.0914	0.0906	0.0893	0.0901	0.0948	0.0934	0.0941	0.0931	0.0908	0.0910	0.0897	0.0896	0.0958	0.0943	0.0924	0.0917	0.0897	0.0901	0.0890	0.0879	
0.1002	0.0999	0.0989	0.0961	0.0949	0.0934	0.0920	0.0925	0.1045	0.1038	0.1015	0.0987	0.0960	0.0950	0.0949	0.0932	0.1027	0.0996	0.0990	0.0959	0.0940	0.0933	0.0922	0.0930	0.1041	0.1017	0.0994	0.0980	0.0947	0.0947	0.0938	0.0952	0.1004	0.0999	0.0980	0.0951	0.0939	0.0931	0.0923	0.0908	0.1007	0.1026	0.1010	0.0978	0.0940	0.0943	0.0937	0.0932	0.0976	0.0963	0.0966	0.0961	0.0939	0.0941	0.0924	0.0930	0.0991	0.0971	0.0965	0.0964	0.0949	0.0944	0.0929	0.0922	
0.0951	0.0933	0.0928	0.0891	0.0885	0.0859	0.0853	0.0858	0.0973	0.0958	0.0930	0.0904	0.0879	0.0870	0.0855	0.0862	0.0962	0.0939	0.0919	0.0899	0.0875	0.0860	0.0854	0.0864	0.0982	0.0947	0.0926	0.0899	0.0875	0.0863	0.0859	0.0887	0.0955	0.0936	0.0918	0.0895	0.0868	0.0858	0.0861	0.0851	0.0940	0.0948	0.0928	0.0898	0.0870	0.0858	0.0845	0.0852	0.0920	0.0895	0.0910	0.0887	0.0878	0.0874	0.0849	0.0855	0.0915	0.0903	0.0886	0.0885	0.0873	0.0856	0.0844	0.0843	
0.1024	0.1015	0.1002	0.0965	0.0950	0.0927	0.0914	0.0916	0.1062	0.1041	0.1011	0.0985	0.0948	0.0946	0.0933	0.0918	0.1048	0.1020	0.1000	0.0970	0.0936	0.0928	0.0919	0.0923	0.1053	0.1029	0.1003	0.0983	0.0941	0.0944	0.0936	0.0946	0.1014	0.1008	0.0996	0.0967	0.0944	0.0936	0.0918	0.0909	0.1017	0.1027	0.1010	0.0980	0.0943	0.0947	0.0932	0.0921	0.0979	0.0963	0.0966	0.0960	0.0936	0.0934	0.0918	0.0918	0.0976	0.0975	0.0966	0.0955	0.0939	0.0927	0.0912	0.0925	
0.1066	0.1057	0.1036	0.1002	0.0983	0.0964	0.0953	0.0951	0.1126	0.1110	0.1075	0.1040	0.1008	0.1002	0.0990	0.0969	0.1082	0.1060	0.1034	0.1007	0.0980	0.0966	0.0960	0.0955	0.1115	0.1090	0.1061	0.1033	0.0998	0.0995	0.0987	0.0987	0.1062	0.1042	0.1023	0.0997	0.0976	0.0964	0.0953	0.0949	0.1079	0.1082	0.1051	0.1028	0.0994	0.0994	0.0971	0.0972	0.1000	0.0995	0.1000	0.0993	0.0968	0.0970	0.0948	0.0948	0.1025	0.1002	0.1003	0.0993	0.0983	0.0975	0.0970	0.0964	
0.1053	0.1038	0.1018	0.0967	0.0942	0.0919	0.0907	0.0907	0.1090	0.1075	0.1028	0.1000	0.0946	0.0939	0.0919	0.0903	0.1078	0.1045	0.1010	0.0968	0.0936	0.0916	0.0914	0.0905	0.1092	0.1045	0.1023	0.0987	0.0946	0.0942	0.0916	0.0926	0.1024	0.1007	0.0992	0.0965	0.0939	0.0916	0.0904	0.0898	0.1028	0.1029	0.1000	0.0969	0.0939	0.0934	0.0910	0.0910	0.0965	0.0943	0.0973	0.0957	0.0923	0.0927	0.0908	0.0907	0.0970	0.0955	0.0955	0.0946	0.0928	0.0925	0.0906	0.0900	
0.1091	0.1078	0.1051	0.0995	0.0970	0.0947	0.0927	0.0925	0.1146	0.1136	0.1080	0.1041	0.0986	0.0976	0.0961	0.0943	0.1110	0.1083	0.1048	0.1002	0.0965	0.0941	0.0938	0.0936	0.1142	0.1084	0.1057	0.1023	0.0981	0.0961	0.0963	0.0957	0.1058	0.1041	0.1011	0.0973	0.0955	0.0939	0.0936	0.0930	0.1068	0.1075	0.1045	0.1007	0.0976	0.0960	0.0944	0.0935	0.0991	0.0971	0.0986	0.0965	0.0941	0.0943	0.0925	0.0924	0.0995	0.0986	0.0979	0.0960	0.0952	0.0936	0.0929	0.0927	
0.1105	0.1078	0.1040	0.0969	0.0952	0.0921	0.0902	0.0905	0.1129	0.1104	0.1042	0.0985	0.0945	0.0929	0.0906	0.0885	0.1114	0.1083	0.1035	0.0981	0.0946	0.0920	0.0908	0.0910	0.1117	0.1067	0.1039	0.0991	0.0932	0.0917	0.0898	0.0906	0.1041	0.1032	0.0996	0.0956	0.0938	0.0914	0.0903	0.0902	0.1023	0.1037	0.0997	0.0962	0.0930	0.0914	0.0888	0.0894	0.0968	0.0933	0.0962	0.0948	0.0917	0.0915	0.0895	0.0897	0.0945	0.0943	0.0934	0.0917	0.0908	0.0889	0.0882	0.0878	
0.1169	0.1142	0.1102	0.1021	0.0997	0.0973	0.0945	0.0943	0.1239	0.1210	0.1129	0.1068	0.1015	0.1008	0.0968	0.0951	0.1185	0.1147	0.1107	0.1038	0.0984	0.0965	0.0954	0.0951	0.1215	0.1154	0.1120	0.1065	0.1002	0.0982	0.0962	0.0968	0.1099	0.1082	0.1055	0.1007	0.0984	0.0964	0.0944	0.0934	0.1098	0.1100	0.1060	0.1026	0.0981	0.0978	0.0961	0.0952	0.1001	0.0979	0.0998	0.0985	0.0962	0.0974	0.0949	0.0945	0.1006	0.0992	0.0985	0.0983	0.0966	0.0965	0.0941	0.0936	
0.1156	0.1119	0.1071	0.0991	0.0954	0.0914	0.0892	0.0901	0.1205	0.1180	0.1096	0.1014	0.0952	0.0927	0.0906	0.0884	0.1169	0.1121	0.1065	0.0999	0.0943	0.0927	0.0903	0.0905	0.1176	0.1104	0.1080	0.1010	0.0936	0.0922	0.0901	0.0903	0.1069	0.1037	0.1013	0.0968	0.0938	0.0922	0.0908	0.0897	0.1040	0.1039	0.0996	0.0975	0.0928	0.0913	0.0892	0.0877	0.0968	0.0934	0.0955	0.0943	0.0922	0.0922	0.0899	0.0893	0.0950	0.0922	0.0923	0.0917	0.0901	0.0879	0.0871	0.0860	
0.1251	0.1205	0.1160	0.1059	0.1016	0.0982	0.0957	0.0953	0.1325	0.1292	0.1196	0.1102	0.1033	0.1011	0.0984	0.0959	0.1264	0.1219	0.1151	0.1066	0.1007	0.0977	0.0957	0.0955	0.1280	0.1212	0.1166	0.1090	0.1026	0.1003	0.0978	0.0981	0.1122	0.1114	0.1062	0.1030	0.1006	0.0981	0.0961	0.0950	0.1120	0.1119	0.1077	0.1044	0.1001	0.0988	0.0965	0.0963	0.1010	0.0985	0.1014	0.1000	0.0974	0.0978	0.0952	0.0955	0.1006	0.1001	0.0986	0.0989	0.0970	0.0954	0.0945	0.0943	
0.1244	0.1193	0.1137	0.1017	0.0976	0.0932	0.0912	0.0905	0.1302	0.1257	0.1146	0.1061	0.0966	0.0945	0.0911	0.0897	0.1243	0.1193	0.1125	0.1018	0.0963	0.0924	0.0913	0.0904	0.1269	0.1158	0.1144	0.1043	0.0980	0.0943	0.0912	0.0907	0.1097	0.1064	0.1027	0.0990	0.0952	0.0930	0.0910	0.0905	0.1055	0.1063	0.1014	0.0979	0.0945	0.0928	0.0889	0.0889	0.0961	0.0927	0.0958	0.0945	0.0927	0.0929	0.0909	0.0905	0.0950	0.0935	0.0929	0.0915	0.0907	0.0889	0.0879	0.0874	
0.1348	0.1300	0.1229	0.1092	0.1034	0.0994	0.0959	0.0944	0.1415	0.1371	0.1257	0.1138	0.1054	0.1017	0.0995	0.0956	0.1359	0.1287	0.1214	0.1093	0.1023	0.0986	0.0962	0.0963	0.1384	0.1255	0.1245	0.1138	0.1055	0.1025	0.0982	0.0982	0.1147	0.1121	0.1074	0.1041	0.1000	0.0983	0.0958	0.0952	0.1143	0.1143	0.1090	0.1056	0.1015	0.1000	0.0960	0.0961	0.1009	0.0975	0.1005	0.0996	0.0967	0.0975	0.0953	0.0954	0.1016	0.1003	0.0994	0.0979	0.0972	0.0950	0.0936	0.0934	
0.1403	0.1345	0.1259	0.1117	0.1046	0.1008	0.0976	0.0971	0.1471	0.1424	0.1290	0.1168	0.1079	0.1043	0.1017	0.0982	0.1398	0.1332	0.1246	0.1123	0.1043	0.1006	0.0984	0.0976	0.1413	0.1282	0.1269	0.1156	0.1066	0.1038	0.1008	0.1014	0.1177	0.1141	0.1098	0.1057	0.1025	0.0997	0.0975	0.0961	0.1145	0.1151	0.1098	0.1073	0.1030	0.1013	0.0984	0.0994	0.1022	0.0994	0.1024	0.1008	0.0985	0.0990	0.0959	0.0958	0.1028	0.1010	0.1002	0.0987	0.0987	0.0965	0.0961	0.0960	
0.1482	0.1405	0.1307	0.1129	0.1050	0.1003	0.0965	0.0958	0.1563	0.1497	0.1329	0.1173	0.1068	0.1022	0.0986	0.0945	0.1468	0.1381	0.1286	0.1129	0.1036	0.1001	0.0958	0.0961	0.1473	0.1305	0.1290	0.1157	0.1062	0.1010	0.0983	0.0970	0.1177	0.1147	0.1087	0.1041	0.1011	0.0986	0.0949	0.0950	0.1145	0.1143	0.1069	0.1052	0.0995	0.0987	0.0952	0.0941	0.1002	0.0966	0.1001	0.0986	0.0960	0.0971	0.0954	0.0937	0.1000	0.0981	0.0971	0.0972	0.0954	0.0938	0.0920	0.0922	
0.1579	0.1484	0.1368	0.1168	0.1082	0.1024	0.0979	0.0974	0.1670	0.1606	0.1423	0.1249	0.1116	0.1071	0.1024	0.0981	0.1553	0.1460	0.1344	0.1173	0.1074	0.1031	0.0994	0.0978	0.1561	0.1364	0.1362	0.1209	0.1096	0.1053	0.1017	0.1003	0.1209	0.1176	0.1107	0.1067	0.1039	0.1006	0.0976	0.0966	0.1182	0.1170	0.1107	0.1086	0.1030	0.1017	0.0988	0.0987	0.1029	0.0983	0.1016	0.1007	0.0978	0.0977	0.0976	0.0959	0.1023	0.1001	0.0993	0.0977	0.0977	0.0955	0.0943	0.0956	
0.1616	0.1513	0.1393	0.1155	0.1052	0.0996	0.0934	0.0941	0.1702	0.1610	0.1410	0.1208	0.1065	0.1006	0.0957	0.0926	0.1581	0.1460	0.1341	0.1154	0.1041	0.0980	0.0942	0.0936	0.1574	0.1324	0.1354	0.1179	0.1058	0.0996	0.0952	0.0951	0.1189	0.1134	0.1089	0.1040	0.1004	0.0972	0.0942	0.0930	0.1129	0.1123	0.1052	0.1029	0.0976	0.0968	0.0919	0.0926	0.0990	0.0942	0.0977	0.0966	0.0945	0.0956	0.0941	0.0925	0.0968	0.0946	0.0926	0.0925	0.0916	0.0899	0.0879	0.0894	
0.1773	0.1646	0.1492	0.1233	0.1109	0.1040	0.0986	0.0976	0.1862	0.1776	0.1542	0.1320	0.1160	0.1084	0.1024	0.0984	0.1715	0.1599	0.1451	0.1229	0.1101	0.1046	0.1006	0.0991	0.1716	0.1434	0.1452	0.1257	0.1137	0.1079	0.1022	0.1009	0.1239	0.1220	0.1136	0.1090	0.1054	0.1013	0.0992	0.0980	0.1204	0.1188	0.1106	0.1107	0.1037	0.1026	0.0988	0.0984	0.1024	0.0991	0.1015	0.1010	0.0983	0.1000	0.0982	0.0961	0.1035	0.0999	0.0994	0.0979	0.0983	0.0955	0.0944	0.0949	
0.1876	0.1744	0.1568	0.1281	0.1148	0.1075	0.1027	0.1012	0.1978	0.1875	0.1645	0.1383	0.1201	0.1122	0.1084	0.1035	0.1798	0.1666	0.1514	0.1273	0.1148	0.1078	0.1032	0.1019	0.1805	0.1485	0.1522	0.1311	0.1191	0.1128	0.1072	0.1061	0.1278	0.1220	0.1160	0.1113	0.1082	0.1050	0.1027	0.1013	0.1241	0.1233	0.1141	0.1135	0.1073	0.1080	0.1030	0.1029	0.1050	0.0997	0.1041	0.1041	0.0995	0.1019	0.1003	0.0997	0.1062	0.1026	0.1031	0.1011	0.1005	0.0995	0.0994	0.0995	
0.2000	0.1861	0.1665	0.1316	0.1148	0.1070	0.1000	0.0989	0.2108	0.1984	0.1694	0.1388	0.1201	0.1088	0.1047	0.0982	0.1933	0.1753	0.1573	0.1303	0.1136	0.1060	0.1013	0.0995	0.1857	0.1521	0.1559	0.1326	0.1177	0.1097	0.1030	0.1010	0.1254	0.1215	0.1141	0.1100	0.1067	0.1030	0.0996	0.0979	0.1215	0.1188	0.1103	0.1088	0.1031	0.1022	0.0985	0.0977	0.1026	0.0974	0.1011	0.1003	0.0970	0.0983	0.0969	0.0946	0.1014	0.0985	0.0985	0.0974	0.0959	0.0942	0.0931	0.0929	
0.2141	0.1981	0.1748	0.1374	0.1206	0.1116	0.1045	0.1036	0.2272	0.2150	0.1810	0.1482	0.1260	0.1167	0.1109	0.1050	0.2046	0.1853	0.1655	0.1355	0.1182	0.1104	0.1060	0.1035	0.1984	0.1587	0.1634	0.1374	0.1230	0.1159	0.1098	0.1078	0.1293	0.1245	0.1172	0.1129	0.1100	0.1070	0.1039	0.1015	0.1268	0.1245	0.1162	0.1159	0.1098	0.1085	0.1033	0.1043	0.1054	0.1009	0.1050	0.1044	0.1006	0.1015	0.1010	0.1001	0.1060	0.1035	0.1039	0.1027	0.1009	0.0990	0.0990	0.0993	
0.2316	0.2137	0.1845	0.1423	0.1212	0.1104	0.1020	0.1008	0.2421	0.2279	0.1908	0.1518	0.1242	0.1128	0.1066	0.0999	0.2180	0.1964	0.1744	0.1380	0.1173	0.1089	0.1026	0.1003	0.2074	0.1612	0.1670	0.1375	0.1216	0.1112	0.1050	0.1020	0.1286	0.1241	0.1146	0.1103	0.1080	0.1036	0.1007	0.0992	0.1230	0.1200	0.1113	0.1115	0.1043	0.1030	0.0980	0.0981	0.1026	0.0967	0.1011	0.1000	0.0966	0.0980	0.0980	0.0960	0.1025	0.0984	0.0980	0.0969	0.0953	0.0937	0.0940	0.0930	
0.2516	0.2313	0.2000	0.1489	0.1267	0.1147	0.1052	0.1035	0.2660	0.2474	0.2080	0.1611	0.1323	0.1198	0.1109	0.1047	0.2339	0.2087	0.1857	0.1452	0.1237	0.1129	0.1066	0.1034	0.2209	0.1686	0.1783	0.1460	0.1280	0.1175	0.1109	0.1064	0.1324	0.1274	0.1177	0.1132	0.1105	0.1071	0.1022	0.1016	0.1275	0.1246	0.1165	0.1147	0.1084	0.1076	0.1008	0.1010	0.1045	0.0999	0.1031	0.1023	0.1000	0.1007	0.1013	0.0989	0.1043	0.1015	0.1008	0.1003	0.0985	0.0967	0.0966	0.0953	
0.2680	0.2448	0.2116	0.1578	0.1311	0.1180	0.1085	0.1070	0.2810	0.2623	0.2203	0.1705	0.1374	0.1235	0.1163	0.1078	0.2500	0.2201	0.1941	0.1518	0.1285	0.1166	0.1102	0.1072	0.2349	0.1763	0.1850	0.1510	0.1354	0.1220	0.1140	0.1104	0.1357	0.1292	0.1214	0.1173	0.1144	0.1101	0.1073	0.1058	0.1318	0.1281	0.1178	0.1183	0.1114	0.1109	0.1051	0.1062	0.1078	0.1020	0.1063	0.1049	0.1022	0.1043	0.1036	0.1014	0.1082	0.1049	0.1035	0.1025	0.1014	0.1016	0.1005	0.0996	
0.2887	0.2613	0.2200	0.1590	0.1313	0.1157	0.1050	0.1027	0.3042	0.2779	0.2294	0.1738	0.1350	0.1184	0.1098	0.1013	0.2654	0.2328	0.2045	0.1529	0.1283	0.1141	0.1067	0.1028	0.2436	0.1769	0.1901	0.1501	0.1307	0.1165	0.1078	0.1037	0.1342	0.1268	0.1172	0.1131	0.1109	0.1068	0.1023	0.1003	0.1248	0.1215	0.1117	0.1119	0.1051	0.1039	0.0969	0.0984	0.1040	0.0978	0.1015	0.1000	0.0972	0.0988	0.0989	0.0953	0.1020	0.0976	0.0966	0.0955	0.0950	0.0926	0.0917	0.0916	
0.3158	0.2869	0.2409	0.1715	0.1381	0.1210	0.1091	0.1064	0.3272	0.3070	0.2503	0.1885	0.1443	0.1270	0.1166	0.1066	0.2855	0.2482	0.2179	0.1651	0.1347	0.1199	0.1112	0.1070	0.2613	0.1875	0.2047	0.1612	0.1405	0.1245	0.1146	0.1105	0.1381	0.1313	0.1212	0.1172	0.1146	0.1095	0.1066	0.1044	0.1330	0.1267	0.1165	0.1173	0.1088	0.1098	0.1027	0.1032	0.1067	0.1009	0.1036	0.1037	0.1007	0.1029	0.1034	0.0994	0.1059	0.1020	0.1009	0.1002	0.0997	0.0967	0.0966	0.0970	
0.3352	0.3026	0.2536	0.1779	0.1406	0.1225	0.1102	0.1069	0.3495	0.3214	0.2634	0.1952	0.1481	0.1291	0.1201	0.1092	0.2991	0.2603	0.2246	0.1685	0.1368	0.1215	0.1118	0.1086	0.2710	0.1895	0.2105	0.1627	0.1421	0.1268	0.1173	0.1120	0.1374	0.1305	0.1202	0.1178	0.1142	0.1109	0.1061	0.1040	0.1321	0.1280	0.1164	0.1182	0.1104	0.1099	0.1035	0.1048	0.1049	0.0989	0.1028	0.1029	0.0997	0.1016	0.1024	0.0996	0.1057	0.1015	0.1008	0.0994	0.0986	0.0975	0.0964	0.0965	
0.3528	0.3202	0.2632	0.1800	0.1412	0.1197	0.1062	0.1022	0.3713	0.3374	0.2712	0.1987	0.1456	0.1238	0.1120	0.1018	0.3144	0.2688	0.2312	0.1681	0.1352	0.1169	0.1069	0.1027	0.2793	0.1886	0.2108	0.1583	0.1382	0.1206	0.1087	0.1050	0.1327	0.1260	0.1146	0.1112	0.1086	0.1040	0.0999	0.0978	0.1261	0.1193	0.1089	0.1096	0.1028	0.1008	0.0958	0.0966	0.1006	0.0939	0.0976	0.0972	0.0940	0.0947	0.0958	0.0933	0.0997	0.0941	0.0928	0.0918	0.0914	0.0895	0.0880	0.0885	
0.3914	0.3546	0.2918	0.1994	0.1533	0.1286	0.1129	0.1095	0.4040	0.3679	0.2973	0.2184	0.1613	0.1338	0.1199	0.1081	0.3475	0.2951	0.2559	0.1837	0.1461	0.1248	0.1151	0.1089	0.3035	0.2014	0.2296	0.1726	0.1500	0.1302	0.1183	0.1118	0.1410	0.1332	0.1215	0.1185	0.1162	0.1105	0.1059	0.1050	0.1327	0.1274	0.1148	0.1163	0.1088	0.1087	0.1009	0.1026	0.1062	0.0988	0.1030	0.1012	0.0974	0.1007	0.1013	0.0980	0.1044	0.1009	0.0994	0.0977	0.0972	0.0951	0.0942	0.0938	
0.4147	0.3783	0.3103	0.2111	0.1597	0.1330	0.1166	0.1113	0.4304	0.3953	0.3197	0.2329	0.1676	0.1392	0.1262	0.1122	0.3691	0.3127	0.2713	0.1935	0.1505	0.1307	0.1190	0.1121	0.3250	0.2109	0.2415	0.1818	0.1584	0.1363	0.1226	0.1158	0.1449	0.1364	0.1251	0.1206	0.1191	0.1139	0.1099	0.1068	0.1374	0.1316	0.1192	0.1215	0.1118	0.1117	0.1045	0.1052	0.1082	0.1009	0.1053	0.1040	0.1009	0.1022	0.1045	0.1013	0.1082	0.1035	0.1013	0.1013	0.0993	0.0974	0.0971	0.0958	
0.4415	0.4017	0.3278	0.2229	0.1650	0.1378	0.1193	0.1148	0.4618	0.4169	0.3381	0.2468	0.1734	0.1451	0.1307	0.1160	0.3908	0.3306	0.2843	0.2012	0.1574	0.1342	0.1223	0.1146	0.3388	0.2175	0.2479	0.1855	0.1635	0.1390	0.1271	0.1185	0.1468	0.1370	0.1251	0.1217	0.1216	0.1158	0.1115	0.1092	0.1391	0.1336	0.1211	0.1229	0.1145	0.1147	0.1077	0.1093	0.1081	0.1011	0.1054	0.1044	0.1015	0.1035	0.1049	0.1022	0.1087	0.1048	0.1034	0.1022	0.1015	0.0993	0.0993	0.0989	
0.4706	0.4278	0.3464	0.2324	0.1681	0.1365	0.1171	0.1112	0.4857	0.4408	0.3551	0.2547	0.1771	0.1425	0.1250	0.1083	0.4163	0.3437	0.2976	0.2068	0.1580	0.1314	0.1187	0.1105	0.3528	0.2185	0.2566	0.1853	0.1615	0.1340	0.1219	0.1134	0.1435	0.1337	0.1217	0.1178	0.1173	0.1116	0.1068	0.1037	0.1348	0.1273	0.1139	0.1153	0.1073	0.1065	0.0981	0.1006	0.1043	0.0966	0.1011	0.1000	0.0969	0.0993	0.1005	0.0972	0.1024	0.0967	0.0955	0.0943	0.0933	0.0909	0.0895	0.0898	
0.5016	0.4577	0.3723	0.2552	0.1829	0.1460	0.1237	0.1166	0.5203	0.4733	0.3825	0.2766	0.1922	0.1532	0.1344	0.1163	0.4462	0.3736	0.3205	0.2262	0.1724	0.1416	0.1255	0.1162	0.3807	0.2331	0.2764	0.1981	0.1762	0.1425	0.1297	0.1199	0.1508	0.1416	0.1274	0.1240	0.1231	0.1169	0.1128	0.1087	0.1405	0.1336	0.1200	0.1222	0.1131	0.1130	0.1047	0.1067	0.1093	0.1003	0.1052	0.1046	0.1005	0.1016	0.1042	0.0992	0.1070	0.1030	0.1018	0.1009	0.0988	0.0978	0.0962	0.0953	
0.5208	0.4762	0.3891	0.2691	0.1920	0.1527	0.1281	0.1209	0.5497	0.5001	0.4034	0.2981	0.2030	0.1602	0.1401	0.1206	0.4748	0.3948	0.3402	0.2384	0.1822	0.1478	0.1313	0.1206	0.4014	0.2431	0.2914	0.2091	0.1870	0.1506	0.1355	0.1250	0.1538	0.1432	0.1303	0.1277	0.1257	0.1211	0.1152	0.1119	0.1449	0.1374	0.1226	0.1262	0.1169	0.1164	0.1072	0.1106	0.1112	0.1022	0.1081	0.1063	0.1029	0.1042	0.1071	0.1019	0.1104	0.1055	0.1031	0.1025	0.1024	0.0982	0.0979	0.0970	
0.5399	0.4947	0.4017	0.2755	0.1917	0.1514	0.1247	0.1180	0.5659	0.5116	0.4138	0.3051	0.2011	0.1585	0.1371	0.1201	0.4906	0.4095	0.3501	0.2429	0.1817	0.1466	0.1287	0.1187	0.4121	0.2436	0.2929	0.2077	0.1836	0.1484	0.1324	0.1243	0.1501	0.1398	0.1257	0.1225	0.1228	0.1161	0.1116	0.1087	0.1406	0.1325	0.1183	0.1218	0.1129	0.1121	0.1042	0.1071	0.1076	0.0989	0.1046	0.1034	0.0999	0.1007	0.1038	0.1000	0.1067	0.1015	0.1004	0.0991	0.0967	0.0961	0.0951	0.0978	
0.5663	0.5199	0.4238	0.2986	0.2090	0.1604	0.1315	0.1241	0.5887	0.5385	0.4407	0.3277	0.2199	0.1684	0.1445	0.1216	0.5190	0.4339	0.3752	0.2617	0.1945	0.1547	0.1349	0.1237	0.4393	0.2550	0.3157	0.2198	0.1956	0.1544	0.1396	0.1276	0.1558	0.1460	0.1305	0.1279	0.1284	0.1216	0.1156	0.1135	0.1454	0.1370	0.1218	0.1259	0.1157	0.1150	0.1058	0.1087	0.1103	0.1006	0.1075	0.1054	0.1011	0.1030	0.1059	0.1009	0.1100	0.1040	0.1033	0.1009	0.1001	0.0974	0.0963	0.0958	
0.5861	0.5410	0.4452	0.3153	0.2180	0.1685	0.1362	0.1284	0.6096	0.5532	0.4585	0.3435	0.2304	0.1774	0.1519	0.1280	0.5438	0.4548	0.3917	0.2728	0.2021	0.1612	0.1398	0.1276	0.4592	0.2641	0.3249	0.2276	0.2035	0.1621	0.1452	0.1333	0.1600	0.1470	0.1322	0.1309	0.1300	0.1244	0.1196	0.1167	0.1497	0.1418	0.1275	0.1298	0.1201	0.1207	0.1102	0.1143	0.1126	0.1034	0.1099	0.1091	0.1041	0.1072	0.1090	0.1044	0.1122	0.1073	0.1064	0.1053	0.1029	0.1002	0.1011	0.1010	
0.6081	0.5670	0.4676	0.3322	0.2309	0.1749	0.1394	0.1294	0.6308	0.5761	0.4767	0.3625	0.2394	0.1842	0.1546	0.1259	0.5689	0.4761	0.4128	0.2841	0.2128	0.1638	0.1416	0.1268	0.4817	0.2711	0.3381	0.2357	0.2124	0.1642	0.1461	0.1324	0.1610	0.1475	0.1331	0.1307	0.1311	0.1237	0.1185	0.1138	0.1497	0.1392	0.1245	0.1271	0.1173	0.1174	0.1044	0.1099	0.1112	0.1015	0.1084	0.1065	0.1017	0.1030	0.1073	0.1015	0.1090	0.1036	0.1030	0.1013	0.0985	0.0962	0.0953	0.0953	
0.6292	0.5810	0.4821	0.3501	0.2416	0.1812	0.1433	0.1331	0.6472	0.5873	0.4899	0.3766	0.2495	0.1908	0.1601	0.1320	0.5879	0.4953	0.4289	0.2984	0.2214	0.1703	0.1478	0.1319	0.5039	0.2818	0.3538	0.2467	0.2214	0.1708	0.1540	0.1375	0.1629	0.1503	0.1353	0.1333	0.1318	0.1258	0.1203	0.1167	0.1535	0.1429	0.1291	0.1307	0.1214	0.1216	0.1103	0.1135	0.1121	0.1026	0.1097	0.1085	0.1041	0.1062	0.1101	0.1033	0.1121	0.1065	0.1056	0.1036	0.1021	0.1000	0.0986	0.0988	
0.6417	0.5956	0.4950	0.3638	0.2515	0.1851	0.1444	0.1324	0.6671	0.6078	0.5058	0.3943	0.2590	0.1931	0.1595	0.1286	0.6076	0.5127	0.4465	0.3115	0.2293	0.1716	0.1459	0.1299	0.5225	0.2857	0.3647	0.2501	0.2253	0.1696	0.1496	0.1339	0.1596	0.1470	0.1320	0.1286	0.1291	0.1233	0.1164	0.1139	0.1490	0.1376	0.1221	0.1256	0.1134	0.1147	0.1018	0.1068	0.1072	0.0982	0.1050	0.1044	0.0997	0.1011	0.1044	0.0981	0.1064	0.0998	0.0990	0.0968	0.0955	0.0910	0.0911	0.0913	
0.6600	0.6163	0.5200	0.3907	0.2691	0.1987	0.1545	0.1402	0.6906	0.6291	0.5311	0.4221	0.2818	0.2091	0.1735	0.1373	0.6406	0.5457	0.4783	0.3340	0.2497	0.1866	0.1587	0.1394	0.5531	0.3024	0.3920	0.2671	0.2424	0.1828	0.1610	0.1437	0.1680	0.1553	0.1393	0.1352	0.1367	0.1296	0.1227	0.1189	0.1563	0.1453	0.1303	0.1335	0.1226	0.1211	0.1107	0.1140	0.1132	0.1027	0.1103	0.1093	0.1035	0.1063	0.1104	0.1025	0.1121	0.1079	0.1055	0.1038	0.1017	0.0988	0.0982	0.0979	
0.6665	0.6195	0.5310	0.4065	0.2834	0.2054	0.1578	0.1436	0.6976	0.6442	0.5491	0.4407	0.2970	0.2176	0.1794	0.1421	0.6597	0.5650	0.4930	0.3518	0.2622	0.1943	0.1630	0.1427	0.5740	0.3133	0.4084	0.2773	0.2566	0.1891	0.1678	0.1489	0.1707	0.1574	0.1419	0.1402	0.1392	0.1318	0.1262	0.1213	0.1600	0.1473	0.1314	0.1362	0.1245	0.1248	0.1106	0.1169	0.1137	0.1036	0.1121	0.1104	0.1045	0.1076	0.1120	0.1049	0.1133	0.1077	0.1063	0.1045	0.1031	0.0992	0.0989	0.0983	
0.6689	0.6216	0.5446	0.4201	0.2897	0.2106	0.1579	0.1420	0.6974	0.6480	0.5590	0.4530	0.3002	0.2179	0.1761	0.1375	0.6723	0.5814	0.5103	0.3632	0.2683	0.1963	0.1630	0.1425	0.5954	0.3152	0.4181	0.2800	0.2585	0.1882	0.1674	0.1475	0.1692	0.1558	0.1383	0.1366	0.1360	0.1285	0.1222	0.1174	0.1536	0.1431	0.1256	0.1294	0.1180	0.1163	0.1039	0.1091	0.1109	0.0998	0.1078	0.1068	0.1009	0.1026	0.1082	0.1003	0.1088	0.1004	0.1013	0.0988	0.0970	0.0930	0.0921	0.0914	
0.6730	0.6257	0.5644	0.4437	0.3110	0.2249	0.1701	0.1523	0.7081	0.6566	0.5760	0.4776	0.3207	0.2348	0.1914	0.1500	0.6905	0.6046	0.5328	0.3859	0.2888	0.2127	0.1744	0.1505	0.6236	0.3335	0.4409	0.2982	0.2774	0.2032	0.1788	0.1572	0.1785	0.1636	0.1451	0.1438	0.1438	0.1359	0.1299	0.1240	0.1632	0.1513	0.1348	0.1400	0.1246	0.1255	0.1116	0.1179	0.1162	0.1044	0.1139	0.1126	0.1060	0.1075	0.1136	0.1052	0.1133	0.1075	0.1075	0.1043	0.1036	0.0992	0.0992	0.0982	
0.6714	0.6288	0.5800	0.4632	0.3263	0.2355	0.1736	0.1544	0.7042	0.6568	0.5902	0.4960	0.3362	0.2490	0.1993	0.1534	0.6946	0.6213	0.5482	0.4029	0.2997	0.2177	0.1786	0.1517	0.6419	0.3496	0.4636	0.3131	0.2886	0.2108	0.1886	0.1596	0.1819	0.1651	0.1471	0.1456	0.1434	0.1352	0.1278	0.1237	0.1687	0.1556	0.1356	0.1410	0.1245	0.1242	0.1101	0.1146	0.1155	0.1040	0.1119	0.1102	0.1029	0.1066	0.1118	0.1033	0.1133	0.1073	0.1067	0.1034	0.0997	0.0961	0.0954	0.0947	
0.6850	0.6427	0.6017	0.4901	0.3525	0.2556	0.1860	0.1655	0.7137	0.6662	0.6112	0.5208	0.3604	0.2684	0.2165	0.1632	0.7063	0.6443	0.5707	0.4275	0.3214	0.2335	0.1920	0.1611	0.6736	0.3695	0.4926	0.3361	0.3107	0.2269	0.1995	0.1697	0.1894	0.1738	0.1564	0.1528	0.1525	0.1427	0.1358	0.1309	0.1774	0.1644	0.1455	0.1501	0.1335	0.1339	0.1158	0.1201	0.1202	0.1086	0.1196	0.1156	0.1071	0.1116	0.1185	0.1077	0.1192	0.1123	0.1137	0.1086	0.1064	0.1043	0.1001	0.0992	
0.6918	0.6429	0.6100	0.5075	0.3687	0.2680	0.1955	0.1730	0.7199	0.6687	0.6190	0.5360	0.3786	0.2795	0.2254	0.1685	0.7111	0.6583	0.5881	0.4454	0.3361	0.2450	0.2009	0.1673	0.6931	0.3834	0.5111	0.3462	0.3218	0.2349	0.2072	0.1750	0.1929	0.1772	0.1589	0.1553	0.1548	0.1455	0.1377	0.1337	0.1806	0.1668	0.1475	0.1518	0.1353	0.1348	0.1190	0.1252	0.1216	0.1101	0.1215	0.1173	0.1075	0.1117	0.1189	0.1084	0.1200	0.1145	0.1138	0.1100	0.1080	0.1041	0.1020	0.0986	
0.6921	0.6457	0.6117	0.5256	0.3829	0.2768	0.1985	0.1736	0.7216	0.6693	0.6277	0.5483	0.3887	0.2875	0.2286	0.1702	0.7105	0.6644	0.6008	0.4592	0.3478	0.2492	0.2009	0.1678	0.7063	0.3905	0.5249	0.3547	0.3293	0.2378	0.2101	0.1756	0.1914	0.1740	0.1573	0.1533	0.1536	0.1428	0.1342	0.1300	0.1769	0.1630	0.1447	0.1488	0.1312	0.1293	0.1133	0.1185	0.1177	0.1054	0.1171	0.1128	0.1046	0.1086	0.1142	0.1045	0.1149	0.1084	0.1081	0.1048	0.1015	0.0988	0.0951	0.0936	
0.6992	0.6529	0.6184	0.5457	0.4028	0.2916	0.2114	0.1844	0.7319	0.6765	0.6435	0.5653	0.4110	0.3060	0.2458	0.1801	0.7189	0.6750	0.6175	0.4813	0.3699	0.2677	0.2158	0.1803	0.7261	0.4097	0.5514	0.3759	0.3516	0.2531	0.2245	0.1901	0.2007	0.1859	0.1673	0.1651	0.1624	0.1512	0.1441	0.1366	0.1864	0.1718	0.1553	0.1597	0.1393	0.1399	0.1200	0.1285	0.1243	0.1104	0.1239	0.1221	0.1115	0.1156	0.1225	0.1097	0.1223	0.1174	0.1198	0.1137	0.1098	0.1060	0.1046	0.1020	
0.6914	0.6436	0.6096	0.5524	0.4127	0.3045	0.2183	0.1901	0.7225	0.6727	0.6340	0.5766	0.4216	0.3149	0.2527	0.1860	0.7148	0.6751	0.6312	0.4935	0.3824	0.2749	0.2234	0.1867	0.7290	0.4185	0.5622	0.3885	0.3614	0.2615	0.2331	0.1961	0.2045	0.1867	0.1686	0.1670	0.1652	0.1541	0.1446	0.1390	0.1909	0.1767	0.1569	0.1646	0.1442	0.1428	0.1246	0.1303	0.1241	0.1116	0.1250	0.1220	0.1113	0.1150	0.1207	0.1114	0.1222	0.1152	0.1186	0.1122	0.1087	0.1066	0.1044	0.1017	
0.6972	0.6462	0.6122	0.5698	0.4279	0.3167	0.2251	0.1947	0.7313	0.6810	0.6416	0.5946	0.4354	0.3267	0.2612	0.1882	0.7223	0.6817	0.6460	0.5158	0.3991	0.2875	0.2303	0.1921	0.7397	0.4325	0.5835	0.3977	0.3765	0.2704	0.2351	0.1983	0.2047	0.1867	0.1695	0.1682	0.1661	0.1543	0.1455	0.1387	0.1883	0.1755	0.1547	0.1645	0.1411	0.1389	0.1201	0.1270	0.1235	0.1098	0.1240	0.1212	0.1115	0.1150	0.1203	0.1090	0.1204	0.1144	0.1166	0.1129	0.1083	0.1025	0.1025	0.1000	
0.6941	0.6438	0.6120	0.5825	0.4456	0.3301	0.2351	0.2036	0.7328	0.6741	0.6385	0.6051	0.4516	0.3431	0.2721	0.1990	0.7189	0.6803	0.6493	0.5285	0.4112	0.3007	0.2409	0.1972	0.7414	0.4486	0.5972	0.4142	0.3909	0.2820	0.2486	0.2076	0.2106	0.1907	0.1754	0.1726	0.1726	0.1575	0.1502	0.1426	0.1949	0.1790	0.1624	0.1706	0.1443	0.1442	0.1261	0.1322	0.1250	0.1114	0.1270	0.1254	0.1137	0.1169	0.1255	0.1110	0.1210	0.1171	0.1203	0.1149	0.1099	0.1046	0.1036	0.1019	
0.7013	0.6515	0.6135	0.5941	0.4628	0.3418	0.2430	0.2055	0.7304	0.6744	0.6352	0.6100	0.4591	0.3492	0.2797	0.2030	0.7220	0.6799	0.6538	0.5453	0.4286	0.3090	0.2460	0.2009	0.7437	0.4572	0.6170	0.4258	0.4025	0.2893	0.2517	0.2106	0.2109	0.1934	0.1763	0.1738	0.1719	0.1582	0.1497	0.1423	0.1905	0.1767	0.1598	0.1662	0.1405	0.1394	0.1198	0.1291	0.1221	0.1094	0.1247	0.1229	0.1105	0.1140	0.1217	0.1095	0.1204	0.1140	0.1186	0.1121	0.1079	0.1030	0.0997	0.0990	
0.7083	0.6554	0.6195	0.6042	0.4811	0.3576	0.2561	0.2195	0.7373	0.6808	0.6439	0.6261	0.4789	0.3647	0.2937	0.2129	0.7266	0.6835	0.6596	0.5602	0.4447	0.3257	0.2603	0.2109	0.7455	0.4786	0.6314	0.4416	0.4154	0.3033	0.2655	0.2216	0.2172	0.2001	0.1821	0.1815	0.1782	0.1637	0.1553	0.1471	0.1999	0.1808	0.1660	0.1756	0.1491	0.1485	0.1231	0.1333	0.1273	0.1131	0.1310	0.1286	0.1146	0.1181	0.1282	0.1134	0.1234	0.1165	0.1232	0.1176	0.1130	0.1069	0.1035	0.1034	
0.6993	0.6471	0.6109	0.6008	0.4824	0.3646	0.2607	0.2204	0.7330	0.6740	0.6339	0.6235	0.4794	0.3688	0.2938	0.2129	0.7196	0.6774	0.6491	0.5648	0.4496	0.3306	0.2586	0.2098	0.7402	0.4840	0.6383	0.4485	0.4215	0.3029	0.2652	0.2213	0.2137	0.1944	0.1787	0.1800	0.1749	0.1593	0.1496	0.1407	0.1918	0.1772	0.1613	0.1701	0.1442	0.1405	0.1169	0.1262	0.1206	0.1066	0.1246	0.1205	0.1092	0.1112	0.1193	0.1056	0.1157	0.1106	0.1172	0.1085	0.1041	0.0972	0.0951	0.0933	
0.7162	0.6580	0.6245	0.6134	0.5131	0.3884	0.2775	0.2384	0.7450	0.6867	0.6467	0.6371	0.5023	0.3947	0.3172	0.2315	0.7333	0.6885	0.6614	0.5924	0.4770	0.3532	0.2797	0.2313	0.7523	0.5095	0.6636	0.4764	0.4468	0.3248	0.2859	0.2414	0.2258	0.2085	0.1924	0.1927	0.1862	0.1727	0.1617	0.1526	0.2072	0.1913	0.1745	0.1864	0.1547	0.1527	0.1267	0.1373	0.1281	0.1154	0.1338	0.1316	0.1172	0.1201	0.1306	0.1143	0.1273	0.1198	0.1265	0.1192	0.1139	0.1093	0.1065	0.1022	
0.7118	0.6563	0.6200	0.6082	0.5203	0.3969	0.2841	0.2384	0.7411	0.6797	0.6399	0.6292	0.5083	0.4012	0.3217	0.2337	0.7291	0.6836	0.6532	0.5963	0.4832	0.3595	0.2830	0.2316	0.7487	0.5199	0.6687	0.4853	0.4559	0.3312	0.2910	0.2445	0.2252	0.2060	0.1936	0.1939	0.1875	0.1716	0.1602	0.1526	0.2023	0.1893	0.1739	0.1875	0.1536	0.1509	0.1263	0.1361	0.1281	0.1134	0.1342	0.1303	0.1157	0.1175	0.1272	0.1124	0.1220	0.1159	0.1229	0.1169	0.1125	0.1034	0.1037	0.1016	
0.7230	0.6649	0.6266	0.6163	0.5450	0.4170	0.3029	0.2548	0.7546	0.6915	0.6502	0.6418	0.5273	0.4208	0.3394	0.2469	0.7393	0.6976	0.6667	0.6240	0.5085	0.3797	0.3037	0.2480	0.7557	0.5443	0.6876	0.5052	0.4763	0.3499	0.3075	0.2605	0.2351	0.2136	0.2011	0.2034	0.1970	0.1789	0.1671	0.1595	0.2107	0.1975	0.1805	0.1927	0.1591	0.1564	0.1312	0.1397	0.1285	0.1158	0.1391	0.1378	0.1196	0.1225	0.1325	0.1155	0.1258	0.1219	0.1292	0.1230	0.1162	0.1084	0.1073	0.1040	
0.7161	0.6589	0.6202	0.6060	0.5477	0.4247	0.3066	0.2580	0.7496	0.6859	0.6483	0.6345	0.5330	0.4270	0.3459	0.2518	0.7335	0.6889	0.6621	0.6249	0.5168	0.3869	0.3070	0.2508	0.7561	0.5523	0.6876	0.5160	0.4834	0.3582	0.3133	0.2641	0.2344	0.2154	0.2037	0.2063	0.1988	0.1797	0.1700	0.1605	0.2140	0.1971	0.1840	0.1999	0.1639	0.1611	0.1305	0.1426	0.1311	0.1175	0.1410	0.1379	0.1222	0.1235	0.1337	0.1171	0.1266	0.1217	0.1321	0.1235	0.1173	0.1106	0.1073	0.1059	
0.7206	0.6619	0.6229	0.6085	0.5613	0.4401	0.3203	0.2705	0.7538	0.6890	0.6498	0.6371	0.5436	0.4401	0.3588	0.2610	0.7377	0.6903	0.6629	0.6372	0.5304	0.4018	0.3169	0.2611	0.7560	0.5684	0.6911	0.5312	0.4959	0.3686	0.3233	0.2781	0.2390	0.2193	0.2101	0.2127	0.2028	0.1831	0.1706	0.1627	0.2141	0.1973	0.1850	0.2017	0.1641	0.1594	0.1322	0.1412	0.1301	0.1146	0.1422	0.1390	0.1212	0.1231	0.1341	0.1173	0.1246	0.1194	0.1301	0.1217	0.1157	0.1064	0.1058	0.1028	
0.7169	0.6555	0.6183	0.6055	0.5662	0.4496	0.3286	0.2788	0.7539	0.6880	0.6437	0.6335	0.5494	0.4484	0.3687	0.2715	0.7372	0.6858	0.6612	0.6359	0.5388	0.4115	0.3226	0.2683	0.7557	0.5845	0.6874	0.5453	0.5065	0.3787	0.3318	0.2828	0.2426	0.2227	0.2129	0.2171	0.2082	0.1873	0.1751	0.1662	0.2169	0.2006	0.1925	0.2110	0.1697	0.1641	0.1312	0.1473	0.1305	0.1165	0.1446	0.1423	0.1240	0.1244	0.1363	0.1169	0.1264	0.1213	0.1335	0.1253	0.1172	0.1098	0.1063	0.1058	
0.7295	0.6686	0.6285	0.6136	0.5835	0.4668	0.3457	0.2908	0.7572	0.6901	0.6510	0.6404	0.5624	0.4620	0.3800	0.2809	0.7426	0.6940	0.6668	0.6424	0.5540	0.4297	0.3394	0.2818	0.7602	0.6032	0.6930	0.5614	0.5186	0.3936	0.3407	0.2943	0.2465	0.2276	0.2181	0.2242	0.2143	0.1917	0.1758	0.1665	0.2183	0.2056	0.1959	0.2152	0.1734	0.1623	0.1330	0.1460	0.1301	0.1163	0.1456	0.1433	0.1237	0.1235	0.1357	0.1162	0.1234	0.1191	0.1309	0.1243	0.1168	0.1067	0.1043	0.1023	
0.7359	0.6731	0.6295	0.6180	0.5940	0.4828	0.3615	0.3031	0.7645	0.6958	0.6528	0.6413	0.5783	0.4741	0.3963	0.2975	0.7479	0.6985	0.6666	0.6464	0.5701	0.4471	0.3504	0.2947	0.7643	0.6227	0.6959	0.5763	0.5337	0.4089	0.3572	0.3095	0.2516	0.2303	0.2269	0.2315	0.2197	0.1972	0.1812	0.1725	0.2254	0.2102	0.2030	0.2244	0.1784	0.1695	0.1357	0.1519	0.1341	0.1209	0.1509	0.1506	0.1275	0.1290	0.1399	0.1206	0.1289	0.1245	0.1376	0.1309	0.1198	0.1113	0.1091	0.1056	
0.7372	0.6716	0.6251	0.6168	0.5926	0.4934	0.3665	0.3083	0.7638	0.6956	0.6474	0.6361	0.5759	0.4793	0.4020	0.3008	0.7504	0.6948	0.6638	0.6429	0.5782	0.4543	0.3547	0.2987	0.7647	0.6363	0.6978	0.5857	0.5435	0.4190	0.3611	0.3148	0.2524	0.2330	0.2291	0.2346	0.2225	0.1960	0.1814	0.1696	0.2227	0.2063	0.2025	0.2246	0.1764	0.1670	0.1310	0.1459	0.1286	0.1136	0.1488	0.1456	0.1228	0.1243	0.1358	0.1148	0.1245	0.1172	0.1329	0.1250	0.1143	0.1051	0.1020	0.0987	
0.7413	0.6763	0.6343	0.6193	0.5979	0.5113	0.3823	0.3253	0.7687	0.6998	0.6536	0.6427	0.5899	0.4970	0.4176	0.3207	0.7511	0.6998	0.6698	0.6460	0.5929	0.4705	0.3727	0.3138	0.7706	0.6552	0.6994	0.6035	0.5598	0.4332	0.3792	0.3301	0.2632	0.2437	0.2436	0.2526	0.2355	0.2084	0.1925	0.1796	0.2333	0.2197	0.2156	0.2421	0.1877	0.1798	0.1397	0.1559	0.1355	0.1211	0.1563	0.1560	0.1312	0.1316	0.1433	0.1212	0.1320	0.1263	0.1442	0.1350	0.1236	0.1145	0.1110	0.1062	
0.7347	0.6690	0.6212	0.6078	0.5936	0.5120	0.3871	0.3265	0.7657	0.6948	0.6469	0.6330	0.5869	0.4951	0.4206	0.3170	0.7461	0.6949	0.6619	0.6420	0.5911	0.4730	0.3741	0.3157	0.7587	0.6567	0.6927	0.6083	0.5624	0.4384	0.3780	0.3314	0.2580	0.2388	0.2385	0.2503	0.2327	0.2049	0.1857	0.1763	0.2237	0.2116	0.2085	0.2352	0.1791	0.1685	0.1291	0.1500	0.1278	0.1122	0.1512	0.1502	0.1255	0.1260	0.1379	0.1142	0.1220	0.1166	0.1341	0.1265	0.1152	0.1039	0.0998	0.0974	
0.7459	0.6774	0.6291	0.6157	0.5987	0.5325	0.4043	0.3428	0.7770	0.7048	0.6582	0.6436	0.6046	0.5128	0.4391	0.3358	0.7570	0.7024	0.6695	0.6470	0.6065	0.4952	0.3909	0.3311	0.7717	0.6700	0.7027	0.6295	0.5773	0.4580	0.3958	0.3522	0.2706	0.2528	0.2559	0.2681	0.2472	0.2181	0.1989	0.1855	0.2358	0.2228	0.2228	0.2528	0.1956	0.1813	0.1404	0.1567	0.1368	0.1205	0.1627	0.1618	0.1336	0.1341	0.1464	0.1231	0.1305	0.1272	0.1475	0.1382	0.1255	0.1133	0.1107	0.1063	
0.7411	0.6711	0.6234	0.6113	0.5933	0.5344	0.4066	0.3496	0.7688	0.6966	0.6473	0.6341	0.5968	0.5140	0.4382	0.3416	0.7491	0.6925	0.6613	0.6397	0.6024	0.4963	0.3951	0.3371	0.7637	0.6649	0.6899	0.6317	0.5756	0.4616	0.3984	0.3537	0.2690	0.2503	0.2562	0.2690	0.2476	0.2157	0.1984	0.1863	0.2367	0.2214	0.2243	0.2575	0.1961	0.1842	0.1399	0.1585	0.1332	0.1201	0.1607	0.1619	0.1338	0.1330	0.1453	0.1193	0.1292	0.1232	0.1453	0.1352	0.1241	0.1120	0.1091	0.1063	
