0.0947	0.0953	0.1006	0.1016	0.1020	0.1068	0.1108	0.1119	0.0949	0.0969	0.1015	0.1024	0.1058	0.1122	0.1104	0.1138	0.0949	0.0965	0.1029	0.1152	0.1059	0.1148	0.1133	0.1181	0.0943	0.0945	0.1011	0.1002	0.1042	0.1169	0.1082	0.1152	0.0952	0.0960	0.0986	0.1013	0.1029	0.1248	0.1066	0.1280	0.0957	0.0961	0.1020	0.1064	0.1021	0.1177	0.1067	0.1189	0.0939	0.0975	0.0984	0.1089	0.1033	0.1153	0.1084	0.1177	0.0962	0.0966	0.0998	0.1118	0.1042	0.1109	0.1083	0.1148	
0.0932	0.0936	0.0972	0.0987	0.1022	0.1064	0.1101	0.1054	0.0944	0.0943	0.0983	0.0986	0.1019	0.1077	0.1134	0.1099	0.0940	0.0947	0.0987	0.0981	0.1022	0.1083	0.1109	0.1058	0.0923	0.0927	0.0976	0.0970	0.1024	0.1111	0.1097	0.1064	0.0938	0.0933	0.0970	0.0984	0.1021	0.1095	0.1081	0.1087	0.0934	0.0937	0.0979	0.0978	0.1012	0.1075	0.1074	0.1056	0.0943	0.0939	0.0968	0.0981	0.1020	0.1058	0.1091	0.1084	0.0947	0.0935	0.0973	0.0964	0.1026	0.1021	0.1091	0.1071	
0.0947	0.0943	0.0989	0.0980	0.1010	0.1038	0.1046	0.1051	0.0941	0.0945	0.0975	0.0988	0.1029	0.1028	0.1055	0.1055	0.0941	0.0945	0.0977	0.0984	0.1020	0.1030	0.1073	0.1055	0.0924	0.0940	0.0969	0.0971	0.1021	0.1035	0.1050	0.1048	0.0939	0.0939	0.0964	0.0974	0.1022	0.1027	0.1057	0.1048	0.0936	0.0940	0.0980	0.0976	0.1012	0.1024	0.1056	0.1049	0.0947	0.0946	0.0971	0.0989	0.1020	0.1031	0.1054	0.1055	0.0942	0.0951	0.0969	0.0972	0.1033	0.1011	0.1058	0.1067	
0.0935	0.0944	0.0973	0.0977	0.1011	0.1028	0.1043	0.1056	0.0941	0.0939	0.0982	0.0987	0.1016	0.1024	0.1049	0.1061	0.0936	0.0943	0.0979	0.0982	0.1027	0.1026	0.1072	0.1053	0.0928	0.0928	0.0969	0.0971	0.1015	0.1034	0.1061	0.1048	0.0941	0.0935	0.0957	0.0982	0.1015	0.1017	0.1051	0.1051	0.0939	0.0944	0.0973	0.0979	0.1015	0.1018	0.1051	0.1051	0.0944	0.0951	0.0971	0.1001	0.1012	0.1022	0.1061	0.1047	0.0952	0.0945	0.0973	0.0975	0.1028	0.1023	0.1055	0.1056	
0.0935	0.0938	0.0971	0.0984	0.0997	0.1016	0.1040	0.1046	0.0937	0.0947	0.0964	0.0978	0.1025	0.1024	0.1051	0.1052	0.0941	0.0940	0.0976	0.0975	0.1015	0.1025	0.1073	0.1046	0.0927	0.0933	0.0957	0.0972	0.1011	0.1036	0.1051	0.1048	0.0940	0.0937	0.0962	0.0976	0.1017	0.1020	0.1056	0.1046	0.0942	0.0940	0.0992	0.0979	0.1014	0.1009	0.1051	0.1051	0.0944	0.0956	0.0962	0.0974	0.1014	0.1026	0.1054	0.1052	0.0941	0.0943	0.0968	0.0979	0.1029	0.1024	0.1047	0.1054	
0.0933	0.0928	0.0962	0.0973	0.1011	0.1029	0.1030	0.1041	0.0939	0.0938	0.0968	0.0984	0.1018	0.1021	0.1038	0.1056	0.0938	0.0942	0.0982	0.0976	0.1007	0.1023	0.1058	0.1037	0.0928	0.0919	0.0956	0.0959	0.1020	0.1031	0.1051	0.1042	0.0937	0.0940	0.0957	0.0974	0.1008	0.1010	0.1040	0.1045	0.0940	0.0931	0.0974	0.0970	0.1005	0.1019	0.1047	0.1044	0.0939	0.0946	0.0964	0.0974	0.1007	0.1014	0.1045	0.1038	0.0945	0.0939	0.0957	0.0962	0.1024	0.1014	0.1056	0.1048	
0.0934	0.0941	0.0976	0.0980	0.1009	0.1023	0.1038	0.1053	0.0939	0.0947	0.0985	0.0980	0.1023	0.1026	0.1040	0.1058	0.0937	0.0941	0.0970	0.0977	0.1004	0.1028	0.1062	0.1044	0.0928	0.0926	0.0962	0.0970	0.1007	0.1022	0.1042	0.1052	0.0938	0.0939	0.0964	0.0973	0.1006	0.1023	0.1055	0.1056	0.0938	0.0943	0.0969	0.0976	0.1013	0.1016	0.1047	0.1041	0.0946	0.0951	0.0961	0.1003	0.1003	0.1022	0.1048	0.1045	0.0950	0.0946	0.0965	0.0970	0.1020	0.1017	0.1046	0.1046	
0.0942	0.0943	0.0964	0.0976	0.1001	0.1025	0.1039	0.1053	0.0944	0.0948	0.0965	0.0983	0.1016	0.1027	0.1049	0.1060	0.0938	0.0951	0.0971	0.0984	0.1008	0.1024	0.1072	0.1041	0.0929	0.0937	0.0965	0.0975	0.1018	0.1028	0.1042	0.1046	0.0944	0.0938	0.0968	0.0982	0.1010	0.1021	0.1044	0.1052	0.0944	0.0941	0.0970	0.0968	0.1018	0.1015	0.1043	0.1039	0.0959	0.0952	0.0973	0.1012	0.1022	0.1023	0.1049	0.1048	0.0944	0.0946	0.0970	0.0974	0.1017	0.1018	0.1046	0.1058	
0.0947	0.0947	0.0970	0.0987	0.1004	0.1026	0.1043	0.1047	0.0946	0.0949	0.0975	0.0980	0.1023	0.1025	0.1050	0.1063	0.0952	0.0951	0.0978	0.0988	0.1012	0.1024	0.1063	0.1044	0.0936	0.0939	0.0967	0.0975	0.1017	0.1033	0.1052	0.1049	0.0948	0.0949	0.0964	0.1050	0.1017	0.1012	0.1048	0.1049	0.0948	0.0947	0.0974	0.0979	0.1016	0.1019	0.1048	0.1049	0.0957	0.0958	0.0973	0.0971	0.1022	0.1024	0.1047	0.1047	0.0952	0.0949	0.0974	0.0969	0.1019	0.1017	0.1057	0.1060	
0.0936	0.0940	0.0967	0.0971	0.0992	0.1016	0.1038	0.1041	0.0944	0.0938	0.0967	0.0972	0.1010	0.1018	0.1033	0.1053	0.0939	0.0945	0.0967	0.0969	0.1003	0.1011	0.1064	0.1043	0.0926	0.0932	0.0955	0.0961	0.1008	0.1016	0.1037	0.1034	0.0945	0.0935	0.0966	0.0972	0.1001	0.1015	0.1039	0.1043	0.0941	0.0940	0.0962	0.0971	0.1005	0.1007	0.1048	0.1028	0.0954	0.0949	0.0970	0.0967	0.1000	0.1016	0.1043	0.1030	0.0944	0.0936	0.0964	0.0964	0.1012	0.1024	0.1046	0.1045	
0.0943	0.0945	0.0968	0.0972	0.1004	0.1022	0.1034	0.1039	0.0947	0.0951	0.0978	0.0982	0.1010	0.1021	0.1047	0.1051	0.0943	0.0951	0.0982	0.0980	0.1005	0.1015	0.1056	0.1044	0.0934	0.0932	0.0973	0.0976	0.1015	0.1023	0.1048	0.1046	0.0949	0.0944	0.0966	0.0971	0.1012	0.1007	0.1047	0.1040	0.0949	0.0945	0.0982	0.0974	0.1007	0.1012	0.1037	0.1043	0.0952	0.0955	0.0966	0.0971	0.1011	0.1015	0.1043	0.1034	0.0951	0.0946	0.0968	0.0978	0.1022	0.1015	0.1046	0.1047	
0.0946	0.0947	0.0962	0.0974	0.1004	0.1019	0.1034	0.1039	0.0947	0.0953	0.0972	0.0986	0.1016	0.1027	0.1046	0.1059	0.0947	0.0949	0.0973	0.0980	0.1017	0.1026	0.1063	0.1041	0.0934	0.0941	0.0965	0.0968	0.1017	0.1030	0.1045	0.1044	0.0950	0.0949	0.0962	0.0980	0.1008	0.1016	0.1047	0.1052	0.0950	0.0949	0.0972	0.0976	0.1009	0.1008	0.1038	0.1039	0.0959	0.0955	0.0970	0.0976	0.1016	0.1007	0.1047	0.1048	0.0955	0.0951	0.0969	0.0967	0.1022	0.1011	0.1046	0.1055	
0.0953	0.0952	0.0981	0.0978	0.1000	0.1024	0.1034	0.1047	0.0955	0.0958	0.0969	0.0979	0.1006	0.1029	0.1046	0.1055	0.0951	0.0957	0.0974	0.0981	0.1015	0.1023	0.1057	0.1057	0.0944	0.0940	0.0964	0.0974	0.1013	0.1037	0.1042	0.1043	0.0947	0.0945	0.0965	0.0993	0.1021	0.1022	0.1041	0.1049	0.0957	0.0952	0.0976	0.0983	0.1020	0.1009	0.1048	0.1042	0.0951	0.0959	0.0967	0.0980	0.1007	0.1022	0.1049	0.1042	0.0949	0.0946	0.0980	0.0972	0.1019	0.1027	0.1049	0.1055	
0.0951	0.0947	0.0974	0.0976	0.1003	0.1016	0.1037	0.1044	0.0960	0.0950	0.0970	0.0978	0.1009	0.1023	0.1036	0.1057	0.0955	0.0959	0.0975	0.0970	0.1010	0.1022	0.1060	0.1040	0.0940	0.0935	0.0963	0.0968	0.1016	0.1034	0.1038	0.1043	0.0952	0.0951	0.1016	0.0975	0.1000	0.1010	0.1047	0.1046	0.0953	0.0950	0.1051	0.0977	0.1002	0.1012	0.1045	0.1043	0.0960	0.0958	0.1007	0.0973	0.1019	0.1023	0.1049	0.1048	0.0955	0.0951	0.0973	0.0974	0.1020	0.1014	0.1048	0.1060	
0.0953	0.0955	0.0961	0.0982	0.1003	0.1016	0.1031	0.1051	0.0957	0.0952	0.0973	0.0982	0.1012	0.1023	0.1037	0.1057	0.0952	0.0961	0.0978	0.0982	0.1011	0.1030	0.1057	0.1033	0.0941	0.0937	0.0965	0.0970	0.1019	0.1031	0.1047	0.1050	0.0961	0.0947	0.0972	0.0975	0.1018	0.1018	0.1047	0.1047	0.0960	0.0954	0.0988	0.0969	0.1014	0.1008	0.1048	0.1044	0.0965	0.0968	0.0971	0.0967	0.1016	0.1016	0.1040	0.1035	0.0958	0.0953	0.0978	0.0970	0.1018	0.1017	0.1045	0.1047	
0.0970	0.0960	0.0971	0.0982	0.1003	0.1037	0.1038	0.1049	0.0971	0.0961	0.0981	0.0980	0.1014	0.1022	0.1044	0.1054	0.0969	0.0965	0.0982	0.0982	0.1023	0.1029	0.1066	0.1054	0.0960	0.0947	0.0978	0.0982	0.1004	0.1029	0.1042	0.1064	0.0964	0.0954	0.0973	0.0987	0.1011	0.1021	0.1055	0.1055	0.0973	0.0958	0.0997	0.0985	0.1020	0.1024	0.1052	0.1046	0.0973	0.0964	0.0974	0.0982	0.1020	0.1026	0.1045	0.1054	0.0969	0.0963	0.0980	0.0978	0.1032	0.1017	0.1045	0.1054	
0.0969	0.0966	0.0987	0.0988	0.1006	0.1027	0.1036	0.1056	0.0974	0.0968	0.0972	0.0980	0.1027	0.1018	0.1040	0.1054	0.0966	0.0972	0.0977	0.0979	0.0999	0.1023	0.1054	0.1042	0.0955	0.0946	0.0967	0.0977	0.1008	0.1029	0.1045	0.1048	0.0968	0.0959	0.0974	0.0975	0.1004	0.1020	0.1059	0.1052	0.0971	0.0964	0.0988	0.0986	0.1011	0.1011	0.1050	0.1046	0.0980	0.0964	0.0974	0.0981	0.1015	0.1017	0.1052	0.1047	0.0972	0.0958	0.0975	0.0977	0.1022	0.1019	0.1043	0.1056	
0.0976	0.0968	0.0983	0.0988	0.1007	0.1026	0.1035	0.1055	0.0974	0.0965	0.0977	0.0987	0.1012	0.1045	0.1041	0.1059	0.0975	0.0973	0.0988	0.0981	0.1008	0.1029	0.1058	0.1052	0.0959	0.0951	0.0966	0.0973	0.1014	0.1023	0.1029	0.1053	0.0974	0.0964	0.0972	0.0986	0.1017	0.1019	0.1059	0.1061	0.0976	0.0961	0.0980	0.0973	0.1016	0.1007	0.1065	0.1049	0.0968	0.0971	0.0976	0.0982	0.1019	0.1024	0.1044	0.1053	0.0972	0.0960	0.0982	0.0974	0.1028	0.1022	0.1047	0.1055	
0.0978	0.0963	0.1005	0.0990	0.1003	0.1015	0.1026	0.1040	0.0978	0.0967	0.0970	0.0971	0.1015	0.1012	0.1037	0.1049	0.0975	0.0967	0.0984	0.0980	0.1008	0.1027	0.1053	0.1046	0.0964	0.0959	0.0972	0.0968	0.1010	0.1024	0.1045	0.1040	0.0972	0.0959	0.0967	0.0974	0.1017	0.1014	0.1045	0.1043	0.0982	0.0966	0.0978	0.0977	0.1006	0.1003	0.1040	0.1047	0.0971	0.0973	0.0978	0.0981	0.1013	0.1018	0.1041	0.1039	0.0967	0.0962	0.0975	0.0968	0.1010	0.1015	0.1047	0.1049	
0.0987	0.0977	0.0988	0.0993	0.1007	0.1024	0.1033	0.1049	0.0985	0.0980	0.0964	0.0980	0.1022	0.1016	0.1044	0.1061	0.0986	0.0973	0.0987	0.0980	0.1021	0.1033	0.1062	0.1044	0.0972	0.0964	0.0975	0.0977	0.1013	0.1031	0.1045	0.1048	0.0987	0.0967	0.0978	0.0982	0.1010	0.1020	0.1053	0.1049	0.0982	0.0965	0.0984	0.0980	0.1016	0.1023	0.1040	0.1046	0.0975	0.0974	0.0986	0.0982	0.1017	0.1025	0.1046	0.1042	0.0967	0.0964	0.0978	0.0984	0.1020	0.1016	0.1044	0.1050	
0.0989	0.0981	0.0986	0.0985	0.0999	0.1023	0.1025	0.1043	0.0992	0.0981	0.0973	0.0984	0.1011	0.1024	0.1045	0.1058	0.0994	0.1002	0.0985	0.0984	0.1024	0.1017	0.1055	0.1044	0.0974	0.1020	0.0979	0.0973	0.1003	0.1028	0.1049	0.1045	0.0995	0.1042	0.0986	0.0983	0.1013	0.1035	0.1050	0.1060	0.0985	0.1049	0.0997	0.0988	0.1017	0.1004	0.1035	0.1051	0.0998	0.1052	0.0970	0.1005	0.1023	0.1019	0.1043	0.1042	0.0985	0.1036	0.0980	0.0978	0.1023	0.1025	0.1050	0.1052	
0.0995	0.0979	0.1002	0.0992	0.0998	0.1020	0.1021	0.1051	0.0999	0.0981	0.0974	0.0982	0.1016	0.1024	0.1037	0.1053	0.0996	0.0982	0.0989	0.0982	0.1004	0.1019	0.1060	0.1038	0.0983	0.0967	0.0974	0.0979	0.1021	0.1018	0.1038	0.1045	0.0986	0.0972	0.0971	0.0979	0.1015	0.1007	0.1045	0.1052	0.0988	0.0974	0.0997	0.0978	0.1009	0.1014	0.1037	0.1044	0.0989	0.0981	0.0977	0.0990	0.1018	0.1023	0.1043	0.1040	0.0975	0.0970	0.0983	0.0976	0.1016	0.1014	0.1043	0.1055	
0.1005	0.0987	0.1004	0.0993	0.1009	0.1020	0.1034	0.1046	0.1009	0.0991	0.0980	0.0982	0.1026	0.1030	0.1047	0.1057	0.1010	0.0995	0.0995	0.0984	0.1018	0.1023	0.1060	0.1056	0.0996	0.0975	0.0980	0.0977	0.1018	0.1039	0.1045	0.1049	0.1011	0.0990	0.0973	0.0979	0.1010	0.1033	0.1059	0.1049	0.1006	0.0993	0.0990	0.0983	0.1018	0.1010	0.1045	0.1053	0.1002	0.0987	0.0976	0.0997	0.1029	0.1021	0.1045	0.1052	0.0983	0.0979	0.0981	0.0974	0.1031	0.1029	0.1042	0.1065	
0.1025	0.0994	0.1006	0.0997	0.1012	0.1015	0.1030	0.1050	0.1020	0.0999	0.0989	0.0993	0.1012	0.1019	0.1022	0.1056	0.1021	0.0998	0.0997	0.0991	0.1015	0.1025	0.1064	0.1044	0.1013	0.0981	0.1001	0.0984	0.1017	0.1038	0.1046	0.1050	0.1017	0.0994	0.0992	0.0991	0.1020	0.1023	0.1052	0.1044	0.1003	0.0995	0.0994	0.0988	0.1012	0.1021	0.1047	0.1039	0.1003	0.1005	0.0988	0.0998	0.1022	0.1031	0.1044	0.1044	0.0990	0.0984	0.0989	0.0984	0.1032	0.1027	0.1042	0.1054	
0.1023	0.1002	0.1006	0.0998	0.1006	0.1025	0.1023	0.1052	0.1022	0.0998	0.0988	0.0984	0.1017	0.1015	0.1048	0.1057	0.1029	0.1011	0.0999	0.0983	0.1015	0.1028	0.1051	0.1029	0.1010	0.0986	0.0984	0.0977	0.1013	0.1016	0.1043	0.1047	0.1017	0.1002	0.0995	0.1054	0.1013	0.1019	0.1039	0.1046	0.1018	0.0999	0.0994	0.0985	0.1016	0.1002	0.1043	0.1035	0.1003	0.1003	0.0981	0.0988	0.1020	0.1018	0.1048	0.1042	0.0982	0.0984	0.0991	0.0971	0.1029	0.1017	0.1038	0.1049	
0.1042	0.1017	0.1008	0.1006	0.1011	0.1021	0.1034	0.1056	0.1040	0.1010	0.0984	0.0992	0.1018	0.1021	0.1036	0.1059	0.1041	0.1029	0.0999	0.0987	0.1019	0.1033	0.1045	0.1059	0.1021	0.0996	0.0994	0.0979	0.1013	0.1027	0.1050	0.1056	0.1029	0.1007	0.0996	0.1007	0.1013	0.1020	0.1043	0.1052	0.1024	0.1003	0.1002	0.0993	0.1018	0.1008	0.1046	0.1051	0.1008	0.1013	0.0987	0.0992	0.1023	0.1023	0.1054	0.1052	0.0991	0.0993	0.0994	0.0984	0.1024	0.1021	0.1043	0.1057	
0.1057	0.1015	0.1012	0.0997	0.1006	0.1004	0.1018	0.1044	0.1053	0.1021	0.0981	0.0984	0.1013	0.1012	0.1034	0.1051	0.1053	0.1017	0.1000	0.0984	0.1015	0.1015	0.1045	0.1046	0.1033	0.0999	0.0988	0.0977	0.1017	0.1022	0.1042	0.1043	0.1039	0.1004	0.0994	0.0989	0.1017	0.1019	0.1046	0.1050	0.1023	0.1010	0.0992	0.0985	0.1013	0.1008	0.1043	0.1045	0.1002	0.1014	0.0987	0.0981	0.1027	0.1014	0.1043	0.1037	0.0993	0.0988	0.0986	0.0985	0.1027	0.1007	0.1040	0.1046	
0.1078	0.1026	0.1029	0.1015	0.1022	0.1024	0.1043	0.1064	0.1074	0.1016	0.0992	0.0992	0.1026	0.1014	0.1049	0.1072	0.1071	0.1032	0.1013	0.0997	0.1011	0.1030	0.1066	0.1052	0.1063	0.1019	0.1004	0.0997	0.1015	0.1026	0.1049	0.1064	0.1064	0.1024	0.1006	0.1001	0.1025	0.1047	0.1057	0.1067	0.1046	0.1032	0.1012	0.0999	0.1030	0.1018	0.1052	0.1055	0.1025	0.1028	0.1007	0.0997	0.1029	0.1031	0.1059	0.1061	0.1006	0.1001	0.0999	0.0991	0.1037	0.1037	0.1055	0.1056	
0.1079	0.1040	0.1029	0.1008	0.1013	0.1015	0.1019	0.1044	0.1086	0.1040	0.0993	0.0992	0.1021	0.1022	0.1047	0.1057	0.1095	0.1046	0.1001	0.0997	0.1016	0.1033	0.1058	0.1041	0.1065	0.1025	0.0999	0.0987	0.1020	0.1027	0.1039	0.1051	0.1070	0.1033	0.1009	0.0991	0.1024	0.1017	0.1060	0.1047	0.1057	0.1037	0.1014	0.0991	0.1017	0.1002	0.1058	0.1055	0.1017	0.1032	0.1001	0.0991	0.1019	0.1018	0.1050	0.1054	0.0997	0.1001	0.0998	0.0992	0.1022	0.1024	0.1046	0.1058	
0.1113	0.1052	0.1032	0.1019	0.1016	0.1023	0.1019	0.1049	0.1108	0.1053	0.1003	0.0990	0.1021	0.1019	0.1046	0.1059	0.1112	0.1053	0.1019	0.0997	0.1021	0.1015	0.1063	0.1046	0.1094	0.1043	0.1001	0.0985	0.1017	0.1030	0.1041	0.1049	0.1093	0.1050	0.1007	0.0989	0.1030	0.1022	0.1046	0.1063	0.1066	0.1050	0.1015	0.0996	0.1027	0.1006	0.1036	0.1045	0.1034	0.1045	0.1010	0.0996	0.1036	0.1026	0.1049	0.1049	0.1005	0.1021	0.1006	0.0991	0.1044	0.1022	0.1050	0.1057	
0.1117	0.1063	0.1033	0.1001	0.1005	0.1014	0.1022	0.1043	0.1127	0.1056	0.0999	0.0991	0.1021	0.1010	0.1027	0.1041	0.1116	0.1065	0.1008	0.0999	0.1012	0.1015	0.1050	0.1031	0.1099	0.1043	0.1001	0.0970	0.1021	0.1016	0.1045	0.1042	0.1103	0.1063	0.1015	0.0999	0.1013	0.1016	0.1043	0.1043	0.1079	0.1060	0.1006	0.0988	0.1013	0.1004	0.1040	0.1037	0.1013	0.1051	0.1008	0.0995	0.1021	0.1018	0.1040	0.1047	0.0989	0.1011	0.1001	0.0988	0.1026	0.1018	0.1045	0.1040	
0.1162	0.1089	0.1040	0.1013	0.1007	0.1015	0.1020	0.1050	0.1148	0.1075	0.1001	0.0997	0.1019	0.1008	0.1041	0.1066	0.1155	0.1082	0.1019	0.1003	0.1015	0.1024	0.1051	0.1042	0.1121	0.1065	0.1013	0.0988	0.1022	0.1021	0.1047	0.1059	0.1120	0.1076	0.1012	0.0995	0.1039	0.1016	0.1045	0.1057	0.1089	0.1068	0.1021	0.0999	0.1025	0.1013	0.1043	0.1053	0.1034	0.1063	0.1013	0.0996	0.1020	0.1019	0.1048	0.1052	0.1000	0.1021	0.1011	0.0983	0.1027	0.1027	0.1052	0.1043	
0.1179	0.1106	0.1045	0.1028	0.1004	0.1013	0.1028	0.1046	0.1176	0.1098	0.1009	0.1002	0.1026	0.1014	0.1032	0.1054	0.1178	0.1110	0.1025	0.0996	0.1024	0.1029	0.1056	0.1040	0.1154	0.1091	0.1021	0.0990	0.1017	0.1012	0.1041	0.1052	0.1152	0.1095	0.1023	0.1014	0.1024	0.1019	0.1046	0.1045	0.1106	0.1089	0.1028	0.1006	0.1038	0.1020	0.1049	0.1052	0.1041	0.1081	0.1026	0.0999	0.1028	0.1026	0.1046	0.1040	0.1000	0.1041	0.1016	0.0994	0.1036	0.1026	0.1048	0.1057	
0.1240	0.1126	0.1064	0.1031	0.0999	0.1017	0.1026	0.1055	0.1204	0.1123	0.1024	0.1007	0.1029	0.1018	0.1044	0.1051	0.1212	0.1123	0.1033	0.1003	0.1016	0.1028	0.1055	0.1036	0.1182	0.1112	0.1022	0.0993	0.1026	0.1028	0.1044	0.1048	0.1178	0.1123	0.1033	0.1006	0.1036	0.1030	0.1045	0.1047	0.1131	0.1109	0.1032	0.1001	0.1026	0.1021	0.1047	0.1052	0.1044	0.1102	0.1033	0.0996	0.1035	0.1025	0.1049	0.1057	0.1013	0.1042	0.1021	0.0999	0.1038	0.1027	0.1058	0.1053	
0.1242	0.1142	0.1063	0.1025	0.1007	0.1010	0.1018	0.1042	0.1227	0.1134	0.1018	0.1000	0.1020	0.1013	0.1042	0.1045	0.1223	0.1136	0.1034	0.1003	0.1021	0.1027	0.1052	0.1039	0.1199	0.1122	0.1024	0.0993	0.1016	0.1028	0.1037	0.1048	0.1194	0.1135	0.1027	0.1001	0.1029	0.1026	0.1047	0.1042	0.1145	0.1122	0.1038	0.1000	0.1022	0.1010	0.1035	0.1046	0.1053	0.1114	0.1032	0.1046	0.1032	0.1008	0.1036	0.1050	0.1004	0.1036	0.1023	0.0999	0.1032	0.1018	0.1052	0.1052	
0.1299	0.1181	0.1075	0.1024	0.1007	0.1021	0.1014	0.1051	0.1278	0.1163	0.1021	0.1001	0.1029	0.1024	0.1036	0.1056	0.1279	0.1176	0.1050	0.1007	0.1025	0.1021	0.1051	0.1048	0.1237	0.1157	0.1034	0.1000	0.1022	0.1028	0.1040	0.1055	0.1246	0.1169	0.1031	0.1013	0.1023	0.1031	0.1059	0.1053	0.1176	0.1142	0.1043	0.1011	0.1039	0.1019	0.1046	0.1047	0.1060	0.1139	0.1034	0.1009	0.1041	0.1027	0.1052	0.1058	0.1015	0.1056	0.1031	0.1002	0.1046	0.1042	0.1051	0.1054	
0.1319	0.1211	0.1072	0.1025	0.1004	0.1013	0.1022	0.1046	0.1323	0.1189	0.1028	0.0998	0.1029	0.1019	0.1038	0.1065	0.1318	0.1205	0.1047	0.1009	0.1023	0.1026	0.1059	0.1046	0.1286	0.1175	0.1033	0.0998	0.1025	0.1022	0.1039	0.1061	0.1261	0.1186	0.1044	0.1010	0.1032	0.1025	0.1043	0.1062	0.1202	0.1174	0.1056	0.1008	0.1034	0.1017	0.1045	0.1041	0.1058	0.1155	0.1041	0.1010	0.1041	0.1021	0.1046	0.1049	0.1013	0.1065	0.1038	0.1004	0.1038	0.1025	0.1054	0.1060	
0.1388	0.1257	0.1095	0.1034	0.1005	0.1019	0.1023	0.1035	0.1365	0.1236	0.1042	0.1000	0.1027	0.1026	0.1025	0.1054	0.1372	0.1224	0.1068	0.1009	0.1017	0.1014	0.1044	0.1044	0.1330	0.1224	0.1058	0.0993	0.1013	0.1017	0.1035	0.1047	0.1313	0.1229	0.1061	0.1011	0.1027	0.1025	0.1041	0.1053	0.1217	0.1221	0.1078	0.1003	0.1033	0.1014	0.1042	0.1044	0.1070	0.1181	0.1083	0.1011	0.1053	0.1016	0.1050	0.1046	0.1003	0.1073	0.1045	0.1007	0.1036	0.1015	0.1043	0.1049	
0.1452	0.1288	0.1098	0.1041	0.1008	0.1010	0.1021	0.1032	0.1419	0.1248	0.1046	0.1005	0.1038	0.1017	0.1028	0.1056	0.1416	0.1269	0.1074	0.1022	0.1021	0.1024	0.1043	0.1033	0.1365	0.1237	0.1061	0.0995	0.1029	0.1032	0.1044	0.1051	0.1335	0.1251	0.1066	0.1013	0.1033	0.1035	0.1045	0.1057	0.1258	0.1239	0.1074	0.1014	0.1031	0.1022	0.1047	0.1040	0.1079	0.1209	0.1064	0.1010	0.1032	0.1017	0.1047	0.1059	0.1018	0.1085	0.1043	0.1008	0.1048	0.1025	0.1039	0.1047	
0.1516	0.1323	0.1109	0.1044	0.1006	0.1014	0.1012	0.1037	0.1472	0.1300	0.1065	0.1011	0.1021	0.1008	0.1028	0.1061	0.1479	0.1313	0.1081	0.1025	0.1024	0.1019	0.1055	0.1046	0.1427	0.1290	0.1070	0.1002	0.1025	0.1021	0.1039	0.1053	0.1383	0.1290	0.1077	0.1020	0.1024	0.1022	0.1040	0.1043	0.1284	0.1263	0.1081	0.1002	0.1032	0.1010	0.1037	0.1044	0.1085	0.1231	0.1076	0.1001	0.1036	0.1017	0.1046	0.1050	0.1021	0.1094	0.1063	0.1009	0.1032	0.1020	0.1044	0.1067	
0.1555	0.1367	0.1115	0.1049	0.1012	0.1004	0.1007	0.1034	0.1528	0.1337	0.1073	0.1007	0.1029	0.1000	0.1027	0.1045	0.1535	0.1375	0.1090	0.1017	0.1022	0.1012	0.1052	0.1038	0.1479	0.1334	0.1075	0.1001	0.1013	0.1019	0.1031	0.1043	0.1432	0.1321	0.1081	0.1006	0.1032	0.1019	0.1039	0.1049	0.1329	0.1300	0.1090	0.1013	0.1031	0.1003	0.1031	0.1036	0.1085	0.1265	0.1092	0.1013	0.1033	0.1016	0.1037	0.1049	0.1014	0.1098	0.1062	0.1003	0.1025	0.1027	0.1043	0.1046	
0.1651	0.1426	0.1140	0.1059	0.1006	0.1011	0.1017	0.1046	0.1618	0.1391	0.1091	0.1015	0.1026	0.1004	0.1029	0.1050	0.1623	0.1412	0.1112	0.1027	0.1029	0.1027	0.1045	0.1036	0.1552	0.1390	0.1103	0.1012	0.1037	0.1023	0.1032	0.1033	0.1501	0.1392	0.1104	0.1030	0.1027	0.1015	0.1043	0.1059	0.1374	0.1352	0.1107	0.1017	0.1041	0.1009	0.1040	0.1037	0.1095	0.1312	0.1095	0.1017	0.1042	0.1028	0.1045	0.1043	0.1022	0.1108	0.1082	0.1019	0.1044	0.1025	0.1044	0.1047	
0.1726	0.1493	0.1150	0.1066	0.1014	0.1000	0.1013	0.1027	0.1706	0.1454	0.1111	0.1015	0.1038	0.1001	0.1029	0.1049	0.1701	0.1478	0.1129	0.1035	0.1031	0.1023	0.1047	0.1034	0.1637	0.1441	0.1119	0.1016	0.1035	0.1017	0.1033	0.1051	0.1594	0.1430	0.1122	0.1028	0.1026	0.1025	0.1048	0.1043	0.1429	0.1408	0.1120	0.1018	0.1028	0.1011	0.1033	0.1041	0.1093	0.1350	0.1110	0.1019	0.1041	0.1019	0.1051	0.1046	0.1024	0.1125	0.1095	0.1021	0.1042	0.1018	0.1052	0.1055	
0.1848	0.1559	0.1178	0.1067	0.1026	0.1005	0.1011	0.1037	0.1806	0.1523	0.1131	0.1031	0.1035	0.1002	0.1026	0.1040	0.1781	0.1540	0.1150	0.1045	0.1033	0.1018	0.1035	0.1033	0.1721	0.1501	0.1130	0.1019	0.1032	0.1024	0.1029	0.1047	0.1656	0.1509	0.1144	0.1028	0.1032	0.1028	0.1042	0.1042	0.1490	0.1460	0.1139	0.1023	0.1032	0.1011	0.1043	0.1035	0.1110	0.1399	0.1128	0.1020	0.1046	0.1022	0.1030	0.1042	0.1028	0.1144	0.1110	0.1023	0.1046	0.1019	0.1053	0.1053	
0.1933	0.1643	0.1195	0.1084	0.1039	0.1029	0.1000	0.1039	0.1901	0.1599	0.1160	0.1041	0.1045	0.1017	0.1023	0.1059	0.1907	0.1622	0.1175	0.1054	0.1035	0.1017	0.1047	0.1037	0.1825	0.1570	0.1166	0.1036	0.1046	0.1036	0.1035	0.1053	0.1754	0.1586	0.1174	0.1048	0.1045	0.1025	0.1047	0.1050	0.1556	0.1540	0.1164	0.1040	0.1049	0.1001	0.1046	0.1046	0.1128	0.1455	0.1151	0.1026	0.1057	0.1022	0.1050	0.1056	0.1034	0.1168	0.1124	0.1032	0.1048	0.1028	0.1060	0.1068	
0.2026	0.1733	0.1230	0.1092	0.1026	0.1002	0.1013	0.1029	0.2047	0.1669	0.1182	0.1042	0.1042	0.1004	0.1017	0.1051	0.2043	0.1702	0.1200	0.1069	0.1035	0.1024	0.1040	0.1036	0.1933	0.1655	0.1186	0.1043	0.1047	0.1024	0.1024	0.1052	0.1840	0.1658	0.1194	0.1066	0.1042	0.1026	0.1041	0.1049	0.1633	0.1621	0.1184	0.1045	0.1042	0.1004	0.1041	0.1049	0.1132	0.1528	0.1180	0.1036	0.1047	0.1028	0.1039	0.1052	0.1038	0.1180	0.1150	0.1029	0.1052	0.1033	0.1049	0.1052	
0.2189	0.1829	0.1258	0.1106	0.1030	0.1009	0.1021	0.1033	0.2181	0.1791	0.1223	0.1053	0.1046	0.1017	0.1023	0.1057	0.2169	0.1809	0.1237	0.1073	0.1053	0.1022	0.1042	0.1039	0.2063	0.1759	0.1231	0.1055	0.1050	0.1033	0.1050	0.1038	0.1974	0.1762	0.1226	0.1068	0.1051	0.1027	0.1049	0.1064	0.1724	0.1695	0.1231	0.1053	0.1054	0.1011	0.1057	0.1048	0.1155	0.1574	0.1210	0.1044	0.1058	0.1017	0.1047	0.1044	0.1044	0.1205	0.1170	0.1051	0.1047	0.1037	0.1049	0.1055	
0.2330	0.1932	0.1287	0.1109	0.1041	0.1013	0.1010	0.1023	0.2317	0.1881	0.1249	0.1061	0.1053	0.1011	0.1014	0.1052	0.2327	0.1895	0.1260	0.1075	0.1038	0.1019	0.1029	0.1033	0.2186	0.1858	0.1247	0.1058	0.1045	0.1014	0.1037	0.1058	0.2063	0.1850	0.1251	0.1105	0.1051	0.1014	0.1033	0.1039	0.1827	0.1795	0.1239	0.1053	0.1041	0.1010	0.1034	0.1051	0.1154	0.1660	0.1228	0.1062	0.1053	0.1015	0.1043	0.1040	0.1048	0.1220	0.1186	0.1044	0.1053	0.1020	0.1048	0.1067	
0.2517	0.2040	0.1314	0.1143	0.1052	0.1024	0.1016	0.1019	0.2475	0.1993	0.1286	0.1068	0.1063	0.1012	0.1013	0.1030	0.2469	0.2005	0.1309	0.1084	0.1048	0.1031	0.1029	0.1038	0.2335	0.1981	0.1304	0.1062	0.1065	0.1010	0.1037	0.1044	0.2241	0.1954	0.1302	0.1081	0.1067	0.1030	0.1041	0.1049	0.1909	0.1891	0.1270	0.1066	0.1061	0.1000	0.1042	0.1047	0.1187	0.1739	0.1265	0.1059	0.1069	0.1026	0.1050	0.1049	0.1043	0.1247	0.1220	0.1058	0.1058	0.1025	0.1043	0.1053	
0.2683	0.2177	0.1371	0.1147	0.1064	0.1011	0.1014	0.1030	0.2652	0.2111	0.1317	0.1087	0.1063	0.1017	0.1024	0.1044	0.2643	0.2150	0.1341	0.1108	0.1062	0.1028	0.1032	0.1031	0.2506	0.2063	0.1353	0.1081	0.1067	0.1024	0.1031	0.1051	0.2391	0.2071	0.1335	0.1102	0.1079	0.1032	0.1027	0.1037	0.2036	0.2004	0.1313	0.1085	0.1059	0.1014	0.1035	0.1049	0.1188	0.1843	0.1301	0.1068	0.1069	0.1023	0.1041	0.1039	0.1040	0.1272	0.1251	0.1065	0.1066	0.1029	0.1047	0.1052	
0.2847	0.2330	0.1428	0.1171	0.1064	0.1024	0.1017	0.1030	0.2877	0.2286	0.1387	0.1110	0.1091	0.1012	0.1030	0.1057	0.2875	0.2307	0.1411	0.1137	0.1075	0.1023	0.1041	0.1035	0.2715	0.2222	0.1401	0.1107	0.1090	0.1027	0.1037	0.1047	0.2565	0.2221	0.1386	0.1130	0.1086	0.1030	0.1030	0.1034	0.2181	0.2124	0.1374	0.1101	0.1075	0.1030	0.1039	0.1035	0.1220	0.1955	0.1364	0.1091	0.1085	0.1021	0.1041	0.1035	0.1058	0.1298	0.1280	0.1071	0.1061	0.1031	0.1049	0.1049	
0.3032	0.2447	0.1460	0.1181	0.1073	0.1017	0.1001	0.1026	0.3050	0.2417	0.1429	0.1119	0.1083	0.1011	0.1014	0.1044	0.3035	0.2441	0.1452	0.1152	0.1076	0.1021	0.1023	0.1025	0.2890	0.2352	0.1442	0.1118	0.1082	0.1020	0.1029	0.1043	0.2755	0.2344	0.1441	0.1142	0.1092	0.1017	0.1018	0.1042	0.2281	0.2228	0.1409	0.1109	0.1072	0.1015	0.1042	0.1039	0.1235	0.2044	0.1405	0.1092	0.1089	0.0999	0.1047	0.1040	0.1052	0.1312	0.1318	0.1088	0.1058	0.1027	0.1047	0.1053	
0.3274	0.2646	0.1535	0.1227	0.1104	0.1018	0.1013	0.1031	0.3296	0.2541	0.1501	0.1147	0.1106	0.1018	0.1013	0.1056	0.3265	0.2608	0.1518	0.1174	0.1102	0.1024	0.1030	0.1041	0.3095	0.2506	0.1516	0.1155	0.1100	0.1025	0.1035	0.1039	0.2923	0.2481	0.1512	0.1163	0.1109	0.1032	0.1025	0.1036	0.2457	0.2396	0.1466	0.1140	0.1086	0.1006	0.1032	0.1035	0.1256	0.2165	0.1453	0.1116	0.1110	0.1020	0.1041	0.1044	0.1058	0.1360	0.1354	0.1103	0.1064	0.1024	0.1045	0.1040	
0.3510	0.2839	0.1615	0.1250	0.1118	0.1028	0.1018	0.1032	0.3560	0.2745	0.1566	0.1192	0.1115	0.1023	0.1030	0.1062	0.3547	0.2800	0.1614	0.1218	0.1116	0.1043	0.1040	0.1046	0.3363	0.2673	0.1603	0.1185	0.1132	0.1024	0.1043	0.1047	0.3181	0.2693	0.1589	0.1192	0.1131	0.1047	0.1035	0.1048	0.2644	0.2567	0.1535	0.1168	0.1112	0.1035	0.1041	0.1052	0.1291	0.2332	0.1520	0.1145	0.1104	0.1016	0.1051	0.1046	0.1073	0.1405	0.1420	0.1129	0.1078	0.1036	0.1052	0.1062	
0.3845	0.3054	0.1685	0.1277	0.1127	0.1018	0.1011	0.1026	0.3808	0.2971	0.1625	0.1202	0.1134	0.1028	0.1025	0.1047	0.3806	0.3018	0.1674	0.1242	0.1124	0.1025	0.1015	0.1042	0.3619	0.2845	0.1669	0.1208	0.1151	0.1038	0.1031	0.1038	0.3418	0.2875	0.1651	0.1219	0.1132	0.1037	0.1029	0.1041	0.2828	0.2772	0.1594	0.1184	0.1118	0.1014	0.1035	0.1044	0.1309	0.2475	0.1591	0.1161	0.1127	0.1016	0.1036	0.1044	0.1064	0.1449	0.1462	0.1145	0.1083	0.1033	0.1054	0.1048	
0.4115	0.3301	0.1742	0.1308	0.1144	0.1028	0.1010	0.1029	0.4138	0.3188	0.1699	0.1244	0.1146	0.1031	0.1021	0.1049	0.4121	0.3243	0.1745	0.1288	0.1152	0.1036	0.1039	0.1049	0.3955	0.3073	0.1779	0.1248	0.1169	0.1041	0.1037	0.1043	0.3698	0.3103	0.1765	0.1240	0.1158	0.1041	0.1030	0.1034	0.3020	0.2968	0.1687	0.1218	0.1135	0.1028	0.1043	0.1032	0.1377	0.2650	0.1651	0.1245	0.1137	0.1024	0.1053	0.1047	0.1068	0.1509	0.1526	0.1169	0.1088	0.1022	0.1035	0.1063	
0.4334	0.3521	0.1861	0.1355	0.1177	0.1048	0.1026	0.1029	0.4461	0.3418	0.1806	0.1289	0.1188	0.1052	0.1047	0.1074	0.4411	0.3463	0.1892	0.1336	0.1182	0.1037	0.1036	0.1043	0.4213	0.3310	0.1863	0.1299	0.1191	0.1047	0.1044	0.1057	0.3945	0.3307	0.1842	0.1285	0.1198	0.1051	0.1033	0.1056	0.3255	0.3194	0.1778	0.1251	0.1174	0.1034	0.1044	0.1048	0.1400	0.2833	0.1754	0.1230	0.1165	0.1040	0.1053	0.1061	0.1075	0.1572	0.1595	0.1192	0.1113	0.1039	0.1047	0.1051	
0.4751	0.3784	0.1999	0.1441	0.1229	0.1056	0.1037	0.1028	0.4790	0.3721	0.1935	0.1356	0.1233	0.1058	0.1051	0.1074	0.4746	0.3759	0.1999	0.1402	0.1223	0.1065	0.1037	0.1056	0.4565	0.3588	0.1991	0.1364	0.1254	0.1074	0.1048	0.1056	0.4293	0.3547	0.1987	0.1362	0.1231	0.1068	0.1041	0.1053	0.3578	0.3473	0.1902	0.1322	0.1201	0.1045	0.1047	0.1055	0.1454	0.3039	0.1857	0.1280	0.1212	0.1053	0.1049	0.1050	0.1108	0.1639	0.1696	0.1240	0.1131	0.1049	0.1061	0.1069	
0.4963	0.4035	0.2118	0.1481	0.1262	0.1058	0.1035	0.1040	0.5083	0.3983	0.2033	0.1393	0.1254	0.1059	0.1042	0.1069	0.5044	0.4003	0.2111	0.1457	0.1259	0.1069	0.1044	0.1045	0.4851	0.3805	0.2123	0.1411	0.1284	0.1064	0.1051	0.1072	0.4576	0.3799	0.2111	0.1420	0.1252	0.1083	0.1033	0.1043	0.3783	0.3717	0.1996	0.1364	0.1209	0.1040	0.1046	0.1026	0.1507	0.3261	0.1977	0.1333	0.1228	0.1041	0.1047	0.1044	0.1098	0.1729	0.1790	0.1281	0.1128	0.1047	0.1038	0.1061	
0.5269	0.4376	0.2252	0.1544	0.1304	0.1067	0.1034	0.1043	0.5425	0.4295	0.2168	0.1464	0.1290	0.1067	0.1049	0.1064	0.5349	0.4302	0.2271	0.1517	0.1291	0.1080	0.1040	0.1043	0.5179	0.4129	0.2271	0.1473	0.1317	0.1072	0.1053	0.1052	0.4876	0.4091	0.2235	0.1451	0.1299	0.1084	0.1039	0.1045	0.4092	0.3986	0.2127	0.1432	0.1255	0.1048	0.1047	0.1044	0.1557	0.3490	0.2105	0.1390	0.1261	0.1062	0.1051	0.1049	0.1101	0.1805	0.1881	0.1318	0.1149	0.1050	0.1053	0.1058	
0.5543	0.4594	0.2364	0.1619	0.1355	0.1080	0.1032	0.1041	0.5679	0.4579	0.2329	0.1524	0.1330	0.1080	0.1055	0.1068	0.5638	0.4531	0.2426	0.1586	0.1329	0.1095	0.1034	0.1045	0.5496	0.4383	0.2411	0.1538	0.1368	0.1073	0.1054	0.1047	0.5144	0.4347	0.2384	0.1530	0.1330	0.1095	0.1042	0.1044	0.4370	0.4271	0.2278	0.1492	0.1305	0.1054	0.1045	0.1043	0.1651	0.3748	0.2216	0.1445	0.1306	0.1069	0.1052	0.1043	0.1121	0.1905	0.1998	0.1368	0.1172	0.1051	0.1045	0.1064	
0.5766	0.4900	0.2545	0.1694	0.1395	0.1091	0.1041	0.1031	0.5981	0.4842	0.2468	0.1606	0.1377	0.1110	0.1057	0.1071	0.5928	0.4829	0.2580	0.1666	0.1388	0.1110	0.1044	0.1051	0.5768	0.4658	0.2576	0.1627	0.1420	0.1094	0.1064	0.1073	0.5499	0.4633	0.2553	0.1600	0.1374	0.1110	0.1043	0.1062	0.4719	0.4574	0.2431	0.1574	0.1337	0.1076	0.1056	0.1042	0.1717	0.4023	0.2367	0.1522	0.1342	0.1064	0.1054	0.1049	0.1132	0.1994	0.2114	0.1424	0.1193	0.1045	0.1040	0.1055	
0.6134	0.5158	0.2740	0.1790	0.1457	0.1122	0.1048	0.1036	0.6218	0.5140	0.2631	0.1691	0.1410	0.1128	0.1062	0.1078	0.6182	0.5136	0.2772	0.1761	0.1450	0.1135	0.1051	0.1057	0.6078	0.4939	0.2775	0.1722	0.1466	0.1120	0.1051	0.1080	0.5842	0.4924	0.2737	0.1684	0.1437	0.1138	0.1049	0.1048	0.5028	0.4842	0.2596	0.1666	0.1383	0.1086	0.1063	0.1050	0.1792	0.4313	0.2548	0.1621	0.1400	0.1087	0.1050	0.1041	0.1143	0.2109	0.2276	0.1500	0.1226	0.1055	0.1037	0.1061	
0.6346	0.5433	0.2920	0.1892	0.1529	0.1152	0.1054	0.1054	0.6467	0.5405	0.2822	0.1792	0.1487	0.1145	0.1072	0.1070	0.6410	0.5389	0.2955	0.1860	0.1518	0.1157	0.1056	0.1057	0.6304	0.5189	0.2938	0.1808	0.1532	0.1138	0.1070	0.1070	0.6118	0.5170	0.2933	0.1778	0.1516	0.1176	0.1054	0.1059	0.5335	0.5126	0.2796	0.1771	0.1456	0.1117	0.1069	0.1052	0.1891	0.4520	0.2733	0.1709	0.1458	0.1111	0.1063	0.1055	0.1159	0.2223	0.2426	0.1570	0.1261	0.1083	0.1056	0.1074	
0.6511	0.5698	0.3099	0.2002	0.1594	0.1166	0.1072	0.1058	0.6699	0.5675	0.3026	0.1888	0.1545	0.1161	0.1084	0.1075	0.6684	0.5695	0.3180	0.1982	0.1588	0.1193	0.1059	0.1067	0.6596	0.5459	0.3146	0.1934	0.1612	0.1154	0.1081	0.1064	0.6366	0.5418	0.3110	0.1904	0.1575	0.1183	0.1059	0.1066	0.5660	0.5391	0.2956	0.1862	0.1521	0.1134	0.1076	0.1060	0.2002	0.4863	0.2921	0.1785	0.1524	0.1118	0.1076	0.1048	0.1174	0.2396	0.2563	0.1656	0.1289	0.1085	0.1051	0.1055	
0.6719	0.5940	0.3362	0.2134	0.1690	0.1192	0.1072	0.1056	0.6917	0.5947	0.3244	0.1997	0.1624	0.1194	0.1088	0.1068	0.6945	0.5939	0.3405	0.2078	0.1669	0.1205	0.1060	0.1061	0.6872	0.5724	0.3369	0.2011	0.1686	0.1177	0.1091	0.1068	0.6629	0.5670	0.3331	0.2013	0.1652	0.1210	0.1059	0.1052	0.5933	0.5660	0.3175	0.1959	0.1601	0.1146	0.1064	0.1050	0.2133	0.5088	0.3128	0.1906	0.1585	0.1145	0.1060	0.1054	0.1184	0.2532	0.2742	0.1739	0.1352	0.1084	0.1051	0.1050	
0.6928	0.6177	0.3563	0.2233	0.1755	0.1212	0.1079	0.1059	0.7147	0.6166	0.3454	0.2103	0.1677	0.1232	0.1093	0.1087	0.7102	0.6210	0.3604	0.2219	0.1756	0.1234	0.1064	0.1079	0.7044	0.5960	0.3600	0.2162	0.1798	0.1212	0.1105	0.1075	0.6830	0.5922	0.3541	0.2144	0.1734	0.1237	0.1063	0.1058	0.6211	0.5959	0.3374	0.2097	0.1665	0.1176	0.1085	0.1050	0.2221	0.5369	0.3316	0.2020	0.1655	0.1164	0.1058	0.1059	0.1194	0.2694	0.2938	0.1826	0.1385	0.1092	0.1048	0.1063	
0.7140	0.6407	0.3848	0.2373	0.1876	0.1252	0.1090	0.1071	0.7342	0.6401	0.3697	0.2246	0.1776	0.1274	0.1097	0.1094	0.7326	0.6417	0.3881	0.2365	0.1837	0.1274	0.1067	0.1092	0.7231	0.6199	0.3813	0.2308	0.1873	0.1242	0.1116	0.1084	0.7063	0.6172	0.3773	0.2266	0.1822	0.1282	0.1076	0.1080	0.6456	0.6148	0.3576	0.2227	0.1749	0.1219	0.1102	0.1051	0.2380	0.5642	0.3553	0.2155	0.1751	0.1196	0.1081	0.1053	0.1225	0.2860	0.3101	0.1939	0.1458	0.1113	0.1065	0.1068	
0.7375	0.6603	0.4065	0.2537	0.1963	0.1297	0.1104	0.1079	0.7436	0.6596	0.3951	0.2411	0.1850	0.1298	0.1126	0.1088	0.7393	0.6621	0.4137	0.2525	0.1931	0.1317	0.1080	0.1097	0.7375	0.6402	0.4085	0.2479	0.1983	0.1273	0.1126	0.1092	0.7238	0.6391	0.4031	0.2412	0.1926	0.1335	0.1103	0.1065	0.6646	0.6364	0.3819	0.2402	0.1844	0.1258	0.1115	0.1051	0.2548	0.5857	0.3775	0.2278	0.1860	0.1233	0.1086	0.1064	0.1243	0.3053	0.3357	0.2082	0.1519	0.1145	0.1059	0.1060	
0.7398	0.6921	0.4397	0.2745	0.2128	0.1389	0.1161	0.1116	0.7523	0.6890	0.4251	0.2599	0.2007	0.1399	0.1179	0.1136	0.7524	0.6885	0.4405	0.2710	0.2104	0.1404	0.1135	0.1148	0.7473	0.6671	0.4368	0.2645	0.2138	0.1360	0.1180	0.1144	0.7410	0.6659	0.4312	0.2607	0.2061	0.1406	0.1166	0.1131	0.6935	0.6607	0.4102	0.2572	0.1977	0.1336	0.1161	0.1117	0.2753	0.6175	0.4071	0.2472	0.1989	0.1313	0.1132	0.1101	0.1314	0.3314	0.3651	0.2250	0.1629	0.1210	0.1087	0.1109	
0.7409	0.7017	0.4593	0.2894	0.2229	0.1386	0.1146	0.1091	0.7502	0.7049	0.4467	0.2756	0.2086	0.1388	0.1170	0.1111	0.7541	0.7039	0.4651	0.2849	0.2154	0.1410	0.1095	0.1101	0.7488	0.6805	0.4575	0.2790	0.2197	0.1365	0.1166	0.1120	0.7468	0.6829	0.4529	0.2784	0.2150	0.1437	0.1136	0.1090	0.7095	0.6828	0.4340	0.2708	0.2064	0.1354	0.1141	0.1082	0.2904	0.6354	0.4279	0.2605	0.2064	0.1319	0.1094	0.1061	0.1313	0.3488	0.3825	0.2340	0.1665	0.1184	0.1063	0.1062	
0.7436	0.7193	0.4836	0.3103	0.2339	0.1464	0.1181	0.1105	0.7530	0.7145	0.4721	0.2924	0.2202	0.1454	0.1189	0.1122	0.7535	0.7201	0.4871	0.3045	0.2294	0.1471	0.1114	0.1122	0.7474	0.7007	0.4820	0.3012	0.2322	0.1425	0.1189	0.1117	0.7469	0.7004	0.4775	0.2932	0.2269	0.1502	0.1169	0.1097	0.7245	0.6974	0.4586	0.2924	0.2191	0.1393	0.1165	0.1083	0.3105	0.6541	0.4488	0.2779	0.2209	0.1376	0.1120	0.1074	0.1332	0.3748	0.4078	0.2523	0.1767	0.1217	0.1063	0.1075	
0.7428	0.7327	0.5065	0.3309	0.2514	0.1519	0.1184	0.1112	0.7564	0.7299	0.4950	0.3151	0.2344	0.1520	0.1219	0.1114	0.7566	0.7268	0.5128	0.3274	0.2428	0.1541	0.1135	0.1123	0.7506	0.7154	0.5070	0.3224	0.2478	0.1479	0.1226	0.1139	0.7561	0.7143	0.5014	0.3130	0.2420	0.1582	0.1189	0.1111	0.7372	0.7143	0.4843	0.3143	0.2321	0.1472	0.1189	0.1093	0.3357	0.6783	0.4756	0.2988	0.2353	0.1452	0.1132	0.1071	0.1375	0.3986	0.4357	0.2698	0.1864	0.1268	0.1070	0.1087	
0.7550	0.7384	0.5394	0.3522	0.2657	0.1620	0.1233	0.1133	0.7581	0.7353	0.5181	0.3368	0.2485	0.1584	0.1248	0.1132	0.7604	0.7381	0.5395	0.3514	0.2592	0.1606	0.1146	0.1160	0.7530	0.7276	0.5339	0.3443	0.2643	0.1554	0.1247	0.1152	0.7562	0.7266	0.5267	0.3353	0.2563	0.1648	0.1205	0.1148	0.7434	0.7258	0.5078	0.3355	0.2489	0.1528	0.1214	0.1105	0.3607	0.6958	0.5020	0.3210	0.2520	0.1507	0.1161	0.1080	0.1417	0.4240	0.4575	0.2878	0.1974	0.1322	0.1086	0.1070	
0.7464	0.7402	0.5545	0.3754	0.2845	0.1673	0.1276	0.1146	0.7591	0.7364	0.5465	0.3614	0.2591	0.1671	0.1290	0.1147	0.7603	0.7398	0.5634	0.3737	0.2778	0.1661	0.1169	0.1173	0.7549	0.7301	0.5599	0.3670	0.2803	0.1617	0.1293	0.1180	0.7556	0.7297	0.5493	0.3580	0.2738	0.1738	0.1257	0.1156	0.7444	0.7294	0.5299	0.3574	0.2635	0.1611	0.1253	0.1111	0.3845	0.7090	0.5263	0.3410	0.2672	0.1578	0.1182	0.1098	0.1453	0.4509	0.4847	0.3065	0.2098	0.1368	0.1102	0.1075	
0.7441	0.7459	0.5840	0.4007	0.3011	0.1761	0.1321	0.1173	0.7581	0.7392	0.5644	0.3856	0.2745	0.1758	0.1338	0.1166	0.7570	0.7407	0.5878	0.3972	0.2961	0.1773	0.1189	0.1200	0.7541	0.7339	0.5790	0.3937	0.2965	0.1721	0.1326	0.1206	0.7612	0.7345	0.5760	0.3782	0.2911	0.1819	0.1291	0.1178	0.7433	0.7307	0.5569	0.3788	0.2778	0.1681	0.1288	0.1142	0.4115	0.7206	0.5460	0.3656	0.2834	0.1671	0.1216	0.1124	0.1496	0.4799	0.5060	0.3316	0.2237	0.1418	0.1111	0.1091	
0.7508	0.7477	0.6040	0.4264	0.3221	0.1855	0.1346	0.1203	0.7609	0.7414	0.5936	0.4080	0.2986	0.1861	0.1376	0.1196	0.7595	0.7451	0.6110	0.4227	0.3139	0.1870	0.1214	0.1244	0.7574	0.7364	0.6039	0.4182	0.3161	0.1800	0.1387	0.1235	0.7615	0.7387	0.5964	0.4036	0.3051	0.1938	0.1347	0.1192	0.7473	0.7332	0.5786	0.4050	0.2967	0.1772	0.1336	0.1144	0.4405	0.7294	0.5747	0.3863	0.3009	0.1779	0.1243	0.1137	0.1565	0.5051	0.5329	0.3502	0.2385	0.1487	0.1146	0.1076	
0.7633	0.7478	0.6318	0.4535	0.3414	0.1963	0.1396	0.1220	0.7638	0.7485	0.6154	0.4345	0.3141	0.1974	0.1431	0.1208	0.7687	0.7494	0.6344	0.4462	0.3344	0.1954	0.1246	0.1256	0.7614	0.7430	0.6246	0.4416	0.3337	0.1891	0.1428	0.1269	0.7630	0.7381	0.6200	0.4327	0.3257	0.2034	0.1372	0.1236	0.7524	0.7387	0.6053	0.4270	0.3142	0.1887	0.1381	0.1181	0.4729	0.7372	0.6004	0.4130	0.3215	0.1865	0.1285	0.1157	0.1624	0.5279	0.5566	0.3746	0.2556	0.1552	0.1163	0.1088	
0.7603	0.7584	0.6538	0.4779	0.3618	0.2071	0.1445	0.1247	0.7669	0.7484	0.6357	0.4615	0.3348	0.2067	0.1479	0.1232	0.7690	0.7523	0.6543	0.4711	0.3520	0.2071	0.1269	0.1287	0.7629	0.7415	0.6429	0.4696	0.3541	0.2002	0.1487	0.1281	0.7670	0.7430	0.6387	0.4587	0.3456	0.2161	0.1432	0.1268	0.7531	0.7433	0.6247	0.4547	0.3333	0.1999	0.1433	0.1210	0.4976	0.7379	0.6153	0.4371	0.3413	0.1969	0.1337	0.1169	0.1694	0.5551	0.5783	0.3993	0.2688	0.1618	0.1179	0.1093	
0.7601	0.7558	0.6674	0.5008	0.3836	0.2192	0.1512	0.1263	0.7688	0.7489	0.6534	0.4849	0.3544	0.2184	0.1530	0.1276	0.7686	0.7530	0.6689	0.4909	0.3741	0.2195	0.1315	0.1324	0.7640	0.7455	0.6621	0.4885	0.3755	0.2112	0.1552	0.1333	0.7681	0.7476	0.6589	0.4813	0.3636	0.2276	0.1500	0.1299	0.7569	0.7415	0.6436	0.4756	0.3511	0.2096	0.1505	0.1239	0.5289	0.7403	0.6382	0.4601	0.3617	0.2091	0.1399	0.1224	0.1767	0.5757	0.6008	0.4179	0.2880	0.1715	0.1206	0.1099	
0.7675	0.7570	0.6842	0.5269	0.4082	0.2272	0.1583	0.1304	0.7660	0.7519	0.6657	0.5054	0.3720	0.2296	0.1609	0.1289	0.7710	0.7563	0.6838	0.5193	0.3952	0.2269	0.1346	0.1376	0.7665	0.7447	0.6748	0.5108	0.3951	0.2206	0.1595	0.1357	0.7667	0.7482	0.6701	0.5068	0.3845	0.2409	0.1553	0.1334	0.7547	0.7442	0.6624	0.4949	0.3709	0.2201	0.1552	0.1264	0.5549	0.7415	0.6553	0.4818	0.3821	0.2193	0.1453	0.1228	0.1829	0.6029	0.6247	0.4452	0.3009	0.1798	0.1241	0.1102	
0.7607	0.7613	0.6953	0.5488	0.4280	0.2440	0.1635	0.1338	0.7700	0.7541	0.6768	0.5280	0.3920	0.2410	0.1657	0.1345	0.7751	0.7570	0.6914	0.5393	0.4224	0.2445	0.1387	0.1420	0.7695	0.7492	0.6847	0.5349	0.4194	0.2327	0.1673	0.1410	0.7729	0.7512	0.6831	0.5267	0.4031	0.2546	0.1596	0.1374	0.7586	0.7492	0.6768	0.5217	0.3938	0.2355	0.1622	0.1295	0.5834	0.7445	0.6717	0.5071	0.4048	0.2352	0.1510	0.1243	0.1951	0.6241	0.6479	0.4720	0.3218	0.1934	0.1273	0.1110	
0.7704	0.7621	0.6969	0.5729	0.4540	0.2600	0.1728	0.1400	0.7658	0.7549	0.6827	0.5528	0.4146	0.2568	0.1769	0.1379	0.7705	0.7598	0.6932	0.5682	0.4462	0.2584	0.1435	0.1470	0.7673	0.7485	0.6890	0.5626	0.4369	0.2492	0.1773	0.1460	0.7723	0.7534	0.6882	0.5530	0.4294	0.2731	0.1704	0.1427	0.7572	0.7496	0.6828	0.5486	0.4137	0.2497	0.1702	0.1348	0.6055	0.7476	0.6793	0.5297	0.4264	0.2483	0.1582	0.1298	0.2053	0.6464	0.6666	0.4940	0.3443	0.2038	0.1322	0.1128	
0.7757	0.7668	0.7061	0.5970	0.4842	0.2742	0.1797	0.1422	0.7772	0.7603	0.6931	0.5774	0.4410	0.2729	0.1843	0.1430	0.7797	0.7655	0.6997	0.5916	0.4677	0.2738	0.1469	0.1490	0.7764	0.7574	0.6966	0.5853	0.4600	0.2618	0.1847	0.1523	0.7761	0.7578	0.6887	0.5770	0.4482	0.2898	0.1782	0.1474	0.7646	0.7568	0.6948	0.5714	0.4407	0.2656	0.1802	0.1397	0.6350	0.7532	0.6933	0.5553	0.4510	0.2653	0.1663	0.1331	0.2163	0.6706	0.6771	0.5193	0.3627	0.2138	0.1367	0.1142	
0.7692	0.7683	0.7103	0.6213	0.5039	0.2915	0.1895	0.1465	0.7792	0.7635	0.6952	0.6033	0.4656	0.2900	0.1967	0.1474	0.7808	0.7664	0.7026	0.6129	0.4921	0.2881	0.1542	0.1570	0.7759	0.7578	0.6985	0.6141	0.4848	0.2775	0.1953	0.1579	0.7781	0.7553	0.6945	0.6004	0.4760	0.3066	0.1871	0.1522	0.7687	0.7566	0.6962	0.5943	0.4640	0.2797	0.1890	0.1418	0.6554	0.7558	0.6909	0.5791	0.4742	0.2814	0.1765	0.1370	0.2282	0.6890	0.6895	0.5464	0.3861	0.2290	0.1431	0.1148	
0.7805	0.7700	0.7060	0.6413	0.5229	0.3035	0.1976	0.1520	0.7763	0.7614	0.6921	0.6195	0.4834	0.3048	0.2051	0.1532	0.7799	0.7667	0.7019	0.6312	0.5136	0.3034	0.1584	0.1628	0.7750	0.7583	0.6989	0.6266	0.5044	0.2923	0.2050	0.1634	0.7757	0.7576	0.6930	0.6205	0.4925	0.3186	0.1947	0.1572	0.7680	0.7547	0.6972	0.6095	0.4820	0.2977	0.1988	0.1492	0.6772	0.7586	0.6938	0.5978	0.4921	0.2986	0.1820	0.1427	0.2439	0.7008	0.6943	0.5645	0.4035	0.2432	0.1484	0.1174	
0.7662	0.7706	0.7016	0.6551	0.5427	0.3256	0.2102	0.1567	0.7815	0.7629	0.6944	0.6378	0.5011	0.3218	0.2153	0.1576	0.7818	0.7680	0.7050	0.6460	0.5348	0.3201	0.1657	0.1690	0.7786	0.7603	0.6994	0.6438	0.5227	0.3097	0.2146	0.1703	0.7776	0.7597	0.6974	0.6355	0.5126	0.3399	0.2044	0.1639	0.7697	0.7553	0.6997	0.6322	0.5004	0.3092	0.2080	0.1524	0.6914	0.7564	0.6964	0.6148	0.5153	0.3129	0.1931	0.1467	0.2563	0.7064	0.6935	0.5844	0.4226	0.2516	0.1556	0.1182	
0.7826	0.7720	0.7078	0.6714	0.5692	0.3428	0.2227	0.1629	0.7837	0.7654	0.7012	0.6535	0.5278	0.3417	0.2304	0.1649	0.7827	0.7708	0.7031	0.6623	0.5653	0.3390	0.1710	0.1772	0.7794	0.7622	0.7006	0.6612	0.5482	0.3273	0.2294	0.1778	0.7802	0.7642	0.6964	0.6525	0.5379	0.3585	0.2197	0.1713	0.7677	0.7597	0.7011	0.6485	0.5262	0.3317	0.2198	0.1623	0.6994	0.7609	0.6950	0.6294	0.5351	0.3314	0.2031	0.1522	0.2744	0.7166	0.6996	0.6074	0.4481	0.2702	0.1636	0.1220	
0.7827	0.7760	0.7089	0.6829	0.5885	0.3649	0.2349	0.1721	0.7887	0.7685	0.7015	0.6650	0.5453	0.3612	0.2434	0.1688	0.7913	0.7742	0.7076	0.6696	0.5830	0.3571	0.1784	0.1852	0.7877	0.7666	0.7078	0.6679	0.5675	0.3486	0.2419	0.1865	0.7885	0.7684	0.7024	0.6663	0.5581	0.3814	0.2302	0.1777	0.7768	0.7637	0.7065	0.6562	0.5444	0.3503	0.2334	0.1673	0.7139	0.7661	0.7009	0.6448	0.5637	0.3550	0.2163	0.1591	0.2954	0.7252	0.7061	0.6286	0.4702	0.2889	0.1740	0.1237	
0.7835	0.7783	0.7152	0.6847	0.6070	0.3825	0.2462	0.1779	0.7928	0.7732	0.7063	0.6719	0.5721	0.3792	0.2557	0.1764	0.7924	0.7803	0.7126	0.6749	0.6031	0.3752	0.1874	0.1946	0.7910	0.7709	0.7094	0.6773	0.5871	0.3652	0.2515	0.1941	0.7881	0.7717	0.7021	0.6743	0.5753	0.4004	0.2435	0.1869	0.7814	0.7671	0.7112	0.6657	0.5654	0.3718	0.2461	0.1739	0.7157	0.7704	0.7104	0.6536	0.5818	0.3727	0.2297	0.1657	0.3122	0.7301	0.7102	0.6426	0.4899	0.3053	0.1825	0.1260	
0.7816	0.7787	0.7176	0.6930	0.6229	0.4046	0.2600	0.1862	0.7930	0.7730	0.7082	0.6744	0.5872	0.3993	0.2699	0.1824	0.7903	0.7799	0.7131	0.6758	0.6198	0.3977	0.1957	0.2011	0.7877	0.7713	0.7075	0.6752	0.6000	0.3857	0.2661	0.2013	0.7921	0.7707	0.7071	0.6778	0.5950	0.4216	0.2559	0.1936	0.7830	0.7679	0.7114	0.6660	0.5829	0.3903	0.2627	0.1802	0.7199	0.7725	0.7091	0.6575	0.5973	0.3927	0.2405	0.1722	0.3346	0.7297	0.7126	0.6523	0.5079	0.3211	0.1913	0.1303	
0.7860	0.7814	0.7178	0.6913	0.6375	0.4271	0.2745	0.1924	0.7971	0.7770	0.7089	0.6803	0.6033	0.4171	0.2853	0.1919	0.7986	0.7851	0.7180	0.6789	0.6326	0.4178	0.2039	0.2080	0.7918	0.7740	0.7093	0.6770	0.6206	0.4077	0.2805	0.2100	0.7944	0.7751	0.7053	0.6823	0.6126	0.4476	0.2723	0.2003	0.7843	0.7702	0.7091	0.6681	0.6069	0.4081	0.2749	0.1903	0.7262	0.7745	0.7086	0.6573	0.6159	0.4105	0.2555	0.1769	0.3587	0.7299	0.7125	0.6576	0.5312	0.3369	0.2015	0.1312	
0.7851	0.7831	0.7250	0.6929	0.6469	0.4455	0.2867	0.2015	0.7957	0.7720	0.7035	0.6808	0.6218	0.4352	0.3014	0.1993	0.7954	0.7821	0.7124	0.6801	0.6390	0.4331	0.2134	0.2186	0.7917	0.7725	0.7068	0.6775	0.6272	0.4240	0.2955	0.2230	0.7955	0.7772	0.7074	0.6823	0.6272	0.4629	0.2799	0.2126	0.7844	0.7698	0.7107	0.6704	0.6234	0.4280	0.2867	0.1989	0.7168	0.7766	0.7094	0.6600	0.6278	0.4279	0.2657	0.1859	0.3825	0.7303	0.7149	0.6623	0.5550	0.3590	0.2097	0.1352	
0.7991	0.7908	0.7221	0.6950	0.6515	0.4695	0.3039	0.2132	0.8007	0.7793	0.7120	0.6813	0.6409	0.4518	0.3191	0.2116	0.8031	0.7834	0.7171	0.6846	0.6443	0.4519	0.2269	0.2317	0.7972	0.7814	0.7127	0.6816	0.6349	0.4438	0.3133	0.2324	0.7990	0.7836	0.7093	0.6896	0.6363	0.4886	0.2993	0.2228	0.7880	0.7747	0.7125	0.6734	0.6294	0.4487	0.3074	0.2086	0.7209	0.7785	0.7134	0.6646	0.6381	0.4499	0.2842	0.1958	0.4095	0.7377	0.7188	0.6672	0.5745	0.3776	0.2248	0.1404	
0.7917	0.7902	0.7268	0.6985	0.6517	0.4891	0.3227	0.2222	0.8030	0.7851	0.7133	0.6858	0.6399	0.4764	0.3386	0.2194	0.8039	0.7865	0.7179	0.6865	0.6500	0.4718	0.2333	0.2412	0.8003	0.7818	0.7134	0.6829	0.6402	0.4648	0.3305	0.2433	0.7999	0.7874	0.7132	0.6928	0.6404	0.5060	0.3165	0.2318	0.7906	0.7784	0.7195	0.6763	0.6340	0.4693	0.3219	0.2169	0.7269	0.7819	0.7151	0.6676	0.6411	0.4711	0.2977	0.2044	0.4383	0.7360	0.7197	0.6660	0.5908	0.3972	0.2373	0.1461	
0.7913	0.7945	0.7260	0.7045	0.6595	0.5100	0.3346	0.2308	0.8065	0.7819	0.7163	0.6890	0.6541	0.4972	0.3578	0.2301	0.8018	0.7932	0.7166	0.6841	0.6545	0.4927	0.2456	0.2555	0.8006	0.7825	0.7169	0.6841	0.6430	0.4868	0.3444	0.2570	0.8048	0.7869	0.7171	0.6903	0.6478	0.5315	0.3311	0.2442	0.7966	0.7814	0.7214	0.6794	0.6372	0.4920	0.3385	0.2309	0.7248	0.7855	0.7150	0.6676	0.6462	0.4946	0.3158	0.2140	0.4704	0.7410	0.7216	0.6679	0.6132	0.4152	0.2511	0.1486	
