0.0839	0.0855	0.0836	0.0817	0.0822	0.0862	0.0872	0.0868	0.0843	0.0830	0.0834	0.0818	0.0892	0.0863	0.0846	0.0846	0.0855	0.0835	0.0835	0.0825	0.0816	0.0838	0.0851	0.0847	0.0875	0.0836	0.0856	0.0843	0.0844	0.0846	0.0844	0.0903	0.0854	0.0837	0.0820	0.0824	0.0809	0.0815	0.0832	0.0893	0.1172	0.0949	0.1078	0.0841	0.0926	0.0999	0.1074	0.0981	0.0823	0.0825	0.0816	0.0816	0.0807	0.0827	0.0832	0.0848	0.1212	0.0995	0.1174	0.1271	0.0909	0.0866	0.0948	0.0892	
0.0836	0.0832	0.0833	0.0827	0.0840	0.0837	0.0833	0.0836	0.0819	0.0812	0.0823	0.0807	0.0818	0.0831	0.0821	0.0817	0.0842	0.0816	0.0815	0.0820	0.0815	0.0819	0.0825	0.0870	0.0826	0.0825	0.0800	0.0808	0.0818	0.0816	0.0804	0.0817	0.0832	0.0814	0.0808	0.0820	0.0819	0.0822	0.0812	0.0880	0.0810	0.0804	0.0805	0.0799	0.0815	0.0818	0.0800	0.0811	0.0842	0.0814	0.0820	0.0812	0.0805	0.0807	0.0815	0.0814	0.0819	0.0802	0.0811	0.0807	0.0809	0.0794	0.0804	0.0797	
0.0836	0.0830	0.0832	0.0831	0.0837	0.0843	0.0839	0.0837	0.0826	0.0826	0.0819	0.0814	0.0826	0.0831	0.0815	0.0820	0.0844	0.0818	0.0822	0.0824	0.0821	0.0823	0.0827	0.0832	0.0826	0.0828	0.0817	0.0822	0.0835	0.0812	0.0812	0.0823	0.0841	0.0812	0.0823	0.0824	0.0816	0.0821	0.0815	0.0874	0.0817	0.0814	0.0803	0.0811	0.0817	0.0809	0.0804	0.0809	0.0833	0.0809	0.0814	0.0819	0.0824	0.0820	0.0818	0.0819	0.0828	0.0800	0.0820	0.0812	0.0815	0.0798	0.0800	0.0793	
0.0841	0.0834	0.0833	0.0830	0.0840	0.0845	0.0844	0.0842	0.0836	0.0818	0.0824	0.0814	0.0830	0.0840	0.0821	0.0830	0.0856	0.0818	0.0821	0.0818	0.0820	0.0824	0.0832	0.0870	0.0839	0.0835	0.0812	0.0823	0.0831	0.0821	0.0817	0.0825	0.0846	0.0818	0.0822	0.0831	0.0828	0.0820	0.0814	0.0882	0.0818	0.0814	0.0811	0.0811	0.0819	0.0817	0.0812	0.0819	0.0836	0.0816	0.0825	0.0819	0.0816	0.0824	0.0820	0.0822	0.0815	0.0804	0.0821	0.0814	0.0823	0.0803	0.0812	0.0803	
0.0850	0.0840	0.0850	0.0843	0.0850	0.0856	0.0851	0.0856	0.0842	0.0833	0.0835	0.0827	0.0848	0.0846	0.0834	0.0838	0.0865	0.0831	0.0832	0.0830	0.0833	0.0834	0.0841	0.0889	0.0847	0.0837	0.0832	0.0836	0.0845	0.0836	0.0832	0.0836	0.0853	0.0831	0.0828	0.0833	0.0829	0.0831	0.0829	0.0881	0.0835	0.0836	0.0815	0.0819	0.0830	0.0826	0.0817	0.0831	0.0856	0.0840	0.0837	0.0834	0.0829	0.0834	0.0830	0.0837	0.0835	0.0821	0.0837	0.0828	0.0833	0.0818	0.0820	0.0819	
0.0861	0.0850	0.0855	0.0853	0.0858	0.0866	0.0861	0.0861	0.0856	0.0846	0.0841	0.0837	0.0845	0.0859	0.0847	0.0848	0.0880	0.0843	0.0842	0.0840	0.0840	0.0845	0.0843	0.0848	0.0857	0.0858	0.0835	0.0840	0.0852	0.0846	0.0841	0.0846	0.0867	0.0838	0.0837	0.0848	0.0835	0.0842	0.0835	0.0891	0.0849	0.0834	0.0825	0.0837	0.0848	0.0845	0.0832	0.0839	0.0870	0.0839	0.0842	0.0840	0.0842	0.0834	0.0838	0.0844	0.0846	0.0830	0.0839	0.0837	0.0837	0.0828	0.0835	0.0828	
0.0867	0.0866	0.0870	0.0857	0.0869	0.0877	0.0872	0.0874	0.0859	0.0849	0.0852	0.0850	0.0850	0.0860	0.0853	0.0859	0.0879	0.0849	0.0854	0.0851	0.0850	0.0856	0.0854	0.0862	0.0866	0.0861	0.0848	0.0853	0.0858	0.0851	0.0843	0.0859	0.0871	0.0843	0.0845	0.0866	0.0845	0.0848	0.0843	0.0907	0.0852	0.0854	0.0840	0.0841	0.0861	0.0857	0.0842	0.0854	0.0888	0.0844	0.0862	0.0850	0.0844	0.0847	0.0857	0.0852	0.0848	0.0848	0.0862	0.0849	0.0853	0.0839	0.0844	0.0843	
0.0890	0.0884	0.0888	0.0874	0.0889	0.0901	0.0900	0.0889	0.0893	0.0882	0.0885	0.0882	0.0882	0.0898	0.0888	0.0888	0.0904	0.0874	0.0877	0.0876	0.0867	0.0877	0.0884	0.0918	0.0897	0.0894	0.0884	0.0880	0.0896	0.0888	0.0881	0.0890	0.0897	0.0878	0.0863	0.0880	0.0866	0.0877	0.0868	0.0925	0.0881	0.0879	0.0870	0.0878	0.0878	0.0886	0.0872	0.0877	0.0898	0.0876	0.0872	0.0875	0.0863	0.0876	0.0872	0.0874	0.0879	0.0874	0.0875	0.0876	0.0880	0.0869	0.0877	0.0862	
0.0871	0.0869	0.0871	0.0864	0.0868	0.0879	0.0879	0.0877	0.0895	0.0883	0.0883	0.0879	0.0878	0.0893	0.0888	0.0881	0.0887	0.0858	0.0860	0.0860	0.0853	0.0860	0.0864	0.0868	0.0885	0.0888	0.0870	0.0869	0.0871	0.0870	0.0869	0.0868	0.0876	0.0856	0.0850	0.0860	0.0844	0.0858	0.0854	0.0904	0.0879	0.0879	0.0865	0.0864	0.0886	0.0883	0.0868	0.0879	0.0876	0.0850	0.0848	0.0848	0.0841	0.0854	0.0852	0.0846	0.0867	0.0852	0.0864	0.0850	0.0849	0.0837	0.0839	0.0844	
0.0875	0.0874	0.0881	0.0873	0.0875	0.0892	0.0887	0.0878	0.0886	0.0875	0.0875	0.0865	0.0876	0.0884	0.0911	0.0877	0.0889	0.0864	0.0874	0.0863	0.0864	0.0864	0.0873	0.0871	0.0883	0.0882	0.0864	0.0869	0.0869	0.0881	0.0873	0.0872	0.0864	0.0866	0.0861	0.0872	0.0860	0.0868	0.0859	0.0920	0.0864	0.0864	0.0857	0.0854	0.0868	0.0871	0.0868	0.0866	0.0874	0.0875	0.0856	0.0862	0.0858	0.0870	0.0876	0.0870	0.0870	0.0857	0.0868	0.0864	0.0864	0.0852	0.0858	0.0848	
0.0864	0.0866	0.0868	0.0857	0.0863	0.0874	0.0879	0.0867	0.0873	0.0861	0.0861	0.0855	0.0862	0.0869	0.0867	0.0863	0.0861	0.0858	0.0861	0.0858	0.0856	0.0854	0.0865	0.0866	0.0867	0.0868	0.0850	0.0854	0.0860	0.0856	0.0854	0.0862	0.0844	0.0858	0.0850	0.0860	0.0853	0.0860	0.0847	0.0912	0.0854	0.0856	0.0847	0.0839	0.0852	0.0858	0.0849	0.0858	0.0849	0.0856	0.0851	0.0842	0.0846	0.0854	0.0850	0.0857	0.0854	0.0839	0.0853	0.0847	0.0852	0.0841	0.0840	0.0833	
0.0850	0.0850	0.0861	0.0849	0.0857	0.0861	0.0867	0.0860	0.0851	0.0844	0.0842	0.0836	0.0843	0.0861	0.0845	0.0849	0.0849	0.0847	0.0851	0.0852	0.0847	0.0849	0.0853	0.0862	0.0851	0.0847	0.0835	0.0894	0.0844	0.0839	0.0836	0.0845	0.0834	0.0840	0.0833	0.0853	0.0835	0.0846	0.0829	0.0896	0.0830	0.0830	0.0828	0.0821	0.0836	0.0833	0.0834	0.0845	0.0831	0.0839	0.0835	0.0839	0.0841	0.0839	0.0839	0.0844	0.0835	0.0832	0.0833	0.0829	0.0837	0.0822	0.0833	0.0817	
0.0833	0.0834	0.0839	0.0828	0.0839	0.0842	0.0845	0.0842	0.0831	0.0813	0.0813	0.0801	0.0817	0.0817	0.0810	0.0813	0.0820	0.0830	0.0831	0.0829	0.0833	0.0826	0.0838	0.0840	0.0824	0.0818	0.0807	0.0813	0.0818	0.0805	0.0805	0.0814	0.0794	0.0816	0.0824	0.0832	0.0824	0.0821	0.0820	0.0877	0.0806	0.0801	0.0796	0.0797	0.0802	0.0810	0.0800	0.0810	0.0796	0.0820	0.0827	0.0824	0.0821	0.0821	0.0830	0.0831	0.0816	0.0805	0.0805	0.0811	0.0810	0.0797	0.0802	0.0790	
0.0838	0.0822	0.0831	0.0816	0.0825	0.0835	0.0835	0.0829	0.0823	0.0817	0.0818	0.0800	0.0813	0.0822	0.0807	0.0812	0.0836	0.0805	0.0817	0.0813	0.0808	0.0809	0.0816	0.0822	0.0825	0.0818	0.0797	0.0808	0.0817	0.0802	0.0800	0.0811	0.0821	0.0808	0.0805	0.0817	0.0810	0.0807	0.0798	0.0873	0.0813	0.0808	0.0790	0.0791	0.0805	0.0806	0.0802	0.0793	0.0821	0.0797	0.0820	0.0811	0.0809	0.0811	0.0814	0.0819	0.0820	0.0791	0.0804	0.0804	0.0801	0.0790	0.0801	0.0788	
0.0892	0.0885	0.0889	0.0878	0.0875	0.0890	0.0888	0.0885	0.0891	0.0880	0.0884	0.0873	0.0873	0.0889	0.0882	0.0877	0.0906	0.0867	0.0872	0.0866	0.0862	0.0868	0.0877	0.0876	0.0889	0.0878	0.0877	0.0871	0.0878	0.0875	0.0871	0.0874	0.0887	0.0864	0.0863	0.0868	0.0868	0.0867	0.0855	0.0923	0.0880	0.0877	0.0866	0.0861	0.0869	0.0875	0.0868	0.0865	0.0898	0.0862	0.0858	0.0862	0.0854	0.0869	0.0864	0.0861	0.0880	0.0869	0.0863	0.0863	0.0869	0.0855	0.0866	0.0848	
0.0912	0.0897	0.0906	0.0896	0.0891	0.0914	0.0917	0.0901	0.0924	0.0920	0.0918	0.0918	0.0907	0.0921	0.0916	0.0908	0.0926	0.0889	0.0896	0.0889	0.0889	0.0886	0.0892	0.0896	0.0923	0.0915	0.0903	0.0906	0.0903	0.0904	0.0903	0.0901	0.0911	0.0876	0.0874	0.0888	0.0883	0.0888	0.0880	0.0935	0.0908	0.0906	0.0891	0.0889	0.0904	0.0915	0.0894	0.0899	0.0914	0.0890	0.0872	0.0880	0.0875	0.0886	0.0881	0.0884	0.0902	0.0883	0.0890	0.0886	0.0890	0.0871	0.0888	0.0878	
0.0890	0.0887	0.0893	0.0881	0.0882	0.0892	0.0893	0.0885	0.0904	0.0898	0.0895	0.0884	0.0883	0.0893	0.0886	0.0883	0.0898	0.0875	0.0877	0.0874	0.0872	0.0872	0.0877	0.0883	0.0892	0.0891	0.0878	0.0878	0.0886	0.0879	0.0870	0.0873	0.0881	0.0872	0.0868	0.0876	0.0874	0.0874	0.0866	0.0928	0.0881	0.0880	0.0869	0.0866	0.0875	0.0877	0.0868	0.0871	0.0887	0.0869	0.0868	0.0859	0.0863	0.0862	0.0871	0.0864	0.0876	0.0863	0.0863	0.0863	0.0863	0.0852	0.0856	0.0857	
0.0887	0.0885	0.0887	0.0874	0.0872	0.0888	0.0886	0.0874	0.0890	0.0881	0.0879	0.0868	0.0871	0.0879	0.0873	0.0868	0.0883	0.0871	0.0871	0.0866	0.0867	0.0865	0.0866	0.0908	0.0882	0.0877	0.0861	0.0863	0.0869	0.0862	0.0855	0.0865	0.0858	0.0863	0.0854	0.0865	0.0860	0.0863	0.0855	0.0915	0.0868	0.0864	0.0854	0.0845	0.0865	0.0870	0.0858	0.0857	0.0863	0.0854	0.0846	0.0858	0.0846	0.0861	0.0861	0.0858	0.0868	0.0847	0.0858	0.0857	0.0860	0.0846	0.0851	0.0845	
0.0884	0.0884	0.0882	0.0870	0.0871	0.0878	0.0875	0.0863	0.0886	0.0873	0.0873	0.0859	0.0858	0.0875	0.0856	0.0856	0.0874	0.0863	0.0865	0.0859	0.0859	0.0856	0.0862	0.0864	0.0878	0.0868	0.0848	0.0856	0.0853	0.0850	0.0849	0.0853	0.0853	0.0860	0.0855	0.0864	0.0853	0.0859	0.0846	0.0909	0.0855	0.0850	0.0848	0.0842	0.0851	0.0858	0.0847	0.0853	0.0848	0.0848	0.0846	0.0854	0.0848	0.0852	0.0856	0.0850	0.0856	0.0843	0.0843	0.0847	0.0844	0.0832	0.0844	0.0834	
0.0874	0.0875	0.0874	0.0864	0.0864	0.0871	0.0877	0.0860	0.0880	0.0864	0.0859	0.0846	0.0845	0.0854	0.0841	0.0843	0.0862	0.0867	0.0865	0.0854	0.0864	0.0862	0.0865	0.0861	0.0871	0.0852	0.0836	0.0840	0.0846	0.0840	0.0841	0.0844	0.0833	0.0860	0.0846	0.0858	0.0844	0.0846	0.0848	0.0904	0.0833	0.0836	0.0828	0.0826	0.0840	0.0848	0.0831	0.0838	0.0837	0.0840	0.0848	0.0832	0.0853	0.0852	0.0855	0.0853	0.0848	0.0831	0.0835	0.0834	0.0836	0.0823	0.0835	0.0824	
0.0879	0.0879	0.0883	0.0867	0.0866	0.0873	0.0877	0.0866	0.0876	0.0863	0.0849	0.0840	0.0842	0.0851	0.0841	0.0837	0.0865	0.0866	0.0865	0.0856	0.0862	0.0854	0.0867	0.0869	0.0870	0.0846	0.0828	0.0833	0.0836	0.0835	0.0828	0.0841	0.0825	0.0858	0.0851	0.0861	0.0853	0.0858	0.0852	0.0911	0.0839	0.0837	0.0823	0.0817	0.0834	0.0837	0.0829	0.0832	0.0830	0.0838	0.0850	0.0841	0.0855	0.0860	0.0857	0.0853	0.0845	0.0831	0.0836	0.0831	0.0836	0.0821	0.0818	0.0818	
0.0865	0.0862	0.0863	0.0847	0.0848	0.0853	0.0851	0.0840	0.0854	0.0848	0.0834	0.0817	0.0821	0.0828	0.0815	0.0816	0.0843	0.0848	0.0837	0.0830	0.0837	0.0830	0.0842	0.0871	0.0847	0.0829	0.0811	0.0812	0.0817	0.0804	0.0800	0.0812	0.0809	0.0835	0.0829	0.0840	0.0827	0.0827	0.0828	0.0890	0.0818	0.0816	0.0801	0.0802	0.0812	0.0813	0.0808	0.0809	0.0813	0.0820	0.0837	0.0825	0.0826	0.0835	0.0836	0.0831	0.0822	0.0806	0.0815	0.0809	0.0811	0.0794	0.0806	0.0798	
0.0879	0.0869	0.0865	0.0851	0.0846	0.0852	0.0852	0.0839	0.0870	0.0846	0.0842	0.0825	0.0830	0.0828	0.0822	0.0826	0.0860	0.0848	0.0834	0.0831	0.0836	0.0829	0.0835	0.0835	0.0856	0.0838	0.0816	0.0821	0.0835	0.0821	0.0811	0.0818	0.0823	0.0828	0.0829	0.0832	0.0830	0.0827	0.0819	0.0889	0.0835	0.0817	0.0807	0.0808	0.0812	0.0820	0.0805	0.0809	0.0814	0.0831	0.0819	0.0824	0.0830	0.0832	0.0827	0.0830	0.0828	0.0805	0.0811	0.0812	0.0815	0.0800	0.0809	0.0806	
0.0917	0.0906	0.0905	0.0885	0.0879	0.0882	0.0885	0.0871	0.0908	0.0899	0.0890	0.0876	0.0867	0.0879	0.0866	0.0860	0.0922	0.0876	0.0871	0.0859	0.0859	0.0854	0.0863	0.0909	0.0897	0.0882	0.0866	0.0864	0.0868	0.0861	0.0862	0.0860	0.0882	0.0856	0.0852	0.0862	0.0850	0.0851	0.0852	0.0904	0.0873	0.0856	0.0846	0.0845	0.0848	0.0856	0.0848	0.0856	0.0892	0.0849	0.0851	0.0848	0.0844	0.0856	0.0849	0.0848	0.0867	0.0849	0.0853	0.0844	0.0848	0.0838	0.0862	0.0840	
0.0958	0.0947	0.0947	0.0928	0.0913	0.0927	0.0937	0.0906	0.0986	0.0970	0.0952	0.0934	0.0927	0.0940	0.0928	0.0925	0.0964	0.0924	0.0914	0.0903	0.0900	0.0898	0.0907	0.0902	0.0956	0.0940	0.0921	0.0915	0.0914	0.0918	0.0909	0.0915	0.0925	0.0899	0.0896	0.0895	0.0892	0.0891	0.0886	0.0946	0.0925	0.0913	0.0909	0.0902	0.0907	0.0917	0.0910	0.0905	0.0919	0.0889	0.0883	0.0887	0.0882	0.0894	0.0891	0.0888	0.0913	0.0904	0.0895	0.0894	0.0893	0.0891	0.0900	0.0885	
0.0937	0.0928	0.0922	0.0898	0.0892	0.0898	0.0894	0.0879	0.0949	0.0932	0.0916	0.0895	0.0882	0.0895	0.0880	0.0881	0.0934	0.0903	0.0887	0.0870	0.0864	0.0867	0.0880	0.0873	0.0911	0.0898	0.0870	0.0869	0.0876	0.0873	0.0871	0.0872	0.0879	0.0872	0.0861	0.0870	0.0862	0.0869	0.0862	0.0915	0.0888	0.0883	0.0870	0.0859	0.0864	0.0865	0.0863	0.0864	0.0879	0.0866	0.0860	0.0863	0.0855	0.0860	0.0861	0.0854	0.0917	0.0861	0.0852	0.0856	0.0852	0.0848	0.0847	0.0839	
0.0942	0.0939	0.0933	0.0906	0.0892	0.0896	0.0894	0.0876	0.0952	0.0935	0.0919	0.0888	0.0881	0.0893	0.0874	0.0871	0.0931	0.0902	0.0883	0.0875	0.0865	0.0863	0.0870	0.0874	0.0918	0.0892	0.0865	0.0876	0.0873	0.0868	0.0866	0.0865	0.0876	0.0874	0.0868	0.0872	0.0863	0.0868	0.0854	0.0918	0.0875	0.0865	0.0860	0.0856	0.0863	0.0873	0.0858	0.0866	0.0869	0.0858	0.0856	0.0860	0.0847	0.0856	0.0861	0.0858	0.0872	0.0856	0.0859	0.0860	0.0859	0.0851	0.0856	0.0850	
0.0962	0.0950	0.0940	0.0914	0.0899	0.0903	0.0906	0.0882	0.0971	0.0949	0.0927	0.0900	0.0891	0.0899	0.0878	0.0876	0.0942	0.0909	0.0895	0.0880	0.0874	0.0875	0.0883	0.0879	0.0928	0.0906	0.0881	0.0881	0.0884	0.0867	0.0867	0.0872	0.0893	0.0879	0.0872	0.0882	0.0868	0.0880	0.0862	0.0921	0.0874	0.0878	0.0859	0.0867	0.0864	0.0879	0.0869	0.0873	0.0876	0.0868	0.0868	0.0865	0.0865	0.0870	0.0869	0.0869	0.0877	0.0864	0.0870	0.0868	0.0862	0.0857	0.0867	0.0851	
0.0956	0.0950	0.0942	0.0912	0.0892	0.0892	0.0892	0.0868	0.0959	0.0937	0.0912	0.0880	0.0869	0.0875	0.0881	0.0862	0.0930	0.0905	0.0883	0.0874	0.0870	0.0865	0.0864	0.0868	0.0914	0.0889	0.0858	0.0855	0.0857	0.0852	0.0852	0.0855	0.0861	0.0864	0.0856	0.0860	0.0861	0.0864	0.0850	0.0909	0.0870	0.0866	0.0840	0.0840	0.0845	0.0855	0.0860	0.0857	0.0862	0.0852	0.0858	0.0848	0.0854	0.0855	0.0858	0.0860	0.0858	0.0848	0.0853	0.0838	0.0852	0.0838	0.0845	0.0837	
0.0969	0.0964	0.0954	0.0918	0.0898	0.0892	0.0890	0.0878	0.0971	0.0946	0.0918	0.0877	0.0870	0.0879	0.0854	0.0855	0.0939	0.0915	0.0893	0.0880	0.0889	0.0874	0.0885	0.0923	0.0924	0.0888	0.0861	0.0849	0.0857	0.0852	0.0842	0.0846	0.0858	0.0871	0.0871	0.0882	0.0868	0.0864	0.0862	0.0929	0.0864	0.0854	0.0843	0.0831	0.0847	0.0848	0.0841	0.0844	0.0854	0.0862	0.0867	0.0869	0.0866	0.0878	0.0872	0.0876	0.0854	0.0841	0.0847	0.0841	0.0844	0.0836	0.0839	0.0830	
0.0969	0.0953	0.0936	0.0906	0.0878	0.0865	0.0869	0.0849	0.0965	0.0926	0.0901	0.0849	0.0834	0.0842	0.0821	0.0820	0.0911	0.0889	0.0871	0.0855	0.0854	0.0844	0.0848	0.0849	0.0892	0.0860	0.0837	0.0839	0.0826	0.0819	0.0811	0.0821	0.0836	0.0849	0.0843	0.0848	0.0845	0.0836	0.0839	0.0899	0.0835	0.0824	0.0807	0.0814	0.0822	0.0820	0.0814	0.0812	0.0809	0.0831	0.0844	0.0837	0.0840	0.0831	0.0842	0.0842	0.0831	0.0813	0.0823	0.0814	0.0813	0.0811	0.0811	0.0810	
0.0973	0.0951	0.0935	0.0892	0.0868	0.0852	0.0854	0.0839	0.0963	0.0925	0.0892	0.0844	0.0827	0.0831	0.0814	0.0817	0.0918	0.0877	0.0854	0.0838	0.0829	0.0818	0.0833	0.0868	0.0901	0.0856	0.0821	0.0817	0.0826	0.0812	0.0803	0.0808	0.0832	0.0830	0.0821	0.0828	0.0821	0.0822	0.0812	0.0881	0.0833	0.0820	0.0802	0.0797	0.0805	0.0805	0.0799	0.0805	0.0820	0.0821	0.0820	0.0820	0.0821	0.0823	0.0821	0.0813	0.0815	0.0816	0.0808	0.0796	0.0811	0.0791	0.0816	0.0795	
0.1020	0.0998	0.0978	0.0935	0.0904	0.0891	0.0890	0.0877	0.1019	0.0988	0.0944	0.0901	0.0877	0.0883	0.0869	0.0869	0.0992	0.0928	0.0890	0.0876	0.0864	0.0861	0.0865	0.0859	0.0945	0.0900	0.0871	0.0875	0.0876	0.0862	0.0860	0.0860	0.0906	0.0865	0.0860	0.0863	0.0858	0.0855	0.0843	0.0910	0.0885	0.0865	0.0854	0.0846	0.0865	0.0867	0.0857	0.0858	0.0901	0.0860	0.0856	0.0852	0.0852	0.0854	0.0857	0.0832	0.0865	0.0858	0.0860	0.0844	0.0850	0.0848	0.0856	0.0837	
0.1077	0.1048	0.1020	0.0977	0.0932	0.0931	0.0925	0.0904	0.1105	0.1063	0.1010	0.0962	0.0930	0.0935	0.0919	0.0920	0.1042	0.0969	0.0937	0.0905	0.0894	0.0896	0.0898	0.0889	0.1006	0.0961	0.0931	0.0913	0.0913	0.0908	0.0902	0.0904	0.0941	0.0899	0.0895	0.0896	0.0887	0.0894	0.0880	0.0939	0.0938	0.0922	0.0911	0.0900	0.0904	0.0912	0.0900	0.0899	0.0922	0.0884	0.0881	0.0883	0.0882	0.0881	0.0877	0.0875	0.0907	0.0897	0.0890	0.0881	0.0874	0.0876	0.0891	0.0876	
0.1096	0.1066	0.1038	0.0982	0.0931	0.0916	0.0907	0.0886	0.1114	0.1062	0.1002	0.0940	0.0901	0.0908	0.0891	0.0885	0.1047	0.0969	0.0922	0.0898	0.0880	0.0876	0.0875	0.0875	0.0992	0.0929	0.0894	0.0898	0.0875	0.0869	0.0876	0.0878	0.0910	0.0886	0.0871	0.0872	0.0865	0.0872	0.0859	0.0918	0.0904	0.0891	0.0870	0.0866	0.0869	0.0872	0.0861	0.0862	0.0893	0.0875	0.0860	0.0866	0.0861	0.0865	0.0866	0.0865	0.0881	0.0865	0.0862	0.0854	0.0857	0.0853	0.0858	0.0854	
0.1119	0.1104	0.1065	0.0997	0.0936	0.0922	0.0912	0.0892	0.1144	0.1089	0.1020	0.0942	0.0904	0.0906	0.0890	0.0887	0.1057	0.0985	0.0931	0.0897	0.0886	0.0880	0.0878	0.0879	0.1005	0.0942	0.0901	0.0902	0.0884	0.0876	0.0873	0.0874	0.0919	0.0890	0.0883	0.0885	0.0870	0.0881	0.0866	0.0937	0.0913	0.0893	0.0877	0.0874	0.0873	0.0882	0.0872	0.0872	0.0880	0.0886	0.0865	0.0865	0.0866	0.0865	0.0874	0.0868	0.0893	0.0875	0.0875	0.0866	0.0867	0.0860	0.0870	0.0861	
0.1161	0.1125	0.1083	0.1014	0.0939	0.0925	0.0909	0.0882	0.1185	0.1109	0.1025	0.0940	0.0909	0.0903	0.0883	0.0876	0.1078	0.1004	0.0929	0.0892	0.0881	0.0879	0.0876	0.0880	0.1022	0.0945	0.0891	0.0884	0.0877	0.0868	0.0871	0.0871	0.0919	0.0895	0.0883	0.0875	0.0870	0.0867	0.0853	0.0922	0.0900	0.0882	0.0875	0.0870	0.0876	0.0878	0.0870	0.0869	0.0886	0.0873	0.0865	0.0868	0.0862	0.0871	0.0869	0.0860	0.0887	0.0875	0.0870	0.0864	0.0860	0.0855	0.0875	0.0856	
0.1178	0.1155	0.1095	0.1013	0.0937	0.0915	0.0902	0.0875	0.1206	0.1133	0.1034	0.0932	0.0898	0.0890	0.0871	0.0860	0.1087	0.1015	0.0925	0.0923	0.0878	0.0872	0.0871	0.0893	0.1024	0.0941	0.0887	0.0880	0.0870	0.0863	0.0851	0.0852	0.0891	0.0888	0.0867	0.0869	0.0867	0.0858	0.0855	0.0923	0.0896	0.0879	0.0861	0.0859	0.0857	0.0861	0.0852	0.0859	0.0872	0.0869	0.0865	0.0867	0.0856	0.0864	0.0859	0.0855	0.0874	0.0860	0.0861	0.0857	0.0845	0.0844	0.0850	0.0845	
0.1218	0.1195	0.1142	0.1044	0.0953	0.0917	0.0907	0.0885	0.1246	0.1157	0.1049	0.0930	0.0894	0.0882	0.0861	0.0858	0.1107	0.1032	0.0944	0.0903	0.0892	0.0876	0.0889	0.0881	0.1042	0.0944	0.0888	0.0869	0.0876	0.0855	0.0853	0.0850	0.0908	0.0885	0.0875	0.0882	0.0874	0.0874	0.0862	0.0929	0.0898	0.0866	0.0852	0.0843	0.0847	0.0854	0.0841	0.0844	0.0872	0.0864	0.0869	0.0874	0.0860	0.0864	0.0875	0.0867	0.0874	0.0850	0.0846	0.0842	0.0843	0.0841	0.0843	0.0842	
0.1272	0.1232	0.1163	0.1058	0.0962	0.0917	0.0908	0.0886	0.1278	0.1171	0.1066	0.0925	0.0884	0.0876	0.0849	0.0849	0.1144	0.1046	0.0946	0.0896	0.0878	0.0874	0.0880	0.0884	0.1055	0.0935	0.0871	0.0867	0.0857	0.0845	0.0836	0.0843	0.0889	0.0893	0.0876	0.0881	0.0872	0.0858	0.0862	0.0925	0.0895	0.0858	0.0838	0.0832	0.0836	0.0844	0.0840	0.0841	0.0858	0.0877	0.0868	0.0874	0.0855	0.0871	0.0866	0.0863	0.0857	0.0851	0.0846	0.0835	0.0841	0.0834	0.0835	0.0832	
0.1297	0.1246	0.1167	0.1052	0.0938	0.0888	0.0876	0.0853	0.1302	0.1197	0.1069	0.0916	0.0857	0.0846	0.0827	0.0825	0.1140	0.1037	0.0922	0.0866	0.0852	0.0838	0.0843	0.0836	0.1051	0.0923	0.0853	0.0839	0.0825	0.0821	0.0810	0.0818	0.0873	0.0863	0.0838	0.0852	0.0836	0.0835	0.0828	0.0886	0.0862	0.0825	0.0814	0.0808	0.0812	0.0814	0.0805	0.0810	0.0825	0.0840	0.0830	0.0834	0.0828	0.0836	0.0832	0.0832	0.0846	0.0807	0.0815	0.0797	0.0813	0.0799	0.0825	0.0796	
0.1326	0.1274	0.1185	0.1061	0.0939	0.0878	0.0861	0.0836	0.1345	0.1229	0.1088	0.0911	0.0869	0.0845	0.0821	0.0820	0.1177	0.1046	0.0912	0.0849	0.0834	0.0821	0.0816	0.0823	0.1065	0.0912	0.0849	0.0838	0.0833	0.0815	0.0815	0.0808	0.0888	0.0850	0.0824	0.0830	0.0825	0.0818	0.0814	0.0873	0.0872	0.0834	0.0812	0.0810	0.0814	0.0817	0.0808	0.0809	0.0850	0.0819	0.0809	0.0817	0.0818	0.0814	0.0815	0.0808	0.0841	0.0818	0.0818	0.0808	0.0811	0.0800	0.0816	0.0793	
0.1435	0.1361	0.1260	0.1118	0.0984	0.0915	0.0896	0.0871	0.1434	0.1321	0.1149	0.0969	0.0903	0.0888	0.0860	0.0862	0.1259	0.1102	0.0952	0.0890	0.0872	0.0858	0.0859	0.0861	0.1137	0.0973	0.0895	0.0875	0.0863	0.0859	0.0851	0.0842	0.0954	0.0881	0.0858	0.0855	0.0843	0.0852	0.0841	0.0896	0.0917	0.0875	0.0848	0.0846	0.0846	0.0856	0.0851	0.0848	0.0910	0.0862	0.0849	0.0845	0.0836	0.0848	0.0836	0.0839	0.0875	0.0852	0.0849	0.0848	0.0844	0.0839	0.0851	0.0837	
0.1525	0.1449	0.1332	0.1188	0.1015	0.0945	0.0916	0.0895	0.1544	0.1399	0.1207	0.1003	0.0928	0.0919	0.0887	0.0888	0.1333	0.1169	0.0990	0.0912	0.0888	0.0877	0.0879	0.0875	0.1185	0.1012	0.0927	0.0902	0.0894	0.0886	0.0881	0.0872	0.0981	0.0907	0.0877	0.0886	0.0867	0.0866	0.0860	0.0912	0.0952	0.0901	0.0876	0.0871	0.0871	0.0881	0.0864	0.0875	0.0929	0.0878	0.0867	0.0869	0.0855	0.0865	0.0858	0.0860	0.0896	0.0885	0.0870	0.0873	0.0872	0.0858	0.0862	0.0851	
0.1660	0.1579	0.1428	0.1261	0.1061	0.0981	0.0952	0.0922	0.1699	0.1543	0.1319	0.1082	0.0978	0.0963	0.0937	0.0929	0.1440	0.1240	0.1039	0.0951	0.0924	0.0914	0.0910	0.0926	0.1279	0.1082	0.0976	0.0952	0.0925	0.0926	0.0921	0.0920	0.1017	0.0947	0.0918	0.0911	0.0897	0.0895	0.0891	0.0944	0.0994	0.0954	0.0933	0.0921	0.0922	0.0929	0.0912	0.0909	0.0954	0.0909	0.0900	0.0905	0.0895	0.0896	0.0892	0.0891	0.0945	0.0921	0.0908	0.0901	0.0905	0.0893	0.0909	0.0886	
0.1752	0.1660	0.1507	0.1284	0.1061	0.0959	0.0924	0.0893	0.1759	0.1572	0.1321	0.1056	0.0947	0.0919	0.0899	0.0885	0.1493	0.1266	0.1027	0.0930	0.0888	0.0872	0.0879	0.0872	0.1290	0.1050	0.0927	0.0910	0.0885	0.0873	0.0879	0.0866	0.0990	0.0922	0.0884	0.0877	0.0855	0.0873	0.0859	0.0914	0.0960	0.0916	0.0886	0.0870	0.0869	0.0875	0.0863	0.0857	0.0909	0.0877	0.0856	0.0859	0.0854	0.0853	0.0855	0.0848	0.0886	0.0869	0.0864	0.0856	0.0848	0.0842	0.0852	0.0852	
0.1895	0.1779	0.1601	0.1368	0.1095	0.0972	0.0931	0.0900	0.1912	0.1702	0.1407	0.1086	0.0957	0.0928	0.0892	0.0895	0.1598	0.1342	0.1054	0.0932	0.0905	0.0888	0.0887	0.0886	0.1352	0.1083	0.0948	0.0916	0.0893	0.0886	0.0882	0.0877	0.1020	0.0932	0.0901	0.0885	0.0877	0.0876	0.0863	0.0926	0.0977	0.0913	0.0886	0.0874	0.0872	0.0886	0.0871	0.0867	0.0909	0.0901	0.0870	0.0877	0.0869	0.0873	0.0869	0.0869	0.0906	0.0885	0.0872	0.0869	0.0864	0.0856	0.0878	0.0860	
0.2017	0.1899	0.1695	0.1426	0.1123	0.0971	0.0932	0.0892	0.2030	0.1786	0.1438	0.1106	0.0959	0.0926	0.0891	0.0883	0.1698	0.1393	0.1073	0.0939	0.0893	0.0883	0.0884	0.0876	0.1404	0.1092	0.0943	0.0912	0.0886	0.0881	0.0870	0.0873	0.1021	0.0936	0.0891	0.0887	0.0876	0.0878	0.0858	0.0919	0.0975	0.0908	0.0886	0.0873	0.0875	0.0877	0.0871	0.0863	0.0911	0.0885	0.0873	0.0863	0.0860	0.0864	0.0863	0.0863	0.0903	0.0882	0.0867	0.0863	0.0861	0.0853	0.0861	0.0859	
0.2132	0.2011	0.1792	0.1503	0.1151	0.0979	0.0926	0.0891	0.2154	0.1899	0.1541	0.1128	0.0964	0.0928	0.0890	0.0879	0.1775	0.1453	0.1088	0.0942	0.0905	0.0885	0.0885	0.0871	0.1477	0.1121	0.0956	0.0911	0.0884	0.0872	0.0871	0.0873	0.1030	0.0938	0.0883	0.0884	0.0865	0.0870	0.0864	0.0919	0.0981	0.0912	0.0881	0.0860	0.0870	0.0873	0.0861	0.0863	0.0907	0.0882	0.0868	0.0868	0.0868	0.0866	0.0867	0.0855	0.0908	0.0878	0.0871	0.0864	0.0856	0.0856	0.0865	0.0849	
0.2290	0.2158	0.1903	0.1576	0.1187	0.0978	0.0929	0.0891	0.2322	0.2020	0.1608	0.1157	0.0967	0.0920	0.0887	0.0878	0.1884	0.1533	0.1119	0.0942	0.0899	0.0881	0.0878	0.0873	0.1546	0.1155	0.0962	0.0919	0.0887	0.0867	0.0868	0.0858	0.1050	0.0945	0.0886	0.0887	0.0867	0.0872	0.0859	0.0922	0.0988	0.0902	0.0877	0.0857	0.0861	0.0874	0.0857	0.0849	0.0898	0.0887	0.0870	0.0871	0.0863	0.0869	0.0865	0.0856	0.0910	0.0869	0.0864	0.0849	0.0841	0.0844	0.0854	0.0845	
0.2463	0.2310	0.2032	0.1670	0.1226	0.0992	0.0923	0.0884	0.2482	0.2170	0.1712	0.1206	0.0975	0.0922	0.0873	0.0870	0.1996	0.1609	0.1159	0.0952	0.0897	0.0881	0.0882	0.0873	0.1640	0.1179	0.0960	0.0903	0.0882	0.0859	0.0855	0.0852	0.1074	0.0946	0.0879	0.0885	0.0861	0.0866	0.0852	0.0916	0.1003	0.0914	0.0883	0.0870	0.0866	0.0873	0.0854	0.0858	0.0906	0.0880	0.0869	0.0850	0.0858	0.0861	0.0860	0.0846	0.0892	0.0863	0.0863	0.0842	0.0847	0.0836	0.0854	0.0839	
0.2673	0.2491	0.2167	0.1778	0.1272	0.1007	0.0943	0.0897	0.2667	0.2315	0.1801	0.1233	0.0984	0.0924	0.0883	0.0872	0.2144	0.1708	0.1203	0.0983	0.0916	0.0882	0.0896	0.0897	0.1731	0.1224	0.0976	0.0912	0.0885	0.0864	0.0851	0.0854	0.1099	0.0954	0.0900	0.0904	0.0884	0.0877	0.0871	0.0926	0.1011	0.0910	0.0879	0.0857	0.0862	0.0855	0.0844	0.0843	0.0905	0.0892	0.0884	0.0887	0.0883	0.0875	0.0872	0.0872	0.0900	0.0872	0.0862	0.0849	0.0854	0.0848	0.0857	0.0840	
0.2857	0.2661	0.2312	0.1866	0.1307	0.1001	0.0981	0.0893	0.2849	0.2453	0.1884	0.1241	0.0972	0.0905	0.0858	0.0852	0.2290	0.1802	0.1225	0.0964	0.0902	0.0889	0.0879	0.0874	0.1803	0.1240	0.0954	0.0883	0.0870	0.0852	0.0845	0.0840	0.1094	0.0957	0.0891	0.0885	0.0872	0.0876	0.0856	0.0927	0.1012	0.0905	0.0867	0.0842	0.0845	0.0844	0.0834	0.0835	0.0894	0.0885	0.0870	0.0869	0.0861	0.0865	0.0866	0.0851	0.0878	0.0848	0.0849	0.0827	0.0836	0.0827	0.0831	0.0827	
0.3031	0.2795	0.2426	0.1937	0.1320	0.0981	0.0897	0.0847	0.3041	0.2599	0.1981	0.1262	0.0961	0.0883	0.0842	0.0829	0.2413	0.1872	0.1213	0.0932	0.0868	0.0843	0.0834	0.0832	0.1877	0.1244	0.0934	0.0871	0.0847	0.0837	0.0818	0.0822	0.1114	0.0923	0.0857	0.0847	0.0832	0.0832	0.0820	0.0877	0.1003	0.0877	0.0833	0.0821	0.0831	0.0821	0.0820	0.0814	0.0886	0.0849	0.0835	0.0833	0.0820	0.0821	0.0820	0.0808	0.0866	0.0828	0.0823	0.0818	0.0822	0.0801	0.0814	0.0802	
0.3303	0.3049	0.2659	0.2121	0.1428	0.1031	0.0943	0.0901	0.3300	0.2841	0.2143	0.1357	0.1016	0.0936	0.0889	0.0874	0.2624	0.2012	0.1297	0.0984	0.0911	0.0888	0.0877	0.0869	0.2037	0.1334	0.1001	0.0933	0.0903	0.0883	0.0868	0.0871	0.1190	0.0969	0.0890	0.0883	0.0871	0.0867	0.0851	0.0913	0.1055	0.0934	0.0888	0.0871	0.0872	0.0875	0.0867	0.0865	0.0954	0.0893	0.0868	0.0866	0.0857	0.0857	0.0857	0.0845	0.0919	0.0887	0.0873	0.0857	0.0861	0.0842	0.0864	0.0848	
0.3554	0.3300	0.2889	0.2291	0.1524	0.1080	0.0978	0.0932	0.3564	0.3074	0.2327	0.1474	0.1076	0.0987	0.0943	0.0935	0.2868	0.2181	0.1394	0.1028	0.0943	0.0925	0.0918	0.0920	0.2231	0.1439	0.1063	0.0975	0.0939	0.0927	0.0923	0.0915	0.1280	0.1021	0.0929	0.0923	0.0906	0.0907	0.0896	0.0947	0.1128	0.0988	0.0943	0.0929	0.0930	0.0926	0.0920	0.0906	0.1000	0.0931	0.0905	0.0903	0.0891	0.0886	0.0886	0.0889	0.0961	0.0923	0.0922	0.0894	0.0905	0.0895	0.0906	0.0889	
0.3846	0.3589	0.3096	0.2473	0.1595	0.1103	0.0979	0.0927	0.3838	0.3340	0.2522	0.1540	0.1101	0.1002	0.0949	0.0929	0.3124	0.2378	0.1452	0.1034	0.0942	0.0924	0.0908	0.0903	0.2391	0.1517	0.1080	0.0984	0.0936	0.0920	0.0917	0.0901	0.1311	0.1020	0.0931	0.0916	0.0895	0.0907	0.0888	0.0946	0.1159	0.0994	0.0944	0.0925	0.0924	0.0925	0.0910	0.0896	0.0987	0.0962	0.0896	0.0899	0.0889	0.0891	0.0890	0.0883	0.0950	0.0928	0.0902	0.0894	0.0888	0.0879	0.0896	0.0874	
0.4073	0.3806	0.3352	0.2654	0.1700	0.1106	0.0967	0.0909	0.4103	0.3547	0.2712	0.1639	0.1098	0.0977	0.0922	0.0902	0.3314	0.2533	0.1525	0.1033	0.0925	0.0903	0.0890	0.0881	0.2564	0.1575	0.1079	0.0960	0.0905	0.0885	0.0887	0.0876	0.1356	0.1020	0.0913	0.0896	0.0874	0.0881	0.0862	0.0922	0.1174	0.0989	0.0926	0.0896	0.0895	0.0890	0.0868	0.0871	0.0966	0.0899	0.0872	0.0872	0.0856	0.0869	0.0859	0.0854	0.0925	0.0893	0.0875	0.0860	0.0858	0.0849	0.0862	0.0847	
0.4372	0.4094	0.3579	0.2875	0.1802	0.1128	0.0977	0.0913	0.4366	0.3825	0.2892	0.1720	0.1114	0.0978	0.0908	0.0897	0.3597	0.2752	0.1611	0.1058	0.0938	0.0913	0.0892	0.0882	0.2775	0.1672	0.1096	0.0956	0.0913	0.0885	0.0878	0.0877	0.1431	0.1041	0.0923	0.0903	0.0882	0.0882	0.0869	0.0927	0.1199	0.0972	0.0912	0.0885	0.0885	0.0884	0.0868	0.0875	0.0972	0.0913	0.0885	0.0884	0.0859	0.0869	0.0862	0.0866	0.0931	0.0901	0.0882	0.0865	0.0867	0.0863	0.0870	0.0854	
0.4636	0.4354	0.3848	0.3082	0.1908	0.1142	0.0971	0.0905	0.4680	0.4087	0.3133	0.1830	0.1136	0.0967	0.0898	0.0879	0.3832	0.2958	0.1695	0.1073	0.0939	0.0904	0.0878	0.0872	0.2973	0.1752	0.1097	0.0944	0.0899	0.0875	0.0866	0.0868	0.1480	0.1047	0.0913	0.0894	0.0876	0.0880	0.0860	0.0914	0.1219	0.0956	0.0902	0.0874	0.0870	0.0868	0.0859	0.0858	0.0956	0.0904	0.0882	0.0866	0.0865	0.0864	0.0858	0.0860	0.0922	0.0882	0.0875	0.0853	0.0854	0.0847	0.0851	0.0846	
0.4892	0.4600	0.4121	0.3368	0.2074	0.1179	0.0985	0.0916	0.4973	0.4377	0.3345	0.1933	0.1153	0.0971	0.0892	0.0882	0.4084	0.3165	0.1804	0.1092	0.0947	0.0906	0.0900	0.0892	0.3180	0.1854	0.1110	0.0984	0.0898	0.0871	0.0861	0.0860	0.1573	0.1078	0.0935	0.0909	0.0887	0.0890	0.0871	0.0932	0.1251	0.0969	0.0899	0.0870	0.0868	0.0868	0.0858	0.0853	0.0962	0.0925	0.0889	0.0880	0.0871	0.0875	0.0873	0.0876	0.0940	0.0881	0.0863	0.0852	0.0857	0.0838	0.0852	0.0851	
0.5090	0.4837	0.4296	0.3511	0.2139	0.1179	0.0951	0.0881	0.5136	0.4598	0.3555	0.2006	0.1147	0.0932	0.0851	0.0841	0.4299	0.3375	0.1862	0.1075	0.0920	0.0870	0.0860	0.0856	0.3384	0.1948	0.1117	0.0929	0.0873	0.0844	0.0829	0.0827	0.1633	0.1067	0.0896	0.0876	0.0850	0.0852	0.0835	0.0896	0.1254	0.0933	0.0864	0.0835	0.0830	0.0831	0.0822	0.0820	0.0942	0.0882	0.0855	0.0841	0.0843	0.0843	0.0836	0.0839	0.0888	0.0845	0.0831	0.0818	0.0820	0.0815	0.0816	0.0810	
0.5279	0.5038	0.4548	0.3742	0.2276	0.1181	0.0940	0.0877	0.5306	0.4764	0.3750	0.2135	0.1187	0.0945	0.0865	0.0850	0.4474	0.3574	0.1971	0.1089	0.0912	0.0869	0.0848	0.0839	0.3618	0.2037	0.1131	0.0938	0.0877	0.0848	0.0840	0.0838	0.1722	0.1066	0.0888	0.0875	0.0843	0.0836	0.0824	0.0884	0.1302	0.0953	0.0872	0.0842	0.0848	0.0830	0.0818	0.0825	0.0972	0.0886	0.0844	0.0835	0.0836	0.0825	0.0822	0.0820	0.0885	0.0847	0.0840	0.0822	0.0821	0.0809	0.0829	0.0814	
0.5553	0.5326	0.4810	0.4026	0.2473	0.1300	0.1026	0.0955	0.5577	0.5013	0.4065	0.2344	0.1297	0.1033	0.0963	0.0943	0.4742	0.3857	0.2143	0.1185	0.0982	0.0947	0.0927	0.0916	0.3936	0.2235	0.1231	0.1023	0.0961	0.0940	0.0931	0.0924	0.1879	0.1155	0.0970	0.0944	0.0917	0.0912	0.0893	0.0949	0.1454	0.1057	0.0966	0.0945	0.0925	0.0929	0.0914	0.0920	0.1062	0.0965	0.0915	0.0900	0.0896	0.0899	0.0895	0.0894	0.0988	0.0948	0.0929	0.0908	0.0906	0.0904	0.0909	0.0892	
0.5870	0.5619	0.5151	0.4356	0.2716	0.1340	0.1005	0.0928	0.5877	0.5334	0.4319	0.2492	0.1330	0.1020	0.0928	0.0912	0.5074	0.4163	0.2316	0.1206	0.0964	0.0918	0.0894	0.0892	0.4215	0.2418	0.1269	0.0994	0.0921	0.0898	0.0889	0.0876	0.2009	0.1173	0.0941	0.0909	0.0883	0.0884	0.0860	0.0920	0.1489	0.1042	0.0930	0.0911	0.0897	0.0882	0.0871	0.0870	0.1040	0.0939	0.0885	0.0869	0.0866	0.0870	0.0859	0.0852	0.0950	0.0898	0.0877	0.0861	0.0859	0.0846	0.0849	0.0852	
0.6098	0.5825	0.5412	0.4598	0.2884	0.1392	0.1011	0.0932	0.6141	0.5581	0.4634	0.2710	0.1374	0.1022	0.0927	0.0907	0.5331	0.4418	0.2550	0.1252	0.0976	0.0929	0.0901	0.0890	0.4500	0.2586	0.1305	0.1001	0.0926	0.0899	0.0879	0.0880	0.2147	0.1220	0.0952	0.0931	0.0887	0.0890	0.0872	0.0922	0.1577	0.1031	0.0940	0.0904	0.0893	0.0883	0.0873	0.0869	0.1070	0.0945	0.0895	0.0885	0.0866	0.0875	0.0869	0.0856	0.0961	0.0910	0.0885	0.0876	0.0867	0.0867	0.0860	0.0864	
0.6293	0.6070	0.5655	0.4904	0.3170	0.1463	0.1019	0.0943	0.6371	0.5842	0.4877	0.2916	0.1441	0.1036	0.0928	0.0913	0.5636	0.4676	0.2689	0.1299	0.0992	0.0926	0.0898	0.0889	0.4749	0.2837	0.1376	0.1016	0.0929	0.0910	0.0892	0.0882	0.2344	0.1267	0.0963	0.0932	0.0896	0.0899	0.0874	0.0929	0.1674	0.1059	0.0937	0.0907	0.0899	0.0889	0.0872	0.0867	0.1079	0.0957	0.0900	0.0886	0.0879	0.0877	0.0875	0.0864	0.0968	0.0920	0.0895	0.0875	0.0872	0.0862	0.0883	0.0869	
0.6463	0.6271	0.5852	0.5128	0.3387	0.1528	0.1027	0.0943	0.6578	0.6043	0.5135	0.3123	0.1509	0.1045	0.0933	0.0911	0.5850	0.4927	0.2931	0.1365	0.1003	0.0940	0.0913	0.0894	0.5067	0.2969	0.1401	0.1011	0.0924	0.0894	0.0881	0.0880	0.2481	0.1306	0.0981	0.0938	0.0903	0.0892	0.0876	0.0938	0.1769	0.1072	0.0951	0.0912	0.0897	0.0879	0.0875	0.0870	0.1103	0.0963	0.0906	0.0884	0.0883	0.0882	0.0871	0.0870	0.0981	0.0919	0.0893	0.0873	0.0872	0.0861	0.0871	0.0861	
0.6536	0.6418	0.6071	0.5373	0.3633	0.1600	0.1036	0.0944	0.6723	0.6280	0.5333	0.3334	0.1561	0.1033	0.0911	0.0896	0.6070	0.5249	0.3089	0.1391	0.1005	0.0926	0.0914	0.0900	0.5308	0.3210	0.1454	0.1015	0.0923	0.0883	0.0868	0.0863	0.2675	0.1346	0.0992	0.0936	0.0904	0.0899	0.0873	0.0936	0.1840	0.1071	0.0934	0.0888	0.0887	0.0862	0.0857	0.0846	0.1099	0.0962	0.0905	0.0886	0.0886	0.0889	0.0880	0.0874	0.0962	0.0896	0.0876	0.0863	0.0850	0.0849	0.0849	0.0845	
0.6599	0.6520	0.6248	0.5599	0.3894	0.1642	0.0997	0.0909	0.6797	0.6436	0.5533	0.3511	0.1577	0.1001	0.0873	0.0855	0.6276	0.5431	0.3266	0.1415	0.0970	0.0895	0.0869	0.0856	0.5520	0.3372	0.1479	0.0992	0.0896	0.0859	0.0835	0.0835	0.2811	0.1355	0.0942	0.0890	0.0862	0.0854	0.0829	0.0896	0.1910	0.1042	0.0897	0.0857	0.0851	0.0832	0.0819	0.0820	0.1094	0.0932	0.0867	0.0845	0.0839	0.0835	0.0833	0.0822	0.0925	0.0873	0.0852	0.0827	0.0826	0.0813	0.0822	0.0813	
0.6575	0.6576	0.6366	0.5763	0.4104	0.1757	0.1050	0.0955	0.6853	0.6600	0.5742	0.3761	0.1692	0.1061	0.0931	0.0909	0.6488	0.5618	0.3497	0.1490	0.1007	0.0930	0.0902	0.0880	0.5556	0.3646	0.1583	0.1050	0.0944	0.0903	0.0888	0.0877	0.3014	0.1414	0.0971	0.0922	0.0893	0.0884	0.0861	0.0922	0.2030	0.1123	0.0956	0.0908	0.0903	0.0883	0.0875	0.0868	0.1166	0.0977	0.0893	0.0881	0.0875	0.0876	0.0866	0.0853	0.0992	0.0929	0.0896	0.0874	0.0876	0.0865	0.0872	0.0856	
0.6660	0.6628	0.6502	0.6002	0.4421	0.1910	0.1080	0.0979	0.6904	0.6758	0.5995	0.4084	0.1853	0.1117	0.0984	0.0957	0.6616	0.5878	0.3811	0.1593	0.1040	0.0952	0.0925	0.0908	0.5751	0.3934	0.1725	0.1097	0.0969	0.0945	0.0927	0.0910	0.3303	0.1541	0.1013	0.0950	0.0915	0.0901	0.0874	0.0941	0.2219	0.1190	0.1006	0.0951	0.0943	0.0931	0.0913	0.0911	0.1237	0.1002	0.0918	0.0897	0.0885	0.0901	0.0885	0.0882	0.1044	0.0947	0.0920	0.0901	0.0889	0.0879	0.0886	0.0872	
0.6709	0.6692	0.6599	0.6237	0.4704	0.2039	0.1090	0.0973	0.6996	0.6865	0.6223	0.4365	0.1942	0.1117	0.0962	0.0932	0.6743	0.6138	0.4091	0.1693	0.1048	0.0947	0.0920	0.0890	0.6027	0.4172	0.1835	0.1150	0.0955	0.0917	0.0902	0.0883	0.3514	0.1630	0.1011	0.0936	0.0898	0.0900	0.0867	0.0932	0.2400	0.1197	0.0991	0.0928	0.0919	0.0886	0.0881	0.0872	0.1256	0.1007	0.0908	0.0887	0.0879	0.0886	0.0859	0.0870	0.1009	0.0935	0.0894	0.0881	0.0860	0.0856	0.0859	0.0853	
0.6721	0.6725	0.6655	0.6394	0.4973	0.2163	0.1108	0.0983	0.7012	0.6885	0.6471	0.4662	0.2099	0.1140	0.0962	0.0933	0.6735	0.6327	0.4367	0.1807	0.1074	0.0955	0.0923	0.0900	0.6280	0.4491	0.1938	0.1114	0.0964	0.0933	0.0906	0.0889	0.3812	0.1720	0.1036	0.0955	0.0913	0.0904	0.0875	0.0930	0.2568	0.1223	0.1006	0.0937	0.0922	0.0896	0.0886	0.0880	0.1328	0.1031	0.0921	0.0899	0.0877	0.0894	0.0876	0.0870	0.1019	0.0947	0.0910	0.0883	0.0876	0.0867	0.0874	0.0856	
0.6751	0.6753	0.6685	0.6525	0.5213	0.2298	0.1116	0.0992	0.7064	0.6935	0.6647	0.4881	0.2214	0.1143	0.0963	0.0929	0.6797	0.6469	0.4556	0.1915	0.1074	0.0960	0.0916	0.0892	0.6362	0.4734	0.2044	0.1130	0.0959	0.0913	0.0900	0.0884	0.4087	0.1827	0.1044	0.0958	0.0910	0.0900	0.0877	0.0928	0.2749	0.1259	0.1003	0.0928	0.0915	0.0897	0.0875	0.0877	0.1357	0.1042	0.0910	0.0893	0.0882	0.0882	0.0869	0.0865	0.1068	0.0939	0.0906	0.0889	0.0873	0.0861	0.0867	0.0857	
0.6817	0.6823	0.6729	0.6626	0.5479	0.2452	0.1117	0.0995	0.7110	0.7020	0.6764	0.5127	0.2342	0.1151	0.0961	0.0928	0.6866	0.6580	0.4835	0.2011	0.1095	0.0953	0.0918	0.0894	0.6550	0.4975	0.2166	0.1141	0.0964	0.0910	0.0895	0.0878	0.4341	0.1934	0.1060	0.0959	0.0913	0.0900	0.0874	0.0933	0.2911	0.1271	0.0997	0.0934	0.0913	0.0881	0.0868	0.0855	0.1395	0.1062	0.0913	0.0891	0.0877	0.0888	0.0871	0.0876	0.1031	0.0935	0.0901	0.0880	0.0868	0.0861	0.0860	0.0848	
0.6824	0.6806	0.6765	0.6686	0.5667	0.2644	0.1142	0.1007	0.7071	0.6970	0.6767	0.5325	0.2511	0.1184	0.0963	0.0926	0.6814	0.6568	0.5020	0.2137	0.1093	0.0953	0.0919	0.0899	0.6896	0.5253	0.2254	0.1160	0.0966	0.0907	0.0890	0.0872	0.4554	0.2026	0.1060	0.0957	0.0908	0.0896	0.0877	0.0921	0.3133	0.1314	0.1011	0.0929	0.0916	0.0888	0.0875	0.0864	0.1451	0.1064	0.0916	0.0901	0.0877	0.0879	0.0870	0.0866	0.1036	0.0928	0.0903	0.0872	0.0866	0.0856	0.0864	0.0845	
0.6847	0.6834	0.6764	0.6695	0.5865	0.2855	0.1167	0.1021	0.7125	0.7001	0.6851	0.5543	0.2671	0.1200	0.0967	0.0920	0.6862	0.6652	0.5316	0.2290	0.1141	0.0968	0.0939	0.0909	0.6901	0.5476	0.2464	0.1232	0.0971	0.0913	0.0890	0.0868	0.4790	0.2166	0.1072	0.0968	0.0914	0.0902	0.0880	0.0940	0.3364	0.1352	0.1013	0.0908	0.0908	0.0875	0.0855	0.0849	0.1517	0.1094	0.0926	0.0900	0.0888	0.0887	0.0876	0.0879	0.1056	0.0943	0.0901	0.0871	0.0868	0.0858	0.0867	0.0861	
0.6863	0.6858	0.6786	0.6722	0.6125	0.3045	0.1164	0.0993	0.7168	0.7094	0.6914	0.5770	0.2854	0.1194	0.0925	0.0885	0.6939	0.6703	0.5507	0.2427	0.1115	0.0940	0.0904	0.0863	0.6868	0.5632	0.2605	0.1197	0.0944	0.0880	0.0856	0.0837	0.5066	0.2286	0.1056	0.0946	0.0884	0.0876	0.0848	0.0901	0.3558	0.1377	0.0985	0.0882	0.0883	0.0840	0.0818	0.0823	0.1559	0.1069	0.0891	0.0862	0.0858	0.0854	0.0834	0.0836	0.1031	0.0909	0.0863	0.0831	0.0829	0.0806	0.0814	0.0794	
0.6786	0.6794	0.6733	0.6656	0.6232	0.3183	0.1182	0.1029	0.7059	0.6994	0.6846	0.5901	0.2989	0.1227	0.0963	0.0923	0.6853	0.6664	0.5647	0.2520	0.1131	0.0954	0.0917	0.0880	0.6893	0.5726	0.2733	0.1236	0.0987	0.0913	0.0897	0.0871	0.5260	0.2400	0.1076	0.0959	0.0900	0.0881	0.0863	0.0918	0.3768	0.1430	0.1027	0.0919	0.0928	0.0880	0.0860	0.0854	0.1616	0.1105	0.0905	0.0891	0.0876	0.0875	0.0853	0.0846	0.1072	0.0944	0.0889	0.0877	0.0870	0.0853	0.0864	0.0845	
0.6847	0.6871	0.6794	0.6752	0.6419	0.3489	0.1250	0.1075	0.7179	0.7088	0.6910	0.6138	0.3243	0.1331	0.1055	0.0989	0.6947	0.6737	0.5918	0.2764	0.1211	0.1007	0.0965	0.0923	0.6893	0.5897	0.2994	0.1352	0.1043	0.0972	0.0961	0.0932	0.5383	0.2584	0.1149	0.1013	0.0941	0.0933	0.0911	0.0960	0.4059	0.1574	0.1099	0.0985	0.0987	0.0953	0.0926	0.0919	0.1761	0.1185	0.0957	0.0939	0.0907	0.0921	0.0903	0.0908	0.1126	0.1011	0.0964	0.0931	0.0915	0.0903	0.0918	0.0895	
0.6889	0.6920	0.6851	0.6796	0.6544	0.3738	0.1282	0.1080	0.7221	0.7144	0.6988	0.6412	0.3572	0.1361	0.1027	0.0959	0.6949	0.6736	0.6131	0.2971	0.1228	0.1002	0.0951	0.0904	0.7099	0.6194	0.3216	0.1404	0.1023	0.0950	0.0926	0.0891	0.5569	0.2793	0.1168	0.1001	0.0931	0.0915	0.0874	0.0932	0.4375	0.1637	0.1096	0.0962	0.0961	0.0897	0.0875	0.0871	0.1877	0.1196	0.0926	0.0907	0.0889	0.0889	0.0869	0.0874	0.1126	0.0968	0.0919	0.0889	0.0873	0.0864	0.0864	0.0855	
0.6989	0.6971	0.6890	0.6815	0.6608	0.4029	0.1312	0.1100	0.7292	0.7201	0.7033	0.6530	0.3767	0.1373	0.1020	0.0947	0.7014	0.6798	0.6335	0.3189	0.1269	0.0992	0.0947	0.0901	0.7144	0.6379	0.3427	0.1406	0.1025	0.0939	0.0912	0.0887	0.5888	0.2982	0.1174	0.1007	0.0923	0.0911	0.0878	0.0927	0.4639	0.1708	0.1107	0.0948	0.0968	0.0909	0.0870	0.0869	0.1973	0.1228	0.0936	0.0908	0.0886	0.0892	0.0859	0.0867	0.1129	0.0958	0.0912	0.0889	0.0874	0.0859	0.0870	0.0857	
0.7049	0.7026	0.6933	0.6888	0.6689	0.4328	0.1333	0.1105	0.7346	0.7239	0.7080	0.6672	0.4038	0.1409	0.1029	0.0942	0.7095	0.6872	0.6499	0.3421	0.1300	0.1000	0.0954	0.0902	0.7176	0.6574	0.3714	0.1448	0.1033	0.0939	0.0917	0.0881	0.6157	0.3212	0.1211	0.1025	0.0926	0.0909	0.0877	0.0931	0.4827	0.1779	0.1127	0.0946	0.0953	0.0885	0.0871	0.0863	0.2082	0.1268	0.0937	0.0916	0.0877	0.0886	0.0862	0.0867	0.1161	0.0978	0.0906	0.0884	0.0862	0.0858	0.0866	0.0853	
0.7001	0.7018	0.6938	0.6881	0.6691	0.4568	0.1379	0.1132	0.7317	0.7215	0.7059	0.6733	0.4291	0.1458	0.1018	0.0934	0.7044	0.6868	0.6563	0.3604	0.1332	0.0994	0.0959	0.0891	0.7156	0.6740	0.3923	0.1479	0.1028	0.0919	0.0899	0.0863	0.6225	0.3399	0.1233	0.1024	0.0916	0.0902	0.0884	0.0936	0.5081	0.1855	0.1123	0.0943	0.0951	0.0871	0.0849	0.0845	0.2192	0.1299	0.0939	0.0913	0.0886	0.0883	0.0870	0.0867	0.1173	0.0960	0.0893	0.0864	0.0852	0.0840	0.0844	0.0837	
0.6955	0.6953	0.6869	0.6795	0.6609	0.4762	0.1384	0.1112	0.7231	0.7166	0.7004	0.6669	0.4536	0.1488	0.1004	0.0912	0.6987	0.6813	0.6478	0.3800	0.1330	0.0970	0.0928	0.0882	0.7121	0.6791	0.4122	0.1524	0.1013	0.0904	0.0881	0.0843	0.6335	0.3590	0.1215	0.1004	0.0892	0.0877	0.0841	0.0894	0.5269	0.1913	0.1123	0.0919	0.0931	0.0847	0.0825	0.0820	0.2329	0.1300	0.0923	0.0877	0.0861	0.0857	0.0832	0.0838	0.1153	0.0946	0.0869	0.0839	0.0830	0.0823	0.0825	0.0811	
0.6925	0.6961	0.6872	0.6812	0.6649	0.5034	0.1437	0.1156	0.7301	0.7172	0.7030	0.6723	0.4775	0.1556	0.1037	0.0946	0.7034	0.6802	0.6518	0.4067	0.1375	0.0992	0.0936	0.0877	0.7068	0.6773	0.4340	0.1584	0.1054	0.0935	0.0916	0.0862	0.6255	0.3815	0.1247	0.1019	0.0911	0.0886	0.0855	0.0905	0.5508	0.2049	0.1166	0.0951	0.0957	0.0882	0.0850	0.0847	0.2479	0.1364	0.0932	0.0895	0.0867	0.0882	0.0842	0.0845	0.1203	0.0954	0.0894	0.0864	0.0855	0.0851	0.0861	0.0838	
0.7015	0.7016	0.6935	0.6887	0.6723	0.5356	0.1578	0.1227	0.7364	0.7271	0.7117	0.6795	0.5090	0.1664	0.1114	0.0999	0.7087	0.6897	0.6652	0.4363	0.1484	0.1036	0.1000	0.0923	0.7166	0.6747	0.4641	0.1710	0.1117	0.0996	0.0983	0.0925	0.6560	0.4089	0.1337	0.1077	0.0951	0.0932	0.0902	0.0934	0.5664	0.2185	0.1236	0.1011	0.1022	0.0941	0.0906	0.0897	0.2672	0.1441	0.0976	0.0934	0.0906	0.0914	0.0888	0.0888	0.1278	0.1029	0.0941	0.0919	0.0908	0.0899	0.0897	0.0885	
0.7063	0.7106	0.6999	0.6954	0.6762	0.5599	0.1614	0.1263	0.7367	0.7286	0.7107	0.6833	0.5371	0.1746	0.1136	0.1017	0.7126	0.6908	0.6626	0.4614	0.1557	0.1039	0.1003	0.0925	0.7216	0.6852	0.4982	0.1808	0.1132	0.0994	0.0970	0.0908	0.6629	0.4362	0.1397	0.1105	0.0944	0.0926	0.0891	0.0935	0.5918	0.2348	0.1291	0.1028	0.1041	0.0932	0.0910	0.0909	0.2835	0.1484	0.0977	0.0927	0.0897	0.0901	0.0877	0.0881	0.1320	0.1027	0.0946	0.0913	0.0892	0.0890	0.0875	0.0864	
0.7122	0.7139	0.7054	0.6979	0.6826	0.5838	0.1692	0.1292	0.7439	0.7345	0.7164	0.6854	0.5640	0.1836	0.1137	0.0997	0.7168	0.6946	0.6664	0.4853	0.1614	0.1045	0.1000	0.0904	0.7278	0.6923	0.5245	0.1930	0.1148	0.0989	0.0972	0.0898	0.6632	0.4625	0.1450	0.1121	0.0951	0.0931	0.0877	0.0926	0.6114	0.2501	0.1313	0.1006	0.1039	0.0922	0.0883	0.0869	0.3064	0.1551	0.0981	0.0922	0.0891	0.0902	0.0868	0.0866	0.1339	0.1022	0.0928	0.0900	0.0879	0.0867	0.0867	0.0867	
0.7169	0.7200	0.7094	0.7029	0.6859	0.6071	0.1760	0.1354	0.7510	0.7406	0.7237	0.6943	0.5883	0.1942	0.1172	0.1003	0.7204	0.6979	0.6715	0.5175	0.1698	0.1062	0.1019	0.0911	0.7336	0.6979	0.5510	0.2011	0.1179	0.0987	0.0974	0.0898	0.6664	0.4887	0.1499	0.1152	0.0956	0.0935	0.0889	0.0931	0.6360	0.2702	0.1348	0.1010	0.1042	0.0912	0.0889	0.0876	0.3353	0.1653	0.0994	0.0937	0.0901	0.0907	0.0870	0.0879	0.1397	0.1036	0.0934	0.0903	0.0878	0.0874	0.0865	0.0868	
0.7225	0.7229	0.7140	0.7054	0.6875	0.6281	0.1850	0.1398	0.7568	0.7458	0.7251	0.6973	0.6113	0.2052	0.1185	0.1012	0.7269	0.7073	0.6768	0.5395	0.1804	0.1071	0.1024	0.0917	0.7322	0.6952	0.5685	0.2149	0.1190	0.1003	0.0991	0.0907	0.6613	0.5123	0.1570	0.1160	0.0962	0.0931	0.0903	0.0935	0.6665	0.2896	0.1400	0.1034	0.1064	0.0929	0.0894	0.0879	0.3566	0.1734	0.0987	0.0939	0.0908	0.0923	0.0867	0.0873	0.1435	0.1043	0.0931	0.0917	0.0878	0.0866	0.0878	0.0877	
0.7269	0.7283	0.7180	0.7116	0.6894	0.6450	0.1962	0.1447	0.7543	0.7445	0.7252	0.6974	0.6334	0.2154	0.1212	0.1012	0.7313	0.7096	0.6804	0.5667	0.1906	0.1081	0.1041	0.0920	0.7341	0.6968	0.5789	0.2273	0.1233	0.1007	0.0996	0.0896	0.6690	0.5332	0.1652	0.1202	0.0964	0.0935	0.0899	0.0940	0.6677	0.3040	0.1443	0.1031	0.1074	0.0925	0.0887	0.0881	0.3767	0.1799	0.0998	0.0949	0.0918	0.0911	0.0882	0.0868	0.1475	0.1049	0.0944	0.0909	0.0881	0.0868	0.0877	0.0871	
0.7261	0.7291	0.7204	0.7165	0.6919	0.6546	0.2074	0.1495	0.7607	0.7512	0.7310	0.7025	0.6482	0.2267	0.1237	0.1009	0.7330	0.7124	0.6828	0.5917	0.1989	0.1090	0.1066	0.0912	0.7405	0.7038	0.5840	0.2403	0.1258	0.1001	0.0996	0.0894	0.6715	0.5431	0.1728	0.1216	0.0968	0.0937	0.0909	0.0934	0.6675	0.3220	0.1491	0.1039	0.1091	0.0914	0.0891	0.0872	0.4035	0.1892	0.1011	0.0956	0.0904	0.0918	0.0877	0.0865	0.1548	0.1054	0.0957	0.0908	0.0882	0.0882	0.0883	0.0866	
0.7316	0.7321	0.7241	0.7163	0.6951	0.6620	0.2177	0.1546	0.7673	0.7583	0.7382	0.7099	0.6758	0.2382	0.1255	0.1001	0.7371	0.7180	0.6861	0.6095	0.2104	0.1093	0.1056	0.0915	0.7417	0.7134	0.6308	0.2514	0.1254	0.0991	0.0983	0.0879	0.6811	0.5502	0.1774	0.1232	0.0954	0.0916	0.0900	0.0931	0.6752	0.3479	0.1538	0.1023	0.1075	0.0902	0.0858	0.0848	0.4334	0.2008	0.1007	0.0940	0.0903	0.0903	0.0875	0.0864	0.1575	0.1040	0.0915	0.0881	0.0870	0.0857	0.0858	0.0848	
0.7260	0.7299	0.7225	0.7171	0.6933	0.6595	0.2279	0.1608	0.7665	0.7542	0.7356	0.7046	0.6781	0.2516	0.1264	0.0971	0.7347	0.7124	0.6809	0.6198	0.2163	0.1079	0.1046	0.0926	0.7418	0.7060	0.6411	0.2641	0.1271	0.0967	0.0975	0.0859	0.6733	0.5858	0.1826	0.1242	0.0939	0.0899	0.0880	0.0913	0.6657	0.3572	0.1573	0.1005	0.1085	0.0877	0.0843	0.0831	0.4492	0.2061	0.0982	0.0925	0.0889	0.0891	0.0858	0.0845	0.1647	0.1050	0.0904	0.0863	0.0849	0.0826	0.0825	0.0822	
