0.0941	0.1013	0.0975	0.1058	0.1049	0.1227	0.1181	0.1381	0.0942	0.1094	0.1000	0.1111	0.1030	0.1242	0.1073	0.1318	0.0948	0.1083	0.0987	0.1329	0.1039	0.1473	0.1091	0.1290	0.0947	0.1098	0.1004	0.1159	0.1041	0.1181	0.1079	0.1170	0.0944	0.1007	0.0990	0.1210	0.1035	0.1156	0.1105	0.1142	0.0943	0.0995	0.1006	0.1095	0.1024	0.1114	0.1087	0.1219	0.0949	0.0980	0.0979	0.1044	0.1045	0.1520	0.1070	0.1198	0.0956	0.1009	0.0994	0.1068	0.1037	0.1403	0.1091	0.1331	
0.0920	0.0932	0.0968	0.0966	0.1008	0.1011	0.1169	0.1107	0.0920	0.0931	0.0951	0.0985	0.1005	0.1046	0.1031	0.1075	0.0919	0.0937	0.0958	0.0979	0.1009	0.1036	0.1075	0.1086	0.0925	0.0934	0.0973	0.0988	0.1001	0.1019	0.1060	0.1123	0.0913	0.0924	0.0957	0.0980	0.0994	0.1033	0.1052	0.1132	0.0918	0.0938	0.1019	0.0965	0.1004	0.1018	0.1049	0.1072	0.0926	0.0934	0.0962	0.0964	0.1016	0.1052	0.1037	0.1102	0.0933	0.0926	0.0948	0.0971	0.0994	0.1026	0.1036	0.1064	
0.0927	0.0936	0.0965	0.0970	0.0988	0.1035	0.1163	0.1093	0.0925	0.0938	0.0957	0.0989	0.1002	0.1040	0.1045	0.1072	0.0925	0.0940	0.0963	0.0982	0.1015	0.1041	0.1062	0.1092	0.0934	0.0934	0.0963	0.0980	0.1002	0.1026	0.1040	0.1090	0.0918	0.0931	0.0957	0.0983	0.1009	0.1017	0.1038	0.1087	0.0930	0.0944	0.0967	0.0973	0.1018	0.1018	0.1049	0.1080	0.0946	0.0938	0.0958	0.0973	0.1006	0.1050	0.1055	0.1087	0.0933	0.0938	0.0957	0.0973	0.1002	0.1004	0.1044	0.1060	
0.0926	0.0926	0.0956	0.0960	0.0979	0.1016	0.1124	0.1073	0.0927	0.0921	0.0946	0.0976	0.0996	0.1020	0.1022	0.1062	0.0922	0.0933	0.0954	0.1003	0.1005	0.1026	0.1041	0.1084	0.0920	0.0939	0.0956	0.0972	0.1018	0.1017	0.1037	0.1069	0.0918	0.0918	0.0951	0.0971	0.0992	0.1017	0.1048	0.1074	0.0923	0.0936	0.0956	0.0970	0.0995	0.1031	0.1055	0.1084	0.0925	0.0931	0.0954	0.0965	0.0993	0.1033	0.1023	0.1089	0.0932	0.0929	0.0948	0.0962	0.0990	0.1025	0.1032	0.1086	
0.0928	0.0932	0.0956	0.0971	0.1007	0.1021	0.1151	0.1072	0.0923	0.0934	0.0953	0.0969	0.1013	0.1018	0.1023	0.1070	0.0923	0.0934	0.0960	0.0977	0.0995	0.1027	0.1052	0.1081	0.0923	0.0933	0.0963	0.0974	0.1011	0.1032	0.1034	0.1078	0.0922	0.0935	0.0947	0.0973	0.1006	0.1025	0.1038	0.1061	0.0921	0.0942	0.0969	0.0983	0.1002	0.1006	0.1054	0.1080	0.0933	0.0936	0.0952	0.0971	0.0986	0.1041	0.1040	0.1144	0.0928	0.0926	0.0940	0.0973	0.1003	0.1019	0.1034	0.1068	
0.0931	0.0945	0.0988	0.0975	0.0994	0.1015	0.1150	0.1083	0.0935	0.0945	0.0955	0.0983	0.0997	0.1019	0.1035	0.1060	0.0935	0.0947	0.0969	0.0977	0.1004	0.1034	0.1054	0.1094	0.0936	0.0948	0.1044	0.0979	0.1020	0.1023	0.1058	0.1075	0.0926	0.0936	0.0958	0.0971	0.1017	0.1008	0.1035	0.1077	0.0932	0.0952	0.0969	0.0990	0.1008	0.1013	0.1044	0.1076	0.0944	0.0942	0.0966	0.0988	0.1002	0.1047	0.1039	0.1121	0.0935	0.0935	0.0952	0.0978	0.0998	0.1030	0.1039	0.1066	
0.0922	0.0928	0.0958	0.0962	0.0989	0.0998	0.1144	0.1059	0.0924	0.0926	0.0946	0.0963	0.0992	0.1028	0.1014	0.1051	0.0921	0.0933	0.0944	0.0966	0.1006	0.1008	0.1050	0.1081	0.0926	0.0921	0.0955	0.0979	0.0989	0.1012	0.1031	0.1063	0.0918	0.0924	0.0954	0.0951	0.0994	0.0989	0.1035	0.1054	0.0925	0.0931	0.0948	0.0973	0.0990	0.0998	0.1030	0.1072	0.0931	0.0921	0.0952	0.0961	0.0974	0.1030	0.1055	0.1112	0.0928	0.0918	0.0947	0.0953	0.1012	0.1001	0.1016	0.1037	
0.0929	0.0934	0.0967	0.0969	0.0999	0.1027	0.1147	0.1062	0.0927	0.0934	0.0946	0.0973	0.0990	0.1024	0.1021	0.1055	0.0923	0.0922	0.0954	0.0973	0.1002	0.1030	0.1052	0.1067	0.0930	0.0929	0.0959	0.0973	0.1000	0.1001	0.1043	0.1073	0.0920	0.0926	0.0950	0.0954	0.1008	0.1014	0.1040	0.1064	0.0926	0.0933	0.0960	0.0956	0.0990	0.0992	0.1038	0.1083	0.0938	0.0922	0.0951	0.0968	0.1004	0.1039	0.1018	0.1083	0.0929	0.0923	0.0951	0.0972	0.0978	0.1013	0.1028	0.1072	
0.0931	0.0940	0.0974	0.0963	0.0979	0.1018	0.1140	0.1080	0.0933	0.0939	0.0946	0.0976	0.1006	0.1025	0.1040	0.1060	0.0931	0.0925	0.0959	0.0973	0.1012	0.1020	0.1046	0.1092	0.0929	0.0934	0.0962	0.0983	0.1002	0.1022	0.1040	0.1078	0.0929	0.0937	0.0956	0.0974	0.0994	0.1029	0.1062	0.1069	0.0925	0.0937	0.0961	0.0972	0.1003	0.1010	0.1043	0.1082	0.0935	0.0929	0.0955	0.0980	0.0999	0.1019	0.1038	0.1146	0.0931	0.0928	0.0944	0.0970	0.0986	0.1017	0.1026	0.1063	
0.0924	0.0935	0.0963	0.0959	0.0993	0.1023	0.1118	0.1081	0.0932	0.0941	0.0951	0.0974	0.1012	0.1014	0.1010	0.1065	0.0932	0.0935	0.0960	0.0974	0.0997	0.1017	0.1046	0.1083	0.0932	0.0929	0.0964	0.0976	0.0997	0.1012	0.1029	0.1074	0.0928	0.0930	0.0957	0.0961	0.0997	0.1017	0.1053	0.1066	0.0931	0.0940	0.0958	0.0960	0.0991	0.1000	0.1059	0.1073	0.0932	0.0932	0.0950	0.0971	0.0990	0.1050	0.1048	0.1147	0.0931	0.0933	0.0943	0.0959	0.0986	0.1016	0.1016	0.1072	
0.0929	0.0938	0.0968	0.0959	0.0986	0.1008	0.1124	0.1071	0.0934	0.0938	0.0952	0.0968	0.1010	0.1023	0.1021	0.1051	0.0933	0.0958	0.0939	0.0969	0.0998	0.1021	0.1051	0.1091	0.0929	0.0929	0.0961	0.0972	0.1007	0.1003	0.1028	0.1067	0.0929	0.0925	0.0955	0.0956	0.1001	0.1015	0.1036	0.1072	0.0927	0.0943	0.0960	0.0962	0.0989	0.1038	0.1060	0.1089	0.0932	0.0932	0.0951	0.0961	0.0994	0.1033	0.1037	0.1080	0.0923	0.0921	0.0934	0.0957	0.0988	0.1014	0.1015	0.1063	
0.0930	0.0937	0.0959	0.0951	0.0971	0.1004	0.1126	0.1055	0.0929	0.0935	0.0942	0.0973	0.0992	0.1010	0.1020	0.1058	0.0927	0.0933	0.0952	0.0967	0.1002	0.1030	0.1041	0.1092	0.0929	0.0930	0.0956	0.0969	0.0989	0.1021	0.1046	0.1081	0.0924	0.0923	0.0945	0.0970	0.0993	0.1013	0.1033	0.1079	0.0925	0.0936	0.0947	0.0962	0.0985	0.1003	0.1023	0.1088	0.0929	0.0930	0.0951	0.0959	0.0992	0.1037	0.1042	0.1078	0.0919	0.0915	0.0940	0.0958	0.0980	0.1022	0.1047	0.1054	
0.0935	0.0938	0.0958	0.0965	0.0979	0.1005	0.1124	0.1067	0.0939	0.0941	0.0952	0.0966	0.0999	0.1028	0.1035	0.1046	0.0933	0.0935	0.0960	0.0963	0.1003	0.1013	0.1047	0.1094	0.0934	0.0930	0.0954	0.0973	0.0991	0.1018	0.1043	0.1084	0.0919	0.0928	0.0952	0.0965	0.0992	0.1009	0.1035	0.1072	0.0920	0.0932	0.0950	0.0959	0.1001	0.1013	0.1029	0.1068	0.0934	0.0928	0.0945	0.0966	0.0999	0.1037	0.1039	0.1093	0.0933	0.0921	0.0941	0.0956	0.0993	0.1008	0.1036	0.1058	
0.0934	0.0944	0.0956	0.0958	0.0974	0.1004	0.1134	0.1073	0.0937	0.0946	0.0949	0.0978	0.1004	0.1033	0.1045	0.1096	0.0932	0.0939	0.0956	0.0963	0.0997	0.1039	0.1066	0.1085	0.0933	0.0935	0.0966	0.0968	0.1006	0.1025	0.1061	0.1082	0.0923	0.0927	0.0956	0.0967	0.0991	0.1027	0.1051	0.1101	0.0924	0.0931	0.0951	0.0962	0.0995	0.1030	0.1047	0.1069	0.0940	0.0928	0.0941	0.0968	0.0969	0.1022	0.1023	0.1062	0.0933	0.0924	0.0943	0.0960	0.0989	0.1021	0.1021	0.1086	
0.0934	0.0937	0.0986	0.0968	0.0981	0.1010	0.1139	0.1065	0.0929	0.0938	0.0956	0.0975	0.0994	0.1018	0.1015	0.1056	0.0933	0.0929	0.0953	0.0961	0.0998	0.1012	0.1048	0.1085	0.0934	0.0928	0.0998	0.0972	0.1001	0.1021	0.1036	0.1085	0.0934	0.0921	0.0949	0.0955	0.0995	0.1014	0.1046	0.1081	0.0917	0.0935	0.0949	0.0955	0.0986	0.1022	0.1026	0.1072	0.0930	0.0922	0.0941	0.0959	0.0986	0.1027	0.1032	0.1119	0.0929	0.0925	0.0937	0.0963	0.0995	0.1016	0.1015	0.1058	
0.0942	0.0942	0.0957	0.0972	0.0993	0.1015	0.1125	0.1065	0.0937	0.0941	0.0954	0.0974	0.0991	0.1017	0.1034	0.1058	0.0931	0.0938	0.0946	0.0963	0.1005	0.1027	0.1061	0.1098	0.0932	0.0936	0.1016	0.0977	0.1009	0.1021	0.1049	0.1082	0.0928	0.0924	0.0942	0.0963	0.1011	0.1009	0.1040	0.1111	0.0926	0.0933	0.0956	0.0955	0.0994	0.1013	0.1032	0.1079	0.0931	0.0924	0.0940	0.0960	0.0988	0.1012	0.1004	0.1138	0.0923	0.0925	0.0935	0.0958	0.0989	0.1019	0.1021	0.1063	
0.0948	0.0946	0.0963	0.0967	0.0978	0.1014	0.1164	0.1069	0.0950	0.0941	0.0959	0.0973	0.1016	0.1018	0.1031	0.1057	0.0944	0.0943	0.0962	0.0962	0.1018	0.1035	0.1051	0.1109	0.0941	0.0940	0.0985	0.0981	0.1004	0.1023	0.1050	0.1086	0.0938	0.0929	0.0952	0.0958	0.1004	0.1017	0.1049	0.1087	0.0933	0.0940	0.0954	0.0954	0.0985	0.1032	0.1036	0.1074	0.0933	0.0931	0.0943	0.0957	0.1000	0.1018	0.1038	0.1079	0.0925	0.0925	0.0937	0.0959	0.0981	0.1020	0.1017	0.1062	
0.0957	0.0955	0.0963	0.0973	0.0992	0.1018	0.1133	0.1080	0.0952	0.0951	0.0953	0.0976	0.1034	0.1027	0.1034	0.1070	0.0945	0.0955	0.0961	0.0982	0.1013	0.1035	0.1067	0.1111	0.0949	0.0948	0.0965	0.0992	0.1009	0.1024	0.1038	0.1097	0.0942	0.0941	0.0959	0.0969	0.1006	0.1019	0.1045	0.1087	0.0931	0.0946	0.0959	0.0958	0.0999	0.1010	0.1032	0.1069	0.0940	0.0934	0.0945	0.0957	0.0991	0.1048	0.1029	0.1079	0.0930	0.0926	0.0939	0.0953	0.0994	0.1011	0.1023	0.1075	
0.0955	0.0953	0.0968	0.0969	0.1005	0.1017	0.1140	0.1078	0.0951	0.0951	0.0959	0.0966	0.1005	0.1045	0.1037	0.1075	0.0942	0.0952	0.0962	0.0968	0.1005	0.1026	0.1048	0.1117	0.0952	0.0944	0.0965	0.0975	0.0998	0.1039	0.1043	0.1082	0.0939	0.0935	0.0956	0.0963	0.1003	0.1011	0.1042	0.1093	0.0930	0.0938	0.0949	0.0956	0.0995	0.1011	0.1031	0.1069	0.0937	0.0921	0.0939	0.0958	0.0998	0.1031	0.1015	0.1090	0.0928	0.0934	0.0943	0.0968	0.0978	0.1013	0.1013	0.1046	
0.0963	0.0962	0.0968	0.0973	0.0996	0.1030	0.1165	0.1069	0.0964	0.0958	0.0956	0.0983	0.1009	0.1026	0.1035	0.1076	0.0959	0.0954	0.0962	0.0974	0.0999	0.1036	0.1050	0.1104	0.0954	0.0953	0.0967	0.0980	0.1000	0.1033	0.1063	0.1083	0.0952	0.0944	0.0954	0.0962	0.1001	0.1031	0.1045	0.1111	0.0936	0.0941	0.0955	0.0950	0.1002	0.1011	0.1031	0.1088	0.0938	0.0933	0.0949	0.0959	0.0984	0.1022	0.1044	0.1133	0.0937	0.0920	0.0940	0.0960	0.0980	0.1008	0.1024	0.1068	
0.0970	0.0967	0.0972	0.0979	0.1006	0.1031	0.1155	0.1084	0.0972	0.0959	0.0962	0.0981	0.1016	0.1024	0.1034	0.1086	0.0960	0.0960	0.0966	0.0976	0.1016	0.1042	0.1058	0.1105	0.0958	0.0955	0.0975	0.0995	0.1016	0.1042	0.1052	0.1083	0.0947	0.0946	0.0958	0.0960	0.1018	0.1027	0.1057	0.1084	0.0940	0.0945	0.0967	0.0963	0.0998	0.1017	0.1043	0.1067	0.0938	0.0934	0.0941	0.0954	0.1008	0.1038	0.1025	0.1090	0.0933	0.0930	0.0949	0.0961	0.0983	0.1029	0.1033	0.1052	
0.0972	0.0963	0.0971	0.0977	0.0991	0.1015	0.1152	0.1086	0.0978	0.0967	0.0959	0.0971	0.1022	0.1030	0.1044	0.1066	0.0969	0.0969	0.0971	0.0973	0.1022	0.1020	0.1075	0.1092	0.0966	0.0954	0.1057	0.0983	0.1008	0.1046	0.1057	0.1085	0.0951	0.0939	0.0960	0.0961	0.1000	0.1015	0.1048	0.1094	0.0937	0.0946	0.0949	0.0968	0.0986	0.1009	0.1047	0.1070	0.0940	0.0930	0.0954	0.0956	0.1003	0.1030	0.1024	0.1077	0.0937	0.0924	0.0934	0.0954	0.0987	0.1020	0.1029	0.1050	
0.0985	0.0981	0.0982	0.0991	0.1014	0.1039	0.1149	0.1104	0.0988	0.0977	0.0977	0.0998	0.1032	0.1033	0.1063	0.1078	0.0974	0.0970	0.0983	0.0982	0.1026	0.1049	0.1073	0.1121	0.0975	0.0964	0.0984	0.0994	0.1019	0.1042	0.1069	0.1093	0.0954	0.0955	0.0969	0.0981	0.1025	0.1035	0.1054	0.1093	0.0946	0.0957	0.0970	0.0975	0.1006	0.1035	0.1061	0.1092	0.0944	0.0943	0.0954	0.0966	0.0986	0.1024	0.1041	0.1092	0.0942	0.0933	0.0943	0.0964	0.0999	0.1022	0.1034	0.1052	
0.0988	0.0988	0.0993	0.0987	0.1015	0.1048	0.1168	0.1099	0.0998	0.0979	0.0978	0.0990	0.1033	0.1037	0.1057	0.1070	0.0985	0.0978	0.0977	0.0996	0.1036	0.1042	0.1079	0.1113	0.0984	0.0970	0.0987	0.0985	0.1029	0.1035	0.1068	0.1096	0.0965	0.0956	0.0972	0.0977	0.1020	0.1029	0.1064	0.1096	0.0949	0.0951	0.0967	0.0979	0.1028	0.1034	0.1045	0.1088	0.0949	0.0937	0.0950	0.0959	0.1009	0.1062	0.1044	0.1120	0.0945	0.0932	0.0946	0.0966	0.1012	0.1019	0.1054	0.1042	
0.0988	0.0986	0.0987	0.0988	0.1007	0.1050	0.1158	0.1087	0.0999	0.0983	0.0979	0.0993	0.1028	0.1050	0.1064	0.1095	0.0982	0.0978	0.0985	0.0993	0.1040	0.1036	0.1068	0.1087	0.0981	0.0974	0.0985	0.1005	0.1018	0.1035	0.1069	0.1104	0.0965	0.0959	0.0970	0.0985	0.1024	0.1039	0.1067	0.1101	0.0950	0.0953	0.0963	0.0970	0.1002	0.1031	0.1055	0.1081	0.0935	0.0940	0.0944	0.0958	0.1003	0.1032	0.1037	0.1070	0.0945	0.0930	0.0942	0.0965	0.0970	0.1007	0.1045	0.1052	
0.1005	0.0977	0.0974	0.0988	0.1028	0.1031	0.1161	0.1097	0.1008	0.0987	0.0977	0.0991	0.1029	0.1050	0.1072	0.1073	0.0992	0.0984	0.0981	0.0986	0.1024	0.1051	0.1075	0.1123	0.0987	0.0973	0.0984	0.1003	0.1030	0.1049	0.1069	0.1098	0.0968	0.0954	0.0970	0.0970	0.1003	0.1024	0.1066	0.1082	0.0953	0.0950	0.0968	0.0971	0.1006	0.1029	0.1039	0.1073	0.0941	0.0930	0.0945	0.0963	0.1001	0.1033	0.1022	0.1154	0.0931	0.0926	0.0938	0.0957	0.0980	0.1016	0.1029	0.1063	
0.1023	0.1007	0.0981	0.0997	0.1007	0.1041	0.1159	0.1112	0.1027	0.1003	0.0979	0.1020	0.1026	0.1055	0.1061	0.1085	0.1007	0.1000	0.0993	0.0994	0.1031	0.1051	0.1074	0.1122	0.1002	0.0980	0.0986	0.1000	0.1036	0.1037	0.1079	0.1090	0.0968	0.0973	0.0973	0.0979	0.1035	0.1030	0.1058	0.1076	0.0958	0.0960	0.0963	0.0969	0.1008	0.1034	0.1053	0.1081	0.0946	0.0945	0.0945	0.0963	0.0999	0.1029	0.1023	0.1113	0.0942	0.0931	0.0932	0.0951	0.0977	0.1014	0.1022	0.1052	
0.1043	0.1021	0.1011	0.1010	0.1022	0.1052	0.1174	0.1108	0.1040	0.1013	0.0994	0.1010	0.1027	0.1051	0.1084	0.1103	0.1023	0.1013	0.0988	0.1003	0.1040	0.1075	0.1078	0.1125	0.1008	0.1003	0.1000	0.1018	0.1035	0.1049	0.1082	0.1108	0.0983	0.0979	0.0982	0.0981	0.1024	0.1043	0.1069	0.1095	0.0956	0.0970	0.0977	0.0976	0.1019	0.1043	0.1060	0.1082	0.0948	0.0936	0.0965	0.0966	0.1011	0.1039	0.1020	0.1072	0.0949	0.0945	0.0940	0.0953	0.0984	0.1018	0.1046	0.1052	
0.1064	0.1024	0.1003	0.1011	0.1020	0.1064	0.1174	0.1095	0.1055	0.1022	0.0997	0.0998	0.1029	0.1055	0.1062	0.1095	0.1030	0.1020	0.0998	0.1006	0.1042	0.1061	0.1095	0.1111	0.1040	0.1001	0.1001	0.1015	0.1045	0.1062	0.1072	0.1102	0.0991	0.0983	0.0982	0.0985	0.1024	0.1036	0.1073	0.1110	0.0961	0.0973	0.0976	0.0974	0.1010	0.1039	0.1056	0.1073	0.0952	0.0939	0.0956	0.0971	0.0997	0.1028	0.1049	0.1109	0.0947	0.0940	0.0941	0.0967	0.0988	0.1014	0.1026	0.1050	
0.1072	0.1033	0.1010	0.1006	0.1036	0.1065	0.1175	0.1113	0.1078	0.1030	0.0998	0.1009	0.1035	0.1059	0.1064	0.1110	0.1050	0.1025	0.1006	0.1016	0.1041	0.1058	0.1094	0.1124	0.1031	0.1011	0.1017	0.1016	0.1037	0.1039	0.1081	0.1124	0.0994	0.0992	0.0986	0.0999	0.1035	0.1043	0.1070	0.1082	0.0969	0.0967	0.0974	0.0978	0.1016	0.1029	0.1061	0.1124	0.0950	0.0940	0.0952	0.0952	0.1000	0.1045	0.1047	0.1103	0.0938	0.0941	0.0943	0.0964	0.0984	0.1016	0.1021	0.1047	
0.1092	0.1038	0.1005	0.1007	0.1030	0.1056	0.1179	0.1109	0.1082	0.1038	0.1009	0.1010	0.1036	0.1066	0.1064	0.1128	0.1063	0.1034	0.1014	0.1009	0.1058	0.1066	0.1096	0.1132	0.1039	0.1020	0.1073	0.1015	0.1054	0.1062	0.1092	0.1097	0.1005	0.0997	0.0991	0.0999	0.1028	0.1033	0.1080	0.1128	0.0971	0.0966	0.0966	0.0970	0.1027	0.1018	0.1050	0.1071	0.0957	0.0942	0.0950	0.0956	0.0995	0.1042	0.1021	0.1109	0.0948	0.0934	0.0935	0.0954	0.0994	0.1005	0.1028	0.1077	
0.1123	0.1067	0.1050	0.1015	0.1030	0.1058	0.1178	0.1116	0.1113	0.1058	0.1007	0.1019	0.1061	0.1092	0.1079	0.1089	0.1075	0.1056	0.1018	0.1019	0.1065	0.1075	0.1096	0.1162	0.1066	0.1034	0.1013	0.1030	0.1051	0.1064	0.1084	0.1116	0.1022	0.1009	0.0997	0.1001	0.1044	0.1067	0.1078	0.1105	0.0980	0.0979	0.0983	0.0981	0.1018	0.1048	0.1051	0.1082	0.0958	0.0948	0.0961	0.0969	0.1000	0.1036	0.1051	0.1064	0.0953	0.0945	0.0948	0.0953	0.0990	0.1019	0.1033	0.1045	
0.1140	0.1076	0.1015	0.1014	0.1035	0.1066	0.1164	0.1102	0.1136	0.1077	0.1020	0.1023	0.1042	0.1061	0.1075	0.1099	0.1097	0.1075	0.1031	0.1029	0.1047	0.1071	0.1095	0.1132	0.1078	0.1062	0.1131	0.1025	0.1053	0.1063	0.1077	0.1117	0.1027	0.1026	0.1004	0.1032	0.1070	0.1051	0.1094	0.1102	0.0977	0.0992	0.0988	0.0968	0.1058	0.1026	0.1052	0.1086	0.0959	0.0955	0.0964	0.0967	0.1005	0.1038	0.1016	0.1082	0.0954	0.0948	0.0954	0.0955	0.0994	0.1010	0.1019	0.1050	
0.1164	0.1099	0.1024	0.1025	0.1038	0.1052	0.1180	0.1110	0.1165	0.1090	0.1030	0.1029	0.1050	0.1080	0.1083	0.1098	0.1127	0.1093	0.1030	0.1015	0.1065	0.1085	0.1116	0.1145	0.1102	0.1075	0.1045	0.1030	0.1067	0.1057	0.1097	0.1114	0.1043	0.1035	0.1014	0.0999	0.1051	0.1060	0.1089	0.1120	0.0980	0.0986	0.0981	0.0991	0.1014	0.1040	0.1056	0.1086	0.0961	0.0952	0.0957	0.0968	0.1002	0.1032	0.1047	0.1164	0.0951	0.0947	0.0942	0.0962	0.0981	0.1024	0.1008	0.1037	
0.1210	0.1120	0.1040	0.1033	0.1048	0.1073	0.1195	0.1109	0.1193	0.1115	0.1042	0.1031	0.1059	0.1071	0.1085	0.1112	0.1154	0.1092	0.1033	0.1039	0.1073	0.1088	0.1115	0.1134	0.1132	0.1091	0.1069	0.1030	0.1062	0.1074	0.1113	0.1116	0.1049	0.1050	0.1014	0.1010	0.1046	0.1051	0.1089	0.1108	0.0993	0.0997	0.0992	0.0984	0.1018	0.1047	0.1064	0.1060	0.0968	0.0948	0.0955	0.0956	0.1011	0.1042	0.1034	0.1068	0.0952	0.0951	0.0950	0.0962	0.0989	0.1008	0.1020	0.1036	
0.1237	0.1132	0.1049	0.1038	0.1066	0.1067	0.1198	0.1115	0.1225	0.1143	0.1050	0.1032	0.1054	0.1071	0.1085	0.1137	0.1179	0.1146	0.1038	0.1041	0.1073	0.1072	0.1117	0.1133	0.1141	0.1104	0.1051	0.1032	0.1080	0.1072	0.1104	0.1138	0.1061	0.1071	0.1017	0.1014	0.1051	0.1070	0.1093	0.1127	0.0989	0.1002	0.0988	0.0990	0.1033	0.1050	0.1071	0.1106	0.0969	0.0965	0.0958	0.0966	0.1007	0.1037	0.1030	0.1056	0.0954	0.0955	0.0952	0.0958	0.0985	0.1006	0.1021	0.1045	
0.1281	0.1172	0.1056	0.1052	0.1063	0.1083	0.1210	0.1127	0.1276	0.1172	0.1061	0.1052	0.1056	0.1094	0.1094	0.1120	0.1221	0.1151	0.1057	0.1051	0.1086	0.1086	0.1104	0.1146	0.1185	0.1131	0.1064	0.1061	0.1084	0.1076	0.1110	0.1133	0.1091	0.1089	0.1026	0.1032	0.1071	0.1057	0.1106	0.1113	0.1011	0.1021	0.1002	0.0998	0.1042	0.1043	0.1079	0.1081	0.0979	0.0970	0.0965	0.0969	0.1011	0.1041	0.1043	0.1075	0.0970	0.0954	0.0950	0.0965	0.0984	0.1008	0.1029	0.1043	
0.1329	0.1201	0.1060	0.1053	0.1058	0.1095	0.1210	0.1130	0.1328	0.1215	0.1073	0.1052	0.1077	0.1092	0.1095	0.1117	0.1261	0.1179	0.1076	0.1050	0.1088	0.1099	0.1132	0.1144	0.1211	0.1153	0.1070	0.1074	0.1097	0.1081	0.1112	0.1125	0.1107	0.1114	0.1051	0.1031	0.1072	0.1073	0.1106	0.1113	0.1027	0.1028	0.1012	0.1006	0.1055	0.1049	0.1083	0.1091	0.0981	0.0974	0.0973	0.0973	0.1012	0.1051	0.1050	0.1107	0.0966	0.0971	0.0968	0.0968	0.0982	0.1014	0.1032	0.1052	
0.1365	0.1219	0.1080	0.1062	0.1058	0.1091	0.1223	0.1134	0.1376	0.1236	0.1085	0.1056	0.1069	0.1087	0.1100	0.1125	0.1287	0.1204	0.1077	0.1051	0.1089	0.1081	0.1134	0.1144	0.1257	0.1180	0.1076	0.1071	0.1091	0.1087	0.1111	0.1127	0.1140	0.1121	0.1056	0.1035	0.1074	0.1080	0.1097	0.1130	0.1033	0.1039	0.1022	0.1016	0.1053	0.1049	0.1068	0.1093	0.0977	0.0975	0.0975	0.0985	0.0996	0.1054	0.1048	0.1069	0.0969	0.0975	0.0952	0.0970	0.0991	0.1017	0.1037	0.1035	
0.1428	0.1267	0.1086	0.1072	0.1053	0.1101	0.1221	0.1115	0.1425	0.1269	0.1085	0.1068	0.1071	0.1091	0.1087	0.1121	0.1325	0.1242	0.1085	0.1066	0.1086	0.1089	0.1122	0.1140	0.1279	0.1218	0.1086	0.1062	0.1086	0.1076	0.1119	0.1123	0.1140	0.1146	0.1064	0.1045	0.1070	0.1078	0.1104	0.1116	0.1038	0.1040	0.1022	0.1010	0.1043	0.1054	0.1075	0.1093	0.0979	0.0975	0.0971	0.0964	0.1002	0.1034	0.1044	0.1093	0.0971	0.0964	0.0960	0.0966	0.0986	0.1011	0.1021	0.1040	
0.1487	0.1301	0.1090	0.1084	0.1056	0.1110	0.1212	0.1119	0.1478	0.1304	0.1097	0.1063	0.1077	0.1086	0.1112	0.1120	0.1394	0.1279	0.1094	0.1054	0.1098	0.1093	0.1118	0.1148	0.1326	0.1245	0.1101	0.1073	0.1098	0.1102	0.1115	0.1132	0.1181	0.1153	0.1067	0.1053	0.1071	0.1087	0.1097	0.1124	0.1032	0.1051	0.1031	0.1004	0.1045	0.1040	0.1065	0.1088	0.0980	0.0980	0.0983	0.0973	0.1005	0.1037	0.1034	0.1087	0.0968	0.0966	0.0951	0.0966	0.0988	0.1001	0.1008	0.1025	
0.1571	0.1357	0.1115	0.1081	0.1067	0.1101	0.1230	0.1126	0.1574	0.1363	0.1129	0.1075	0.1091	0.1108	0.1102	0.1124	0.1465	0.1326	0.1113	0.1077	0.1098	0.1102	0.1129	0.1148	0.1379	0.1281	0.1115	0.1058	0.1101	0.1092	0.1114	0.1120	0.1214	0.1210	0.1088	0.1058	0.1078	0.1084	0.1111	0.1117	0.1049	0.1081	0.1042	0.1014	0.1052	0.1050	0.1093	0.1075	0.0984	0.0977	0.0979	0.0975	0.1019	0.1038	0.1041	0.1075	0.0978	0.0975	0.0961	0.0954	0.0985	0.1006	0.1011	0.1042	
0.1656	0.1401	0.1123	0.1126	0.1064	0.1111	0.1227	0.1133	0.1646	0.1412	0.1136	0.1109	0.1098	0.1106	0.1118	0.1122	0.1529	0.1359	0.1125	0.1081	0.1116	0.1119	0.1165	0.1166	0.1441	0.1318	0.1160	0.1090	0.1118	0.1092	0.1127	0.1137	0.1243	0.1226	0.1085	0.1053	0.1083	0.1105	0.1130	0.1115	0.1067	0.1084	0.1043	0.1022	0.1065	0.1058	0.1078	0.1081	0.0990	0.0985	0.0981	0.0974	0.1011	0.1056	0.1043	0.1062	0.0968	0.0972	0.0961	0.0956	0.0991	0.1007	0.1018	0.1046	
0.1733	0.1456	0.1144	0.1099	0.1077	0.1100	0.1227	0.1132	0.1736	0.1471	0.1157	0.1087	0.1088	0.1104	0.1108	0.1118	0.1594	0.1431	0.1152	0.1091	0.1105	0.1106	0.1132	0.1166	0.1514	0.1372	0.1148	0.1096	0.1119	0.1112	0.1127	0.1125	0.1282	0.1272	0.1095	0.1071	0.1085	0.1093	0.1126	0.1113	0.1079	0.1103	0.1055	0.1023	0.1057	0.1061	0.1113	0.1079	0.0987	0.0997	0.0977	0.0986	0.1017	0.1034	0.1036	0.1063	0.0981	0.0985	0.0964	0.0951	0.0984	0.1004	0.1016	0.1019	
0.1855	0.1523	0.1181	0.1112	0.1079	0.1109	0.1226	0.1118	0.1828	0.1547	0.1190	0.1098	0.1083	0.1114	0.1109	0.1110	0.1694	0.1477	0.1160	0.1094	0.1111	0.1095	0.1141	0.1141	0.1581	0.1443	0.1178	0.1105	0.1116	0.1112	0.1129	0.1142	0.1302	0.1313	0.1118	0.1072	0.1099	0.1090	0.1127	0.1118	0.1106	0.1124	0.1060	0.1017	0.1064	0.1066	0.1088	0.1101	0.0997	0.1005	0.0990	0.0974	0.1017	0.1041	0.1050	0.1058	0.0985	0.0980	0.0962	0.0950	0.0983	0.0996	0.1015	0.1037	
0.1956	0.1574	0.1188	0.1136	0.1083	0.1094	0.1241	0.1112	0.1946	0.1616	0.1205	0.1089	0.1088	0.1107	0.1107	0.1111	0.1786	0.1551	0.1188	0.1101	0.1107	0.1120	0.1148	0.1163	0.1647	0.1479	0.1176	0.1118	0.1124	0.1114	0.1123	0.1142	0.1351	0.1353	0.1136	0.1088	0.1099	0.1103	0.1113	0.1104	0.1103	0.1141	0.1074	0.1027	0.1053	0.1041	0.1072	0.1087	0.0995	0.1004	0.0983	0.0983	0.1005	0.1044	0.1038	0.1073	0.0969	0.0988	0.0955	0.0969	0.0989	0.1011	0.1008	0.1034	
0.2097	0.1690	0.1238	0.1154	0.1112	0.1111	0.1242	0.1134	0.2063	0.1727	0.1247	0.1127	0.1109	0.1111	0.1138	0.1135	0.1908	0.1655	0.1213	0.1115	0.1124	0.1123	0.1170	0.1162	0.1770	0.1557	0.1222	0.1132	0.1152	0.1137	0.1154	0.1158	0.1429	0.1414	0.1163	0.1109	0.1118	0.1118	0.1140	0.1125	0.1148	0.1175	0.1089	0.1044	0.1080	0.1067	0.1113	0.1104	0.1006	0.1026	0.1012	0.0996	0.1024	0.1062	0.1057	0.1080	0.0993	0.1001	0.0979	0.0987	0.1004	0.1023	0.1029	0.1038	
0.2246	0.1775	0.1273	0.1179	0.1110	0.1129	0.1244	0.1138	0.2212	0.1817	0.1299	0.1136	0.1111	0.1114	0.1145	0.1134	0.2031	0.1725	0.1253	0.1122	0.1136	0.1118	0.1163	0.1162	0.1864	0.1650	0.1291	0.1134	0.1139	0.1130	0.1156	0.1140	0.1453	0.1473	0.1179	0.1118	0.1133	0.1136	0.1147	0.1145	0.1167	0.1204	0.1098	0.1044	0.1069	0.1074	0.1106	0.1113	0.1010	0.1031	0.1005	0.1000	0.1036	0.1062	0.1049	0.1119	0.0988	0.1012	0.0977	0.0980	0.1006	0.1009	0.1030	0.1045	
0.2411	0.1882	0.1328	0.1192	0.1124	0.1130	0.1270	0.1115	0.2364	0.1919	0.1335	0.1160	0.1116	0.1126	0.1128	0.1136	0.2163	0.1816	0.1268	0.1140	0.1135	0.1130	0.1157	0.1173	0.1967	0.1719	0.1284	0.1136	0.1146	0.1149	0.1171	0.1149	0.1540	0.1552	0.1205	0.1114	0.1119	0.1127	0.1142	0.1123	0.1177	0.1225	0.1135	0.1060	0.1076	0.1076	0.1116	0.1103	0.1020	0.1044	0.1012	0.1007	0.1027	0.1054	0.1060	0.1075	0.0987	0.1013	0.0984	0.0972	0.1006	0.0994	0.1004	0.1033	
0.2583	0.1995	0.1363	0.1235	0.1130	0.1125	0.1261	0.1122	0.2541	0.2032	0.1385	0.1172	0.1126	0.1130	0.1154	0.1127	0.2326	0.1958	0.1322	0.1156	0.1146	0.1132	0.1170	0.1156	0.2112	0.1824	0.1334	0.1147	0.1144	0.1134	0.1172	0.1148	0.1624	0.1619	0.1239	0.1135	0.1113	0.1124	0.1127	0.1139	0.1205	0.1273	0.1140	0.1053	0.1076	0.1084	0.1105	0.1109	0.1027	0.1047	0.1014	0.0997	0.1038	0.1041	0.1044	0.1062	0.0990	0.1018	0.0969	0.0972	0.1000	0.1013	0.1025	0.1038	
0.2820	0.2151	0.1442	0.1276	0.1152	0.1145	0.1262	0.1143	0.2734	0.2188	0.1471	0.1211	0.1142	0.1155	0.1144	0.1144	0.2500	0.2077	0.1376	0.1175	0.1153	0.1152	0.1178	0.1175	0.2261	0.1949	0.1386	0.1177	0.1173	0.1157	0.1172	0.1145	0.1728	0.1730	0.1296	0.1137	0.1160	0.1149	0.1177	0.1136	0.1252	0.1339	0.1178	0.1078	0.1085	0.1097	0.1128	0.1123	0.1048	0.1070	0.1021	0.1018	0.1036	0.1057	0.1058	0.1114	0.1004	0.1036	0.0991	0.0989	0.1009	0.0999	0.1031	0.1047	
0.2995	0.2258	0.1489	0.1286	0.1182	0.1155	0.1289	0.1142	0.2946	0.2342	0.1517	0.1254	0.1150	0.1153	0.1163	0.1118	0.2687	0.2191	0.1428	0.1192	0.1174	0.1153	0.1192	0.1175	0.2412	0.2058	0.1419	0.1196	0.1176	0.1165	0.1183	0.1174	0.1792	0.1813	0.1303	0.1158	0.1148	0.1160	0.1161	0.1147	0.1286	0.1369	0.1178	0.1077	0.1087	0.1100	0.1132	0.1119	0.1052	0.1086	0.1026	0.1031	0.1046	0.1057	0.1051	0.1107	0.1012	0.1040	0.0992	0.0987	0.1012	0.1026	0.1024	0.1035	
0.3275	0.2435	0.1579	0.1353	0.1185	0.1174	0.1287	0.1139	0.3142	0.2494	0.1619	0.1269	0.1148	0.1157	0.1168	0.1137	0.2898	0.2352	0.1481	0.1215	0.1182	0.1148	0.1195	0.1177	0.2566	0.2216	0.1482	0.1197	0.1191	0.1174	0.1195	0.1190	0.1932	0.1926	0.1353	0.1167	0.1152	0.1150	0.1164	0.1150	0.1325	0.1416	0.1221	0.1079	0.1092	0.1098	0.1123	0.1127	0.1067	0.1107	0.1049	0.1032	0.1058	0.1089	0.1058	0.1081	0.1014	0.1061	0.1000	0.0986	0.1005	0.1009	0.1044	0.1037	
0.3538	0.2617	0.1665	0.1417	0.1211	0.1191	0.1305	0.1143	0.3424	0.2664	0.1699	0.1315	0.1178	0.1166	0.1180	0.1138	0.3128	0.2510	0.1572	0.1244	0.1196	0.1159	0.1212	0.1196	0.2775	0.2366	0.1547	0.1230	0.1202	0.1184	0.1220	0.1172	0.2032	0.2041	0.1408	0.1182	0.1166	0.1158	0.1187	0.1158	0.1373	0.1507	0.1243	0.1101	0.1119	0.1111	0.1122	0.1132	0.1066	0.1123	0.1049	0.1036	0.1061	0.1082	0.1077	0.1097	0.1041	0.1063	0.0993	0.1005	0.1001	0.1013	0.1040	0.1042	
0.3716	0.2809	0.1767	0.1456	0.1219	0.1198	0.1292	0.1139	0.3671	0.2843	0.1791	0.1345	0.1193	0.1157	0.1159	0.1142	0.3344	0.2714	0.1632	0.1264	0.1186	0.1169	0.1193	0.1193	0.2954	0.2531	0.1591	0.1236	0.1194	0.1181	0.1193	0.1158	0.2182	0.2214	0.1447	0.1211	0.1165	0.1148	0.1168	0.1180	0.1429	0.1564	0.1263	0.1106	0.1111	0.1120	0.1136	0.1116	0.1086	0.1141	0.1058	0.1048	0.1045	0.1077	0.1069	0.1070	0.1027	0.1086	0.0995	0.1003	0.1002	0.1019	0.1020	0.1021	
0.4041	0.3010	0.1849	0.1531	0.1254	0.1224	0.1325	0.1163	0.3915	0.3056	0.1876	0.1396	0.1203	0.1177	0.1179	0.1150	0.3618	0.2874	0.1699	0.1316	0.1209	0.1181	0.1199	0.1177	0.3200	0.2686	0.1667	0.1270	0.1222	0.1202	0.1185	0.1173	0.2336	0.2321	0.1492	0.1228	0.1178	0.1187	0.1162	0.1151	0.1476	0.1635	0.1316	0.1112	0.1105	0.1112	0.1114	0.1132	0.1083	0.1152	0.1071	0.1045	0.1056	0.1085	0.1084	0.1069	0.1022	0.1081	0.0987	0.1001	0.1008	0.1013	0.1021	0.1024	
0.4276	0.3267	0.2012	0.1621	0.1284	0.1251	0.1314	0.1159	0.4159	0.3292	0.2032	0.1465	0.1218	0.1190	0.1192	0.1153	0.3845	0.3122	0.1809	0.1357	0.1217	0.1201	0.1241	0.1195	0.3459	0.2906	0.1758	0.1300	0.1226	0.1190	0.1223	0.1190	0.2524	0.2506	0.1577	0.1269	0.1197	0.1169	0.1179	0.1187	0.1537	0.1742	0.1347	0.1124	0.1123	0.1137	0.1141	0.1148	0.1102	0.1203	0.1080	0.1052	0.1061	0.1072	0.1072	0.1105	0.1047	0.1103	0.1011	0.1005	0.1022	0.1026	0.1044	0.1044	
0.4676	0.3518	0.2153	0.1716	0.1345	0.1273	0.1329	0.1166	0.4507	0.3531	0.2176	0.1533	0.1257	0.1213	0.1201	0.1168	0.4219	0.3326	0.1925	0.1410	0.1260	0.1208	0.1235	0.1204	0.3735	0.3133	0.1853	0.1337	0.1236	0.1224	0.1234	0.1192	0.2689	0.2729	0.1656	0.1277	0.1215	0.1198	0.1219	0.1200	0.1634	0.1842	0.1413	0.1143	0.1127	0.1131	0.1170	0.1140	0.1116	0.1225	0.1104	0.1058	0.1062	0.1109	0.1092	0.1086	0.1047	0.1120	0.1009	0.1016	0.1019	0.1037	0.1035	0.1053	
0.4960	0.3764	0.2268	0.1807	0.1390	0.1318	0.1329	0.1178	0.4782	0.3804	0.2300	0.1618	0.1303	0.1221	0.1200	0.1165	0.4493	0.3559	0.2018	0.1461	0.1295	0.1233	0.1227	0.1202	0.3976	0.3323	0.1958	0.1359	0.1274	0.1220	0.1250	0.1200	0.2883	0.2898	0.1711	0.1329	0.1218	0.1207	0.1200	0.1193	0.1696	0.1956	0.1469	0.1151	0.1146	0.1125	0.1154	0.1135	0.1125	0.1270	0.1118	0.1070	0.1078	0.1090	0.1111	0.1077	0.1052	0.1143	0.1022	0.1007	0.1025	0.1024	0.1046	0.1028	
0.5237	0.4050	0.2448	0.1910	0.1437	0.1362	0.1404	0.1186	0.5064	0.4032	0.2462	0.1714	0.1327	0.1269	0.1220	0.1181	0.4829	0.3775	0.2183	0.1540	0.1331	0.1258	0.1257	0.1217	0.4312	0.3563	0.2103	0.1423	0.1292	0.1258	0.1263	0.1209	0.3138	0.3130	0.1840	0.1364	0.1255	0.1223	0.1230	0.1169	0.1809	0.2086	0.1524	0.1168	0.1173	0.1135	0.1171	0.1163	0.1145	0.1321	0.1143	0.1091	0.1090	0.1108	0.1102	0.1086	0.1075	0.1159	0.1033	0.1028	0.1030	0.1047	0.1051	0.1067	
0.5543	0.4332	0.2611	0.2023	0.1493	0.1422	0.1399	0.1207	0.5318	0.4301	0.2652	0.1793	0.1369	0.1300	0.1248	0.1199	0.5097	0.4068	0.2297	0.1612	0.1357	0.1272	0.1276	0.1231	0.4570	0.3862	0.2234	0.1475	0.1308	0.1286	0.1299	0.1251	0.3366	0.3316	0.1920	0.1405	0.1250	0.1250	0.1248	0.1263	0.1944	0.2218	0.1581	0.1195	0.1186	0.1167	0.1188	0.1170	0.1173	0.1355	0.1171	0.1102	0.1099	0.1130	0.1125	0.1141	0.1084	0.1196	0.1047	0.1042	0.1041	0.1059	0.1068	0.1063	
0.5750	0.4614	0.2821	0.2140	0.1548	0.1451	0.1423	0.1187	0.5626	0.4576	0.2804	0.1863	0.1430	0.1303	0.1250	0.1204	0.5389	0.4335	0.2467	0.1646	0.1377	0.1269	0.1269	0.1216	0.4821	0.4128	0.2319	0.1520	0.1334	0.1272	0.1283	0.1213	0.3597	0.3593	0.2032	0.1442	0.1263	0.1263	0.1252	0.1195	0.2055	0.2317	0.1656	0.1201	0.1183	0.1162	0.1188	0.1166	0.1179	0.1399	0.1190	0.1101	0.1105	0.1107	0.1122	0.1102	0.1070	0.1206	0.1042	0.1034	0.1035	0.1035	0.1049	0.1041	
0.6099	0.4929	0.3047	0.2249	0.1606	0.1511	0.1416	0.1187	0.5852	0.4835	0.3006	0.1958	0.1433	0.1322	0.1248	0.1174	0.5640	0.4601	0.2583	0.1738	0.1424	0.1291	0.1281	0.1223	0.5049	0.4380	0.2473	0.1555	0.1358	0.1291	0.1288	0.1213	0.3840	0.3817	0.2127	0.1510	0.1281	0.1254	0.1240	0.1182	0.2172	0.2497	0.1738	0.1190	0.1176	0.1176	0.1199	0.1170	0.1193	0.1439	0.1192	0.1117	0.1099	0.1120	0.1093	0.1093	0.1079	0.1236	0.1038	0.1024	0.1026	0.1040	0.1047	0.1045	
0.6285	0.5209	0.3267	0.2402	0.1670	0.1599	0.1448	0.1200	0.6096	0.5085	0.3190	0.2069	0.1502	0.1377	0.1285	0.1175	0.5960	0.4885	0.2730	0.1810	0.1464	0.1303	0.1275	0.1223	0.5373	0.4685	0.2641	0.1606	0.1385	0.1296	0.1281	0.1194	0.4125	0.4111	0.2283	0.1542	0.1296	0.1260	0.1264	0.1189	0.2364	0.2670	0.1829	0.1218	0.1198	0.1172	0.1206	0.1180	0.1226	0.1509	0.1211	0.1130	0.1104	0.1131	0.1098	0.1077	0.1099	0.1249	0.1038	0.1043	0.1046	0.1045	0.1040	0.1048	
0.6568	0.5478	0.3478	0.2574	0.1730	0.1651	0.1469	0.1220	0.6335	0.5349	0.3458	0.2202	0.1565	0.1432	0.1313	0.1203	0.6206	0.5136	0.2947	0.1897	0.1517	0.1346	0.1315	0.1226	0.5622	0.4939	0.2790	0.1698	0.1399	0.1321	0.1312	0.1201	0.4481	0.4384	0.2409	0.1606	0.1312	0.1257	0.1282	0.1168	0.2500	0.2864	0.1920	0.1249	0.1198	0.1189	0.1209	0.1180	0.1250	0.1580	0.1237	0.1142	0.1096	0.1125	0.1111	0.1115	0.1103	0.1296	0.1046	0.1052	0.1041	0.1039	0.1041	0.1029	
0.6868	0.5771	0.3697	0.2738	0.1839	0.1719	0.1501	0.1213	0.6529	0.5588	0.3644	0.2304	0.1615	0.1446	0.1302	0.1186	0.6428	0.5407	0.3131	0.2009	0.1553	0.1367	0.1334	0.1231	0.5832	0.5187	0.2982	0.1747	0.1454	0.1349	0.1308	0.1224	0.4724	0.4658	0.2557	0.1673	0.1350	0.1271	0.1283	0.1198	0.2711	0.3067	0.2000	0.1267	0.1206	0.1171	0.1208	0.1163	0.1266	0.1648	0.1292	0.1157	0.1111	0.1133	0.1104	0.1067	0.1108	0.1318	0.1069	0.1064	0.1053	0.1039	0.1054	0.1036	
0.6969	0.6009	0.3971	0.2923	0.1958	0.1772	0.1570	0.1251	0.6831	0.5786	0.3934	0.2462	0.1691	0.1472	0.1338	0.1230	0.6674	0.5697	0.3359	0.2116	0.1619	0.1376	0.1339	0.1243	0.6099	0.5447	0.3151	0.1854	0.1487	0.1376	0.1336	0.1234	0.5014	0.4857	0.2691	0.1737	0.1377	0.1290	0.1290	0.1186	0.2856	0.3297	0.2123	0.1289	0.1238	0.1186	0.1230	0.1182	0.1309	0.1740	0.1311	0.1171	0.1134	0.1129	0.1132	0.1087	0.1123	0.1367	0.1058	0.1071	0.1047	0.1040	0.1058	0.1038	
0.7153	0.6230	0.4240	0.3088	0.2015	0.1889	0.1573	0.1260	0.6992	0.6044	0.4114	0.2620	0.1770	0.1541	0.1377	0.1224	0.6955	0.5997	0.3583	0.2261	0.1699	0.1450	0.1330	0.1235	0.6375	0.5708	0.3409	0.1940	0.1552	0.1415	0.1383	0.1231	0.5348	0.5186	0.2907	0.1840	0.1399	0.1324	0.1287	0.1198	0.3084	0.3550	0.2279	0.1322	0.1238	0.1203	0.1233	0.1167	0.1354	0.1854	0.1344	0.1171	0.1131	0.1140	0.1126	0.1092	0.1151	0.1421	0.1080	0.1070	0.1055	0.1049	0.1051	0.1038	
0.7171	0.6540	0.4575	0.3306	0.2174	0.2013	0.1621	0.1280	0.7139	0.6301	0.4414	0.2801	0.1873	0.1612	0.1393	0.1233	0.7192	0.6219	0.3851	0.2354	0.1788	0.1496	0.1390	0.1243	0.7104	0.5967	0.3694	0.2067	0.1615	0.1432	0.1378	0.1224	0.5649	0.5497	0.3157	0.1942	0.1473	0.1367	0.1320	0.1219	0.3349	0.3768	0.2452	0.1338	0.1266	0.1218	0.1236	0.1180	0.1385	0.1971	0.1404	0.1206	0.1158	0.1160	0.1129	0.1093	0.1159	0.1466	0.1095	0.1087	0.1074	0.1058	0.1078	0.1031	
0.7268	0.6722	0.4816	0.3542	0.2293	0.2079	0.1671	0.1310	0.7210	0.6466	0.4638	0.3048	0.1967	0.1670	0.1460	0.1252	0.7257	0.6450	0.4091	0.2505	0.1884	0.1529	0.1408	0.1245	0.6836	0.6190	0.3895	0.2190	0.1676	0.1472	0.1423	0.1271	0.5938	0.5682	0.3336	0.2032	0.1512	0.1369	0.1317	0.1233	0.3593	0.4010	0.2594	0.1403	0.1287	0.1229	0.1255	0.1195	0.1421	0.2075	0.1483	0.1237	0.1148	0.1156	0.1141	0.1091	0.1174	0.1526	0.1116	0.1103	0.1066	0.1065	0.1074	0.1047	
0.7158	0.6920	0.5069	0.3783	0.2406	0.2236	0.1736	0.1350	0.7201	0.6677	0.4910	0.3138	0.2032	0.1731	0.1497	0.1267	0.7270	0.6635	0.4312	0.2666	0.1929	0.1582	0.1459	0.1238	0.7338	0.6462	0.4108	0.2309	0.1716	0.1513	0.1427	0.1249	0.6149	0.5995	0.3569	0.2125	0.1558	0.1415	0.1334	0.1205	0.3832	0.4297	0.2768	0.1412	0.1311	0.1234	0.1232	0.1189	0.1498	0.2214	0.1499	0.1247	0.1155	0.1174	0.1148	0.1097	0.1198	0.1600	0.1112	0.1096	0.1075	0.1074	0.1083	0.1060	
0.7214	0.7055	0.5381	0.4007	0.2566	0.2386	0.1806	0.1378	0.7293	0.6846	0.5145	0.3366	0.2171	0.1863	0.1562	0.1304	0.7358	0.6876	0.4585	0.2813	0.2046	0.1649	0.1523	0.1277	0.7134	0.6672	0.4360	0.2463	0.1811	0.1596	0.1502	0.1262	0.6399	0.6199	0.3811	0.2285	0.1617	0.1468	0.1353	0.1249	0.4093	0.4556	0.2956	0.1489	0.1334	0.1271	0.1270	0.1201	0.1527	0.2376	0.1576	0.1268	0.1167	0.1167	0.1166	0.1112	0.1229	0.1662	0.1145	0.1110	0.1086	0.1084	0.1080	0.1049	
0.7201	0.7157	0.5716	0.4304	0.2709	0.2481	0.1887	0.1413	0.7293	0.6957	0.5454	0.3605	0.2295	0.1930	0.1603	0.1325	0.7349	0.7054	0.4822	0.3024	0.2136	0.1728	0.1504	0.1290	0.7244	0.6869	0.4617	0.2617	0.1867	0.1633	0.1494	0.1288	0.6672	0.6393	0.4082	0.2405	0.1668	0.1477	0.1381	0.1243	0.4408	0.4864	0.3198	0.1512	0.1369	0.1273	0.1288	0.1199	0.1614	0.2554	0.1652	0.1287	0.1169	0.1176	0.1151	0.1106	0.1252	0.1756	0.1149	0.1129	0.1074	0.1074	0.1097	0.1061	
0.7265	0.7171	0.5900	0.4559	0.2862	0.2621	0.1961	0.1461	0.7293	0.7002	0.5741	0.3813	0.2418	0.2031	0.1651	0.1358	0.7409	0.7184	0.5070	0.3198	0.2265	0.1806	0.1557	0.1312	0.7971	0.7025	0.4911	0.2791	0.1937	0.1713	0.1566	0.1293	0.6928	0.6618	0.4357	0.2585	0.1733	0.1533	0.1402	0.1258	0.4747	0.5121	0.3400	0.1583	0.1393	0.1285	0.1309	0.1201	0.1669	0.2714	0.1729	0.1347	0.1174	0.1176	0.1153	0.1111	0.1279	0.1836	0.1175	0.1132	0.1090	0.1079	0.1085	0.1043	
0.7302	0.7232	0.6126	0.4789	0.3054	0.2791	0.2018	0.1488	0.7353	0.7105	0.5952	0.4055	0.2519	0.2126	0.1703	0.1389	0.7411	0.7232	0.5296	0.3384	0.2369	0.1870	0.1606	0.1304	0.7853	0.7140	0.5109	0.2938	0.2059	0.1773	0.1592	0.1283	0.7153	0.6844	0.4608	0.2695	0.1802	0.1570	0.1428	0.1246	0.5010	0.5406	0.3592	0.1644	0.1404	0.1303	0.1305	0.1208	0.1750	0.2913	0.1810	0.1379	0.1186	0.1203	0.1163	0.1122	0.1303	0.1951	0.1197	0.1159	0.1094	0.1094	0.1091	0.1055	
0.7272	0.7210	0.6467	0.5051	0.3230	0.2965	0.2106	0.1554	0.7370	0.7122	0.6169	0.4275	0.2651	0.2248	0.1762	0.1431	0.7444	0.7290	0.5572	0.3650	0.2503	0.1950	0.1660	0.1327	0.7360	0.7157	0.5379	0.3151	0.2122	0.1812	0.1630	0.1312	0.7231	0.7038	0.4853	0.2893	0.1884	0.1620	0.1432	0.1263	0.5234	0.5652	0.3850	0.1718	0.1455	0.1301	0.1325	0.1209	0.1827	0.3146	0.1910	0.1420	0.1201	0.1188	0.1171	0.1108	0.1329	0.2067	0.1209	0.1159	0.1092	0.1076	0.1097	0.1045	
0.7353	0.7272	0.6659	0.5320	0.3426	0.3120	0.2208	0.1583	0.7413	0.7172	0.6391	0.4570	0.2824	0.2375	0.1848	0.1512	0.7477	0.7319	0.5831	0.3847	0.2643	0.2085	0.1676	0.1368	0.7378	0.7241	0.5667	0.3371	0.2244	0.1889	0.1662	0.1341	0.7336	0.7104	0.5158	0.3077	0.1961	0.1692	0.1462	0.1278	0.5532	0.5902	0.4117	0.1798	0.1505	0.1318	0.1322	0.1215	0.1917	0.3361	0.2030	0.1458	0.1216	0.1204	0.1178	0.1101	0.1352	0.2221	0.1239	0.1182	0.1123	0.1087	0.1104	0.1064	
0.7355	0.7218	0.6769	0.5532	0.3588	0.3243	0.2300	0.1629	0.7387	0.7152	0.6572	0.4720	0.2981	0.2475	0.1957	0.1469	0.7459	0.7335	0.6015	0.4067	0.2784	0.2152	0.1771	0.1347	0.7398	0.7260	0.5891	0.3564	0.2365	0.1967	0.1747	0.1347	0.7415	0.7228	0.5407	0.3272	0.2004	0.1735	0.1495	0.1268	0.5781	0.6149	0.4329	0.1866	0.1535	0.1363	0.1353	0.1212	0.2029	0.3590	0.2144	0.1508	0.1224	0.1198	0.1168	0.1108	0.1401	0.2351	0.1250	0.1197	0.1116	0.1094	0.1104	0.1049	
0.7331	0.7243	0.6834	0.5817	0.3851	0.3457	0.2453	0.1695	0.7412	0.7203	0.6704	0.5002	0.3117	0.2613	0.2018	0.1549	0.7452	0.7381	0.6259	0.4331	0.2955	0.2262	0.1821	0.1387	0.8089	0.7247	0.6112	0.3790	0.2497	0.2080	0.1782	0.1378	0.7392	0.7221	0.5678	0.3483	0.2148	0.1816	0.1536	0.1270	0.6027	0.6380	0.4589	0.1968	0.1588	0.1374	0.1369	0.1218	0.2129	0.3875	0.2292	0.1564	0.1232	0.1216	0.1183	0.1117	0.1427	0.2519	0.1285	0.1222	0.1139	0.1110	0.1116	0.1048	
0.7438	0.7193	0.6688	0.6119	0.4054	0.3647	0.2575	0.1751	0.7380	0.7127	0.6686	0.5303	0.3317	0.2787	0.2180	0.1595	0.7547	0.7288	0.6312	0.4562	0.3100	0.2413	0.1948	0.1408	0.8107	0.7176	0.6272	0.4048	0.2637	0.2275	0.1912	0.1424	0.8002	0.7155	0.5827	0.3709	0.2294	0.1997	0.1630	0.1304	0.6255	0.6477	0.4729	0.2060	0.1686	0.1449	0.1376	0.1219	0.2278	0.4034	0.2387	0.1607	0.1273	0.1263	0.1196	0.1122	0.1504	0.2659	0.1311	0.1249	0.1164	0.1103	0.1110	0.1045	
0.7390	0.7285	0.6827	0.6320	0.4336	0.3878	0.2684	0.1847	0.7506	0.7222	0.6740	0.5542	0.3523	0.2948	0.2312	0.1665	0.7564	0.7422	0.6621	0.4850	0.3325	0.2547	0.2073	0.1456	0.7503	0.7332	0.6517	0.4321	0.2829	0.2377	0.1992	0.1424	0.7427	0.7311	0.6143	0.3967	0.2422	0.2057	0.1678	0.1304	0.6427	0.6731	0.5070	0.2208	0.1753	0.1479	0.1403	0.1227	0.2437	0.4362	0.2589	0.1701	0.1298	0.1269	0.1212	0.1179	0.1551	0.2878	0.1349	0.1269	0.1169	0.1109	0.1124	0.1060	
0.7445	0.7275	0.6898	0.6512	0.4569	0.4082	0.2806	0.1911	0.7515	0.7231	0.6864	0.5778	0.3709	0.3088	0.2325	0.1713	0.7609	0.7455	0.6783	0.5085	0.3517	0.2676	0.2075	0.1463	0.7517	0.7371	0.6733	0.4532	0.2936	0.2399	0.1996	0.1466	0.7457	0.7342	0.6423	0.4194	0.2530	0.2090	0.1684	0.1346	0.6725	0.6954	0.5341	0.2368	0.1784	0.1485	0.1439	0.1227	0.2584	0.4690	0.2790	0.1795	0.1316	0.1252	0.1216	0.1150	0.1606	0.3135	0.1402	0.1321	0.1174	0.1117	0.1126	0.1057	
0.7515	0.7351	0.6921	0.6578	0.4771	0.4232	0.2939	0.1978	0.7518	0.7262	0.6868	0.5920	0.3925	0.3208	0.2445	0.1787	0.7563	0.7457	0.6801	0.5287	0.3710	0.2753	0.2167	0.1490	0.7532	0.7396	0.6838	0.4810	0.3090	0.2496	0.2119	0.1482	0.7488	0.7403	0.6604	0.4402	0.2676	0.2169	0.1721	0.1339	0.6914	0.7083	0.5567	0.2494	0.1858	0.1507	0.1443	0.1240	0.2789	0.4871	0.2980	0.1849	0.1322	0.1268	0.1206	0.1129	0.1663	0.3339	0.1440	0.1331	0.1181	0.1117	0.1132	0.1066	
0.7485	0.7359	0.6915	0.6715	0.4928	0.4507	0.3128	0.2073	0.7536	0.7289	0.6902	0.6184	0.4133	0.3417	0.2565	0.1856	0.7596	0.7485	0.6903	0.5518	0.3948	0.2950	0.2274	0.1512	0.8169	0.7417	0.6926	0.5046	0.3287	0.2664	0.2194	0.1548	0.7434	0.7388	0.6817	0.4653	0.2852	0.2310	0.1790	0.1349	0.7037	0.7159	0.5845	0.2634	0.1949	0.1555	0.1481	0.1240	0.2965	0.5191	0.3223	0.1962	0.1352	0.1286	0.1228	0.1173	0.1727	0.3583	0.1498	0.1371	0.1205	0.1130	0.1117	0.1067	
0.7552	0.7397	0.6940	0.6784	0.5272	0.4766	0.3307	0.2208	0.7611	0.7339	0.6970	0.6439	0.4354	0.3623	0.2772	0.1963	0.7655	0.7535	0.6926	0.5771	0.4111	0.3119	0.2399	0.1606	0.8376	0.7467	0.7075	0.5293	0.3471	0.2786	0.2324	0.1578	0.7561	0.7441	0.6940	0.4922	0.2979	0.2466	0.1866	0.1398	0.7186	0.7209	0.6094	0.2804	0.2034	0.1612	0.1541	0.1251	0.3159	0.5434	0.3469	0.2076	0.1380	0.1310	0.1238	0.1159	0.1816	0.3864	0.1575	0.1431	0.1222	0.1146	0.1149	0.1059	
0.7516	0.7370	0.6884	0.6798	0.5438	0.4932	0.3433	0.2259	0.7628	0.7307	0.6949	0.6537	0.4513	0.3771	0.2869	0.2033	0.7626	0.7490	0.6920	0.6013	0.4298	0.3278	0.2480	0.1644	0.8304	0.7431	0.7003	0.5600	0.3628	0.2923	0.2438	0.1602	0.7523	0.7376	0.7023	0.5162	0.3149	0.2533	0.1925	0.1379	0.7207	0.7208	0.6286	0.2981	0.2141	0.1661	0.1549	0.1245	0.3385	0.5761	0.3715	0.2194	0.1388	0.1331	0.1250	0.1142	0.1905	0.4124	0.1624	0.1478	0.1249	0.1136	0.1155	0.1062	
0.7588	0.7408	0.6980	0.6823	0.5607	0.5131	0.3586	0.2387	0.7594	0.7379	0.6992	0.6544	0.4726	0.3959	0.2975	0.2142	0.7658	0.7548	0.6951	0.6204	0.4608	0.3395	0.2626	0.1678	0.8176	0.7470	0.7016	0.5856	0.3845	0.3088	0.2537	0.1677	0.7615	0.7511	0.7046	0.5394	0.3358	0.2675	0.2034	0.1414	0.7215	0.7290	0.6470	0.3205	0.2240	0.1731	0.1592	0.1281	0.3679	0.5956	0.3910	0.2328	0.1444	0.1333	0.1258	0.1163	0.2020	0.4423	0.1695	0.1534	0.1281	0.1166	0.1165	0.1067	
0.7532	0.7446	0.6956	0.6809	0.5853	0.5389	0.3731	0.2498	0.7645	0.7370	0.7005	0.6683	0.4931	0.4202	0.3105	0.2201	0.7634	0.7543	0.6954	0.6373	0.4781	0.3629	0.2700	0.1740	0.8430	0.7497	0.7110	0.6100	0.4034	0.3252	0.2593	0.1689	0.7562	0.7421	0.7100	0.5637	0.3558	0.2834	0.2059	0.1442	0.7261	0.7291	0.6638	0.3368	0.2347	0.1772	0.1633	0.1260	0.3878	0.6157	0.4168	0.2470	0.1458	0.1351	0.1255	0.1134	0.2100	0.4672	0.1787	0.1593	0.1293	0.1170	0.1159	0.1058	
0.7515	0.7457	0.7001	0.6856	0.5998	0.5580	0.3943	0.2612	0.7625	0.7416	0.7010	0.6648	0.5147	0.4356	0.3285	0.2339	0.7698	0.7585	0.7008	0.6493	0.4987	0.3820	0.2851	0.1822	0.8295	0.7488	0.7173	0.6320	0.4256	0.3398	0.2744	0.1786	0.7650	0.7490	0.7121	0.5868	0.3772	0.2967	0.2158	0.1485	0.7285	0.7315	0.6823	0.3609	0.2514	0.1845	0.1676	0.1293	0.4197	0.6356	0.4438	0.2622	0.1509	0.1383	0.1281	0.1146	0.2254	0.4940	0.1881	0.1662	0.1318	0.1176	0.1179	0.1080	
0.7596	0.7458	0.6998	0.6831	0.6150	0.5813	0.4151	0.2711	0.7649	0.7389	0.7036	0.6695	0.5393	0.4549	0.3448	0.2406	0.7721	0.7562	0.6990	0.6588	0.5225	0.4023	0.2984	0.1852	0.8506	0.7537	0.7110	0.6501	0.4523	0.3552	0.2884	0.1817	0.7621	0.7470	0.7096	0.6079	0.3987	0.3104	0.2251	0.1511	0.7974	0.7344	0.6964	0.3810	0.2613	0.1927	0.1731	0.1278	0.4429	0.7109	0.4685	0.2773	0.1545	0.1392	0.1292	0.1149	0.2362	0.5233	0.1978	0.1720	0.1342	0.1184	0.1179	0.1080	
0.7743	0.7505	0.6959	0.6886	0.6072	0.5935	0.4314	0.2869	0.7731	0.7451	0.7063	0.6686	0.5639	0.4763	0.3635	0.2494	0.7743	0.7605	0.7015	0.6616	0.5463	0.4227	0.3143	0.1915	0.8312	0.7539	0.7120	0.6603	0.4727	0.3763	0.2999	0.1906	0.7662	0.7547	0.7151	0.6263	0.4199	0.3271	0.2372	0.1537	0.7352	0.7356	0.7004	0.4084	0.2807	0.1991	0.1758	0.1287	0.4758	0.6774	0.4988	0.2949	0.1582	0.1418	0.1294	0.1178	0.2546	0.5536	0.2068	0.1802	0.1374	0.1183	0.1179	0.1074	
0.7639	0.7509	0.6999	0.6863	0.6200	0.6027	0.4514	0.2971	0.7732	0.7472	0.7045	0.6714	0.5776	0.4999	0.3825	0.2631	0.7779	0.7585	0.7010	0.6643	0.5666	0.4443	0.3280	0.2011	0.8410	0.7570	0.7127	0.6683	0.4923	0.3944	0.3151	0.1929	0.7713	0.7584	0.7117	0.6451	0.4452	0.3460	0.2441	0.1556	0.7339	0.7334	0.6975	0.4308	0.2915	0.2082	0.1841	0.1326	0.4994	0.6942	0.5191	0.3160	0.1650	0.1433	0.1317	0.1161	0.2684	0.5757	0.2179	0.1878	0.1409	0.1202	0.1192	0.1079	
0.7695	0.7540	0.7040	0.6845	0.6249	0.5944	0.4657	0.3115	0.7775	0.7517	0.7038	0.6753	0.5906	0.5159	0.3942	0.2746	0.7836	0.7632	0.7108	0.6683	0.5829	0.4670	0.3462	0.2082	0.8409	0.7631	0.7188	0.6794	0.5141	0.4150	0.3305	0.2031	0.7789	0.7625	0.7178	0.6600	0.4681	0.3656	0.2588	0.1594	0.7403	0.7430	0.7079	0.4582	0.3108	0.2169	0.1906	0.1287	0.5391	0.7018	0.5479	0.3382	0.1684	0.1471	0.1321	0.1184	0.2892	0.6032	0.2353	0.1996	0.1451	0.1210	0.1214	0.1070	
0.7778	0.7596	0.7043	0.6839	0.6261	0.6022	0.4896	0.3259	0.7795	0.7522	0.7143	0.6728	0.5949	0.5402	0.4157	0.2866	0.7817	0.7686	0.7093	0.6673	0.6033	0.4866	0.3595	0.2160	0.8459	0.7639	0.7203	0.6772	0.5424	0.4339	0.3429	0.2128	0.7752	0.7611	0.7228	0.6669	0.4910	0.3791	0.2689	0.1681	0.7378	0.7421	0.7088	0.4826	0.3336	0.2299	0.1983	0.1322	0.5586	0.7059	0.5694	0.3569	0.1773	0.1510	0.1335	0.1164	0.3079	0.6272	0.2484	0.2138	0.1510	0.1227	0.1211	0.1085	
0.7781	0.7618	0.7059	0.6871	0.6257	0.5940	0.5170	0.3436	0.7848	0.7559	0.7123	0.6785	0.6010	0.5583	0.4367	0.3027	0.7893	0.7697	0.7135	0.6750	0.6127	0.5112	0.3775	0.2233	0.7862	0.7701	0.7185	0.6809	0.5629	0.4569	0.3679	0.2215	0.7795	0.7666	0.7202	0.6741	0.5125	0.4030	0.2845	0.1740	0.7418	0.7451	0.7123	0.5051	0.3529	0.2390	0.2077	0.1354	0.5861	0.7094	0.5900	0.3809	0.1854	0.1540	0.1370	0.1174	0.3309	0.6523	0.2653	0.2280	0.1530	0.1249	0.1211	0.1100	
0.7791	0.7629	0.7098	0.6853	0.6255	0.5984	0.5267	0.3583	0.7929	0.7597	0.7186	0.6815	0.6053	0.5823	0.4531	0.3182	0.7922	0.7723	0.7175	0.6762	0.6116	0.5341	0.3916	0.2337	0.7867	0.7698	0.7217	0.6821	0.5768	0.4781	0.3781	0.2345	0.7812	0.7670	0.7281	0.6790	0.5365	0.4211	0.2936	0.1746	0.7444	0.7473	0.7216	0.5331	0.3675	0.2502	0.2160	0.1378	0.6103	0.7143	0.6195	0.4034	0.1909	0.1572	0.1394	0.1188	0.3514	0.6718	0.2909	0.2394	0.1595	0.1265	0.1237	0.1093	
