0.0913	0.0931	0.0917	0.0934	0.0927	0.0938	0.0931	0.1232	0.0924	0.0938	0.0915	0.0921	0.0929	0.1142	0.0921	0.1182	0.0914	0.0917	0.0930	0.0942	0.0941	0.1187	0.0921	0.1186	0.0920	0.0932	0.0931	0.0976	0.0944	0.1392	0.0926	0.0989	0.0923	0.0981	0.0938	0.1052	0.0928	0.1381	0.0944	0.1253	0.0921	0.0926	0.0946	0.0960	0.0927	0.0993	0.0924	0.1344	0.0916	0.0945	0.0917	0.0950	0.0950	0.1059	0.0925	0.1310	0.0909	0.0910	0.0934	0.0914	0.0914	0.0911	0.0922	0.0917	
0.0910	0.0923	0.0918	0.0921	0.0920	0.0916	0.0921	0.0923	0.0932	0.0947	0.0928	0.0926	0.0914	0.0927	0.0915	0.0936	0.0922	0.0929	0.0926	0.0928	0.0932	0.0931	0.0915	0.0925	0.0912	0.0931	0.0916	0.0926	0.0930	0.0950	0.0928	0.0932	0.0911	0.0917	0.0924	0.0916	0.0933	0.0930	0.0929	0.0927	0.0919	0.0918	0.0937	0.0936	0.0921	0.0939	0.0922	0.0923	0.0908	0.0918	0.0911	0.0922	0.0945	0.0930	0.0929	0.0921	0.0915	0.0919	0.0928	0.0920	0.0914	0.0918	0.0919	0.0922	
0.0916	0.0921	0.0920	0.0931	0.0919	0.0913	0.0909	0.0929	0.0924	0.0944	0.0925	0.0930	0.0933	0.0929	0.0915	0.0940	0.0923	0.0926	0.0929	0.0932	0.0938	0.0922	0.0922	0.0932	0.0918	0.0940	0.0923	0.0936	0.0934	0.0935	0.0928	0.0944	0.0911	0.0942	0.0915	0.0925	0.0928	0.0932	0.0930	0.0931	0.0919	0.0924	0.0935	0.0948	0.0926	0.0940	0.0918	0.0943	0.0914	0.0927	0.0915	0.0930	0.0948	0.0937	0.0927	0.0928	0.0919	0.0917	0.0927	0.0926	0.0922	0.0921	0.0932	0.0927	
0.0916	0.0928	0.0923	0.0926	0.0924	0.0931	0.0923	0.0937	0.0928	0.0943	0.0930	0.0930	0.0935	0.0938	0.0917	0.0945	0.0923	0.0925	0.0927	0.0935	0.0938	0.0935	0.0919	0.0933	0.0916	0.0928	0.0926	0.0933	0.0937	0.0927	0.0932	0.0941	0.0911	0.0920	0.0923	0.0922	0.0936	0.0938	0.0934	0.0930	0.0917	0.0919	0.0938	0.0946	0.0926	0.0940	0.0932	0.0943	0.0914	0.0921	0.0908	0.0924	0.0953	0.0937	0.0929	0.0926	0.0915	0.0903	0.0925	0.0930	0.0925	0.0925	0.0927	0.0924	
0.0913	0.0931	0.0922	0.0934	0.0925	0.0927	0.0924	0.0935	0.0935	0.0945	0.0923	0.0930	0.0936	0.0933	0.0927	0.0940	0.0924	0.0926	0.0932	0.0938	0.0940	0.0925	0.0922	0.0920	0.0917	0.0929	0.0922	0.0936	0.0931	0.0929	0.0928	0.0939	0.0913	0.0923	0.0923	0.0923	0.0937	0.0935	0.0927	0.0930	0.0918	0.0922	0.0941	0.0940	0.0925	0.0935	0.0933	0.0936	0.0912	0.0924	0.0914	0.0937	0.0946	0.0935	0.0930	0.0927	0.0916	0.0918	0.0929	0.0921	0.0927	0.0921	0.0929	0.0923	
0.0918	0.0926	0.0920	0.0927	0.0924	0.0924	0.0924	0.0920	0.0931	0.0942	0.0928	0.0927	0.0939	0.0936	0.0918	0.0947	0.0923	0.0928	0.0930	0.0930	0.0943	0.0937	0.0919	0.0931	0.0918	0.0933	0.0919	0.0937	0.0934	0.0939	0.0938	0.0916	0.0911	0.0926	0.0923	0.0915	0.0936	0.0937	0.0932	0.0931	0.0922	0.0914	0.0941	0.0941	0.0936	0.0941	0.0927	0.0936	0.0913	0.0927	0.0914	0.0930	0.0942	0.0934	0.0924	0.0925	0.0917	0.0915	0.0951	0.0924	0.0916	0.0925	0.0915	0.0930	
0.0924	0.0924	0.0926	0.0935	0.0924	0.0932	0.0937	0.0940	0.0935	0.0946	0.0934	0.0926	0.0942	0.0948	0.0929	0.0950	0.0930	0.1027	0.0939	0.0942	0.0940	0.0940	0.0927	0.0936	0.0922	0.0931	0.0926	0.0945	0.0939	0.0937	0.0927	0.0938	0.0915	0.0930	0.0929	0.0933	0.0935	0.0949	0.0935	0.0937	0.0923	0.0925	0.0940	0.0944	0.0928	0.0952	0.0930	0.0954	0.0920	0.0931	0.0914	0.0923	0.0949	0.0938	0.0938	0.0932	0.0917	0.0919	0.0927	0.0931	0.0928	0.0921	0.0932	0.0929	
0.0916	0.0928	0.0928	0.0935	0.0927	0.0929	0.0931	0.0937	0.0936	0.0947	0.0935	0.0934	0.0940	0.0938	0.0931	0.0946	0.0925	0.0935	0.0927	0.0938	0.0946	0.0935	0.0923	0.0936	0.0923	0.0934	0.0925	0.0941	0.0937	0.0937	0.0933	0.0946	0.0919	0.0926	0.0919	0.0932	0.0934	0.0948	0.0936	0.0935	0.0924	0.0923	0.0933	0.0948	0.0935	0.0948	0.0932	0.0939	0.0918	0.0929	0.0922	0.0936	0.0949	0.0931	0.0935	0.0928	0.0920	0.0919	0.0927	0.0934	0.0921	0.0929	0.0931	0.0929	
0.0919	0.0931	0.0924	0.0938	0.0929	0.0930	0.0939	0.0939	0.0935	0.0956	0.0934	0.0940	0.0947	0.0946	0.0931	0.0946	0.0928	0.0933	0.0934	0.0946	0.0949	0.0941	0.0924	0.0937	0.0922	0.0932	0.0925	0.0938	0.0940	0.0944	0.0936	0.0954	0.0914	0.0933	0.0916	0.0933	0.0939	0.0941	0.0939	0.0940	0.0926	0.0923	0.0943	0.0948	0.0931	0.0946	0.0932	0.0945	0.0917	0.0930	0.0921	0.0935	0.0951	0.0942	0.0934	0.0937	0.0922	0.0925	0.0929	0.0926	0.0925	0.0927	0.0934	0.0933	
0.0917	0.0938	0.0930	0.0934	0.0936	0.0935	0.0937	0.0945	0.0935	0.0954	0.0939	0.0934	0.0940	0.0950	0.0937	0.0955	0.0927	0.0937	0.0935	0.0940	0.0947	0.0953	0.0931	0.0940	0.0926	0.0930	0.0940	0.0943	0.0944	0.0947	0.0938	0.0955	0.0915	0.0933	0.0932	0.0932	0.0942	0.0947	0.0941	0.0937	0.0925	0.0925	0.0941	0.0954	0.0939	0.0952	0.0931	0.0946	0.0923	0.0931	0.0925	0.0938	0.0944	0.0940	0.0933	0.0934	0.0922	0.0924	0.0934	0.0932	0.0934	0.0929	0.0941	0.0931	
0.0921	0.0929	0.0921	0.0934	0.0932	0.0931	0.0932	0.0937	0.0937	0.0951	0.0934	0.0932	0.0945	0.0935	0.0936	0.0954	0.0924	0.0932	0.0932	0.0942	0.0944	0.0934	0.0923	0.0943	0.0919	0.0932	0.0925	0.0940	0.0939	0.0942	0.0937	0.0947	0.0923	0.0924	0.0933	0.0927	0.0937	0.0946	0.0931	0.0935	0.0923	0.0923	0.0940	0.0945	0.0929	0.0942	0.0927	0.0941	0.0916	0.0930	0.0917	0.0933	0.0944	0.0936	0.0928	0.0933	0.0917	0.0919	0.0927	0.0927	0.0922	0.0923	0.0933	0.0929	
0.0923	0.0939	0.0937	0.0939	0.0938	0.0935	0.0935	0.0948	0.0937	0.0954	0.0939	0.0934	0.0945	0.0943	0.0935	0.0957	0.0932	0.0943	0.0936	0.0946	0.0941	0.0940	0.0936	0.0944	0.0928	0.0935	0.0933	0.0946	0.0937	0.0942	0.0936	0.0954	0.0921	0.0927	0.0929	0.0930	0.0944	0.0942	0.0938	0.0940	0.0923	0.0930	0.0942	0.0951	0.0938	0.0944	0.0937	0.0945	0.0919	0.0933	0.0917	0.0932	0.0952	0.0940	0.0940	0.0935	0.0917	0.0920	0.0928	0.0932	0.0921	0.0923	0.0931	0.0928	
0.0923	0.0930	0.0933	0.0938	0.0929	0.0929	0.0930	0.0932	0.0936	0.0951	0.0936	0.0933	0.0937	0.0941	0.0932	0.0954	0.0928	0.0933	0.0937	0.0933	0.0945	0.0929	0.0927	0.0934	0.0917	0.0932	0.0917	0.0937	0.0931	0.0943	0.0929	0.0953	0.0911	0.0928	0.0923	0.0929	0.0935	0.0938	0.0930	0.0931	0.0924	0.0920	0.0936	0.0942	0.0927	0.0938	0.0936	0.0937	0.0917	0.0928	0.0920	0.0931	0.0946	0.0938	0.0928	0.0931	0.0912	0.0919	0.0928	0.0931	0.0919	0.0925	0.0934	0.0931	
0.0934	0.0939	0.0939	0.0937	0.0939	0.0934	0.0938	0.0941	0.0942	0.0955	0.0940	0.0941	0.0946	0.0947	0.0938	0.0954	0.0929	0.0939	0.0923	0.0940	0.0951	0.0940	0.0928	0.0937	0.0925	0.0937	0.0927	0.0945	0.0946	0.0938	0.0942	0.0950	0.0922	0.0932	0.0925	0.0931	0.0941	0.0948	0.0935	0.0935	0.0921	0.0924	0.0940	0.0945	0.0934	0.0944	0.0931	0.0944	0.0921	0.0933	0.0918	0.0934	0.0948	0.0945	0.0933	0.0936	0.0921	0.0923	0.0930	0.0928	0.0922	0.0924	0.0935	0.0935	
0.0933	0.0943	0.0935	0.0936	0.0938	0.0934	0.0930	0.0944	0.0947	0.0957	0.0944	0.0943	0.0947	0.0948	0.0940	0.0949	0.0936	0.0940	0.0941	0.0933	0.0963	0.0940	0.0932	0.0935	0.0924	0.0934	0.0933	0.0941	0.0941	0.0947	0.0942	0.0954	0.0919	0.0925	0.0936	0.0928	0.0942	0.0946	0.0934	0.0942	0.0918	0.0922	0.0935	0.0951	0.0935	0.0947	0.0931	0.0944	0.0918	0.0931	0.0922	0.0936	0.0947	0.0939	0.0932	0.0937	0.0921	0.0921	0.0923	0.0926	0.0930	0.0924	0.0934	0.0935	
0.0937	0.0940	0.0945	0.0944	0.0937	0.0943	0.0946	0.0943	0.0949	0.0962	0.0952	0.0948	0.0950	0.0957	0.0941	0.0961	0.0942	0.0948	0.0946	0.0949	0.0990	0.0940	0.0937	0.0939	0.0924	0.0944	0.0931	0.0945	0.0943	0.0939	0.0937	0.0953	0.0922	0.0934	0.0933	0.0930	0.0945	0.0949	0.0938	0.0939	0.0924	0.0926	0.0944	0.0950	0.0942	0.0950	0.0932	0.0935	0.0926	0.0935	0.0929	0.0933	0.0949	0.0944	0.0932	0.0935	0.0921	0.0924	0.0937	0.0925	0.0926	0.0928	0.0939	0.0934	
0.0939	0.0942	0.0938	0.0945	0.0939	0.0938	0.0943	0.0944	0.0947	0.0964	0.0948	0.0943	0.0953	0.0949	0.0939	0.0964	0.0939	0.0945	0.0945	0.0947	0.0961	0.0944	0.0929	0.0937	0.0927	0.0937	0.0932	0.0940	0.0941	0.0946	0.0934	0.0950	0.0921	0.0930	0.0933	0.0935	0.0946	0.0949	0.0941	0.0933	0.0924	0.0926	0.0940	0.0949	0.0930	0.0942	0.0938	0.0947	0.0925	0.0936	0.0919	0.0932	0.0955	0.0937	0.0931	0.0933	0.0923	0.0919	0.0930	0.0929	0.0925	0.0927	0.0940	0.0932	
0.0938	0.0947	0.0946	0.0949	0.0937	0.0946	0.0939	0.0937	0.0947	0.0969	0.0953	0.0947	0.0955	0.0951	0.0940	0.0951	0.0940	0.0949	0.0945	0.0952	0.0968	0.0947	0.0934	0.0942	0.0925	0.0938	0.0937	0.0943	0.0942	0.0945	0.0940	0.0949	0.0917	0.0928	0.0930	0.0932	0.0944	0.0941	0.0934	0.0941	0.0921	0.0926	0.0939	0.0949	0.0933	0.0948	0.0936	0.0942	0.0917	0.0930	0.0916	0.0939	0.0945	0.0941	0.0924	0.0931	0.0918	0.0921	0.0929	0.0928	0.0924	0.0923	0.0930	0.0936	
0.0942	0.0952	0.0951	0.0949	0.0945	0.0950	0.0947	0.0947	0.0959	0.0972	0.0954	0.0952	0.0956	0.0954	0.0944	0.0965	0.0945	0.0953	0.0947	0.0961	0.0955	0.0942	0.0936	0.0954	0.0935	0.0942	0.0936	0.0947	0.0947	0.0946	0.0947	0.0946	0.0917	0.0938	0.0931	0.0939	0.0950	0.0952	0.0938	0.0944	0.0929	0.0928	0.0944	0.0953	0.0942	0.0943	0.0932	0.0950	0.0925	0.0935	0.0925	0.0937	0.0943	0.0943	0.0934	0.0937	0.0922	0.0923	0.0937	0.0931	0.0924	0.0937	0.0937	0.0934	
0.0946	0.0960	0.0957	0.0955	0.0949	0.0947	0.0947	0.0954	0.0957	0.0975	0.0968	0.0955	0.0954	0.0953	0.0941	0.0965	0.0949	0.0955	0.0942	0.0962	0.0993	0.0955	0.0933	0.0943	0.0931	0.0943	0.0941	0.0950	0.0942	0.0946	0.0953	0.0942	0.0925	0.0934	0.0938	0.0939	0.0942	0.0946	0.0935	0.0943	0.0925	0.0926	0.0945	0.0953	0.0935	0.0950	0.0946	0.0952	0.0922	0.0937	0.0924	0.0941	0.0941	0.0948	0.0937	0.0939	0.0924	0.0922	0.0934	0.0931	0.0924	0.0926	0.0934	0.0942	
0.0959	0.0966	0.0953	0.0962	0.0946	0.0944	0.0940	0.0950	0.0963	0.0984	0.0963	0.0959	0.0956	0.0952	0.0942	0.0955	0.0955	0.0960	0.0957	0.0962	0.0975	0.0950	0.0934	0.0955	0.0938	0.0948	0.0945	0.0950	0.0952	0.0950	0.0942	0.0953	0.0925	0.0938	0.0937	0.0937	0.0946	0.0951	0.0946	0.0943	0.0929	0.0929	0.0944	0.0956	0.0936	0.0954	0.0937	0.0958	0.0930	0.0935	0.0926	0.0949	0.0952	0.0935	0.0935	0.0947	0.0924	0.0926	0.0936	0.0936	0.0932	0.0932	0.0941	0.0941	
0.0962	0.0970	0.0964	0.0965	0.0953	0.0946	0.0947	0.0948	0.0969	0.0986	0.0968	0.0962	0.0956	0.0957	0.0945	0.0956	0.0957	0.0965	0.0962	0.0965	0.0963	0.0951	0.0937	0.0954	0.0940	0.0951	0.0937	0.0963	0.0946	0.0953	0.0933	0.0946	0.0923	0.0944	0.0938	0.0936	0.0943	0.0947	0.0944	0.0942	0.0930	0.0928	0.0935	0.0955	0.0941	0.0941	0.0935	0.0960	0.0921	0.0939	0.0924	0.0936	0.0944	0.0940	0.0936	0.0937	0.0923	0.0923	0.0934	0.0934	0.0929	0.0926	0.0937	0.0937	
0.0961	0.0977	0.0973	0.0969	0.0937	0.0946	0.0948	0.0949	0.0977	0.0996	0.0973	0.0970	0.0960	0.0953	0.0949	0.0958	0.0961	0.0970	0.0965	0.0971	0.0969	0.0950	0.0937	0.0947	0.0937	0.0951	0.0940	0.0960	0.0951	0.0954	0.0945	0.0953	0.0927	0.0939	0.0938	0.0937	0.0942	0.0963	0.0946	0.0940	0.0928	0.0932	0.0945	0.0948	0.0944	0.0949	0.0933	0.0940	0.0925	0.0937	0.0925	0.0939	0.0942	0.0943	0.0936	0.0935	0.0925	0.0924	0.0928	0.0936	0.0924	0.0928	0.0930	0.0936	
0.0973	0.0985	0.0975	0.0962	0.0951	0.0941	0.0947	0.0942	0.0977	0.0997	0.0978	0.0968	0.0962	0.0954	0.0936	0.0962	0.0965	0.0968	0.0966	0.0973	0.0967	0.0947	0.0933	0.0952	0.0939	0.0950	0.0944	0.0950	0.0945	0.0947	0.0937	0.0948	0.0926	0.0951	0.0931	0.0937	0.0943	0.0943	0.0942	0.0941	0.0929	0.0926	0.0937	0.0953	0.0936	0.0945	0.0933	0.0941	0.0924	0.0935	0.0926	0.0932	0.0952	0.0936	0.0939	0.0931	0.0920	0.0920	0.0930	0.0921	0.0924	0.0928	0.0937	0.0931	
0.0984	0.0992	0.0975	0.0970	0.0946	0.0939	0.0939	0.0942	0.0986	0.1002	0.0986	0.0971	0.0971	0.0954	0.0937	0.0955	0.0969	0.0973	0.0973	0.0970	0.0978	0.0943	0.0940	0.0941	0.0939	0.0952	0.0947	0.0952	0.0949	0.0979	0.0939	0.0944	0.0922	0.0935	0.0937	0.0936	0.0947	0.0948	0.0942	0.0934	0.0927	0.0927	0.0932	0.0949	0.0939	0.0937	0.0935	0.0941	0.0924	0.0937	0.0925	0.0929	0.0946	0.0939	0.0920	0.0933	0.0920	0.0926	0.0930	0.0922	0.0924	0.0922	0.0930	0.0928	
0.0995	0.1006	0.0991	0.0979	0.0957	0.0958	0.0947	0.0946	0.0993	0.1010	0.0994	0.0978	0.0975	0.0951	0.0943	0.0961	0.0979	0.0982	0.0974	0.0979	0.0967	0.0960	0.0938	0.0952	0.0949	0.0967	0.0946	0.0960	0.0951	0.0991	0.0944	0.0956	0.0932	0.0945	0.0940	0.0949	0.0949	0.0949	0.0941	0.0938	0.0931	0.0926	0.0939	0.0947	0.0941	0.0945	0.0939	0.0953	0.0930	0.0940	0.0923	0.0936	0.0947	0.0942	0.0933	0.0940	0.0925	0.0928	0.0932	0.0927	0.0932	0.0928	0.0939	0.0931	
0.0999	0.1013	0.1003	0.0992	0.0961	0.0951	0.0946	0.0949	0.1014	0.1023	0.1003	0.0996	0.0971	0.0965	0.0946	0.0956	0.0987	0.0997	0.0981	0.0980	0.0969	0.1025	0.0943	0.0953	0.0955	0.0974	0.0962	0.0965	0.0957	0.0951	0.0940	0.0955	0.0934	0.0947	0.0936	0.0990	0.0957	0.0956	0.0938	0.0943	0.0928	0.0934	0.0947	0.0957	0.0941	0.0947	0.0939	0.0961	0.0933	0.0936	0.0923	0.0944	0.0942	0.0942	0.0934	0.0938	0.0929	0.0931	0.0939	0.0931	0.0926	0.0929	0.0933	0.0942	
0.1016	0.1022	0.1012	0.0994	0.0965	0.0955	0.0946	0.0953	0.1010	0.1030	0.1014	0.0993	0.0980	0.0967	0.0952	0.0960	0.0994	0.0993	0.0986	0.0988	0.0978	0.0958	0.0941	0.0956	0.0956	0.0971	0.0965	0.0964	0.0954	0.0960	0.0932	0.0962	0.0936	0.0949	0.0946	0.0938	0.0953	0.0945	0.0944	0.0944	0.0936	0.0935	0.0942	0.0959	0.0946	0.0943	0.0934	0.0959	0.0928	0.0937	0.0922	0.0940	0.0950	0.0944	0.0927	0.0942	0.0925	0.0929	0.0934	0.0923	0.0934	0.0933	0.0943	0.0935	
0.1019	0.1040	0.1021	0.0999	0.0966	0.0950	0.0946	0.0958	0.1018	0.1039	0.1024	0.1004	0.0981	0.0961	0.0939	0.0968	0.0998	0.1001	0.1112	0.0997	0.0981	0.0957	0.0944	0.0962	0.0959	0.0978	0.0986	0.0968	0.0956	0.0958	0.0942	0.0953	0.0930	0.0953	0.0939	0.0942	0.0950	0.0952	0.0935	0.0938	0.0930	0.0930	0.0935	0.0950	0.0947	0.0948	0.0940	0.0952	0.0924	0.0937	0.0927	0.0938	0.0948	0.0941	0.0931	0.0938	0.0924	0.0922	0.0935	0.0930	0.0926	0.0929	0.0937	0.0934	
0.1049	0.1055	0.1042	0.1010	0.0976	0.0962	0.0956	0.0950	0.1041	0.1055	0.1043	0.1021	0.0978	0.0964	0.0947	0.0965	0.1016	0.1015	0.1014	0.1008	0.1004	0.0978	0.0936	0.0956	0.0968	0.0977	0.0970	0.0966	0.0961	0.0954	0.0949	0.0957	0.0939	0.0991	0.0947	0.0940	0.0950	0.0954	0.0943	0.0937	0.0935	0.0937	0.0945	0.0948	0.0948	0.0951	0.0939	0.0956	0.0926	0.0945	0.0927	0.0941	0.0944	0.0942	0.0937	0.0930	0.0930	0.0925	0.0937	0.0927	0.0929	0.0926	0.0941	0.0929	
0.1063	0.1072	0.1063	0.1021	0.0977	0.0960	0.0956	0.0953	0.1059	0.1076	0.1054	0.1030	0.0993	0.0965	0.0953	0.0965	0.1028	0.1033	0.1018	0.1008	0.0994	0.0963	0.0952	0.0962	0.0979	0.0991	0.0974	0.0974	0.0971	0.0960	0.0950	0.0955	0.0945	0.0955	0.0951	0.0952	0.0955	0.0955	0.0945	0.0945	0.0935	0.0941	0.0951	0.0956	0.0944	0.0952	0.0935	0.0956	0.0932	0.0947	0.0926	0.0943	0.0946	0.0945	0.0941	0.0943	0.0928	0.0923	0.0938	0.0930	0.0936	0.0931	0.0943	0.0932	
0.1083	0.1095	0.1072	0.1029	0.0980	0.0954	0.0941	0.0948	0.1072	0.1088	0.1068	0.1033	0.1003	0.0965	0.0955	0.0965	0.1039	0.1044	0.1036	0.1019	0.1008	0.0963	0.0947	0.0960	0.0985	0.0991	0.0981	0.0987	0.0973	0.0973	0.0950	0.0958	0.0945	0.0956	0.0950	0.0949	0.0964	0.0957	0.0946	0.0937	0.0927	0.0938	0.0946	0.0954	0.0951	0.0948	0.0945	0.0951	0.0929	0.0939	0.0927	0.0940	0.0949	0.0939	0.0931	0.0940	0.0928	0.0926	0.0933	0.0925	0.0935	0.0929	0.0931	0.0929	
0.1106	0.1115	0.1053	0.1043	0.0996	0.0961	0.0952	0.0959	0.1099	0.1109	0.1073	0.1051	0.1008	0.0970	0.0955	0.0954	0.1052	0.1056	0.1017	0.1031	0.0999	0.0971	0.0951	0.0964	0.0995	0.1008	0.0968	0.0977	0.0976	0.0957	0.0954	0.0947	0.0955	0.0963	0.0939	0.0954	0.0956	0.0948	0.0944	0.0939	0.0941	0.0940	0.0933	0.0957	0.0951	0.0950	0.0935	0.0962	0.0933	0.0951	0.0914	0.0935	0.0936	0.0940	0.0933	0.0944	0.0927	0.0929	0.0937	0.0922	0.0929	0.0928	0.0931	0.0932	
0.1136	0.1143	0.1122	0.1055	0.1003	0.0956	0.0950	0.0960	0.1109	0.1132	0.1111	0.1069	0.1005	0.0979	0.0954	0.0969	0.1071	0.1067	0.1062	0.1055	0.0999	0.0975	0.0951	0.0969	0.1002	0.1014	0.0992	0.0993	0.0977	0.0968	0.0954	0.0965	0.0952	0.0971	0.0954	0.0953	0.0963	0.0956	0.0949	0.0951	0.0940	0.0944	0.0942	0.0956	0.0953	0.0955	0.0940	0.0950	0.0933	0.0947	0.0933	0.0946	0.0951	0.0948	0.0936	0.0943	0.0929	0.0931	0.0941	0.0930	0.0924	0.0932	0.0938	0.0932	
0.1156	0.1171	0.1139	0.1068	0.1010	0.0967	0.0954	0.0949	0.1138	0.1144	0.1120	0.1086	0.1024	0.0978	0.0956	0.0968	0.1102	0.1090	0.1074	0.1072	0.1019	0.0977	0.0951	0.0955	0.1011	0.1023	0.0998	0.0995	0.0974	0.1040	0.0952	0.0967	0.0955	0.0962	0.0965	0.0955	0.0963	0.0955	0.0950	0.0944	0.0938	0.0944	0.0944	0.0956	0.0936	0.0953	0.0922	0.0963	0.0926	0.0942	0.0933	0.0942	0.0950	0.0947	0.0948	0.0934	0.0925	0.0932	0.0939	0.0927	0.0933	0.0927	0.0929	0.0930	
0.1172	0.1203	0.1162	0.1082	0.1015	0.0963	0.0956	0.0957	0.1149	0.1187	0.1144	0.1096	0.1028	0.0983	0.0953	0.0972	0.1099	0.1106	0.1091	0.1078	0.1016	0.0984	0.0950	0.0967	0.1018	0.1036	0.1008	0.1002	0.0981	0.0967	0.0966	0.0977	0.0952	0.0978	0.0952	0.0956	0.0962	0.0968	0.0951	0.0956	0.0919	0.0942	0.0941	0.0936	0.0957	0.0959	0.0943	0.0949	0.0923	0.0947	0.0930	0.0933	0.0939	0.0950	0.0917	0.0949	0.0923	0.0932	0.0928	0.0909	0.0933	0.0928	0.0931	0.0945	
0.1232	0.1251	0.1190	0.1102	0.1017	0.0961	0.0960	0.0957	0.1182	0.1212	0.1184	0.1122	0.1035	0.0975	0.0953	0.0964	0.1135	0.1129	0.1115	0.1101	0.1030	0.0993	0.0955	0.0967	0.1029	0.1045	0.1009	0.1006	0.0994	0.0973	0.0961	0.0966	0.0956	0.0971	0.0957	0.0960	0.0955	0.0960	0.0944	0.0949	0.0936	0.0941	0.0939	0.0963	0.0934	0.0953	0.0944	0.0963	0.0937	0.0942	0.0923	0.0939	0.0943	0.0948	0.0932	0.0939	0.0926	0.0921	0.0936	0.0932	0.0935	0.0929	0.0937	0.0934	
0.1270	0.1283	0.1241	0.1135	0.1029	0.0969	0.0974	0.0963	0.1235	0.1255	0.1212	0.1163	0.1055	0.0996	0.0965	0.0970	0.1164	0.1152	0.1136	0.1124	0.1043	0.0988	0.0962	0.0974	0.1051	0.1058	0.1034	0.1022	0.0996	0.0987	0.0964	0.0957	0.0965	0.0980	0.0977	0.0967	0.0965	0.0968	0.0946	0.0961	0.0946	0.0950	0.0952	0.0961	0.0953	0.0960	0.0945	0.0962	0.0930	0.0954	0.0931	0.0942	0.0958	0.0949	0.0929	0.0949	0.0922	0.0929	0.0933	0.0930	0.0941	0.0935	0.0931	0.0940	
0.1324	0.1343	0.1273	0.1154	0.1048	0.0979	0.0958	0.0950	0.1257	0.1293	0.1251	0.1172	0.1066	0.0998	0.0957	0.0962	0.1196	0.1186	0.1173	0.1154	0.1039	0.1000	0.0952	0.0960	0.1067	0.1088	0.1042	0.1032	0.1005	0.0985	0.0968	0.0966	0.0976	0.0988	0.0967	0.0970	0.0971	0.0964	0.0953	0.0953	0.0947	0.0954	0.0955	0.0968	0.0948	0.0957	0.0941	0.0957	0.0936	0.0943	0.0937	0.0937	0.0951	0.0934	0.0935	0.0949	0.0927	0.0933	0.0941	0.0932	0.0933	0.0929	0.0937	0.0943	
0.1365	0.1385	0.1333	0.1163	0.1049	0.0965	0.0953	0.0963	0.1320	0.1344	0.1291	0.1183	0.1076	0.1005	0.0975	0.0976	0.1221	0.1223	0.1197	0.1155	0.1061	0.1007	0.0968	0.0965	0.1087	0.1104	0.1063	0.1025	0.1004	0.0983	0.0959	0.0948	0.0975	0.0994	0.0980	0.0951	0.0969	0.0971	0.0950	0.0961	0.0951	0.0953	0.0938	0.0965	0.0957	0.0960	0.0943	0.0941	0.0939	0.0961	0.0929	0.0922	0.0937	0.0947	0.0942	0.0961	0.0919	0.0929	0.0938	0.0927	0.0930	0.0940	0.0930	0.0933	
0.1430	0.1439	0.1371	0.1222	0.1073	0.0995	0.0980	0.0964	0.1361	0.1395	0.1333	0.1267	0.1100	0.1016	0.0978	0.0981	0.1261	0.1261	0.1213	0.1210	0.1070	0.1025	0.0973	0.0987	0.1108	0.1119	0.1082	0.1063	0.1027	0.0993	0.0974	0.0978	0.0978	0.0994	0.0984	0.0974	0.0987	0.0982	0.0954	0.0961	0.0958	0.0955	0.0956	0.0973	0.0965	0.0960	0.0957	0.0971	0.0938	0.0955	0.0942	0.0951	0.0964	0.0952	0.0952	0.0951	0.0931	0.0929	0.0943	0.0939	0.0948	0.0947	0.0951	0.0944	
0.1509	0.1563	0.1446	0.1245	0.1108	0.0985	0.0959	0.0952	0.1451	0.1457	0.1447	0.1293	0.1147	0.1014	0.0965	0.0973	0.1339	0.1304	0.1289	0.1292	0.1141	0.1036	0.0962	0.0976	0.1142	0.1145	0.1103	0.1066	0.1035	0.0989	0.0971	0.0971	0.0991	0.1008	0.1019	0.0973	0.0976	0.0966	0.0953	0.0943	0.0966	0.0960	0.0956	0.0964	0.0981	0.0957	0.0944	0.0950	0.0945	0.0959	0.0939	0.0950	0.0976	0.0939	0.0941	0.0945	0.0939	0.0933	0.0965	0.0935	0.0936	0.0930	0.0946	0.0933	
0.1598	0.1610	0.1495	0.1288	0.1101	0.0991	0.0966	0.0956	0.1504	0.1532	0.1443	0.1344	0.1131	0.1015	0.0972	0.0960	0.1375	0.1358	0.1308	0.1272	0.1101	0.1029	0.0959	0.0973	0.1167	0.1172	0.1130	0.1073	0.1040	0.0993	0.0968	0.0962	0.0998	0.0999	0.0988	0.0970	0.0968	0.0961	0.0952	0.0948	0.0957	0.0957	0.0951	0.0962	0.0959	0.0955	0.0941	0.0966	0.0929	0.0955	0.0938	0.0942	0.0951	0.0944	0.0930	0.0936	0.0934	0.0926	0.0940	0.0928	0.0937	0.0929	0.0935	0.0943	
0.1683	0.1687	0.1576	0.1341	0.1118	0.0996	0.0971	0.0951	0.1560	0.1604	0.1509	0.1382	0.1153	0.1023	0.0970	0.0973	0.1446	0.1417	0.1374	0.1319	0.1127	0.1036	0.0975	0.0973	0.1201	0.1216	0.1149	0.1099	0.1055	0.0998	0.0974	0.0975	0.1006	0.1028	0.1007	0.0988	0.0983	0.0980	0.0962	0.0952	0.0966	0.0961	0.0961	0.0971	0.0958	0.0958	0.0946	0.0959	0.0944	0.0962	0.0931	0.0946	0.0951	0.0949	0.0939	0.0949	0.0937	0.0934	0.0948	0.0932	0.0944	0.0931	0.0948	0.0941	
0.1768	0.1809	0.1666	0.1386	0.1145	0.1000	0.0972	0.0960	0.1682	0.1686	0.1587	0.1446	0.1182	0.1035	0.0978	0.0967	0.1502	0.1478	0.1428	0.1362	0.1143	0.1039	0.0977	0.0981	0.1246	0.1242	0.1174	0.1107	0.1082	0.1045	0.0984	0.0972	0.1021	0.1035	0.0990	0.0991	0.0989	0.0974	0.0958	0.0951	0.0968	0.0971	0.0963	0.0967	0.0956	0.0962	0.0945	0.0957	0.0939	0.0957	0.0935	0.0953	0.0950	0.0959	0.0939	0.0950	0.0942	0.0935	0.0946	0.0936	0.0937	0.0933	0.0945	0.0937	
0.1880	0.1884	0.1746	0.1440	0.1163	0.1006	0.0967	0.0965	0.1748	0.1760	0.1674	0.1500	0.1205	0.1033	0.0977	0.0980	0.1562	0.1549	0.1476	0.1407	0.1166	0.1048	0.0967	0.0983	0.1268	0.1258	0.1210	0.1118	0.1067	0.1001	0.0964	0.0977	0.1024	0.1039	0.1009	0.0991	0.0981	0.0971	0.0951	0.0949	0.0961	0.0970	0.0954	0.0964	0.0959	0.0950	0.0950	0.0951	0.0940	0.0963	0.0936	0.0945	0.0947	0.0936	0.0939	0.0939	0.0930	0.0932	0.0944	0.0921	0.0931	0.0927	0.0929	0.0933	
0.1998	0.2037	0.1885	0.1505	0.1194	0.1021	0.0972	0.0963	0.1873	0.1892	0.1786	0.1574	0.1231	0.1060	0.0982	0.0974	0.1669	0.1626	0.1554	0.1477	0.1188	0.1076	0.0977	0.0982	0.1330	0.1337	0.1255	0.1161	0.1108	0.1026	0.0982	0.0975	0.1040	0.1059	0.1024	0.1004	0.0999	0.0983	0.0962	0.0962	0.0977	0.0973	0.0963	0.0970	0.0960	0.0959	0.0954	0.0961	0.0946	0.0965	0.0942	0.0957	0.0959	0.0952	0.0942	0.0952	0.0939	0.0939	0.0951	0.0944	0.0938	0.0934	0.0942	0.0940	
0.2150	0.2186	0.2006	0.1583	0.1226	0.1036	0.0982	0.0970	0.1993	0.2027	0.1895	0.1681	0.1285	0.1070	0.0995	0.0982	0.1779	0.1743	0.1647	0.1556	0.1212	0.1085	0.0993	0.0996	0.1393	0.1392	0.1304	0.1187	0.1120	0.1042	0.0990	0.0981	0.1056	0.1066	0.1036	0.1015	0.1009	0.0986	0.0964	0.0961	0.0982	0.0986	0.0970	0.0984	0.0967	0.0974	0.0956	0.0961	0.0952	0.0972	0.0953	0.0953	0.0962	0.0953	0.0944	0.0953	0.0944	0.0941	0.0951	0.0940	0.0947	0.0944	0.0947	0.0950	
0.2293	0.2324	0.2097	0.1638	0.1257	0.1030	0.0974	0.0963	0.2127	0.2141	0.2010	0.1773	0.1316	0.1064	0.0982	0.0997	0.1842	0.1839	0.1724	0.1642	0.1244	0.1101	0.0997	0.0996	0.1431	0.1438	0.1340	0.1207	0.1144	0.1022	0.0995	0.0981	0.1069	0.1082	0.1036	0.1007	0.0994	0.0974	0.0965	0.0960	0.0978	0.0980	0.0962	0.0984	0.0951	0.0963	0.0951	0.0960	0.0943	0.0969	0.0943	0.0945	0.0945	0.0952	0.0945	0.0947	0.0943	0.0982	0.0948	0.0941	0.0938	0.0937	0.0941	0.0941	
0.2461	0.2473	0.2269	0.1743	0.1301	0.1025	0.0990	0.0969	0.2273	0.2299	0.2126	0.1866	0.1356	0.1084	0.0983	0.0984	0.1971	0.1929	0.1825	0.1688	0.1267	0.1108	0.0991	0.0989	0.1506	0.1512	0.1385	0.1247	0.1153	0.1044	0.0989	0.0978	0.1084	0.1106	0.1044	0.1028	0.1009	0.0994	0.0955	0.0963	0.0983	0.0985	0.0967	0.0981	0.0967	0.0962	0.0954	0.0946	0.0949	0.0971	0.0943	0.0949	0.0952	0.0953	0.0942	0.0944	0.0939	0.0938	0.0945	0.0938	0.0935	0.0935	0.0940	0.0938	
0.2651	0.2673	0.2430	0.1835	0.1352	0.1046	0.0977	0.0963	0.2434	0.2460	0.2292	0.1986	0.1403	0.1095	0.0989	0.0978	0.2109	0.2060	0.1959	0.1833	0.1312	0.1119	0.1001	0.0988	0.1573	0.1590	0.1470	0.1271	0.1178	0.1050	0.0995	0.0985	0.1094	0.1114	0.1063	0.1025	0.1009	0.0984	0.0962	0.0948	0.0979	0.0987	0.0966	0.0972	0.0967	0.0958	0.0958	0.0951	0.0953	0.0963	0.0948	0.0958	0.0946	0.0956	0.0938	0.0946	0.0943	0.0937	0.0944	0.0935	0.0945	0.0943	0.0944	0.0937	
0.2892	0.2859	0.2593	0.1938	0.1386	0.1057	0.0983	0.0963	0.2627	0.2643	0.2444	0.2120	0.1463	0.1104	0.0989	0.0988	0.2268	0.2210	0.2065	0.1918	0.1331	0.1140	0.1007	0.0995	0.1676	0.1667	0.1523	0.1327	0.1221	0.1050	0.0997	0.0977	0.1116	0.1137	0.1075	0.1032	0.1010	0.0983	0.0967	0.0962	0.0989	0.0992	0.0977	0.0985	0.0960	0.0963	0.0945	0.0960	0.0963	0.0975	0.0948	0.0964	0.0964	0.0952	0.0940	0.0951	0.0942	0.0947	0.0949	0.0938	0.0951	0.0931	0.0940	0.0938	
0.3123	0.3086	0.2795	0.2048	0.1444	0.1046	0.0991	0.0975	0.2844	0.2846	0.2614	0.2263	0.1521	0.1125	0.0991	0.0983	0.2451	0.2412	0.2219	0.2025	0.1409	0.1161	0.1010	0.1005	0.1775	0.1778	0.1604	0.1376	0.1247	0.1075	0.0994	0.0975	0.1145	0.1163	0.1090	0.1043	0.1021	0.0989	0.0966	0.0972	0.0995	0.1001	0.0973	0.0986	0.0966	0.0962	0.0955	0.0960	0.0954	0.0976	0.0940	0.0967	0.0960	0.0953	0.0942	0.0936	0.0923	0.0942	0.0948	0.0934	0.0941	0.0942	0.0951	0.0943	
0.3380	0.3347	0.3013	0.2200	0.1502	0.1062	0.0987	0.0964	0.3072	0.3029	0.2827	0.2407	0.1581	0.1147	0.1004	0.0991	0.2603	0.2532	0.2352	0.2170	0.1445	0.1191	0.1009	0.1009	0.1879	0.1862	0.1690	0.1426	0.1275	0.1076	0.0999	0.0990	0.1180	0.1179	0.1101	0.1047	0.1020	0.0992	0.0967	0.0958	0.0999	0.1009	0.0973	0.0989	0.0968	0.0969	0.0961	0.0968	0.0964	0.0972	0.0946	0.0958	0.0955	0.0948	0.0942	0.0955	0.0943	0.0940	0.0948	0.0933	0.0938	0.0941	0.0945	0.0936	
0.3669	0.3614	0.3239	0.2365	0.1579	0.1089	0.1008	0.0975	0.3330	0.3270	0.3034	0.2573	0.1649	0.1161	0.1004	0.1003	0.2847	0.2729	0.2536	0.2314	0.1517	0.1218	0.1017	0.1022	0.2024	0.1997	0.1794	0.1506	0.1329	0.1098	0.1023	0.0996	0.1217	0.1213	0.1125	0.1074	0.1047	0.0999	0.0978	0.0964	0.1015	0.1013	0.0981	0.0995	0.0976	0.0966	0.0958	0.0968	0.0965	0.0976	0.0954	0.0961	0.0960	0.0963	0.0942	0.0951	0.0958	0.0951	0.0951	0.0940	0.0950	0.0934	0.0940	0.0933	
0.3902	0.3873	0.3456	0.2550	0.1655	0.1103	0.1009	0.0982	0.3560	0.3536	0.3274	0.2776	0.1757	0.1201	0.1021	0.0997	0.3051	0.2967	0.2721	0.2515	0.1592	0.1275	0.1034	0.1020	0.2141	0.2146	0.1910	0.1575	0.1387	0.1112	0.1013	0.0996	0.1241	0.1267	0.1161	0.1094	0.1051	0.1017	0.0992	0.0975	0.1026	0.1033	0.1004	0.0988	0.0977	0.0975	0.0967	0.0969	0.0982	0.0985	0.0961	0.0968	0.0976	0.0964	0.0947	0.0957	0.0956	0.0950	0.0956	0.0943	0.0953	0.0937	0.0945	0.0949	
0.4164	0.4103	0.3701	0.2702	0.1744	0.1113	0.1001	0.0975	0.3823	0.3787	0.3479	0.2958	0.1841	0.1204	0.1015	0.0999	0.3250	0.3196	0.2947	0.2672	0.1645	0.1311	0.1026	0.1020	0.2315	0.2275	0.2032	0.1633	0.1411	0.1123	0.1020	0.0990	0.1280	0.1286	0.1178	0.1093	0.1047	0.0999	0.0968	0.0961	0.1022	0.1020	0.0975	0.0981	0.0980	0.0973	0.0960	0.0968	0.0970	0.0986	0.0953	0.0973	0.0955	0.0956	0.0934	0.0945	0.0934	0.0941	0.0939	0.0940	0.0945	0.0934	0.0940	0.0935	
0.4441	0.4396	0.3985	0.2892	0.1843	0.1119	0.1002	0.0977	0.4087	0.4087	0.3750	0.3188	0.1964	0.1229	0.1023	0.0994	0.3511	0.3422	0.3196	0.2893	0.1742	0.1341	0.1034	0.1019	0.2469	0.2444	0.2178	0.1722	0.1491	0.1144	0.1017	0.0985	0.1326	0.1345	0.1208	0.1112	0.1055	0.1014	0.0967	0.0968	0.1021	0.1042	0.0994	0.0990	0.0983	0.0970	0.0957	0.0966	0.0967	0.0990	0.0955	0.0968	0.0962	0.0957	0.0944	0.0958	0.0953	0.0940	0.0964	0.0947	0.0938	0.0945	0.0943	0.0942	
0.4695	0.4708	0.4277	0.3097	0.1939	0.1153	0.1006	0.0972	0.4422	0.4370	0.4031	0.3360	0.2086	0.1260	0.1023	0.1001	0.3812	0.3715	0.3395	0.3083	0.1824	0.1369	0.1055	0.1038	0.2678	0.2643	0.2318	0.1831	0.1554	0.1172	0.1041	0.1008	0.1389	0.1399	0.1218	0.1105	0.1083	0.1025	0.0984	0.0973	0.1039	0.1047	0.0968	0.0989	0.0973	0.0984	0.0956	0.0973	0.0983	0.0993	0.0949	0.0959	0.0963	0.0973	0.0942	0.0960	0.0959	0.0948	0.0946	0.0925	0.0944	0.0943	0.0953	0.0939	
0.5061	0.4957	0.4576	0.3283	0.2074	0.1164	0.1016	0.0985	0.4670	0.4670	0.4341	0.3666	0.2226	0.1302	0.1030	0.1005	0.4128	0.4009	0.3693	0.3357	0.1961	0.1424	0.1068	0.1033	0.2896	0.2845	0.2490	0.1954	0.1654	0.1178	0.1047	0.1006	0.1452	0.1446	0.1282	0.1150	0.1104	0.1030	0.0985	0.0972	0.1059	0.1058	0.1002	0.1012	0.0992	0.0982	0.0957	0.0965	0.0982	0.0990	0.0970	0.0977	0.0969	0.0956	0.0936	0.0953	0.0961	0.0953	0.0972	0.0956	0.0947	0.0931	0.0954	0.0953	
0.5261	0.5248	0.4839	0.3542	0.2178	0.1184	0.1015	0.0975	0.4910	0.4896	0.4586	0.3889	0.2368	0.1312	0.1026	0.1003	0.4367	0.4278	0.3948	0.3574	0.2071	0.1469	0.1074	0.1026	0.3114	0.3060	0.2695	0.2055	0.1714	0.1197	0.1058	0.1002	0.1498	0.1519	0.1323	0.1151	0.1094	0.1025	0.0989	0.0970	0.1063	0.1062	0.1000	0.1013	0.0985	0.0975	0.0966	0.0970	0.0984	0.0998	0.0961	0.0970	0.0960	0.0959	0.0925	0.0953	0.0954	0.0944	0.0956	0.0949	0.0947	0.0941	0.0941	0.0941	
0.5593	0.5537	0.5094	0.3781	0.2316	0.1208	0.1026	0.0982	0.5226	0.5177	0.4834	0.4190	0.2516	0.1352	0.1032	0.0991	0.4712	0.4569	0.4242	0.3828	0.2192	0.1533	0.1073	0.1038	0.3399	0.3272	0.2873	0.2188	0.1812	0.1215	0.1059	0.1005	0.1569	0.1575	0.1350	0.1178	0.1105	0.1032	0.0989	0.0965	0.1079	0.1076	0.1007	0.1013	0.0982	0.0978	0.0952	0.0969	0.0989	0.0997	0.0967	0.0975	0.0965	0.0962	0.0936	0.0950	0.0960	0.0955	0.0961	0.0950	0.0950	0.0940	0.0949	0.0940	
0.5822	0.5727	0.5307	0.4008	0.2489	0.1226	0.1024	0.0982	0.5463	0.5447	0.5101	0.4453	0.2691	0.1409	0.1051	0.0980	0.5002	0.4820	0.4498	0.4083	0.2349	0.1588	0.1078	0.1032	0.3623	0.3546	0.3096	0.2333	0.1929	0.1244	0.1062	0.1002	0.1672	0.1670	0.1422	0.1210	0.1119	0.1033	0.0976	0.0965	0.1084	0.1080	0.1009	0.1020	0.0981	0.0973	0.0953	0.0961	0.0990	0.1005	0.0969	0.0978	0.0962	0.0962	0.0938	0.0944	0.0950	0.0949	0.0958	0.0952	0.0950	0.0934	0.0948	0.0942	
0.5974	0.5948	0.5478	0.4283	0.2619	0.1235	0.1040	0.0969	0.5648	0.5662	0.5295	0.4692	0.2868	0.1446	0.1055	0.0994	0.5244	0.5061	0.4718	0.4395	0.2494	0.1661	0.1091	0.1033	0.3885	0.3775	0.3316	0.2494	0.2059	0.1278	0.1069	0.1002	0.1769	0.1745	0.1444	0.1246	0.1143	0.1039	0.0992	0.0961	0.1109	0.1104	0.0998	0.1015	0.0989	0.0960	0.0970	0.0965	0.0990	0.1004	0.0973	0.0984	0.0971	0.0956	0.0945	0.0954	0.0958	0.0948	0.0951	0.0940	0.0958	0.0944	0.0953	0.0934	
0.6220	0.6164	0.5750	0.4575	0.2812	0.1290	0.1035	0.0980	0.5882	0.5898	0.5563	0.4970	0.3069	0.1495	0.1065	0.1000	0.5508	0.5339	0.4978	0.4613	0.2662	0.1726	0.1096	0.1039	0.4156	0.4061	0.3591	0.2693	0.2163	0.1319	0.1080	0.1017	0.1842	0.1846	0.1533	0.1259	0.1163	0.1044	0.0991	0.0957	0.1110	0.1107	0.1031	0.1026	0.0980	0.0974	0.0963	0.0967	0.0995	0.1003	0.0971	0.0975	0.0962	0.0965	0.0940	0.0940	0.0959	0.0953	0.0962	0.0946	0.0949	0.0940	0.0950	0.0936	
0.6522	0.6398	0.5916	0.4857	0.3030	0.1319	0.1059	0.0995	0.6154	0.6166	0.5767	0.5262	0.3335	0.1562	0.1083	0.1019	0.5829	0.5612	0.5295	0.4895	0.2858	0.1832	0.1117	0.1057	0.4481	0.4394	0.3898	0.2918	0.2325	0.1345	0.1090	0.1014	0.2008	0.1974	0.1623	0.1327	0.1188	0.1054	0.1005	0.0980	0.1153	0.1140	0.1035	0.1037	0.1006	0.0985	0.0969	0.0973	0.1004	0.1019	0.0974	0.0986	0.0967	0.0961	0.0945	0.0953	0.0967	0.0962	0.0969	0.0952	0.0958	0.0942	0.0947	0.0945	
0.6711	0.6594	0.6077	0.5022	0.3231	0.1358	0.1054	0.0986	0.6364	0.6404	0.5863	0.5447	0.3537	0.1631	0.1084	0.1009	0.6041	0.5832	0.5508	0.5086	0.3061	0.1942	0.1123	0.1057	0.4718	0.4648	0.4182	0.3096	0.2496	0.1396	0.1084	0.1014	0.2118	0.2122	0.1698	0.1368	0.1192	0.1061	0.1004	0.0978	0.1156	0.1139	0.1039	0.1045	0.0994	0.0985	0.0968	0.0969	0.1006	0.1018	0.0976	0.0976	0.0966	0.0965	0.0951	0.0946	0.0963	0.0959	0.0946	0.0943	0.0946	0.0940	0.0949	0.0951	
0.6939	0.6769	0.6310	0.5284	0.3445	0.1384	0.1054	0.0989	0.6578	0.6570	0.6114	0.5690	0.3778	0.1705	0.1093	0.1017	0.6253	0.6032	0.5724	0.5321	0.3285	0.2057	0.1143	0.1065	0.4996	0.4897	0.4400	0.3342	0.2659	0.1459	0.1110	0.1035	0.2291	0.2230	0.1789	0.1421	0.1239	0.1073	0.1000	0.0977	0.1181	0.1169	0.1040	0.1058	0.1001	0.0987	0.0978	0.0974	0.1008	0.1025	0.0978	0.0985	0.0967	0.0952	0.0947	0.0960	0.0970	0.0958	0.0963	0.0953	0.0954	0.0935	0.0945	0.0944	
0.7068	0.6984	0.6510	0.5500	0.3672	0.1457	0.1066	0.1000	0.6803	0.6794	0.6306	0.5895	0.4018	0.1774	0.1106	0.1024	0.6491	0.6281	0.5959	0.5543	0.3503	0.2173	0.1158	0.1083	0.5273	0.5192	0.4668	0.3598	0.2862	0.1514	0.1139	0.1050	0.2429	0.2414	0.1908	0.1482	0.1267	0.1091	0.1009	0.0986	0.1221	0.1197	0.1070	0.1078	0.1012	0.1004	0.0978	0.0985	0.1019	0.1030	0.0985	0.0997	0.0986	0.0977	0.0952	0.0965	0.0978	0.0964	0.0976	0.0965	0.0963	0.0943	0.0951	0.0946	
0.7220	0.7121	0.6687	0.5737	0.3926	0.1498	0.1063	0.0987	0.6949	0.6920	0.6503	0.6043	0.4253	0.1870	0.1108	0.1024	0.6696	0.6465	0.6152	0.5762	0.3742	0.2327	0.1185	0.1082	0.5479	0.5415	0.4924	0.3857	0.3074	0.1565	0.1142	0.1044	0.2614	0.2586	0.2044	0.1539	0.1301	0.1098	0.1011	0.0995	0.1243	0.1229	0.1068	0.1070	0.1010	0.0976	0.0966	0.0965	0.1018	0.1038	0.0984	0.0997	0.0984	0.0977	0.0948	0.0954	0.0977	0.0967	0.0974	0.0964	0.0962	0.0950	0.0956	0.0948	
0.7278	0.7250	0.6878	0.5914	0.4161	0.1561	0.1084	0.0998	0.7078	0.7114	0.6696	0.6257	0.4470	0.1971	0.1121	0.1019	0.6921	0.6646	0.6351	0.5974	0.3976	0.2470	0.1198	0.1092	0.5771	0.5661	0.5160	0.4120	0.3305	0.1623	0.1171	0.1053	0.2829	0.2763	0.2168	0.1594	0.1334	0.1121	0.1022	0.0996	0.1289	0.1257	0.1090	0.1087	0.1015	0.1011	0.0984	0.0986	0.1029	0.1046	0.0997	0.1000	0.0967	0.0980	0.0952	0.0953	0.0978	0.0977	0.0975	0.0968	0.0956	0.0949	0.0961	0.0951	
0.7260	0.7305	0.6985	0.6035	0.4453	0.1632	0.1098	0.0998	0.7096	0.7158	0.6844	0.6417	0.4789	0.2093	0.1151	0.1029	0.7038	0.6872	0.6584	0.6194	0.4259	0.2670	0.1235	0.1101	0.5937	0.5885	0.5393	0.4381	0.3523	0.1700	0.1177	0.1057	0.3022	0.2977	0.2317	0.1690	0.1360	0.1126	0.1037	0.1001	0.1309	0.1289	0.1091	0.1101	0.1021	0.1005	0.0976	0.0985	0.1034	0.1050	0.0985	0.0998	0.0981	0.0977	0.0958	0.0957	0.0971	0.0967	0.0978	0.0958	0.0955	0.0929	0.0957	0.0949	
0.7322	0.7347	0.7129	0.6300	0.4671	0.1685	0.1109	0.0990	0.7150	0.7265	0.7002	0.6623	0.4947	0.2180	0.1167	0.1038	0.7177	0.7020	0.6770	0.6380	0.4481	0.2800	0.1241	0.1112	0.6190	0.6105	0.5671	0.4604	0.3748	0.1796	0.1189	0.1061	0.3250	0.3227	0.2494	0.1775	0.1415	0.1143	0.1038	0.1004	0.1339	0.1318	0.1120	0.1118	0.1018	0.1013	0.0976	0.0985	0.1033	0.1052	0.0998	0.1002	0.0980	0.0985	0.0960	0.0964	0.0978	0.1005	0.0982	0.0969	0.0965	0.0960	0.0959	0.0957	
0.7363	0.7401	0.7104	0.6534	0.4932	0.1785	0.1114	0.0981	0.7186	0.7338	0.7010	0.6829	0.5238	0.2351	0.1178	0.1024	0.7256	0.7153	0.6881	0.6553	0.4719	0.3021	0.1272	0.1122	0.6448	0.6332	0.5862	0.4891	0.4005	0.1872	0.1214	0.1044	0.3502	0.3452	0.2671	0.1877	0.1462	0.1140	0.1037	0.0999	0.1402	0.1369	0.1125	0.1119	0.1016	0.1020	0.0977	0.0979	0.1046	0.1055	0.0994	0.0996	0.0978	0.0982	0.0952	0.0956	0.0976	0.0974	0.0965	0.0952	0.0953	0.0939	0.0943	0.0937	
0.7389	0.7450	0.7168	0.6697	0.5146	0.1849	0.1120	0.0996	0.7204	0.7348	0.7112	0.7012	0.5377	0.2463	0.1202	0.1030	0.7343	0.7218	0.6913	0.6615	0.4948	0.3208	0.1287	0.1108	0.6652	0.6495	0.6076	0.5141	0.4244	0.1990	0.1235	0.1051	0.3752	0.3696	0.2824	0.1975	0.1504	0.1163	0.1045	0.1009	0.1459	0.1418	0.1141	0.1145	0.1018	0.1017	0.0981	0.0975	0.1051	0.1046	0.0991	0.0996	0.0981	0.0983	0.0945	0.0957	0.0975	0.0965	0.0956	0.0963	0.0953	0.0951	0.0942	0.0948	
0.7391	0.7463	0.7191	0.6873	0.5412	0.1972	0.1137	0.1004	0.7196	0.7407	0.7140	0.7128	0.5659	0.2640	0.1203	0.1033	0.7373	0.7307	0.7014	0.6745	0.5200	0.3429	0.1313	0.1135	0.6850	0.6727	0.6267	0.5362	0.4496	0.2113	0.1251	0.1061	0.4053	0.3975	0.3069	0.2109	0.1605	0.1187	0.1042	0.1008	0.1532	0.1484	0.1169	0.1180	0.1025	0.1019	0.0984	0.0979	0.1066	0.1074	0.0995	0.1006	0.0979	0.0989	0.0949	0.0961	0.0971	0.0983	0.0973	0.0962	0.0963	0.0955	0.0963	0.0954	
0.7384	0.7477	0.7206	0.7046	0.5650	0.2082	0.1143	0.1001	0.7244	0.7387	0.7177	0.7183	0.5813	0.2799	0.1237	0.1041	0.7368	0.7321	0.7146	0.6889	0.5449	0.3698	0.1361	0.1150	0.6981	0.6889	0.6463	0.5613	0.4723	0.2269	0.1283	0.1066	0.4335	0.4260	0.3301	0.2235	0.1643	0.1215	0.1051	0.1017	0.1609	0.1553	0.1176	0.1192	0.1045	0.1026	0.0996	0.0993	0.1083	0.1083	0.1011	0.1011	0.0988	0.0997	0.0949	0.0964	0.0993	0.0990	0.0970	0.0972	0.0952	0.0952	0.0953	0.0951	
0.7497	0.7505	0.7264	0.7111	0.5928	0.2159	0.1148	0.1005	0.7305	0.7424	0.7260	0.7268	0.6079	0.2966	0.1270	0.1040	0.7438	0.7353	0.7209	0.7066	0.5698	0.3899	0.1397	0.1170	0.7144	0.7089	0.6696	0.5844	0.5008	0.2375	0.1302	0.1092	0.4624	0.4544	0.3550	0.2448	0.1764	0.1246	0.1051	0.1011	0.1688	0.1596	0.1225	0.1225	0.1054	0.1034	0.0993	0.0992	0.1097	0.1091	0.1002	0.1027	0.0984	0.0999	0.0961	0.0975	0.0983	0.0986	0.0982	0.0965	0.0958	0.0944	0.0950	0.0954	
0.7482	0.7533	0.7291	0.7233	0.6096	0.2310	0.1161	0.1004	0.7308	0.7468	0.7281	0.7308	0.6207	0.3162	0.1297	0.1061	0.7473	0.7373	0.7251	0.7128	0.5921	0.4154	0.1431	0.1170	0.7185	0.7208	0.6839	0.6075	0.5250	0.2540	0.1345	0.1091	0.4911	0.4874	0.3826	0.2597	0.1865	0.1259	0.1062	0.1016	0.1818	0.1689	0.1269	0.1266	0.1050	0.1040	0.1001	0.0978	0.1119	0.1093	0.1024	0.1034	0.0996	0.1006	0.0970	0.0959	0.0997	0.0995	0.0991	0.0964	0.0971	0.0954	0.0951	0.0948	
0.7498	0.7511	0.7290	0.7143	0.6260	0.2425	0.1190	0.1017	0.7344	0.7465	0.7287	0.7292	0.6422	0.3372	0.1331	0.1054	0.7456	0.7398	0.7270	0.7124	0.6119	0.4425	0.1482	0.1188	0.7227	0.7251	0.6947	0.6264	0.5495	0.2726	0.1387	0.1097	0.5173	0.5107	0.4113	0.2758	0.1942	0.1288	0.1061	0.1017	0.1908	0.1776	0.1307	0.1285	0.1058	0.1046	0.0996	0.0982	0.1134	0.1103	0.1020	0.1044	0.0983	0.1006	0.0971	0.0959	0.0995	0.1002	0.0993	0.0972	0.0964	0.0962	0.0956	0.0948	
0.7553	0.7560	0.7310	0.7244	0.6502	0.2596	0.1204	0.1009	0.7414	0.7470	0.7276	0.7357	0.6577	0.3559	0.1352	0.1054	0.7529	0.7369	0.7285	0.7174	0.6352	0.4639	0.1528	0.1213	0.7277	0.7325	0.7070	0.6401	0.5715	0.2863	0.1419	0.1113	0.5477	0.5390	0.4364	0.2965	0.2091	0.1313	0.1079	0.1030	0.2030	0.1897	0.1346	0.1337	0.1073	0.1070	0.1005	0.1002	0.1144	0.1120	0.1035	0.1060	0.1004	0.1005	0.0974	0.0968	0.0999	0.1020	0.0999	0.0979	0.0964	0.0960	0.0969	0.0969	
0.7515	0.7551	0.7351	0.7236	0.6596	0.2739	0.1222	0.1002	0.7357	0.7511	0.7301	0.7361	0.6708	0.3815	0.1406	0.1054	0.7519	0.7413	0.7312	0.7185	0.6495	0.4894	0.1563	0.1212	0.7261	0.7325	0.7162	0.6586	0.5931	0.3080	0.1465	0.1127	0.5683	0.5628	0.4649	0.3201	0.2202	0.1345	0.1086	0.1015	0.2141	0.1996	0.1391	0.1365	0.1063	0.1063	0.1003	0.0973	0.1169	0.1132	0.1024	0.1051	0.0988	0.1029	0.0978	0.0971	0.1005	0.1013	0.0994	0.0965	0.0970	0.0961	0.0960	0.0949	
0.7552	0.7576	0.7348	0.7273	0.6734	0.2896	0.1225	0.1031	0.7390	0.7483	0.7282	0.7367	0.6816	0.4075	0.1429	0.1061	0.7501	0.7449	0.7289	0.7209	0.6570	0.5126	0.1607	0.1255	0.7291	0.7356	0.7179	0.6669	0.6063	0.3314	0.1509	0.1138	0.5904	0.5865	0.4920	0.3412	0.2352	0.1398	0.1096	0.0999	0.2276	0.2106	0.1425	0.1418	0.1067	0.1088	0.1018	0.1003	0.1207	0.1157	0.1043	0.1080	0.1018	0.1039	0.0979	0.0981	0.1012	0.1035	0.1003	0.0995	0.0985	0.0967	0.0971	0.0961	
0.7608	0.7583	0.7371	0.7305	0.6885	0.3161	0.1242	0.1023	0.7418	0.7527	0.7328	0.7403	0.6939	0.4286	0.1481	0.1057	0.7550	0.7452	0.7314	0.7227	0.6763	0.5338	0.1680	0.1259	0.7306	0.7374	0.7254	0.6812	0.6269	0.3483	0.1574	0.1134	0.6163	0.6073	0.5160	0.3652	0.2499	0.1415	0.1098	0.1032	0.2411	0.2246	0.1443	0.1448	0.1082	0.1074	0.1013	0.0983	0.1230	0.1159	0.1040	0.1078	0.1002	0.1028	0.0967	0.0967	0.1008	0.1022	0.0993	0.0969	0.0969	0.0960	0.0966	0.0950	
0.7636	0.7622	0.7393	0.7359	0.7007	0.3312	0.1288	0.1029	0.7417	0.7557	0.7314	0.7438	0.7013	0.4587	0.1541	0.1092	0.7585	0.7502	0.7351	0.7265	0.6908	0.5585	0.1782	0.1286	0.7348	0.7428	0.7305	0.7046	0.6464	0.3766	0.1632	0.1158	0.6386	0.6366	0.5474	0.3938	0.2694	0.1496	0.1118	0.1052	0.2604	0.2421	0.1549	0.1526	0.1099	0.1105	0.1034	0.1007	0.1263	0.1186	0.1056	0.1110	0.1021	0.1051	0.0994	0.0982	0.1022	0.1043	0.1019	0.0978	0.0985	0.0970	0.0972	0.0975	
0.7683	0.7647	0.7401	0.7336	0.6991	0.3505	0.1311	0.1026	0.7439	0.7546	0.7342	0.7421	0.7017	0.4830	0.1596	0.1073	0.7575	0.7491	0.7362	0.7261	0.6921	0.5757	0.1852	0.1308	0.7341	0.7423	0.7324	0.7091	0.6569	0.4021	0.1691	0.1150	0.6588	0.6530	0.5677	0.4191	0.2881	0.1500	0.1125	0.1053	0.2768	0.2549	0.1596	0.1596	0.1097	0.1094	0.1026	0.1008	0.1291	0.1180	0.1042	0.1128	0.1023	0.1036	0.0982	0.0966	0.1025	0.1043	0.1003	0.0985	0.0972	0.0961	0.0949	0.0962	
0.7636	0.7678	0.7410	0.7345	0.7137	0.3758	0.1320	0.1021	0.7432	0.7590	0.7366	0.7433	0.7024	0.4977	0.1634	0.1074	0.7557	0.7529	0.7367	0.7278	0.6979	0.5986	0.1925	0.1330	0.7339	0.7417	0.7309	0.7133	0.6712	0.4207	0.1770	0.1161	0.6771	0.6757	0.5906	0.4461	0.3033	0.1553	0.1124	0.1044	0.2930	0.2713	0.1666	0.1646	0.1103	0.1102	0.1031	0.0997	0.1315	0.1220	0.1065	0.1147	0.1000	0.1050	0.0982	0.0963	0.1034	0.1044	0.0997	0.0978	0.0982	0.0960	0.0947	0.0963	
0.7641	0.7657	0.7419	0.7383	0.7185	0.3955	0.1342	0.1039	0.7443	0.7573	0.7364	0.7419	0.7080	0.5227	0.1703	0.1087	0.7594	0.7483	0.7357	0.7290	0.7097	0.6130	0.2032	0.1372	0.7357	0.7419	0.7293	0.7172	0.6871	0.4474	0.1850	0.1188	0.6984	0.6967	0.6086	0.4689	0.3357	0.1645	0.1151	0.1066	0.3158	0.2952	0.1758	0.1731	0.1121	0.1131	0.1059	0.1021	0.1375	0.1250	0.1069	0.1191	0.1027	0.1078	0.0994	0.0978	0.1038	0.1063	0.1022	0.0993	0.0970	0.0973	0.0979	0.0966	
0.7672	0.7684	0.7437	0.7359	0.7166	0.4234	0.1389	0.1021	0.7494	0.7630	0.7404	0.7474	0.7057	0.5388	0.1762	0.1090	0.7652	0.7518	0.7358	0.7286	0.7059	0.6304	0.2130	0.1397	0.7399	0.7428	0.7325	0.7214	0.6918	0.4769	0.1936	0.1190	0.7079	0.7144	0.6298	0.4951	0.3474	0.1721	0.1156	0.1054	0.3400	0.3153	0.1836	0.1808	0.1116	0.1127	0.1049	0.1019	0.1398	0.1253	0.1084	0.1214	0.1030	0.1077	0.0995	0.0973	0.1041	0.1067	0.1006	0.0990	0.0979	0.0946	0.0956	0.0974	
0.7758	0.7717	0.7491	0.7424	0.7234	0.4495	0.1435	0.1028	0.7579	0.7626	0.7461	0.7481	0.7149	0.5718	0.1822	0.1089	0.7715	0.7513	0.7416	0.7349	0.7204	0.6544	0.2312	0.1428	0.7442	0.7444	0.7369	0.7300	0.7089	0.5010	0.2036	0.1231	0.7184	0.7293	0.6534	0.5221	0.3738	0.1791	0.1179	0.1075	0.3677	0.3419	0.1972	0.1921	0.1142	0.1158	0.1032	0.1008	0.1457	0.1280	0.1102	0.1271	0.1040	0.1096	0.1014	0.0983	0.1044	0.1082	0.1014	0.0986	0.0997	0.0965	0.0962	0.0977	
0.7735	0.7705	0.7492	0.7422	0.7184	0.4726	0.1460	0.1042	0.7521	0.7639	0.7453	0.7507	0.7071	0.5914	0.1960	0.1113	0.7696	0.7562	0.7437	0.7359	0.7177	0.6673	0.2420	0.1458	0.7413	0.7463	0.7349	0.7280	0.7079	0.5239	0.2143	0.1262	0.7178	0.7311	0.6715	0.5404	0.3949	0.1900	0.1204	0.1081	0.3889	0.3601	0.2068	0.2021	0.1146	0.1182	0.1072	0.1011	0.1514	0.1331	0.1114	0.1311	0.1044	0.1106	0.1008	0.0987	0.1053	0.1103	0.1021	0.1006	0.0989	0.0958	0.0965	0.0980	
0.7712	0.7754	0.7470	0.7426	0.7174	0.4974	0.1527	0.1046	0.7523	0.7655	0.7457	0.7503	0.7114	0.6074	0.2051	0.1117	0.7679	0.7573	0.7423	0.7311	0.7148	0.6791	0.2529	0.1516	0.7376	0.7499	0.7351	0.7312	0.7144	0.5487	0.2263	0.1259	0.7131	0.7311	0.6903	0.5683	0.4181	0.1970	0.1206	0.1084	0.4129	0.3864	0.2193	0.2143	0.1178	0.1207	0.1081	0.1017	0.1584	0.1361	0.1126	0.1391	0.1055	0.1122	0.1020	0.0977	0.1058	0.1108	0.1016	0.0992	0.0987	0.0964	0.0963	0.0976	
0.7760	0.7765	0.7531	0.7476	0.7204	0.5205	0.1556	0.1055	0.7560	0.7741	0.7502	0.7519	0.7059	0.6290	0.2130	0.1132	0.7701	0.7611	0.7460	0.7383	0.7201	0.6908	0.2711	0.1563	0.7414	0.7532	0.7420	0.7245	0.7133	0.5699	0.2398	0.1280	0.7195	0.7356	0.7045	0.5845	0.4425	0.2099	0.1238	0.1100	0.4464	0.4163	0.2311	0.2262	0.1181	0.1212	0.1094	0.1017	0.1642	0.1394	0.1137	0.1453	0.1062	0.1134	0.1029	0.0978	0.1053	0.1136	0.1013	0.1007	0.0969	0.0961	0.0960	0.0983	
0.7786	0.7830	0.7527	0.7548	0.7233	0.5437	0.1631	0.1050	0.7583	0.7757	0.7499	0.7623	0.7166	0.6584	0.2254	0.1140	0.7797	0.7673	0.7477	0.7443	0.7265	0.7024	0.2845	0.1635	0.7428	0.7560	0.7411	0.7355	0.7177	0.5956	0.2524	0.1321	0.7250	0.7400	0.7147	0.6092	0.4724	0.2222	0.1261	0.1107	0.4719	0.4441	0.2444	0.2425	0.1223	0.1247	0.1100	0.1023	0.1749	0.1443	0.1155	0.1557	0.1066	0.1160	0.1040	0.0985	0.1072	0.1163	0.1026	0.1014	0.0995	0.0967	0.0968	0.0980	
0.7796	0.7823	0.7565	0.7520	0.7195	0.5688	0.1688	0.1044	0.7635	0.7773	0.7539	0.7578	0.7137	0.6665	0.2339	0.1146	0.7818	0.7659	0.7532	0.7456	0.7185	0.7037	0.2996	0.1699	0.7474	0.7560	0.7411	0.7373	0.7180	0.6165	0.2640	0.1338	0.7249	0.7399	0.7225	0.6274	0.4986	0.2339	0.1274	0.1113	0.5010	0.4719	0.2598	0.2536	0.1238	0.1279	0.1115	0.1025	0.1817	0.1497	0.1190	0.1686	0.1096	0.1198	0.1056	0.0984	0.1064	0.1173	0.1031	0.1016	0.0991	0.0960	0.0979	0.0986	
0.7805	0.7889	0.7651	0.7548	0.7187	0.5930	0.1744	0.1057	0.7627	0.7783	0.7578	0.7636	0.7204	0.6823	0.2501	0.1160	0.7865	0.7718	0.7550	0.7456	0.7198	0.7122	0.3170	0.1733	0.7488	0.7607	0.7477	0.7328	0.7181	0.6370	0.2842	0.1370	0.7239	0.7427	0.7285	0.6463	0.5212	0.2484	0.1311	0.1127	0.5316	0.5002	0.2807	0.2715	0.1261	0.1306	0.1131	0.1042	0.1929	0.1555	0.1191	0.1835	0.1099	0.1200	0.1048	0.0994	0.1081	0.1195	0.1036	0.1027	0.0990	0.0959	0.0972	0.0994	
