0.1430	0.1660	0.1669	0.1563	0.1633	0.1605	0.1545	0.1557	0.1656	0.1706	0.1718	0.1723	0.1691	0.1627	0.1402	0.1255	0.1322	0.1686	0.1829	0.1714	0.1723	0.1787	0.1724	0.1613	0.1449	0.1648	0.1617	0.1710	0.1735	0.1706	0.1725	0.1033	0.0974	0.0953	0.0935	0.0981	0.0923	0.0944	0.0964	0.1023	0.0933	0.0940	0.0917	0.1005	0.0915	0.0922	0.0963	0.1068	0.0990	0.0932	0.0923	0.0956	0.0917	0.0955	0.0958	0.1001	0.1002	0.0929	0.0960	0.0973	0.0925	0.0956	0.0968	0.1056	
0.0896	0.0906	0.0891	0.0896	0.0900	0.0899	0.0903	0.0916	0.0893	0.0900	0.0894	0.0908	0.0902	0.0903	0.0902	0.0933	0.0893	0.0899	0.0902	0.0895	0.0895	0.0896	0.0905	0.0914	0.0900	0.0884	0.0891	0.0884	0.0892	0.0881	0.0888	0.0919	0.0891	0.0914	0.0919	0.0920	0.0905	0.0907	0.0916	0.0909	0.0893	0.0927	0.0896	0.0907	0.0886	0.0912	0.0899	0.0900	0.1045	0.0923	0.0904	0.0912	0.0886	0.0907	0.0885	0.0910	0.0909	0.0914	0.0932	0.0920	0.0884	0.0908	0.0898	0.0970	
0.0902	0.0909	0.0903	0.0891	0.0899	0.0901	0.0902	0.0922	0.0895	0.0902	0.0900	0.0913	0.0900	0.0906	0.0900	0.0930	0.0894	0.0903	0.0905	0.0899	0.0898	0.0896	0.0906	0.0919	0.0905	0.0890	0.0893	0.0882	0.0891	0.0885	0.0894	0.0921	0.0892	0.0903	0.0912	0.0910	0.0907	0.0895	0.0915	0.0913	0.0893	0.0907	0.0891	0.0899	0.0886	0.0896	0.0879	0.0895	0.1027	0.0908	0.0900	0.0899	0.0882	0.0896	0.0890	0.0903	0.0910	0.0898	0.0921	0.0908	0.0881	0.0896	0.0901	0.0967	
0.0903	0.0909	0.0900	0.0904	0.0901	0.0903	0.0905	0.0926	0.0897	0.0901	0.0898	0.0911	0.0900	0.0897	0.0903	0.0930	0.0896	0.0900	0.0910	0.0901	0.0895	0.0900	0.0906	0.0920	0.0899	0.0886	0.0891	0.0887	0.0892	0.0889	0.0893	0.0924	0.0831	0.0829	0.0840	0.0839	0.0839	0.0816	0.0837	0.0863	0.0827	0.0830	0.0819	0.0823	0.0810	0.0824	0.0810	0.0838	0.0937	0.0825	0.0817	0.0819	0.0807	0.0818	0.0812	0.0846	0.0849	0.0815	0.0847	0.0829	0.0814	0.0820	0.0820	0.0883	
0.0899	0.0905	0.0900	0.0901	0.0898	0.0900	0.0896	0.0924	0.0894	0.0900	0.0899	0.0910	0.0900	0.0897	0.0897	0.0928	0.0891	0.0898	0.0903	0.0899	0.0896	0.0896	0.0906	0.0920	0.0898	0.0887	0.0888	0.0879	0.0890	0.0886	0.0889	0.0920	0.0873	0.0854	0.0857	0.0873	0.0861	0.0861	0.0868	0.0889	0.0876	0.0865	0.0873	0.0861	0.0871	0.0862	0.0870	0.0884	0.0987	0.0859	0.0872	0.0858	0.0874	0.0864	0.0870	0.0889	0.0896	0.0846	0.0902	0.0857	0.0865	0.0859	0.0872	0.0942	
0.0903	0.0907	0.0902	0.0899	0.0901	0.0907	0.0905	0.0923	0.0896	0.0902	0.0900	0.0914	0.0903	0.0901	0.0906	0.0933	0.0895	0.0902	0.0903	0.0903	0.0901	0.0900	0.0908	0.0924	0.0903	0.0888	0.0891	0.0884	0.0892	0.0890	0.0896	0.0922	0.0887	0.0882	0.0878	0.0891	0.0875	0.0886	0.0886	0.0892	0.0898	0.0884	0.0879	0.0883	0.0879	0.0880	0.0885	0.0888	0.1000	0.0879	0.0883	0.0878	0.0884	0.0882	0.0885	0.0888	0.0908	0.0873	0.0913	0.0886	0.0879	0.0879	0.0891	0.0942	
0.0903	0.0907	0.0901	0.0898	0.0901	0.0900	0.0903	0.0924	0.0897	0.0905	0.0899	0.0912	0.0907	0.0903	0.0903	0.0930	0.0896	0.0898	0.0904	0.0901	0.0897	0.0900	0.0907	0.0922	0.0898	0.0887	0.0889	0.0882	0.0893	0.0896	0.0899	0.0915	0.0888	0.0889	0.0892	0.0885	0.0896	0.0882	0.0893	0.0911	0.0886	0.0898	0.0884	0.0887	0.0879	0.0889	0.0887	0.0891	0.1019	0.0888	0.0882	0.0881	0.0878	0.0883	0.0883	0.0912	0.0902	0.0882	0.0918	0.0898	0.0879	0.0889	0.0889	0.0966	
0.0907	0.0910	0.0899	0.0905	0.0901	0.0908	0.0903	0.0926	0.0898	0.0902	0.0901	0.0915	0.0906	0.0904	0.0906	0.0931	0.0898	0.0904	0.0913	0.0907	0.0900	0.0896	0.0908	0.0924	0.0898	0.0889	0.0893	0.0885	0.0893	0.0891	0.0897	0.0919	0.0886	0.0892	0.0897	0.0901	0.0896	0.0889	0.0897	0.0908	0.0886	0.0897	0.0888	0.0890	0.0885	0.0895	0.0890	0.0901	0.1015	0.0892	0.0882	0.0889	0.0876	0.0892	0.0889	0.0897	0.0904	0.0886	0.0917	0.0896	0.0881	0.0889	0.0894	0.0965	
0.0910	0.0912	0.0903	0.0908	0.0906	0.0908	0.0910	0.0929	0.0902	0.0904	0.0904	0.0919	0.0911	0.0910	0.0910	0.0935	0.0899	0.0903	0.0908	0.0906	0.0904	0.0898	0.0905	0.0928	0.0900	0.0888	0.0898	0.0886	0.0899	0.0896	0.0904	0.0924	0.0892	0.0896	0.0905	0.0901	0.0896	0.0900	0.0907	0.0905	0.0888	0.0904	0.0884	0.0895	0.0878	0.0910	0.0880	0.0892	0.1015	0.0893	0.0884	0.0889	0.0871	0.0902	0.0888	0.0934	0.0902	0.0894	0.0911	0.0899	0.0873	0.0892	0.0889	0.0961	
0.0912	0.0912	0.0905	0.0899	0.0907	0.0911	0.0910	0.0930	0.0903	0.0907	0.0907	0.0918	0.0912	0.0912	0.0907	0.0939	0.0900	0.0901	0.0912	0.0907	0.0904	0.0901	0.0912	0.0928	0.0900	0.0891	0.0894	0.0883	0.0897	0.0897	0.0899	0.0920	0.0878	0.0873	0.0898	0.0879	0.0911	0.0872	0.0918	0.0894	0.0874	0.0877	0.0869	0.0872	0.0866	0.0875	0.0873	0.0884	0.1007	0.0876	0.0875	0.0869	0.0863	0.0884	0.0872	0.0881	0.0893	0.0874	0.0899	0.0876	0.0863	0.0876	0.0882	0.0943	
0.0913	0.0919	0.0908	0.0905	0.0906	0.0908	0.0911	0.0933	0.0905	0.0910	0.0905	0.0921	0.0910	0.0908	0.0909	0.0937	0.0903	0.0909	0.0909	0.0904	0.0904	0.0906	0.0915	0.0927	0.0902	0.0892	0.0896	0.0889	0.0901	0.0895	0.0902	0.0913	0.0845	0.0834	0.0838	0.0842	0.0840	0.0843	0.0854	0.0845	0.0828	0.0836	0.0828	0.0829	0.0821	0.0840	0.0823	0.0834	0.0960	0.0827	0.0830	0.0830	0.0817	0.0830	0.0821	0.0834	0.0854	0.0814	0.0859	0.0828	0.0822	0.0823	0.0834	0.0897	
0.0915	0.0917	0.0908	0.0907	0.0907	0.0916	0.0913	0.0938	0.0909	0.0911	0.0911	0.0921	0.0914	0.0919	0.0915	0.0936	0.0904	0.0909	0.0915	0.0909	0.0908	0.0906	0.0919	0.0923	0.0908	0.0890	0.0902	0.0887	0.0905	0.0895	0.0905	0.0924	0.0890	0.0872	0.0864	0.0886	0.0878	0.0874	0.0872	0.0885	0.0892	0.0874	0.0883	0.0869	0.0882	0.0869	0.0884	0.0880	0.1014	0.0869	0.0889	0.0865	0.0878	0.0864	0.0886	0.0876	0.0912	0.0859	0.0914	0.0868	0.0877	0.0856	0.0895	0.0935	
0.0919	0.0922	0.0913	0.0911	0.0908	0.0914	0.0914	0.0933	0.0914	0.0913	0.0910	0.0926	0.0916	0.0917	0.0919	0.0944	0.0906	0.0909	0.0918	0.0911	0.0907	0.0915	0.0922	0.0927	0.0908	0.0894	0.0900	0.0885	0.0913	0.0893	0.0909	0.0921	0.0895	0.0900	0.0895	0.0911	0.0896	0.0892	0.0904	0.0903	0.0889	0.0915	0.0890	0.0907	0.0885	0.0896	0.0892	0.0904	0.0987	0.0900	0.0888	0.0908	0.0884	0.0896	0.0886	0.0900	0.0910	0.0891	0.0922	0.0904	0.0885	0.0896	0.0903	0.0958	
0.0923	0.0925	0.0915	0.0917	0.0915	0.0920	0.0916	0.0939	0.0913	0.0919	0.0913	0.0926	0.0922	0.0919	0.0917	0.0941	0.0909	0.0912	0.0918	0.0913	0.0912	0.0913	0.0919	0.0935	0.0909	0.0894	0.0903	0.0893	0.0908	0.0905	0.0908	0.0926	0.0916	0.0911	0.0929	0.0931	0.0929	0.0931	0.0941	0.0943	0.0916	0.0927	0.0904	0.0922	0.0905	0.0940	0.0893	0.0927	0.1014	0.0919	0.0906	0.0917	0.0898	0.0941	0.0913	0.0928	0.0934	0.0920	0.0932	0.0924	0.0900	0.0934	0.0917	0.0992	
0.0927	0.0926	0.0930	0.0919	0.0915	0.0923	0.0918	0.0936	0.0917	0.0921	0.0915	0.0927	0.0918	0.0916	0.0924	0.0947	0.0912	0.0916	0.0919	0.0914	0.0912	0.0912	0.0924	0.0934	0.0913	0.0897	0.0903	0.0892	0.0908	0.0896	0.0911	0.0926	0.0893	0.0885	0.0877	0.0895	0.0876	0.0902	0.0887	0.0895	0.0897	0.0894	0.0894	0.0887	0.0894	0.0906	0.0891	0.0873	0.1015	0.0886	0.0893	0.0882	0.0888	0.0894	0.0895	0.0887	0.0917	0.0869	0.0923	0.0879	0.0894	0.0890	0.0901	0.0944	
0.0929	0.0957	0.0936	0.0915	0.0913	0.0921	0.0923	0.0938	0.0921	0.0928	0.0930	0.0928	0.0922	0.0920	0.0917	0.0943	0.0914	0.0914	0.0918	0.0915	0.0910	0.0918	0.0917	0.0933	0.0907	0.0889	0.0903	0.0891	0.0906	0.0894	0.0905	0.0917	0.0897	0.0898	0.0901	0.0910	0.0899	0.0900	0.0910	0.0915	0.0891	0.0903	0.0891	0.0902	0.0888	0.0903	0.0896	0.0911	0.1023	0.0898	0.0895	0.0905	0.0884	0.0897	0.0888	0.0917	0.0908	0.0893	0.0923	0.0909	0.0888	0.0900	0.0899	0.0966	
0.0935	0.0936	0.0922	0.0916	0.0919	0.0928	0.0923	0.0943	0.0924	0.0927	0.0927	0.0939	0.0925	0.0926	0.0920	0.0947	0.0915	0.0920	0.0925	0.0918	0.0913	0.0917	0.0927	0.0929	0.0912	0.0897	0.0909	0.0894	0.0910	0.0905	0.0913	0.0927	0.0866	0.0856	0.0880	0.0859	0.0891	0.0856	0.0893	0.0876	0.0859	0.0856	0.0847	0.0856	0.0845	0.0862	0.0843	0.0870	0.0985	0.0853	0.0845	0.0854	0.0841	0.0858	0.0840	0.0866	0.0873	0.0846	0.0878	0.0866	0.0847	0.0854	0.0853	0.0937	
0.0946	0.0943	0.0929	0.0929	0.0927	0.0931	0.0925	0.0947	0.0931	0.0931	0.0922	0.0940	0.0928	0.0925	0.0927	0.0952	0.0922	0.0921	0.0925	0.0923	0.0920	0.0921	0.0930	0.0931	0.0916	0.0897	0.0911	0.0898	0.0908	0.0904	0.0913	0.0925	0.0894	0.0886	0.0878	0.0896	0.0883	0.0889	0.0891	0.0948	0.0894	0.0885	0.0889	0.0888	0.0878	0.0891	0.0891	0.0933	0.1014	0.0881	0.0888	0.0884	0.0877	0.0882	0.0887	0.0940	0.0912	0.0873	0.0914	0.0885	0.0876	0.0882	0.0893	0.1004	
0.0949	0.0945	0.0936	0.0930	0.0929	0.0934	0.0930	0.0949	0.0934	0.0937	0.0931	0.0945	0.0936	0.0935	0.0935	0.0952	0.0928	0.0928	0.0932	0.0930	0.0922	0.0925	0.0934	0.0937	0.0924	0.0901	0.0912	0.0899	0.0915	0.0900	0.0913	0.0933	0.0906	0.0899	0.0900	0.0901	0.0897	0.0894	0.0907	0.0907	0.0892	0.0897	0.0881	0.0911	0.0877	0.0896	0.0893	0.0901	0.1018	0.0889	0.0881	0.0900	0.0878	0.0891	0.0883	0.0895	0.0900	0.0891	0.0910	0.0908	0.0876	0.0883	0.0892	0.0965	
0.0959	0.0955	0.0939	0.0933	0.0932	0.0942	0.0935	0.0950	0.0947	0.0942	0.0933	0.0947	0.0936	0.0936	0.0930	0.0959	0.0938	0.0934	0.0934	0.0929	0.0923	0.0929	0.0930	0.0941	0.0922	0.0904	0.0922	0.0902	0.0918	0.0907	0.0915	0.0930	0.0850	0.0838	0.0853	0.0850	0.0868	0.0858	0.0861	0.0851	0.0838	0.0841	0.0822	0.0839	0.0816	0.0859	0.0819	0.0835	0.0938	0.0837	0.0815	0.0831	0.0814	0.0854	0.0814	0.0845	0.0853	0.0831	0.0850	0.0837	0.0824	0.0849	0.0827	0.0906	
0.0967	0.0960	0.0947	0.0944	0.0937	0.0943	0.0940	0.0956	0.0953	0.0950	0.0944	0.0952	0.0940	0.0940	0.0937	0.0961	0.0943	0.0936	0.0943	0.0937	0.0932	0.0928	0.0937	0.0948	0.0928	0.0909	0.0919	0.0906	0.0927	0.0919	0.0919	0.0929	0.0903	0.0900	0.0887	0.0940	0.0885	0.0922	0.0898	0.0946	0.0893	0.0910	0.0892	0.0926	0.0882	0.0927	0.0899	0.0947	0.0995	0.0910	0.0890	0.0936	0.0881	0.0937	0.0888	0.0922	0.0914	0.0891	0.0921	0.0922	0.0881	0.0910	0.0896	0.1002	
0.0977	0.0966	0.0953	0.0945	0.0940	0.0952	0.0945	0.0956	0.0961	0.0954	0.0951	0.0957	0.0946	0.0954	0.0938	0.0970	0.0947	0.0945	0.0943	0.0939	0.0934	0.0936	0.0939	0.0945	0.0930	0.0911	0.0916	0.0902	0.0921	0.0919	0.0921	0.0932	0.0912	0.0916	0.0920	0.0924	0.0915	0.0921	0.0972	0.0916	0.0910	0.0925	0.0894	0.0913	0.0891	0.0916	0.0892	0.0912	0.1000	0.0918	0.0890	0.0915	0.0880	0.0912	0.0887	0.1000	0.0924	0.0906	0.0921	0.0904	0.0882	0.0916	0.0899	0.0970	
0.0983	0.0979	0.0961	0.0956	0.0947	0.0953	0.0944	0.0959	0.0972	0.0966	0.0955	0.0965	0.0957	0.0951	0.0944	0.0965	0.0963	0.0951	0.0950	0.0942	0.0940	0.0940	0.0939	0.0952	0.0942	0.0912	0.0921	0.0911	0.0922	0.0914	0.0923	0.0936	0.0891	0.0863	0.0861	0.0876	0.0863	0.0883	0.0883	0.0909	0.0883	0.0867	0.0871	0.0877	0.0873	0.0884	0.0875	0.0895	0.0987	0.0861	0.0864	0.0870	0.0872	0.0861	0.0871	0.0872	0.0898	0.0849	0.0902	0.0868	0.0871	0.0860	0.0878	0.0925	
0.0997	0.0986	0.0972	0.0967	0.0958	0.0964	0.0948	0.0962	0.0992	0.0975	0.0966	0.0975	0.0960	0.0956	0.0947	0.0968	0.0969	0.0963	0.0958	0.0946	0.0943	0.0948	0.0945	0.0953	0.0949	0.0913	0.0929	0.0910	0.0931	0.0915	0.0927	0.0931	0.0915	0.0917	0.0905	0.0919	0.0902	0.0915	0.0905	0.0924	0.0905	0.0915	0.0895	0.0921	0.0891	0.0904	0.0892	0.0916	0.1024	0.0906	0.0893	0.0910	0.0884	0.0900	0.0896	0.0905	0.0917	0.0897	0.0922	0.0910	0.0889	0.0901	0.0902	0.0969	
0.1008	0.1000	0.0978	0.0973	0.0957	0.0965	0.0958	0.0978	0.0996	0.0984	0.0968	0.0978	0.0961	0.0962	0.0952	0.0983	0.0980	0.0966	0.0967	0.0957	0.0946	0.0945	0.0952	0.0952	0.0961	0.0918	0.0930	0.0913	0.0937	0.0924	0.0926	0.0940	0.0904	0.0893	0.0921	0.0899	0.0917	0.0897	0.0916	0.0912	0.0894	0.0893	0.0877	0.0896	0.0873	0.0906	0.0875	0.0912	0.1011	0.0887	0.0875	0.0885	0.0873	0.0885	0.0877	0.0953	0.0898	0.0879	0.0905	0.0894	0.0865	0.0896	0.0890	0.0965	
0.1028	0.1011	0.0987	0.0980	0.0965	0.0975	0.0963	0.0975	0.1009	0.1005	0.0977	0.0987	0.0969	0.0974	0.0956	0.0985	0.0987	0.0978	0.0967	0.0964	0.0953	0.0954	0.0958	0.0962	0.0961	0.0923	0.0932	0.0918	0.0936	0.0922	0.0931	0.0937	0.0925	0.0901	0.0889	0.0905	0.0890	0.0931	0.0886	0.0909	0.0916	0.0897	0.0906	0.0899	0.0901	0.0932	0.0896	0.0886	0.1039	0.0886	0.0904	0.0892	0.0895	0.0937	0.0900	0.0894	0.0928	0.0872	0.0935	0.0889	0.0894	0.0927	0.0899	0.0960	
0.1037	0.1023	0.1002	0.0990	0.0969	0.0980	0.0962	0.0982	0.1022	0.1007	0.0988	0.0995	0.0973	0.0975	0.0967	0.0990	0.1007	0.0983	0.0974	0.0965	0.0961	0.0958	0.0961	0.0961	0.0969	0.0932	0.0936	0.0918	0.0933	0.0923	0.0928	0.0936	0.0928	0.0923	0.0907	0.0927	0.0911	0.0917	0.0918	0.0934	0.0909	0.0927	0.0905	0.0937	0.0894	0.0925	0.0899	0.0943	0.1026	0.0908	0.0894	0.0934	0.0886	0.0911	0.0895	0.0908	0.0922	0.0902	0.0930	0.0926	0.0889	0.0911	0.0896	0.0986	
0.1052	0.1040	0.1013	0.0999	0.0977	0.0986	0.0972	0.0982	0.1041	0.1025	0.1000	0.1013	0.0981	0.0982	0.0970	0.0998	0.1020	0.1000	0.0985	0.0981	0.0964	0.0962	0.0963	0.0966	0.0979	0.0933	0.0940	0.0922	0.0940	0.0928	0.0934	0.0942	0.0938	0.0938	0.0938	0.0956	0.0946	0.0940	0.0949	0.0942	0.0932	0.0936	0.0904	0.0940	0.0903	0.0936	0.0910	0.0935	0.1020	0.0932	0.0915	0.0933	0.0899	0.0937	0.0900	0.0936	0.0942	0.0925	0.0935	0.0931	0.0899	0.0930	0.0905	0.0985	
0.1086	0.1056	0.1031	0.1009	0.0990	0.0993	0.0974	0.0988	0.1068	0.1037	0.1018	0.1016	0.0989	0.0988	0.0972	0.1000	0.1043	0.1012	0.0996	0.0986	0.0970	0.0964	0.0965	0.0979	0.0994	0.0946	0.0948	0.0929	0.0947	0.0939	0.0934	0.0947	0.0886	0.0867	0.0865	0.0875	0.0870	0.0853	0.0867	0.0877	0.0861	0.0863	0.0827	0.0874	0.0829	0.0862	0.0827	0.0852	0.0953	0.0850	0.0829	0.0852	0.0827	0.0848	0.0823	0.0839	0.0868	0.0839	0.0862	0.0856	0.0827	0.0850	0.0839	0.0902	
0.1101	0.1071	0.1041	0.1021	0.0993	0.1001	0.0987	0.0995	0.1083	0.1052	0.1027	0.1031	0.1003	0.0999	0.0981	0.1006	0.1068	0.1026	0.1008	0.0999	0.0979	0.0978	0.0973	0.0977	0.1004	0.0953	0.0952	0.0933	0.0950	0.0950	0.0939	0.0953	0.0939	0.0925	0.0908	0.0926	0.0904	0.0921	0.0904	0.0925	0.0922	0.0917	0.0903	0.0917	0.0900	0.0916	0.0899	0.0906	0.1020	0.0908	0.0899	0.0906	0.0888	0.0913	0.0894	0.0905	0.0925	0.0896	0.0926	0.0904	0.0894	0.0898	0.0894	0.0955	
0.1128	0.1098	0.1065	0.1042	0.1003	0.1011	0.0994	0.1000	0.1112	0.1077	0.1044	0.1038	0.1009	0.1013	0.0991	0.1009	0.1085	0.1036	0.1014	0.1016	0.0986	0.0986	0.0983	0.0983	0.1022	0.0957	0.0959	0.0935	0.0953	0.0937	0.0941	0.0949	0.0946	0.0933	0.0929	0.0942	0.0926	0.0924	0.0923	0.0930	0.0928	0.0931	0.0903	0.0953	0.0900	0.0933	0.0897	0.0938	0.1039	0.0915	0.0902	0.0929	0.0889	0.0918	0.0893	0.0912	0.0927	0.0903	0.0930	0.0925	0.0889	0.0910	0.0901	0.0985	
0.1157	0.1114	0.1076	0.1052	0.1016	0.1015	0.1003	0.1013	0.1141	0.1097	0.1060	0.1062	0.1023	0.1016	0.0996	0.1020	0.1112	0.1057	0.1027	0.1014	0.0994	0.0988	0.0979	0.0990	0.1034	0.0965	0.0964	0.0943	0.0959	0.0939	0.0946	0.0948	0.0972	0.0963	0.0951	0.0949	0.0950	0.0954	0.0952	0.0942	0.0944	0.0954	0.0920	0.0944	0.0915	0.0953	0.0917	0.0940	0.1059	0.0944	0.0915	0.0930	0.0900	0.0937	0.0910	0.0927	0.0937	0.0929	0.0951	0.0930	0.0906	0.0934	0.0915	0.0989	
0.1186	0.1140	0.1093	0.1068	0.1024	0.1027	0.1012	0.1012	0.1172	0.1123	0.1077	0.1072	0.1034	0.1025	0.1001	0.1021	0.1139	0.1076	0.1047	0.1040	0.1007	0.1000	0.0993	0.0996	0.1055	0.0983	0.0969	0.0944	0.0968	0.0943	0.0948	0.0959	0.0963	0.0942	0.0943	0.0934	0.0946	0.0917	0.0941	0.0933	0.0931	0.0926	0.0901	0.0924	0.0897	0.0910	0.0894	0.0926	0.1026	0.0914	0.0898	0.0913	0.0889	0.0907	0.0897	0.0911	0.0923	0.0906	0.0926	0.0913	0.0889	0.0903	0.0909	0.0978	
0.1227	0.1162	0.1133	0.1087	0.1043	0.1042	0.1012	0.1020	0.1211	0.1154	0.1099	0.1091	0.1048	0.1042	0.1013	0.1034	0.1164	0.1105	0.1063	0.1044	0.1020	0.1034	0.1001	0.1005	0.1076	0.0995	0.0982	0.0953	0.0970	0.0951	0.0947	0.0950	0.0914	0.0881	0.0876	0.0870	0.0883	0.0850	0.0870	0.0896	0.0869	0.0860	0.0830	0.0864	0.0830	0.0852	0.0832	0.0885	0.0973	0.0851	0.0829	0.0859	0.0811	0.0827	0.0820	0.0844	0.0865	0.0834	0.0855	0.0855	0.0818	0.0839	0.0826	0.0905	
0.1271	0.1199	0.1152	0.1115	0.1057	0.1048	0.1030	0.1024	0.1252	0.1183	0.1133	0.1108	0.1054	0.1052	0.1028	0.1037	0.1206	0.1134	0.1074	0.1069	0.1030	0.1020	0.1003	0.1009	0.1093	0.0999	0.0991	0.0965	0.0969	0.0955	0.0950	0.0959	0.0951	0.0909	0.0889	0.0915	0.0881	0.0886	0.0874	0.0893	0.0905	0.0905	0.0871	0.0882	0.0858	0.0877	0.0858	0.0868	0.0991	0.0883	0.0860	0.0887	0.0847	0.0871	0.0855	0.0856	0.0898	0.0856	0.0887	0.0867	0.0851	0.0872	0.0862	0.0918	
0.1319	0.1237	0.1177	0.1124	0.1061	0.1055	0.1030	0.1034	0.1300	0.1222	0.1155	0.1129	0.1073	0.1071	0.1029	0.1040	0.1249	0.1156	0.1104	0.1077	0.1047	0.1029	0.1009	0.1006	0.1112	0.1018	0.1000	0.0965	0.0983	0.0962	0.0961	0.0961	0.0977	0.0927	0.0886	0.0920	0.0884	0.0916	0.0888	0.0955	0.0932	0.0910	0.0893	0.0897	0.0882	0.0931	0.0883	0.0924	0.1009	0.0900	0.0878	0.0883	0.0872	0.0912	0.0872	0.0996	0.0914	0.0875	0.0905	0.0887	0.0869	0.0918	0.0883	0.0989	
0.1383	0.1280	0.1221	0.1152	0.1084	0.1074	0.1042	0.1036	0.1357	0.1262	0.1189	0.1156	0.1088	0.1077	0.1040	0.1052	0.1299	0.1192	0.1128	0.1105	0.1058	0.1037	0.1021	0.1027	0.1147	0.1033	0.1013	0.0975	0.0995	0.0963	0.0965	0.0959	0.0998	0.0953	0.0918	0.0953	0.0912	0.0946	0.0911	0.0936	0.0950	0.0944	0.0910	0.0950	0.0908	0.0945	0.0905	0.0915	0.1044	0.0918	0.0901	0.0915	0.0888	0.0934	0.0899	0.0895	0.0938	0.0898	0.0929	0.0931	0.0886	0.0926	0.0898	0.0962	
0.1437	0.1311	0.1248	0.1178	0.1096	0.1091	0.1050	0.1046	0.1416	0.1306	0.1232	0.1178	0.1107	0.1091	0.1050	0.1066	0.1347	0.1228	0.1155	0.1130	0.1068	0.1038	0.1028	0.1031	0.1176	0.1049	0.1021	0.0983	0.1001	0.0964	0.0961	0.0964	0.1019	0.0970	0.0936	0.0958	0.0915	0.0935	0.0924	0.0938	0.0957	0.0943	0.0917	0.0928	0.0902	0.0918	0.0907	0.0918	0.1050	0.0921	0.0902	0.0920	0.0888	0.0918	0.0892	0.0902	0.0936	0.0904	0.0927	0.0917	0.0890	0.0903	0.0908	0.0972	
0.1504	0.1362	0.1308	0.1208	0.1119	0.1104	0.1066	0.1057	0.1483	0.1357	0.1251	0.1205	0.1133	0.1111	0.1073	0.1072	0.1413	0.1270	0.1183	0.1145	0.1101	0.1062	0.1045	0.1038	0.1226	0.1076	0.1042	0.0991	0.1011	0.0988	0.0972	0.0977	0.1036	0.0986	0.0958	0.0972	0.0940	0.0934	0.0934	0.0950	0.0968	0.0962	0.0923	0.0956	0.0911	0.0932	0.0907	0.0956	0.1073	0.0935	0.0907	0.0939	0.0892	0.0925	0.0899	0.0917	0.0941	0.0916	0.0930	0.0935	0.0893	0.0914	0.0908	0.1003	
0.1592	0.1425	0.1332	0.1236	0.1133	0.1121	0.1077	0.1067	0.1573	0.1410	0.1306	0.1238	0.1145	0.1121	0.1076	0.1082	0.1485	0.1321	0.1219	0.1175	0.1112	0.1082	0.1055	0.1045	0.1260	0.1096	0.1048	0.1001	0.1016	0.0979	0.0976	0.0965	0.1043	0.0992	0.0955	0.0964	0.0929	0.0933	0.0927	0.0937	0.0965	0.0960	0.0908	0.0925	0.0908	0.0922	0.0894	0.0902	0.1057	0.0934	0.0900	0.0926	0.0884	0.0903	0.0888	0.0895	0.0930	0.0919	0.0923	0.0925	0.0883	0.0900	0.0894	0.0958	
0.1688	0.1477	0.1395	0.1282	0.1149	0.1141	0.1088	0.1079	0.1664	0.1480	0.1365	0.1278	0.1172	0.1156	0.1092	0.1098	0.1556	0.1371	0.1252	0.1207	0.1129	0.1090	0.1064	0.1053	0.1306	0.1121	0.1073	0.1012	0.1031	0.1001	0.0983	0.0978	0.1064	0.0993	0.0963	0.0961	0.0948	0.0940	0.0937	0.0946	0.0978	0.0956	0.0914	0.0944	0.0896	0.0939	0.0885	0.0915	0.1037	0.0933	0.0899	0.0911	0.0889	0.0924	0.0891	0.0895	0.0940	0.0917	0.0914	0.0923	0.0880	0.0925	0.0900	0.0964	
0.1789	0.1569	0.1447	0.1334	0.1178	0.1152	0.1111	0.1077	0.1743	0.1551	0.1415	0.1310	0.1198	0.1167	0.1107	0.1106	0.1660	0.1437	0.1293	0.1243	0.1154	0.1102	0.1086	0.1064	0.1374	0.1153	0.1088	0.1029	0.1043	0.1006	0.0988	0.0983	0.1053	0.0966	0.0938	0.0934	0.0917	0.0896	0.0915	0.0914	0.0950	0.0917	0.0878	0.0892	0.0859	0.0885	0.0840	0.0910	0.1016	0.0888	0.0857	0.0873	0.0843	0.0878	0.0839	0.0875	0.0906	0.0874	0.0881	0.0875	0.0846	0.0871	0.0857	0.0941	
0.1902	0.1649	0.1512	0.1364	0.1213	0.1175	0.1122	0.1095	0.1869	0.1636	0.1473	0.1357	0.1232	0.1192	0.1121	0.1114	0.1759	0.1502	0.1338	0.1278	0.1182	0.1125	0.1091	0.1068	0.1429	0.1183	0.1116	0.1035	0.1054	0.1008	0.0992	0.0976	0.1084	0.0970	0.0917	0.0928	0.0891	0.0887	0.0882	0.0900	0.0967	0.0920	0.0892	0.0891	0.0866	0.0885	0.0872	0.0874	0.1035	0.0884	0.0867	0.0870	0.0849	0.0858	0.0859	0.0855	0.0908	0.0858	0.0889	0.0864	0.0848	0.0874	0.0855	0.0927	
0.2037	0.1716	0.1588	0.1419	0.1236	0.1188	0.1134	0.1100	0.1978	0.1730	0.1532	0.1402	0.1260	0.1220	0.1143	0.1128	0.1864	0.1579	0.1391	0.1318	0.1197	0.1142	0.1109	0.1085	0.1505	0.1223	0.1137	0.1047	0.1066	0.1010	0.0992	0.0983	0.1144	0.1032	0.0957	0.0983	0.0928	0.0931	0.0911	0.0931	0.1017	0.0972	0.0937	0.0917	0.0922	0.0919	0.0913	0.0903	0.1102	0.0928	0.0907	0.0903	0.0902	0.0911	0.0901	0.0877	0.0959	0.0896	0.0942	0.0904	0.0903	0.0910	0.0913	0.0948	
0.2160	0.1825	0.1672	0.1471	0.1259	0.1224	0.1153	0.1106	0.2112	0.1816	0.1628	0.1442	0.1301	0.1241	0.1157	0.1142	0.1997	0.1657	0.1441	0.1371	0.1228	0.1143	0.1125	0.1094	0.1570	0.1258	0.1163	0.1063	0.1084	0.1027	0.0997	0.0984	0.1172	0.1045	0.0971	0.0988	0.0931	0.0940	0.0926	0.0954	0.1023	0.0983	0.0930	0.0937	0.0915	0.0930	0.0913	0.0947	0.1087	0.0938	0.0909	0.0917	0.0906	0.0910	0.0902	0.0901	0.0946	0.0909	0.0927	0.0914	0.0889	0.0910	0.0891	0.0981	
0.2335	0.1952	0.1762	0.1529	0.1299	0.1252	0.1172	0.1125	0.2261	0.1946	0.1693	0.1512	0.1324	0.1267	0.1175	0.1153	0.2116	0.1755	0.1512	0.1418	0.1266	0.1179	0.1135	0.1111	0.1654	0.1311	0.1193	0.1092	0.1099	0.1034	0.1006	0.0992	0.1226	0.1087	0.1002	0.1015	0.0958	0.0964	0.0938	0.0958	0.1050	0.1020	0.0946	0.0965	0.0923	0.0943	0.0914	0.0923	0.1094	0.0953	0.0915	0.0951	0.0899	0.0929	0.0906	0.0910	0.0964	0.0933	0.0941	0.0949	0.0900	0.0919	0.0904	0.0983	
0.2531	0.2070	0.1861	0.1603	0.1334	0.1276	0.1180	0.1134	0.2463	0.2070	0.1801	0.1572	0.1374	0.1293	0.1190	0.1176	0.2270	0.1881	0.1579	0.1474	0.1295	0.1199	0.1150	0.1111	0.1779	0.1368	0.1222	0.1107	0.1121	0.1046	0.1013	0.0999	0.1267	0.1111	0.1030	0.1033	0.0971	0.0974	0.0952	0.0982	0.1070	0.1021	0.0946	0.0968	0.0917	0.0947	0.0912	0.0947	0.1075	0.0970	0.0914	0.0956	0.0893	0.0951	0.0895	0.0904	0.0970	0.0942	0.0935	0.0941	0.0892	0.0925	0.0900	0.0976	
0.2732	0.2206	0.1949	0.1660	0.1389	0.1300	0.1192	0.1144	0.2645	0.2204	0.1899	0.1636	0.1427	0.1321	0.1200	0.1180	0.2464	0.1985	0.1677	0.1536	0.1339	0.1209	0.1164	0.1122	0.1879	0.1435	0.1264	0.1128	0.1136	0.1050	0.1017	0.0998	0.1306	0.1149	0.1049	0.1043	0.0987	0.0966	0.0978	0.0973	0.1088	0.1047	0.0950	0.0968	0.0934	0.0951	0.0913	0.0945	0.1108	0.0985	0.0926	0.0940	0.0914	0.0942	0.0913	0.0922	0.0978	0.0960	0.0947	0.0939	0.0909	0.0945	0.0917	0.0989	
0.2949	0.2348	0.2071	0.1731	0.1432	0.1331	0.1222	0.1155	0.2829	0.2355	0.2003	0.1725	0.1472	0.1355	0.1224	0.1196	0.2635	0.2120	0.1743	0.1590	0.1372	0.1229	0.1180	0.1136	0.2022	0.1496	0.1296	0.1148	0.1157	0.1070	0.1022	0.1007	0.1309	0.1126	0.1026	0.1005	0.0972	0.0930	0.0956	0.0944	0.1066	0.1006	0.0924	0.0922	0.0895	0.0905	0.0885	0.0902	0.1083	0.0936	0.0895	0.0900	0.0866	0.0898	0.0871	0.0881	0.0945	0.0910	0.0904	0.0907	0.0861	0.0890	0.0871	0.0951	
0.3175	0.2525	0.2200	0.1841	0.1475	0.1358	0.1239	0.1177	0.3058	0.2523	0.2146	0.1809	0.1524	0.1403	0.1245	0.1209	0.2825	0.2258	0.1838	0.1672	0.1418	0.1262	0.1203	0.1160	0.2168	0.1552	0.1356	0.1194	0.1193	0.1078	0.1037	0.1016	0.1348	0.1120	0.0989	0.0978	0.0914	0.0896	0.0888	0.0898	0.1055	0.0980	0.0896	0.0880	0.0860	0.0883	0.0850	0.0885	0.1061	0.0899	0.0841	0.0863	0.0824	0.0867	0.0833	0.0848	0.0910	0.0865	0.0859	0.0874	0.0833	0.0857	0.0824	0.0918	
0.3451	0.2718	0.2341	0.1906	0.1540	0.1402	0.1267	0.1183	0.3306	0.2707	0.2263	0.1914	0.1587	0.1434	0.1277	0.1226	0.3093	0.2426	0.1959	0.1748	0.1475	0.1290	0.1230	0.1173	0.2322	0.1656	0.1399	0.1221	0.1209	0.1090	0.1040	0.1014	0.1457	0.1187	0.1044	0.1030	0.0933	0.0926	0.0907	0.0930	0.1126	0.1030	0.0948	0.0924	0.0912	0.0918	0.0890	0.0890	0.1114	0.0955	0.0901	0.0903	0.0882	0.0900	0.0881	0.0872	0.0966	0.0898	0.0918	0.0891	0.0879	0.0898	0.0884	0.0933	
0.3745	0.2930	0.2496	0.2028	0.1585	0.1441	0.1284	0.1202	0.3559	0.2922	0.2423	0.1997	0.1660	0.1488	0.1291	0.1239	0.3327	0.2623	0.2087	0.1836	0.1527	0.1326	0.1242	0.1183	0.2495	0.1774	0.1458	0.1250	0.1239	0.1105	0.1050	0.1012	0.1567	0.1258	0.1084	0.1057	0.0961	0.0949	0.0935	0.0964	0.1174	0.1083	0.0967	0.0953	0.0919	0.0935	0.0910	0.0916	0.1132	0.0980	0.0916	0.0916	0.0887	0.0908	0.0896	0.0894	0.0989	0.0928	0.0939	0.0920	0.0898	0.0905	0.0901	0.0969	
0.4028	0.3218	0.2674	0.2170	0.1728	0.1508	0.1340	0.1210	0.3832	0.3238	0.2696	0.2167	0.1793	0.1580	0.1339	0.1266	0.3578	0.2891	0.2252	0.1973	0.1683	0.1387	0.1296	0.1206	0.2705	0.1990	0.1574	0.1347	0.1323	0.1153	0.1059	0.1041	0.1683	0.1321	0.1118	0.1107	0.0988	0.0977	0.0944	0.0972	0.1223	0.1113	0.0979	0.0973	0.0931	0.0940	0.0923	0.0928	0.1131	0.1004	0.0925	0.0942	0.0900	0.0910	0.0900	0.0896	0.0997	0.0951	0.0939	0.0935	0.0894	0.0906	0.0907	0.0970	
0.4374	0.3377	0.2832	0.2263	0.1715	0.1527	0.1329	0.1218	0.4119	0.3377	0.2745	0.2214	0.1811	0.1579	0.1353	0.1281	0.3880	0.3028	0.2348	0.2037	0.1652	0.1387	0.1305	0.1207	0.2957	0.2016	0.1584	0.1322	0.1305	0.1142	0.1066	0.1036	0.1788	0.1364	0.1152	0.1103	0.0997	0.0975	0.0956	0.0992	0.1259	0.1142	0.0982	0.0968	0.0933	0.0959	0.0925	0.0961	0.1139	0.1017	0.0921	0.0925	0.0902	0.0940	0.0897	0.0915	0.1001	0.0962	0.0938	0.0930	0.0894	0.0940	0.0908	0.0996	
0.4702	0.3609	0.2989	0.2414	0.1799	0.1582	0.1365	0.1233	0.4449	0.3600	0.2949	0.2364	0.1887	0.1627	0.1386	0.1301	0.4137	0.3237	0.2516	0.2176	0.1723	0.1420	0.1332	0.1236	0.3132	0.2153	0.1686	0.1389	0.1351	0.1170	0.1078	0.1044	0.1887	0.1416	0.1179	0.1127	0.1004	0.0990	0.0963	0.0969	0.1305	0.1178	0.0992	0.0967	0.0940	0.0951	0.0923	0.0939	0.1157	0.1039	0.0920	0.0946	0.0900	0.0944	0.0905	0.0915	0.1011	0.0971	0.0941	0.0928	0.0890	0.0920	0.0900	0.0991	
0.5025	0.3864	0.3209	0.2521	0.1884	0.1633	0.1411	0.1254	0.4787	0.3873	0.3160	0.2486	0.1985	0.1698	0.1410	0.1320	0.4435	0.3497	0.2666	0.2287	0.1803	0.1474	0.1352	0.1250	0.3420	0.2315	0.1751	0.1413	0.1387	0.1188	0.1089	0.1050	0.1987	0.1480	0.1219	0.1158	0.1015	0.0996	0.0973	0.0993	0.1338	0.1200	0.0998	0.0993	0.0939	0.0973	0.0924	0.0951	0.1199	0.1029	0.0927	0.0957	0.0902	0.0962	0.0905	0.0912	0.1023	0.0972	0.0941	0.0947	0.0903	0.0937	0.0901	0.0998	
0.5362	0.4121	0.3432	0.2699	0.1983	0.1698	0.1435	0.1272	0.5129	0.4145	0.3383	0.2660	0.2095	0.1756	0.1473	0.1351	0.4752	0.3780	0.2893	0.2437	0.1901	0.1529	0.1396	0.1286	0.3699	0.2468	0.1878	0.1493	0.1449	0.1209	0.1111	0.1056	0.2121	0.1547	0.1262	0.1186	0.1031	0.0988	0.1021	0.0994	0.1396	0.1222	0.1011	0.0976	0.0941	0.0951	0.0913	0.0937	0.1207	0.1043	0.0928	0.0941	0.0894	0.0925	0.0904	0.0905	0.1021	0.0969	0.0944	0.0926	0.0899	0.0916	0.0894	0.0979	
0.5681	0.4457	0.3634	0.2831	0.2082	0.1758	0.1480	0.1285	0.5358	0.4418	0.3594	0.2808	0.2189	0.1841	0.1494	0.1377	0.5063	0.4045	0.3061	0.2584	0.1992	0.1545	0.1410	0.1300	0.3985	0.2668	0.1971	0.1551	0.1473	0.1239	0.1118	0.1068	0.2270	0.1619	0.1300	0.1214	0.1042	0.0998	0.0979	0.0977	0.1455	0.1259	0.1028	0.0985	0.0941	0.0946	0.0917	0.0927	0.1225	0.1062	0.0929	0.0933	0.0900	0.0917	0.0904	0.0903	0.1029	0.0980	0.0942	0.0928	0.0892	0.0918	0.0899	0.0977	
0.6004	0.4719	0.3893	0.3024	0.2167	0.1843	0.1517	0.1298	0.5645	0.4708	0.3873	0.2957	0.2299	0.1920	0.1530	0.1395	0.5384	0.4315	0.3279	0.2744	0.2107	0.1603	0.1461	0.1323	0.4291	0.2885	0.2106	0.1621	0.1556	0.1268	0.1129	0.1074	0.2439	0.1698	0.1331	0.1232	0.1047	0.1001	0.0995	0.0987	0.1497	0.1285	0.1034	0.0972	0.0936	0.0946	0.0912	0.0937	0.1234	0.1070	0.0918	0.0943	0.0896	0.0941	0.0896	0.0900	0.1032	0.0977	0.0941	0.0923	0.0894	0.0927	0.0898	0.1000	
0.6263	0.5052	0.4131	0.3196	0.2269	0.1892	0.1558	0.1315	0.5902	0.5010	0.4134	0.3164	0.2424	0.1991	0.1576	0.1429	0.5694	0.4653	0.3560	0.2926	0.2213	0.1649	0.1497	0.1346	0.4615	0.3136	0.2244	0.1711	0.1615	0.1311	0.1144	0.1080	0.2623	0.1779	0.1393	0.1273	0.1077	0.1029	0.0999	0.1006	0.1589	0.1333	0.1054	0.1008	0.0953	0.0966	0.0928	0.0945	0.1256	0.1108	0.0942	0.0952	0.0912	0.0948	0.0907	0.0916	0.1052	0.1006	0.0953	0.0939	0.0909	0.0933	0.0916	0.0996	
0.6519	0.5336	0.4377	0.3381	0.2365	0.1976	0.1592	0.1378	0.6201	0.5325	0.4373	0.3344	0.2561	0.2100	0.1626	0.1465	0.5956	0.4923	0.3748	0.3131	0.2328	0.1717	0.1520	0.1359	0.4914	0.3371	0.2401	0.1787	0.1686	0.1327	0.1166	0.1093	0.2828	0.1898	0.1454	0.1319	0.1096	0.1036	0.1005	0.1011	0.1672	0.1404	0.1074	0.1016	0.0959	0.0971	0.0925	0.0952	0.1284	0.1114	0.0944	0.0955	0.0907	0.0957	0.0914	0.0930	0.1075	0.1022	0.0957	0.0947	0.0916	0.0945	0.0928	0.0997	
0.6737	0.5592	0.4608	0.3581	0.2522	0.2046	0.1650	0.1368	0.6439	0.5608	0.4620	0.3542	0.2683	0.2182	0.1668	0.1469	0.6159	0.5254	0.4032	0.3318	0.2454	0.1777	0.1568	0.1392	0.5257	0.3614	0.2543	0.1870	0.1743	0.1353	0.1171	0.1097	0.3059	0.1974	0.1493	0.1317	0.1091	0.1013	0.1001	0.0984	0.1740	0.1442	0.1066	0.1002	0.0943	0.0946	0.0910	0.0951	0.1268	0.1117	0.0925	0.0932	0.0898	0.0926	0.0893	0.0908	0.1062	0.1002	0.0936	0.0915	0.0895	0.0919	0.0897	0.1009	
0.6978	0.5883	0.4872	0.3776	0.2647	0.2140	0.1684	0.1379	0.6638	0.5915	0.4889	0.3725	0.2855	0.2283	0.1732	0.1494	0.6332	0.5561	0.4235	0.3512	0.2595	0.1861	0.1603	0.1407	0.6324	0.3921	0.2716	0.1975	0.1825	0.1407	0.1201	0.1095	0.3296	0.2058	0.1548	0.1334	0.1088	0.1003	0.0991	0.0977	0.1843	0.1467	0.1068	0.0976	0.0923	0.0930	0.0886	0.0912	0.1269	0.1107	0.0911	0.0906	0.0883	0.0903	0.0871	0.0879	0.1055	0.0981	0.0914	0.0907	0.0870	0.0903	0.0875	0.0955	
0.7176	0.6184	0.5112	0.3972	0.2771	0.2203	0.1730	0.1399	0.6869	0.6177	0.5147	0.3948	0.2976	0.2377	0.1775	0.1533	0.6624	0.5839	0.4545	0.3709	0.2733	0.1912	0.1634	0.1435	0.5883	0.4207	0.2903	0.2079	0.1888	0.1425	0.1211	0.1118	0.3600	0.2213	0.1629	0.1400	0.1074	0.0989	0.0950	0.0952	0.1981	0.1551	0.1081	0.0966	0.0926	0.0911	0.0877	0.0888	0.1310	0.1120	0.0895	0.0895	0.0862	0.0884	0.0854	0.0862	0.1071	0.0972	0.0901	0.0888	0.0860	0.0861	0.0863	0.0924	
0.7333	0.6386	0.5364	0.4221	0.2894	0.2319	0.1781	0.1418	0.7059	0.6409	0.5417	0.4161	0.3149	0.2491	0.1819	0.1566	0.6899	0.6154	0.4806	0.3899	0.2887	0.1980	0.1688	0.1457	0.6108	0.4526	0.3118	0.2236	0.1995	0.1460	0.1226	0.1121	0.3849	0.2426	0.1745	0.1464	0.1119	0.1031	0.0976	0.0984	0.2135	0.1640	0.1146	0.0996	0.0967	0.0928	0.0924	0.0904	0.1382	0.1164	0.0937	0.0919	0.0903	0.0909	0.0900	0.0883	0.1115	0.0999	0.0946	0.0900	0.0898	0.0895	0.0905	0.0949	
0.7445	0.6601	0.5614	0.4446	0.3038	0.2429	0.1837	0.1436	0.7291	0.6651	0.5658	0.4402	0.3317	0.2606	0.1896	0.1610	0.7096	0.6385	0.5090	0.4118	0.3040	0.2079	0.1738	0.1504	0.6418	0.4866	0.3345	0.2328	0.2094	0.1511	0.1244	0.1138	0.4111	0.2579	0.1844	0.1546	0.1168	0.1065	0.1028	0.1024	0.2313	0.1740	0.1182	0.1029	0.0970	0.0947	0.0919	0.0932	0.1440	0.1208	0.0941	0.0929	0.0907	0.0919	0.0903	0.1048	0.1152	0.1034	0.0946	0.0923	0.0893	0.0910	0.0907	0.0978	
0.7469	0.6803	0.5860	0.4643	0.3208	0.2525	0.1902	0.1467	0.7399	0.6850	0.5897	0.4683	0.3496	0.2732	0.1965	0.1623	0.7282	0.6609	0.5359	0.4399	0.3211	0.2155	0.1790	0.1528	0.6652	0.5152	0.3568	0.2523	0.2207	0.1565	0.1271	0.1151	0.4423	0.2785	0.1982	0.1627	0.1193	0.1073	0.1019	0.1033	0.2482	0.1864	0.1225	0.1053	0.0977	0.0964	0.0929	0.0953	0.1495	0.1248	0.0942	0.0945	0.0902	0.0925	0.0905	0.0905	0.1176	0.1074	0.0954	0.0931	0.0900	0.0924	0.0901	0.0979	
0.7528	0.7012	0.6091	0.4853	0.3328	0.2629	0.1972	0.1502	0.7466	0.7089	0.6151	0.4870	0.3650	0.2805	0.2040	0.1664	0.7428	0.6825	0.5618	0.4603	0.3375	0.2256	0.1850	0.1558	0.6896	0.5477	0.3801	0.2647	0.2334	0.1592	0.1293	0.1173	0.4687	0.2960	0.2088	0.1701	0.1228	0.1088	0.1027	0.1023	0.2672	0.1965	0.1260	0.1065	0.0985	0.0973	0.0934	0.0960	0.1556	0.1287	0.0949	0.0947	0.0909	0.0926	0.0904	0.0914	0.1199	0.1069	0.0955	0.0937	0.0897	0.0923	0.0903	0.0992	
0.7556	0.7165	0.6296	0.5098	0.3450	0.2744	0.2023	0.1529	0.7521	0.7212	0.6359	0.5003	0.3798	0.2953	0.2082	0.1697	0.7487	0.7020	0.5855	0.4810	0.3566	0.2320	0.1923	0.1593	0.7073	0.5734	0.4021	0.2795	0.2448	0.1646	0.1318	0.1169	0.5041	0.3219	0.2251	0.1785	0.1267	0.1101	0.1043	0.1012	0.2891	0.2078	0.1299	0.1080	0.0981	0.0972	0.0930	0.0937	0.1601	0.1341	0.0951	0.0951	0.0904	0.0937	0.0915	0.0906	0.1231	0.1080	0.0951	0.0929	0.0901	0.0928	0.0911	0.0970	
0.7584	0.7305	0.6527	0.5319	0.3630	0.2847	0.2112	0.1579	0.7589	0.7350	0.6565	0.5261	0.4024	0.3082	0.2175	0.1742	0.7580	0.7203	0.6097	0.5031	0.3748	0.2446	0.2002	0.1638	0.7358	0.6043	0.4330	0.3041	0.2583	0.1705	0.1347	0.1189	0.5307	0.3382	0.2389	0.1849	0.1283	0.1128	0.1062	0.1038	0.3122	0.2194	0.1327	0.1098	0.0995	0.0985	0.0941	0.0944	0.1666	0.1385	0.0971	0.0964	0.0919	0.0936	0.0910	0.0932	0.1260	0.1113	0.0964	0.0955	0.0916	0.0932	0.0918	0.0990	
0.7567	0.7405	0.6712	0.5509	0.3817	0.2999	0.2150	0.1590	0.7585	0.7451	0.6798	0.5490	0.4201	0.3199	0.2237	0.1791	0.7596	0.7334	0.6295	0.5272	0.3947	0.2547	0.2057	0.1673	0.7508	0.6273	0.4551	0.3145	0.2723	0.1771	0.1365	0.1201	0.5543	0.3533	0.2442	0.1875	0.1268	0.1066	0.1022	0.0973	0.3301	0.2251	0.1320	0.1049	0.0933	0.0903	0.0877	0.0885	0.1647	0.1373	0.0894	0.0900	0.0861	0.0870	0.0845	0.0857	0.1233	0.1058	0.0902	0.0883	0.0858	0.0868	0.0845	0.0919	
0.7655	0.7434	0.6877	0.5712	0.3987	0.3118	0.2215	0.1629	0.7667	0.7517	0.6947	0.5753	0.4396	0.3359	0.2318	0.1853	0.7647	0.7499	0.6604	0.5540	0.4137	0.2658	0.2121	0.1699	0.7644	0.6500	0.4891	0.3421	0.2912	0.1846	0.1418	0.1216	0.5782	0.3894	0.2687	0.2026	0.1338	0.1130	0.1036	0.1015	0.3611	0.2496	0.1431	0.1095	0.0995	0.0949	0.0935	0.0919	0.1788	0.1472	0.0957	0.0929	0.0908	0.0910	0.0894	0.0885	0.1328	0.1116	0.0957	0.0915	0.0901	0.0895	0.0908	0.0938	
0.7662	0.7481	0.7052	0.5947	0.4150	0.3227	0.2305	0.1668	0.7672	0.7587	0.7095	0.5948	0.4597	0.3502	0.2397	0.1903	0.7678	0.7568	0.6771	0.5757	0.4359	0.2777	0.2200	0.1752	0.7680	0.6728	0.5157	0.3621	0.3027	0.1928	0.1421	0.1228	0.5954	0.4138	0.2875	0.2167	0.1401	0.1167	0.1073	0.1036	0.3858	0.2671	0.1499	0.1138	0.1008	0.0965	0.0940	0.0942	0.1903	0.1545	0.0969	0.0951	0.0910	0.0924	0.0901	0.0900	0.1380	0.1152	0.0955	0.0935	0.0900	0.0923	0.0909	0.0976	
0.7715	0.7476	0.7158	0.6130	0.4337	0.3348	0.2338	0.1699	0.7714	0.7609	0.7223	0.6116	0.4751	0.3625	0.2476	0.1948	0.7728	0.7600	0.6910	0.5982	0.4517	0.2853	0.2278	0.1786	0.7726	0.6922	0.5424	0.3808	0.3199	0.1984	0.1452	0.1261	0.6060	0.4307	0.2990	0.2205	0.1389	0.1126	0.1049	0.0996	0.4015	0.2765	0.1488	0.1113	0.0955	0.0931	0.0880	0.0896	0.1929	0.1540	0.0913	0.0909	0.0868	0.0875	0.0853	0.0859	0.1366	0.1115	0.0905	0.0897	0.0853	0.0871	0.0848	0.0924	
0.7709	0.7512	0.7165	0.6367	0.4505	0.3502	0.2422	0.1729	0.7726	0.7667	0.7302	0.6344	0.4957	0.3816	0.2585	0.2006	0.7718	0.7606	0.7070	0.6165	0.4728	0.3005	0.2360	0.1871	0.7731	0.7128	0.5662	0.4021	0.3410	0.2075	0.1495	0.1264	0.6310	0.4670	0.3266	0.2409	0.1478	0.1187	0.1069	0.1031	0.4384	0.3030	0.1638	0.1182	0.1018	0.0956	0.0931	0.0914	0.2139	0.1687	0.0961	0.0945	0.0907	0.0900	0.0904	0.0890	0.1476	0.1190	0.0956	0.0929	0.0897	0.0899	0.0900	0.0952	
0.7755	0.7514	0.7232	0.6520	0.4700	0.3621	0.2515	0.1768	0.7770	0.7651	0.7344	0.6485	0.5173	0.3886	0.2646	0.2057	0.7737	0.7615	0.7258	0.6400	0.4927	0.3162	0.2445	0.1903	0.7778	0.7307	0.5894	0.4214	0.3571	0.2157	0.1540	0.1287	0.6520	0.4929	0.3517	0.2582	0.1570	0.1230	0.1106	0.1070	0.4731	0.3268	0.1745	0.1221	0.1031	0.0975	0.0941	0.0951	0.2271	0.1779	0.0979	0.0953	0.0930	0.0927	0.0904	0.0908	0.1554	0.1234	0.0964	0.0940	0.0906	0.0933	0.0913	0.0995	
0.7767	0.7493	0.7275	0.6721	0.4890	0.3726	0.2568	0.1823	0.7809	0.7680	0.7364	0.6705	0.5328	0.4056	0.2705	0.2092	0.7750	0.7665	0.7300	0.6594	0.5103	0.3240	0.2497	0.1967	0.7806	0.7453	0.6148	0.4470	0.3775	0.2239	0.1570	0.1299	0.6582	0.5171	0.3683	0.2710	0.1600	0.1268	0.1117	0.1068	0.4971	0.3459	0.1811	0.1233	0.1025	0.0983	0.0932	0.0927	0.2393	0.1864	0.0969	0.0960	0.0902	0.0913	0.0900	0.0905	0.1598	0.1261	0.0955	0.0944	0.0895	0.0911	0.0897	0.0965	
0.7823	0.7553	0.7313	0.6903	0.5087	0.3868	0.2641	0.1827	0.7828	0.7680	0.7281	0.6889	0.5549	0.4206	0.2793	0.2153	0.7812	0.7717	0.7441	0.6781	0.5311	0.3381	0.2606	0.1985	0.7871	0.7573	0.6426	0.4708	0.3982	0.2376	0.1616	0.1315	0.6639	0.5398	0.3866	0.2840	0.1671	0.1287	0.1142	0.1104	0.5195	0.3692	0.1887	0.1272	0.1047	0.1004	0.0939	0.0991	0.2499	0.1972	0.0981	0.0974	0.0930	0.0942	0.0913	0.0936	0.1678	0.1306	0.0964	0.0938	0.0922	0.0926	0.0915	0.1008	
0.7832	0.7564	0.7340	0.7027	0.5264	0.3992	0.2718	0.1884	0.7844	0.7699	0.7309	0.7092	0.5703	0.4362	0.2896	0.2215	0.7802	0.7704	0.7486	0.6974	0.5527	0.3478	0.2682	0.2058	0.7854	0.7610	0.6547	0.4931	0.4151	0.2447	0.1656	0.1328	0.6635	0.5562	0.4115	0.2968	0.1680	0.1288	0.1096	0.1057	0.5422	0.3904	0.1997	0.1269	0.1022	0.0949	0.0907	0.0955	0.2648	0.2049	0.0955	0.0925	0.0892	0.0882	0.0871	0.0864	0.1729	0.1296	0.0914	0.0920	0.0874	0.0873	0.0868	0.0947	
0.7853	0.7568	0.7366	0.7167	0.5418	0.4132	0.2768	0.1943	0.7835	0.7691	0.7358	0.7221	0.5877	0.4484	0.2950	0.2262	0.7782	0.7697	0.7482	0.7104	0.5706	0.3624	0.2750	0.2074	0.7855	0.7550	0.6711	0.5191	0.4351	0.2533	0.1699	0.1351	0.6709	0.5845	0.4389	0.3193	0.1836	0.1336	0.1149	0.1105	0.5698	0.4180	0.2187	0.1330	0.1067	0.0991	0.0940	0.0976	0.2893	0.2236	0.0999	0.0949	0.0922	0.0926	0.0898	0.0908	0.1884	0.1380	0.0966	0.0936	0.0899	0.0930	0.0905	0.0974	
0.7895	0.7610	0.7374	0.7168	0.5544	0.4238	0.2863	0.1954	0.7912	0.7765	0.7362	0.7288	0.6068	0.4670	0.3072	0.2319	0.7883	0.7766	0.7467	0.7262	0.5926	0.3766	0.2868	0.2140	0.7887	0.7600	0.6944	0.5465	0.4558	0.2673	0.1759	0.1378	0.6651	0.5928	0.4524	0.3367	0.1895	0.1383	0.1190	0.1124	0.5910	0.4332	0.2279	0.1387	0.1094	0.1021	0.0962	0.0972	0.3094	0.2322	0.1023	0.0977	0.0950	0.0940	0.0928	0.0934	0.1965	0.1411	0.0979	0.0959	0.0927	0.0941	0.0930	0.1006	
0.7934	0.7631	0.7415	0.7153	0.5721	0.4376	0.2928	0.1994	0.7907	0.7777	0.7361	0.7388	0.6223	0.4790	0.3123	0.2352	0.7891	0.7788	0.7535	0.7322	0.6051	0.3849	0.2948	0.2209	0.7927	0.7652	0.7142	0.5679	0.4747	0.2765	0.1789	0.1399	0.6674	0.6164	0.4793	0.3542	0.1974	0.1370	0.1153	0.1080	0.6072	0.4606	0.2422	0.1402	0.1093	0.0959	0.0933	0.0917	0.3292	0.2483	0.0998	0.0936	0.0929	0.0897	0.0897	0.0876	0.2074	0.1427	0.0954	0.0928	0.0905	0.0889	0.0884	0.0943	
0.7953	0.7627	0.7409	0.7258	0.5874	0.4502	0.3005	0.2044	0.7963	0.7793	0.7439	0.7384	0.6374	0.4905	0.3208	0.2405	0.7880	0.7782	0.7538	0.7372	0.6255	0.4016	0.3020	0.2252	0.7925	0.7703	0.7281	0.5905	0.4998	0.2883	0.1836	0.1413	0.6761	0.6419	0.5090	0.3795	0.2093	0.1442	0.1217	0.1131	0.6312	0.4942	0.2618	0.1484	0.1108	0.0992	0.0950	0.0958	0.3562	0.2687	0.1027	0.0961	0.0939	0.0932	0.0905	0.0911	0.2248	0.1544	0.0967	0.0935	0.0907	0.0910	0.0906	0.0985	
0.7979	0.7620	0.7410	0.7220	0.6117	0.4625	0.3044	0.2069	0.7980	0.7797	0.7425	0.7393	0.6532	0.5105	0.3318	0.2454	0.7957	0.7821	0.7545	0.7477	0.6450	0.4122	0.3155	0.2288	0.7992	0.7642	0.7418	0.6116	0.5185	0.3002	0.1925	0.1447	0.6860	0.6524	0.5262	0.3984	0.2169	0.1489	0.1245	0.1145	0.6469	0.5122	0.2762	0.1526	0.1115	0.1015	0.0962	0.0962	0.3752	0.2861	0.1040	0.0989	0.0964	0.0948	0.0934	0.1259	0.2344	0.1624	0.0985	0.0957	0.0922	0.0938	0.0933	0.0991	
0.8018	0.7646	0.7409	0.7229	0.6301	0.4771	0.3133	0.2136	0.7996	0.7842	0.7436	0.7367	0.6709	0.5269	0.3424	0.2526	0.7966	0.7853	0.7544	0.7410	0.6597	0.4268	0.3258	0.2349	0.8007	0.7706	0.7448	0.6312	0.5424	0.3156	0.2010	0.1477	0.6791	0.6595	0.5456	0.4138	0.2255	0.1464	0.1186	0.1080	0.6438	0.5298	0.2905	0.1529	0.1090	0.0960	0.0905	0.0884	0.3953	0.2988	0.0980	0.0906	0.0904	0.0885	0.0862	0.0849	0.2466	0.1623	0.0924	0.0883	0.0863	0.0891	0.0863	0.0909	
0.8071	0.7658	0.7443	0.7242	0.6407	0.4877	0.3219	0.2150	0.8037	0.7869	0.7495	0.7363	0.6818	0.5369	0.3485	0.2552	0.7974	0.7850	0.7587	0.7428	0.6741	0.4391	0.3338	0.2401	0.8018	0.7692	0.7462	0.6544	0.5615	0.3281	0.2035	0.1501	0.6811	0.6755	0.5691	0.4416	0.2414	0.1583	0.1255	0.1157	0.6530	0.5561	0.3148	0.1658	0.1151	0.1009	0.0931	0.0940	0.4280	0.3258	0.1037	0.0948	0.0950	0.0922	0.0906	0.0904	0.2676	0.1759	0.0965	0.0926	0.0902	0.0923	0.0903	0.0973	
0.8098	0.7652	0.7485	0.7234	0.6461	0.5058	0.3288	0.2213	0.8047	0.7901	0.7457	0.7348	0.6961	0.5537	0.3595	0.2618	0.8008	0.7832	0.7554	0.7439	0.6903	0.4514	0.3380	0.2451	0.8067	0.7764	0.7502	0.6717	0.5842	0.3433	0.2105	0.1532	0.6784	0.6753	0.5823	0.4583	0.2516	0.1617	0.1273	0.1154	0.6531	0.5707	0.3312	0.1708	0.1161	0.0998	0.0931	0.0925	0.4510	0.3410	0.1037	0.0953	0.0943	0.0910	0.0893	0.0889	0.2875	0.1817	0.0956	0.0923	0.0892	0.0906	0.0895	0.0950	
0.8087	0.7663	0.7482	0.7228	0.6570	0.5196	0.3361	0.2223	0.8142	0.7931	0.7504	0.7398	0.7053	0.5689	0.3691	0.2666	0.8085	0.7847	0.7578	0.7434	0.7037	0.4630	0.3522	0.2494	0.8081	0.7822	0.7503	0.6856	0.5986	0.3525	0.2191	0.1563	0.6843	0.6776	0.5959	0.4792	0.2600	0.1612	0.1255	0.1128	0.6581	0.5856	0.3502	0.1748	0.1148	0.0944	0.0901	0.0887	0.4782	0.3582	0.1020	0.0912	0.0921	0.0864	0.0858	0.0859	0.3033	0.1868	0.0925	0.0891	0.0870	0.0865	0.0866	0.0924	
0.8143	0.7651	0.7481	0.7196	0.6575	0.5337	0.3438	0.2273	0.8144	0.7913	0.7478	0.7301	0.6963	0.5864	0.3749	0.2704	0.8108	0.7898	0.7594	0.7457	0.7042	0.4758	0.3599	0.2557	0.8148	0.7827	0.7556	0.7008	0.6184	0.3699	0.2224	0.1601	0.6875	0.6810	0.6160	0.5041	0.2800	0.1703	0.1325	0.1178	0.6612	0.6108	0.3788	0.1867	0.1209	0.1003	0.0949	0.0944	0.5082	0.3866	0.1084	0.0952	0.0970	0.0910	0.0903	0.0900	0.3289	0.2046	0.0971	0.0924	0.0903	0.0908	0.0895	0.0963	
0.8179	0.7687	0.7494	0.7215	0.6617	0.5445	0.3547	0.2305	0.8206	0.7916	0.7538	0.7278	0.6950	0.5963	0.3873	0.2758	0.8137	0.7904	0.7583	0.7502	0.7075	0.4884	0.3749	0.2615	0.8150	0.7808	0.7531	0.7181	0.6359	0.3804	0.2320	0.1633	0.6866	0.6858	0.6326	0.5269	0.2922	0.1761	0.1367	0.1200	0.6601	0.6274	0.3973	0.1969	0.1227	0.1016	0.0938	0.0931	0.5288	0.4095	0.1092	0.0964	0.0966	0.0924	0.0908	0.0905	0.3501	0.2176	0.0975	0.0939	0.0900	0.0912	0.0901	0.0956	
0.8240	0.7690	0.7518	0.7232	0.6547	0.5603	0.3605	0.2353	0.8195	0.7928	0.7526	0.7315	0.6907	0.6117	0.3952	0.2800	0.8174	0.7966	0.7581	0.7482	0.7067	0.4998	0.3847	0.2682	0.8225	0.7787	0.7540	0.7252	0.6503	0.3987	0.2380	0.1663	0.6966	0.6809	0.6377	0.5420	0.3063	0.1738	0.1328	0.1159	0.6619	0.6394	0.4176	0.1993	0.1197	0.0953	0.0887	0.0896	0.5445	0.4318	0.1039	0.0904	0.0932	0.0865	0.0844	0.0857	0.3675	0.2204	0.0913	0.0880	0.0849	0.0861	0.0844	0.0916	
0.8214	0.7751	0.7537	0.7244	0.6618	0.5748	0.3698	0.2383	0.8212	0.7951	0.7553	0.7334	0.6988	0.6271	0.4024	0.2854	0.8172	0.7979	0.7616	0.7530	0.7085	0.5117	0.3917	0.2729	0.8214	0.7802	0.7605	0.7299	0.6743	0.4115	0.2444	0.1709	0.7069	0.6898	0.6501	0.5660	0.3236	0.1892	0.1417	0.1208	0.6725	0.6576	0.4454	0.2186	0.1307	0.1026	0.0945	0.0925	0.5713	0.4603	0.1121	0.0974	0.0994	0.0923	0.0900	0.0883	0.3996	0.2423	0.0973	0.0933	0.0901	0.0911	0.0904	0.0951	
0.8261	0.7739	0.7516	0.7173	0.6561	0.5827	0.3773	0.2440	0.8243	0.7965	0.7563	0.7308	0.6867	0.6361	0.4122	0.2901	0.8179	0.7910	0.7634	0.7542	0.7080	0.5253	0.4018	0.2750	0.8215	0.7820	0.7584	0.7324	0.6880	0.4316	0.2487	0.1733	0.7077	0.6919	0.6595	0.5869	0.3458	0.1973	0.1462	0.1254	0.6739	0.6688	0.4654	0.2307	0.1333	0.1041	0.0951	0.0953	0.5947	0.4842	0.1149	0.0976	0.1009	0.0922	0.0898	0.0910	0.4275	0.2603	0.0985	0.0941	0.0907	0.0925	0.0902	0.0974	
0.8322	0.7723	0.7567	0.7255	0.6632	0.5900	0.3846	0.2455	0.8326	0.7975	0.7595	0.7325	0.6782	0.6493	0.4252	0.2924	0.8247	0.8008	0.7591	0.7516	0.7015	0.5375	0.4142	0.2837	0.8263	0.7804	0.7560	0.7347	0.6982	0.4475	0.2598	0.1782	0.7001	0.6855	0.6580	0.5936	0.3514	0.1969	0.1436	0.1208	0.6706	0.6632	0.4780	0.2336	0.1295	0.0985	0.0903	0.0898	0.6076	0.4943	0.1121	0.0937	0.0978	0.0877	0.0860	0.0877	0.4474	0.2650	0.0938	0.0906	0.0868	0.0870	0.0865	0.0931	
0.8347	0.7787	0.7543	0.7174	0.6543	0.5937	0.3869	0.2502	0.8297	0.8019	0.7584	0.7281	0.6758	0.6521	0.4302	0.3009	0.8229	0.8001	0.7623	0.7537	0.7042	0.5513	0.4231	0.2878	0.8288	0.7863	0.7576	0.7345	0.7145	0.4587	0.2665	0.1810	0.7056	0.6964	0.6630	0.6248	0.3770	0.2110	0.1508	0.1251	0.6786	0.6779	0.5070	0.2541	0.1394	0.1029	0.0943	0.0931	0.6297	0.5275	0.1188	0.0963	0.1017	0.0912	0.0887	0.0882	0.4790	0.2925	0.0974	0.0922	0.0894	0.0895	0.0891	0.0941	
0.8382	0.7787	0.7588	0.7254	0.6685	0.6040	0.3877	0.2559	0.8386	0.8045	0.7659	0.7335	0.6684	0.6593	0.4455	0.3058	0.8299	0.7996	0.7667	0.7511	0.7045	0.5668	0.4397	0.2936	0.8320	0.7880	0.7589	0.7390	0.7170	0.4814	0.2741	0.1877	0.7047	0.6997	0.6688	0.6390	0.3979	0.2179	0.1559	0.1289	0.6792	0.6802	0.5279	0.2712	0.1438	0.1084	0.0955	0.0949	0.6387	0.5490	0.1227	0.0979	0.1046	0.0954	0.0896	0.0927	0.5039	0.3119	0.0990	0.0947	0.0904	0.0949	0.0907	0.0969	
