0.0910	0.0934	0.0901	0.0915	0.0903	0.0916	0.0921	0.0994	0.0909	0.0921	0.0903	0.0921	0.0899	0.0907	0.0914	0.0912	0.0929	0.0916	0.0917	0.0918	0.0904	0.0915	0.0909	0.0963	0.0924	0.0916	0.0908	0.0903	0.0911	0.0897	0.0911	0.0989	0.0922	0.0905	0.0911	0.0911	0.0910	0.0925	0.0916	0.0939	0.0930	0.0921	0.0922	0.0917	0.0922	0.0912	0.0899	0.0950	0.0908	0.0925	0.0913	0.0954	0.0925	0.1053	0.0917	0.1062	0.0926	0.0935	0.0914	0.0912	0.0930	0.0975	0.0920	0.1213	
0.0890	0.0895	0.0884	0.0884	0.0877	0.0890	0.0882	0.0886	0.0887	0.0891	0.0888	0.0889	0.0890	0.0892	0.0898	0.0890	0.0882	0.0897	0.0900	0.0898	0.0890	0.0897	0.0889	0.0891	0.0892	0.0894	0.0888	0.0882	0.0904	0.0892	0.0890	0.0891	0.0888	0.0893	0.0900	0.0895	0.0890	0.0890	0.0896	0.0890	0.0900	0.0891	0.0893	0.0889	0.0918	0.0889	0.0889	0.0897	0.0886	0.0892	0.0893	0.0935	0.0905	0.0901	0.0888	0.0909	0.0890	0.0896	0.0895	0.0887	0.0911	0.0895	0.0896	0.0909	
0.0909	0.0895	0.0881	0.0885	0.0889	0.0886	0.0883	0.0900	0.0887	0.0897	0.0885	0.0889	0.0893	0.0886	0.0896	0.0891	0.0889	0.0917	0.0905	0.0900	0.0895	0.0890	0.0888	0.0898	0.0892	0.0895	0.0889	0.0881	0.0895	0.0888	0.0899	0.0891	0.0892	0.0888	0.0895	0.0893	0.0894	0.0887	0.0899	0.0892	0.0900	0.0894	0.0900	0.0902	0.0923	0.0893	0.0890	0.0901	0.0886	0.0896	0.0893	0.0937	0.0906	0.0896	0.0901	0.0905	0.0893	0.0904	0.0898	0.0888	0.0924	0.0895	0.0902	0.0901	
0.0894	0.0891	0.0878	0.0881	0.0891	0.0903	0.0895	0.0903	0.0890	0.0892	0.0884	0.0893	0.0906	0.0904	0.0914	0.0902	0.0879	0.0886	0.0899	0.0892	0.0907	0.0906	0.0901	0.0908	0.0889	0.0888	0.0887	0.0886	0.0908	0.0903	0.0909	0.0904	0.0886	0.0886	0.0896	0.0890	0.0907	0.0905	0.0912	0.0907	0.0898	0.0889	0.0893	0.0892	0.0931	0.0900	0.0904	0.0915	0.0885	0.0892	0.0888	0.0932	0.0916	0.0912	0.0912	0.0918	0.0889	0.0898	0.0895	0.0888	0.0932	0.0902	0.0907	0.0920	
0.0905	0.0893	0.0882	0.0886	0.0887	0.0895	0.0882	0.0886	0.0886	0.0894	0.0884	0.0903	0.0894	0.0893	0.0900	0.0887	0.0886	0.0907	0.0908	0.0896	0.0896	0.0889	0.0887	0.0900	0.0892	0.0896	0.0890	0.0885	0.0899	0.0888	0.0896	0.0897	0.0890	0.0890	0.0895	0.0898	0.0898	0.0888	0.0896	0.0891	0.0904	0.0894	0.0900	0.0897	0.0916	0.0892	0.0887	0.0904	0.0890	0.0894	0.0891	0.0931	0.0906	0.0901	0.0893	0.0904	0.0896	0.0901	0.0904	0.0892	0.0917	0.0894	0.0898	0.0904	
0.0903	0.0890	0.0883	0.0893	0.0889	0.0890	0.0879	0.0894	0.0890	0.0890	0.0888	0.0903	0.0886	0.0884	0.0893	0.0889	0.0892	0.0898	0.0903	0.0891	0.0898	0.0893	0.0889	0.0891	0.0898	0.0897	0.0895	0.0884	0.0895	0.0891	0.0891	0.0888	0.0893	0.0890	0.0901	0.0894	0.0891	0.0884	0.0900	0.0886	0.0906	0.0891	0.0901	0.0896	0.0913	0.0888	0.0890	0.0898	0.0885	0.0898	0.0889	0.0933	0.0897	0.0892	0.0892	0.0904	0.0901	0.0899	0.0899	0.0886	0.0919	0.0891	0.0891	0.0899	
0.0902	0.0894	0.0882	0.0882	0.0886	0.0897	0.0882	0.0896	0.0892	0.0889	0.0882	0.0893	0.0891	0.0896	0.0908	0.0902	0.0886	0.0898	0.0905	0.0899	0.0895	0.0898	0.0894	0.0900	0.0888	0.0894	0.0889	0.0887	0.0898	0.0890	0.0896	0.0901	0.0889	0.0891	0.0895	0.0902	0.0899	0.0891	0.0895	0.0886	0.0902	0.0895	0.0897	0.0891	0.0916	0.0892	0.0888	0.0901	0.0886	0.0902	0.0893	0.0936	0.0907	0.0900	0.0894	0.0907	0.0892	0.0899	0.0902	0.0893	0.0922	0.0893	0.0895	0.0903	
0.0904	0.0896	0.0885	0.0885	0.0890	0.0894	0.0883	0.0900	0.0888	0.0896	0.0891	0.0898	0.0896	0.0889	0.0902	0.0899	0.0888	0.0903	0.0907	0.0899	0.0892	0.0900	0.0890	0.0901	0.0893	0.0906	0.0888	0.0883	0.0902	0.0891	0.0895	0.0897	0.0900	0.0886	0.0904	0.0905	0.0895	0.0894	0.0900	0.0891	0.0901	0.0892	0.0899	0.0896	0.0913	0.0896	0.0895	0.0903	0.0888	0.0902	0.0895	0.0942	0.0906	0.0900	0.0898	0.0906	0.0891	0.0903	0.0900	0.0889	0.0919	0.0896	0.0893	0.0909	
0.0916	0.0897	0.0891	0.0892	0.0889	0.0900	0.0900	0.0910	0.0895	0.0900	0.0897	0.0907	0.0902	0.0898	0.0904	0.0899	0.0892	0.0907	0.0907	0.0906	0.0897	0.0901	0.0893	0.0908	0.0897	0.0896	0.0900	0.0893	0.0901	0.0905	0.0902	0.0893	0.0904	0.0898	0.0909	0.0899	0.0904	0.0894	0.0909	0.0897	0.0907	0.0904	0.0901	0.0904	0.0919	0.0893	0.0897	0.0914	0.0898	0.0903	0.0901	0.0939	0.0909	0.0910	0.0908	0.0911	0.0899	0.0914	0.0907	0.0894	0.0923	0.0894	0.0899	0.0904	
0.0909	0.0901	0.0885	0.0893	0.0889	0.0898	0.0891	0.0897	0.0892	0.0901	0.0890	0.0898	0.0894	0.0896	0.0903	0.0897	0.0896	0.0915	0.0902	0.0893	0.0893	0.0901	0.0890	0.0900	0.0894	0.0900	0.0893	0.0889	0.0901	0.0891	0.0893	0.0897	0.0894	0.0888	0.0895	0.0892	0.0895	0.0894	0.0906	0.0899	0.0902	0.0901	0.0902	0.0898	0.0910	0.0894	0.0893	0.0905	0.0892	0.0898	0.0891	0.0934	0.0904	0.0901	0.0901	0.0904	0.0898	0.0898	0.0910	0.0889	0.0921	0.0893	0.0894	0.0902	
0.0908	0.0911	0.0895	0.0901	0.0888	0.0905	0.0898	0.0904	0.0900	0.0903	0.0904	0.0907	0.0904	0.0902	0.0907	0.0903	0.0894	0.0904	0.0912	0.0902	0.0906	0.0906	0.0892	0.0905	0.0895	0.0903	0.0901	0.0894	0.0900	0.0897	0.0908	0.0898	0.0899	0.0895	0.0901	0.0904	0.0899	0.0900	0.0900	0.0892	0.0907	0.0898	0.0903	0.0901	0.0916	0.0892	0.0898	0.0902	0.0908	0.0900	0.0899	0.0937	0.0911	0.0906	0.0898	0.0904	0.0919	0.0903	0.0907	0.0894	0.0925	0.0897	0.0895	0.0909	
0.0915	0.0899	0.0885	0.0890	0.0890	0.0896	0.0886	0.0898	0.0897	0.0910	0.0891	0.0897	0.0901	0.0891	0.0905	0.0894	0.0895	0.0904	0.0900	0.0898	0.0890	0.0897	0.0891	0.0901	0.0892	0.0897	0.0887	0.0888	0.0895	0.0889	0.0900	0.0893	0.0893	0.0889	0.0893	0.0898	0.0894	0.0888	0.0892	0.0891	0.0898	0.0892	0.0897	0.0896	0.0909	0.0889	0.0891	0.0900	0.0888	0.0894	0.0887	0.0928	0.0902	0.0898	0.0889	0.0901	0.0897	0.0898	0.0900	0.0890	0.0911	0.0896	0.0895	0.0900	
0.0917	0.0909	0.0895	0.0908	0.0894	0.0909	0.0898	0.0910	0.0909	0.0907	0.0901	0.0907	0.0903	0.0902	0.0915	0.0904	0.0902	0.0910	0.0915	0.0902	0.0898	0.0908	0.0898	0.0906	0.0902	0.0905	0.0897	0.0893	0.0906	0.0897	0.0901	0.0898	0.0904	0.0897	0.0902	0.0896	0.0900	0.0895	0.0906	0.0897	0.0908	0.0903	0.0902	0.0903	0.0913	0.0897	0.0897	0.0910	0.0894	0.0907	0.0896	0.0944	0.0903	0.0904	0.0901	0.0918	0.0905	0.0907	0.0906	0.0894	0.0920	0.0897	0.0896	0.0904	
0.0913	0.0914	0.0902	0.0912	0.0900	0.0904	0.0896	0.0908	0.0904	0.0909	0.0903	0.0911	0.0902	0.0906	0.0916	0.0903	0.0898	0.0908	0.0922	0.0908	0.0904	0.0903	0.0900	0.0909	0.0901	0.0903	0.0902	0.0893	0.0900	0.0897	0.0902	0.0894	0.0901	0.0896	0.0903	0.0906	0.0903	0.0897	0.0899	0.0894	0.0902	0.0901	0.0900	0.0902	0.0910	0.0894	0.0900	0.0902	0.0896	0.0902	0.0894	0.0942	0.0908	0.0900	0.0898	0.0904	0.0898	0.0902	0.0908	0.0894	0.0922	0.0892	0.0892	0.0900	
0.0922	0.0912	0.0902	0.0927	0.0915	0.0915	0.0907	0.0920	0.0905	0.0908	0.0902	0.0944	0.0962	0.0911	0.0919	0.0908	0.0900	0.0908	0.0908	0.0931	0.0913	0.0923	0.0939	0.0914	0.0898	0.0905	0.0894	0.0955	0.0918	0.0907	0.0916	0.0906	0.0900	0.0896	0.0901	0.0930	0.0908	0.0908	0.0916	0.0905	0.0905	0.0903	0.0904	0.0930	0.0931	0.0927	0.0913	0.0922	0.0895	0.0902	0.0900	0.0952	0.0920	0.0913	0.0902	0.0914	0.0898	0.0903	0.0908	0.0923	0.0924	0.0899	0.0920	0.0905	
0.0925	0.0912	0.0911	0.0913	0.0893	0.0905	0.0903	0.0918	0.0919	0.0912	0.0906	0.0911	0.0909	0.0900	0.0909	0.0905	0.0901	0.0903	0.0911	0.0903	0.0899	0.0901	0.0891	0.0902	0.0899	0.0899	0.0894	0.0886	0.0901	0.0906	0.0895	0.0902	0.0901	0.0896	0.0898	0.0897	0.0898	0.0895	0.0893	0.0893	0.0909	0.0905	0.0899	0.0904	0.0911	0.0894	0.0895	0.0902	0.0901	0.0898	0.0893	0.0937	0.0905	0.0898	0.0900	0.0903	0.0902	0.0897	0.0900	0.0886	0.0914	0.0893	0.0898	0.0900	
0.0933	0.0918	0.0909	0.0917	0.0907	0.0913	0.0912	0.0913	0.0912	0.0915	0.0914	0.0919	0.0908	0.0913	0.0914	0.0913	0.0906	0.0911	0.0920	0.0909	0.0910	0.0911	0.0904	0.0910	0.0906	0.0905	0.0906	0.0903	0.0910	0.0905	0.0898	0.0908	0.0905	0.0900	0.0907	0.0906	0.0902	0.0894	0.0902	0.0903	0.0905	0.0901	0.0904	0.0902	0.0912	0.0896	0.0898	0.0906	0.0899	0.0904	0.0895	0.0938	0.0904	0.0907	0.0896	0.0906	0.0901	0.0905	0.0900	0.0892	0.0922	0.0896	0.0897	0.0908	
0.0943	0.0927	0.0919	0.0928	0.0924	0.0922	0.0918	0.0919	0.0921	0.0931	0.0925	0.0923	0.0920	0.0915	0.0927	0.0927	0.0911	0.0930	0.0928	0.0917	0.0919	0.0917	0.0908	0.0923	0.0912	0.0916	0.0911	0.0906	0.0917	0.0911	0.0915	0.0912	0.0905	0.0904	0.0909	0.0908	0.0911	0.0903	0.0914	0.0898	0.0912	0.0902	0.0910	0.0906	0.0918	0.0898	0.0900	0.0910	0.0900	0.0905	0.0908	0.0949	0.0916	0.0914	0.0904	0.0907	0.0909	0.0904	0.0910	0.0898	0.0926	0.0899	0.0898	0.0912	
0.0934	0.0924	0.0922	0.0919	0.0916	0.0922	0.0918	0.0924	0.0927	0.0921	0.0915	0.0924	0.0914	0.0917	0.0920	0.0912	0.0911	0.0917	0.0928	0.0915	0.0911	0.0911	0.0904	0.0917	0.0907	0.0915	0.0898	0.0898	0.0907	0.0900	0.0902	0.0908	0.0906	0.0901	0.0906	0.0897	0.0904	0.0897	0.0902	0.0886	0.0908	0.0904	0.0904	0.0898	0.0912	0.0896	0.0897	0.0906	0.0897	0.0906	0.0899	0.0932	0.0921	0.0903	0.0892	0.0905	0.0898	0.0904	0.0902	0.0894	0.0915	0.0898	0.0897	0.0903	
0.0946	0.0939	0.0929	0.0932	0.0920	0.0927	0.0925	0.0923	0.0930	0.0932	0.0921	0.0934	0.0921	0.0920	0.0923	0.0920	0.0916	0.0923	0.0934	0.0924	0.0922	0.0912	0.0910	0.0915	0.0910	0.0917	0.0906	0.0899	0.0908	0.0906	0.0903	0.0913	0.0905	0.0897	0.0901	0.0901	0.0916	0.0896	0.0903	0.0895	0.0905	0.0906	0.0900	0.0902	0.0907	0.0893	0.0901	0.0917	0.0897	0.0901	0.0898	0.0940	0.0912	0.0908	0.0897	0.0910	0.0897	0.0906	0.0903	0.0896	0.0928	0.0892	0.0897	0.0902	
0.0962	0.0946	0.0936	0.0931	0.0933	0.0928	0.0926	0.0929	0.0940	0.0939	0.0930	0.0943	0.0939	0.0931	0.0927	0.0925	0.0921	0.0931	0.0936	0.0930	0.0924	0.0923	0.0918	0.0930	0.0921	0.0916	0.0912	0.0910	0.0916	0.0916	0.0906	0.0911	0.0909	0.0907	0.0909	0.0907	0.0910	0.0907	0.0912	0.0898	0.0917	0.0904	0.0912	0.0907	0.0916	0.0906	0.0903	0.0921	0.0903	0.0904	0.0901	0.0941	0.0913	0.0911	0.0901	0.0909	0.0908	0.0906	0.0905	0.0899	0.0926	0.0902	0.0898	0.0908	
0.0969	0.0952	0.0945	0.0942	0.0926	0.0932	0.0937	0.0938	0.0947	0.0950	0.0941	0.0949	0.0939	0.0928	0.0938	0.0925	0.0928	0.0933	0.0947	0.0934	0.0938	0.0929	0.0912	0.0931	0.0917	0.0918	0.0914	0.0906	0.0925	0.0921	0.0910	0.0915	0.0909	0.0910	0.0914	0.0908	0.0913	0.0901	0.0908	0.0897	0.0917	0.0907	0.0908	0.0907	0.0917	0.0900	0.0902	0.0933	0.0902	0.0906	0.0900	0.0943	0.0909	0.0907	0.0903	0.0911	0.0904	0.0911	0.0904	0.0895	0.0926	0.0902	0.0897	0.0905	
0.0969	0.0959	0.0956	0.0953	0.0943	0.0949	0.0940	0.0925	0.0947	0.0958	0.0944	0.0957	0.0941	0.0928	0.0937	0.0924	0.0925	0.0977	0.0945	0.0939	0.0938	0.0928	0.0916	0.0920	0.0923	0.0926	0.0920	0.0914	0.0919	0.0912	0.0918	0.0916	0.0912	0.0909	0.0912	0.0903	0.0912	0.0898	0.0911	0.0898	0.0910	0.0910	0.0909	0.0909	0.0919	0.0908	0.0901	0.0912	0.0898	0.0906	0.0898	0.0945	0.0908	0.0903	0.0904	0.0929	0.0901	0.0909	0.0906	0.0896	0.0925	0.0893	0.0900	0.0904	
0.0981	0.0973	0.0971	0.0962	0.0950	0.0947	0.0930	0.0933	0.0955	0.0964	0.0955	0.0965	0.0950	0.0930	0.0934	0.0939	0.0938	0.0944	0.0952	0.0947	0.0942	0.0937	0.0916	0.0922	0.0931	0.0929	0.0920	0.0911	0.0924	0.0921	0.0916	0.0918	0.0909	0.0910	0.0914	0.0908	0.0908	0.0903	0.0915	0.0900	0.0909	0.0907	0.0909	0.0905	0.0915	0.0902	0.0902	0.0914	0.0899	0.0903	0.0898	0.0942	0.0909	0.0911	0.0899	0.0913	0.0904	0.0905	0.0907	0.0898	0.0926	0.0899	0.0896	0.0899	
0.1005	0.0987	0.0975	0.0960	0.0955	0.0948	0.0926	0.0934	0.0967	0.0980	0.0960	0.0971	0.0960	0.0937	0.0938	0.0929	0.0947	0.0957	0.0957	0.0948	0.0947	0.0942	0.0929	0.0929	0.0934	0.0928	0.0924	0.0912	0.0925	0.0919	0.0919	0.0913	0.0916	0.0909	0.0916	0.0910	0.0911	0.0907	0.0907	0.0912	0.0909	0.0912	0.0908	0.0904	0.0912	0.0900	0.0901	0.0910	0.0901	0.0909	0.0898	0.0944	0.0913	0.0904	0.0908	0.0908	0.0903	0.0911	0.0900	0.0897	0.0920	0.0897	0.0896	0.0906	
0.1015	0.1004	0.0986	0.0990	0.0967	0.0965	0.0952	0.0952	0.0983	0.0992	0.0974	0.0989	0.0983	0.0954	0.0952	0.0941	0.0959	0.0972	0.0974	0.0960	0.0957	0.0950	0.0936	0.0941	0.0937	0.0935	0.0935	0.0927	0.0933	0.0937	0.0919	0.0929	0.0918	0.0918	0.0919	0.0916	0.0922	0.0910	0.0919	0.0917	0.0915	0.0917	0.0913	0.0916	0.0927	0.0907	0.0905	0.0923	0.0901	0.0912	0.0905	0.0946	0.0910	0.0909	0.0910	0.0915	0.0903	0.0909	0.0905	0.0904	0.0924	0.0913	0.0904	0.0903	
0.1032	0.1024	0.1014	0.1007	0.0990	0.0975	0.0961	0.0960	0.0993	0.1001	0.0994	0.1003	0.0988	0.0967	0.0961	0.0957	0.0971	0.0984	0.0984	0.0977	0.0969	0.0952	0.0936	0.0942	0.0944	0.0942	0.0935	0.0938	0.0944	0.0939	0.0927	0.0928	0.0924	0.0924	0.0920	0.0919	0.0927	0.0912	0.0917	0.0916	0.0927	0.0915	0.0919	0.0915	0.0924	0.0915	0.0911	0.0921	0.0908	0.0913	0.0905	0.0951	0.0916	0.0907	0.0909	0.0913	0.0915	0.0913	0.0912	0.0900	0.0927	0.0898	0.0908	0.0909	
0.1052	0.1031	0.1019	0.1017	0.1000	0.0979	0.0964	0.0959	0.1007	0.1015	0.1004	0.1016	0.0995	0.0969	0.0960	0.0947	0.0980	0.0985	0.0988	0.0981	0.0976	0.0959	0.0944	0.0945	0.0946	0.0949	0.0938	0.0934	0.0941	0.0938	0.0928	0.0925	0.0927	0.0920	0.0920	0.0922	0.0928	0.0916	0.0923	0.0915	0.0918	0.0913	0.0914	0.0913	0.0920	0.0906	0.0909	0.0917	0.0904	0.0908	0.0904	0.0954	0.0915	0.0909	0.0905	0.0913	0.0905	0.0909	0.0906	0.0901	0.0930	0.0904	0.0899	0.0904	
0.1059	0.1051	0.1041	0.1027	0.1005	0.0984	0.0953	0.0946	0.1033	0.1028	0.1012	0.1025	0.1013	0.0968	0.0956	0.0947	0.0987	0.0995	0.0997	0.0996	0.0975	0.0965	0.0943	0.0939	0.0949	0.0950	0.0951	0.0936	0.0945	0.0934	0.0928	0.0921	0.0921	0.0917	0.0923	0.0915	0.0923	0.0915	0.0916	0.0909	0.0916	0.0910	0.0911	0.0911	0.0916	0.0906	0.0901	0.0913	0.0901	0.0906	0.0898	0.0945	0.0910	0.0910	0.0896	0.0908	0.0902	0.0914	0.0905	0.0896	0.0924	0.0891	0.0897	0.0898	
0.1095	0.1069	0.1056	0.1050	0.1022	0.1000	0.0967	0.0955	0.1035	0.1047	0.1032	0.1047	0.1018	0.0986	0.0968	0.0955	0.1005	0.1010	0.1013	0.1001	0.0994	0.0975	0.0948	0.0947	0.0958	0.0959	0.0949	0.0938	0.0953	0.0942	0.0932	0.0924	0.0922	0.0927	0.0922	0.0916	0.0922	0.0917	0.0926	0.0909	0.0907	0.0915	0.0919	0.0917	0.0923	0.0905	0.0909	0.0926	0.0899	0.0911	0.0905	0.0947	0.0919	0.0908	0.0901	0.0919	0.0903	0.0907	0.0908	0.0898	0.0931	0.0897	0.0898	0.0908	
0.1112	0.1086	0.1081	0.1070	0.1028	0.1003	0.0958	0.0953	0.1063	0.1065	0.1053	0.1059	0.1040	0.0981	0.0972	0.0958	0.1010	0.1026	0.1019	0.1025	0.1002	0.0977	0.0950	0.0954	0.0963	0.0959	0.0957	0.0945	0.0954	0.0947	0.0932	0.0925	0.0921	0.0937	0.0922	0.0918	0.0921	0.0912	0.0928	0.0902	0.0912	0.0908	0.0913	0.0909	0.0918	0.0905	0.0899	0.0917	0.0898	0.0906	0.0897	0.0945	0.0907	0.0898	0.0900	0.0904	0.0900	0.0906	0.0904	0.0899	0.0921	0.0900	0.0892	0.0908	
0.1156	0.1130	0.1128	0.1113	0.1066	0.1029	0.0976	0.0968	0.1086	0.1102	0.1088	0.1098	0.1071	0.1008	0.0993	0.0962	0.1039	0.1052	0.1053	0.1051	0.1020	0.0992	0.0963	0.0967	0.0982	0.0978	0.0973	0.0962	0.0980	0.0962	0.0951	0.0938	0.0937	0.0942	0.0938	0.0936	0.0940	0.0926	0.0932	0.0918	0.0929	0.0926	0.0934	0.0924	0.0926	0.0914	0.0917	0.0922	0.0912	0.0918	0.0910	0.0952	0.0923	0.0913	0.0907	0.0909	0.0913	0.0917	0.0913	0.0918	0.0930	0.0902	0.0904	0.0916	
0.1191	0.1161	0.1159	0.1131	0.1075	0.1053	0.0989	0.0984	0.1116	0.1118	0.1114	0.1120	0.1089	0.1015	0.0990	0.0974	0.1059	0.1069	0.1066	0.1069	0.1044	0.1017	0.0973	0.0971	0.0991	0.0994	0.0981	0.0975	0.0989	0.0961	0.0958	0.0945	0.0938	0.0942	0.0935	0.0938	0.0944	0.0935	0.0936	0.0923	0.0924	0.0926	0.0924	0.0924	0.0925	0.0911	0.0910	0.0922	0.0912	0.0913	0.0906	0.0954	0.0926	0.0913	0.0920	0.0913	0.0910	0.0919	0.0914	0.0907	0.0932	0.0901	0.0912	0.0918	
0.1206	0.1194	0.1184	0.1164	0.1105	0.1046	0.0997	0.0966	0.1155	0.1152	0.1142	0.1147	0.1101	0.1030	0.0998	0.0969	0.1075	0.1100	0.1084	0.1080	0.1052	0.1024	0.0979	0.0965	0.0997	0.1005	0.0988	0.0982	0.0993	0.0968	0.0961	0.0941	0.0947	0.0937	0.0934	0.0925	0.0948	0.0939	0.0932	0.0917	0.0922	0.0920	0.0926	0.0915	0.0921	0.0906	0.0904	0.0923	0.0905	0.0912	0.0908	0.0946	0.0917	0.0913	0.0911	0.0912	0.0909	0.0919	0.0907	0.0904	0.0922	0.0906	0.0907	0.0918	
0.1271	0.1251	0.1236	0.1216	0.1138	0.1075	0.1014	0.0991	0.1187	0.1188	0.1170	0.1179	0.1148	0.1047	0.1013	0.0975	0.1104	0.1107	0.1108	0.1103	0.1092	0.1057	0.1005	0.0975	0.1008	0.1009	0.1004	0.0986	0.1003	0.0976	0.0976	0.0942	0.0947	0.0953	0.0942	0.0936	0.0954	0.0935	0.0944	0.0921	0.0924	0.0922	0.0927	0.0916	0.0931	0.0920	0.0919	0.0919	0.0909	0.0918	0.0908	0.0948	0.0921	0.0910	0.0913	0.0914	0.0907	0.0911	0.0913	0.0904	0.0927	0.0902	0.0911	0.0907	
0.1319	0.1290	0.1280	0.1258	0.1171	0.1101	0.1020	0.0987	0.1226	0.1232	0.1229	0.1222	0.1177	0.1076	0.1016	0.0994	0.1136	0.1142	0.1152	0.1143	0.1099	0.1058	0.0999	0.0994	0.1031	0.1030	0.1026	0.0996	0.1026	0.0994	0.0975	0.0966	0.0960	0.0963	0.0960	0.0949	0.0959	0.0949	0.0943	0.0932	0.0929	0.0932	0.0934	0.0924	0.0933	0.0920	0.0916	0.0936	0.0916	0.0923	0.0914	0.0961	0.0927	0.0930	0.0913	0.0920	0.0914	0.0923	0.0915	0.0909	0.0942	0.0910	0.0906	0.0921	
0.1378	0.1345	0.1339	0.1305	0.1203	0.1128	0.1031	0.0992	0.1262	0.1285	0.1255	0.1271	0.1214	0.1081	0.1039	0.0996	0.1160	0.1183	0.1181	0.1171	0.1137	0.1075	0.1007	0.0995	0.1042	0.1032	0.1028	0.1018	0.1035	0.0997	0.0984	0.0954	0.0959	0.0972	0.0958	0.0948	0.0983	0.0938	0.0949	0.0934	0.0932	0.0931	0.0930	0.0920	0.0928	0.0921	0.0929	0.0926	0.0922	0.0920	0.0919	0.0955	0.0920	0.0915	0.0909	0.0920	0.0915	0.0921	0.0913	0.0909	0.0936	0.0906	0.0912	0.0915	
0.1438	0.1398	0.1392	0.1355	0.1237	0.1145	0.1039	0.0989	0.1321	0.1336	0.1311	0.1313	0.1258	0.1106	0.1044	0.1005	0.1198	0.1203	0.1211	0.1208	0.1154	0.1105	0.1024	0.0995	0.1053	0.1052	0.1054	0.1026	0.1049	0.1008	0.0983	0.0965	0.0967	0.0973	0.0957	0.0959	0.0968	0.0947	0.0954	0.0935	0.0929	0.0934	0.0928	0.0921	0.0936	0.0916	0.0917	0.0934	0.0913	0.0919	0.0944	0.0951	0.0925	0.0913	0.0909	0.0918	0.0911	0.0915	0.0916	0.0906	0.0936	0.0903	0.0908	0.0915	
0.1522	0.1472	0.1459	0.1419	0.1286	0.1181	0.1045	0.1009	0.1370	0.1390	0.1363	0.1368	0.1303	0.1145	0.1054	0.1012	0.1241	0.1244	0.1245	0.1225	0.1178	0.1121	0.1028	0.0999	0.1077	0.1069	0.1061	0.1043	0.1063	0.1019	0.0996	0.0957	0.0972	0.0975	0.0962	0.0956	0.0965	0.0951	0.0955	0.0936	0.0930	0.0933	0.0929	0.0922	0.0929	0.0928	0.0928	0.0932	0.0909	0.0918	0.0997	0.0951	0.0919	0.0917	0.0917	0.0919	0.0912	0.0914	0.0910	0.0910	0.0934	0.0904	0.0905	0.0913	
0.1592	0.1558	0.1553	0.1507	0.1345	0.1218	0.1055	0.1011	0.1435	0.1470	0.1429	0.1430	0.1355	0.1156	0.1067	0.1020	0.1291	0.1301	0.1302	0.1283	0.1226	0.1160	0.1045	0.1032	0.1104	0.1096	0.1095	0.1074	0.1093	0.1039	0.1010	0.0970	0.0975	0.0987	0.0971	0.0964	0.0986	0.0962	0.0962	0.0947	0.0938	0.0940	0.0936	0.0928	0.0941	0.0928	0.0930	0.0937	0.0916	0.0922	0.0953	0.0971	0.0933	0.0921	0.0924	0.0928	0.0916	0.0926	0.0922	0.0912	0.0940	0.0909	0.0915	0.0918	
0.1688	0.1675	0.1652	0.1548	0.1396	0.1252	0.1071	0.1006	0.1514	0.1564	0.1535	0.1494	0.1404	0.1181	0.1088	0.1022	0.1330	0.1377	0.1370	0.1336	0.1263	0.1184	0.1056	0.1017	0.1109	0.1143	0.1137	0.1090	0.1115	0.1053	0.1019	0.0977	0.0982	0.1018	0.0990	0.0968	0.0981	0.0959	0.0952	0.0943	0.0933	0.0957	0.0958	0.0923	0.0929	0.0918	0.0918	0.0928	0.0915	0.0945	0.1022	0.0960	0.0922	0.0917	0.0913	0.0925	0.0907	0.0942	0.0920	0.0907	0.0926	0.0909	0.0912	0.0901	
0.1792	0.1748	0.1756	0.1665	0.1451	0.1302	0.1105	0.1020	0.1604	0.1634	0.1603	0.1590	0.1484	0.1220	0.1097	0.1041	0.1382	0.1419	0.1406	0.1395	0.1303	0.1197	0.1067	0.1054	0.1161	0.1152	0.1148	0.1122	0.1147	0.1068	0.1042	0.0992	0.0993	0.1018	0.0984	0.0975	0.0987	0.0983	0.0960	0.0951	0.0937	0.0940	0.0945	0.0929	0.0940	0.0932	0.0937	0.0937	0.0918	0.0924	0.0935	0.0963	0.0925	0.0922	0.0912	0.0921	0.0919	0.0921	0.0919	0.0908	0.0934	0.0909	0.0911	0.0922	
0.1914	0.1877	0.1866	0.1766	0.1545	0.1347	0.1116	0.1040	0.1706	0.1745	0.1706	0.1680	0.1555	0.1259	0.1119	0.1050	0.1466	0.1479	0.1473	0.1430	0.1346	0.1246	0.1095	0.1057	0.1193	0.1179	0.1173	0.1148	0.1156	0.1073	0.1049	0.0989	0.0990	0.1008	0.0989	0.0981	0.0994	0.0983	0.0977	0.0950	0.0940	0.0947	0.0946	0.0931	0.0944	0.0925	0.0931	0.0941	0.0914	0.0918	0.1024	0.0955	0.0928	0.0923	0.0925	0.0929	0.0912	0.0923	0.0912	0.0916	0.0936	0.0907	0.0908	0.0918	
0.2056	0.1992	0.1960	0.1922	0.1612	0.1390	0.1143	0.1039	0.1816	0.1847	0.1805	0.1811	0.1634	0.1303	0.1120	0.1046	0.1537	0.1559	0.1561	0.1540	0.1432	0.1291	0.1114	0.1063	0.1227	0.1211	0.1231	0.1170	0.1199	0.1113	0.1041	0.0989	0.1003	0.1024	0.0998	0.0998	0.1007	0.0989	0.0971	0.0945	0.0948	0.0951	0.0951	0.0928	0.0941	0.0935	0.0926	0.0936	0.0918	0.0917	0.0948	0.0957	0.0929	0.0915	0.0917	0.0923	0.0918	0.0924	0.0912	0.0912	0.0940	0.0911	0.0904	0.0908	
0.2202	0.2165	0.2124	0.2035	0.1733	0.1452	0.1152	0.1047	0.1923	0.1975	0.1912	0.1924	0.1768	0.1369	0.1151	0.1072	0.1623	0.1654	0.1644	0.1609	0.1497	0.1346	0.1131	0.1071	0.1272	0.1260	0.1251	0.1219	0.1229	0.1133	0.1073	0.0999	0.1018	0.1046	0.1009	0.1008	0.1012	0.0992	0.0980	0.0957	0.0947	0.0942	0.0946	0.0932	0.0946	0.0937	0.0934	0.0931	0.0924	0.0928	0.0929	0.0962	0.0932	0.0925	0.0911	0.0925	0.0919	0.0925	0.0922	0.0913	0.0935	0.0906	0.0906	0.0916	
0.2368	0.2297	0.2234	0.2167	0.1824	0.1541	0.1177	0.1042	0.2054	0.2110	0.2026	0.2039	0.1856	0.1405	0.1161	0.1082	0.1724	0.1754	0.1733	0.1692	0.1559	0.1385	0.1164	0.1080	0.1322	0.1294	0.1302	0.1245	0.1265	0.1142	0.1085	0.1008	0.1018	0.1044	0.1007	0.1003	0.1029	0.0992	0.0987	0.0956	0.0942	0.0950	0.0943	0.0932	0.0942	0.0925	0.0934	0.0936	0.0921	0.0917	0.1009	0.0963	0.0921	0.0916	0.0918	0.0924	0.0915	0.0915	0.0909	0.0908	0.0927	0.0901	0.0895	0.0905	
0.2566	0.2498	0.2455	0.2366	0.1956	0.1623	0.1201	0.1074	0.2243	0.2286	0.2232	0.2211	0.1969	0.1463	0.1206	0.1096	0.1857	0.1878	0.1868	0.1831	0.1677	0.1462	0.1195	0.1110	0.1383	0.1346	0.1368	0.1310	0.1324	0.1190	0.1116	0.1023	0.1048	0.1087	0.1027	0.1020	0.1040	0.1018	0.1002	0.0969	0.0967	0.0963	0.0955	0.0948	0.0955	0.0940	0.0941	0.0943	0.0924	0.0930	0.1014	0.0963	0.0938	0.0930	0.0920	0.0930	0.0926	0.0926	0.0924	0.0917	0.0941	0.0916	0.0909	0.0920	
0.2766	0.2714	0.2714	0.2550	0.2090	0.1713	0.1229	0.1096	0.2416	0.2466	0.2410	0.2384	0.2106	0.1529	0.1229	0.1117	0.1973	0.2000	0.1988	0.1957	0.1748	0.1507	0.1232	0.1129	0.1447	0.1425	0.1432	0.1359	0.1377	0.1214	0.1132	0.1032	0.1058	0.1100	0.1042	0.1045	0.1065	0.1025	0.1014	0.0980	0.0963	0.0968	0.0961	0.0949	0.0968	0.0941	0.0950	0.0948	0.0931	0.0941	0.1008	0.0964	0.0938	0.0926	0.0929	0.0931	0.0923	0.0922	0.0927	0.0917	0.0941	0.0920	0.0919	0.0927	
0.3025	0.2925	0.2955	0.2752	0.2276	0.1811	0.1268	0.1092	0.2604	0.2687	0.2582	0.2593	0.2291	0.1610	0.1254	0.1118	0.2122	0.2156	0.2126	0.2112	0.1883	0.1576	0.1248	0.1146	0.1519	0.1494	0.1501	0.1436	0.1438	0.1252	0.1142	0.1027	0.1065	0.1125	0.1058	0.1048	0.1076	0.1016	0.1019	0.0983	0.0965	0.0963	0.0965	0.0956	0.0959	0.0943	0.0945	0.0950	0.0929	0.0939	0.0931	0.0969	0.0938	0.0932	0.0920	0.0933	0.0925	0.0927	0.0927	0.0915	0.0947	0.0909	0.0920	0.0917	
0.3224	0.3182	0.3176	0.2978	0.2440	0.1892	0.1291	0.1093	0.2819	0.2900	0.2803	0.2789	0.2457	0.1694	0.1285	0.1134	0.2282	0.2303	0.2312	0.2274	0.1982	0.1684	0.1283	0.1145	0.1600	0.1559	0.1569	0.1502	0.1498	0.1283	0.1175	0.1037	0.1087	0.1145	0.1064	0.1058	0.1090	0.1030	0.1015	0.0980	0.0954	0.0964	0.0966	0.0958	0.0960	0.0939	0.0949	0.0958	0.0929	0.0936	0.1018	0.0967	0.0938	0.0925	0.0921	0.0925	0.0925	0.0921	0.0919	0.0918	0.0942	0.0908	0.0904	0.0916	
0.3502	0.3441	0.3454	0.3249	0.2640	0.2042	0.1333	0.1111	0.3086	0.3162	0.3071	0.3004	0.2663	0.1810	0.1314	0.1152	0.2478	0.2492	0.2478	0.2437	0.2141	0.1772	0.1311	0.1173	0.1704	0.1636	0.1663	0.1599	0.1592	0.1329	0.1200	0.1050	0.1115	0.1206	0.1093	0.1104	0.1112	0.1052	0.1036	0.1002	0.0976	0.1008	0.0978	0.0962	0.0966	0.0963	0.0955	0.0954	0.0934	0.0944	0.1012	0.0977	0.0955	0.0930	0.0921	0.0937	0.0928	0.0931	0.0927	0.0920	0.0947	0.0909	0.0917	0.0923	
0.3702	0.3774	0.3728	0.3538	0.2859	0.2192	0.1381	0.1123	0.3315	0.3416	0.3317	0.3281	0.2881	0.1892	0.1357	0.1183	0.2668	0.2704	0.2703	0.2654	0.2303	0.1867	0.1349	0.1187	0.1812	0.1737	0.1794	0.1667	0.1668	0.1390	0.1220	0.1056	0.1133	0.1203	0.1118	0.1101	0.1129	0.1066	0.1039	0.0991	0.0972	0.0981	0.0971	0.0961	0.0973	0.0961	0.0960	0.0956	0.0929	0.0940	0.0964	0.0967	0.0938	0.0927	0.0925	0.0942	0.0922	0.0938	0.0930	0.0925	0.0938	0.0906	0.0909	0.0919	
0.4020	0.4071	0.4054	0.3810	0.3056	0.2350	0.1442	0.1162	0.3622	0.3710	0.3565	0.3557	0.3115	0.2019	0.1398	0.1187	0.2862	0.2907	0.2901	0.2886	0.2481	0.2015	0.1398	0.1223	0.1898	0.1842	0.1881	0.1796	0.1783	0.1439	0.1260	0.1079	0.1150	0.1242	0.1128	0.1125	0.1173	0.1087	0.1065	0.1007	0.0968	0.0989	0.0976	0.0968	0.0994	0.0970	0.0964	0.0959	0.0938	0.0939	0.1029	0.0969	0.0966	0.0945	0.0937	0.0941	0.0920	0.0933	0.0929	0.0912	0.0959	0.0929	0.0923	0.0929	
0.4305	0.4397	0.4312	0.4091	0.3309	0.2520	0.1470	0.1156	0.3901	0.3965	0.3830	0.3841	0.3380	0.2133	0.1434	0.1235	0.3126	0.3184	0.3150	0.3085	0.2665	0.2130	0.1444	0.1246	0.2019	0.1988	0.2037	0.1906	0.1859	0.1502	0.1271	0.1073	0.1182	0.1269	0.1144	0.1147	0.1183	0.1087	0.1056	0.0993	0.0987	0.0983	0.0979	0.0968	0.0981	0.0954	0.0950	0.0950	0.0938	0.0939	0.0966	0.0970	0.0936	0.0935	0.0925	0.0935	0.0923	0.0933	0.0922	0.0918	0.0946	0.0907	0.0909	0.0911	
0.4617	0.4747	0.4716	0.4459	0.3607	0.2705	0.1534	0.1177	0.4199	0.4321	0.4186	0.4157	0.3652	0.2307	0.1498	0.1237	0.3386	0.3468	0.3417	0.3358	0.2885	0.2265	0.1510	0.1277	0.2211	0.2131	0.2181	0.2029	0.1993	0.1563	0.1313	0.1087	0.1207	0.1320	0.1186	0.1177	0.1212	0.1117	0.1080	0.1014	0.0993	0.0996	0.0989	0.0971	0.0984	0.0968	0.0965	0.0962	0.0940	0.0957	0.0978	0.0979	0.0945	0.0941	0.0925	0.0935	0.0930	0.0938	0.0930	0.0923	0.0945	0.0925	0.0922	0.0923	
0.5001	0.5070	0.5034	0.4773	0.3876	0.2912	0.1598	0.1206	0.4511	0.4617	0.4504	0.4457	0.3940	0.2463	0.1535	0.1274	0.3687	0.3747	0.3688	0.3629	0.3068	0.2442	0.1568	0.1297	0.2381	0.2277	0.2336	0.2189	0.2138	0.1641	0.1366	0.1109	0.1243	0.1371	0.1211	0.1199	0.1225	0.1128	0.1088	0.1026	0.0991	0.1002	0.0990	0.0989	0.0985	0.0972	0.0970	0.0958	0.0939	0.0956	0.0942	0.0981	0.0948	0.0941	0.0937	0.0940	0.0927	0.0937	0.0930	0.0926	0.0948	0.0922	0.0920	0.0928	
0.5263	0.5410	0.5349	0.5114	0.4260	0.3133	0.1644	0.1205	0.4803	0.4982	0.4788	0.4765	0.4240	0.2625	0.1599	0.1285	0.3933	0.4045	0.3979	0.3921	0.3375	0.2613	0.1636	0.1319	0.2519	0.2421	0.2524	0.2335	0.2297	0.1723	0.1411	0.1123	0.1283	0.1429	0.1257	0.1245	0.1291	0.1150	0.1107	0.1021	0.0996	0.1007	0.0999	0.0983	0.0989	0.0973	0.0965	0.0967	0.0949	0.0960	0.0950	0.0980	0.0948	0.0945	0.0936	0.0947	0.0936	0.0939	0.0931	0.0926	0.0946	0.0917	0.0918	0.0932	
0.5552	0.5730	0.5678	0.5456	0.4642	0.3370	0.1752	0.1241	0.5136	0.5272	0.5073	0.5137	0.4566	0.2822	0.1657	0.1308	0.4250	0.4409	0.4290	0.4215	0.3612	0.2825	0.1701	0.1348	0.2722	0.2628	0.2733	0.2538	0.2437	0.1818	0.1457	0.1119	0.1325	0.1499	0.1304	0.1265	0.1326	0.1168	0.1118	0.1040	0.1007	0.1027	0.0999	0.0986	0.0996	0.0975	0.0980	0.0960	0.0955	0.0959	0.0941	0.0981	0.0947	0.0942	0.0934	0.0938	0.0929	0.0942	0.0930	0.0924	0.0950	0.0920	0.0915	0.0935	
0.5853	0.6059	0.5940	0.5723	0.5017	0.3642	0.1836	0.1242	0.5438	0.5620	0.5479	0.5459	0.4903	0.3034	0.1707	0.1344	0.4548	0.4734	0.4599	0.4593	0.3942	0.3017	0.1772	0.1387	0.2979	0.2843	0.2981	0.2748	0.2642	0.1932	0.1511	0.1158	0.1379	0.1567	0.1339	0.1307	0.1370	0.1199	0.1139	0.1038	0.1010	0.1037	0.1007	0.0993	0.1018	0.0977	0.0981	0.0961	0.0944	0.0955	0.0942	0.0974	0.0960	0.0937	0.0934	0.0930	0.0945	0.0938	0.0932	0.0928	0.0953	0.0923	0.0918	0.0924	
0.6080	0.6316	0.6233	0.6026	0.5303	0.3938	0.1912	0.1278	0.5746	0.5964	0.5781	0.5743	0.5190	0.3283	0.1815	0.1379	0.4885	0.5088	0.4958	0.4892	0.4222	0.3260	0.1879	0.1432	0.3209	0.3070	0.3204	0.2967	0.2837	0.2045	0.1556	0.1163	0.1437	0.1673	0.1386	0.1376	0.1409	0.1241	0.1166	0.1053	0.1004	0.1032	0.1025	0.1000	0.1010	0.0973	0.0977	0.0972	0.0947	0.0959	0.0948	0.0984	0.0958	0.0932	0.0935	0.0945	0.0934	0.0942	0.0935	0.0926	0.0958	0.0923	0.0916	0.0919	
0.6329	0.6567	0.6505	0.6314	0.5517	0.4220	0.2038	0.1307	0.6034	0.6248	0.6022	0.6016	0.5487	0.3525	0.1890	0.1426	0.5211	0.5438	0.5292	0.5212	0.4553	0.3516	0.1974	0.1478	0.3486	0.3348	0.3474	0.3205	0.3025	0.2159	0.1635	0.1188	0.1496	0.1757	0.1451	0.1425	0.1454	0.1280	0.1189	0.1064	0.1020	0.1048	0.1036	0.1010	0.1019	0.0995	0.0996	0.0981	0.0959	0.0967	0.0949	0.0990	0.0954	0.0960	0.0947	0.0947	0.0939	0.0938	0.0943	0.0939	0.0964	0.0924	0.0924	0.0934	
0.6568	0.6804	0.6754	0.6448	0.5890	0.4510	0.2103	0.1323	0.6246	0.6445	0.6325	0.6227	0.5805	0.3758	0.1981	0.1431	0.5459	0.5739	0.5585	0.5559	0.4874	0.3778	0.2073	0.1497	0.3761	0.3562	0.3767	0.3456	0.3308	0.2328	0.1685	0.1208	0.1562	0.1848	0.1518	0.1486	0.1535	0.1292	0.1194	0.1065	0.1022	0.1060	0.1039	0.1010	0.1019	0.0993	0.0985	0.0977	0.0950	0.0973	0.0949	0.0983	0.0956	0.0950	0.0934	0.0939	0.0930	0.0934	0.0933	0.0921	0.0955	0.0916	0.0911	0.0926	
0.6816	0.7074	0.6859	0.6729	0.6309	0.4790	0.2271	0.1337	0.6560	0.6731	0.6534	0.6373	0.6095	0.4043	0.2087	0.1489	0.5781	0.6120	0.5855	0.5865	0.5216	0.4015	0.2209	0.1571	0.4072	0.3858	0.3987	0.3766	0.3546	0.2482	0.1770	0.1227	0.1646	0.2000	0.1586	0.1568	0.1595	0.1338	0.1244	0.1076	0.1041	0.1081	0.1049	0.1025	0.1037	0.0996	0.0998	0.0975	0.0964	0.0978	0.0958	0.0990	0.0961	0.0953	0.0939	0.0943	0.0938	0.0939	0.0940	0.0925	0.0946	0.0921	0.0924	0.0930	
0.7055	0.7333	0.7320	0.6955	0.6510	0.5160	0.2336	0.1381	0.6749	0.6991	0.6777	0.6630	0.6342	0.4315	0.2213	0.1528	0.6002	0.6377	0.6165	0.6119	0.5477	0.4279	0.2339	0.1607	0.4336	0.4178	0.4331	0.4055	0.3816	0.2667	0.1864	0.1250	0.1745	0.2120	0.1695	0.1639	0.1673	0.1361	0.1251	0.1088	0.1037	0.1097	0.1068	0.1030	0.1035	0.1013	0.1006	0.0981	0.0961	0.0980	0.0952	0.0988	0.0962	0.0953	0.0938	0.0946	0.0934	0.0938	0.0939	0.0930	0.0955	0.0925	0.0922	0.0932	
0.7289	0.7585	0.7535	0.7253	0.6722	0.5482	0.2544	0.1424	0.6969	0.7217	0.7039	0.6977	0.6579	0.4677	0.2349	0.1570	0.6254	0.6615	0.6449	0.6397	0.5814	0.4586	0.2492	0.1667	0.4642	0.4519	0.4691	0.4381	0.4164	0.2874	0.1958	0.1278	0.1859	0.2288	0.1792	0.1746	0.1778	0.1430	0.1286	0.1110	0.1047	0.1115	0.1080	0.1040	0.1047	0.1021	0.1012	0.0988	0.0970	0.0994	0.0967	0.0993	0.0962	0.0957	0.0936	0.0947	0.0938	0.0941	0.0941	0.0936	0.0960	0.0930	0.0924	0.0936	
0.7485	0.7730	0.7719	0.7466	0.6973	0.5743	0.2675	0.1466	0.7166	0.7450	0.7214	0.7180	0.6847	0.4959	0.2492	0.1627	0.6454	0.6882	0.6607	0.6664	0.6094	0.4901	0.2649	0.1736	0.4997	0.4837	0.5006	0.4725	0.4432	0.3081	0.2076	0.1310	0.1983	0.2459	0.1905	0.1868	0.1873	0.1472	0.1328	0.1109	0.1055	0.1125	0.1096	0.1049	0.1052	0.1011	0.1014	0.0989	0.0970	0.0984	0.0963	0.0987	0.0966	0.0957	0.0938	0.0950	0.0934	0.0948	0.0939	0.0929	0.0952	0.0920	0.0918	0.0934	
0.7629	0.7910	0.7940	0.7650	0.7038	0.6047	0.2879	0.1498	0.7449	0.7666	0.7484	0.7395	0.7022	0.5221	0.2641	0.1666	0.6730	0.7185	0.6921	0.6883	0.6391	0.5186	0.2825	0.1781	0.5273	0.5147	0.5350	0.5030	0.4759	0.3306	0.2200	0.1329	0.2121	0.2679	0.2041	0.1986	0.1985	0.1544	0.1357	0.1132	0.1066	0.1166	0.1113	0.1067	0.1080	0.1029	0.1038	0.0995	0.0988	0.1004	0.0966	0.1003	0.0978	0.0956	0.0948	0.0957	0.0946	0.0955	0.0951	0.0942	0.0961	0.0931	0.0923	0.0941	
0.7671	0.7956	0.8016	0.7829	0.7392	0.6347	0.3095	0.1547	0.7534	0.7815	0.7618	0.7599	0.7111	0.5407	0.2819	0.1716	0.6934	0.7366	0.7101	0.6992	0.6583	0.5422	0.2988	0.1875	0.5556	0.5479	0.5601	0.5290	0.5054	0.3580	0.2298	0.1342	0.2280	0.2881	0.2160	0.2117	0.2132	0.1615	0.1411	0.1153	0.1083	0.1187	0.1138	0.1071	0.1079	0.1032	0.1031	0.0989	0.0985	0.1012	0.0973	0.0994	0.0971	0.0967	0.0937	0.0951	0.0939	0.0940	0.0946	0.0937	0.0957	0.0925	0.0930	0.0943	
0.7740	0.7961	0.8053	0.7862	0.7527	0.6603	0.3312	0.1594	0.7701	0.7902	0.7780	0.7718	0.7321	0.5815	0.2955	0.1809	0.7164	0.7624	0.7367	0.7182	0.6840	0.5704	0.3177	0.1931	0.5856	0.5805	0.5924	0.5595	0.5368	0.3841	0.2396	0.1385	0.2448	0.3097	0.2344	0.2241	0.2244	0.1668	0.1426	0.1165	0.1098	0.1222	0.1161	0.1088	0.1086	0.1038	0.1037	0.0999	0.1000	0.1024	0.0973	0.1009	0.0976	0.0973	0.0946	0.0959	0.0950	0.0949	0.0944	0.0938	0.0965	0.0929	0.0932	0.0937	
0.7797	0.8057	0.8138	0.8001	0.7715	0.6845	0.3543	0.1638	0.7721	0.8015	0.7795	0.7866	0.7524	0.6141	0.3194	0.1841	0.7398	0.7816	0.7589	0.7491	0.7064	0.5934	0.3365	0.2030	0.6110	0.6055	0.6227	0.5880	0.5654	0.4134	0.2601	0.1407	0.2639	0.3327	0.2537	0.2402	0.2420	0.1745	0.1484	0.1185	0.1110	0.1264	0.1174	0.1103	0.1100	0.1050	0.1050	0.1018	0.1009	0.1025	0.0981	0.1005	0.0972	0.0975	0.0945	0.0956	0.0943	0.0949	0.0949	0.0937	0.0966	0.0932	0.0925	0.0943	
0.7756	0.8049	0.8098	0.7957	0.7752	0.7065	0.3735	0.1664	0.7702	0.8023	0.7815	0.7803	0.7635	0.6361	0.3378	0.1924	0.7518	0.7935	0.7699	0.7641	0.7125	0.6216	0.3592	0.2110	0.6285	0.6296	0.6434	0.6121	0.5920	0.4416	0.2745	0.1468	0.2839	0.3612	0.2709	0.2601	0.2560	0.1838	0.1521	0.1209	0.1130	0.1293	0.1209	0.1115	0.1119	0.1058	0.1068	0.1025	0.1025	0.1041	0.0979	0.1008	0.0982	0.0982	0.0950	0.0970	0.0945	0.0957	0.0954	0.0942	0.0967	0.0936	0.0933	0.0942	
0.7836	0.8086	0.8119	0.8011	0.7858	0.7300	0.3974	0.1747	0.7780	0.8046	0.7856	0.7924	0.7656	0.6663	0.3599	0.2009	0.7634	0.7991	0.7822	0.7784	0.7335	0.6630	0.3838	0.2237	0.6561	0.6494	0.6680	0.6409	0.6190	0.4729	0.2935	0.1510	0.3070	0.3923	0.2983	0.2776	0.2766	0.1930	0.1595	0.1226	0.1145	0.1324	0.1247	0.1118	0.1149	0.1076	0.1066	0.1025	0.1040	0.1056	0.0988	0.1006	0.0993	0.0969	0.0949	0.0962	0.0948	0.0961	0.0948	0.0947	0.0962	0.0935	0.0932	0.0946	
0.7788	0.8076	0.8154	0.7998	0.7886	0.7533	0.4243	0.1806	0.7767	0.8067	0.7868	0.7900	0.7737	0.6974	0.3806	0.2097	0.7661	0.8030	0.7826	0.7817	0.7476	0.6924	0.4121	0.2324	0.6763	0.6741	0.6862	0.6612	0.6472	0.5024	0.3124	0.1555	0.3272	0.4188	0.3145	0.3004	0.2954	0.2023	0.1640	0.1233	0.1158	0.1375	0.1271	0.1140	0.1157	0.1097	0.1072	0.1017	0.1059	0.1069	0.0979	0.1015	0.0986	0.0977	0.0949	0.0959	0.0946	0.0961	0.0958	0.0941	0.0963	0.0929	0.0931	0.0953	
0.7900	0.8144	0.8225	0.8117	0.7905	0.7724	0.4523	0.1912	0.7873	0.8139	0.7920	0.7965	0.7804	0.7134	0.4109	0.2213	0.7739	0.8121	0.7919	0.7870	0.7627	0.7189	0.4406	0.2485	0.7058	0.7005	0.7162	0.6872	0.6721	0.5320	0.3398	0.1596	0.3607	0.4588	0.3438	0.3260	0.3175	0.2161	0.1739	0.1264	0.1192	0.1445	0.1319	0.1160	0.1172	0.1102	0.1094	0.1023	0.1081	0.1088	0.0995	0.1008	0.0989	0.0978	0.0954	0.0967	0.0951	0.0966	0.0945	0.0947	0.0959	0.0928	0.0937	0.0946	
0.7874	0.8126	0.8150	0.8039	0.7969	0.7858	0.4832	0.1945	0.7826	0.8133	0.7914	0.7970	0.7721	0.7321	0.4249	0.2311	0.7712	0.8091	0.7926	0.7860	0.7566	0.7389	0.4589	0.2558	0.7194	0.7189	0.7331	0.7068	0.6931	0.5544	0.3546	0.1642	0.3877	0.4853	0.3702	0.3506	0.3415	0.2250	0.1801	0.1297	0.1216	0.1513	0.1366	0.1185	0.1222	0.1115	0.1094	0.1026	0.1103	0.1099	0.0997	0.1012	0.0998	0.0984	0.0946	0.0965	0.0949	0.0967	0.0958	0.0948	0.0963	0.0938	0.0932	0.0949	
0.7902	0.8160	0.8255	0.8122	0.7833	0.7935	0.5083	0.2051	0.7859	0.8112	0.7964	0.7983	0.7765	0.7422	0.4593	0.2425	0.7771	0.8093	0.7966	0.7948	0.7649	0.7560	0.4907	0.2719	0.7436	0.7445	0.7520	0.7338	0.7017	0.5808	0.3828	0.1699	0.4165	0.5211	0.4018	0.3784	0.3638	0.2418	0.1880	0.1331	0.1248	0.1577	0.1423	0.1200	0.1230	0.1131	0.1110	0.1042	0.1153	0.1118	0.1007	0.1017	0.0995	0.0987	0.0960	0.0971	0.0957	0.0961	0.0961	0.0947	0.0970	0.0934	0.0935	0.0952	
0.7937	0.8198	0.8246	0.8201	0.7959	0.7982	0.5390	0.2122	0.7857	0.8190	0.8032	0.8040	0.7884	0.7643	0.4923	0.2535	0.7825	0.8135	0.7957	0.7983	0.7740	0.7678	0.5241	0.2885	0.7563	0.7631	0.7710	0.7565	0.7264	0.6144	0.4166	0.1784	0.4485	0.5507	0.4312	0.4076	0.3943	0.2565	0.1995	0.1361	0.1288	0.1649	0.1482	0.1226	0.1277	0.1155	0.1116	0.1044	0.1208	0.1151	0.1014	0.1027	0.0997	0.0994	0.0960	0.0966	0.0959	0.0976	0.0967	0.0956	0.0969	0.0939	0.0932	0.0948	
0.7928	0.8223	0.8289	0.8138	0.7902	0.8000	0.5635	0.2204	0.7913	0.8174	0.8023	0.8042	0.7830	0.7826	0.5130	0.2647	0.7796	0.8171	0.8030	0.7971	0.7665	0.7834	0.5456	0.3025	0.7640	0.7752	0.7760	0.7603	0.7394	0.6379	0.4308	0.1830	0.4781	0.5818	0.4628	0.4394	0.4260	0.2766	0.2036	0.1382	0.1325	0.1760	0.1536	0.1266	0.1325	0.1159	0.1134	0.1046	0.1257	0.1154	0.1019	0.1020	0.1012	0.0992	0.0965	0.0968	0.0960	0.0975	0.0981	0.0950	0.0978	0.0940	0.0928	0.0943	
0.7936	0.8222	0.8216	0.8169	0.7980	0.8010	0.5912	0.2337	0.7941	0.8183	0.8042	0.8110	0.7815	0.7880	0.5373	0.2803	0.7810	0.8196	0.8052	0.8015	0.7698	0.7875	0.5743	0.3212	0.7662	0.7844	0.7853	0.7715	0.7457	0.6646	0.4576	0.1901	0.5069	0.6087	0.4933	0.4708	0.4497	0.2917	0.2156	0.1421	0.1363	0.1838	0.1624	0.1309	0.1373	0.1190	0.1160	0.1070	0.1323	0.1190	0.1031	0.1037	0.1021	0.1002	0.0966	0.0978	0.0958	0.0985	0.0975	0.0959	0.0982	0.0954	0.0937	0.0956	
0.7984	0.8257	0.8275	0.8242	0.8033	0.8037	0.6308	0.2443	0.7948	0.8252	0.8064	0.8194	0.7922	0.7914	0.5639	0.2968	0.7860	0.8181	0.8056	0.8087	0.7798	0.7928	0.5997	0.3429	0.7748	0.7918	0.7893	0.7825	0.7593	0.6943	0.4841	0.1967	0.5343	0.6357	0.5216	0.5026	0.4750	0.3109	0.2324	0.1459	0.1414	0.1972	0.1692	0.1335	0.1378	0.1215	0.1161	0.1060	0.1404	0.1218	0.1032	0.1034	0.1019	0.1010	0.0974	0.0974	0.0958	0.0984	0.0972	0.0958	0.0978	0.0938	0.0940	0.0956	
0.8039	0.8303	0.8355	0.8254	0.8028	0.8042	0.6492	0.2568	0.7990	0.8279	0.8073	0.8272	0.7853	0.7858	0.5856	0.3130	0.7885	0.8187	0.8050	0.8082	0.7748	0.7897	0.6167	0.3606	0.7783	0.7948	0.7968	0.7868	0.7586	0.7139	0.5153	0.2079	0.5622	0.6600	0.5570	0.5345	0.5108	0.3360	0.2429	0.1498	0.1478	0.2089	0.1788	0.1380	0.1438	0.1228	0.1193	0.1089	0.1531	0.1248	0.1055	0.1032	0.1024	0.1010	0.0961	0.0984	0.0969	0.0980	0.0966	0.0957	0.0980	0.0940	0.0930	0.0967	
0.8060	0.8306	0.8398	0.8267	0.8033	0.8087	0.6718	0.2729	0.7949	0.8270	0.8089	0.8248	0.7918	0.7911	0.6256	0.3315	0.7903	0.8219	0.8087	0.8087	0.7816	0.7884	0.6440	0.3826	0.7787	0.7953	0.7976	0.7880	0.7666	0.7349	0.5502	0.2116	0.5880	0.6860	0.5856	0.5625	0.5370	0.3600	0.2586	0.1541	0.1517	0.2212	0.1883	0.1425	0.1493	0.1256	0.1205	0.1080	0.1638	0.1284	0.1063	0.1037	0.1025	0.1014	0.0960	0.0978	0.0963	0.0998	0.0972	0.0955	0.0975	0.0947	0.0933	0.0970	
0.8051	0.8344	0.8395	0.8259	0.8041	0.8080	0.7044	0.2815	0.7999	0.8318	0.8092	0.8320	0.7886	0.7946	0.6414	0.3517	0.7904	0.8227	0.8104	0.8099	0.7775	0.7913	0.6730	0.4031	0.7764	0.7969	0.7961	0.7900	0.7648	0.7561	0.5784	0.2235	0.6115	0.7026	0.6071	0.5957	0.5673	0.3869	0.2700	0.1580	0.1600	0.2357	0.1989	0.1480	0.1537	0.1277	0.1233	0.1102	0.1809	0.1330	0.1068	0.1043	0.1034	0.1023	0.0970	0.0978	0.0973	0.1009	0.0980	0.0958	0.0982	0.0958	0.0942	0.0967	
0.8060	0.8380	0.8416	0.8291	0.8069	0.8128	0.7070	0.2949	0.8046	0.8318	0.8144	0.8286	0.7953	0.7941	0.6743	0.3715	0.7926	0.8246	0.8111	0.8122	0.7802	0.7923	0.7055	0.4246	0.7798	0.8005	0.7991	0.7958	0.7664	0.7679	0.6104	0.2347	0.6299	0.7211	0.6349	0.6193	0.5948	0.4156	0.2939	0.1631	0.1687	0.2577	0.2121	0.1553	0.1604	0.1311	0.1259	0.1102	0.1995	0.1390	0.1073	0.1048	0.1044	0.1038	0.0973	0.0984	0.0967	0.1003	0.0983	0.0968	0.0989	0.0954	0.0936	0.0971	
0.8078	0.8407	0.8442	0.8392	0.8052	0.8126	0.7278	0.3222	0.8079	0.8363	0.8156	0.8335	0.7936	0.7964	0.7009	0.3930	0.7940	0.8300	0.8137	0.8184	0.7809	0.7933	0.7252	0.4469	0.7831	0.8018	0.8029	0.7978	0.7656	0.7806	0.6398	0.2484	0.6537	0.7426	0.6512	0.6498	0.6224	0.4390	0.3133	0.1701	0.1762	0.2735	0.2261	0.1620	0.1673	0.1379	0.1271	0.1128	0.2265	0.1449	0.1108	0.1056	0.1058	0.1035	0.0976	0.0990	0.0979	0.1024	0.0985	0.0964	0.0985	0.0948	0.0947	0.0980	
0.8131	0.8468	0.8502	0.8365	0.8229	0.8150	0.7449	0.3361	0.8096	0.8399	0.8218	0.8293	0.7981	0.8004	0.7160	0.4118	0.7985	0.8337	0.8180	0.8176	0.7892	0.7972	0.7447	0.4763	0.7848	0.8049	0.8033	0.8019	0.7743	0.7830	0.6686	0.2588	0.6742	0.7636	0.6822	0.6743	0.6517	0.4671	0.3346	0.1757	0.1839	0.2945	0.2430	0.1682	0.1756	0.1420	0.1317	0.1138	0.2547	0.1501	0.1137	0.1057	0.1054	0.1040	0.0982	0.1001	0.0977	0.1022	0.0982	0.0970	0.0980	0.0947	0.0944	0.0995	
0.8131	0.8471	0.8479	0.8395	0.8224	0.8190	0.7640	0.3536	0.8108	0.8428	0.8212	0.8369	0.7996	0.7993	0.7300	0.4293	0.7999	0.8370	0.8175	0.8211	0.7859	0.7940	0.7509	0.4992	0.7827	0.8049	0.8085	0.8024	0.7765	0.7795	0.6953	0.2714	0.6950	0.7764	0.7051	0.6929	0.6745	0.4976	0.3690	0.1818	0.1958	0.3187	0.2537	0.1791	0.1860	0.1445	0.1369	0.1147	0.2868	0.1579	0.1148	0.1080	0.1078	0.1047	0.0990	0.0995	0.0983	0.1022	0.0990	0.0981	0.0995	0.0961	0.0944	0.0994	
0.8193	0.8507	0.8564	0.8407	0.8137	0.8198	0.7779	0.3654	0.8141	0.8411	0.8227	0.8333	0.7998	0.8004	0.7335	0.4500	0.8014	0.8392	0.8183	0.8234	0.7830	0.7923	0.7574	0.5256	0.7871	0.8073	0.8068	0.8051	0.7741	0.7715	0.7100	0.2843	0.7189	0.7859	0.7301	0.7067	0.6979	0.5255	0.3824	0.1861	0.2072	0.3424	0.2721	0.1857	0.1941	0.1477	0.1349	0.1155	0.3203	0.1622	0.1150	0.1070	0.1065	0.1050	0.0979	0.0994	0.0982	0.1031	0.0988	0.0969	0.0982	0.0952	0.0940	0.0994	
0.8207	0.8578	0.8435	0.8483	0.8288	0.8192	0.7787	0.3851	0.8167	0.8459	0.8214	0.8363	0.8053	0.8052	0.7436	0.4758	0.8043	0.8391	0.8227	0.8283	0.7948	0.7944	0.7611	0.5558	0.7876	0.8086	0.8097	0.8074	0.7779	0.7773	0.7269	0.3049	0.7343	0.7916	0.7507	0.7329	0.7151	0.5466	0.4109	0.1969	0.2183	0.3675	0.2909	0.1978	0.2038	0.1546	0.1399	0.1185	0.3591	0.1709	0.1185	0.1080	0.1092	0.1060	0.0999	0.1003	0.0981	0.1040	0.0985	0.0981	0.0985	0.0961	0.0954	0.1000	
0.8233	0.8618	0.8591	0.8504	0.8373	0.8217	0.7767	0.4048	0.8195	0.8505	0.8301	0.8436	0.8095	0.8055	0.7563	0.5036	0.8075	0.8469	0.8286	0.8251	0.7993	0.7981	0.7628	0.5851	0.7914	0.8089	0.8120	0.8064	0.7820	0.7807	0.7357	0.3153	0.7483	0.7931	0.7647	0.7502	0.7222	0.5801	0.4341	0.2034	0.2330	0.3934	0.3164	0.2077	0.2164	0.1604	0.1457	0.1193	0.4040	0.1832	0.1217	0.1082	0.1094	0.1060	0.1002	0.1018	0.0987	0.1058	0.0988	0.0972	0.1008	0.0952	0.0951	0.0995	
0.8272	0.8662	0.8650	0.8535	0.8358	0.8272	0.7741	0.4304	0.8257	0.8490	0.8327	0.8500	0.8098	0.8087	0.7753	0.5237	0.8074	0.8487	0.8285	0.8290	0.7930	0.8001	0.7630	0.6165	0.7930	0.8100	0.8142	0.8125	0.7782	0.7787	0.7429	0.3301	0.7568	0.7966	0.7748	0.7627	0.7371	0.6043	0.4648	0.2124	0.2503	0.4260	0.3387	0.2200	0.2320	0.1645	0.1466	0.1208	0.4269	0.1912	0.1368	0.1095	0.1106	0.1066	0.0981	0.1002	0.0987	0.1064	0.0987	0.0975	0.0989	0.0952	0.0943	0.0991	
0.8305	0.8671	0.8628	0.8561	0.8443	0.8328	0.7854	0.4502	0.8249	0.8566	0.8345	0.8464	0.8162	0.8123	0.7714	0.5478	0.8130	0.8465	0.8316	0.8347	0.8035	0.8090	0.7674	0.6331	0.7979	0.8164	0.8158	0.8160	0.7884	0.7863	0.7525	0.3458	0.7590	0.7995	0.7800	0.7729	0.7598	0.6399	0.4959	0.2242	0.2657	0.4542	0.3620	0.2349	0.2404	0.1728	0.1521	0.1226	0.4613	0.2008	0.1269	0.1097	0.1121	0.1082	0.0996	0.1010	0.0992	0.1073	0.0992	0.0985	0.0995	0.0953	0.0950	0.1011	
0.8355	0.8734	0.8733	0.8607	0.8399	0.8352	0.7873	0.4776	0.8327	0.8604	0.8391	0.8472	0.8198	0.8169	0.7801	0.5723	0.8176	0.8557	0.8383	0.8391	0.8090	0.8099	0.7755	0.6637	0.8032	0.8179	0.8209	0.8198	0.7912	0.7894	0.7653	0.3691	0.7634	0.8033	0.7855	0.7788	0.7644	0.6681	0.5261	0.2344	0.2856	0.4908	0.3903	0.2513	0.2565	0.1807	0.1618	0.1257	0.4913	0.2153	0.1408	0.1114	0.1140	0.1114	0.1005	0.1025	0.1002	0.1095	0.1015	0.0980	0.1003	0.0970	0.0959	0.1020	
0.8346	0.8776	0.8741	0.8625	0.8457	0.8363	0.7802	0.4995	0.8340	0.8626	0.8441	0.8515	0.8232	0.8146	0.7854	0.5955	0.8176	0.8569	0.8391	0.8426	0.8059	0.8056	0.7682	0.6858	0.8073	0.8218	0.8248	0.8224	0.7905	0.7808	0.7611	0.3843	0.7655	0.8061	0.7865	0.7786	0.7662	0.6934	0.5531	0.2456	0.3049	0.5189	0.4201	0.2702	0.2764	0.1899	0.1691	0.1267	0.5176	0.2294	0.1337	0.1125	0.1157	0.1110	0.1026	0.1037	0.1010	0.1105	0.1009	0.0985	0.1007	0.0970	0.0958	0.1028	
0.8347	0.8801	0.8707	0.8678	0.8437	0.8367	0.7957	0.5209	0.8325	0.8600	0.8457	0.8577	0.8273	0.8205	0.7770	0.6228	0.8188	0.8628	0.8378	0.8443	0.8077	0.8095	0.7738	0.7072	0.8082	0.8245	0.8237	0.8239	0.7925	0.7848	0.7664	0.4085	0.7670	0.8061	0.7846	0.7778	0.7628	0.7155	0.5827	0.2544	0.3269	0.5500	0.4479	0.2866	0.2933	0.1970	0.1749	0.1308	0.5459	0.2423	0.1376	0.1134	0.1172	0.1125	0.1023	0.1032	0.1013	0.1124	0.1016	0.0990	0.1007	0.0965	0.0969	0.1032	
0.8433	0.8853	0.8819	0.8663	0.8502	0.8396	0.7822	0.5449	0.8401	0.8648	0.8476	0.8639	0.8285	0.8215	0.7893	0.6451	0.8260	0.8659	0.8427	0.8433	0.8119	0.8129	0.7780	0.7263	0.8145	0.8277	0.8302	0.8257	0.7996	0.7852	0.7681	0.4296	0.7707	0.8088	0.7905	0.7806	0.7697	0.7384	0.6061	0.2670	0.3525	0.5805	0.4813	0.3055	0.3100	0.2041	0.1794	0.1314	0.5639	0.2584	0.1536	0.1148	0.1182	0.1142	0.1029	0.1041	0.1011	0.1146	0.1027	0.0991	0.1009	0.0960	0.0968	0.1031	
