0.0946	0.0945	0.0945	0.0955	0.0982	0.0987	0.0986	0.0999	0.0949	0.0958	0.0952	0.0994	0.1014	0.1542	0.0996	0.1598	0.0978	0.0970	0.0953	0.0976	0.1022	0.1124	0.1000	0.1477	0.1036	0.1086	0.0987	0.0991	0.1097	0.1689	0.1035	0.1355	0.1260	0.1120	0.1000	0.1020	0.1066	0.1411	0.1043	0.1750	0.1045	0.1140	0.1027	0.1126	0.1106	0.1574	0.1086	0.1574	0.1049	0.1083	0.1034	0.1137	0.1104	0.1876	0.1060	0.1624	0.1078	0.1079	0.1045	0.1015	0.1132	0.1078	0.1148	0.1068	
0.0920	0.0951	0.0927	0.0927	0.0925	0.0937	0.0926	0.0935	0.0916	0.0944	0.0932	0.0965	0.0939	0.0937	0.0942	0.0932	0.0935	0.0955	0.0934	0.0950	0.0943	0.0950	0.0922	0.0944	0.0977	0.0983	0.0965	0.0965	0.0962	0.0978	0.0960	0.0977	0.1082	0.1012	0.0958	0.0981	0.0983	0.1006	0.0969	0.0973	0.0994	0.1011	0.0985	0.1022	0.0991	0.0994	0.0995	0.0997	0.0979	0.1005	0.1015	0.0991	0.0995	0.0994	0.0994	0.0991	0.1001	0.0986	0.1003	0.0990	0.1011	0.1005	0.1008	0.1005	
0.0908	0.0914	0.0920	0.0915	0.0924	0.0929	0.0925	0.0935	0.0910	0.0928	0.0927	0.0950	0.0946	0.0935	0.0940	0.0935	0.0938	0.0935	0.0929	0.0951	0.0935	0.0936	0.0936	0.0939	0.0962	0.0984	0.0946	0.0946	0.0958	0.0973	0.0965	0.0981	0.1015	0.1065	0.0955	0.0975	0.0989	0.0967	0.0969	0.0958	0.0978	0.0991	0.0988	0.0984	0.0985	0.1026	0.1003	0.0994	0.0974	0.0988	0.1004	0.0992	0.1020	0.0998	0.0991	0.1001	0.1028	0.0986	0.1010	0.0985	0.1002	0.1010	0.1019	0.1002	
0.0904	0.0905	0.0900	0.0907	0.0917	0.0930	0.0916	0.0909	0.0901	0.0921	0.0913	0.0925	0.0914	0.0921	0.0918	0.0929	0.0918	0.0918	0.0921	0.0932	0.0921	0.0929	0.0916	0.0929	0.0949	0.0958	0.0936	0.0962	0.0950	0.0955	0.0951	0.0940	0.0995	0.0954	0.0942	0.0960	0.0971	0.0961	0.0952	0.0951	0.0962	0.0971	0.0966	0.0991	0.0968	0.0991	0.0980	0.0975	0.0963	0.0983	0.0981	0.0991	0.1049	0.1013	0.0970	0.0982	0.0982	0.0995	0.0985	0.0992	0.0986	0.0993	0.0994	0.0988	
0.0904	0.0908	0.0911	0.0906	0.0917	0.0928	0.0918	0.0920	0.0901	0.0926	0.0908	0.0929	0.0924	0.0922	0.0921	0.0920	0.0925	0.0927	0.0924	0.0933	0.0925	0.0933	0.0921	0.0929	0.0990	0.0967	0.0950	0.0945	0.0948	0.0962	0.0962	0.0955	0.0983	0.0964	0.0944	0.0948	0.0965	0.0954	0.0951	0.0944	0.0985	0.0983	0.0973	0.0999	0.0993	0.0989	0.0986	0.0979	0.0960	0.0984	0.0976	0.0985	0.0998	0.0987	0.0986	0.0990	0.0975	0.0989	0.0994	0.0978	0.0999	0.0990	0.0997	0.0987	
0.0918	0.0918	0.0923	0.0913	0.0926	0.0934	0.0923	0.0921	0.0908	0.0933	0.0920	0.0935	0.0932	0.0932	0.0928	0.0927	0.0927	0.0931	0.0927	0.0935	0.0933	0.0940	0.0923	0.0932	0.0957	0.1094	0.0939	0.0949	0.0958	0.0959	0.0948	0.0949	0.0990	0.0958	0.0976	0.0966	0.0969	0.0955	0.0962	0.0946	0.0970	0.0992	0.0974	0.1002	0.0991	0.0995	0.0987	0.0983	0.0970	0.0989	0.0980	0.0990	0.1004	0.0985	0.0977	0.0996	0.0980	0.1007	0.0994	0.0973	0.0990	0.1003	0.1015	0.1022	
0.0916	0.0923	0.0926	0.0918	0.0934	0.0930	0.0934	0.0922	0.0908	0.0930	0.0928	0.0933	0.0935	0.0928	0.0932	0.0931	0.0933	0.0940	0.0929	0.0944	0.0943	0.0934	0.0929	0.0935	0.0957	0.0974	0.0953	0.0951	0.0968	0.0964	0.0955	0.0949	0.1005	0.0953	0.0954	0.0963	0.0981	0.0977	0.0964	0.0955	0.0977	0.1000	0.0983	0.0988	0.0994	0.0986	0.1001	0.0991	0.0968	0.0988	0.0993	0.0987	0.0992	0.1012	0.0995	0.0996	0.0998	0.1077	0.1010	0.1027	0.1005	0.1024	0.0993	0.0996	
0.0916	0.0930	0.0930	0.0916	0.0928	0.0931	0.0930	0.0926	0.0914	0.0934	0.0922	0.0936	0.0931	0.0927	0.0928	0.0932	0.0935	0.0925	0.0931	0.0939	0.0926	0.0935	0.0935	0.0935	0.0951	0.0981	0.0947	0.0953	0.0960	0.0970	0.0967	0.0950	0.1008	0.0957	0.0956	0.0967	0.0970	0.0968	0.0971	0.0964	0.0969	0.0990	0.0973	0.0984	0.0992	0.0995	0.0988	0.0984	0.0979	0.0980	0.0986	0.0981	0.0980	0.0994	0.0995	0.1000	0.1001	0.0992	0.1028	0.0999	0.1014	0.1003	0.1014	0.0983	
0.0923	0.0924	0.0926	0.0922	0.0929	0.0927	0.0930	0.0929	0.0912	0.0938	0.0926	0.0931	0.0931	0.0922	0.0934	0.0923	0.0931	0.0936	0.0934	0.0942	0.0939	0.0947	0.0932	0.0934	0.0973	0.0979	0.0947	0.0958	0.0963	0.0956	0.0959	0.0957	0.1006	0.0956	0.0960	0.0956	0.0960	0.0967	0.0962	0.0964	0.0974	0.0985	0.0968	0.1001	0.0985	0.1000	0.0999	0.0985	0.0969	0.0987	0.0998	0.0991	0.0989	0.0992	0.0988	0.0990	0.0992	0.0995	0.1007	0.0993	0.1005	0.0992	0.1002	0.0998	
0.0918	0.0925	0.0930	0.0927	0.0929	0.0937	0.0927	0.0936	0.0911	0.0929	0.0919	0.0933	0.0931	0.0927	0.0926	0.0930	0.0941	0.0936	0.0932	0.0933	0.0945	0.0935	0.0937	0.0942	0.0977	0.0987	0.0957	0.0937	0.0954	0.0963	0.0964	0.0956	0.1000	0.0982	0.0975	0.0958	0.0967	0.0965	0.0959	0.0956	0.0984	0.0997	0.0975	0.0991	0.1000	0.0998	0.0986	0.0999	0.0974	0.0985	0.0981	0.0998	0.1003	0.0992	0.0986	0.0988	0.0991	0.0992	0.0999	0.0982	0.1009	0.1009	0.1013	0.0986	
0.0915	0.0923	0.0936	0.0928	0.0936	0.0934	0.0939	0.0928	0.0907	0.0925	0.0925	0.0933	0.0931	0.0943	0.0934	0.0930	0.0948	0.0928	0.0926	0.0940	0.0937	0.0934	0.0926	0.0930	0.0971	0.0978	0.0951	0.0944	0.0959	0.0991	0.0963	0.0941	0.1022	0.1007	0.0955	0.0969	0.0971	0.0977	0.0963	0.0961	0.0971	0.0991	0.0976	0.0981	0.0996	0.1011	0.0998	0.0978	0.0969	0.0982	0.0979	0.0987	0.0992	0.0987	0.0981	0.1006	0.0997	0.0989	0.0987	0.0998	0.1018	0.1024	0.1016	0.0999	
0.0912	0.0920	0.0930	0.0917	0.0931	0.0932	0.0930	0.0924	0.0923	0.0933	0.0916	0.0932	0.0927	0.0938	0.0935	0.0923	0.0931	0.0927	0.0935	0.0939	0.0927	0.0927	0.0919	0.0940	0.0957	0.0993	0.0937	0.0940	0.0953	0.0969	0.0960	0.0953	0.0984	0.0944	0.0950	0.0974	0.0958	0.0959	0.0961	0.0963	0.0969	0.1014	0.0981	0.0981	0.0991	0.0993	0.0988	0.0984	0.0964	0.0974	0.0976	0.0986	0.0981	0.0983	0.0978	0.0986	0.0981	0.1060	0.0989	0.0991	0.0993	0.0998	0.1008	0.0988	
0.0917	0.0925	0.0930	0.0925	0.0933	0.0939	0.0932	0.0927	0.0913	0.0927	0.0922	0.0958	0.0935	0.0930	0.0929	0.0927	0.0932	0.0924	0.0934	0.0927	0.0937	0.0935	0.0925	0.0940	0.0950	0.0965	0.0941	0.0967	0.0971	0.0973	0.0959	0.0970	0.1004	0.0980	0.0959	0.0972	0.0957	0.0968	0.0967	0.0966	0.0966	0.0994	0.0977	0.0995	0.0980	0.0987	0.0991	0.1013	0.0966	0.0979	0.0980	0.0983	0.0986	0.0983	0.0984	0.1002	0.0971	0.0981	0.1004	0.0996	0.1006	0.0986	0.1002	0.1001	
0.0921	0.0932	0.0940	0.0927	0.0938	0.0933	0.0940	0.0924	0.0918	0.0929	0.0913	0.0931	0.0935	0.0924	0.0926	0.0934	0.0934	0.0943	0.0930	0.0938	0.0931	0.0942	0.0938	0.0936	0.0964	0.0965	0.0952	0.0951	0.0966	0.0981	0.0970	0.0953	0.1021	0.0954	0.0964	0.0971	0.0958	0.0972	0.0968	0.0956	0.0966	0.0996	0.0972	0.0991	0.0995	0.1016	0.0986	0.0991	0.0968	0.0979	0.0990	0.0986	0.0985	0.0986	0.0980	0.0980	0.0985	0.0986	0.0999	0.0991	0.1002	0.1004	0.1013	0.1001	
0.0940	0.0938	0.0944	0.0936	0.0947	0.0939	0.0943	0.0946	0.0933	0.0941	0.0929	0.0938	0.0940	0.0952	0.0938	0.0945	0.0946	0.0949	0.0940	0.0957	0.0940	0.0946	0.0933	0.0943	0.0979	0.0980	0.0968	0.0946	0.0963	0.0976	0.0965	0.0968	0.0998	0.0961	0.0961	0.0963	0.0979	0.0972	0.0965	0.0977	0.0982	0.1001	0.0995	0.0994	0.1006	0.0996	0.0992	0.0990	0.0988	0.0994	0.0982	0.0992	0.0992	0.0984	0.0996	0.0994	0.1014	0.0978	0.1002	0.0996	0.1020	0.1004	0.1030	0.1006	
0.0936	0.0946	0.0936	0.0937	0.0948	0.0953	0.0945	0.0943	0.0925	0.0941	0.0927	0.0942	0.0944	0.0945	0.0938	0.0941	0.0948	0.0947	0.0939	0.0943	0.0940	0.0979	0.0948	0.0951	0.0966	0.0975	0.0954	0.0950	0.0963	0.0982	0.0964	0.0965	0.1074	0.0961	0.0968	0.0980	0.0976	0.0983	0.0959	0.0969	0.1050	0.0994	0.0992	0.0993	0.1003	0.0992	0.1000	0.1000	0.0970	0.0989	0.0991	0.0992	0.1003	0.0989	0.0982	0.1007	0.0989	0.0991	0.1003	0.0995	0.1008	0.0998	0.1003	0.1005	
0.0936	0.0940	0.0947	0.0942	0.0952	0.0949	0.0946	0.0941	0.0925	0.0941	0.0932	0.0941	0.0944	0.0940	0.0939	0.0933	0.0944	0.0940	0.0940	0.0939	0.0942	0.0945	0.0943	0.0944	0.0964	0.0971	0.0952	0.0951	0.0972	0.0983	0.0962	0.0958	0.1023	0.0968	0.0963	0.0970	0.0976	0.0973	0.0976	0.0973	0.0971	0.0999	0.0989	0.0988	0.0995	0.1009	0.0986	0.0995	0.0978	0.0983	0.0988	0.0987	0.0991	0.0998	0.0985	0.0997	0.0980	0.0994	0.1001	0.0981	0.1004	0.0995	0.1018	0.0995	
0.0940	0.0951	0.0950	0.0942	0.0937	0.0943	0.0932	0.0942	0.0925	0.0940	0.0939	0.0934	0.0934	0.0948	0.0932	0.0938	0.0951	0.0944	0.0952	0.0934	0.0943	0.0928	0.0931	0.0934	0.0969	0.0965	0.0945	0.0953	0.0957	0.0957	0.0977	0.0958	0.1051	0.0957	0.0968	0.0970	0.0961	0.0970	0.0965	0.0960	0.0968	0.0992	0.0974	0.0992	0.0984	0.0981	0.1001	0.0993	0.0957	0.0979	0.0985	0.0990	0.0996	0.0989	0.0992	0.0988	0.0990	0.1008	0.0985	0.0978	0.1035	0.0999	0.1000	0.0984	
0.0906	0.0923	0.0927	0.0911	0.0915	0.0917	0.0918	0.0918	0.0905	0.0922	0.0903	0.0915	0.0909	0.0909	0.0912	0.0915	0.0915	0.0913	0.0908	0.0919	0.0924	0.0908	0.0903	0.0911	0.0947	0.0956	0.0930	0.0930	0.0941	0.0944	0.0942	0.0929	0.0989	0.0926	0.0928	0.0924	0.0931	0.0933	0.0949	0.0939	0.0950	0.0967	0.0955	0.0961	0.0965	0.0958	0.0960	0.0956	0.0943	0.0956	0.0949	0.0959	0.0960	0.0960	0.0960	0.0960	0.0971	0.0968	0.0963	0.0969	0.0993	0.0972	0.0992	0.0970	
0.0941	0.0958	0.0958	0.0945	0.0956	0.0950	0.0934	0.0950	0.0938	0.0952	0.0936	0.0935	0.0944	0.0947	0.0940	0.0930	0.0955	0.0948	0.0946	0.0945	0.0947	0.0943	0.0929	0.0945	0.0975	0.0973	0.0961	0.0942	0.0963	0.0955	0.0962	0.0967	0.1006	0.0960	0.0958	0.0980	0.0969	0.0961	0.0963	0.0961	0.0972	0.0981	0.0991	0.0996	0.0993	0.0985	0.0982	0.1001	0.0983	0.0984	0.0983	0.0995	0.0991	0.0979	0.0988	0.0988	0.0980	0.0987	0.0998	0.0984	0.1005	0.0991	0.1007	0.0995	
0.0959	0.0956	0.0966	0.0955	0.0957	0.0950	0.0936	0.0941	0.0949	0.0946	0.0947	0.0943	0.0936	0.0920	0.0940	0.0939	0.0957	0.0959	0.0957	0.0945	0.0937	0.0922	0.0939	0.0937	0.0975	0.0979	0.0955	0.0964	0.0942	0.0948	0.0965	0.0972	0.1066	0.0995	0.0958	0.0970	0.0966	0.0950	0.0964	0.0978	0.0966	0.1004	0.0983	0.0996	0.0992	0.0977	0.1004	0.0981	0.0969	0.0972	0.0985	0.0988	0.0994	0.0978	0.0977	0.0984	0.0980	0.0978	0.0990	0.0999	0.0999	0.0990	0.0992	0.0985	
0.0954	0.0961	0.0966	0.0957	0.0958	0.0949	0.0937	0.0933	0.0942	0.0938	0.0941	0.0943	0.0942	0.0937	0.0939	0.0931	0.0949	0.0961	0.0955	0.0943	0.0939	0.0939	0.0927	0.0936	0.0975	0.0979	0.0965	0.0949	0.0959	0.0963	0.0966	0.0955	0.1005	0.0961	0.0972	0.0967	0.0971	0.0970	0.0959	0.0946	0.0969	0.0983	0.0966	0.0985	0.0991	0.0991	0.0978	0.0972	0.0965	0.0984	0.0984	0.0996	0.0985	0.0978	0.0978	0.0988	0.0988	0.0978	0.0991	0.0972	0.0993	0.0984	0.1002	0.0991	
0.0965	0.0964	0.0976	0.0955	0.0967	0.0952	0.0949	0.0944	0.0954	0.0956	0.0935	0.0942	0.0949	0.0949	0.0948	0.0938	0.0942	0.0949	0.0957	0.0946	0.0944	0.0934	0.0940	0.0944	0.0971	0.0965	0.0968	0.0946	0.0972	0.0972	0.0961	0.0944	0.1037	0.0968	0.0967	0.0965	0.0976	0.0981	0.0965	0.0956	0.0979	0.0996	0.0975	0.0980	0.0999	0.1001	0.0987	0.0994	0.0982	0.0995	0.0986	0.0989	0.0994	0.0993	0.0989	0.0979	0.0988	0.0987	0.0994	0.0982	0.1006	0.1003	0.1006	0.0987	
0.0973	0.0978	0.0993	0.0968	0.0974	0.0964	0.0956	0.0945	0.0959	0.0952	0.0952	0.0949	0.0949	0.0957	0.0942	0.0942	0.0955	0.0945	0.0957	0.0950	0.0943	0.0935	0.0940	0.0945	0.0973	0.0976	0.0952	0.0956	0.0958	0.0964	0.0969	0.0960	0.1017	0.0966	0.0960	0.0976	0.0970	0.0972	0.0979	0.0968	0.0984	0.0993	0.0992	0.0989	0.0994	0.0989	0.0988	0.0986	0.0972	0.0989	0.0993	0.0993	0.0988	0.1000	0.0991	0.0994	0.0986	0.0995	0.1004	0.0985	0.1014	0.0993	0.1014	0.0986	
0.0981	0.0989	0.0994	0.0975	0.0975	0.0957	0.0953	0.0957	0.0953	0.0957	0.0954	0.0955	0.0954	0.0948	0.0942	0.0951	0.0962	0.0948	0.0955	0.0949	0.0945	0.0934	0.0941	0.1053	0.0977	0.0982	0.0968	0.0945	0.0956	0.0964	0.0970	0.0957	0.1028	0.0963	0.0970	0.0984	0.0968	0.0956	0.0967	0.0958	0.0976	0.1006	0.0972	0.1003	0.0995	0.1008	0.0988	0.0998	0.0977	0.0989	0.0985	0.0983	0.0994	0.0988	0.0987	0.0982	0.0981	0.0998	0.0988	0.0982	0.0997	0.1032	0.1008	0.0982	
0.0987	0.0994	0.0994	0.0986	0.0980	0.0964	0.0941	0.0940	0.0950	0.0958	0.0945	0.0946	0.0955	0.0947	0.0937	0.0938	0.0955	0.0959	0.0954	0.0947	0.0945	0.0936	0.0938	0.0935	0.0974	0.0984	0.0963	0.0954	0.0957	0.0966	0.0963	0.0945	0.1017	0.0958	0.0967	0.0957	0.0976	0.0958	0.0980	0.0969	0.0980	0.0992	0.0965	0.0995	0.0996	0.0995	0.0987	0.0994	0.0980	0.0988	0.0975	0.0982	0.0997	0.0994	0.0980	0.0985	0.0979	0.0981	0.0986	0.0977	0.1010	0.1002	0.1023	0.0993	
0.0995	0.1003	0.1013	0.0994	0.0980	0.0971	0.0943	0.0958	0.0961	0.0965	0.0943	0.0936	0.0952	0.0952	0.0946	0.0952	0.0959	0.0948	0.0954	0.0944	0.0947	0.0943	0.0927	0.0936	0.0975	0.0968	0.0961	0.0946	0.0966	0.0967	0.0969	0.0960	0.1017	0.0958	0.0967	0.0972	0.0964	0.0959	0.0960	0.0964	0.0976	0.1003	0.0994	0.1007	0.0998	0.0985	0.0981	0.0990	0.0963	0.0985	0.0976	0.0985	0.0979	0.0983	0.0978	0.0993	0.0983	0.0988	0.0991	0.0984	0.0998	0.1010	0.1023	0.0986	
0.1010	0.1009	0.1032	0.1011	0.0992	0.0971	0.0959	0.0957	0.0960	0.0971	0.0950	0.0951	0.0958	0.0956	0.0944	0.0945	0.0964	0.0957	0.0956	0.0938	0.0939	0.0927	0.0931	0.0945	0.0981	0.0986	0.0963	0.0955	0.0969	0.0958	0.0953	0.0950	0.1026	0.0962	0.0979	0.0967	0.0967	0.0965	0.0964	0.0948	0.0985	0.0995	0.0975	0.0998	0.0987	0.1002	0.0979	0.0989	0.0965	0.0984	0.0972	0.0981	0.0983	0.0988	0.0985	0.0978	0.0991	0.0994	0.0998	0.0988	0.0991	0.0988	0.1005	0.0991	
0.1028	0.1037	0.1039	0.1029	0.1000	0.0977	0.0951	0.0952	0.0973	0.0974	0.0960	0.0943	0.0960	0.0950	0.0954	0.0940	0.0975	0.0952	0.0968	0.0947	0.0942	0.0940	0.0934	0.0942	0.0976	0.0974	0.0968	0.0951	0.0966	0.0955	0.0955	0.0950	0.1031	0.0959	0.0976	0.0977	0.0965	0.0977	0.0965	0.0989	0.0974	0.0999	0.0983	0.0983	0.0994	0.0980	0.0969	0.0997	0.0970	0.0980	0.0977	0.0983	0.0986	0.0989	0.0970	0.0985	0.0978	0.0984	0.0979	0.0981	0.0997	0.0979	0.1011	0.0981	
0.1040	0.1046	0.1059	0.1036	0.1002	0.0973	0.0955	0.0946	0.0989	0.0984	0.0967	0.0954	0.0954	0.0958	0.0951	0.0954	0.0971	0.0963	0.0964	0.0946	0.0961	0.0935	0.0946	0.0936	0.0989	0.0987	0.0959	0.0960	0.0962	0.0965	0.0954	0.0949	0.1047	0.0977	0.0967	0.0977	0.0980	0.0965	0.0956	0.0955	0.0985	0.1006	0.0976	0.0983	0.0992	0.0997	0.0983	0.0988	0.0974	0.0982	0.0981	0.0985	0.0998	0.0985	0.0987	0.0981	0.0987	0.0986	0.0981	0.0988	0.1009	0.0992	0.0991	0.0983	
0.1057	0.1053	0.1067	0.1047	0.1003	0.0985	0.0957	0.0955	0.0990	0.0980	0.0973	0.0968	0.0962	0.0959	0.0959	0.0945	0.0969	0.0962	0.0965	0.0941	0.0942	0.0931	0.0933	0.0932	0.0984	0.0979	0.0960	0.0948	0.0957	0.0958	0.0958	0.0951	0.1035	0.0954	0.0954	0.0962	0.0977	0.0947	0.0965	0.0952	0.0971	0.0990	0.0975	0.0976	0.0984	0.0986	0.0986	0.0965	0.0970	0.0975	0.0986	0.0979	0.0978	0.0980	0.0971	0.0974	0.0981	0.0968	0.0993	0.0968	0.1007	0.0987	0.0993	0.0971	
0.1062	0.1067	0.1072	0.1042	0.1007	0.0969	0.0947	0.0941	0.0989	0.0980	0.0972	0.0952	0.0950	0.0944	0.0937	0.0944	0.0964	0.0959	0.0953	0.0938	0.0930	0.0920	0.0926	0.0925	0.0976	0.0974	0.0950	0.0941	0.0951	0.0955	0.0941	0.0943	0.1043	0.0947	0.0945	0.0953	0.0965	0.0952	0.0942	0.0935	0.0960	0.0978	0.0970	0.0971	0.0972	0.0967	0.0967	0.0964	0.0968	0.0970	0.0961	0.0969	0.0987	0.0967	0.0968	0.0969	0.0958	0.0964	0.0975	0.0962	0.0994	0.0974	0.0985	0.0969	
0.1085	0.1096	0.1108	0.1070	0.1017	0.0981	0.0955	0.0931	0.0995	0.0990	0.0980	0.0968	0.0967	0.0960	0.0952	0.0925	0.0970	0.0957	0.0971	0.0943	0.0947	0.0931	0.0935	0.0914	0.0982	0.0969	0.0959	0.0941	0.0957	0.0956	0.0948	0.0921	0.1025	0.0949	0.0966	0.0966	0.0960	0.0966	0.0959	0.0936	0.0973	0.0988	0.0971	0.0976	0.0982	0.0979	0.0962	0.0951	0.0958	0.0982	0.0977	0.0976	0.0978	0.0984	0.0951	0.0958	0.0974	0.0979	0.0996	0.0980	0.1004	0.0975	0.0991	0.0964	
0.1110	0.1114	0.1125	0.1077	0.1024	0.0974	0.0942	0.0944	0.1002	0.0994	0.0979	0.0961	0.0959	0.0967	0.0947	0.0930	0.0978	0.0951	0.0959	0.0929	0.0932	0.0932	0.0932	0.0933	0.0986	0.0980	0.0950	0.0931	0.0952	0.0955	0.0949	0.0934	0.1036	0.0958	0.0956	0.0951	0.0970	0.0947	0.0939	0.0933	0.0974	0.0974	0.0951	0.0979	0.0975	0.0970	0.0962	0.0959	0.0956	0.0990	0.0962	0.0967	0.0971	0.0967	0.0961	0.0967	0.0998	0.0972	0.0970	0.0955	0.0986	0.0975	0.0999	0.0965	
0.1142	0.1149	0.1160	0.1117	0.1046	0.0999	0.0954	0.0960	0.1003	0.1006	0.1005	0.0980	0.0985	0.0970	0.0956	0.0955	0.0973	0.0976	0.0961	0.0945	0.0947	0.0940	0.0942	0.0941	0.0986	0.0981	0.0968	0.0944	0.0961	0.0960	0.0953	0.0941	0.1071	0.0965	0.0967	0.0971	0.0984	0.0964	0.0952	0.0949	0.0968	0.0981	0.0968	0.0975	0.0993	0.0987	0.0989	0.0984	0.0961	0.0974	0.0970	0.0977	0.0975	0.0978	0.0978	0.0976	0.0974	0.0975	0.0990	0.0966	0.1005	0.0981	0.0999	0.0981	
0.1179	0.1180	0.1188	0.1150	0.1069	0.1004	0.0972	0.0964	0.1031	0.1021	0.1022	0.0999	0.0990	0.0996	0.0973	0.0972	0.0982	0.0969	0.0973	0.0955	0.0954	0.0943	0.0945	0.0947	0.0988	0.0975	0.0966	0.0944	0.0963	0.0958	0.0952	0.0945	0.1029	0.0955	0.0974	0.0963	0.0969	0.0958	0.0949	0.0949	0.0971	0.0991	0.0973	0.0986	0.0980	0.0984	0.0995	0.0975	0.0956	0.0975	0.0975	0.0984	0.0975	0.0985	0.0974	0.0991	0.0980	0.0976	0.0986	0.0979	0.1001	0.0985	0.0998	0.0984	
0.1209	0.1211	0.1234	0.1170	0.1083	0.1004	0.0961	0.0959	0.1044	0.1038	0.1028	0.1004	0.1002	0.0976	0.0971	0.0959	0.0992	0.0971	0.0974	0.0952	0.0959	0.0934	0.0941	0.0944	0.0990	0.0980	0.0967	0.0947	0.0966	0.0960	0.0942	0.0938	0.1050	0.0961	0.0970	0.0965	0.0963	0.0957	0.0946	0.0944	0.0971	0.0983	0.0971	0.0976	0.0974	0.0979	0.0980	0.0973	0.0967	0.0971	0.0967	0.0971	0.0978	0.0980	0.0983	0.0977	0.0967	0.0969	0.0978	0.0976	0.0982	0.0993	0.0985	0.0963	
0.1238	0.1247	0.1267	0.1201	0.1092	0.1012	0.0966	0.0958	0.1063	0.1055	0.1040	0.1020	0.1007	0.1000	0.0967	0.0963	0.0999	0.0984	0.0986	0.0958	0.0956	0.0935	0.0942	0.0943	0.0997	0.0976	0.0969	0.0947	0.0965	0.0955	0.0972	0.0937	0.1037	0.0960	0.0966	0.0963	0.0961	0.0943	0.0947	0.0953	0.0988	0.0986	0.0962	0.0981	0.0976	0.0985	0.0964	0.0970	0.0963	0.0965	0.0963	0.0972	0.0970	0.0976	0.0979	0.0971	0.0992	0.0965	0.0981	0.0968	0.0978	0.0994	0.0981	0.0975	
0.1298	0.1293	0.1296	0.1244	0.1115	0.1016	0.0961	0.0950	0.1089	0.1083	0.1069	0.1021	0.1021	0.1000	0.0991	0.0978	0.1012	0.1000	0.0997	0.0956	0.0966	0.0939	0.0936	0.0937	0.1002	0.0994	0.0981	0.0948	0.0965	0.0946	0.0945	0.0941	0.1047	0.0958	0.0967	0.0957	0.0961	0.0961	0.0943	0.0938	0.0986	0.0978	0.0966	0.0966	0.0969	0.0975	0.0971	0.0971	0.0951	0.0989	0.0964	0.0969	0.0971	0.0968	0.0969	0.0974	0.0965	0.0962	0.0987	0.0960	0.0987	0.0977	0.0975	0.0976	
0.1345	0.1329	0.1368	0.1293	0.1146	0.1025	0.0975	0.0961	0.1105	0.1099	0.1090	0.1052	0.1036	0.1018	0.0990	0.0980	0.1022	0.1002	0.1000	0.0959	0.0964	0.0936	0.0947	0.0947	0.1004	0.0996	0.0977	0.0949	0.0968	0.0955	0.0948	0.0935	0.1049	0.0962	0.0969	0.0961	0.0980	0.0953	0.0952	0.0945	0.0988	0.0980	0.0970	0.0975	0.0990	0.0988	0.0982	0.0978	0.0956	0.0967	0.0962	0.0976	0.0975	0.0981	0.0964	0.0979	0.0967	0.0970	0.0973	0.0964	0.0993	0.0979	0.0995	0.0968	
0.1389	0.1382	0.1404	0.1316	0.1166	0.1034	0.0973	0.0962	0.1141	0.1124	0.1115	0.1059	0.1048	0.1024	0.0991	0.0978	0.1034	0.1014	0.1007	0.0969	0.0965	0.0945	0.0940	0.0947	0.1014	0.0995	0.0984	0.0948	0.0966	0.0951	0.0951	0.0930	0.1046	0.0959	0.0979	0.0967	0.0966	0.0949	0.0950	0.0939	0.0977	0.0977	0.0963	0.0973	0.0980	0.0971	0.0978	0.0965	0.0951	0.0968	0.0965	0.0970	0.0972	0.0974	0.0974	0.0970	0.0985	0.0959	0.0982	0.0964	0.0979	0.0968	0.0996	0.0966	
0.1454	0.1432	0.1479	0.1376	0.1180	0.1028	0.0974	0.0961	0.1152	0.1151	0.1145	0.1086	0.1072	0.1040	0.1010	0.0983	0.1037	0.1018	0.1016	0.0962	0.0967	0.0945	0.0944	0.0933	0.1021	0.1004	0.0984	0.0941	0.0967	0.0952	0.0951	0.0926	0.1051	0.0960	0.0971	0.0967	0.0976	0.0982	0.0948	0.0944	0.0981	0.0976	0.0966	0.0970	0.0976	0.0969	0.0967	0.0958	0.0953	0.0970	0.0954	0.0972	0.0965	0.0972	0.0971	0.0978	0.0959	0.0969	0.0977	0.0966	0.0985	0.0969	0.0978	0.0970	
0.1540	0.1550	0.1557	0.1438	0.1212	0.1065	0.0987	0.0965	0.1200	0.1183	0.1189	0.1125	0.1097	0.1075	0.1016	0.1002	0.1068	0.1043	0.1046	0.0983	0.0971	0.0953	0.0952	0.0949	0.1018	0.1009	0.0998	0.0955	0.0977	0.0965	0.0948	0.0940	0.1067	0.0974	0.0977	0.0965	0.0982	0.0953	0.0966	0.0946	0.0981	0.0978	0.0972	0.0981	0.0988	0.0991	0.0986	0.0965	0.0965	0.0980	0.0994	0.0976	0.0985	0.0975	0.0970	0.0985	0.0976	0.0976	0.0989	0.0962	0.0983	0.0981	0.1001	0.0974	
0.1600	0.1598	0.1619	0.1511	0.1249	0.1066	0.0986	0.0981	0.1208	0.1221	0.1217	0.1146	0.1124	0.1098	0.1039	0.1022	0.1062	0.1040	0.1033	0.0978	0.0986	0.0953	0.0958	0.0950	0.1027	0.1012	0.0989	0.0961	0.0967	0.0963	0.0956	0.0943	0.1049	0.0963	0.0981	0.0978	0.0971	0.0966	0.0955	0.0943	0.0973	0.0981	0.0972	0.0971	0.0987	0.0983	0.0977	0.0978	0.0950	0.0961	0.0962	0.0972	0.0982	0.0977	0.0976	0.0975	0.0967	0.0964	0.1002	0.0980	0.0993	0.0992	0.1001	0.0977	
0.1663	0.1669	0.1674	0.1559	0.1266	0.1040	0.0961	0.0953	0.1238	0.1239	0.1219	0.1170	0.1131	0.1090	0.1017	0.0992	0.1053	0.1037	0.1021	0.0975	0.0960	0.0932	0.0927	0.0927	0.1009	0.0995	0.0969	0.0935	0.0942	0.0935	0.0927	0.0909	0.1049	0.0945	0.0953	0.0947	0.0942	0.0934	0.0923	0.0927	0.0962	0.0957	0.0939	0.0952	0.0951	0.0944	0.0947	0.0941	0.0941	0.0947	0.0936	0.0946	0.0947	0.0944	0.0937	0.0947	0.0942	0.0951	0.0950	0.0942	0.0959	0.0953	0.0967	0.0942	
0.1800	0.1802	0.1806	0.1657	0.1312	0.1104	0.0989	0.0986	0.1315	0.1306	0.1302	0.1243	0.1191	0.1144	0.1061	0.1040	0.1102	0.1075	0.1069	0.1009	0.0992	0.0968	0.0967	0.0962	0.1043	0.1019	0.1001	0.0972	0.0976	0.0956	0.0954	0.0938	0.1073	0.0980	0.0981	0.0978	0.0968	0.0952	0.0958	0.0947	0.0977	0.0995	0.0977	0.0977	0.0979	0.0979	0.0975	0.0975	0.0954	0.0967	0.0961	0.0971	0.0976	0.0984	0.0972	0.0980	0.0988	0.0965	0.0969	0.0961	0.0987	0.0987	0.0984	0.0969	
0.1898	0.1880	0.1913	0.1746	0.1363	0.1094	0.0984	0.0977	0.1371	0.1356	0.1340	0.1275	0.1225	0.1162	0.1067	0.1038	0.1119	0.1099	0.1076	0.1010	0.0998	0.0960	0.0953	0.0954	0.1052	0.1020	0.1007	0.0966	0.0965	0.0956	0.0937	0.0938	0.1074	0.0981	0.0992	0.0973	0.0963	0.0952	0.0944	0.0950	0.0975	0.0975	0.0967	0.0963	0.0972	0.0973	0.0964	0.0964	0.0949	0.0966	0.0960	0.0967	0.0967	0.0967	0.0959	0.0959	0.0957	0.0963	0.0959	0.0971	0.0980	0.0969	0.0979	0.0960	
0.2043	0.2023	0.2053	0.1841	0.1403	0.1116	0.0993	0.0981	0.1432	0.1420	0.1417	0.1332	0.1253	0.1191	0.1095	0.1059	0.1152	0.1132	0.1107	0.1025	0.1002	0.0966	0.0956	0.0962	0.1057	0.1030	0.1020	0.0966	0.0977	0.0951	0.0947	0.0931	0.1079	0.0977	0.0982	0.0976	0.0970	0.0956	0.0949	0.0933	0.0992	0.0967	0.0963	0.0972	0.0971	0.0960	0.0955	0.0959	0.0945	0.0969	0.0953	0.0968	0.0989	0.0962	0.0956	0.0968	0.0954	0.0954	0.0958	0.0960	0.0980	0.0953	0.0984	0.0959	
0.2171	0.2162	0.2188	0.1954	0.1462	0.1128	0.1000	0.0976	0.1509	0.1509	0.1509	0.1391	0.1323	0.1277	0.1122	0.1072	0.1179	0.1162	0.1146	0.1048	0.1017	0.0967	0.0963	0.0963	0.1078	0.1038	0.1024	0.0966	0.0979	0.0957	0.0948	0.0934	0.1083	0.0982	0.0989	0.0975	0.0980	0.0949	0.0951	0.0936	0.0989	0.0979	0.0962	0.0967	0.0979	0.0967	0.0962	0.0970	0.0942	0.0959	0.0944	0.0966	0.0967	0.0965	0.0960	0.0963	0.0954	0.0968	0.0953	0.0957	0.0977	0.0965	0.0972	0.0954	
0.2324	0.2336	0.2347	0.2119	0.1529	0.1151	0.1005	0.0976	0.1586	0.1596	0.1585	0.1466	0.1402	0.1319	0.1159	0.1100	0.1224	0.1209	0.1189	0.1079	0.1049	0.0986	0.0969	0.0960	0.1106	0.1062	0.1055	0.0978	0.0991	0.0962	0.0947	0.0934	0.1114	0.1016	0.1015	0.0985	0.0976	0.0952	0.0945	0.0940	0.0993	0.1001	0.0966	0.0985	0.0978	0.0971	0.0969	0.0976	0.0951	0.0980	0.0968	0.0970	0.0981	0.0969	0.0963	0.0968	0.0950	0.0974	0.0966	0.0955	0.0990	0.0978	0.0985	0.0971	
0.2509	0.2518	0.2494	0.2227	0.1597	0.1179	0.1006	0.0987	0.1700	0.1692	0.1681	0.1556	0.1454	0.1360	0.1191	0.1122	0.1280	0.1267	0.1209	0.1094	0.1061	0.0993	0.0974	0.0964	0.1132	0.1077	0.1073	0.0987	0.1000	0.0959	0.0949	0.0925	0.1115	0.1018	0.1014	0.0980	0.0987	0.0946	0.0947	0.0933	0.1003	0.1004	0.0979	0.0963	0.0982	0.0964	0.0963	0.0952	0.0962	0.0963	0.0952	0.0964	0.0976	0.0972	0.0950	0.0967	0.0968	0.1034	0.0960	0.0956	0.0982	0.0971	0.0969	0.0953	
0.2726	0.2699	0.2680	0.2368	0.1674	0.1185	0.1009	0.0983	0.1803	0.1796	0.1771	0.1634	0.1537	0.1412	0.1217	0.1148	0.1330	0.1313	0.1251	0.1126	0.1075	0.1003	0.0981	0.0967	0.1154	0.1101	0.1088	0.0992	0.1003	0.0959	0.0941	0.0934	0.1129	0.1019	0.1009	0.0989	0.0986	0.0949	0.0936	0.0931	0.1029	0.0986	0.0966	0.0970	0.0971	0.0956	0.0958	0.0940	0.0959	0.0961	0.0952	0.0948	0.0962	0.0957	0.0962	0.0962	0.0955	0.0950	0.0971	0.0953	0.0977	0.0956	0.0958	0.0956	
0.2912	0.2932	0.2846	0.2564	0.1759	0.1217	0.1015	0.0999	0.1909	0.1914	0.1902	0.1743	0.1647	0.1493	0.1266	0.1181	0.1382	0.1370	0.1301	0.1167	0.1112	0.1026	0.0990	0.0982	0.1185	0.1123	0.1103	0.1018	0.1011	0.0962	0.0960	0.0941	0.1132	0.1050	0.1040	0.1000	0.0989	0.0965	0.0948	0.0940	0.1015	0.0996	0.0975	0.0977	0.0982	0.0963	0.0967	0.0958	0.0964	0.0989	0.0955	0.0965	0.0973	0.0965	0.0969	0.0963	0.0966	0.0962	0.0967	0.0973	0.0982	0.0964	0.0995	0.0975	
0.3129	0.3150	0.3063	0.2767	0.1867	0.1245	0.1010	0.0990	0.2013	0.2031	0.2035	0.1844	0.1730	0.1590	0.1323	0.1218	0.1409	0.1423	0.1346	0.1205	0.1131	0.1039	0.1001	0.0986	0.1202	0.1134	0.1120	0.1021	0.1015	0.0968	0.0951	0.0929	0.1135	0.1047	0.1034	0.1004	0.0989	0.0956	0.0945	0.0933	0.1013	0.1000	0.0980	0.0976	0.0977	0.0971	0.0955	0.0952	0.0962	0.0968	0.0963	0.0959	0.0963	0.0960	0.0954	0.0958	0.0967	0.0952	0.0971	0.0945	0.0965	0.0957	0.0997	0.0971	
0.3382	0.3372	0.3282	0.2978	0.1976	0.1276	0.1041	0.1000	0.2177	0.2196	0.2155	0.1974	0.1853	0.1648	0.1373	0.1260	0.1493	0.1486	0.1416	0.1255	0.1174	0.1070	0.1016	0.1002	0.1229	0.1175	0.1149	0.1051	0.1026	0.0964	0.0952	0.0937	0.1144	0.1072	0.1049	0.1010	0.0986	0.0961	0.0946	0.0937	0.1029	0.1010	0.0985	0.0983	0.0977	0.0978	0.0959	0.0964	0.0984	0.0972	0.0959	0.0965	0.0969	0.0977	0.0960	0.0970	0.0956	0.0959	0.0984	0.0962	0.0981	0.0969	0.0968	0.0978	
0.3599	0.3641	0.3502	0.3186	0.2070	0.1328	0.1046	0.1008	0.2339	0.2335	0.2290	0.2135	0.1949	0.1797	0.1442	0.1305	0.1563	0.1572	0.1492	0.1298	0.1211	0.1079	0.1026	0.1010	0.1281	0.1212	0.1188	0.1072	0.1040	0.0976	0.0953	0.0942	0.1166	0.1096	0.1070	0.1018	0.0994	0.0968	0.0955	0.0945	0.1043	0.1019	0.1013	0.0985	0.0984	0.0968	0.0969	0.0949	0.0976	0.0976	0.0955	0.0985	0.0967	0.0973	0.0966	0.0956	0.0978	0.0976	0.0962	0.0951	0.0970	0.0967	0.0991	0.0990	
0.3889	0.3960	0.3830	0.3431	0.2225	0.1359	0.1055	0.1014	0.2506	0.2538	0.2527	0.2310	0.2117	0.1875	0.1495	0.1362	0.1662	0.1682	0.1587	0.1376	0.1257	0.1114	0.1042	0.1032	0.1336	0.1255	0.1227	0.1107	0.1063	0.0987	0.0971	0.0949	0.1186	0.1127	0.1087	0.1050	0.0996	0.0964	0.0947	0.0953	0.1057	0.1042	0.1004	0.0989	0.0988	0.0979	0.0962	0.0953	0.0984	0.0982	0.0965	0.0959	0.0972	0.0981	0.0965	0.0965	0.0972	0.0960	0.0967	0.0964	0.0972	0.0968	0.0987	0.0975	
0.4244	0.4267	0.4167	0.3679	0.2341	0.1397	0.1060	0.1028	0.2744	0.2751	0.2786	0.2496	0.2269	0.1993	0.1569	0.1403	0.1806	0.1813	0.1701	0.1445	0.1319	0.1153	0.1078	0.1049	0.1404	0.1322	0.1298	0.1146	0.1086	0.0989	0.0960	0.0951	0.1240	0.1181	0.1128	0.1071	0.1016	0.0972	0.0957	0.0939	0.1091	0.1053	0.1047	0.0999	0.0990	0.0979	0.0968	0.0950	0.0996	0.0998	0.0975	0.0979	0.0969	0.0967	0.0976	0.0968	0.0976	0.0968	0.0959	0.0948	0.0992	0.0966	0.0985	0.0975	
0.4543	0.4539	0.4420	0.3958	0.2523	0.1434	0.1063	0.1011	0.2952	0.2927	0.2962	0.2670	0.2425	0.2155	0.1653	0.1461	0.1926	0.1926	0.1793	0.1508	0.1364	0.1177	0.1092	0.1057	0.1475	0.1381	0.1343	0.1177	0.1103	0.0990	0.0964	0.0939	0.1250	0.1204	0.1150	0.1078	0.1008	0.0965	0.0948	0.0943	0.1100	0.1076	0.1027	0.0996	0.1003	0.0966	0.0964	0.0948	0.0991	0.0988	0.0971	0.0957	0.0968	0.0959	0.0965	0.0955	0.0997	0.0987	0.0955	0.0948	0.0970	0.0956	0.0964	0.0956	
0.4815	0.4858	0.4702	0.4248	0.2702	0.1491	0.1066	0.1022	0.3187	0.3140	0.3218	0.2868	0.2630	0.2288	0.1740	0.1543	0.2041	0.2058	0.1897	0.1610	0.1429	0.1223	0.1123	0.1068	0.1544	0.1434	0.1407	0.1211	0.1126	0.0999	0.0955	0.0953	0.1287	0.1249	0.1171	0.1101	0.1017	0.0970	0.0953	0.0945	0.1133	0.1108	0.1036	0.1003	0.0976	0.0963	0.0957	0.0946	0.0999	0.0994	0.0966	0.0958	0.0969	0.0962	0.0951	0.0953	0.0978	0.0965	0.0967	0.0947	0.0977	0.0970	0.0978	0.0948	
0.5079	0.5145	0.4967	0.4489	0.2843	0.1553	0.1080	0.1023	0.3426	0.3434	0.3446	0.3105	0.2771	0.2431	0.1816	0.1589	0.2194	0.2197	0.2037	0.1683	0.1494	0.1291	0.1140	0.1097	0.1624	0.1511	0.1507	0.1254	0.1146	0.1009	0.0962	0.0951	0.1322	0.1293	0.1230	0.1122	0.1019	0.0984	0.0955	0.0935	0.1151	0.1101	0.1052	0.1011	0.0993	0.0957	0.0960	0.0942	0.1014	0.0992	0.0962	0.0959	0.0966	0.0952	0.0953	0.0963	0.0998	0.0968	0.0952	0.0954	0.0973	0.0951	0.0967	0.0957	
0.5335	0.5413	0.5216	0.4759	0.3036	0.1592	0.1080	0.1024	0.3671	0.3690	0.3694	0.3302	0.3028	0.2632	0.1915	0.1689	0.2312	0.2356	0.2160	0.1813	0.1600	0.1309	0.1161	0.1107	0.1703	0.1604	0.1535	0.1296	0.1192	0.1017	0.0958	0.0937	0.1377	0.1355	0.1235	0.1147	0.1027	0.0975	0.0952	0.0936	0.1168	0.1145	0.1073	0.1017	0.0990	0.0967	0.0948	0.0937	0.1015	0.1000	0.0965	0.0972	0.0980	0.0956	0.0949	0.0949	0.0998	0.0973	0.0957	0.0944	0.0977	0.0979	0.0966	0.0946	
0.5585	0.5627	0.5529	0.5025	0.3268	0.1683	0.1094	0.1042	0.3918	0.3933	0.3977	0.3544	0.3229	0.2799	0.2069	0.1759	0.2489	0.2526	0.2315	0.1902	0.1677	0.1370	0.1215	0.1152	0.1820	0.1680	0.1623	0.1365	0.1228	0.1047	0.0977	0.0949	0.1421	0.1398	0.1287	0.1176	0.1033	0.0982	0.0954	0.0956	0.1224	0.1166	0.1104	0.1047	0.1005	0.0962	0.0959	0.0935	0.1028	0.1011	0.0967	0.0967	0.0959	0.0964	0.0953	0.0948	0.1000	0.1008	0.0973	0.0943	0.0965	0.0972	0.0974	0.0963	
0.5875	0.5917	0.5778	0.5298	0.3502	0.1754	0.1110	0.1048	0.4207	0.4207	0.4262	0.3808	0.3451	0.3008	0.2201	0.1861	0.2666	0.2731	0.2505	0.2064	0.1792	0.1444	0.1268	0.1188	0.1914	0.1798	0.1731	0.1441	0.1271	0.1053	0.0980	0.0970	0.1469	0.1504	0.1352	0.1211	0.1058	0.0995	0.0963	0.0961	0.1263	0.1228	0.1142	0.1065	0.1018	0.0978	0.0970	0.0957	0.1044	0.1042	0.0987	0.0976	0.0984	0.0962	0.0955	0.0964	0.1015	0.0996	0.0975	0.0955	0.0979	0.0958	0.0966	0.0956	
0.6209	0.6179	0.5999	0.5577	0.3730	0.1860	0.1129	0.1038	0.4506	0.4503	0.4499	0.4085	0.3709	0.3216	0.2358	0.1991	0.2876	0.2931	0.2686	0.2233	0.1918	0.1512	0.1318	0.1226	0.2065	0.1936	0.1850	0.1517	0.1309	0.1073	0.0984	0.0958	0.1525	0.1578	0.1408	0.1253	0.1066	0.1006	0.0964	0.0950	0.1309	0.1253	0.1169	0.1078	0.1021	0.0964	0.0952	0.0944	0.1057	0.1032	0.0977	0.0978	0.0969	0.0950	0.0957	0.0958	0.1019	0.0992	0.0966	0.0943	0.0983	0.0948	0.0982	0.0944	
0.6390	0.6410	0.6260	0.5809	0.3969	0.1947	0.1122	0.1052	0.4806	0.4787	0.4796	0.4346	0.4006	0.3443	0.2491	0.2103	0.3101	0.3164	0.2923	0.2390	0.2051	0.1596	0.1381	0.1250	0.2208	0.2047	0.1967	0.1596	0.1356	0.1095	0.0985	0.0964	0.1595	0.1672	0.1469	0.1302	0.1083	0.1021	0.0971	0.0942	0.1347	0.1286	0.1202	0.1105	0.1022	0.0977	0.0949	0.0939	0.1069	0.1050	0.0990	0.0967	0.0968	0.0955	0.0955	0.0946	0.1029	0.0993	0.0972	0.0960	0.0972	0.0950	0.0969	0.0948	
0.6684	0.6612	0.6443	0.6026	0.4222	0.2052	0.1159	0.1050	0.5106	0.5042	0.5063	0.4652	0.4244	0.3728	0.2674	0.2229	0.3343	0.3394	0.3114	0.2582	0.2216	0.1673	0.1439	0.1301	0.2383	0.2199	0.2082	0.1685	0.1453	0.1120	0.1010	0.0964	0.1668	0.1759	0.1523	0.1357	0.1108	0.1032	0.0971	0.0953	0.1416	0.1363	0.1259	0.1116	0.1035	0.0978	0.0962	0.0948	0.1134	0.1075	0.1002	0.0981	0.0966	0.0958	0.0958	0.0955	0.1048	0.1015	0.0985	0.0952	0.0973	0.0959	0.1012	0.0967	
0.6945	0.6839	0.6699	0.6260	0.4493	0.2172	0.1163	0.1074	0.5366	0.5327	0.5311	0.4921	0.4505	0.3975	0.2860	0.2395	0.3583	0.3656	0.3366	0.2761	0.2353	0.1762	0.1509	0.1349	0.2537	0.2321	0.2217	0.1801	0.1497	0.1153	0.1007	0.0977	0.1753	0.1852	0.1614	0.1408	0.1147	0.1041	0.0974	0.0957	0.1464	0.1402	0.1302	0.1152	0.1041	0.0981	0.0967	0.0944	0.1125	0.1094	0.1018	0.0976	0.0973	0.0951	0.0955	0.0950	0.1055	0.1038	0.0990	0.0950	0.0962	0.0956	0.0993	0.0951	
0.7117	0.7088	0.6891	0.6447	0.4776	0.2308	0.1183	0.1069	0.5673	0.5604	0.5619	0.5179	0.4789	0.4238	0.3053	0.2547	0.3862	0.3894	0.3625	0.2980	0.2500	0.1878	0.1577	0.1407	0.2726	0.2494	0.2373	0.1911	0.1586	0.1196	0.1023	0.0991	0.1831	0.2000	0.1694	0.1485	0.1158	0.1053	0.0988	0.0957	0.1536	0.1463	0.1343	0.1176	0.1058	0.0996	0.0966	0.0941	0.1146	0.1112	0.1032	0.0981	0.0973	0.0957	0.0951	0.0958	0.1072	0.1037	0.0988	0.0963	0.0973	0.0950	0.0970	0.0949	
0.7273	0.7158	0.7025	0.6702	0.5042	0.2461	0.1197	0.1087	0.5896	0.5841	0.5835	0.5419	0.5048	0.4460	0.3266	0.2716	0.4108	0.4178	0.3848	0.3211	0.2705	0.2009	0.1675	0.1476	0.2931	0.2663	0.2572	0.2040	0.1661	0.1225	0.1039	0.0999	0.1946	0.2089	0.1792	0.1555	0.1193	0.1085	0.0988	0.0953	0.1616	0.1552	0.1419	0.1216	0.1067	0.0980	0.0970	0.0949	0.1177	0.1146	0.1049	0.0989	0.0976	0.0957	0.0951	0.0945	0.1091	0.1061	0.1028	0.0948	0.0966	0.0951	0.1005	0.0946	
0.7289	0.7273	0.7158	0.6810	0.5256	0.2585	0.1194	0.1084	0.6118	0.6027	0.6057	0.5628	0.5299	0.4705	0.3465	0.2928	0.4341	0.4406	0.4108	0.3434	0.2907	0.2125	0.1756	0.1545	0.3100	0.2819	0.2728	0.2192	0.1772	0.1268	0.1051	0.1001	0.2046	0.2218	0.1896	0.1633	0.1214	0.1093	0.0991	0.0957	0.1702	0.1622	0.1468	0.1261	0.1094	0.0984	0.0954	0.0941	0.1220	0.1173	0.1062	0.0997	0.0964	0.0948	0.0946	0.0943	0.1115	0.1070	0.0998	0.0966	0.0976	0.0942	0.0961	0.0953	
0.7320	0.7258	0.7223	0.6993	0.5492	0.2759	0.1222	0.1104	0.6350	0.6330	0.6242	0.5955	0.5521	0.5018	0.3670	0.3143	0.4582	0.4649	0.4347	0.3696	0.3121	0.2312	0.1876	0.1645	0.3281	0.3019	0.2895	0.2346	0.1887	0.1330	0.1064	0.1023	0.2127	0.2364	0.1997	0.1739	0.1243	0.1143	0.1002	0.0952	0.1769	0.1717	0.1538	0.1312	0.1108	0.1003	0.0960	0.0954	0.1257	0.1184	0.1098	0.1000	0.0984	0.0955	0.0947	0.0944	0.1130	0.1083	0.1020	0.0968	0.0979	0.0945	0.0956	0.0952	
0.7371	0.7320	0.7316	0.7113	0.5694	0.2970	0.1251	0.1124	0.6508	0.6516	0.6494	0.6144	0.5773	0.5246	0.3891	0.3373	0.4822	0.4961	0.4639	0.3956	0.3339	0.2503	0.1989	0.1739	0.3517	0.3233	0.3142	0.2516	0.2021	0.1393	0.1097	0.1039	0.2267	0.2522	0.2148	0.1848	0.1325	0.1181	0.1024	0.0981	0.1893	0.1820	0.1631	0.1375	0.1147	0.1013	0.0979	0.0960	0.1307	0.1267	0.1125	0.1030	0.1000	0.0963	0.0964	0.0951	0.1168	0.1119	0.1041	0.0982	0.0977	0.0954	0.0968	0.0951	
0.7439	0.7387	0.7371	0.7180	0.6004	0.3163	0.1278	0.1122	0.6804	0.6734	0.6668	0.6382	0.5987	0.5531	0.4156	0.3573	0.5119	0.5224	0.4895	0.4231	0.3594	0.2633	0.2109	0.1817	0.3813	0.3455	0.3351	0.2697	0.2129	0.1482	0.1108	0.1047	0.2452	0.2728	0.2271	0.1931	0.1353	0.1218	0.1025	0.0980	0.2011	0.1933	0.1738	0.1422	0.1169	0.1026	0.0985	0.0958	0.1372	0.1285	0.1155	0.1032	0.1000	0.0962	0.0961	0.0948	0.1198	0.1140	0.1054	0.0992	0.0978	0.0944	0.0978	0.0951	
0.7481	0.7410	0.7406	0.7254	0.6203	0.3346	0.1301	0.1154	0.6983	0.6893	0.6901	0.6610	0.6246	0.5781	0.4432	0.3829	0.5439	0.5476	0.5159	0.4502	0.3873	0.2840	0.2274	0.1910	0.4111	0.3703	0.3581	0.2935	0.2300	0.1548	0.1145	0.1063	0.2597	0.2918	0.2437	0.2087	0.1408	0.1257	0.1051	0.0983	0.2141	0.2050	0.1821	0.1499	0.1208	0.1035	0.0989	0.0961	0.1439	0.1358	0.1199	0.1062	0.1013	0.0958	0.0950	0.0950	0.1245	0.1173	0.1064	0.0994	0.0986	0.0953	0.0963	0.0948	
0.7518	0.7450	0.7437	0.7250	0.6471	0.3580	0.1328	0.1157	0.7080	0.7042	0.7026	0.6767	0.6464	0.5993	0.4713	0.4097	0.5715	0.5750	0.5472	0.4763	0.4139	0.3010	0.2427	0.2067	0.4374	0.3964	0.3871	0.3121	0.2452	0.1624	0.1174	0.1085	0.2768	0.3125	0.2580	0.2209	0.1483	0.1319	0.1075	0.1004	0.2327	0.2183	0.1947	0.1587	0.1259	0.1063	0.0993	0.0967	0.1537	0.1432	0.1243	0.1079	0.1022	0.0958	0.0962	0.0956	0.1296	0.1219	0.1097	0.0995	0.0985	0.0950	0.0997	0.0947	
0.7518	0.7456	0.7472	0.7306	0.6656	0.3813	0.1366	0.1157	0.7082	0.7073	0.7058	0.6956	0.6665	0.6233	0.4971	0.4313	0.5933	0.5996	0.5707	0.5022	0.4402	0.3241	0.2603	0.2168	0.4604	0.4202	0.4117	0.3308	0.2620	0.1682	0.1214	0.1108	0.2954	0.3356	0.2761	0.2358	0.1536	0.1350	0.1068	0.1002	0.2436	0.2316	0.2045	0.1657	0.1282	0.1060	0.0996	0.0953	0.1590	0.1476	0.1270	0.1097	0.1054	0.0955	0.0950	0.0940	0.1326	0.1250	0.1107	0.1005	0.0983	0.0945	0.0975	0.0938	
0.7533	0.7526	0.7487	0.7344	0.6895	0.4068	0.1405	0.1180	0.7164	0.7138	0.7142	0.7068	0.6837	0.6447	0.5227	0.4646	0.6174	0.6199	0.5959	0.5297	0.4668	0.3496	0.2796	0.2311	0.4893	0.4513	0.4382	0.3624	0.2845	0.1819	0.1259	0.1125	0.3135	0.3570	0.2969	0.2537	0.1635	0.1428	0.1103	0.1025	0.2620	0.2491	0.2212	0.1760	0.1337	0.1097	0.1009	0.0958	0.1691	0.1566	0.1341	0.1139	0.1049	0.0966	0.0964	0.0941	0.1410	0.1307	0.1149	0.1018	0.0996	0.0952	0.0971	0.0954	
0.7580	0.7510	0.7538	0.7358	0.7032	0.4321	0.1435	0.1195	0.7219	0.7145	0.7192	0.7141	0.6983	0.6660	0.5470	0.4834	0.6411	0.6428	0.6251	0.5542	0.4943	0.3728	0.2967	0.2435	0.5200	0.4750	0.4656	0.3829	0.3042	0.1924	0.1305	0.1175	0.3347	0.3812	0.3168	0.2713	0.1726	0.1467	0.1133	0.1037	0.2803	0.2613	0.2349	0.1839	0.1399	0.1118	0.1028	0.0972	0.1807	0.1682	0.1400	0.1160	0.1071	0.0968	0.0967	0.0948	0.1453	0.1379	0.1170	0.1028	0.1008	0.0958	0.0980	0.0947	
0.7604	0.7521	0.7525	0.7350	0.7123	0.4538	0.1451	0.1208	0.7159	0.7153	0.7133	0.7153	0.7021	0.6789	0.5691	0.5129	0.6629	0.6612	0.6362	0.5760	0.5166	0.3935	0.3140	0.2630	0.5424	0.4993	0.4876	0.4091	0.3213	0.2011	0.1341	0.1179	0.3540	0.4055	0.3366	0.2866	0.1810	0.1548	0.1134	0.1036	0.2963	0.2785	0.2491	0.1979	0.1448	0.1126	0.1016	0.0955	0.1907	0.1745	0.1464	0.1178	0.1090	0.0965	0.0949	0.0934	0.1531	0.1399	0.1204	0.1064	0.1025	0.0954	0.0955	0.0945	
0.7582	0.7526	0.7549	0.7389	0.7193	0.4817	0.1511	0.1242	0.7230	0.7190	0.7187	0.7222	0.7056	0.6937	0.5890	0.5400	0.6762	0.6753	0.6631	0.6017	0.5461	0.4202	0.3377	0.2798	0.5673	0.5222	0.5158	0.4387	0.3515	0.2164	0.1409	0.1242	0.3702	0.4284	0.3602	0.3053	0.1910	0.1619	0.1192	0.1057	0.3129	0.2978	0.2653	0.2110	0.1512	0.1158	0.1049	0.0976	0.2037	0.1834	0.1537	0.1235	0.1120	0.0985	0.0967	0.0949	0.1611	0.1481	0.1243	0.1073	0.1028	0.0970	0.0966	0.0954	
0.7638	0.7555	0.7597	0.7415	0.7270	0.5083	0.1559	0.1258	0.7247	0.7241	0.7200	0.7232	0.7064	0.7059	0.6094	0.5687	0.6867	0.6899	0.6754	0.6213	0.5692	0.4467	0.3633	0.2976	0.5954	0.5517	0.5416	0.4655	0.3711	0.2327	0.1481	0.1293	0.3966	0.4492	0.3845	0.3312	0.2033	0.1731	0.1224	0.1084	0.3360	0.3177	0.2815	0.2221	0.1587	0.1212	0.1073	0.0995	0.2141	0.1977	0.1626	0.1287	0.1149	0.1017	0.0976	0.0958	0.1686	0.1550	0.1275	0.1096	0.1046	0.0969	0.0972	0.0956	
0.7627	0.7541	0.7563	0.7435	0.7303	0.5300	0.1602	0.1282	0.7205	0.7229	0.7202	0.7222	0.7128	0.7082	0.6325	0.5908	0.6932	0.6936	0.6860	0.6384	0.5913	0.4700	0.3868	0.3169	0.6152	0.5700	0.5604	0.4843	0.3946	0.2448	0.1534	0.1312	0.4174	0.4727	0.4032	0.3494	0.2134	0.1827	0.1247	0.1106	0.3524	0.3331	0.2995	0.2359	0.1671	0.1227	0.1073	0.0992	0.2265	0.2055	0.1691	0.1324	0.1162	0.1003	0.0953	0.0946	0.1751	0.1610	0.1321	0.1107	0.1048	0.0965	0.0954	0.0939	
0.7621	0.7600	0.7576	0.7396	0.7318	0.5516	0.1658	0.1302	0.7243	0.7243	0.7256	0.7275	0.7173	0.7141	0.6530	0.6143	0.6962	0.6957	0.6934	0.6610	0.6178	0.4971	0.4101	0.3431	0.6299	0.5964	0.5874	0.5122	0.4213	0.2674	0.1628	0.1370	0.4357	0.5002	0.4295	0.3698	0.2230	0.1948	0.1291	0.1137	0.3755	0.3562	0.3200	0.2494	0.1772	0.1284	0.1093	0.1004	0.2412	0.2153	0.1794	0.1381	0.1201	0.1015	0.0971	0.0943	0.1865	0.1700	0.1385	0.1162	0.1078	0.0972	0.0965	0.0943	
0.7671	0.7576	0.7605	0.7439	0.7316	0.5784	0.1697	0.1329	0.7245	0.7228	0.7248	0.7254	0.7126	0.7150	0.6644	0.6283	0.6941	0.7007	0.6929	0.6754	0.6357	0.5191	0.4358	0.3609	0.6478	0.6135	0.6075	0.5381	0.4472	0.2806	0.1700	0.1425	0.4605	0.5205	0.4526	0.3959	0.2390	0.2036	0.1344	0.1157	0.3982	0.3743	0.3367	0.2649	0.1831	0.1327	0.1117	0.0992	0.2570	0.2302	0.1889	0.1440	0.1251	0.1039	0.0968	0.0940	0.1954	0.1739	0.1423	0.1165	0.1081	0.0965	0.0964	0.0947	
0.7693	0.7627	0.7628	0.7444	0.7342	0.5981	0.1764	0.1361	0.7285	0.7268	0.7230	0.7288	0.7197	0.7216	0.6813	0.6513	0.7013	0.7026	0.6992	0.6853	0.6557	0.5462	0.4639	0.3858	0.6627	0.6354	0.6279	0.5573	0.4738	0.3057	0.1801	0.1493	0.4800	0.5447	0.4768	0.4195	0.2552	0.2219	0.1432	0.1188	0.4177	0.3974	0.3552	0.2805	0.1932	0.1377	0.1148	0.1013	0.2712	0.2418	0.2020	0.1510	0.1293	0.1048	0.0974	0.0950	0.2051	0.1862	0.1475	0.1198	0.1098	0.0974	0.0976	0.0951	
0.7692	0.7662	0.7572	0.7464	0.7344	0.6169	0.1865	0.1365	0.7306	0.7332	0.7254	0.7289	0.7217	0.7216	0.6931	0.6740	0.6993	0.7007	0.6999	0.6888	0.6706	0.5692	0.4880	0.4081	0.6659	0.6470	0.6449	0.5830	0.4946	0.3203	0.1909	0.1579	0.5011	0.5641	0.4950	0.4419	0.2725	0.2341	0.1491	0.1238	0.4391	0.4234	0.3760	0.3040	0.2060	0.1450	0.1189	0.1042	0.2857	0.2563	0.2150	0.1578	0.1364	0.1073	0.0982	0.0954	0.2143	0.1931	0.1536	0.1236	0.1134	0.1000	0.0974	0.0950	
0.7706	0.7620	0.7635	0.7495	0.7384	0.6322	0.1920	0.1428	0.7304	0.7322	0.7254	0.7323	0.7211	0.7198	0.7001	0.6904	0.7008	0.7028	0.6988	0.6961	0.6874	0.5918	0.5161	0.4357	0.6741	0.6527	0.6560	0.6040	0.5216	0.3442	0.2059	0.1667	0.5247	0.5820	0.5159	0.4675	0.2901	0.2494	0.1538	0.1263	0.4610	0.4393	0.4015	0.3212	0.2169	0.1514	0.1217	0.1067	0.3024	0.2744	0.2251	0.1669	0.1414	0.1114	0.0989	0.0967	0.2226	0.2025	0.1608	0.1273	0.1156	0.1002	0.0986	0.0958	
0.7708	0.7657	0.7653	0.7553	0.7410	0.6580	0.2018	0.1467	0.7318	0.7298	0.7305	0.7373	0.7274	0.7266	0.7009	0.7086	0.6989	0.7053	0.7027	0.6993	0.7017	0.6182	0.5346	0.4598	0.6732	0.6585	0.6689	0.6257	0.5476	0.3725	0.2169	0.1737	0.5421	0.6017	0.5406	0.4943	0.3080	0.2668	0.1626	0.1318	0.4807	0.4570	0.4195	0.3448	0.2317	0.1601	0.1248	0.1132	0.3205	0.2908	0.2388	0.1766	0.1470	0.1140	0.1006	0.0963	0.2381	0.2154	0.1704	0.1320	0.1187	0.0994	0.0987	0.0957	
0.7752	0.7730	0.7685	0.7564	0.7420	0.6757	0.2121	0.1510	0.7375	0.7358	0.7343	0.7418	0.7236	0.7263	0.7069	0.7084	0.7067	0.7057	0.7077	0.7069	0.7017	0.6361	0.5651	0.4856	0.6750	0.6635	0.6808	0.6488	0.5676	0.3931	0.2278	0.1846	0.5626	0.6202	0.5624	0.5162	0.3290	0.2847	0.1689	0.1379	0.5032	0.4804	0.4466	0.3650	0.2479	0.1668	0.1312	0.1117	0.3423	0.3073	0.2534	0.1869	0.1542	0.1178	0.1023	0.0970	0.2514	0.2235	0.1787	0.1378	0.1238	0.1012	0.0991	0.0960	
0.7789	0.7761	0.7715	0.7597	0.7441	0.6884	0.2220	0.1545	0.7369	0.7377	0.7361	0.7380	0.7310	0.7304	0.7127	0.7203	0.7016	0.7075	0.7036	0.7034	0.7072	0.6603	0.5837	0.5113	0.6781	0.6614	0.6707	0.6614	0.5977	0.4284	0.2429	0.1942	0.5847	0.6252	0.5826	0.5401	0.3456	0.3053	0.1798	0.1408	0.5255	0.5025	0.4652	0.3828	0.2610	0.1773	0.1361	0.1124	0.3594	0.3222	0.2643	0.1979	0.1637	0.1195	0.1022	0.0975	0.2655	0.2337	0.1836	0.1449	0.1258	0.1021	0.0984	0.0947	
0.7799	0.7754	0.7753	0.7616	0.7456	0.6979	0.2325	0.1615	0.7398	0.7382	0.7386	0.7446	0.7305	0.7313	0.7136	0.7224	0.7047	0.7125	0.7093	0.7064	0.7076	0.6720	0.6117	0.5390	0.6779	0.6660	0.6750	0.6690	0.6152	0.4481	0.2619	0.2038	0.5994	0.6366	0.6020	0.5626	0.3715	0.3281	0.1922	0.1512	0.5408	0.5210	0.4887	0.4090	0.2752	0.1860	0.1427	0.1149	0.3770	0.3425	0.2819	0.2076	0.1713	0.1259	0.1057	0.0983	0.2782	0.2452	0.1936	0.1471	0.1294	0.1038	0.0994	0.1002	
0.7916	0.7826	0.7848	0.7697	0.7554	0.7112	0.2418	0.1655	0.7487	0.7482	0.7482	0.7469	0.7357	0.7370	0.7185	0.7333	0.7123	0.7138	0.7135	0.7127	0.7170	0.6914	0.6360	0.5649	0.6881	0.6714	0.6833	0.6801	0.6392	0.4784	0.2826	0.2232	0.6246	0.6447	0.6283	0.5934	0.3974	0.3532	0.2020	0.1565	0.5741	0.5451	0.5170	0.4324	0.2964	0.1967	0.1504	0.1187	0.4068	0.3636	0.3027	0.2239	0.1821	0.1293	0.1064	0.0977	0.2986	0.2626	0.2051	0.1549	0.1349	0.1060	0.1014	0.0961	
0.7925	0.7890	0.7848	0.7668	0.7540	0.7207	0.2583	0.1732	0.7500	0.7450	0.7504	0.7475	0.7426	0.7401	0.7234	0.7336	0.7174	0.7184	0.7212	0.7152	0.7235	0.7003	0.6582	0.5881	0.6931	0.6743	0.6877	0.6875	0.6589	0.5067	0.2990	0.2372	0.6322	0.6448	0.6328	0.6104	0.4197	0.3733	0.2164	0.1633	0.5898	0.5615	0.5394	0.4578	0.3149	0.2098	0.1544	0.1222	0.4278	0.3851	0.3188	0.2354	0.1896	0.1334	0.1090	0.0983	0.3122	0.2790	0.2164	0.1651	0.1415	0.1072	0.1028	0.0961	
0.7977	0.7912	0.7923	0.7713	0.7584	0.7210	0.2708	0.1774	0.7519	0.7496	0.7504	0.7506	0.7427	0.7429	0.7256	0.7342	0.7158	0.7194	0.7189	0.7173	0.7255	0.7047	0.6734	0.6067	0.6919	0.6755	0.6853	0.6825	0.6730	0.5294	0.3231	0.2487	0.6316	0.6405	0.6390	0.6248	0.4446	0.3967	0.2306	0.1691	0.6112	0.5844	0.5548	0.4746	0.3322	0.2193	0.1630	0.1254	0.4496	0.4001	0.3358	0.2490	0.2005	0.1376	0.1112	0.0979	0.3249	0.2902	0.2277	0.1700	0.1465	0.1093	0.1046	0.0950	
0.8008	0.7935	0.7920	0.7753	0.7566	0.7243	0.2877	0.1850	0.7563	0.7490	0.7494	0.7571	0.7429	0.7447	0.7250	0.7333	0.7201	0.7209	0.7202	0.7181	0.7181	0.7061	0.6888	0.6276	0.6946	0.6764	0.6907	0.6893	0.6764	0.5519	0.3397	0.2629	0.6367	0.6479	0.6464	0.6389	0.4599	0.4198	0.2391	0.1793	0.6187	0.5931	0.5742	0.5009	0.3529	0.2345	0.1700	0.1298	0.4685	0.4206	0.3537	0.2660	0.2105	0.1436	0.1135	0.0999	0.3429	0.3054	0.2373	0.1785	0.1516	0.1108	0.1050	0.0975	
