0.1573	0.1561	0.1517	0.1501	0.1520	0.1492	0.1471	0.1500	0.1572	0.1615	0.1604	0.1576	0.1677	0.1547	0.1505	0.1553	0.1857	0.1873	0.1829	0.1656	0.1621	0.1605	0.1544	0.1614	0.1863	0.1870	0.1778	0.1758	0.1726	0.1582	0.1651	0.1596	0.1800	0.1839	0.1915	0.1750	0.1768	0.1688	0.1640	0.1679	0.2097	0.2233	0.2174	0.1860	0.1706	0.1969	0.1964	0.1833	0.2001	0.2107	0.2036	0.1934	0.1949	0.2006	0.1932	0.1899	0.2392	0.2183	0.2123	0.1841	0.1754	0.2044	0.1996	0.1787	
0.0887	0.0842	0.0844	0.0826	0.0837	0.0824	0.0825	0.0826	0.0823	0.0830	0.0835	0.0826	0.0966	0.0816	0.0823	0.0999	0.0894	0.0871	0.0864	0.0856	0.0845	0.0851	0.0850	0.0858	0.0871	0.0862	0.0857	0.0869	0.0895	0.0850	0.0855	0.0848	0.0904	0.0897	0.0891	0.0901	0.0888	0.0882	0.0873	0.0885	0.0915	0.0962	0.0948	0.0912	0.0916	0.0901	0.0900	0.0896	0.0928	0.0943	0.0948	0.0928	0.0933	0.0922	0.0922	0.0926	0.1001	0.0932	0.0954	0.0961	0.0954	0.0945	0.0942	0.0934	
0.0908	0.0858	0.0860	0.0842	0.0852	0.0848	0.0841	0.0852	0.0854	0.0860	0.0862	0.0853	0.0977	0.0854	0.0851	0.1038	0.0914	0.0891	0.0883	0.0869	0.0871	0.0869	0.0867	0.0864	0.0897	0.0893	0.0895	0.0897	0.0910	0.0882	0.0886	0.0877	0.0916	0.0920	0.0905	0.0923	0.0926	0.0899	0.0906	0.0896	0.0945	0.0998	0.0967	0.0949	0.0938	0.0936	0.0936	0.0914	0.0948	0.0950	0.0960	0.0932	0.0962	0.0946	0.0963	0.0941	0.1033	0.0966	0.0975	0.1000	0.0993	0.0976	0.0975	0.0972	
0.0926	0.0871	0.0873	0.0860	0.0866	0.0857	0.0862	0.0858	0.0886	0.0890	0.0893	0.0889	0.1003	0.0886	0.0886	0.1080	0.0925	0.0896	0.0890	0.0885	0.0879	0.0898	0.0892	0.0884	0.0932	0.0922	0.0915	0.0943	0.0932	0.0903	0.0914	0.0908	0.0928	0.0932	0.0925	0.0935	0.0945	0.0920	0.0922	0.0920	0.0972	0.1014	0.0984	0.0966	0.0956	0.0965	0.0977	0.0958	0.0953	0.0964	0.0956	0.0960	0.0965	0.0976	0.0957	0.0963	0.1041	0.0962	0.0993	0.0996	0.0992	0.0998	0.0987	0.0982	
0.0930	0.0894	0.0891	0.0885	0.0889	0.0879	0.0882	0.0895	0.0882	0.0888	0.0888	0.0880	0.1000	0.0888	0.0878	0.1069	0.0941	0.0907	0.0915	0.0888	0.0889	0.0894	0.0895	0.0895	0.0934	0.0914	0.0920	0.0924	0.0921	0.0910	0.0922	0.0925	0.0941	0.0939	0.0942	0.0967	0.0933	0.0929	0.0933	0.0937	0.0965	0.1013	0.0982	0.0959	0.0964	0.0955	0.0954	0.0951	0.0980	0.0974	0.0976	0.0960	0.0957	0.0972	0.0972	0.1015	0.1045	0.0972	0.1000	0.0995	0.0988	0.1005	0.1008	0.1022	
0.0881	0.0845	0.0834	0.0831	0.0836	0.0829	0.0827	0.0837	0.0826	0.0833	0.0832	0.0822	0.0948	0.0831	0.0822	0.0988	0.0895	0.0871	0.0860	0.0849	0.0838	0.0852	0.0856	0.0851	0.0867	0.0850	0.0854	0.0856	0.0858	0.0848	0.0867	0.0844	0.0906	0.0895	0.0895	0.0894	0.0904	0.0897	0.0884	0.0888	0.0924	0.0958	0.0948	0.0906	0.0917	0.0898	0.0889	0.0879	0.0937	0.0934	0.0933	0.0927	0.0929	0.0950	0.0942	0.0933	0.0993	0.0923	0.0941	0.0948	0.0963	0.0965	0.0959	0.0921	
0.0902	0.0862	0.0856	0.0846	0.0857	0.0843	0.0849	0.0849	0.0855	0.0862	0.0862	0.0853	0.0966	0.0851	0.0857	0.1027	0.0911	0.0882	0.0872	0.0863	0.0858	0.0863	0.0866	0.0863	0.0893	0.0878	0.0889	0.0882	0.0892	0.0884	0.0884	0.0876	0.0915	0.0908	0.0904	0.0910	0.0898	0.0899	0.0892	0.0887	0.0939	0.0998	0.0975	0.0939	0.0931	0.0927	0.0937	0.0925	0.0932	0.0956	0.0948	0.0941	0.0939	0.0946	0.0955	0.0925	0.1026	0.0946	0.0978	0.0990	0.0981	0.0993	0.0949	0.0957	
0.0936	0.0892	0.0889	0.0878	0.0885	0.0883	0.0881	0.0878	0.0896	0.0904	0.0900	0.0901	0.1012	0.0905	0.0897	0.1093	0.0938	0.0910	0.0897	0.0898	0.0883	0.0894	0.0895	0.0902	0.0937	0.0921	0.0922	0.0921	0.0946	0.0915	0.0947	0.0931	0.0927	0.0933	0.0934	0.0929	0.0933	0.0916	0.0927	0.0931	0.0976	0.1032	0.1016	0.0971	0.0980	0.0975	0.0975	0.0960	0.0965	0.0958	0.0974	0.0965	0.0964	0.1009	0.0975	0.0964	0.1049	0.0974	0.0993	0.1013	0.1011	0.1004	0.0998	0.0973	
0.0877	0.0839	0.0830	0.0826	0.0833	0.0824	0.0822	0.0831	0.0816	0.0817	0.0813	0.0808	0.0926	0.0804	0.0800	0.0996	0.0884	0.0853	0.0840	0.0834	0.0831	0.0830	0.0828	0.0833	0.0865	0.0853	0.0840	0.0845	0.0840	0.0826	0.0846	0.0841	0.0892	0.0888	0.0883	0.0889	0.0882	0.0861	0.0872	0.0875	0.0904	0.0954	0.0938	0.0897	0.0887	0.0882	0.0872	0.0882	0.0922	0.0928	0.0922	0.0915	0.0925	0.0930	0.0911	0.0906	0.0981	0.0920	0.0938	0.0948	0.0955	0.0960	0.0906	0.0909	
0.0905	0.0855	0.0856	0.0845	0.0849	0.0840	0.0844	0.0842	0.0850	0.0850	0.0850	0.0844	0.0961	0.0843	0.0837	0.1032	0.0905	0.0873	0.0868	0.0857	0.0859	0.0856	0.0851	0.0854	0.0884	0.0869	0.0888	0.0870	0.0879	0.0873	0.0884	0.0872	0.0909	0.0903	0.0900	0.0904	0.0905	0.0884	0.0890	0.0874	0.0925	0.0975	0.0962	0.0925	0.0940	0.0913	0.0919	0.0910	0.0927	0.0942	0.0944	0.0932	0.0928	0.0933	0.0912	0.0941	0.1019	0.0942	0.0958	0.0982	0.0958	0.0955	0.0973	0.0979	
0.0934	0.0879	0.0878	0.0866	0.0875	0.0868	0.0865	0.0871	0.0891	0.0900	0.0891	0.0892	0.1002	0.0891	0.0886	0.1093	0.0924	0.0894	0.0888	0.0884	0.0883	0.0886	0.0887	0.0881	0.0918	0.0907	0.0910	0.0911	0.0920	0.0904	0.0916	0.0919	0.0914	0.0923	0.0918	0.0924	0.0915	0.0901	0.0904	0.0911	0.0959	0.1008	0.0993	0.0959	0.0948	0.0948	0.0962	0.0948	0.0948	0.0950	0.0953	0.0942	0.0947	0.0944	0.0938	0.0963	0.1037	0.0965	0.0974	0.0980	0.0970	0.0966	0.0961	0.0961	
0.0889	0.0845	0.0838	0.0833	0.0837	0.0829	0.0832	0.0844	0.0828	0.0823	0.0826	0.0818	0.0932	0.0805	0.0807	0.1014	0.0888	0.0858	0.0847	0.0836	0.0828	0.0834	0.0839	0.0840	0.0873	0.0847	0.0857	0.0853	0.0855	0.0837	0.0849	0.0838	0.0886	0.0886	0.0873	0.0893	0.0878	0.0866	0.0871	0.0880	0.0901	0.0948	0.0936	0.0895	0.0897	0.0871	0.0877	0.0886	0.0918	0.0923	0.0933	0.0905	0.0907	0.0911	0.0903	0.0906	0.0983	0.0917	0.0940	0.0941	0.0939	0.0918	0.0896	0.0906	
0.0895	0.0853	0.0847	0.0837	0.0842	0.0835	0.0833	0.0850	0.0837	0.0845	0.0846	0.0841	0.0955	0.0831	0.0833	0.1010	0.0897	0.0871	0.0854	0.0852	0.0847	0.0848	0.0840	0.0846	0.0876	0.0861	0.0871	0.0866	0.0865	0.0856	0.0858	0.0859	0.0891	0.0897	0.0888	0.0909	0.0877	0.0865	0.0874	0.0874	0.0923	0.0969	0.0950	0.0907	0.0900	0.0889	0.0899	0.0894	0.0926	0.0931	0.0922	0.0921	0.0919	0.0923	0.0911	0.0929	0.0995	0.0932	0.0954	0.0948	0.0949	0.0940	0.0922	0.0918	
0.0916	0.0873	0.0868	0.0857	0.0863	0.0858	0.0859	0.0864	0.0881	0.0878	0.0878	0.0878	0.0994	0.0883	0.0880	0.1072	0.0926	0.0885	0.0875	0.0874	0.0867	0.0871	0.0872	0.0878	0.0912	0.0890	0.0898	0.0895	0.0907	0.0891	0.0888	0.0896	0.0905	0.0908	0.0910	0.0911	0.0898	0.0902	0.0902	0.0904	0.0942	0.1004	0.0980	0.0945	0.0942	0.0938	0.0939	0.0949	0.0933	0.0943	0.0945	0.0936	0.0933	0.0925	0.0924	0.0925	0.1007	0.0947	0.0956	0.0967	0.0976	0.0957	0.0936	0.0955	
0.0880	0.0840	0.0834	0.0827	0.0835	0.0824	0.0826	0.0827	0.0823	0.0822	0.0816	0.0816	0.0927	0.0805	0.0807	0.0994	0.0885	0.0851	0.0847	0.0830	0.0828	0.0831	0.0837	0.0835	0.0862	0.0844	0.0836	0.0833	0.0849	0.0829	0.0833	0.0855	0.0888	0.0879	0.0879	0.0871	0.0874	0.0866	0.0864	0.0867	0.0891	0.0946	0.0926	0.0890	0.0898	0.0865	0.0869	0.0869	0.0920	0.0919	0.0911	0.0915	0.0918	0.0903	0.0905	0.0888	0.0983	0.0918	0.0919	0.0930	0.0942	0.0910	0.0895	0.0902	
0.0901	0.0851	0.0850	0.0836	0.0845	0.0837	0.0837	0.0838	0.0844	0.0841	0.0843	0.0835	0.0950	0.0833	0.0831	0.1024	0.0887	0.0861	0.0850	0.0845	0.0839	0.0843	0.0840	0.0840	0.0876	0.0858	0.0861	0.0866	0.0862	0.0854	0.0854	0.0854	0.0894	0.0890	0.0893	0.0893	0.0880	0.0875	0.0877	0.0871	0.0911	0.0958	0.0952	0.0909	0.0907	0.0898	0.0894	0.0880	0.0927	0.0928	0.0938	0.0917	0.0912	0.0916	0.0897	0.0920	0.0998	0.0937	0.0944	0.0951	0.0953	0.0954	0.0919	0.0918	
0.0918	0.0864	0.0864	0.0852	0.0861	0.0850	0.0852	0.0860	0.0867	0.0871	0.0873	0.0864	0.0978	0.0862	0.0858	0.1058	0.0908	0.0872	0.0870	0.0861	0.0858	0.0857	0.0860	0.0864	0.0889	0.0874	0.0883	0.0886	0.0884	0.0873	0.0891	0.0906	0.0895	0.0903	0.0905	0.0905	0.0894	0.0886	0.0883	0.0885	0.0921	0.0980	0.0966	0.0937	0.0920	0.0912	0.0917	0.0914	0.0936	0.0934	0.0940	0.0925	0.0923	0.0918	0.0903	0.0908	0.1006	0.0943	0.0965	0.0964	0.0960	0.0969	0.0932	0.0940	
0.0937	0.0898	0.0895	0.0890	0.0886	0.0876	0.0880	0.0887	0.0885	0.0882	0.0890	0.0881	0.0995	0.0885	0.0878	0.1080	0.0929	0.0898	0.0885	0.0877	0.0873	0.0875	0.0878	0.0873	0.0919	0.0902	0.0901	0.0898	0.0908	0.0901	0.0899	0.0914	0.0911	0.0924	0.0917	0.0926	0.0909	0.0906	0.0914	0.0906	0.0948	0.0992	0.0970	0.0931	0.0927	0.0929	0.0948	0.0961	0.0949	0.0953	0.0954	0.0935	0.0941	0.0959	0.0938	0.0941	0.1026	0.0965	0.0960	0.0975	0.0989	0.0983	0.0951	0.0973	
0.0896	0.0851	0.0847	0.0837	0.0843	0.0834	0.0839	0.0841	0.0835	0.0839	0.0833	0.0826	0.0944	0.0818	0.0817	0.1002	0.0894	0.0851	0.0847	0.0840	0.0843	0.0845	0.0838	0.0839	0.0859	0.0840	0.0852	0.0838	0.0846	0.0845	0.0834	0.0839	0.0885	0.0894	0.0890	0.0888	0.0874	0.0876	0.0874	0.0867	0.0905	0.0965	0.0932	0.0883	0.0878	0.0877	0.0887	0.0867	0.0922	0.0931	0.0933	0.0918	0.0915	0.0906	0.0901	0.0906	0.0987	0.0905	0.0936	0.0943	0.0935	0.0932	0.0898	0.0895	
0.0915	0.0868	0.0858	0.0852	0.0862	0.0848	0.0848	0.0851	0.0856	0.0866	0.0860	0.0858	0.0970	0.0851	0.0846	0.1032	0.0903	0.0878	0.0864	0.0850	0.0852	0.0858	0.0853	0.0850	0.0877	0.0864	0.0874	0.0874	0.0878	0.0864	0.0863	0.0862	0.0897	0.0908	0.0891	0.0894	0.0892	0.0883	0.0887	0.0884	0.0930	0.0980	0.0959	0.0917	0.0914	0.0901	0.0908	0.0913	0.0929	0.0937	0.0931	0.0903	0.0901	0.0920	0.0922	0.0914	0.1010	0.0931	0.0953	0.0944	0.0961	0.0954	0.0948	0.0921	
0.0952	0.0902	0.0904	0.0893	0.0899	0.0892	0.0893	0.0891	0.0914	0.0916	0.0917	0.0913	0.1024	0.0917	0.0911	0.1101	0.0946	0.0903	0.0896	0.0896	0.0888	0.0890	0.0891	0.0884	0.0933	0.0922	0.0923	0.0927	0.0934	0.0922	0.0924	0.0922	0.0930	0.0926	0.0927	0.0930	0.0921	0.0917	0.0924	0.0914	0.0972	0.1025	0.0994	0.0968	0.0961	0.0964	0.0963	0.0949	0.0960	0.0968	0.0974	0.0941	0.0936	0.0954	0.0958	0.0941	0.1053	0.0971	0.0971	0.0982	0.0993	0.0987	0.0991	0.0982	
0.0897	0.0846	0.0838	0.0833	0.0832	0.0830	0.0828	0.0838	0.0822	0.0821	0.0826	0.0816	0.0930	0.0806	0.0805	0.1003	0.0882	0.0850	0.0840	0.0826	0.0821	0.0832	0.0834	0.0832	0.0852	0.0830	0.0830	0.0834	0.0840	0.0816	0.0826	0.0825	0.0876	0.0882	0.0883	0.0879	0.0873	0.0855	0.0862	0.0864	0.0885	0.0927	0.0922	0.0876	0.0868	0.0865	0.0860	0.0855	0.0903	0.0898	0.0915	0.0884	0.0895	0.0889	0.0910	0.0890	0.0968	0.0888	0.0911	0.0902	0.0911	0.0911	0.0896	0.0879	
0.0917	0.0861	0.0858	0.0846	0.0854	0.0845	0.0843	0.0848	0.0851	0.0856	0.0857	0.0851	0.0967	0.0844	0.0843	0.1036	0.0897	0.0870	0.0854	0.0850	0.0845	0.0845	0.0841	0.0844	0.0876	0.0854	0.0867	0.0864	0.0872	0.0863	0.0858	0.0853	0.0873	0.0889	0.0884	0.0884	0.0884	0.0865	0.0867	0.0859	0.0917	0.0976	0.0937	0.0919	0.0900	0.0898	0.0905	0.0882	0.0911	0.0921	0.0921	0.0902	0.0895	0.0916	0.0913	0.0902	0.0991	0.0920	0.0937	0.0937	0.0933	0.0933	0.0926	0.0922	
0.0945	0.0895	0.0892	0.0885	0.0881	0.0886	0.0878	0.0878	0.0903	0.0904	0.0901	0.0900	0.1017	0.0904	0.0895	0.1100	0.0930	0.0896	0.0887	0.0887	0.0879	0.0879	0.0878	0.0884	0.0924	0.0905	0.0912	0.0909	0.0909	0.0903	0.0912	0.0912	0.0911	0.0916	0.0915	0.0917	0.0905	0.0899	0.0907	0.0916	0.0958	0.1021	0.0993	0.0954	0.0947	0.0944	0.0956	0.0929	0.0943	0.0947	0.0941	0.0933	0.0931	0.0937	0.0934	0.0930	0.1017	0.0957	0.0972	0.0964	0.0969	0.0976	0.0974	0.0964	
0.0891	0.0840	0.0838	0.0832	0.0841	0.0827	0.0826	0.0831	0.0817	0.0820	0.0822	0.0815	0.0932	0.0811	0.0807	0.1006	0.0873	0.0845	0.0835	0.0828	0.0820	0.0836	0.0830	0.0833	0.0854	0.0832	0.0828	0.0838	0.0832	0.0821	0.0817	0.0824	0.0876	0.0872	0.0868	0.0868	0.0863	0.0852	0.0857	0.0860	0.0882	0.0918	0.0914	0.0856	0.0864	0.0845	0.0860	0.0841	0.0902	0.0911	0.0901	0.0886	0.0883	0.0887	0.0896	0.0884	0.0961	0.0888	0.0903	0.0893	0.0890	0.0893	0.0903	0.0888	
0.0928	0.0873	0.0870	0.0864	0.0869	0.0863	0.0862	0.0860	0.0882	0.0876	0.0878	0.0875	0.0989	0.0867	0.0864	0.1051	0.0915	0.0878	0.0867	0.0863	0.0858	0.0866	0.0868	0.0868	0.0888	0.0871	0.0879	0.0869	0.0886	0.0867	0.0871	0.0877	0.0896	0.0897	0.0901	0.0891	0.0891	0.0885	0.0879	0.0880	0.0935	0.0983	0.0957	0.0924	0.0929	0.0909	0.0912	0.0901	0.0931	0.0943	0.0942	0.0908	0.0913	0.0927	0.0923	0.0910	0.1017	0.0948	0.0964	0.0959	0.0948	0.0960	0.0959	0.0937	
0.0897	0.0847	0.0840	0.0837	0.0840	0.0832	0.0830	0.0836	0.0832	0.0826	0.0826	0.0820	0.0937	0.0813	0.0810	0.1004	0.0875	0.0846	0.0835	0.0826	0.0826	0.0831	0.0824	0.0826	0.0850	0.0834	0.0835	0.0834	0.0842	0.0820	0.0826	0.0831	0.0866	0.0865	0.0859	0.0859	0.0856	0.0842	0.0854	0.0846	0.0885	0.0924	0.0915	0.0872	0.0860	0.0863	0.0865	0.0863	0.0903	0.0920	0.0909	0.0883	0.0891	0.0898	0.0886	0.0891	0.0965	0.0888	0.0908	0.0898	0.0896	0.0886	0.0891	0.0896	
0.0928	0.0863	0.0860	0.0854	0.0854	0.0850	0.0848	0.0843	0.0857	0.0871	0.0862	0.0858	0.0971	0.0853	0.0849	0.1044	0.0899	0.0872	0.0858	0.0852	0.0850	0.0850	0.0845	0.0850	0.0879	0.0861	0.0866	0.0857	0.0870	0.0863	0.0858	0.0849	0.0886	0.0889	0.0891	0.0890	0.0879	0.0866	0.0870	0.0868	0.0914	0.0964	0.0945	0.0903	0.0903	0.0889	0.0895	0.0888	0.0914	0.0923	0.0912	0.0909	0.0895	0.0911	0.0907	0.0899	0.0992	0.0917	0.0940	0.0933	0.0931	0.0915	0.0926	0.0921	
0.0946	0.0898	0.0894	0.0890	0.0886	0.0883	0.0885	0.0885	0.0883	0.0889	0.0885	0.0887	0.0991	0.0886	0.0873	0.1074	0.0929	0.0898	0.0887	0.0876	0.0868	0.0876	0.0875	0.0872	0.0898	0.0889	0.0887	0.0877	0.0890	0.0875	0.0878	0.0892	0.0909	0.0903	0.0907	0.0909	0.0892	0.0891	0.0892	0.0884	0.0943	0.0978	0.0947	0.0912	0.0913	0.0915	0.0902	0.0916	0.0939	0.0938	0.0941	0.0925	0.0920	0.0928	0.0929	0.0921	0.1008	0.0943	0.0952	0.0956	0.0948	0.0950	0.0949	0.0962	
0.0919	0.0853	0.0855	0.0837	0.0850	0.0838	0.0838	0.0837	0.0847	0.0845	0.0841	0.0840	0.0951	0.0830	0.0833	0.1020	0.0896	0.0858	0.0845	0.0838	0.0840	0.0836	0.0838	0.0837	0.0853	0.0842	0.0845	0.0842	0.0851	0.0841	0.0841	0.0831	0.0870	0.0874	0.0870	0.0868	0.0858	0.0855	0.0859	0.0852	0.0895	0.0952	0.0927	0.0883	0.0885	0.0877	0.0870	0.0867	0.0900	0.0911	0.0906	0.0880	0.0891	0.0882	0.0881	0.0886	0.0971	0.0900	0.0932	0.0913	0.0913	0.0920	0.0909	0.0901	
0.0953	0.0895	0.0895	0.0887	0.0889	0.0886	0.0885	0.0878	0.0906	0.0903	0.0903	0.0897	0.1014	0.0905	0.0895	0.1095	0.0928	0.0894	0.0885	0.0879	0.0875	0.0885	0.0885	0.0877	0.0906	0.0899	0.0894	0.0896	0.0898	0.0894	0.0891	0.0891	0.0902	0.0913	0.0903	0.0912	0.0904	0.0895	0.0893	0.0894	0.0934	0.0999	0.0975	0.0937	0.0946	0.0932	0.0933	0.0921	0.0935	0.0935	0.0933	0.0919	0.0918	0.0920	0.0920	0.0934	0.1000	0.0941	0.0968	0.0953	0.0952	0.0943	0.0946	0.0964	
0.0907	0.0844	0.0847	0.0827	0.0842	0.0829	0.0829	0.0834	0.0824	0.0828	0.0825	0.0822	0.0931	0.0810	0.0803	0.1004	0.0879	0.0849	0.0835	0.0835	0.0824	0.0831	0.0825	0.0830	0.0843	0.0823	0.0833	0.0823	0.0829	0.0815	0.0819	0.0813	0.0869	0.0869	0.0861	0.0871	0.0851	0.0848	0.0852	0.0844	0.0870	0.0927	0.0900	0.0863	0.0856	0.0846	0.0846	0.0835	0.0887	0.0903	0.0899	0.0889	0.0877	0.0879	0.0871	0.0878	0.0947	0.0882	0.0895	0.0890	0.0893	0.0880	0.0891	0.0883	
0.0934	0.0868	0.0864	0.0854	0.0861	0.0858	0.0851	0.0851	0.0869	0.0866	0.0869	0.0862	0.0978	0.0857	0.0851	0.1026	0.0906	0.0875	0.0857	0.0857	0.0853	0.0853	0.0854	0.0851	0.0869	0.0857	0.0864	0.0863	0.0865	0.0852	0.0854	0.0851	0.0875	0.0879	0.0882	0.0880	0.0870	0.0870	0.0868	0.0855	0.0906	0.0957	0.0941	0.0896	0.0884	0.0884	0.0877	0.0876	0.0911	0.0918	0.0916	0.0901	0.0892	0.0904	0.0902	0.0905	0.0995	0.0916	0.0926	0.0923	0.0922	0.0918	0.0927	0.0920	
0.0971	0.0907	0.0909	0.0900	0.0905	0.0897	0.0892	0.0891	0.0915	0.0918	0.0912	0.0908	0.1024	0.0913	0.0905	0.1089	0.0943	0.0953	0.0892	0.0893	0.0888	0.0884	0.0889	0.0883	0.0918	0.0909	0.0902	0.0914	0.0911	0.0905	0.0907	0.0912	0.0911	0.0915	0.0912	0.0913	0.0904	0.0902	0.0901	0.0895	0.0947	0.1017	0.0974	0.0946	0.0935	0.0944	0.0937	0.0924	0.0937	0.0942	0.0955	0.0945	0.0931	0.0934	0.0938	0.0941	0.1028	0.0950	0.0965	0.0965	0.0965	0.0961	0.0967	0.0963	
0.0918	0.0848	0.0847	0.0838	0.0837	0.0828	0.0826	0.0835	0.0830	0.0828	0.0827	0.0814	0.0933	0.0808	0.0807	0.1001	0.0883	0.0850	0.0839	0.0832	0.0829	0.0832	0.0826	0.0828	0.0844	0.0827	0.0828	0.0831	0.0832	0.0818	0.0817	0.0805	0.0865	0.0866	0.0859	0.0859	0.0852	0.0844	0.0859	0.0854	0.0867	0.0919	0.0895	0.0859	0.0859	0.0847	0.0847	0.0835	0.0891	0.0896	0.0909	0.0884	0.0881	0.0872	0.0881	0.0899	0.0957	0.0875	0.0889	0.0887	0.0895	0.0869	0.0880	0.0873	
0.0944	0.0863	0.0861	0.0854	0.0855	0.0846	0.0846	0.0845	0.0861	0.0861	0.0855	0.0851	0.0971	0.0846	0.0835	0.1040	0.0894	0.0866	0.0848	0.0847	0.0843	0.0844	0.0845	0.0848	0.0871	0.0851	0.0856	0.0854	0.0862	0.0847	0.0851	0.0847	0.0872	0.0879	0.0871	0.0871	0.0865	0.0851	0.0858	0.0854	0.0903	0.0950	0.0926	0.0886	0.0894	0.0869	0.0874	0.0865	0.0899	0.0902	0.0912	0.0891	0.0885	0.0893	0.0878	0.0900	0.0978	0.0911	0.0922	0.0922	0.0920	0.0912	0.0911	0.0913	
0.0976	0.0900	0.0895	0.0888	0.0885	0.0885	0.0883	0.0875	0.0914	0.0914	0.0903	0.0903	0.1013	0.0907	0.0900	0.1093	0.0931	0.0898	0.0885	0.0885	0.0875	0.0877	0.0881	0.0877	0.0905	0.0896	0.0905	0.0902	0.0903	0.0894	0.0906	0.0881	0.0894	0.0897	0.0895	0.0896	0.0886	0.0877	0.0883	0.0885	0.0936	0.0992	0.0972	0.0924	0.0928	0.0914	0.0926	0.0914	0.0931	0.0929	0.0921	0.0900	0.0910	0.0917	0.0914	0.0913	0.0998	0.0929	0.0950	0.0949	0.0944	0.0935	0.0941	0.0953	
0.0936	0.0857	0.0852	0.0846	0.0848	0.0833	0.0829	0.0835	0.0847	0.0832	0.0835	0.0826	0.0944	0.0817	0.0813	0.1014	0.0879	0.0846	0.0837	0.0831	0.0827	0.0824	0.0826	0.0832	0.0853	0.0828	0.0829	0.0825	0.0837	0.0813	0.0822	0.0821	0.0861	0.0862	0.0860	0.0862	0.0844	0.0842	0.0844	0.0840	0.0867	0.0913	0.0898	0.0857	0.0844	0.0839	0.0836	0.0837	0.0893	0.0890	0.0898	0.0876	0.0880	0.0883	0.0870	0.0872	0.0958	0.0879	0.0880	0.0887	0.0894	0.0876	0.0868	0.0879	
0.0955	0.0867	0.0858	0.0853	0.0853	0.0845	0.0841	0.0845	0.0863	0.0852	0.0847	0.0838	0.0960	0.0837	0.0830	0.1024	0.0894	0.0875	0.0849	0.0843	0.0834	0.0838	0.0845	0.0839	0.0858	0.0842	0.0844	0.0844	0.0852	0.0838	0.0838	0.0834	0.0861	0.0870	0.0867	0.0865	0.0857	0.0848	0.0850	0.0848	0.0893	0.0934	0.0900	0.0873	0.0870	0.0863	0.0866	0.0870	0.0896	0.0900	0.0909	0.0885	0.0889	0.0886	0.0880	0.0877	0.0962	0.0904	0.0913	0.0901	0.0903	0.0895	0.0894	0.0901	
0.0974	0.0884	0.0881	0.0871	0.0872	0.0866	0.0863	0.0863	0.0894	0.0881	0.0881	0.0871	0.0988	0.0867	0.0864	0.1050	0.0915	0.0882	0.0868	0.0860	0.0857	0.0861	0.0859	0.0857	0.0874	0.0868	0.0865	0.0866	0.0873	0.0865	0.0862	0.0862	0.0879	0.0885	0.0874	0.0877	0.0870	0.0859	0.0864	0.0865	0.0907	0.0965	0.0931	0.0894	0.0881	0.0892	0.0893	0.0884	0.0913	0.0918	0.0915	0.0905	0.0891	0.0901	0.0903	0.0901	0.0975	0.0922	0.0930	0.0919	0.0930	0.0919	0.0909	0.0916	
0.0989	0.0905	0.0897	0.0897	0.0893	0.0885	0.0883	0.0878	0.0905	0.0891	0.0885	0.0882	0.0994	0.0884	0.0874	0.1067	0.0932	0.0899	0.0879	0.0878	0.0868	0.0875	0.0871	0.0863	0.0884	0.0880	0.0880	0.0876	0.0875	0.0877	0.0876	0.0883	0.0886	0.0886	0.0882	0.0885	0.0886	0.0876	0.0869	0.0875	0.0896	0.0955	0.0937	0.0893	0.0898	0.0890	0.0896	0.0916	0.0915	0.0926	0.0922	0.0902	0.0904	0.0913	0.0908	0.0912	0.1011	0.0922	0.0934	0.0940	0.0938	0.0924	0.0923	0.0951	
0.0975	0.0871	0.0863	0.0853	0.0860	0.0847	0.0840	0.0847	0.0868	0.0850	0.0849	0.0836	0.0956	0.0830	0.0824	0.1014	0.0905	0.0867	0.0853	0.0845	0.0850	0.0847	0.0838	0.0847	0.0859	0.0845	0.0843	0.0840	0.0846	0.0832	0.0828	0.0831	0.0867	0.0869	0.0865	0.0872	0.0862	0.0852	0.0856	0.0847	0.0883	0.0932	0.0912	0.0867	0.0867	0.0860	0.0852	0.0843	0.0895	0.0904	0.0905	0.0886	0.0890	0.0883	0.0882	0.0892	0.0960	0.0887	0.0906	0.0887	0.0892	0.0890	0.0889	0.0867	
0.0995	0.0885	0.0875	0.0863	0.0863	0.0854	0.0850	0.0845	0.0891	0.0871	0.0868	0.0861	0.0975	0.0857	0.0847	0.1037	0.0907	0.0873	0.0858	0.0853	0.0844	0.0846	0.0850	0.0845	0.0870	0.0858	0.0860	0.0860	0.0864	0.0846	0.0852	0.0848	0.0861	0.0867	0.0864	0.0862	0.0858	0.0843	0.0853	0.0851	0.0902	0.0956	0.0931	0.0887	0.0884	0.0879	0.0871	0.0868	0.0903	0.0906	0.0907	0.0897	0.0885	0.0891	0.0888	0.0889	0.0975	0.0907	0.0912	0.0917	0.0915	0.0910	0.0902	0.0902	
0.1031	0.0912	0.0908	0.0897	0.0893	0.0890	0.0885	0.0878	0.0929	0.0916	0.0909	0.0907	0.1021	0.0908	0.0895	0.1090	0.0933	0.0903	0.0887	0.0889	0.0880	0.0877	0.0885	0.0880	0.0901	0.0894	0.0900	0.0899	0.0900	0.0888	0.0904	0.0890	0.0883	0.0890	0.0891	0.0897	0.0878	0.0878	0.0880	0.0876	0.0922	0.0983	0.0950	0.0916	0.0921	0.0924	0.0930	0.0923	0.0913	0.0921	0.0919	0.0907	0.0911	0.0911	0.0904	0.0909	0.1002	0.0933	0.0951	0.0943	0.0933	0.0932	0.0933	0.0935	
0.0990	0.0860	0.0852	0.0849	0.0839	0.0826	0.0827	0.0826	0.0855	0.0830	0.0827	0.0819	0.0931	0.0802	0.0805	0.0997	0.0879	0.0844	0.0835	0.0826	0.0822	0.0825	0.0822	0.0817	0.0843	0.0817	0.0818	0.0813	0.0822	0.0806	0.0812	0.0803	0.0848	0.0848	0.0844	0.0842	0.0844	0.0824	0.0822	0.0822	0.0853	0.0889	0.0877	0.0832	0.0836	0.0825	0.0822	0.0824	0.0877	0.0878	0.0871	0.0860	0.0860	0.0854	0.0857	0.0858	0.0936	0.0868	0.0875	0.0871	0.0866	0.0867	0.0850	0.0863	
0.1028	0.0878	0.0875	0.0861	0.0861	0.0845	0.0845	0.0840	0.0892	0.0860	0.0854	0.0844	0.0958	0.0839	0.0830	0.1014	0.0906	0.0869	0.0852	0.0848	0.0854	0.0843	0.0841	0.0841	0.0861	0.0842	0.0842	0.0842	0.0846	0.0827	0.0833	0.0825	0.0864	0.0855	0.0860	0.0866	0.0849	0.0837	0.0845	0.0845	0.0866	0.0930	0.0900	0.0858	0.0852	0.0850	0.0854	0.0845	0.0895	0.0901	0.0901	0.0881	0.0878	0.0873	0.0866	0.0876	0.0971	0.0895	0.0902	0.0894	0.0899	0.0887	0.0886	0.0879	
0.1054	0.0902	0.0894	0.0885	0.0880	0.0868	0.0864	0.0863	0.0928	0.0896	0.0893	0.0888	0.0993	0.0871	0.0864	0.1043	0.0922	0.0883	0.0871	0.0869	0.0853	0.0859	0.0862	0.0857	0.0884	0.0876	0.0868	0.0875	0.0881	0.0865	0.0868	0.0861	0.0871	0.0873	0.0872	0.0871	0.0868	0.0858	0.0867	0.0854	0.0895	0.0954	0.0929	0.0886	0.0880	0.0876	0.0879	0.0882	0.0902	0.0916	0.0905	0.0893	0.0889	0.0890	0.0883	0.0885	0.0971	0.0907	0.0912	0.0921	0.0915	0.0912	0.0907	0.0910	
0.1084	0.0937	0.0923	0.0919	0.0911	0.0902	0.0896	0.0886	0.0959	0.0916	0.0915	0.0907	0.1022	0.0908	0.0900	0.1087	0.0950	0.0911	0.0898	0.0891	0.0877	0.0883	0.0888	0.0886	0.0913	0.0898	0.0908	0.0897	0.0903	0.0895	0.0904	0.0901	0.0893	0.0891	0.0892	0.0890	0.0889	0.0885	0.0887	0.0882	0.0922	0.0971	0.0952	0.0909	0.0915	0.0911	0.0906	0.0917	0.0936	0.0932	0.0934	0.0922	0.0904	0.0929	0.0906	0.0912	0.1015	0.0946	0.0940	0.0943	0.0942	0.0938	0.0940	0.0947	
0.1066	0.0881	0.0875	0.0860	0.0855	0.0840	0.0832	0.0838	0.0892	0.0837	0.0844	0.0833	0.0937	0.0814	0.0810	0.1004	0.0900	0.0859	0.0846	0.0838	0.0832	0.0828	0.0834	0.0830	0.0837	0.0826	0.0831	0.0822	0.0829	0.0811	0.0813	0.0811	0.0854	0.0845	0.0846	0.0848	0.0837	0.0829	0.0830	0.0834	0.0852	0.0894	0.0879	0.0826	0.0821	0.0823	0.0832	0.0822	0.0893	0.0885	0.0879	0.0867	0.0869	0.0862	0.0861	0.0868	0.0930	0.0859	0.0860	0.0862	0.0874	0.0865	0.0854	0.0861	
0.1111	0.0909	0.0901	0.0884	0.0873	0.0858	0.0853	0.0847	0.0937	0.0885	0.0879	0.0871	0.0976	0.0859	0.0849	0.1043	0.0924	0.0883	0.0859	0.0858	0.0849	0.0853	0.0849	0.0853	0.0870	0.0856	0.0862	0.0865	0.0859	0.0841	0.0849	0.0853	0.0865	0.0860	0.0866	0.0859	0.0855	0.0859	0.0853	0.0836	0.0880	0.0932	0.0918	0.0875	0.0861	0.0862	0.0863	0.0862	0.0890	0.0902	0.0904	0.0886	0.0884	0.0878	0.0872	0.0877	0.0970	0.0907	0.0906	0.0905	0.0900	0.0900	0.0894	0.0898	
0.1147	0.0945	0.0939	0.0923	0.0907	0.0893	0.0888	0.0885	0.0971	0.0912	0.0910	0.0902	0.1012	0.0899	0.0885	0.1075	0.0965	0.0915	0.0891	0.0885	0.0872	0.0875	0.0882	0.0876	0.0901	0.0890	0.0894	0.0887	0.0889	0.0879	0.0885	0.0893	0.0896	0.0885	0.0881	0.0886	0.0874	0.0873	0.0871	0.0869	0.0907	0.0959	0.0923	0.0899	0.0894	0.0890	0.0889	0.0898	0.0914	0.0915	0.0920	0.0903	0.0894	0.0899	0.0898	0.0893	0.0993	0.0925	0.0934	0.0932	0.0929	0.0915	0.0921	0.0931	
0.1171	0.0922	0.0910	0.0890	0.0871	0.0858	0.0853	0.0845	0.0947	0.0872	0.0872	0.0860	0.0969	0.0846	0.0834	0.1033	0.0931	0.0882	0.0863	0.0856	0.0849	0.0850	0.0851	0.0847	0.0865	0.0849	0.0854	0.0848	0.0852	0.0838	0.0845	0.0831	0.0864	0.0862	0.0859	0.0865	0.0856	0.0845	0.0849	0.0845	0.0871	0.0920	0.0903	0.0853	0.0860	0.0846	0.0845	0.0848	0.0886	0.0892	0.0883	0.0874	0.0869	0.0868	0.0871	0.0876	0.0954	0.0892	0.0900	0.0898	0.0891	0.0884	0.0876	0.0885	
0.1215	0.0937	0.0927	0.0903	0.0889	0.0871	0.0857	0.0859	0.0979	0.0905	0.0900	0.0888	0.0992	0.0875	0.0863	0.1062	0.0942	0.0897	0.0875	0.0867	0.0858	0.0855	0.0858	0.0861	0.0891	0.0871	0.0873	0.0866	0.0874	0.0859	0.0863	0.0859	0.0865	0.0873	0.0866	0.0872	0.0862	0.0859	0.0864	0.0855	0.0895	0.0940	0.0916	0.0881	0.0869	0.0867	0.0870	0.0877	0.0899	0.0898	0.0895	0.0878	0.0883	0.0878	0.0883	0.0881	0.0974	0.0908	0.0913	0.0911	0.0912	0.0895	0.0906	0.0896	
0.1214	0.0932	0.0918	0.0907	0.0879	0.0860	0.0855	0.0851	0.0979	0.0876	0.0881	0.0869	0.0970	0.0850	0.0833	0.1027	0.0935	0.0885	0.0862	0.0854	0.0844	0.0844	0.0843	0.0835	0.0868	0.0845	0.0844	0.0854	0.0852	0.0842	0.0838	0.0844	0.0859	0.0861	0.0855	0.0859	0.0843	0.0836	0.0841	0.0830	0.0871	0.0910	0.0891	0.0859	0.0852	0.0837	0.0837	0.0847	0.0892	0.0892	0.0883	0.0886	0.0863	0.0867	0.0869	0.0859	0.0959	0.0887	0.0895	0.0891	0.0898	0.0880	0.0870	0.0877	
0.1272	0.0935	0.0923	0.0897	0.0872	0.0852	0.0844	0.0843	0.0995	0.0882	0.0885	0.0866	0.0972	0.0848	0.0833	0.1036	0.0944	0.0893	0.0862	0.0855	0.0844	0.0843	0.0840	0.0841	0.0867	0.0845	0.0849	0.0840	0.0845	0.0836	0.0839	0.0832	0.0857	0.0854	0.0853	0.0856	0.0850	0.0836	0.0844	0.0838	0.0866	0.0912	0.0887	0.0848	0.0849	0.0845	0.0837	0.0842	0.0881	0.0884	0.0879	0.0876	0.0862	0.0861	0.0857	0.0866	0.0953	0.0885	0.0889	0.0884	0.0896	0.0884	0.0871	0.0868	
0.1315	0.0951	0.0943	0.0919	0.0890	0.0869	0.0862	0.0857	0.1033	0.0912	0.0908	0.0896	0.1000	0.0886	0.0864	0.1054	0.0961	0.0892	0.0876	0.0866	0.0857	0.0860	0.0863	0.0856	0.0887	0.0866	0.0870	0.0875	0.0869	0.0858	0.0857	0.0864	0.0859	0.0858	0.0860	0.0859	0.0853	0.0845	0.0848	0.0845	0.0885	0.0941	0.0918	0.0877	0.0874	0.0872	0.0876	0.0877	0.0893	0.0884	0.0881	0.0870	0.0866	0.0877	0.0870	0.0867	0.0962	0.0891	0.0895	0.0905	0.0895	0.0892	0.0887	0.0889	
0.1351	0.0949	0.0935	0.0905	0.0875	0.0850	0.0840	0.0836	0.1013	0.0871	0.0875	0.0860	0.0960	0.0834	0.0821	0.1026	0.0947	0.0877	0.0858	0.0845	0.0831	0.0833	0.0832	0.0821	0.0864	0.0839	0.0847	0.0842	0.0844	0.0828	0.0823	0.0821	0.0848	0.0845	0.0848	0.0857	0.0835	0.0828	0.0831	0.0829	0.0840	0.0884	0.0868	0.0833	0.0834	0.0816	0.0813	0.0813	0.0876	0.0871	0.0875	0.0863	0.0851	0.0860	0.0848	0.0841	0.0937	0.0871	0.0873	0.0865	0.0875	0.0862	0.0851	0.0859	
0.1445	0.0979	0.0970	0.0929	0.0884	0.0859	0.0849	0.0843	0.1062	0.0896	0.0901	0.0881	0.0978	0.0859	0.0843	0.1027	0.0971	0.0894	0.0870	0.0867	0.0845	0.0840	0.0850	0.0843	0.0879	0.0854	0.0856	0.0857	0.0861	0.0835	0.0839	0.0837	0.0859	0.0857	0.0855	0.0862	0.0849	0.0849	0.0842	0.0835	0.0871	0.0916	0.0892	0.0856	0.0849	0.0849	0.0850	0.0838	0.0888	0.0878	0.0877	0.0863	0.0862	0.0861	0.0865	0.0860	0.0957	0.0882	0.0895	0.0889	0.0889	0.0892	0.0873	0.0878	
0.1500	0.1001	0.0987	0.0945	0.0908	0.0872	0.0862	0.0857	0.1106	0.0935	0.0934	0.0911	0.1011	0.0900	0.0873	0.1060	0.0993	0.0901	0.0886	0.0882	0.0862	0.0862	0.0862	0.0856	0.0900	0.0875	0.0879	0.0875	0.0876	0.0862	0.0857	0.0863	0.0863	0.0868	0.0860	0.0866	0.0859	0.0853	0.0848	0.0846	0.0889	0.0936	0.0909	0.0881	0.0867	0.0869	0.0870	0.0872	0.0887	0.0885	0.0892	0.0876	0.0871	0.0881	0.0872	0.0872	0.0962	0.0895	0.0904	0.0901	0.0903	0.0889	0.0889	0.0888	
0.1573	0.1044	0.1034	0.0993	0.0951	0.0916	0.0900	0.0893	0.1148	0.0963	0.0958	0.0942	0.1043	0.0930	0.0906	0.1086	0.1033	0.0968	0.0924	0.0912	0.0891	0.0895	0.0889	0.0883	0.0928	0.0920	0.0912	0.0907	0.0913	0.0904	0.0904	0.0911	0.0905	0.0900	0.0897	0.0903	0.0896	0.0895	0.0893	0.0880	0.0917	0.0985	0.0939	0.0909	0.0903	0.0912	0.0905	0.0916	0.0914	0.0919	0.0924	0.0907	0.0907	0.0909	0.0902	0.0904	0.1005	0.0943	0.0939	0.0949	0.0938	0.0935	0.0934	0.0943	
0.1628	0.1014	0.0993	0.0941	0.0883	0.0844	0.0830	0.0829	0.1121	0.0892	0.0900	0.0863	0.0962	0.0834	0.0810	0.0990	0.0990	0.0881	0.0864	0.0851	0.0833	0.0827	0.0839	0.0829	0.0863	0.0843	0.0837	0.0827	0.0834	0.0834	0.0815	0.0824	0.0845	0.0842	0.0839	0.0843	0.0835	0.0821	0.0830	0.0823	0.0837	0.0882	0.0865	0.0823	0.0815	0.0819	0.0811	0.0811	0.0854	0.0862	0.0856	0.0849	0.0837	0.0841	0.0838	0.0851	0.0933	0.0866	0.0858	0.0858	0.0860	0.0853	0.0853	0.0834	
0.1741	0.1054	0.1036	0.0969	0.0912	0.0862	0.0846	0.0844	0.1180	0.0926	0.0917	0.0893	0.0984	0.0862	0.0834	0.1024	0.1026	0.0905	0.0891	0.0874	0.0853	0.0848	0.0845	0.0841	0.0888	0.0861	0.0848	0.0855	0.0854	0.0833	0.0831	0.0827	0.0859	0.0861	0.0854	0.0864	0.0858	0.0837	0.0843	0.0838	0.0861	0.0906	0.0881	0.0848	0.0835	0.0835	0.0831	0.0821	0.0873	0.0877	0.0875	0.0866	0.0858	0.0864	0.0853	0.0858	0.0952	0.0872	0.0885	0.0875	0.0883	0.0875	0.0856	0.0849	
0.1877	0.1106	0.1098	0.1007	0.0933	0.0877	0.0863	0.0853	0.1239	0.0965	0.0967	0.0931	0.1018	0.0908	0.0863	0.1059	0.1052	0.0927	0.0902	0.0887	0.0865	0.0865	0.0869	0.0849	0.0910	0.0889	0.0880	0.0882	0.0876	0.0860	0.0859	0.0861	0.0872	0.0879	0.0867	0.0873	0.0867	0.0851	0.0854	0.0846	0.0886	0.0929	0.0907	0.0863	0.0869	0.0862	0.0866	0.0861	0.0885	0.0884	0.0877	0.0874	0.0867	0.0868	0.0864	0.0865	0.0964	0.0899	0.0904	0.0895	0.0896	0.0889	0.0890	0.0892	
0.1967	0.1142	0.1131	0.1044	0.0953	0.0899	0.0882	0.0878	0.1263	0.0971	0.0972	0.0941	0.1029	0.0912	0.0874	0.1067	0.1081	0.0940	0.0927	0.0905	0.0868	0.0871	0.0872	0.0871	0.0930	0.0904	0.0903	0.0893	0.0886	0.0869	0.0871	0.0881	0.0888	0.0876	0.0876	0.0874	0.0875	0.0867	0.0860	0.0856	0.0881	0.0942	0.0912	0.0875	0.0862	0.0862	0.0866	0.0875	0.0899	0.0890	0.0883	0.0883	0.0880	0.0875	0.0866	0.0863	0.0973	0.0892	0.0900	0.0915	0.0907	0.0898	0.0892	0.0895	
0.2137	0.1170	0.1153	0.1041	0.0935	0.0868	0.0846	0.0834	0.1287	0.0955	0.0952	0.0910	0.0999	0.0870	0.0836	0.1014	0.1093	0.0934	0.0908	0.0880	0.0851	0.0841	0.0836	0.0834	0.0914	0.0871	0.0865	0.0859	0.0851	0.0834	0.0831	0.0825	0.0861	0.0865	0.0852	0.0861	0.0854	0.0842	0.0837	0.0835	0.0849	0.0913	0.0881	0.0844	0.0844	0.0835	0.0837	0.0819	0.0868	0.0867	0.0868	0.0858	0.0843	0.0850	0.0850	0.0836	0.0945	0.0870	0.0880	0.0880	0.0877	0.0863	0.0852	0.0845	
0.2281	0.1229	0.1220	0.1082	0.0973	0.0895	0.0869	0.0866	0.1384	0.1004	0.1004	0.0965	0.1039	0.0920	0.0874	0.1046	0.1138	0.0953	0.0937	0.0914	0.0874	0.0865	0.0869	0.0858	0.0940	0.0905	0.0899	0.0896	0.0889	0.0868	0.0867	0.0857	0.0878	0.0880	0.0874	0.0873	0.0871	0.0857	0.0860	0.0844	0.0883	0.0942	0.0918	0.0877	0.0862	0.0870	0.0871	0.0862	0.0889	0.0883	0.0878	0.0871	0.0872	0.0870	0.0865	0.0862	0.0971	0.0903	0.0913	0.0898	0.0896	0.0890	0.0881	0.0884	
0.2395	0.1281	0.1275	0.1121	0.1002	0.0925	0.0896	0.0886	0.1422	0.1038	0.1031	0.0989	0.1062	0.0949	0.0911	0.1091	0.1167	0.0984	0.0959	0.0936	0.0888	0.0890	0.0892	0.0872	0.0966	0.0936	0.0925	0.0919	0.0914	0.0892	0.0892	0.0904	0.0908	0.0894	0.0895	0.0892	0.0897	0.0884	0.0884	0.0879	0.0912	0.0965	0.0931	0.0905	0.0893	0.0899	0.0893	0.0888	0.0904	0.0896	0.0903	0.0900	0.0887	0.0886	0.0892	0.0881	0.0998	0.0919	0.0915	0.0929	0.0918	0.0916	0.0899	0.0922	
0.2588	0.1341	0.1326	0.1128	0.0982	0.0880	0.0856	0.0843	0.1455	0.0999	0.1010	0.0952	0.1021	0.0898	0.0840	0.1010	0.1173	0.0954	0.0931	0.0911	0.0859	0.0851	0.0844	0.0838	0.0932	0.0894	0.0879	0.0868	0.0859	0.0840	0.0829	0.0825	0.0880	0.0877	0.0860	0.0861	0.0859	0.0846	0.0846	0.0838	0.0851	0.0895	0.0876	0.0835	0.0830	0.0831	0.0820	0.0827	0.0866	0.0855	0.0868	0.0852	0.0843	0.0843	0.0837	0.0847	0.0936	0.0871	0.0883	0.0870	0.0863	0.0862	0.0840	0.0844	
0.2811	0.1454	0.1437	0.1191	0.1020	0.0899	0.0858	0.0847	0.1558	0.1050	0.1062	0.0991	0.1061	0.0932	0.0869	0.1050	0.1222	0.0978	0.0956	0.0927	0.0875	0.0859	0.0861	0.0855	0.0980	0.0931	0.0921	0.0912	0.0887	0.0863	0.0850	0.0859	0.0890	0.0875	0.0870	0.0873	0.0863	0.0856	0.0856	0.0843	0.0877	0.0930	0.0906	0.0867	0.0862	0.0859	0.0858	0.0849	0.0873	0.0879	0.0873	0.0859	0.0858	0.0864	0.0858	0.0853	0.0964	0.0879	0.0900	0.0899	0.0892	0.0886	0.0872	0.0876	
0.2976	0.1555	0.1544	0.1265	0.1068	0.0940	0.0906	0.0890	0.1626	0.1109	0.1124	0.1056	0.1115	0.1001	0.0922	0.1109	0.1271	0.1032	0.1006	0.0976	0.0909	0.0900	0.0904	0.0885	0.1031	0.0976	0.0966	0.0956	0.0941	0.0906	0.0914	0.0900	0.0932	0.0922	0.0908	0.0914	0.0903	0.0894	0.0888	0.0885	0.0919	0.0973	0.0941	0.0913	0.0899	0.0904	0.0889	0.0894	0.0904	0.0906	0.0907	0.0900	0.0897	0.0895	0.0903	0.0886	0.0995	0.0921	0.0933	0.0936	0.0930	0.0912	0.0919	0.0918	
0.3194	0.1624	0.1593	0.1274	0.1031	0.0873	0.0838	0.0828	0.1665	0.1061	0.1064	0.0987	0.1039	0.0907	0.0825	0.0997	0.1274	0.0978	0.0958	0.0919	0.0851	0.0833	0.0832	0.0816	0.0974	0.0904	0.0886	0.0876	0.0856	0.0817	0.0819	0.0813	0.0877	0.0861	0.0852	0.0851	0.0837	0.0819	0.0829	0.0821	0.0836	0.0888	0.0865	0.0818	0.0815	0.0806	0.0804	0.0796	0.0855	0.0849	0.0851	0.0840	0.0836	0.0830	0.0831	0.0832	0.0935	0.0837	0.0854	0.0847	0.0848	0.0832	0.0837	0.0827	
0.3453	0.1799	0.1731	0.1361	0.1085	0.0892	0.0851	0.0842	0.1812	0.1132	0.1150	0.1042	0.1087	0.0956	0.0858	0.1016	0.1355	0.1023	0.1002	0.0956	0.0867	0.0855	0.0853	0.0837	0.1020	0.0946	0.0926	0.0911	0.0883	0.0841	0.0834	0.0826	0.0902	0.0880	0.0871	0.0865	0.0859	0.0841	0.0844	0.0827	0.0863	0.0923	0.0900	0.0839	0.0837	0.0837	0.0833	0.0826	0.0869	0.0856	0.0872	0.0850	0.0845	0.0855	0.0842	0.0848	0.0947	0.0862	0.0878	0.0865	0.0871	0.0860	0.0858	0.0845	
0.3669	0.1958	0.1870	0.1434	0.1129	0.0914	0.0878	0.0855	0.1884	0.1181	0.1186	0.1088	0.1127	0.0997	0.0891	0.1073	0.1402	0.1050	0.1023	0.0976	0.0887	0.0865	0.0867	0.0860	0.1058	0.0975	0.0951	0.0939	0.0909	0.0864	0.0866	0.0862	0.0913	0.0891	0.0877	0.0872	0.0870	0.0852	0.0851	0.0843	0.0881	0.0935	0.0906	0.0870	0.0862	0.0855	0.0860	0.0854	0.0867	0.0863	0.0859	0.0855	0.0847	0.0853	0.0849	0.0858	0.0954	0.0872	0.0878	0.0868	0.0876	0.0868	0.0868	0.0856	
0.3893	0.2152	0.2030	0.1507	0.1143	0.0884	0.0838	0.0827	0.1917	0.1163	0.1177	0.1052	0.1087	0.0951	0.0835	0.0991	0.1428	0.1039	0.1009	0.0958	0.0858	0.0829	0.0824	0.0823	0.1029	0.0944	0.0922	0.0903	0.0875	0.0816	0.0806	0.0802	0.0906	0.0874	0.0859	0.0852	0.0841	0.0819	0.0828	0.0817	0.0852	0.0886	0.0869	0.0828	0.0820	0.0805	0.0807	0.0798	0.0862	0.0843	0.0852	0.0843	0.0826	0.0828	0.0824	0.0824	0.0907	0.0836	0.0845	0.0830	0.0838	0.0827	0.0816	0.0815	
0.4200	0.2438	0.2287	0.1659	0.1241	0.0909	0.0854	0.0849	0.2093	0.1249	0.1279	0.1124	0.1149	0.1012	0.0869	0.1036	0.1523	0.1088	0.1063	0.1007	0.0881	0.0855	0.0850	0.0839	0.1096	0.0993	0.0973	0.0946	0.0911	0.0852	0.0836	0.0834	0.0930	0.0895	0.0877	0.0879	0.0857	0.0840	0.0843	0.0829	0.0882	0.0932	0.0905	0.0859	0.0848	0.0843	0.0841	0.0833	0.0851	0.0860	0.0862	0.0848	0.0840	0.0846	0.0838	0.0839	0.0934	0.0869	0.0881	0.0873	0.0861	0.0854	0.0845	0.0848	
0.4450	0.2714	0.2519	0.1812	0.1337	0.0971	0.0908	0.0890	0.2215	0.1337	0.1369	0.1224	0.1233	0.1103	0.0948	0.1111	0.1603	0.1157	0.1129	0.1065	0.0942	0.0906	0.0907	0.0889	0.1173	0.1066	0.1047	0.1022	0.0975	0.0923	0.0908	0.0901	0.0982	0.0933	0.0933	0.0927	0.0923	0.0894	0.0890	0.0887	0.0947	0.0986	0.0959	0.0914	0.0902	0.0909	0.0907	0.0894	0.0898	0.0900	0.0902	0.0898	0.0882	0.0892	0.0888	0.0889	0.0993	0.0912	0.0927	0.0926	0.0917	0.0910	0.0909	0.0912	
0.4722	0.2993	0.2738	0.1959	0.1377	0.0922	0.0846	0.0831	0.2320	0.1341	0.1399	0.1200	0.1184	0.1052	0.0854	0.1001	0.1647	0.1155	0.1122	0.1042	0.0890	0.0847	0.0843	0.0828	0.1140	0.1012	0.0979	0.0956	0.0903	0.0829	0.0817	0.0804	0.0947	0.0901	0.0886	0.0869	0.0865	0.0834	0.0831	0.0825	0.0870	0.0893	0.0878	0.0830	0.0825	0.0814	0.0811	0.0805	0.0861	0.0849	0.0853	0.0838	0.0835	0.0823	0.0833	0.0833	0.0917	0.0837	0.0847	0.0843	0.0846	0.0831	0.0821	0.0817	
0.5044	0.3324	0.3078	0.2201	0.1507	0.0952	0.0865	0.0844	0.2499	0.1462	0.1501	0.1294	0.1265	0.1119	0.0891	0.1029	0.1774	0.1213	0.1183	0.1091	0.0918	0.0866	0.0865	0.0843	0.1226	0.1074	0.1051	0.1009	0.0948	0.0865	0.0841	0.0841	0.0990	0.0938	0.0911	0.0898	0.0883	0.0843	0.0848	0.0836	0.0905	0.0943	0.0911	0.0867	0.0852	0.0846	0.0845	0.0840	0.0867	0.0863	0.0874	0.0857	0.0848	0.0846	0.0836	0.0841	0.0937	0.0872	0.0882	0.0874	0.0878	0.0864	0.0858	0.0857	
0.5263	0.3543	0.3318	0.2436	0.1627	0.0968	0.0874	0.0851	0.2659	0.1552	0.1603	0.1354	0.1305	0.1169	0.0903	0.1053	0.1866	0.1255	0.1227	0.1139	0.0936	0.0878	0.0870	0.0852	0.1279	0.1122	0.1083	0.1039	0.0982	0.0880	0.0862	0.0856	0.1016	0.0940	0.0923	0.0900	0.0890	0.0850	0.0860	0.0841	0.0925	0.0949	0.0920	0.0874	0.0862	0.0853	0.0863	0.0854	0.0863	0.0873	0.0870	0.0863	0.0855	0.0850	0.0853	0.0844	0.0943	0.0868	0.0876	0.0871	0.0871	0.0866	0.0854	0.0854	
0.5421	0.3798	0.3572	0.2728	0.1758	0.1007	0.0901	0.0880	0.2770	0.1639	0.1704	0.1430	0.1381	0.1228	0.0951	0.1090	0.1931	0.1317	0.1290	0.1178	0.0968	0.0910	0.0897	0.0876	0.1345	0.1173	0.1131	0.1088	0.1011	0.0914	0.0898	0.0887	0.1043	0.0971	0.0947	0.0931	0.0902	0.0876	0.0881	0.0865	0.0961	0.0987	0.0957	0.0913	0.0903	0.0893	0.0897	0.0884	0.0884	0.0883	0.0880	0.0874	0.0872	0.0870	0.0867	0.0870	0.0966	0.0888	0.0900	0.0895	0.0903	0.0884	0.0878	0.0887	
0.5708	0.4117	0.3861	0.3110	0.1951	0.1005	0.0894	0.0863	0.2933	0.1704	0.1764	0.1467	0.1384	0.1240	0.0920	0.1068	0.2024	0.1358	0.1341	0.1200	0.0959	0.0888	0.0883	0.0853	0.1357	0.1192	0.1150	0.1088	0.1000	0.0880	0.0859	0.0867	0.1070	0.0976	0.0944	0.0924	0.0902	0.0860	0.0859	0.0849	0.0947	0.0964	0.0931	0.0886	0.0877	0.0861	0.0852	0.0869	0.0878	0.0874	0.0877	0.0872	0.0861	0.0866	0.0852	0.0857	0.0960	0.0879	0.0897	0.0883	0.0875	0.0874	0.0856	0.0873	
0.5914	0.4389	0.4165	0.3476	0.2180	0.0999	0.0861	0.0835	0.3125	0.1827	0.1918	0.1562	0.1447	0.1290	0.0886	0.1011	0.2168	0.1429	0.1396	0.1254	0.0960	0.0870	0.0852	0.0831	0.1408	0.1218	0.1156	0.1083	0.0985	0.0843	0.0814	0.0811	0.1066	0.0969	0.0935	0.0923	0.0886	0.0840	0.0836	0.0835	0.0929	0.0931	0.0900	0.0844	0.0828	0.0815	0.0806	0.0802	0.0861	0.0856	0.0861	0.0846	0.0843	0.0836	0.0832	0.0830	0.0906	0.0832	0.0842	0.0854	0.0844	0.0828	0.0822	0.0810	
0.6130	0.4649	0.4454	0.3870	0.2442	0.1037	0.0867	0.0839	0.3316	0.1976	0.2097	0.1700	0.1550	0.1394	0.0927	0.1030	0.2295	0.1517	0.1516	0.1335	0.0984	0.0878	0.0862	0.0836	0.1499	0.1294	0.1234	0.1166	0.1039	0.0884	0.0838	0.0827	0.1122	0.0999	0.0964	0.0929	0.0901	0.0846	0.0844	0.0843	0.0975	0.0966	0.0932	0.0881	0.0847	0.0839	0.0842	0.0830	0.0867	0.0859	0.0871	0.0848	0.0841	0.0840	0.0834	0.0840	0.0939	0.0855	0.0864	0.0867	0.0862	0.0851	0.0838	0.0835	
0.6365	0.4902	0.4690	0.4225	0.2756	0.1069	0.0881	0.0847	0.3513	0.2129	0.2278	0.1815	0.1648	0.1493	0.0956	0.1060	0.2441	0.1639	0.1627	0.1417	0.1019	0.0900	0.0873	0.0848	0.1576	0.1380	0.1299	0.1226	0.1069	0.0898	0.0860	0.0846	0.1154	0.1016	0.0978	0.0955	0.0917	0.0857	0.0845	0.0842	0.1005	0.0981	0.0950	0.0889	0.0866	0.0854	0.0855	0.0844	0.0877	0.0873	0.0878	0.0858	0.0850	0.0845	0.0845	0.0842	0.0933	0.0855	0.0861	0.0865	0.0867	0.0856	0.0853	0.0855	
0.6519	0.5086	0.4921	0.4573	0.3093	0.1123	0.0908	0.0878	0.3721	0.2279	0.2440	0.1957	0.1740	0.1577	0.0986	0.1085	0.2548	0.1718	0.1711	0.1497	0.1054	0.0921	0.0896	0.0866	0.1659	0.1430	0.1367	0.1272	0.1110	0.0913	0.0873	0.0885	0.1204	0.1060	0.1009	0.0976	0.0937	0.0881	0.0868	0.0857	0.1040	0.0999	0.0965	0.0916	0.0887	0.0873	0.0866	0.0859	0.0894	0.0891	0.0895	0.0878	0.0868	0.0865	0.0854	0.0857	0.0955	0.0880	0.0902	0.0890	0.0879	0.0876	0.0866	0.0882	
0.6674	0.5305	0.5133	0.4917	0.3502	0.1127	0.0866	0.0834	0.3929	0.2475	0.2656	0.2101	0.1843	0.1641	0.0937	0.1011	0.2741	0.1843	0.1835	0.1578	0.1068	0.0891	0.0853	0.0826	0.1718	0.1518	0.1416	0.1304	0.1105	0.0871	0.0816	0.0805	0.1243	0.1059	0.1016	0.0958	0.0928	0.0846	0.0831	0.0824	0.1023	0.0965	0.0935	0.0871	0.0828	0.0814	0.0804	0.0793	0.0881	0.0866	0.0870	0.0853	0.0853	0.0833	0.0825	0.0830	0.0914	0.0830	0.0846	0.0838	0.0837	0.0827	0.0813	0.0807	
0.6700	0.5438	0.5333	0.5177	0.3901	0.1187	0.0883	0.0840	0.4178	0.2748	0.2942	0.2313	0.2009	0.1809	0.0978	0.1031	0.2918	0.2011	0.2000	0.1721	0.1128	0.0914	0.0876	0.0836	0.1868	0.1644	0.1530	0.1430	0.1180	0.0902	0.0843	0.0832	0.1305	0.1119	0.1044	0.1000	0.0949	0.0853	0.0841	0.0828	0.1082	0.1007	0.0961	0.0902	0.0857	0.0841	0.0836	0.0815	0.0890	0.0866	0.0879	0.0858	0.0836	0.0841	0.0824	0.0834	0.0930	0.0864	0.0865	0.0866	0.0864	0.0852	0.0840	0.0828	
0.6714	0.5561	0.5462	0.5340	0.4245	0.1253	0.0897	0.0855	0.4417	0.3014	0.3244	0.2553	0.2199	0.1946	0.1029	0.1044	0.3081	0.2163	0.2182	0.1879	0.1178	0.0934	0.0893	0.0859	0.1982	0.1740	0.1626	0.1494	0.1214	0.0922	0.0857	0.0848	0.1376	0.1150	0.1077	0.1023	0.0971	0.0860	0.0854	0.0841	0.1134	0.1049	0.1001	0.0935	0.0889	0.0866	0.0859	0.0853	0.0905	0.0891	0.0888	0.0871	0.0864	0.0854	0.0843	0.0845	0.0943	0.0876	0.0870	0.0879	0.0870	0.0875	0.0856	0.0848	
0.6718	0.5628	0.5552	0.5544	0.4572	0.1331	0.0932	0.0884	0.4608	0.3226	0.3464	0.2808	0.2332	0.2117	0.1073	0.1097	0.3248	0.2344	0.2338	0.2009	0.1241	0.0968	0.0919	0.0882	0.2094	0.1872	0.1746	0.1609	0.1297	0.0972	0.0905	0.0893	0.1442	0.1208	0.1122	0.1072	0.0998	0.0895	0.0872	0.0874	0.1188	0.1096	0.1034	0.0979	0.0923	0.0913	0.0900	0.0891	0.0923	0.0907	0.0907	0.0883	0.0876	0.0873	0.0857	0.0871	0.0963	0.0898	0.0905	0.0892	0.0891	0.0887	0.0875	0.0891	
0.6775	0.5756	0.5750	0.5737	0.4918	0.1376	0.0897	0.0845	0.4788	0.3419	0.3660	0.3038	0.2504	0.2268	0.1041	0.1041	0.3425	0.2490	0.2542	0.2178	0.1273	0.0945	0.0881	0.0828	0.2180	0.1984	0.1844	0.1684	0.1322	0.0918	0.0832	0.0828	0.1492	0.1226	0.1137	0.1063	0.0983	0.0854	0.0839	0.0823	0.1174	0.1043	0.0998	0.0926	0.0857	0.0834	0.0813	0.0814	0.0927	0.0877	0.0890	0.0857	0.0845	0.0833	0.0829	0.0822	0.0922	0.0851	0.0861	0.0843	0.0847	0.0844	0.0826	0.0829	
0.6867	0.5887	0.5890	0.5899	0.5234	0.1499	0.0900	0.0840	0.5061	0.3708	0.3966	0.3374	0.2776	0.2527	0.1084	0.1032	0.3666	0.2740	0.2803	0.2439	0.1371	0.0972	0.0901	0.0837	0.2348	0.2225	0.2031	0.1862	0.1417	0.0930	0.0829	0.0816	0.1595	0.1299	0.1195	0.1111	0.1014	0.0855	0.0846	0.0831	0.1238	0.1065	0.1028	0.0939	0.0870	0.0838	0.0823	0.0812	0.0926	0.0890	0.0898	0.0860	0.0839	0.0841	0.0831	0.0830	0.0911	0.0853	0.0849	0.0851	0.0838	0.0837	0.0824	0.0820	
0.6837	0.5870	0.5919	0.5894	0.5419	0.1615	0.0919	0.0847	0.5278	0.3949	0.4198	0.3700	0.3041	0.2747	0.1138	0.1047	0.3889	0.2979	0.3059	0.2730	0.1466	0.0990	0.0911	0.0841	0.2519	0.2397	0.2222	0.2012	0.1518	0.0977	0.0848	0.0832	0.1701	0.1368	0.1256	0.1153	0.1051	0.0873	0.0852	0.0828	0.1312	0.1119	0.1065	0.0975	0.0889	0.0852	0.0839	0.0840	0.0951	0.0907	0.0916	0.0874	0.0853	0.0846	0.0837	0.0838	0.0934	0.0869	0.0870	0.0867	0.0868	0.0855	0.0837	0.0842	
0.6849	0.5837	0.5917	0.5909	0.5575	0.1721	0.0936	0.0859	0.5551	0.4210	0.4451	0.3996	0.3340	0.3028	0.1190	0.1068	0.4126	0.3192	0.3263	0.3011	0.1574	0.1018	0.0919	0.0859	0.2667	0.2647	0.2407	0.2205	0.1614	0.0995	0.0857	0.0855	0.1812	0.1470	0.1325	0.1206	0.1089	0.0879	0.0859	0.0846	0.1406	0.1158	0.1104	0.1003	0.0905	0.0877	0.0866	0.0849	0.0981	0.0909	0.0928	0.0881	0.0863	0.0859	0.0851	0.0848	0.0948	0.0876	0.0871	0.0877	0.0862	0.0860	0.0852	0.0847	
0.6823	0.5831	0.5892	0.5942	0.5699	0.1877	0.0974	0.0891	0.5719	0.4394	0.4627	0.4258	0.3606	0.3303	0.1256	0.1098	0.4294	0.3360	0.3480	0.3260	0.1683	0.1067	0.0955	0.0885	0.2834	0.2811	0.2593	0.2376	0.1726	0.1054	0.0907	0.0900	0.1922	0.1530	0.1393	0.1264	0.1130	0.0922	0.0886	0.0868	0.1465	0.1213	0.1138	0.1046	0.0957	0.0918	0.0901	0.0891	0.1012	0.0952	0.0949	0.0913	0.0888	0.0883	0.0877	0.0867	0.0979	0.0916	0.0906	0.0904	0.0900	0.0890	0.0893	0.0885	
0.6898	0.5893	0.5940	0.5997	0.5850	0.2053	0.0939	0.0846	0.5940	0.4589	0.4839	0.4554	0.3909	0.3603	0.1255	0.1025	0.4528	0.3612	0.3766	0.3619	0.1838	0.1062	0.0921	0.0835	0.2992	0.3014	0.2788	0.2541	0.1836	0.0996	0.0833	0.0816	0.1996	0.1615	0.1452	0.1304	0.1153	0.0872	0.0845	0.0838	0.1507	0.1201	0.1122	0.1019	0.0900	0.0841	0.0818	0.0808	0.1007	0.0924	0.0925	0.0877	0.0856	0.0847	0.0832	0.0837	0.0937	0.0871	0.0846	0.0841	0.0844	0.0836	0.0822	0.0821	
0.6937	0.5957	0.6027	0.6056	0.5946	0.2282	0.0978	0.0857	0.6118	0.4838	0.5088	0.4822	0.4208	0.3920	0.1370	0.1062	0.4783	0.3912	0.4057	0.3972	0.2026	0.1125	0.0954	0.0856	0.3178	0.3235	0.3033	0.2830	0.2032	0.1078	0.0864	0.0853	0.2164	0.1749	0.1574	0.1402	0.1221	0.0895	0.0858	0.0837	0.1603	0.1301	0.1194	0.1077	0.0933	0.0880	0.0862	0.0850	0.1042	0.0943	0.0959	0.0906	0.0871	0.0858	0.0849	0.0852	0.0966	0.0903	0.0878	0.0880	0.0870	0.0866	0.0854	0.0855	
