0.0908	0.0930	0.0931	0.0953	0.1009	0.1063	0.1236	0.1262	0.0982	0.1080	0.1094	0.1019	0.1015	0.1086	0.1311	0.1443	0.0983	0.0974	0.0977	0.0980	0.1198	0.1297	0.1671	0.1579	0.1024	0.1009	0.1013	0.1142	0.1150	0.1518	0.1816	0.1636	0.0989	0.0998	0.1027	0.1032	0.1217	0.1317	0.1221	0.1532	0.1402	0.1192	0.1060	0.1177	0.1190	0.1277	0.1501	0.1459	0.1033	0.1037	0.1026	0.1067	0.1213	0.1210	0.1296	0.1402	0.1227	0.1200	0.1149	0.1158	0.1225	0.1336	0.1587	0.2139	
0.0912	0.0926	0.0924	0.0915	0.0914	0.0939	0.0947	0.0994	0.0930	0.0934	0.0936	0.0925	0.0924	0.0937	0.0948	0.0956	0.0963	0.0945	0.0941	0.0949	0.0941	0.0965	0.1012	0.0968	0.0978	0.0960	0.0969	0.0965	0.0958	0.0971	0.1031	0.1063	0.0973	0.0993	0.0997	0.1003	0.0995	0.1022	0.0992	0.1047	0.1028	0.1033	0.1021	0.1015	0.1018	0.1012	0.1050	0.1026	0.1030	0.1040	0.1046	0.1046	0.1031	0.1057	0.1036	0.1089	0.1065	0.1068	0.1053	0.1073	0.1061	0.1071	0.1133	0.1223	
0.0913	0.0912	0.0916	0.0917	0.0909	0.0916	0.0965	0.0978	0.0920	0.0923	0.0925	0.0919	0.0905	0.0916	0.0930	0.0922	0.0946	0.0939	0.0929	0.0947	0.0931	0.0946	0.0930	0.0952	0.0956	0.0953	0.0953	0.0970	0.0951	0.0965	0.1006	0.0961	0.0979	0.0984	0.0984	0.0990	0.0986	0.0985	0.0974	0.0994	0.1014	0.1009	0.0998	0.1005	0.0998	0.1000	0.0998	0.1003	0.1020	0.1031	0.1031	0.1030	0.1027	0.1034	0.1033	0.1029	0.1053	0.1069	0.1053	0.1065	0.1062	0.1055	0.1087	0.1227	
0.0911	0.0921	0.0920	0.0913	0.0906	0.0917	0.0959	0.0933	0.0930	0.0931	0.0926	0.0919	0.0913	0.0915	0.0915	0.0921	0.0953	0.0938	0.0937	0.0941	0.0935	0.0949	0.0939	0.1003	0.0955	0.0955	0.0958	0.0962	0.0950	0.0956	0.0962	0.0959	0.0971	0.0984	0.0983	0.0986	0.0987	0.0981	0.0986	0.0986	0.1004	0.1020	0.0998	0.1011	0.1004	0.1007	0.1010	0.1007	0.1038	0.1037	0.1014	0.1044	0.1030	0.1046	0.1037	0.1037	0.1060	0.1068	0.1056	0.1062	0.1059	0.1057	0.1084	0.1177	
0.0918	0.0922	0.0924	0.0917	0.0915	0.0923	0.0919	0.0925	0.0929	0.0926	0.0932	0.0920	0.0910	0.0921	0.0923	0.0913	0.0947	0.0940	0.0933	0.0946	0.0934	0.0949	0.0930	0.0939	0.0961	0.0951	0.0966	0.0962	0.0949	0.0965	0.0958	0.0957	0.0983	0.0977	0.0984	0.0992	0.0981	0.0987	0.0975	0.0976	0.1009	0.1007	0.1006	0.1012	0.0996	0.1001	0.1004	0.1005	0.1030	0.1031	0.1027	0.1036	0.1026	0.1028	0.1037	0.1026	0.1052	0.1070	0.1052	0.1067	0.1065	0.1051	0.1082	0.1154	
0.0904	0.0911	0.0913	0.0911	0.0899	0.0912	0.0915	0.0910	0.0908	0.0916	0.0924	0.0919	0.0901	0.0915	0.0924	0.0910	0.0933	0.0924	0.0935	0.0927	0.0925	0.0939	0.0935	0.0930	0.0953	0.0939	0.0947	0.0958	0.0955	0.0950	0.0946	0.0944	0.0964	0.0975	0.0978	0.0979	0.0967	0.0973	0.0970	0.0973	0.1016	0.1013	0.0999	0.0998	0.0985	0.1001	0.0998	0.0996	0.1021	0.1022	0.1018	0.1026	0.1009	0.1015	0.1018	0.1013	0.1052	0.1053	0.1045	0.1055	0.1059	0.1044	0.1064	0.1188	
0.0911	0.0916	0.0913	0.0911	0.0901	0.0907	0.0919	0.0913	0.0915	0.0917	0.0929	0.0913	0.0898	0.0911	0.0911	0.0907	0.0954	0.0926	0.0927	0.0944	0.0928	0.0941	0.0929	0.0930	0.0948	0.0944	0.0977	0.0949	0.0939	0.0949	0.0948	0.0935	0.0953	0.0972	0.0982	0.0979	0.0973	0.0968	0.0971	0.0982	0.0994	0.1000	0.0997	0.0997	0.0993	0.0991	0.0994	0.1000	0.1019	0.1025	0.1035	0.1026	0.1022	0.1028	0.1001	0.1029	0.1044	0.1056	0.1044	0.1053	0.1051	0.1046	0.1066	0.1198	
0.0914	0.0912	0.0914	0.0913	0.0900	0.0914	0.0914	0.0909	0.0915	0.0919	0.0929	0.0919	0.0899	0.0914	0.0908	0.0914	0.0944	0.0929	0.0930	0.0930	0.0921	0.0941	0.0924	0.0920	0.0939	0.0943	0.0949	0.0953	0.0940	0.0948	0.0952	0.0948	0.0949	0.0979	0.0972	0.0984	0.0973	0.0983	0.0972	0.0987	0.0999	0.0999	0.1000	0.1002	0.0997	0.0984	0.0997	0.0999	0.1013	0.1008	0.1025	0.1015	0.1009	0.1016	0.1018	0.1010	0.1048	0.1048	0.1037	0.1048	0.1044	0.1035	0.1070	0.1139	
0.0918	0.0921	0.0918	0.0917	0.0909	0.0920	0.0952	0.0908	0.0919	0.0921	0.0932	0.0915	0.0904	0.0911	0.0913	0.0917	0.0944	0.0933	0.0931	0.0937	0.0932	0.0937	0.0928	0.0935	0.0946	0.0940	0.0956	0.0946	0.0946	0.0946	0.0949	0.0948	0.0959	0.0969	0.0978	0.0988	0.0974	0.0969	0.0964	0.0975	0.1002	0.0991	0.0997	0.1009	0.0993	0.0985	0.1003	0.1001	0.1024	0.1018	0.1022	0.1033	0.1008	0.1028	0.1026	0.1023	0.1048	0.1047	0.1037	0.1059	0.1047	0.1050	0.1074	0.1125	
0.0919	0.0919	0.0919	0.0918	0.0902	0.0927	0.0924	0.0919	0.0922	0.0925	0.0936	0.0922	0.0921	0.0913	0.0908	0.0915	0.0939	0.0926	0.0930	0.0938	0.0933	0.0944	0.0931	0.0933	0.0953	0.0950	0.0950	0.0964	0.0950	0.0949	0.0944	0.0949	0.0976	0.0969	0.0977	0.0988	0.0982	0.0980	0.0972	0.0982	0.1001	0.1003	0.0993	0.0994	0.0991	0.0998	0.0995	0.1003	0.1021	0.1024	0.1024	0.1034	0.1017	0.1025	0.1010	0.1017	0.1053	0.1059	0.1046	0.1051	0.1050	0.1042	0.1072	0.1224	
0.0921	0.0921	0.0918	0.0914	0.0913	0.0916	0.0916	0.0910	0.0924	0.0923	0.0922	0.0920	0.0905	0.0907	0.0942	0.0908	0.0937	0.0928	0.0932	0.0938	0.0921	0.0941	0.0918	0.0924	0.0940	0.0945	0.0950	0.0957	0.0937	0.0941	0.0950	0.0945	0.0964	0.0975	0.0970	0.0971	0.0981	0.0974	0.0972	0.0969	0.0998	0.1002	0.1000	0.0994	0.1009	0.0983	0.0985	0.0996	0.1013	0.1014	0.1015	0.1015	0.1021	0.1015	0.1024	0.1015	0.1050	0.1041	0.1043	0.1054	0.1050	0.1042	0.1065	0.1099	
0.0914	0.0913	0.0916	0.0917	0.0906	0.0915	0.0919	0.0908	0.0913	0.0920	0.0929	0.0921	0.0907	0.0914	0.0911	0.0917	0.0932	0.0925	0.0918	0.0936	0.0927	0.0935	0.0926	0.0930	0.0943	0.0947	0.0944	0.0950	0.0946	0.0942	0.0940	0.0945	0.0960	0.0959	0.0982	0.0972	0.0978	0.0968	0.0963	0.0977	0.0989	0.1002	0.0986	0.1004	0.0988	0.0972	0.0987	0.0983	0.1010	0.1017	0.1014	0.1015	0.1009	0.1012	0.1017	0.1021	0.1042	0.1048	0.1035	0.1038	0.1044	0.1041	0.1065	0.1072	
0.0906	0.0914	0.0916	0.0911	0.0908	0.0910	0.0915	0.0903	0.0909	0.0908	0.0925	0.0914	0.0897	0.0907	0.0913	0.0913	0.0925	0.0923	0.0927	0.0929	0.0920	0.0929	0.0919	0.0922	0.0938	0.0933	0.0946	0.0949	0.0939	0.0936	0.0937	0.0936	0.0947	0.0968	0.0971	0.0976	0.0970	0.0955	0.0961	0.0969	0.0988	0.0991	0.0989	0.0979	0.0975	0.0976	0.0989	0.0990	0.1006	0.1006	0.1006	0.1013	0.1004	0.1011	0.1016	0.1008	0.1039	0.1045	0.1037	0.1044	0.1029	0.1034	0.1062	0.1117	
0.0917	0.0916	0.0919	0.0917	0.0915	0.0916	0.0915	0.0913	0.0911	0.0916	0.0925	0.0917	0.0905	0.0923	0.0910	0.0909	0.0928	0.0921	0.0929	0.0932	0.0927	0.0940	0.0921	0.0926	0.0941	0.0939	0.0942	0.0940	0.0949	0.0930	0.0937	0.0942	0.0967	0.0970	0.0963	0.0979	0.0976	0.0966	0.0968	0.0961	0.1002	0.0998	0.0987	0.0982	0.0981	0.0979	0.0990	0.0981	0.1004	0.1018	0.1016	0.1018	0.1008	0.1010	0.1007	0.1014	0.1033	0.1037	0.1034	0.1038	0.1032	0.1023	0.1063	0.1073	
0.0913	0.0917	0.0922	0.0912	0.0905	0.0913	0.0911	0.0909	0.0919	0.0913	0.0925	0.0920	0.0906	0.0916	0.0916	0.0914	0.0923	0.0924	0.0922	0.0929	0.0929	0.0933	0.0920	0.0919	0.0941	0.0933	0.0937	0.0947	0.0936	0.0934	0.0936	0.0932	0.0947	0.0971	0.0967	0.0977	0.0970	0.0963	0.0970	0.0979	0.0989	0.1002	0.0984	0.0984	0.0980	0.0979	0.0987	0.0992	0.0997	0.1024	0.1006	0.1012	0.1009	0.1007	0.1001	0.1013	0.1041	0.1051	0.1035	0.1040	0.1032	0.1037	0.1063	0.1068	
0.0909	0.0910	0.0910	0.0910	0.0898	0.0913	0.0910	0.0899	0.0912	0.0913	0.0918	0.0906	0.0907	0.0906	0.0914	0.0903	0.0924	0.0914	0.0923	0.0927	0.0907	0.0924	0.0916	0.0914	0.0941	0.0935	0.0931	0.0938	0.0928	0.0935	0.0936	0.0931	0.0951	0.0952	0.0963	0.0973	0.0967	0.0954	0.0960	0.0961	0.0993	0.0995	0.0979	0.0981	0.0983	0.0968	0.0969	0.0975	0.1009	0.1000	0.0997	0.1019	0.0995	0.1007	0.1006	0.1002	0.1026	0.1035	0.1030	0.1047	0.1030	0.1035	0.1056	0.1076	
0.0917	0.0926	0.0919	0.0908	0.0908	0.0922	0.0918	0.0914	0.0918	0.0923	0.0928	0.0920	0.0904	0.0909	0.0913	0.0913	0.0927	0.0929	0.0921	0.0932	0.0917	0.0939	0.0919	0.0917	0.0930	0.0943	0.0949	0.0950	0.0942	0.0947	0.0933	0.0940	0.0959	0.0968	0.0962	0.0980	0.0968	0.0958	0.0967	0.0967	0.0984	0.0988	0.0984	0.0992	0.0986	0.0989	0.0979	0.0976	0.1016	0.1013	0.1011	0.1009	0.0998	0.1008	0.1008	0.1015	0.1044	0.1046	0.1038	0.1037	0.1044	0.1035	0.1059	0.1083	
0.0917	0.0914	0.0923	0.0910	0.0916	0.0913	0.0928	0.0917	0.0921	0.0922	0.0923	0.0917	0.0906	0.0916	0.0910	0.0912	0.0928	0.0918	0.0915	0.0932	0.0924	0.0934	0.0923	0.0919	0.0939	0.0934	0.0948	0.0940	0.0934	0.0940	0.0942	0.0940	0.0963	0.0962	0.0967	0.0965	0.0956	0.0960	0.0961	0.0962	0.0987	0.0990	0.0998	0.0987	0.0984	0.0971	0.0981	0.0985	0.1011	0.1010	0.1005	0.1011	0.1009	0.1015	0.1014	0.1004	0.1035	0.1044	0.1037	0.1037	0.1043	0.1025	0.1060	0.1111	
0.0907	0.0916	0.0919	0.0928	0.0998	0.0912	0.0917	0.0930	0.0912	0.0924	0.0918	0.0919	0.0910	0.0913	0.0967	0.0906	0.0935	0.0917	0.0918	0.0928	0.0913	0.0923	0.0909	0.0914	0.0929	0.0932	0.0933	0.0930	0.0926	0.0926	0.0938	0.0926	0.0946	0.0945	0.0969	0.0959	0.0956	0.0954	0.0951	0.0944	0.0980	0.0979	0.0976	0.0980	0.0982	0.0960	0.0978	0.0975	0.0999	0.1009	0.1002	0.1005	0.0988	0.1005	0.1002	0.1000	0.1033	0.1033	0.1018	0.1027	0.1029	0.1028	0.1055	0.1134	
0.0918	0.0922	0.0920	0.0912	0.0918	0.0922	0.0914	0.0911	0.0915	0.0935	0.0917	0.0921	0.0926	0.0934	0.0929	0.0943	0.0927	0.0925	0.0921	0.0930	0.0921	0.0930	0.0922	0.0919	0.0935	0.0935	0.0945	0.0945	0.0932	0.0929	0.0930	0.0934	0.0954	0.0950	0.0959	0.0972	0.0968	0.0961	0.0951	0.0961	0.0981	0.0987	0.0984	0.0979	0.0974	0.0970	0.0980	0.0976	0.1009	0.1016	0.1009	0.1014	0.0995	0.1004	0.0999	0.0996	0.1041	0.1039	0.1023	0.1046	0.1030	0.1026	0.1063	0.1147	
0.0917	0.0920	0.0921	0.0909	0.0909	0.0901	0.0909	0.0911	0.0919	0.0914	0.0923	0.0919	0.0908	0.0910	0.0901	0.0908	0.0928	0.0916	0.0911	0.0925	0.0912	0.0930	0.0912	0.0919	0.0929	0.0919	0.0937	0.0941	0.0925	0.0933	0.0925	0.0931	0.0940	0.0957	0.0966	0.0961	0.0961	0.0954	0.0947	0.0956	0.0964	0.0978	0.0982	0.0973	0.0973	0.0962	0.0969	0.0972	0.1004	0.1000	0.0999	0.0998	0.0997	0.1002	0.1006	0.1003	0.1021	0.1025	0.1031	0.1036	0.1036	0.1018	0.1044	0.1050	
0.0918	0.0918	0.0924	0.0921	0.0916	0.0915	0.0922	0.0909	0.0913	0.0924	0.0923	0.0910	0.0909	0.0919	0.0918	0.0912	0.0935	0.0920	0.0926	0.0928	0.0927	0.0941	0.0922	0.0915	0.0935	0.0937	0.0941	0.0943	0.0928	0.0936	0.0939	0.0930	0.0962	0.0961	0.0963	0.0971	0.0964	0.0961	0.0955	0.0961	0.0978	0.0988	0.0973	0.0983	0.0984	0.0975	0.0978	0.0992	0.0997	0.1009	0.0999	0.1009	0.0999	0.1008	0.1006	0.1003	0.1034	0.1038	0.1035	0.1028	0.1026	0.1032	0.1054	0.1091	
0.0931	0.0927	0.0927	0.0922	0.0920	0.0922	0.0926	0.0915	0.0928	0.0921	0.0933	0.0924	0.0910	0.0921	0.0922	0.0912	0.0940	0.0922	0.0925	0.0938	0.0926	0.0930	0.0925	0.0926	0.0949	0.0939	0.0942	0.0951	0.0933	0.0928	0.0938	0.0936	0.0952	0.0962	0.0966	0.0974	0.0970	0.0962	0.0957	0.0969	0.0993	0.0993	0.0972	0.0979	0.0977	0.0976	0.0990	0.0991	0.1013	0.1005	0.1005	0.0998	0.1017	0.1013	0.1005	0.1004	0.1042	0.1039	0.1035	0.1045	0.1037	0.1028	0.1049	0.1056	
0.0925	0.0924	0.0923	0.0919	0.0914	0.0914	0.0913	0.0920	0.0926	0.0918	0.0931	0.0918	0.0910	0.0921	0.0911	0.0906	0.0920	0.0915	0.0915	0.0922	0.0920	0.0927	0.0915	0.0920	0.0940	0.0939	0.0940	0.0940	0.0927	0.0926	0.0933	0.0930	0.0943	0.0949	0.0960	0.0969	0.0956	0.0956	0.0951	0.0950	0.0983	0.0984	0.0969	0.0982	0.0969	0.0963	0.0974	0.0973	0.0994	0.1002	0.1007	0.0991	0.1004	0.0986	0.0992	0.1000	0.1028	0.1034	0.1032	0.1033	0.1033	0.1019	0.1050	0.1127	
0.0907	0.0912	0.0919	0.0901	0.0906	0.0900	0.0900	0.0899	0.0910	0.0911	0.0908	0.0908	0.0897	0.0901	0.0900	0.0902	0.0904	0.0911	0.0902	0.0911	0.0904	0.0920	0.0903	0.0905	0.0923	0.0916	0.0923	0.0920	0.0912	0.0913	0.0908	0.0916	0.0934	0.0941	0.0947	0.0945	0.0942	0.0940	0.0943	0.0946	0.0972	0.0975	0.0964	0.0965	0.0955	0.0958	0.0957	0.0962	0.0978	0.0990	0.0990	0.0991	0.0980	0.0988	0.0986	0.0984	0.1010	0.1020	0.1006	0.1017	0.1002	0.1006	0.1022	0.1046	
0.0918	0.0921	0.0924	0.0911	0.0917	0.0909	0.0923	0.0905	0.0911	0.0918	0.0924	0.0922	0.0907	0.0913	0.0927	0.0906	0.0929	0.0922	0.0915	0.0923	0.0910	0.0919	0.0914	0.0914	0.0923	0.0927	0.0928	0.0930	0.0924	0.0915	0.0913	0.0922	0.0941	0.0947	0.0953	0.0957	0.0956	0.0945	0.0951	0.0957	0.0974	0.0976	0.0973	0.0956	0.0968	0.0966	0.0970	0.0979	0.0993	0.1012	0.0986	0.0992	0.0988	0.0999	0.0991	0.0985	0.1029	0.1031	0.1027	0.1033	0.1019	0.1021	0.1031	0.1064	
0.0923	0.0917	0.0922	0.0930	0.0914	0.0919	0.0924	0.0910	0.0927	0.0925	0.0926	0.0926	0.0916	0.0918	0.0916	0.0914	0.0936	0.0926	0.0913	0.0930	0.0923	0.0925	0.0913	0.0920	0.0929	0.0930	0.0930	0.0936	0.0923	0.0914	0.0926	0.0927	0.0942	0.0952	0.0958	0.0961	0.0956	0.0963	0.0951	0.0950	0.0978	0.0989	0.0974	0.0985	0.0958	0.0961	0.0972	0.0972	0.0996	0.1001	0.0994	0.0999	0.0985	0.0997	0.1001	0.0999	0.1031	0.1028	0.1015	0.1031	0.1019	0.1017	0.1040	0.1073	
0.0938	0.0923	0.0928	0.0926	0.0909	0.0918	0.0919	0.0918	0.0925	0.0924	0.0925	0.0926	0.0914	0.0922	0.0910	0.0916	0.0931	0.0913	0.0926	0.0931	0.0919	0.0929	0.0918	0.0918	0.0931	0.0928	0.0928	0.0936	0.0929	0.0925	0.0938	0.0929	0.0945	0.0948	0.0952	0.0956	0.0966	0.0960	0.0945	0.0960	0.0974	0.0970	0.0983	0.0980	0.0970	0.0962	0.0980	0.0962	0.0995	0.0994	0.0987	0.1008	0.0991	0.0998	0.0999	0.0993	0.1029	0.1028	0.1016	0.1031	0.1030	0.1014	0.1037	0.1059	
0.0931	0.0931	0.0931	0.0922	0.0914	0.0918	0.0921	0.0919	0.0923	0.0921	0.0930	0.0920	0.0910	0.0925	0.0908	0.0911	0.0934	0.0923	0.0922	0.0917	0.0909	0.0931	0.0923	0.0915	0.0930	0.0924	0.0926	0.0932	0.0922	0.0927	0.0921	0.0926	0.0945	0.0951	0.0955	0.0954	0.0944	0.0946	0.0945	0.0945	0.0975	0.0961	0.0973	0.0971	0.0959	0.0969	0.0972	0.0959	0.0985	0.0993	0.0993	0.0997	0.0991	0.1006	0.0996	0.0986	0.1024	0.1020	0.1020	0.1024	0.1019	0.1006	0.1037	0.1034	
0.0933	0.0933	0.0938	0.0926	0.0921	0.0918	0.0916	0.0908	0.0935	0.0927	0.0923	0.0928	0.0912	0.0919	0.0910	0.0912	0.0933	0.0918	0.0927	0.0920	0.0913	0.0930	0.0919	0.0912	0.0921	0.0979	0.0929	0.0930	0.0928	0.0924	0.0927	0.0922	0.0943	0.0963	0.0946	0.0951	0.0950	0.0944	0.0940	0.0941	0.0972	0.0978	0.0972	0.0971	0.0971	0.0955	0.0963	0.0971	0.0992	0.0987	0.0992	0.0997	0.0988	0.0985	0.0985	0.0993	0.1020	0.1023	0.1016	0.1034	0.1018	0.1016	0.1031	0.1053	
0.0938	0.0939	0.0941	0.0921	0.0923	0.0923	0.0926	0.0916	0.0933	0.0929	0.0935	0.0927	0.0913	0.0919	0.0918	0.0918	0.0937	0.0927	0.0934	0.0925	0.0918	0.0935	0.0927	0.0924	0.0930	0.0923	0.0929	0.0936	0.0928	0.0923	0.0930	0.0928	0.0940	0.0953	0.0961	0.0945	0.0968	0.0949	0.0953	0.0951	0.0982	0.0985	0.0969	0.0980	0.0975	0.0962	0.0965	0.0972	0.1004	0.1000	0.0998	0.1005	0.0994	0.1002	0.0987	0.0977	0.1027	0.1025	0.1015	0.1029	0.1017	0.1021	0.1037	0.1059	
0.0945	0.0941	0.0951	0.0938	0.0922	0.0930	0.0930	0.0918	0.0942	0.0935	0.0939	0.0936	0.0924	0.0924	0.0923	0.0921	0.0942	0.0925	0.0924	0.0937	0.0923	0.0935	0.0923	0.0925	0.0941	0.0936	0.0928	0.0939	0.0921	0.0924	0.0928	0.0931	0.0944	0.0958	0.0956	0.0959	0.0966	0.0955	0.0959	0.0961	0.0976	0.0987	0.0978	0.0979	0.0981	0.0959	0.0968	0.0976	0.0991	0.0996	0.0989	0.1004	0.0988	0.1000	0.1002	0.0993	0.1028	0.1032	0.1013	0.1025	0.1025	0.1010	0.1034	0.1038	
0.0954	0.0954	0.0951	0.0945	0.0933	0.0927	0.0943	0.0923	0.0948	0.0942	0.0939	0.0940	0.0928	0.0933	0.0924	0.0925	0.0942	0.0936	0.0939	0.0939	0.0936	0.0941	0.0928	0.0932	0.0943	0.0937	0.0930	0.0937	0.0933	0.0928	0.0931	0.0933	0.0947	0.0962	0.0969	0.0975	0.0959	0.0953	0.0963	0.0958	0.0978	0.0997	0.0980	0.0965	0.0968	0.0977	0.0967	0.0976	0.0999	0.0999	0.1015	0.1001	0.1004	0.1006	0.1007	0.0999	0.1031	0.1015	0.1020	0.1032	0.1029	0.1025	0.1047	0.1046	
0.0946	0.0940	0.0945	0.0936	0.0927	0.0919	0.0971	0.0914	0.0924	0.0929	0.0941	0.0930	0.0915	0.0920	0.0916	0.0916	0.0924	0.0930	0.0922	0.0926	0.0925	0.0930	0.0920	0.0924	0.0937	0.0929	0.0930	0.0931	0.0927	0.0912	0.0921	0.0921	0.0930	0.0947	0.0946	0.0955	0.0944	0.0938	0.0942	0.0946	0.0972	0.0961	0.0953	0.0970	0.0962	0.0954	0.0963	0.0967	0.0993	0.0989	0.0980	0.1004	0.0987	0.0984	0.0994	0.0990	0.1017	0.1025	0.1004	0.1029	0.1012	0.1004	0.1024	0.1045	
0.0947	0.0947	0.0935	0.0926	0.0914	0.0914	0.0915	0.0929	0.0935	0.0935	0.0927	0.0929	0.0918	0.0918	0.0914	0.0913	0.0932	0.0930	0.0923	0.0921	0.0916	0.0934	0.0915	0.0921	0.0925	0.0924	0.0923	0.0924	0.0922	0.0915	0.0916	0.0925	0.0931	0.0955	0.0947	0.0951	0.0945	0.0936	0.0942	0.0935	0.0968	0.0977	0.0966	0.0958	0.0956	0.0957	0.0957	0.0954	0.0993	0.0994	0.0987	0.0991	0.0986	0.0989	0.0982	0.0991	0.1013	0.1012	0.1013	0.1015	0.1007	0.1004	0.1024	0.1025	
0.0955	0.0939	0.0949	0.0930	0.0928	0.0926	0.0996	0.0914	0.0937	0.0935	0.0933	0.0926	0.0920	0.0921	0.0919	0.0918	0.0949	0.0921	0.0916	0.0937	0.0919	0.0933	0.0918	0.0926	0.0929	0.0920	0.0930	0.0939	0.0927	0.0920	0.0920	0.0923	0.0936	0.0948	0.0954	0.0953	0.0946	0.0938	0.0941	0.0946	0.0969	0.0968	0.0959	0.0958	0.0971	0.0960	0.0961	0.0960	0.0998	0.0978	0.0992	0.1004	0.0986	0.0994	0.0995	0.0985	0.1021	0.1015	0.1012	0.1019	0.1005	0.0998	0.1031	0.1031	
0.0959	0.0952	0.0955	0.0929	0.0931	0.0923	0.0942	0.0916	0.0941	0.0934	0.0941	0.0930	0.0931	0.0923	0.0915	0.0907	0.0948	0.0933	0.0929	0.0941	0.0933	0.0940	0.0919	0.0922	0.0925	0.0927	0.0931	0.0930	0.0921	0.0923	0.0918	0.0930	0.0935	0.0938	0.0950	0.0947	0.0951	0.0944	0.0936	0.0938	0.0972	0.0958	0.0959	0.0967	0.0947	0.0952	0.0966	0.0959	0.0978	0.0985	0.0984	0.0986	0.0986	0.0986	0.0986	0.0982	0.1021	0.1010	0.0996	0.1023	0.1003	0.1013	0.1029	0.1055	
0.0975	0.0955	0.0952	0.0948	0.0933	0.0937	0.0934	0.0916	0.0946	0.0945	0.0946	0.0936	0.0926	0.0926	0.0928	0.0918	0.0942	0.0932	0.0924	0.0936	0.0924	0.0933	0.0920	0.0926	0.0929	0.0926	0.0922	0.0933	0.0931	0.0919	0.0928	0.0933	0.0935	0.0948	0.0941	0.0966	0.0948	0.0944	0.0939	0.0944	0.0965	0.0963	0.0968	0.0968	0.0963	0.0946	0.0963	0.0968	0.0985	0.0993	0.0987	0.0992	0.0992	0.0986	0.0982	0.0990	0.1025	0.1012	0.1010	0.1021	0.1008	0.0997	0.1034	0.1061	
0.0956	0.0942	0.0951	0.0925	0.0920	0.0917	0.0952	0.0906	0.0929	0.0928	0.0921	0.0918	0.0909	0.0917	0.0900	0.0902	0.0930	0.0918	0.0907	0.0917	0.0933	0.0916	0.0911	0.0911	0.0915	0.0915	0.0913	0.0921	0.0916	0.0906	0.0903	0.0903	0.0918	0.0935	0.0927	0.0936	0.0931	0.0930	0.0928	0.0924	0.0942	0.0952	0.0938	0.0954	0.0941	0.0942	0.0944	0.0947	0.0975	0.0978	0.0974	0.0988	0.0969	0.0964	0.0963	0.0965	0.1005	0.1009	0.0986	0.1001	0.0995	0.0989	0.1010	0.1017	
0.0974	0.0963	0.0959	0.0945	0.0932	0.0929	0.0923	0.0917	0.0947	0.0946	0.0937	0.0935	0.0919	0.0927	0.0919	0.0915	0.0940	0.0928	0.0933	0.0921	0.0924	0.0929	0.0917	0.0919	0.0932	0.0915	0.0925	0.0936	0.0924	0.0929	0.0920	0.0915	0.0928	0.0938	0.0946	0.0940	0.0948	0.0946	0.0942	0.0943	0.0954	0.0972	0.0969	0.0958	0.0944	0.0951	0.0945	0.0956	0.0981	0.0988	0.0986	0.0981	0.0980	0.0982	0.0985	0.0984	0.1006	0.1009	0.1002	0.1007	0.1006	0.0994	0.1025	0.1088	
0.0985	0.0972	0.0976	0.0955	0.0942	0.0935	0.0934	0.0920	0.0953	0.0956	0.0946	0.0943	0.0923	0.0928	0.0916	0.0918	0.0946	0.0934	0.0932	0.0935	0.0926	0.0933	0.0919	0.0920	0.0933	0.0923	0.0949	0.0947	0.0926	0.0916	0.0923	0.0924	0.0927	0.0934	0.0944	0.0948	0.0950	0.0946	0.0931	0.0940	0.0962	0.0964	0.0966	0.0956	0.0956	0.0944	0.0957	0.0955	0.0987	0.0980	0.0979	0.0991	0.0978	0.0980	0.0992	0.0988	0.1019	0.1018	0.1015	0.1006	0.1004	0.1000	0.1024	0.1031	
0.0991	0.0979	0.0977	0.0959	0.0943	0.0929	0.0932	0.0923	0.0949	0.0942	0.0955	0.0939	0.0923	0.0931	0.0927	0.0917	0.0943	0.0939	0.0933	0.0933	0.0929	0.0939	0.0918	0.0925	0.0927	0.0927	0.0936	0.0933	0.0925	0.0923	0.0925	0.0925	0.0944	0.0944	0.0946	0.0959	0.0943	0.0929	0.0923	0.0932	0.0962	0.0964	0.0953	0.0970	0.0956	0.0945	0.0951	0.0945	0.0990	0.0990	0.0985	0.0980	0.0979	0.0982	0.0988	0.0972	0.1019	0.1017	0.1005	0.1017	0.1009	0.1004	0.1024	0.1026	
0.1007	0.0976	0.0974	0.0960	0.0942	0.0929	0.0927	0.0909	0.0944	0.0944	0.0949	0.0941	0.0927	0.0927	0.0914	0.0920	0.0953	0.0934	0.0929	0.0939	0.0924	0.0944	0.0918	0.0919	0.0924	0.0923	0.0924	0.0924	0.0915	0.0923	0.0921	0.0920	0.0932	0.0944	0.0937	0.0944	0.0940	0.0934	0.0936	0.0932	0.0953	0.0974	0.0955	0.0953	0.0953	0.0949	0.0956	0.0952	0.0984	0.0979	0.0974	0.0982	0.0976	0.0992	0.0969	0.0963	0.1005	0.1002	0.1003	0.1022	0.1003	0.0998	0.1036	0.1043	
0.1008	0.0987	0.0976	0.0957	0.0939	0.0935	0.0924	0.0907	0.0959	0.0947	0.0940	0.0934	0.0920	0.0926	0.0922	0.0919	0.0955	0.0932	0.0931	0.0926	0.0923	0.0926	0.0921	0.0921	0.0919	0.0911	0.0927	0.0927	0.0920	0.0914	0.0966	0.0925	0.0931	0.0933	0.0933	0.0938	0.0937	0.0926	0.0926	0.0932	0.0959	0.0945	0.0946	0.0950	0.0940	0.0948	0.0951	0.0944	0.0981	0.0983	0.0982	0.0976	0.0976	0.0978	0.0977	0.0974	0.1001	0.1004	0.0997	0.1000	0.1004	0.1005	0.1021	0.1049	
0.1027	0.1000	0.0987	0.0962	0.0951	0.0941	0.0940	0.0915	0.0973	0.0955	0.0959	0.0942	0.0931	0.0935	0.0919	0.0923	0.0956	0.0942	0.0930	0.0944	0.0933	0.0937	0.0932	0.0925	0.0927	0.0917	0.0928	0.0932	0.0929	0.0922	0.0923	0.0935	0.0934	0.0942	0.0949	0.0948	0.0941	0.0934	0.0935	0.0944	0.0960	0.0955	0.0958	0.0951	0.0945	0.0947	0.0954	0.0956	0.0978	0.0982	0.0991	0.0986	0.0973	0.0976	0.0984	0.0973	0.1024	0.1014	0.1003	0.1017	0.1011	0.0996	0.1019	0.1028	
0.1041	0.1011	0.0993	0.0976	0.0954	0.0941	0.0941	0.0922	0.0960	0.0959	0.0954	0.0947	0.0936	0.0934	0.0924	0.0926	0.0958	0.0942	0.0933	0.0930	0.0927	0.0935	0.0924	0.0933	0.0932	0.0914	0.0935	0.0940	0.0915	0.0925	0.0924	0.0929	0.0934	0.0934	0.0933	0.0946	0.0937	0.0940	0.0934	0.0935	0.0965	0.0960	0.0952	0.0956	0.0950	0.0944	0.0955	0.0952	0.0979	0.0988	0.0981	0.0990	0.0981	0.0977	0.0977	0.0978	0.1013	0.1018	0.1007	0.1008	0.1002	0.0992	0.1015	0.1109	
0.1034	0.1018	0.0993	0.0985	0.0943	0.0934	0.0932	0.0913	0.0967	0.0951	0.0951	0.0945	0.0929	0.0930	0.0912	0.0916	0.0957	0.0934	0.0925	0.0940	0.0951	0.0929	0.0919	0.0917	0.0924	0.0910	0.0924	0.0914	0.0916	0.0914	0.0922	0.0917	0.0912	0.0924	0.0932	0.0936	0.0930	0.0928	0.0928	0.0922	0.0947	0.0945	0.0945	0.0952	0.0939	0.0940	0.0939	0.0939	0.0966	0.0974	0.0966	0.0971	0.0964	0.0966	0.0966	0.0969	0.1011	0.0994	0.0994	0.1005	0.0998	0.0995	0.1010	0.1035	
0.1062	0.1034	0.1007	0.0987	0.0964	0.0945	0.0931	0.0921	0.0973	0.0954	0.0959	0.0951	0.0933	0.0933	0.0931	0.0928	0.0960	0.0947	0.0926	0.0938	0.0929	0.0939	0.0931	0.0923	0.0921	0.0916	0.0927	0.0926	0.0923	0.0922	0.0920	0.0920	0.0923	0.0935	0.0933	0.0934	0.0931	0.0927	0.0927	0.0930	0.0959	0.0955	0.0939	0.0955	0.0933	0.0940	0.0948	0.0953	0.0968	0.0981	0.0986	0.0980	0.0968	0.0987	0.0973	0.0972	0.1007	0.1006	0.0991	0.1007	0.1006	0.0992	0.1011	0.1003	
0.1076	0.1045	0.1007	0.0983	0.0963	0.0943	0.0933	0.0916	0.0969	0.0952	0.0960	0.0941	0.0927	0.0932	0.0917	0.0916	0.0965	0.0941	0.0934	0.0931	0.0923	0.0935	0.0913	0.0927	0.0926	0.0913	0.0914	0.0925	0.0918	0.0914	0.0916	0.0923	0.0924	0.0925	0.0926	0.0929	0.0924	0.0924	0.0926	0.0934	0.0954	0.0946	0.0943	0.0937	0.0939	0.0938	0.0940	0.0942	0.0965	0.0966	0.0967	0.0976	0.0959	0.0962	0.0965	0.0952	0.1012	0.0994	0.0982	0.0996	0.0990	0.0986	0.0997	0.1025	
0.1100	0.1066	0.1034	0.0999	0.0976	0.0947	0.0943	0.0923	0.0988	0.0985	0.0967	0.0956	0.0942	0.0944	0.0924	0.0935	0.0971	0.0954	0.0930	0.0950	0.0931	0.0943	0.0936	0.0934	0.0934	0.0918	0.0934	0.0933	0.0925	0.0929	0.0929	0.0932	0.0929	0.0942	0.0935	0.0948	0.0940	0.0935	0.0940	0.0942	0.0960	0.0928	0.0938	0.0949	0.0948	0.0938	0.0955	0.0944	0.0978	0.0981	0.0973	0.0979	0.0972	0.0980	0.0982	0.0968	0.1014	0.1009	0.0986	0.1005	0.1008	0.1001	0.1028	0.1015	
0.1115	0.1079	0.1043	0.1004	0.0982	0.0962	0.0944	0.0917	0.0988	0.0976	0.0968	0.0953	0.0935	0.0936	0.0923	0.0922	0.0977	0.0947	0.0930	0.0945	0.0930	0.0940	0.0926	0.0929	0.0937	0.0923	0.0933	0.0935	0.0930	0.0920	0.0931	0.0921	0.0920	0.0932	0.0936	0.0943	0.0929	0.0929	0.0925	0.0937	0.0952	0.0956	0.0942	0.0944	0.0946	0.0938	0.0945	0.0943	0.0968	0.0972	0.0959	0.0969	0.0973	0.0968	0.0965	0.0969	0.1010	0.1004	0.0991	0.1000	0.0998	0.0985	0.1017	0.1156	
0.1130	0.1086	0.1043	0.1015	0.0971	0.0947	0.0935	0.0924	0.0993	0.0971	0.0973	0.0952	0.0939	0.0930	0.0917	0.0919	0.0971	0.0955	0.0932	0.0937	0.0927	0.0936	0.0928	0.0929	0.0926	0.0917	0.0921	0.0923	0.0915	0.0918	0.0922	0.0918	0.0914	0.0930	0.0932	0.0929	0.0926	0.0919	0.0928	0.0927	0.0943	0.0948	0.0929	0.0931	0.0941	0.0928	0.0941	0.0944	0.0958	0.0970	0.0964	0.0965	0.0957	0.0953	0.0967	0.0956	0.0999	0.0997	0.0977	0.0995	0.0993	0.0992	0.1002	0.1001	
0.1184	0.1117	0.1090	0.1031	0.0994	0.0964	0.0947	0.0930	0.1014	0.0991	0.0988	0.0964	0.0951	0.0948	0.0935	0.0937	0.0980	0.0973	0.0935	0.0941	0.0932	0.0941	0.0932	0.0930	0.0938	0.0921	0.0937	0.0939	0.0923	0.0929	0.0925	0.0940	0.0926	0.0939	0.0934	0.0943	0.0938	0.0928	0.0929	0.0939	0.0948	0.0947	0.0944	0.0934	0.0949	0.0937	0.0947	0.0950	0.0974	0.0981	0.0965	0.0981	0.0965	0.0981	0.0964	0.0966	0.1003	0.0999	0.0998	0.1013	0.1000	0.0989	0.1013	0.1014	
0.1204	0.1139	0.1078	0.1036	0.1011	0.0966	0.0953	0.0929	0.1020	0.0994	0.0982	0.0974	0.0953	0.0952	0.0934	0.0932	0.0990	0.0976	0.0944	0.0951	0.0939	0.0942	0.0939	0.0937	0.0940	0.0919	0.0934	0.0926	0.0926	0.0928	0.0932	0.0934	0.0924	0.0942	0.0934	0.0931	0.0935	0.0934	0.0935	0.0939	0.0940	0.0954	0.0946	0.0950	0.0938	0.0947	0.0947	0.0947	0.0963	0.0974	0.0966	0.0981	0.0971	0.0981	0.0966	0.0963	0.1004	0.1007	0.0998	0.0988	0.0998	0.0993	0.1013	0.1003	
0.1234	0.1153	0.1088	0.1046	0.1004	0.0961	0.0947	0.0923	0.1035	0.0998	0.0988	0.0973	0.0950	0.0949	0.0930	0.0932	0.0991	0.0971	0.0942	0.0944	0.0937	0.0948	0.0931	0.0936	0.0925	0.0955	0.0933	0.0935	0.0928	0.0939	0.0921	0.0924	0.0921	0.0925	0.0939	0.0935	0.0936	0.0934	0.0927	0.0942	0.0948	0.0942	0.0939	0.0950	0.0941	0.0939	0.0941	0.0950	0.0961	0.0964	0.0974	0.0973	0.0963	0.0966	0.0962	0.0966	0.0998	0.1004	0.0995	0.0992	0.1004	0.0991	0.1009	0.1001	
0.1265	0.1184	0.1111	0.1046	0.0994	0.0954	0.0940	0.0914	0.1039	0.1008	0.0987	0.0959	0.0943	0.0946	0.0924	0.0922	0.0987	0.0965	0.0932	0.0940	0.0926	0.0934	0.0923	0.0920	0.0927	0.0941	0.0925	0.0936	0.0917	0.0923	0.0922	0.0921	0.0917	0.0922	0.0918	0.0930	0.0913	0.0918	0.0917	0.0931	0.0932	0.0933	0.0939	0.0929	0.0928	0.0926	0.0944	0.0934	0.0953	0.0960	0.0957	0.0956	0.0947	0.0963	0.0962	0.0955	0.0988	0.0979	0.0973	0.0977	0.0978	0.0971	0.0998	0.0992	
0.1303	0.1219	0.1130	0.1078	0.1021	0.0975	0.0948	0.0926	0.1060	0.1006	0.0990	0.0977	0.0950	0.0957	0.0928	0.0937	0.1001	0.0979	0.0951	0.0951	0.0939	0.0945	0.0937	0.0941	0.0936	0.0925	0.0932	0.0928	0.0920	0.0927	0.0925	0.0928	0.0930	0.0924	0.0922	0.0939	0.0925	0.0931	0.0931	0.0939	0.0945	0.0937	0.0938	0.0937	0.0928	0.0933	0.0944	0.0945	0.0976	0.0968	0.0967	0.0959	0.0957	0.0969	0.0967	0.0958	0.0992	0.0996	0.0987	0.0997	0.0996	0.0985	0.1006	0.0992	
0.1365	0.1247	0.1151	0.1084	0.1038	0.0975	0.0955	0.0934	0.1072	0.1027	0.0999	0.0988	0.0966	0.0958	0.0934	0.0941	0.1016	0.0984	0.0954	0.0958	0.0941	0.0947	0.0937	0.0929	0.0945	0.0917	0.0931	0.0935	0.0924	0.0924	0.0935	0.0935	0.0923	0.0934	0.0927	0.0930	0.0935	0.0929	0.0936	0.0933	0.0944	0.0948	0.0944	0.0939	0.0942	0.0936	0.0938	0.0947	0.0971	0.0978	0.0958	0.0968	0.0959	0.0968	0.0966	0.0967	0.1002	0.0986	0.0986	0.0996	0.0993	0.0983	0.1000	0.1026	
0.1409	0.1293	0.1178	0.1092	0.1047	0.0974	0.1003	0.0926	0.1084	0.1032	0.1009	0.0985	0.0963	0.0964	0.0927	0.0936	0.1018	0.0975	0.0951	0.0950	0.0937	0.0947	0.0934	0.0933	0.0934	0.0924	0.0927	0.0931	0.0923	0.0918	0.0923	0.0934	0.0920	0.0928	0.0930	0.0940	0.0931	0.0926	0.0933	0.0935	0.0947	0.0947	0.0932	0.0929	0.0934	0.0929	0.0937	0.0943	0.0963	0.0976	0.0959	0.0955	0.0965	0.0956	0.0960	0.0939	0.0990	0.0989	0.0989	0.0998	0.0985	0.0978	0.1004	0.0993	
0.1481	0.1323	0.1192	0.1126	0.1047	0.0979	0.0952	0.0926	0.1102	0.1036	0.1011	0.0983	0.0959	0.0960	0.0929	0.0945	0.1018	0.0988	0.0953	0.0955	0.0943	0.0954	0.0932	0.0937	0.0940	0.0925	0.0927	0.0940	0.0927	0.0924	0.0921	0.0928	0.0924	0.0917	0.0930	0.0927	0.0925	0.0925	0.0933	0.0929	0.0940	0.0937	0.0938	0.0943	0.0927	0.0929	0.0943	0.0938	0.0971	0.0965	0.0965	0.0960	0.0950	0.0966	0.0953	0.0955	0.0988	0.1000	0.0976	0.0991	0.0982	0.0980	0.1003	0.0998	
0.1535	0.1360	0.1222	0.1142	0.1069	0.0978	0.0948	0.0927	0.1133	0.1052	0.1024	0.0991	0.0968	0.0965	0.0934	0.0936	0.1032	0.0994	0.0954	0.0951	0.0942	0.0945	0.0940	0.0933	0.0929	0.0920	0.0932	0.0924	0.0918	0.0921	0.0928	0.0932	0.0910	0.0919	0.0926	0.0926	0.0928	0.0916	0.0920	0.0930	0.0946	0.0947	0.0935	0.0934	0.0930	0.0930	0.0930	0.0932	0.0961	0.0968	0.0963	0.0950	0.0962	0.0957	0.0953	0.0958	0.1001	0.0982	0.0997	0.0991	0.0981	0.0977	0.0993	0.1061	
0.1622	0.1431	0.1273	0.1163	0.1083	0.0996	0.0964	0.0927	0.1158	0.1065	0.1038	0.1004	0.0973	0.0971	0.0944	0.0947	0.1045	0.1010	0.0969	0.0966	0.0948	0.0948	0.0939	0.0940	0.0950	0.0937	0.0927	0.0933	0.0926	0.0928	0.0928	0.0932	0.0931	0.0938	0.0926	0.0933	0.0935	0.0928	0.0936	0.0935	0.0942	0.0943	0.0935	0.0939	0.0941	0.0928	0.0937	0.0939	0.0954	0.0959	0.0957	0.0966	0.0974	0.0960	0.0955	0.0961	0.0998	0.0983	0.0996	0.0995	0.0991	0.0977	0.1012	0.0986	
0.1707	0.1475	0.1300	0.1195	0.1082	0.0991	0.0960	0.0933	0.1171	0.1089	0.1049	0.1011	0.0975	0.0972	0.0934	0.0946	0.1056	0.1015	0.0968	0.0968	0.0946	0.0946	0.0942	0.0938	0.0950	0.0930	0.0932	0.0933	0.0927	0.0924	0.0933	0.0935	0.0923	0.0924	0.0923	0.0927	0.0926	0.0928	0.0933	0.0940	0.0944	0.0933	0.0933	0.0924	0.0929	0.0921	0.0934	0.0938	0.0970	0.0953	0.0947	0.0959	0.0952	0.0961	0.0964	0.0955	0.0990	0.0984	0.0981	0.0988	0.0984	0.0974	0.1001	0.1035	
0.1807	0.1540	0.1338	0.1219	0.1114	0.1004	0.0969	0.0938	0.1200	0.1098	0.1060	0.1018	0.0997	0.0984	0.0947	0.0941	0.1066	0.1023	0.0968	0.0969	0.0949	0.0949	0.0945	0.0942	0.0954	0.0943	0.0934	0.0933	0.0920	0.0916	0.0928	0.0923	0.0931	0.0930	0.0923	0.0925	0.0930	0.0924	0.0931	0.0951	0.0945	0.0930	0.0938	0.0934	0.0924	0.0934	0.0936	0.0933	0.0973	0.0957	0.0957	0.0955	0.0959	0.0960	0.0945	0.0952	0.0982	0.0985	0.0987	0.0982	0.0990	0.0974	0.0987	0.1066	
0.1894	0.1620	0.1390	0.1249	0.1121	0.1011	0.0968	0.0939	0.1232	0.1123	0.1070	0.1029	0.0989	0.0985	0.0940	0.0947	0.1089	0.1031	0.0966	0.0977	0.0942	0.0955	0.0946	0.0930	0.0967	0.0937	0.0932	0.0934	0.0923	0.0923	0.0924	0.0922	0.0923	0.0932	0.0922	0.0933	0.0926	0.0920	0.0925	0.0941	0.0939	0.0933	0.0927	0.0927	0.0921	0.0917	0.0937	0.0933	0.0950	0.0955	0.0943	0.0948	0.0942	0.0957	0.0944	0.0952	0.0983	0.0982	0.0974	0.0983	0.0977	0.0967	0.0984	0.0991	
0.1994	0.1681	0.1428	0.1284	0.1138	0.1019	0.0968	0.0935	0.1269	0.1143	0.1083	0.1032	0.0997	0.0988	0.0942	0.0944	0.1101	0.1042	0.0980	0.0980	0.0956	0.0957	0.0940	0.0940	0.0974	0.0945	0.0938	0.0947	0.0928	0.0922	0.0931	0.0929	0.0935	0.0927	0.0923	0.0931	0.0925	0.0924	0.0931	0.0939	0.0952	0.0933	0.0927	0.0926	0.0923	0.0920	0.0938	0.0940	0.0961	0.0956	0.0957	0.0962	0.0944	0.0954	0.0944	0.0955	0.0984	0.0971	0.0988	0.0979	0.0976	0.0975	0.0991	0.0970	
0.2116	0.1759	0.1462	0.1319	0.1161	0.1028	0.0976	0.0935	0.1311	0.1171	0.1095	0.1050	0.1014	0.0997	0.0949	0.0946	0.1122	0.1058	0.0982	0.0984	0.0976	0.0955	0.0940	0.0934	0.0980	0.0950	0.0936	0.0939	0.0928	0.0920	0.0929	0.0927	0.0933	0.0931	0.0929	0.0922	0.0928	0.0924	0.0925	0.0934	0.0941	0.0931	0.0934	0.0924	0.0924	0.0917	0.0928	0.0937	0.0950	0.0950	0.0938	0.0958	0.0947	0.0948	0.0954	0.0947	0.0986	0.0982	0.0987	0.0983	0.0979	0.0977	0.0992	0.1044	
0.2271	0.1845	0.1525	0.1351	0.1180	0.1026	0.0977	0.0932	0.1336	0.1193	0.1118	0.1055	0.1013	0.1006	0.0949	0.0959	0.1146	0.1071	0.0995	0.0987	0.0958	0.0957	0.0949	0.0944	0.0982	0.0960	0.0938	0.0942	0.0928	0.0924	0.0929	0.0929	0.0929	0.0928	0.0928	0.0933	0.0921	0.0923	0.0932	0.0939	0.0937	0.0938	0.0929	0.0924	0.0924	0.0921	0.0927	0.0937	0.0964	0.0957	0.0948	0.0961	0.0944	0.0953	0.0943	0.0944	0.0985	0.0966	0.0977	0.0980	0.0975	0.0968	0.0995	0.0993	
0.2441	0.1970	0.1593	0.1402	0.1206	0.1043	0.0989	0.0940	0.1392	0.1224	0.1131	0.1076	0.1034	0.1024	0.0958	0.0964	0.1166	0.1097	0.1007	0.1011	0.0969	0.0968	0.0959	0.0953	0.1033	0.0976	0.0951	0.0949	0.0934	0.0932	0.0940	0.0932	0.0939	0.0934	0.0934	0.0932	0.0930	0.0933	0.0939	0.0946	0.0947	0.0933	0.0933	0.0931	0.0923	0.0926	0.0939	0.0939	0.0950	0.0961	0.0958	0.0950	0.0956	0.0970	0.0961	0.0954	0.0990	0.0986	0.0984	0.0993	0.0976	0.0971	0.0992	0.0998	
0.2576	0.2083	0.1666	0.1445	0.1236	0.1056	0.1029	0.0944	0.1437	0.1246	0.1146	0.1082	0.1040	0.1018	0.0953	0.0965	0.1193	0.1116	0.1012	0.1004	0.0973	0.0974	0.0954	0.0949	0.1029	0.0977	0.0944	0.0939	0.0929	0.0928	0.0932	0.0940	0.0942	0.0932	0.0927	0.0942	0.0929	0.0919	0.0932	0.0938	0.0943	0.0940	0.0929	0.0923	0.0920	0.0916	0.0936	0.0939	0.0948	0.0952	0.0946	0.0950	0.0943	0.0953	0.0946	0.0950	0.0991	0.0982	0.0972	0.0985	0.0978	0.0961	0.0977	0.0968	
0.2790	0.2202	0.1735	0.1499	0.1265	0.1071	0.0991	0.0945	0.1494	0.1286	0.1174	0.1099	0.1042	0.1034	0.0985	0.0970	0.1222	0.1131	0.1024	0.1013	0.0981	0.0974	0.0964	0.0945	0.1026	0.0996	0.0945	0.0956	0.0937	0.0926	0.0931	0.0936	0.0933	0.0934	0.0930	0.0931	0.0932	0.0924	0.0938	0.0942	0.0948	0.0928	0.0927	0.0924	0.0917	0.0921	0.0941	0.0940	0.0945	0.0954	0.0948	0.0936	0.0941	0.0951	0.0946	0.0951	0.0983	0.0979	0.0980	0.0978	0.0968	0.0963	0.0986	0.1023	
0.2984	0.2313	0.1832	0.1549	0.1309	0.1076	0.0996	0.0942	0.1535	0.1314	0.1196	0.1110	0.1055	0.1041	0.0953	0.0967	0.1244	0.1151	0.1032	0.1015	0.0984	0.0970	0.0955	0.0953	0.1040	0.1004	0.0950	0.0955	0.0929	0.0930	0.0926	0.0928	0.0936	0.0931	0.0933	0.0927	0.0926	0.0927	0.0933	0.0942	0.0949	0.0932	0.0930	0.0919	0.0918	0.0921	0.0931	0.0932	0.0946	0.0947	0.0946	0.0946	0.0948	0.0954	0.0948	0.0945	0.0982	0.0967	0.0972	0.0980	0.0972	0.0953	0.0993	0.0978	
0.3206	0.2458	0.1909	0.1607	0.1335	0.1090	0.1006	0.0943	0.1630	0.1345	0.1221	0.1130	0.1079	0.1057	0.0963	0.0978	0.1299	0.1177	0.1046	0.1036	0.0992	0.0975	0.0967	0.0957	0.1065	0.1026	0.0950	0.0954	0.0936	0.0929	0.0940	0.0943	0.0949	0.0945	0.0933	0.0936	0.0925	0.0929	0.0937	0.0954	0.0945	0.0942	0.0936	0.0931	0.0921	0.0919	0.0938	0.0944	0.0938	0.0952	0.0948	0.0955	0.0946	0.0952	0.0947	0.0950	0.0974	0.0982	0.0978	0.0982	0.0974	0.0966	0.0996	0.1038	
0.3435	0.2621	0.2007	0.1671	0.1368	0.1100	0.1000	0.0947	0.1689	0.1396	0.1240	0.1146	0.1087	0.1066	0.0955	0.0979	0.1335	0.1198	0.1069	0.1049	0.0996	0.0977	0.0975	0.0955	0.1097	0.1043	0.0960	0.0953	0.0940	0.0930	0.0937	0.0929	0.0949	0.0942	0.0927	0.0935	0.0926	0.0922	0.0932	0.0938	0.0943	0.0933	0.0925	0.0931	0.0912	0.0929	0.0929	0.0939	0.0928	0.0952	0.0945	0.0938	0.0932	0.0939	0.0947	0.0954	0.0983	0.0977	0.0959	0.0971	0.0970	0.0964	0.0979	0.0973	
0.3711	0.2777	0.2128	0.1743	0.1418	0.1118	0.1022	0.0951	0.1775	0.1458	0.1270	0.1169	0.1107	0.1083	0.0972	0.0989	0.1376	0.1240	0.1086	0.1066	0.1011	0.0992	0.0976	0.0964	0.1108	0.1071	0.0954	0.0969	0.0941	0.0934	0.0944	0.0946	0.0961	0.0946	0.0935	0.0936	0.0931	0.0931	0.0943	0.0954	0.0955	0.0941	0.0931	0.0937	0.0926	0.0928	0.0936	0.0941	0.0950	0.0942	0.0951	0.0943	0.0941	0.0952	0.0951	0.0946	0.0982	0.0986	0.0977	0.0981	0.0981	0.0969	0.0985	0.0985	
0.3940	0.2990	0.2267	0.1827	0.1464	0.1129	0.1023	0.0953	0.1846	0.1495	0.1311	0.1188	0.1125	0.1093	0.0977	0.0992	0.1424	0.1263	0.1105	0.1073	0.1019	0.0995	0.0975	0.0961	0.1135	0.1102	0.0968	0.0969	0.0940	0.0937	0.0940	0.0938	0.0968	0.0940	0.0940	0.0939	0.0931	0.0934	0.0938	0.0949	0.0958	0.0938	0.0933	0.0925	0.0925	0.0923	0.0930	0.0938	0.0943	0.0939	0.0938	0.0947	0.0936	0.0943	0.0943	0.0939	0.0979	0.0973	0.0975	0.0967	0.0967	0.0958	0.0984	0.1120	
0.4233	0.3201	0.2377	0.1899	0.1499	0.1149	0.1026	0.0959	0.1951	0.1549	0.1341	0.1208	0.1136	0.1096	0.1056	0.0993	0.1467	0.1306	0.1112	0.1088	0.1014	0.1003	0.0977	0.0958	0.1159	0.1115	0.0968	0.0965	0.0947	0.0943	0.0948	0.0942	0.0975	0.0947	0.0936	0.0934	0.0928	0.0925	0.0934	0.0951	0.0956	0.0930	0.0921	0.0931	0.0920	0.0927	0.0937	0.0940	0.0940	0.0945	0.0932	0.0941	0.0938	0.0950	0.0935	0.0947	0.0977	0.0987	0.0970	0.0973	0.0960	0.0958	0.0984	0.0974	
0.4522	0.3420	0.2539	0.2006	0.1544	0.1164	0.1063	0.0953	0.2046	0.1595	0.1368	0.1225	0.1148	0.1124	0.0977	0.1020	0.1525	0.1342	0.1135	0.1102	0.1022	0.1005	0.0995	0.0960	0.1201	0.1150	0.0979	0.0979	0.0946	0.0944	0.0945	0.0941	0.0994	0.0951	0.0929	0.0931	0.0926	0.0932	0.0933	0.0960	0.0965	0.0931	0.0932	0.0929	0.0924	0.0922	0.0930	0.0937	0.0928	0.0940	0.0938	0.0947	0.0935	0.0944	0.0934	0.0941	0.0979	0.0969	0.0963	0.0966	0.0964	0.0963	0.0987	0.0976	
0.4802	0.3620	0.2689	0.2111	0.1614	0.1179	0.1042	0.0964	0.2164	0.1694	0.1431	0.1260	0.1181	0.1148	0.0998	0.1007	0.1622	0.1405	0.1165	0.1127	0.1042	0.1017	0.0997	0.0975	0.1256	0.1193	0.0991	0.0986	0.0956	0.0951	0.0951	0.0950	0.1011	0.0956	0.0930	0.0937	0.0933	0.0928	0.0943	0.0945	0.0972	0.0933	0.0935	0.0929	0.0931	0.0922	0.0932	0.0943	0.0945	0.0947	0.0934	0.0933	0.0936	0.0944	0.0941	0.0949	0.0972	0.0970	0.0969	0.0965	0.0963	0.0965	0.0986	0.0957	
0.5055	0.3844	0.2852	0.2199	0.1662	0.1200	0.1050	0.0958	0.2275	0.1747	0.1451	0.1280	0.1198	0.1152	0.0988	0.1007	0.1680	0.1438	0.1182	0.1136	0.1052	0.1019	0.0995	0.0966	0.1287	0.1233	0.0997	0.0989	0.0952	0.0953	0.0949	0.0950	0.1015	0.0965	0.0930	0.0940	0.0925	0.0932	0.0936	0.0948	0.0978	0.0938	0.0923	0.0919	0.0922	0.0920	0.0943	0.0934	0.0935	0.0941	0.0939	0.0940	0.0933	0.0941	0.0939	0.0937	0.0973	0.0968	0.0972	0.0966	0.0968	0.0955	0.0979	0.1019	
0.5295	0.4135	0.3038	0.2347	0.1725	0.1242	0.1063	0.0968	0.2417	0.1822	0.1513	0.1321	0.1218	0.1180	0.1002	0.1023	0.1766	0.1504	0.1221	0.1162	0.1075	0.1036	0.1006	0.0977	0.1352	0.1269	0.1005	0.1006	0.0970	0.0965	0.0956	0.0954	0.1037	0.0980	0.0944	0.0942	0.0938	0.0937	0.0946	0.0950	0.0996	0.0949	0.0934	0.0927	0.0929	0.0924	0.0942	0.0949	0.0948	0.0949	0.0942	0.0943	0.0950	0.0955	0.0939	0.0957	0.0975	0.0968	0.0961	0.0974	0.0971	0.0959	0.0980	0.0977	
0.5647	0.4385	0.3225	0.2476	0.1798	0.1254	0.1071	0.0965	0.2544	0.1914	0.1548	0.1352	0.1233	0.1201	0.1002	0.1026	0.1833	0.1532	0.1244	0.1197	0.1079	0.1039	0.1012	0.0980	0.1402	0.1311	0.1019	0.1003	0.0975	0.0956	0.0949	0.0956	0.1047	0.0978	0.0932	0.0944	0.0931	0.0931	0.0941	0.0953	0.0984	0.0934	0.0931	0.0924	0.0912	0.0922	0.0932	0.0939	0.0934	0.0941	0.0929	0.0930	0.0928	0.0938	0.0948	0.0946	0.0975	0.0965	0.0956	0.0964	0.0961	0.0944	0.0971	0.0991	
0.5845	0.4594	0.3451	0.2597	0.1877	0.1283	0.1080	0.0974	0.2691	0.1997	0.1616	0.1396	0.1272	0.1224	0.1019	0.1028	0.1931	0.1631	0.1293	0.1221	0.1101	0.1048	0.1028	0.0987	0.1465	0.1381	0.1040	0.1023	0.0975	0.0971	0.0962	0.0957	0.1087	0.0985	0.0940	0.0944	0.0939	0.0938	0.0952	0.0957	0.0999	0.0943	0.0929	0.0938	0.0929	0.0931	0.0940	0.0944	0.0935	0.0946	0.0942	0.0944	0.0937	0.0954	0.0939	0.0952	0.0965	0.0972	0.0964	0.0968	0.0967	0.0965	0.0987	0.1041	
0.6189	0.4866	0.3650	0.2782	0.1966	0.1317	0.1091	0.0974	0.2862	0.2095	0.1683	0.1419	0.1299	0.1254	0.1021	0.1040	0.2050	0.1674	0.1326	0.1244	0.1142	0.1061	0.1033	0.0990	0.1524	0.1436	0.1053	0.1032	0.0991	0.0967	0.0956	0.0960	0.1106	0.1000	0.0948	0.0948	0.0934	0.0937	0.0946	0.0952	0.1009	0.0947	0.0936	0.0927	0.0920	0.0922	0.0939	0.0944	0.0946	0.0945	0.0944	0.0938	0.0928	0.0939	0.0939	0.0953	0.0972	0.0967	0.0969	0.0968	0.0965	0.0965	0.0972	0.0999	
0.6383	0.5167	0.3849	0.2917	0.2036	0.1346	0.1100	0.0978	0.3022	0.2195	0.1752	0.1456	0.1312	0.1270	0.1028	0.1051	0.2157	0.1741	0.1365	0.1274	0.1133	0.1070	0.1032	0.0982	0.1601	0.1512	0.1063	0.1047	0.0990	0.0979	0.0954	0.0952	0.1143	0.1010	0.0943	0.0950	0.0931	0.0926	0.0942	0.0960	0.1025	0.0941	0.0927	0.0920	0.0922	0.0920	0.0932	0.0945	0.0932	0.0933	0.0932	0.0925	0.0935	0.0935	0.0943	0.0943	0.0963	0.0958	0.0948	0.0966	0.0955	0.0951	0.0975	0.1057	
0.6544	0.5397	0.4110	0.3092	0.2147	0.1345	0.1112	0.0977	0.3185	0.2324	0.1816	0.1507	0.1359	0.1288	0.1034	0.1061	0.2307	0.1838	0.1397	0.1320	0.1152	0.1087	0.1042	0.0987	0.1672	0.1561	0.1084	0.1054	0.0994	0.0981	0.0961	0.0958	0.1159	0.1026	0.0946	0.0951	0.0939	0.0933	0.0942	0.0959	0.1039	0.0946	0.0927	0.0930	0.0919	0.0922	0.0939	0.0942	0.0938	0.0932	0.0930	0.0929	0.0926	0.0933	0.0936	0.0950	0.0964	0.0960	0.0955	0.0956	0.0954	0.0951	0.0966	0.0947	
0.6803	0.5698	0.4362	0.3270	0.2254	0.1418	0.1127	0.0989	0.3387	0.2453	0.1893	0.1557	0.1399	0.1334	0.1042	0.1074	0.2409	0.1955	0.1455	0.1345	0.1168	0.1102	0.1052	0.0998	0.1778	0.1648	0.1108	0.1085	0.1017	0.0998	0.0958	0.0960	0.1197	0.1048	0.0960	0.0954	0.0944	0.0940	0.0946	0.0960	0.1066	0.0953	0.0937	0.0938	0.0927	0.0926	0.0939	0.0948	0.0950	0.0940	0.0938	0.0929	0.0927	0.0937	0.0942	0.0951	0.0975	0.0960	0.0954	0.0963	0.0954	0.0948	0.0974	0.0987	
0.6942	0.5924	0.4580	0.3480	0.2372	0.1448	0.1142	0.0990	0.3561	0.2562	0.1981	0.1612	0.1432	0.1348	0.1061	0.1087	0.2564	0.2039	0.1523	0.1396	0.1201	0.1116	0.1070	0.1012	0.1889	0.1729	0.1131	0.1101	0.1026	0.1009	0.0964	0.0975	0.1240	0.1060	0.0969	0.0961	0.0937	0.0941	0.0960	0.0970	0.1084	0.0964	0.0944	0.0937	0.0929	0.0921	0.0938	0.0949	0.0954	0.0943	0.0943	0.0938	0.0937	0.0948	0.0950	0.0960	0.0966	0.0964	0.0968	0.0970	0.0952	0.0942	0.0976	0.1034	
0.7119	0.6195	0.4849	0.3659	0.2456	0.1480	0.1155	0.0992	0.3775	0.2710	0.2056	0.1663	0.1468	0.1395	0.1068	0.1097	0.2721	0.2143	0.1576	0.1436	0.1210	0.1113	0.1069	0.1001	0.2005	0.1830	0.1161	0.1114	0.1054	0.1015	0.0963	0.0966	0.1288	0.1070	0.0967	0.0959	0.0940	0.0942	0.0951	0.0955	0.1107	0.0964	0.0938	0.0936	0.0917	0.0926	0.0937	0.0938	0.0951	0.0939	0.0927	0.0929	0.0925	0.0945	0.0940	0.0956	0.0958	0.0952	0.0945	0.0952	0.0941	0.0942	0.0961	0.0947	
0.7160	0.6438	0.5115	0.3882	0.2606	0.1536	0.1171	0.0997	0.3999	0.2859	0.2142	0.1718	0.1514	0.1423	0.1104	0.1107	0.2893	0.2252	0.1640	0.1504	0.1258	0.1143	0.1071	0.1015	0.2123	0.1927	0.1182	0.1140	0.1056	0.1021	0.0961	0.0972	0.1327	0.1101	0.0975	0.0970	0.0941	0.0938	0.0955	0.0963	0.1131	0.0970	0.0941	0.0935	0.0923	0.0925	0.0936	0.0951	0.0950	0.0934	0.0932	0.0925	0.0933	0.0939	0.0949	0.0961	0.0967	0.0951	0.0946	0.0959	0.0948	0.0952	0.0971	0.0952	
0.7268	0.6628	0.5325	0.4051	0.2744	0.1600	0.1189	0.1004	0.4224	0.3012	0.2260	0.1786	0.1572	0.1472	0.1089	0.1120	0.3013	0.2376	0.1717	0.1552	0.1288	0.1164	0.1096	0.1021	0.2255	0.2041	0.1219	0.1167	0.1071	0.1036	0.0966	0.0978	0.1403	0.1119	0.0987	0.0978	0.0949	0.0946	0.0957	0.0965	0.1150	0.0976	0.0947	0.0933	0.0929	0.0923	0.0937	0.0960	0.0964	0.0934	0.0930	0.0933	0.0931	0.0934	0.0943	0.0951	0.0969	0.0958	0.0951	0.0961	0.0956	0.0953	0.0979	0.0995	
0.7210	0.6810	0.5623	0.4326	0.2860	0.1640	0.1214	0.1007	0.4419	0.3172	0.2361	0.1866	0.1620	0.1508	0.1092	0.1135	0.3225	0.2522	0.1798	0.1625	0.1324	0.1185	0.1114	0.1033	0.2371	0.2169	0.1254	0.1201	0.1089	0.1052	0.0970	0.0982	0.1469	0.1162	0.1001	0.0985	0.0961	0.0946	0.0959	0.0973	0.1201	0.0993	0.0950	0.0942	0.0930	0.0930	0.0949	0.0952	0.0970	0.0944	0.0941	0.0935	0.0941	0.0947	0.0940	0.0963	0.0970	0.0958	0.0960	0.0958	0.0960	0.0953	0.0977	0.0965	
0.7224	0.6873	0.5828	0.4517	0.3022	0.1699	0.1227	0.1012	0.4626	0.3338	0.2477	0.1930	0.1672	0.1551	0.1116	0.1149	0.3415	0.2639	0.1880	0.1677	0.1349	0.1207	0.1130	0.1041	0.2555	0.2297	0.1310	0.1233	0.1107	0.1073	0.0977	0.0989	0.1529	0.1197	0.1011	0.0995	0.0962	0.0952	0.0968	0.0975	0.1228	0.1004	0.0961	0.0945	0.0933	0.0933	0.0949	0.0963	0.0976	0.0949	0.0947	0.0942	0.0946	0.0943	0.0945	0.0952	0.0971	0.0965	0.0959	0.0970	0.0951	0.0953	0.0969	0.0973	
0.7249	0.6993	0.6078	0.4756	0.3175	0.1763	0.1249	0.1024	0.4904	0.3524	0.2600	0.2022	0.1725	0.1601	0.1122	0.1176	0.3647	0.2817	0.1968	0.1731	0.1390	0.1232	0.1134	0.1048	0.2712	0.2420	0.1349	0.1270	0.1124	0.1075	0.0976	0.0993	0.1614	0.1214	0.1022	0.1000	0.0962	0.0944	0.0963	0.0972	0.1246	0.1012	0.0955	0.0940	0.0929	0.0924	0.0945	0.0963	0.0985	0.0945	0.0929	0.0935	0.0923	0.0941	0.0947	0.0954	0.0966	0.0957	0.0945	0.0965	0.0944	0.0940	0.0966	0.0961	
0.7340	0.7025	0.6257	0.5005	0.3330	0.1825	0.1264	0.1022	0.5139	0.3705	0.2743	0.2113	0.1796	0.1653	0.1136	0.1197	0.3847	0.2985	0.2079	0.1827	0.1448	0.1258	0.1150	0.1045	0.2878	0.2605	0.1406	0.1308	0.1148	0.1097	0.0980	0.0998	0.1701	0.1267	0.1040	0.1015	0.0969	0.0962	0.0975	0.0979	0.1297	0.1026	0.0967	0.0950	0.0931	0.0937	0.0941	0.0965	0.0999	0.0950	0.0939	0.0930	0.0933	0.0949	0.0938	0.0962	0.0955	0.0952	0.0958	0.0951	0.0950	0.0954	0.0964	0.0981	
0.7465	0.7074	0.6382	0.5227	0.3514	0.1899	0.1292	0.1035	0.5371	0.3919	0.2886	0.2183	0.1836	0.1716	0.1148	0.1212	0.4044	0.3160	0.2205	0.1921	0.1479	0.1273	0.1171	0.1065	0.3098	0.2744	0.1448	0.1344	0.1182	0.1123	0.0982	0.0999	0.1779	0.1301	0.1050	0.1026	0.0971	0.0950	0.0969	0.0978	0.1338	0.1043	0.0970	0.0950	0.0929	0.0923	0.0937	0.0955	0.1006	0.0949	0.0936	0.0930	0.0930	0.0932	0.0939	0.0957	0.0960	0.0955	0.0944	0.0963	0.0942	0.0943	0.0961	0.0951	
