0.1255	0.1244	0.1210	0.1228	0.0957	0.0918	0.0965	0.0932	0.1244	0.1184	0.1227	0.1256	0.0925	0.0965	0.1018	0.0929	0.1365	0.1264	0.1215	0.1265	0.1006	0.1019	0.1003	0.1004	0.1381	0.1405	0.1402	0.1213	0.1013	0.1001	0.1003	0.1040	0.1457	0.1384	0.1425	0.1287	0.1033	0.1019	0.1042	0.1058	0.1651	0.1529	0.1547	0.1490	0.1047	0.1048	0.1076	0.1054	0.1448	0.1463	0.1434	0.1393	0.1055	0.1077	0.1075	0.1078	0.1630	0.1805	0.1706	0.1430	0.1093	0.1088	0.1136	0.1148	
0.0870	0.0867	0.0865	0.0870	0.0903	0.0908	0.0909	0.0913	0.0891	0.0891	0.0900	0.0900	0.0924	0.0923	0.0920	0.0918	0.0881	0.0886	0.0888	0.0903	0.0951	0.0957	0.0941	0.0954	0.0918	0.0925	0.0929	0.0918	0.0973	0.0973	0.0970	0.0980	0.0947	0.0942	0.0920	0.0935	0.0982	0.0993	0.0997	0.1004	0.0969	0.0972	0.0977	0.0975	0.1005	0.1011	0.1005	0.1006	0.0960	0.0962	0.0954	0.0956	0.1020	0.1024	0.1029	0.1009	0.1004	0.0997	0.0987	0.0996	0.1054	0.1039	0.1048	0.1052	
0.0836	0.0836	0.0831	0.0841	0.0913	0.0912	0.0914	0.0919	0.0820	0.0815	0.0813	0.0834	0.0927	0.0923	0.0925	0.0923	0.0844	0.0848	0.0853	0.0863	0.0959	0.0953	0.0942	0.0948	0.0863	0.0860	0.0859	0.0853	0.0969	0.0973	0.0969	0.0974	0.0903	0.0905	0.0891	0.0895	0.0987	0.0992	0.1005	0.0992	0.0900	0.0898	0.0896	0.0912	0.1001	0.1013	0.0999	0.1005	0.0934	0.0931	0.0925	0.0936	0.1021	0.1031	0.1029	0.1016	0.0953	0.0938	0.0928	0.0946	0.1050	0.1035	0.1045	0.1048	
0.0859	0.0864	0.0860	0.0866	0.0911	0.0913	0.0916	0.0921	0.0868	0.0870	0.0861	0.0872	0.0927	0.0921	0.0921	0.0919	0.0869	0.0874	0.0876	0.0894	0.0953	0.0957	0.0945	0.0952	0.0915	0.0904	0.0892	0.0903	0.0969	0.0975	0.0970	0.0976	0.0916	0.0934	0.0924	0.0933	0.0981	0.0990	0.1002	0.1001	0.0938	0.0953	0.0945	0.0948	0.0999	0.1007	0.1005	0.1011	0.0975	0.0963	0.0960	0.0963	0.1019	0.1029	0.1029	0.1015	0.0986	0.0988	0.0981	0.0973	0.1053	0.1036	0.1042	0.1048	
0.0906	0.0909	0.0908	0.0915	0.0917	0.0915	0.0917	0.0920	0.0933	0.0933	0.0930	0.0940	0.0923	0.0922	0.0920	0.0919	0.0919	0.0916	0.0991	0.0942	0.0952	0.0952	0.0947	0.0954	0.0963	0.0968	0.0964	0.0969	0.0968	0.0975	0.0968	0.0974	0.0972	0.0978	0.0973	0.0964	0.0990	0.0996	0.0999	0.0994	0.1003	0.1009	0.1003	0.1020	0.1001	0.1006	0.0999	0.1004	0.1006	0.1008	0.1034	0.1002	0.1014	0.1024	0.1029	0.1014	0.1045	0.1041	0.1046	0.1048	0.1046	0.1033	0.1043	0.1047	
0.0862	0.0863	0.0859	0.0871	0.0916	0.0920	0.0918	0.0927	0.0843	0.0845	0.0838	0.0854	0.0922	0.0922	0.0922	0.0922	0.0870	0.0865	0.0875	0.0897	0.0940	0.0954	0.0946	0.0951	0.0889	0.0882	0.0872	0.0887	0.0968	0.0971	0.0969	0.0971	0.0917	0.0935	0.0918	0.0910	0.0996	0.0992	0.1001	0.0993	0.0922	0.0919	0.0905	0.0926	0.0999	0.1007	0.1000	0.1004	0.0961	0.0933	0.0952	0.0955	0.1018	0.1031	0.1032	0.1011	0.0962	0.0968	0.0953	0.0944	0.1045	0.1032	0.1041	0.1046	
0.0867	0.0876	0.0875	0.0882	0.0920	0.0924	0.0919	0.0922	0.0877	0.0880	0.0871	0.0891	0.0924	0.0922	0.0922	0.0922	0.0881	0.0891	0.0876	0.0899	0.0950	0.0956	0.0947	0.0949	0.0914	0.0918	0.0908	0.0908	0.0963	0.0971	0.0966	0.0967	0.0932	0.0930	0.0922	0.0925	0.0998	0.0988	0.1001	0.0997	0.0944	0.0945	0.0947	0.0955	0.0996	0.1004	0.0997	0.1004	0.0956	0.0953	0.0968	0.0961	0.1021	0.1028	0.1027	0.1017	0.0992	0.0987	0.0976	0.0977	0.1046	0.1036	0.1038	0.1044	
0.0843	0.0848	0.0848	0.0857	0.0920	0.0920	0.0923	0.0924	0.0830	0.0829	0.0825	0.0851	0.0925	0.0927	0.0925	0.0922	0.0853	0.0853	0.0853	0.0869	0.0950	0.0950	0.0949	0.0956	0.0875	0.0867	0.0872	0.0870	0.0964	0.0971	0.0966	0.0972	0.0907	0.0902	0.0895	0.0899	0.0988	0.0990	0.1001	0.0993	0.0907	0.0905	0.0902	0.0910	0.0995	0.1008	0.0996	0.1003	0.0945	0.0935	0.0974	0.0931	0.1021	0.1029	0.1023	0.1012	0.0949	0.0949	0.0933	0.0942	0.1044	0.1034	0.1042	0.1043	
0.0860	0.0862	0.0854	0.0868	0.0918	0.0917	0.0920	0.0921	0.0850	0.0855	0.0848	0.0858	0.0923	0.0922	0.0923	0.0922	0.0867	0.0866	0.0868	0.0879	0.0940	0.0951	0.0946	0.0947	0.0898	0.0885	0.0882	0.0890	0.0965	0.0966	0.0968	0.0969	0.0919	0.0930	0.0913	0.0939	0.0981	0.0986	0.0996	0.0988	0.0928	0.0929	0.0924	0.0924	0.0992	0.1003	0.0995	0.1003	0.0944	0.0958	0.0936	0.0940	0.1015	0.1025	0.1026	0.1012	0.0958	0.0965	0.0957	0.0960	0.1039	0.1027	0.1038	0.1040	
0.0872	0.0881	0.0874	0.0880	0.0921	0.0920	0.0920	0.0924	0.0888	0.0892	0.0891	0.0902	0.0928	0.0928	0.0927	0.0925	0.0879	0.0886	0.0888	0.0896	0.0940	0.0953	0.0947	0.0953	0.0917	0.0915	0.0900	0.0912	0.0964	0.0971	0.0967	0.0970	0.0925	0.0932	0.0916	0.0915	0.0980	0.0982	0.0998	0.0992	0.0944	0.0948	0.0953	0.0967	0.0992	0.1000	0.0991	0.1001	0.0948	0.0959	0.0962	0.0942	0.1019	0.1024	0.1025	0.1011	0.0976	0.0986	0.0968	0.0987	0.1040	0.1028	0.1034	0.1039	
0.0896	0.0902	0.0903	0.0914	0.0922	0.0921	0.0926	0.0925	0.0897	0.0896	0.0892	0.0928	0.0926	0.0925	0.0925	0.0921	0.0901	0.0912	0.0914	0.0909	0.0942	0.0952	0.0944	0.0951	0.0934	0.0940	0.0937	0.0960	0.0963	0.0967	0.0972	0.0968	0.0947	0.0963	0.0962	0.0945	0.0980	0.0988	0.0996	0.0989	0.0972	0.0983	0.0971	0.1010	0.0992	0.0999	0.0990	0.1000	0.0970	0.0980	0.0982	0.0975	0.1011	0.1024	0.1021	0.1008	0.1007	0.1011	0.0999	0.1023	0.1037	0.1028	0.1035	0.1040	
0.0870	0.0864	0.0861	0.0875	0.0925	0.0925	0.0926	0.0929	0.0849	0.0852	0.0841	0.0852	0.0928	0.0927	0.0927	0.0927	0.0867	0.0872	0.0870	0.0886	0.0944	0.0955	0.0950	0.0957	0.0893	0.0888	0.0870	0.0873	0.0970	0.0969	0.0967	0.0966	0.0924	0.0906	0.0903	0.0909	0.0988	0.0991	0.0995	0.0996	0.0910	0.0915	0.0905	0.0921	0.0994	0.1000	0.0993	0.0998	0.0942	0.0950	0.0941	0.0944	0.1013	0.1024	0.1018	0.1006	0.0949	0.0963	0.0942	0.0942	0.1041	0.1027	0.1035	0.1041	
0.0878	0.0883	0.0876	0.0889	0.0929	0.0928	0.0930	0.0934	0.0886	0.0885	0.0881	0.0893	0.0931	0.0932	0.0930	0.0932	0.0887	0.0878	0.0887	0.0894	0.0952	0.0959	0.0949	0.0956	0.0911	0.0911	0.0912	0.0908	0.0964	0.0979	0.0969	0.0969	0.0929	0.0935	0.0935	0.0913	0.0984	0.0990	0.0997	0.0994	0.0942	0.0949	0.0941	0.0950	0.0994	0.1007	0.0994	0.1004	0.0962	0.0958	0.0975	0.0943	0.1018	0.1020	0.1018	0.1013	0.0986	0.0981	0.0979	0.0972	0.1037	0.1028	0.1035	0.1041	
0.0912	0.0920	0.0920	0.0922	0.0930	0.0928	0.0931	0.0931	0.0931	0.0940	0.0929	0.0939	0.0931	0.0933	0.0928	0.0930	0.0918	0.0920	0.0931	0.0933	0.0956	0.0957	0.0948	0.0953	0.0949	0.0969	0.0946	0.0956	0.0960	0.0972	0.0971	0.0966	0.0966	0.0989	0.0952	0.0949	0.0968	0.0983	0.0996	0.0986	0.0991	0.1000	0.0999	0.1021	0.0989	0.0998	0.0989	0.0996	0.0996	0.1002	0.0990	0.0992	0.1018	0.1018	0.1016	0.1010	0.1030	0.1025	0.1020	0.1037	0.1033	0.1027	0.1029	0.1037	
0.0857	0.0859	0.0859	0.0872	0.0928	0.0930	0.0933	0.0931	0.0836	0.0839	0.0827	0.0844	0.0935	0.0929	0.0928	0.0928	0.0850	0.0854	0.0862	0.0869	0.0949	0.0956	0.0949	0.0956	0.0877	0.0887	0.0854	0.0857	0.0964	0.0971	0.0965	0.0970	0.0907	0.0913	0.0896	0.0897	0.0976	0.0982	0.0993	0.0986	0.0904	0.0906	0.0885	0.0893	0.0990	0.1000	0.0988	0.0995	0.0960	0.0927	0.0943	0.0944	0.1015	0.1022	0.1017	0.1005	0.0937	0.0934	0.0928	0.0923	0.1035	0.1024	0.1034	0.1039	
0.0871	0.0874	0.0864	0.0884	0.0931	0.0931	0.0933	0.0935	0.0865	0.0869	0.0860	0.0870	0.0935	0.0934	0.0933	0.0932	0.0878	0.0863	0.0877	0.0888	0.0950	0.0958	0.0951	0.0950	0.0890	0.0903	0.0889	0.0872	0.0960	0.0973	0.0969	0.0964	0.0911	0.0918	0.0905	0.0932	0.0982	0.0985	0.0993	0.0987	0.0927	0.0930	0.0923	0.0924	0.0991	0.0995	0.0986	0.0996	0.0951	0.0931	0.0945	0.0943	0.1004	0.1016	0.1015	0.1004	0.0958	0.0967	0.0952	0.0955	0.1037	0.1031	0.1031	0.1036	
0.0908	0.0914	0.0906	0.0917	0.0931	0.0931	0.0932	0.0935	0.0926	0.0937	0.0932	0.0919	0.0935	0.0932	0.0932	0.0928	0.0906	0.0911	0.0913	0.0926	0.0946	0.0954	0.0948	0.0953	0.0941	0.0962	0.0946	0.0933	0.0962	0.0970	0.0967	0.0964	0.0955	0.0975	0.0962	0.0941	0.0974	0.0985	0.0991	0.0988	0.0984	0.0985	0.0987	0.0982	0.0988	0.0997	0.0985	0.0994	0.0964	0.1017	0.0989	0.0969	0.1006	0.1019	0.1018	0.1005	0.1004	0.1010	0.0997	0.1008	0.1032	0.1023	0.1031	0.1035	
0.0857	0.0856	0.0858	0.0868	0.0939	0.0943	0.0945	0.0940	0.0833	0.0833	0.0827	0.0842	0.0942	0.0939	0.0935	0.0937	0.0852	0.0844	0.0861	0.0861	0.0954	0.0957	0.0952	0.0957	0.0867	0.0859	0.0848	0.0851	0.0964	0.0973	0.0967	0.0967	0.0912	0.0894	0.0889	0.0892	0.0983	0.0989	0.0995	0.0984	0.0890	0.0896	0.0879	0.0896	0.0989	0.0995	0.0988	0.0998	0.0912	0.0924	0.0925	0.0920	0.1005	0.1024	0.1017	0.1002	0.0933	0.0922	0.0920	0.0926	0.1038	0.1022	0.1035	0.1035	
0.0887	0.0891	0.0888	0.0899	0.0942	0.0943	0.0942	0.0944	0.0885	0.0888	0.0880	0.0888	0.0943	0.0942	0.0939	0.0937	0.0876	0.0881	0.0892	0.0886	0.0954	0.0967	0.0950	0.0951	0.0907	0.0913	0.0904	0.0898	0.0966	0.0972	0.0970	0.0971	0.0928	0.0921	0.0905	0.0906	0.0982	0.0982	0.0995	0.0989	0.0941	0.0949	0.0933	0.0936	0.0990	0.1001	0.0990	0.0999	0.0938	0.0951	0.0952	0.0949	0.1016	0.1021	0.1013	0.1005	0.0973	0.0972	0.0960	0.0963	0.1034	0.1026	0.1031	0.1031	
0.0928	0.0923	0.0926	0.0932	0.0947	0.0945	0.0940	0.0942	0.0912	0.0928	0.0919	0.0935	0.0943	0.0943	0.0943	0.0936	0.0907	0.0917	0.0920	0.0921	0.0955	0.0958	0.0950	0.0956	0.0933	0.0940	0.0933	0.0944	0.0964	0.0966	0.0966	0.0967	0.0945	0.0969	0.0965	0.0946	0.0980	0.0984	0.0988	0.0985	0.0967	0.0969	0.0971	0.0989	0.0990	0.0995	0.0997	0.0996	0.0981	0.0985	0.0975	0.0960	0.1013	0.1026	0.1016	0.1004	0.0997	0.1003	0.0984	0.1023	0.1030	0.1020	0.1026	0.1032	
0.0894	0.0892	0.0889	0.0897	0.0946	0.0949	0.0947	0.0949	0.0867	0.0869	0.0867	0.0866	0.0945	0.0943	0.0940	0.0938	0.0878	0.0872	0.0876	0.0888	0.0947	0.0957	0.0951	0.0954	0.0884	0.0885	0.0885	0.0875	0.0965	0.0969	0.0975	0.0968	0.0938	0.0917	0.0903	0.0905	0.0974	0.0979	0.0998	0.0994	0.0907	0.0928	0.0910	0.0910	0.0987	0.0993	0.0983	0.0990	0.0947	0.0932	0.0949	0.0934	0.1005	0.1013	0.1014	0.1004	0.0954	0.0951	0.0935	0.0938	0.1031	0.1022	0.1029	0.1033	
0.0904	0.0910	0.0906	0.0918	0.0956	0.0949	0.0949	0.0949	0.0911	0.0909	0.0898	0.0905	0.0951	0.0947	0.0943	0.0944	0.0890	0.0896	0.0895	0.0902	0.0949	0.0963	0.0951	0.0967	0.0915	0.0916	0.0917	0.0918	0.0962	0.0974	0.0966	0.0969	0.0936	0.0933	0.0937	0.0926	0.0981	0.0979	0.0992	0.0985	0.0943	0.0947	0.0953	0.0948	0.0986	0.0991	0.0981	0.0993	0.0954	0.0952	0.0999	0.0945	0.1003	0.1015	0.1009	0.1001	0.0979	0.0979	0.0958	0.0965	0.1026	0.1019	0.1030	0.1030	
0.0935	0.0940	0.0934	0.0933	0.0957	0.0958	0.0952	0.0954	0.0925	0.0936	0.0928	0.0942	0.0953	0.0953	0.0949	0.0945	0.0913	0.0909	0.0919	0.0924	0.0951	0.0965	0.0952	0.0955	0.0942	0.0953	0.0946	0.0962	0.0970	0.0973	0.0963	0.0972	0.0947	0.0963	0.0952	0.0948	0.0982	0.0985	0.0998	0.0983	0.0967	0.0996	0.0972	0.0993	0.0988	0.0999	0.0985	0.0996	0.0975	0.0984	0.0990	0.0981	0.1007	0.1017	0.1014	0.0996	0.1007	0.1016	0.0999	0.1034	0.1032	0.1020	0.1030	0.1032	
0.0904	0.0902	0.0898	0.0909	0.0962	0.0960	0.0957	0.0958	0.0871	0.0869	0.0865	0.0874	0.0955	0.0955	0.0950	0.0948	0.0875	0.0870	0.0876	0.0881	0.0958	0.0961	0.0952	0.0957	0.0879	0.0875	0.0870	0.0873	0.0968	0.0972	0.0972	0.0969	0.0954	0.0921	0.0920	0.0912	0.0983	0.0977	0.0992	0.0980	0.0900	0.0916	0.0903	0.0904	0.0985	0.0995	0.0988	0.0992	0.0944	0.0947	0.0949	0.0942	0.1007	0.1016	0.1010	0.0999	0.0947	0.0943	0.0931	0.0935	0.1031	0.1019	0.1028	0.1031	
0.0927	0.0928	0.0919	0.0930	0.0970	0.0968	0.0965	0.0965	0.0908	0.0913	0.0910	0.0916	0.0960	0.0959	0.0951	0.0951	0.0891	0.0883	0.0895	0.0902	0.0961	0.0968	0.0960	0.0959	0.0908	0.0916	0.0906	0.0913	0.0970	0.0970	0.0969	0.0972	0.0939	0.0930	0.0913	0.0929	0.0974	0.0977	0.0995	0.0982	0.0943	0.0940	0.0946	0.0941	0.0988	0.0996	0.0984	0.0996	0.0955	0.0950	0.0956	0.0970	0.1007	0.1013	0.1006	0.1002	0.0967	0.0978	0.0964	0.0971	0.1031	0.1020	0.1027	0.1032	
0.0968	0.0975	0.0960	0.0970	0.0976	0.0971	0.0966	0.0967	0.0966	0.0970	0.0970	0.0960	0.0962	0.0961	0.0956	0.0957	0.0930	0.0930	0.0938	0.0934	0.0956	0.0967	0.0956	0.0956	0.0971	0.0973	0.0964	0.0956	0.0967	0.0972	0.0970	0.0966	0.0964	0.0974	0.0962	0.0967	0.0982	0.0983	0.0990	0.0986	0.0993	0.0998	0.0997	0.1001	0.0983	0.0993	0.0985	0.0990	0.1001	0.1001	0.0989	0.0999	0.1001	0.1018	0.1011	0.0996	0.1026	0.1029	0.1012	0.1033	0.1026	0.1018	0.1029	0.1028	
0.0921	0.0916	0.0909	0.0921	0.0989	0.0980	0.0975	0.0974	0.0867	0.0865	0.0863	0.0870	0.0965	0.0962	0.0957	0.0956	0.0870	0.0857	0.0869	0.0881	0.0958	0.0965	0.0959	0.0960	0.0868	0.0858	0.0859	0.0856	0.0972	0.0970	0.0968	0.0968	0.0900	0.0910	0.0904	0.0908	0.0981	0.0979	0.0990	0.0983	0.0896	0.0895	0.0897	0.0895	0.0986	0.0996	0.0988	0.0988	0.0927	0.0930	0.0920	0.0931	0.1006	0.1015	0.1009	0.0996	0.0928	0.0932	0.0917	0.0919	0.1035	0.1019	0.1027	0.1026	
0.0941	0.0935	0.0923	0.0941	0.0991	0.0985	0.0979	0.0984	0.0899	0.0900	0.0894	0.0897	0.0967	0.0969	0.0963	0.0965	0.0881	0.0870	0.0877	0.0879	0.0965	0.0966	0.0963	0.0957	0.0900	0.0885	0.0887	0.0884	0.0967	0.0970	0.0971	0.0972	0.0911	0.0916	0.0894	0.0893	0.0976	0.0975	0.0989	0.0980	0.0920	0.0913	0.0909	0.0909	0.0984	0.0993	0.0979	0.0990	0.0950	0.0936	0.0939	0.0940	0.1007	0.1012	0.1009	0.0997	0.0954	0.0948	0.0932	0.0944	0.1024	0.1018	0.1025	0.1027	
0.0971	0.0963	0.0962	0.0958	0.1001	0.0993	0.0989	0.0987	0.0938	0.0933	0.0928	0.0928	0.0977	0.0974	0.0965	0.0963	0.0880	0.0890	0.0896	0.0905	0.0968	0.0969	0.0960	0.0960	0.0911	0.0913	0.0907	0.0908	0.0974	0.0973	0.0968	0.0971	0.0926	0.0933	0.0921	0.0909	0.0977	0.0980	0.0989	0.0983	0.0945	0.0951	0.0940	0.0945	0.0985	0.0993	0.0980	0.0993	0.0964	0.0945	0.0953	0.0936	0.1002	0.1010	0.1009	0.0999	0.0963	0.0972	0.0952	0.0963	0.1024	0.1016	0.1028	0.1029	
0.0971	0.0971	0.0963	0.0968	0.1013	0.1000	0.0991	0.0990	0.0934	0.0934	0.0921	0.0934	0.0977	0.0978	0.0966	0.0964	0.0889	0.0882	0.0893	0.0906	0.0959	0.0966	0.0961	0.0961	0.0903	0.0894	0.0902	0.0927	0.0968	0.0972	0.0965	0.0966	0.0926	0.0923	0.0908	0.0915	0.0976	0.0978	0.0985	0.0988	0.0929	0.0924	0.0924	0.0950	0.0979	0.0990	0.0982	0.0987	0.0943	0.0959	0.0945	0.0937	0.1006	0.1013	0.1006	0.0998	0.0971	0.0967	0.0951	0.0983	0.1023	0.1017	0.1022	0.1023	
0.0976	0.0962	0.0955	0.0957	0.1020	0.1007	0.0998	0.0998	0.0919	0.0920	0.0912	0.0904	0.0985	0.0982	0.0971	0.0968	0.0873	0.0873	0.0876	0.0882	0.0966	0.0969	0.0964	0.0960	0.0890	0.0891	0.0877	0.0907	0.0968	0.0972	0.0966	0.0967	0.0905	0.0907	0.0904	0.0895	0.0974	0.0978	0.0989	0.0980	0.0918	0.0930	0.0911	0.0906	0.0981	0.0989	0.0978	0.0986	0.0927	0.0922	0.0933	0.0917	0.1000	0.1011	0.1004	0.0999	0.0947	0.0949	0.0934	0.0932	0.1021	0.1016	0.1021	0.1026	
0.1015	0.0999	0.0989	0.0994	0.1029	0.1016	0.1006	0.1004	0.0979	0.0981	0.0970	0.0962	0.0988	0.0990	0.0975	0.0973	0.0899	0.0905	0.0914	0.0901	0.0962	0.0970	0.0963	0.0961	0.0918	0.0918	0.0914	0.0916	0.0969	0.0974	0.0965	0.0968	0.0923	0.0929	0.0907	0.0915	0.0978	0.0974	0.0986	0.0979	0.0948	0.0962	0.0955	0.0951	0.0980	0.0991	0.0976	0.0983	0.0941	0.0945	0.0962	0.0943	0.1002	0.1006	0.1000	0.0994	0.0969	0.0969	0.0958	0.0965	0.1024	0.1013	0.1020	0.1026	
0.1013	0.1002	0.0995	0.0995	0.1037	0.1027	0.1013	0.1011	0.0956	0.0951	0.0948	0.0952	0.0992	0.0993	0.0979	0.0976	0.0884	0.0878	0.0899	0.0891	0.0969	0.0969	0.0964	0.0961	0.0902	0.0902	0.0902	0.0919	0.0971	0.0972	0.0965	0.0966	0.0925	0.0925	0.0902	0.0915	0.0971	0.0972	0.0985	0.0979	0.0926	0.0937	0.0929	0.0949	0.0976	0.0984	0.0977	0.0982	0.0939	0.0934	0.0936	0.0936	0.1000	0.1009	0.1003	0.0992	0.0972	0.0967	0.0949	0.0986	0.1019	0.1012	0.1021	0.1020	
0.1040	0.1020	0.1008	0.0997	0.1052	0.1039	0.1022	0.1020	0.0962	0.0955	0.0931	0.0930	0.1000	0.0999	0.0983	0.0981	0.0884	0.0874	0.0886	0.0901	0.0967	0.0973	0.0964	0.0963	0.0883	0.0880	0.0873	0.0868	0.0968	0.0971	0.0966	0.0966	0.0904	0.0913	0.0890	0.0896	0.0973	0.0971	0.0986	0.0975	0.0913	0.0916	0.0901	0.0904	0.0975	0.0986	0.0978	0.0980	0.0924	0.0938	0.0940	0.0919	0.1003	0.1001	0.1004	0.0988	0.0943	0.0952	0.0933	0.0930	0.1015	0.1014	0.1016	0.1018	
0.1077	0.1052	0.1030	0.1023	0.1063	0.1046	0.1031	0.1028	0.0999	0.0985	0.0970	0.0963	0.1004	0.1005	0.0992	0.0981	0.0893	0.0886	0.0896	0.0900	0.0969	0.0975	0.0968	0.0963	0.0898	0.0893	0.0896	0.0889	0.0971	0.0970	0.0963	0.0966	0.0915	0.0929	0.0903	0.0895	0.0971	0.0969	0.0980	0.0975	0.0930	0.0924	0.0933	0.0922	0.0978	0.0983	0.0977	0.0980	0.0945	0.0939	0.0961	0.0937	0.0996	0.1010	0.1003	0.0987	0.0959	0.0969	0.0938	0.0951	0.1018	0.1012	0.1016	0.1017	
0.1123	0.1095	0.1083	0.1064	0.1080	0.1057	0.1040	0.1039	0.1051	0.1055	0.1036	0.1012	0.1015	0.1014	0.0994	0.0990	0.0935	0.0935	0.0955	0.0946	0.0976	0.0979	0.0971	0.0964	0.0955	0.0957	0.0948	0.0952	0.0972	0.0971	0.0966	0.0967	0.0946	0.0959	0.0949	0.0948	0.0976	0.0974	0.0983	0.0976	0.0987	0.0995	0.0990	0.0998	0.0976	0.0982	0.0975	0.0983	0.0981	0.0982	0.0986	0.0976	0.0994	0.1001	0.1001	0.0989	0.1010	0.1013	0.0996	0.1022	0.1017	0.1005	0.1017	0.1020	
0.1105	0.1065	0.1051	0.1039	0.1096	0.1071	0.1048	0.1042	0.0991	0.0974	0.0946	0.0935	0.1025	0.1023	0.1003	0.0991	0.0883	0.0871	0.0884	0.0886	0.0983	0.0981	0.0972	0.0967	0.0861	0.0856	0.0840	0.0859	0.0972	0.0971	0.0963	0.0966	0.0897	0.0887	0.0887	0.0897	0.0965	0.0968	0.0980	0.0973	0.0886	0.0885	0.0882	0.0884	0.0971	0.0982	0.0974	0.0980	0.0927	0.0936	0.0931	0.0918	0.0984	0.0995	0.0996	0.0987	0.0930	0.0923	0.0912	0.0912	0.1013	0.1005	0.1011	0.1012	
0.1160	0.1107	0.1095	0.1078	0.1118	0.1082	0.1057	0.1051	0.1063	0.1045	0.1023	0.0989	0.1031	0.1033	0.1010	0.0998	0.0913	0.0907	0.0914	0.0912	0.0988	0.0986	0.0975	0.0970	0.0906	0.0894	0.0890	0.0892	0.0975	0.0972	0.0966	0.0967	0.0900	0.0915	0.0909	0.0899	0.0956	0.0969	0.0978	0.0970	0.0923	0.0938	0.0928	0.0922	0.0971	0.0981	0.0973	0.0977	0.0934	0.0934	0.0942	0.0926	0.0996	0.0997	0.0995	0.0988	0.0961	0.0961	0.0946	0.0947	0.1010	0.1002	0.1012	0.1013	
0.1218	0.1156	0.1134	0.1107	0.1132	0.1098	0.1071	0.1062	0.1121	0.1111	0.1079	0.1037	0.1045	0.1041	0.1015	0.1003	0.0936	0.0938	0.0951	0.0937	0.0992	0.0990	0.0981	0.0971	0.0943	0.0949	0.0943	0.0940	0.0977	0.0974	0.0967	0.0966	0.0928	0.0930	0.0933	0.0930	0.0970	0.0973	0.0978	0.0972	0.0963	0.0976	0.0970	0.0976	0.0972	0.0980	0.0973	0.0976	0.0953	0.0970	0.0965	0.0961	0.0999	0.0999	0.1003	0.0987	0.0994	0.1007	0.0992	0.1005	0.1008	0.1005	0.1013	0.1014	
0.1211	0.1144	0.1118	0.1092	0.1158	0.1115	0.1085	0.1071	0.1065	0.1038	0.1004	0.0969	0.1061	0.1054	0.1027	0.1007	0.0893	0.0885	0.0891	0.0890	0.0996	0.0991	0.0983	0.0972	0.0864	0.0843	0.0846	0.0844	0.0981	0.0973	0.0967	0.0969	0.0885	0.0887	0.0866	0.0885	0.0965	0.0973	0.0976	0.0973	0.0881	0.0879	0.0875	0.0860	0.0968	0.0976	0.0970	0.0976	0.0902	0.0923	0.0911	0.0903	0.0990	0.0997	0.0998	0.0987	0.0913	0.0916	0.0898	0.0898	0.1008	0.1003	0.1008	0.1013	
0.1285	0.1207	0.1182	0.1138	0.1180	0.1134	0.1098	0.1081	0.1153	0.1123	0.1082	0.1022	0.1072	0.1065	0.1034	0.1010	0.0924	0.0919	0.0922	0.0925	0.1002	0.0997	0.0986	0.0974	0.0899	0.0898	0.0892	0.0887	0.0980	0.0975	0.0970	0.0969	0.0891	0.0908	0.0890	0.0899	0.0968	0.0968	0.0976	0.0969	0.0918	0.0913	0.0922	0.0910	0.0969	0.0979	0.0969	0.0975	0.0923	0.0932	0.0935	0.0941	0.0998	0.0995	0.0996	0.0984	0.0954	0.0948	0.0934	0.0943	0.1009	0.1003	0.1009	0.1013	
0.1358	0.1269	0.1240	0.1187	0.1207	0.1148	0.1105	0.1088	0.1200	0.1174	0.1130	0.1089	0.1081	0.1074	0.1039	0.1018	0.0969	0.0956	0.0962	0.0957	0.1006	0.1001	0.0990	0.0973	0.0941	0.0934	0.0934	0.0943	0.0981	0.0974	0.0971	0.0964	0.0933	0.0940	0.0924	0.0929	0.0968	0.0970	0.0975	0.0970	0.0944	0.0954	0.0943	0.0969	0.0961	0.0974	0.0971	0.0975	0.0948	0.0964	0.0963	0.0946	0.0988	0.0995	0.0987	0.0976	0.0991	0.0995	0.0963	0.0999	0.1001	0.0999	0.1004	0.1010	
0.1423	0.1316	0.1269	0.1216	0.1233	0.1173	0.1121	0.1098	0.1228	0.1189	0.1128	0.1051	0.1096	0.1090	0.1050	0.1027	0.0960	0.0930	0.0943	0.0929	0.1006	0.1002	0.0988	0.0975	0.0885	0.0878	0.0870	0.0874	0.0984	0.0974	0.0970	0.0965	0.0893	0.0898	0.0891	0.0894	0.0964	0.0970	0.0971	0.0965	0.0899	0.0891	0.0888	0.0894	0.0964	0.0970	0.0961	0.0970	0.0912	0.0958	0.0930	0.0916	0.0984	0.0992	0.0988	0.0979	0.0947	0.0938	0.0914	0.0922	0.1003	0.0992	0.1001	0.1007	
0.1484	0.1372	0.1325	0.1247	0.1272	0.1204	0.1143	0.1119	0.1287	0.1242	0.1178	0.1098	0.1121	0.1112	0.1063	0.1034	0.0975	0.0953	0.0961	0.0950	0.1022	0.1014	0.0998	0.0988	0.0908	0.0905	0.0895	0.0889	0.0995	0.0984	0.0972	0.0972	0.0902	0.0904	0.0904	0.0887	0.0970	0.0972	0.0982	0.0970	0.0911	0.0924	0.0911	0.0920	0.0966	0.0974	0.0967	0.0970	0.0928	0.0939	0.0943	0.0924	0.0993	0.0996	0.0992	0.0981	0.0950	0.0962	0.0940	0.0945	0.1003	0.0999	0.1006	0.1011	
0.1564	0.1438	0.1388	0.1306	0.1310	0.1233	0.1166	0.1133	0.1358	0.1329	0.1247	0.1157	0.1143	0.1131	0.1078	0.1045	0.1008	0.0995	0.1006	0.0981	0.1036	0.1023	0.1006	0.0988	0.0952	0.0951	0.0952	0.0952	0.0999	0.0984	0.0973	0.0974	0.0918	0.0931	0.0918	0.0913	0.0973	0.0973	0.0975	0.0973	0.0949	0.0965	0.0956	0.0968	0.0964	0.0976	0.0965	0.0975	0.0954	0.0956	0.0967	0.0958	0.0992	0.0992	0.0993	0.0983	0.0985	0.0983	0.0973	0.0989	0.1003	0.0995	0.1004	0.1006	
0.1627	0.1473	0.1411	0.1328	0.1365	0.1264	0.1189	0.1150	0.1368	0.1313	0.1219	0.1130	0.1170	0.1153	0.1096	0.1056	0.0996	0.0963	0.0970	0.0945	0.1045	0.1031	0.1008	0.0990	0.0900	0.0889	0.0870	0.0878	0.1003	0.0987	0.0979	0.0977	0.0889	0.0895	0.0884	0.0891	0.0977	0.0981	0.0977	0.0965	0.0877	0.0881	0.0869	0.0871	0.0965	0.0976	0.0966	0.0971	0.0915	0.0898	0.0898	0.0910	0.0995	0.0997	0.0989	0.0977	0.0933	0.0926	0.0904	0.0905	0.1001	0.0994	0.1002	0.1007	
0.1761	0.1575	0.1510	0.1407	0.1411	0.1305	0.1215	0.1167	0.1472	0.1396	0.1292	0.1178	0.1200	0.1178	0.1113	0.1061	0.1030	0.1002	0.1001	0.0972	0.1066	0.1042	0.1016	0.0998	0.0915	0.0913	0.0893	0.0884	0.1013	0.0996	0.0981	0.0975	0.0898	0.0893	0.0885	0.0879	0.0967	0.0978	0.0981	0.0970	0.0885	0.0899	0.0891	0.0897	0.0962	0.0977	0.0968	0.0974	0.0913	0.0910	0.0910	0.0926	0.0992	0.0993	0.0996	0.0977	0.0936	0.0945	0.0922	0.0931	0.1000	0.0993	0.1000	0.1004	
0.1864	0.1679	0.1592	0.1474	0.1467	0.1343	0.1245	0.1183	0.1562	0.1491	0.1367	0.1232	0.1231	0.1208	0.1124	0.1074	0.1073	0.1034	0.1040	0.1001	0.1075	0.1052	0.1026	0.1001	0.0949	0.0933	0.0922	0.0919	0.1017	0.0994	0.0981	0.0982	0.0908	0.0916	0.0901	0.0895	0.0973	0.0976	0.0979	0.0970	0.0915	0.0920	0.0911	0.0916	0.0965	0.0971	0.0962	0.0967	0.0924	0.0915	0.0916	0.0916	0.0988	0.0995	0.0987	0.0976	0.0950	0.0952	0.0924	0.0945	0.0997	0.0993	0.1001	0.1000	
0.1951	0.1739	0.1648	0.1519	0.1531	0.1389	0.1275	0.1210	0.1626	0.1535	0.1412	0.1258	0.1271	0.1241	0.1146	0.1087	0.1101	0.1058	0.1062	0.1017	0.1099	0.1071	0.1038	0.1009	0.0949	0.0937	0.0928	0.0946	0.1027	0.1002	0.0986	0.0983	0.0909	0.0917	0.0898	0.0901	0.0970	0.0976	0.0981	0.0969	0.0904	0.0912	0.0909	0.0932	0.0965	0.0973	0.0964	0.0969	0.0916	0.0924	0.0910	0.0921	0.0988	0.0991	0.0987	0.0975	0.0961	0.0952	0.0937	0.0976	0.0999	0.0989	0.1001	0.1006	
0.2127	0.1882	0.1784	0.1624	0.1608	0.1446	0.1308	0.1238	0.1737	0.1638	0.1489	0.1321	0.1309	0.1273	0.1170	0.1101	0.1152	0.1086	0.1088	0.1037	0.1119	0.1088	0.1045	0.1013	0.0937	0.0921	0.0902	0.0896	0.1038	0.1006	0.0991	0.0984	0.0902	0.0908	0.0901	0.0898	0.0977	0.0984	0.0981	0.0968	0.0881	0.0896	0.0878	0.0888	0.0963	0.0973	0.0965	0.0961	0.0917	0.0926	0.0914	0.0911	0.0975	0.0985	0.0987	0.0975	0.0926	0.0934	0.0908	0.0912	0.0995	0.0993	0.0996	0.0999	
0.2321	0.2036	0.1908	0.1718	0.1687	0.1505	0.1351	0.1261	0.1874	0.1780	0.1607	0.1391	0.1359	0.1315	0.1196	0.1111	0.1201	0.1135	0.1132	0.1078	0.1143	0.1096	0.1056	0.1016	0.0979	0.0961	0.0940	0.0932	0.1047	0.1010	0.0993	0.0985	0.0916	0.0923	0.0911	0.0911	0.0983	0.0984	0.0985	0.0968	0.0912	0.0920	0.0912	0.0912	0.0964	0.0968	0.0964	0.0966	0.0922	0.0935	0.0922	0.0918	0.0969	0.0983	0.0985	0.0972	0.0957	0.0960	0.0936	0.0942	0.0993	0.0983	0.0994	0.1000	
0.2428	0.2134	0.1996	0.1810	0.1774	0.1577	0.1401	0.1295	0.1978	0.1833	0.1647	0.1446	0.1415	0.1362	0.1229	0.1131	0.1254	0.1181	0.1172	0.1101	0.1171	0.1127	0.1070	0.1030	0.1013	0.0990	0.0967	0.0980	0.1067	0.1018	0.1001	0.0988	0.0935	0.0947	0.0931	0.0924	0.0988	0.0993	0.0983	0.0973	0.0926	0.0922	0.0934	0.0956	0.0965	0.0975	0.0964	0.0968	0.0937	0.0939	0.0939	0.0938	0.0992	0.0995	0.0986	0.0975	0.0964	0.0967	0.0944	0.0977	0.0991	0.0989	0.0996	0.0999	
0.2641	0.2299	0.2121	0.1905	0.1875	0.1650	0.1453	0.1331	0.2097	0.1959	0.1773	0.1502	0.1466	0.1408	0.1254	0.1149	0.1302	0.1225	0.1215	0.1114	0.1204	0.1146	0.1085	0.1039	0.0998	0.0960	0.0932	0.0919	0.1076	0.1026	0.1003	0.0997	0.0916	0.0921	0.0899	0.0915	0.0990	0.0995	0.0986	0.0970	0.0878	0.0882	0.0879	0.0871	0.0966	0.0971	0.0961	0.0962	0.0918	0.0911	0.0918	0.0903	0.0983	0.0987	0.0986	0.0969	0.0925	0.0930	0.0901	0.0909	0.0994	0.0980	0.0990	0.0997	
0.2854	0.2493	0.2330	0.2045	0.1983	0.1743	0.1515	0.1379	0.2292	0.2122	0.1914	0.1606	0.1545	0.1469	0.1295	0.1172	0.1387	0.1292	0.1265	0.1167	0.1249	0.1176	0.1101	0.1048	0.1055	0.1010	0.0980	0.0967	0.1098	0.1041	0.1014	0.1002	0.0933	0.0948	0.0918	0.0920	0.1002	0.1000	0.0993	0.0980	0.0911	0.0915	0.0906	0.0910	0.0969	0.0977	0.0964	0.0967	0.0910	0.0923	0.0922	0.0929	0.0990	0.0986	0.0985	0.0981	0.0943	0.0960	0.0932	0.0936	0.0993	0.0989	0.0995	0.0999	
0.3034	0.2629	0.2450	0.2151	0.2115	0.1836	0.1577	0.1419	0.2404	0.2212	0.1994	0.1683	0.1616	0.1529	0.1340	0.1195	0.1455	0.1352	0.1326	0.1197	0.1293	0.1207	0.1123	0.1066	0.1098	0.1054	0.1014	0.1013	0.1117	0.1051	0.1023	0.1007	0.0944	0.0966	0.0939	0.0940	0.1006	0.1007	0.0993	0.0975	0.0918	0.0935	0.0923	0.0948	0.0970	0.0975	0.0965	0.0971	0.0926	0.0942	0.0940	0.0934	0.0985	0.0990	0.0986	0.0976	0.0966	0.0956	0.0952	0.0972	0.0992	0.0984	0.0989	0.0999	
0.3318	0.2876	0.2648	0.2329	0.2243	0.1939	0.1649	0.1476	0.2600	0.2409	0.2131	0.1787	0.1703	0.1598	0.1384	0.1224	0.1570	0.1442	0.1391	0.1261	0.1341	0.1246	0.1141	0.1072	0.1103	0.1043	0.0995	0.0972	0.1142	0.1065	0.1033	0.1010	0.0944	0.0944	0.0923	0.0921	0.1003	0.1012	0.0997	0.0978	0.0885	0.0901	0.0879	0.0886	0.0971	0.0978	0.0967	0.0970	0.0908	0.0913	0.0903	0.0902	0.0985	0.0994	0.0990	0.0969	0.0929	0.0934	0.0901	0.0922	0.0991	0.0980	0.0991	0.1000	
0.3553	0.3110	0.2827	0.2464	0.2395	0.2048	0.1729	0.1521	0.2766	0.2555	0.2296	0.1886	0.1798	0.1685	0.1435	0.1251	0.1672	0.1533	0.1489	0.1328	0.1391	0.1283	0.1170	0.1093	0.1199	0.1131	0.1079	0.1036	0.1167	0.1078	0.1039	0.1016	0.0967	0.0980	0.0952	0.0949	0.1026	0.1019	0.1001	0.0984	0.0936	0.0942	0.0944	0.0931	0.0970	0.0979	0.0971	0.0965	0.0925	0.0939	0.0931	0.0917	0.0989	0.0984	0.0982	0.0971	0.0955	0.0958	0.0943	0.0960	0.0987	0.0983	0.0986	0.0999	
0.3830	0.3348	0.3042	0.2666	0.2567	0.2200	0.1830	0.1609	0.2973	0.2741	0.2429	0.1993	0.1913	0.1771	0.1493	0.1282	0.1779	0.1590	0.1549	0.1365	0.1462	0.1333	0.1197	0.1112	0.1193	0.1112	0.1032	0.1001	0.1197	0.1095	0.1049	0.1025	0.0967	0.0956	0.0933	0.0929	0.1045	0.1030	0.1006	0.0992	0.0873	0.0869	0.0869	0.0856	0.0983	0.0978	0.0969	0.0970	0.0892	0.0892	0.0903	0.0888	0.0988	0.0989	0.0988	0.0972	0.0901	0.0902	0.0875	0.0892	0.0986	0.0983	0.0992	0.0993	
0.4110	0.3604	0.3284	0.2842	0.2739	0.2336	0.1923	0.1675	0.3234	0.2976	0.2652	0.2138	0.2035	0.1871	0.1560	0.1314	0.1940	0.1736	0.1674	0.1465	0.1540	0.1386	0.1229	0.1133	0.1303	0.1189	0.1111	0.1059	0.1235	0.1116	0.1068	0.1033	0.1003	0.0988	0.0958	0.0957	0.1044	0.1038	0.1012	0.0990	0.0912	0.0918	0.0903	0.0903	0.0985	0.0986	0.0970	0.0970	0.0905	0.0919	0.0914	0.0913	0.0987	0.0987	0.0984	0.0969	0.0934	0.0943	0.0913	0.0924	0.0985	0.0980	0.0987	0.0996	
0.4350	0.3838	0.3475	0.3061	0.2948	0.2503	0.2038	0.1749	0.3466	0.3166	0.2827	0.2297	0.2183	0.1980	0.1630	0.1359	0.2053	0.1849	0.1796	0.1560	0.1615	0.1441	0.1261	0.1154	0.1407	0.1291	0.1208	0.1142	0.1275	0.1137	0.1082	0.1041	0.1058	0.1056	0.1009	0.1006	0.1067	0.1051	0.1014	0.0992	0.0973	0.0987	0.0985	0.0981	0.0986	0.0984	0.0975	0.0968	0.0962	0.0962	0.0963	0.0970	0.0986	0.0987	0.0983	0.0970	0.1005	0.1001	0.0994	0.1002	0.0985	0.0980	0.0985	0.0989	
0.4665	0.4137	0.3762	0.3283	0.3149	0.2670	0.2159	0.1839	0.3692	0.3418	0.3045	0.2446	0.2308	0.2092	0.1698	0.1405	0.2204	0.1969	0.1874	0.1614	0.1697	0.1508	0.1305	0.1181	0.1422	0.1287	0.1181	0.1095	0.1329	0.1168	0.1101	0.1059	0.1042	0.1025	0.0986	0.0974	0.1067	0.1067	0.1024	0.1001	0.0892	0.0898	0.0882	0.0874	0.0998	0.0996	0.0979	0.0973	0.0901	0.0899	0.0901	0.0901	0.0982	0.0989	0.0983	0.0975	0.0914	0.0909	0.0888	0.0901	0.0989	0.0981	0.0989	0.0996	
0.4867	0.4372	0.3986	0.3502	0.3368	0.2856	0.2288	0.1940	0.3970	0.3651	0.3297	0.2637	0.2490	0.2242	0.1799	0.1446	0.2415	0.2139	0.2023	0.1744	0.1811	0.1573	0.1350	0.1206	0.1556	0.1407	0.1293	0.1200	0.1375	0.1192	0.1118	0.1063	0.1094	0.1081	0.1023	0.1015	0.1100	0.1081	0.1027	0.1004	0.0939	0.0940	0.0928	0.0914	0.1004	0.0997	0.0980	0.0969	0.0923	0.0938	0.0919	0.0924	0.0993	0.0991	0.0979	0.0970	0.0958	0.0966	0.0934	0.0929	0.0981	0.0979	0.0980	0.0988	
0.5074	0.4600	0.4176	0.3674	0.3596	0.3072	0.2439	0.2051	0.4154	0.3839	0.3435	0.2756	0.2666	0.2389	0.1899	0.1507	0.2522	0.2227	0.2118	0.1800	0.1918	0.1661	0.1391	0.1240	0.1624	0.1468	0.1326	0.1238	0.1427	0.1219	0.1143	0.1074	0.1127	0.1104	0.1045	0.1033	0.1115	0.1095	0.1035	0.1004	0.0961	0.0948	0.0941	0.0952	0.1006	0.1002	0.0985	0.0968	0.0982	0.0934	0.0936	0.0936	0.0993	0.0984	0.0981	0.0968	0.0955	0.0952	0.0936	0.0960	0.0981	0.0975	0.0983	0.0984	
0.5416	0.4964	0.4537	0.4022	0.3851	0.3276	0.2609	0.2166	0.4498	0.4169	0.3781	0.3046	0.2861	0.2544	0.2009	0.1573	0.2778	0.2447	0.2313	0.1934	0.2033	0.1748	0.1450	0.1274	0.1780	0.1542	0.1401	0.1259	0.1503	0.1266	0.1173	0.1097	0.1168	0.1147	0.1059	0.1049	0.1146	0.1120	0.1052	0.1019	0.0935	0.0927	0.0917	0.0899	0.1025	0.1009	0.0990	0.0978	0.0901	0.0908	0.0908	0.0904	0.0995	0.0989	0.0984	0.0970	0.0923	0.0925	0.0895	0.0900	0.0980	0.0974	0.0983	0.0985	
0.5551	0.5150	0.4748	0.4253	0.4088	0.3500	0.2782	0.2299	0.4722	0.4401	0.4015	0.3259	0.3076	0.2739	0.2134	0.1647	0.3001	0.2642	0.2491	0.2080	0.2195	0.1856	0.1516	0.1322	0.1890	0.1673	0.1497	0.1335	0.1584	0.1313	0.1206	0.1118	0.1228	0.1187	0.1105	0.1074	0.1187	0.1152	0.1065	0.1029	0.0987	0.0978	0.0959	0.0934	0.1046	0.1025	0.0996	0.0980	0.0911	0.0933	0.0923	0.0914	0.1002	0.0999	0.0986	0.0974	0.0935	0.0938	0.0922	0.0922	0.0985	0.0978	0.0985	0.0992	
0.5699	0.5367	0.4936	0.4461	0.4358	0.3756	0.2972	0.2461	0.4888	0.4582	0.4210	0.3427	0.3318	0.2915	0.2267	0.1725	0.3172	0.2807	0.2620	0.2210	0.2364	0.1973	0.1593	0.1360	0.2001	0.1754	0.1540	0.1407	0.1674	0.1356	0.1236	0.1136	0.1285	0.1254	0.1150	0.1130	0.1219	0.1175	0.1077	0.1040	0.0997	0.0984	0.0977	0.0987	0.1061	0.1035	0.1001	0.0987	0.0938	0.0949	0.0951	0.0940	0.1000	0.1004	0.0989	0.0975	0.0956	0.0956	0.0936	0.0970	0.0981	0.0982	0.0990	0.0989	
0.5978	0.5625	0.5222	0.4795	0.4593	0.3994	0.3184	0.2613	0.5178	0.4870	0.4513	0.3697	0.3560	0.3113	0.2414	0.1802	0.3428	0.3035	0.2821	0.2349	0.2502	0.2089	0.1671	0.1419	0.2155	0.1855	0.1661	0.1475	0.1770	0.1415	0.1279	0.1158	0.1360	0.1289	0.1172	0.1157	0.1267	0.1204	0.1095	0.1050	0.0991	0.0972	0.0947	0.0923	0.1072	0.1041	0.1006	0.0988	0.0914	0.0915	0.0914	0.0909	0.1012	0.0999	0.0989	0.0977	0.0909	0.0925	0.0894	0.0886	0.0981	0.0980	0.0982	0.0987	
0.6158	0.5813	0.5485	0.5026	0.4893	0.4237	0.3406	0.2782	0.5472	0.5181	0.4828	0.3988	0.3809	0.3327	0.2566	0.1897	0.3684	0.3297	0.3072	0.2585	0.2683	0.2224	0.1756	0.1468	0.2364	0.2063	0.1795	0.1597	0.1885	0.1470	0.1321	0.1178	0.1447	0.1373	0.1230	0.1196	0.1303	0.1240	0.1109	0.1059	0.1053	0.1015	0.0991	0.0966	0.1096	0.1054	0.1011	0.0987	0.0935	0.0943	0.0930	0.0925	0.1009	0.1000	0.0986	0.0978	0.0935	0.0932	0.0911	0.0922	0.0979	0.0975	0.0980	0.0986	
0.6260	0.5976	0.5646	0.5198	0.5140	0.4520	0.3636	0.2986	0.5652	0.5356	0.5003	0.4186	0.4085	0.3576	0.2741	0.2001	0.3908	0.3519	0.3271	0.2737	0.2879	0.2363	0.1848	0.1533	0.2485	0.2166	0.1861	0.1663	0.1992	0.1554	0.1376	0.1207	0.1520	0.1435	0.1299	0.1258	0.1357	0.1286	0.1136	0.1084	0.1075	0.1044	0.1018	0.1008	0.1128	0.1075	0.1026	0.0996	0.0941	0.0951	0.0947	0.0926	0.1013	0.1008	0.0992	0.0982	0.0944	0.0947	0.0924	0.0958	0.0985	0.0978	0.0981	0.0986	
0.6494	0.6191	0.5905	0.5502	0.5398	0.4754	0.3905	0.3189	0.5869	0.5609	0.5256	0.4527	0.4353	0.3835	0.2954	0.2117	0.4194	0.3789	0.3544	0.2997	0.3159	0.2560	0.1959	0.1604	0.2720	0.2360	0.2057	0.1748	0.2141	0.1625	0.1432	0.1249	0.1643	0.1530	0.1365	0.1319	0.1425	0.1330	0.1157	0.1102	0.1087	0.1031	0.1013	0.0963	0.1157	0.1095	0.1039	0.1012	0.0953	0.0952	0.0933	0.0939	0.1027	0.1013	0.1001	0.0988	0.0904	0.0906	0.0890	0.0897	0.0987	0.0986	0.0984	0.0988	
0.6620	0.6402	0.6082	0.5715	0.5638	0.5014	0.4151	0.3391	0.6073	0.5842	0.5516	0.4741	0.4618	0.4065	0.3146	0.2253	0.4399	0.3985	0.3758	0.3181	0.3377	0.2719	0.2072	0.1675	0.2929	0.2522	0.2167	0.1875	0.2276	0.1715	0.1487	0.1276	0.1757	0.1640	0.1434	0.1401	0.1487	0.1374	0.1179	0.1115	0.1147	0.1096	0.1077	0.1011	0.1184	0.1114	0.1046	0.1009	0.0968	0.0976	0.0968	0.0947	0.1030	0.1018	0.1000	0.0986	0.0937	0.0942	0.0918	0.0921	0.0983	0.0981	0.0979	0.0990	
0.6643	0.6435	0.6165	0.5868	0.5860	0.5269	0.4398	0.3637	0.6166	0.5963	0.5695	0.4948	0.4883	0.4332	0.3339	0.2376	0.4560	0.4184	0.3946	0.3374	0.3563	0.2908	0.2191	0.1766	0.3141	0.2696	0.2337	0.2017	0.2430	0.1808	0.1567	0.1315	0.1880	0.1748	0.1532	0.1458	0.1554	0.1433	0.1207	0.1134	0.1239	0.1168	0.1148	0.1075	0.1217	0.1132	0.1058	0.1018	0.1007	0.1001	0.0993	0.0982	0.1028	0.1012	0.1004	0.0988	0.0965	0.0968	0.0948	0.0959	0.0987	0.0981	0.0983	0.0985	
0.6694	0.6549	0.6356	0.6010	0.6091	0.5533	0.4643	0.3851	0.6293	0.6126	0.5851	0.5125	0.5135	0.4566	0.3583	0.2543	0.4839	0.4463	0.4225	0.3604	0.3803	0.3100	0.2332	0.1858	0.3326	0.2865	0.2460	0.2110	0.2614	0.1914	0.1636	0.1356	0.1978	0.1815	0.1580	0.1484	0.1649	0.1498	0.1237	0.1158	0.1205	0.1126	0.1102	0.1017	0.1267	0.1169	0.1075	0.1026	0.0979	0.0970	0.0962	0.0946	0.1051	0.1027	0.1011	0.0998	0.0907	0.0894	0.0885	0.0868	0.0990	0.0986	0.0984	0.0983	
0.6754	0.6658	0.6477	0.6194	0.6300	0.5760	0.4896	0.4099	0.6470	0.6338	0.6080	0.5383	0.5412	0.4831	0.3830	0.2709	0.5027	0.4687	0.4450	0.3823	0.4125	0.3349	0.2489	0.1972	0.3578	0.3089	0.2685	0.2279	0.2797	0.2025	0.1724	0.1406	0.2151	0.1979	0.1709	0.1626	0.1732	0.1569	0.1281	0.1185	0.1315	0.1231	0.1177	0.1085	0.1318	0.1194	0.1098	0.1038	0.1019	0.1000	0.1006	0.0960	0.1065	0.1041	0.1018	0.1002	0.0921	0.0916	0.0903	0.0901	0.0996	0.0988	0.0987	0.0984	
0.6688	0.6638	0.6552	0.6319	0.6489	0.5983	0.5144	0.4338	0.6582	0.6482	0.6204	0.5585	0.5625	0.5078	0.4066	0.2882	0.5210	0.4862	0.4628	0.4047	0.4398	0.3575	0.2647	0.2078	0.3782	0.3336	0.2838	0.2452	0.2989	0.2167	0.1819	0.1453	0.2297	0.2106	0.1805	0.1711	0.1841	0.1648	0.1322	0.1211	0.1408	0.1299	0.1257	0.1137	0.1365	0.1227	0.1114	0.1048	0.1034	0.1035	0.1024	0.0981	0.1082	0.1049	0.1020	0.1008	0.0939	0.0930	0.0924	0.0929	0.0997	0.0992	0.0985	0.0981	
0.6783	0.6699	0.6678	0.6514	0.6655	0.6224	0.5405	0.4603	0.6679	0.6601	0.6383	0.5798	0.5875	0.5329	0.4335	0.3086	0.5473	0.5116	0.4907	0.4322	0.4668	0.3814	0.2845	0.2201	0.4001	0.3516	0.3051	0.2608	0.3197	0.2301	0.1921	0.1514	0.2435	0.2216	0.1890	0.1778	0.1952	0.1731	0.1361	0.1250	0.1441	0.1329	0.1264	0.1140	0.1427	0.1276	0.1137	0.1069	0.1047	0.1028	0.1026	0.0977	0.1103	0.1059	0.1029	0.1009	0.0902	0.0894	0.0875	0.0874	0.1004	0.0997	0.0989	0.0983	
0.6778	0.6760	0.6724	0.6628	0.6826	0.6420	0.5659	0.4864	0.6770	0.6723	0.6574	0.5991	0.6104	0.5615	0.4578	0.3267	0.5670	0.5380	0.5125	0.4581	0.4830	0.4020	0.3032	0.2337	0.4250	0.3799	0.3295	0.2841	0.3440	0.2468	0.2044	0.1592	0.2643	0.2429	0.2064	0.1930	0.2077	0.1829	0.1410	0.1284	0.1561	0.1440	0.1364	0.1205	0.1497	0.1316	0.1162	0.1083	0.1102	0.1073	0.1082	0.1007	0.1107	0.1066	0.1035	0.1020	0.0938	0.0936	0.0921	0.0913	0.1014	0.1006	0.0993	0.0989	
0.6797	0.6748	0.6706	0.6689	0.6949	0.6596	0.5901	0.5109	0.6819	0.6795	0.6682	0.6142	0.6309	0.5853	0.4862	0.3509	0.5767	0.5532	0.5325	0.4764	0.5091	0.4288	0.3236	0.2490	0.4475	0.4019	0.3514	0.3048	0.3672	0.2652	0.2179	0.1650	0.2808	0.2587	0.2205	0.2044	0.2209	0.1929	0.1474	0.1324	0.1693	0.1554	0.1482	0.1313	0.1570	0.1364	0.1194	0.1098	0.1168	0.1139	0.1125	0.1073	0.1140	0.1088	0.1050	0.1031	0.1007	0.1017	0.0988	0.0990	0.1023	0.1010	0.0997	0.0993	
0.6912	0.6836	0.6792	0.6780	0.7020	0.6753	0.6121	0.5364	0.6878	0.6820	0.6772	0.6312	0.6490	0.6062	0.5110	0.3732	0.5933	0.5734	0.5533	0.4998	0.5337	0.4527	0.3487	0.2661	0.4681	0.4248	0.3700	0.3214	0.3897	0.2839	0.2313	0.1742	0.3023	0.2735	0.2330	0.2159	0.2360	0.2038	0.1522	0.1370	0.1735	0.1577	0.1491	0.1288	0.1650	0.1423	0.1219	0.1108	0.1165	0.1106	0.1103	0.1037	0.1163	0.1096	0.1058	0.1040	0.0926	0.0917	0.0905	0.0880	0.1026	0.1018	0.0994	0.0988	
0.6898	0.6864	0.6840	0.6831	0.7074	0.6881	0.6339	0.5601	0.6924	0.6878	0.6819	0.6525	0.6682	0.6286	0.5342	0.3975	0.6161	0.5957	0.5807	0.5326	0.5563	0.4777	0.3695	0.2816	0.4966	0.4501	0.4008	0.3488	0.4177	0.3034	0.2467	0.1826	0.3255	0.2959	0.2520	0.2330	0.2549	0.2190	0.1596	0.1427	0.1884	0.1705	0.1599	0.1389	0.1736	0.1480	0.1259	0.1139	0.1200	0.1173	0.1150	0.1077	0.1183	0.1121	0.1071	0.1049	0.0963	0.0968	0.0950	0.0899	0.1040	0.1025	0.0999	0.0992	
0.6971	0.6897	0.6873	0.6850	0.7099	0.6966	0.6520	0.5844	0.6939	0.6919	0.6832	0.6666	0.6851	0.6478	0.5593	0.4230	0.6270	0.6158	0.6003	0.5541	0.5784	0.5027	0.3913	0.3030	0.5183	0.4765	0.4242	0.3745	0.4402	0.3242	0.2639	0.1914	0.3414	0.3165	0.2673	0.2479	0.2741	0.2316	0.1672	0.1476	0.2025	0.1834	0.1726	0.1479	0.1824	0.1549	0.1294	0.1163	0.1270	0.1228	0.1217	0.1136	0.1223	0.1139	0.1086	0.1058	0.1015	0.0991	0.0997	0.0960	0.1051	0.1037	0.1003	0.0989	
0.6995	0.6898	0.6884	0.6890	0.7116	0.7050	0.6707	0.6085	0.6938	0.6939	0.6886	0.6783	0.6979	0.6658	0.5840	0.4502	0.6382	0.6249	0.6134	0.5741	0.5995	0.5297	0.4150	0.3221	0.5379	0.4970	0.4456	0.3954	0.4683	0.3473	0.2829	0.2034	0.3642	0.3372	0.2874	0.2684	0.2880	0.2468	0.1764	0.1551	0.2122	0.1907	0.1768	0.1509	0.1943	0.1618	0.1342	0.1186	0.1297	0.1229	0.1218	0.1131	0.1263	0.1170	0.1105	0.1074	0.0960	0.0950	0.0945	0.0888	0.1068	0.1046	0.1006	0.0993	
0.7055	0.6977	0.6932	0.6966	0.7121	0.7049	0.6849	0.6311	0.7028	0.7019	0.6948	0.6837	0.7075	0.6807	0.6077	0.4763	0.6441	0.6402	0.6305	0.5931	0.6261	0.5530	0.4403	0.3456	0.5594	0.5225	0.4710	0.4208	0.4904	0.3704	0.3025	0.2133	0.3900	0.3605	0.3078	0.2886	0.3068	0.2624	0.1853	0.1619	0.2311	0.2088	0.1959	0.1617	0.2062	0.1714	0.1387	0.1213	0.1395	0.1325	0.1299	0.1203	0.1304	0.1188	0.1119	0.1082	0.1022	0.1015	0.1001	0.0946	0.1078	0.1061	0.1011	0.0993	
0.7075	0.7001	0.6965	0.6976	0.7155	0.7085	0.6967	0.6517	0.7026	0.7027	0.6966	0.6806	0.7109	0.6940	0.6305	0.5049	0.6473	0.6414	0.6403	0.6123	0.6367	0.5735	0.4657	0.3676	0.5742	0.5403	0.4966	0.4468	0.5171	0.3935	0.3251	0.2279	0.4078	0.3745	0.3242	0.3015	0.3285	0.2806	0.1947	0.1697	0.2416	0.2210	0.2064	0.1726	0.2196	0.1812	0.1442	0.1245	0.1490	0.1383	0.1383	0.1252	0.1346	0.1216	0.1145	0.1105	0.1061	0.1046	0.1044	0.0988	0.1103	0.1077	0.1023	0.1003	
0.7050	0.6968	0.6964	0.7012	0.7192	0.7130	0.7029	0.6684	0.7046	0.7016	0.6954	0.6891	0.7167	0.7014	0.6543	0.5295	0.6461	0.6471	0.6436	0.6293	0.6672	0.5977	0.4924	0.3947	0.5972	0.5627	0.5171	0.4699	0.5431	0.4208	0.3465	0.2427	0.4301	0.3994	0.3464	0.3229	0.3498	0.2986	0.2051	0.1776	0.2602	0.2350	0.2146	0.1797	0.2344	0.1904	0.1503	0.1284	0.1530	0.1421	0.1396	0.1276	0.1402	0.1253	0.1164	0.1123	0.1037	0.1017	0.1011	0.0953	0.1119	0.1092	0.1029	0.1005	
0.7088	0.7031	0.7007	0.7011	0.7210	0.7144	0.7079	0.6844	0.7067	0.7038	0.6940	0.6897	0.7152	0.7056	0.6703	0.5553	0.6516	0.6505	0.6530	0.6410	0.6676	0.6150	0.5160	0.4159	0.6058	0.5773	0.5376	0.4976	0.5634	0.4452	0.3731	0.2571	0.4517	0.4240	0.3665	0.3488	0.3724	0.3192	0.2185	0.1873	0.2772	0.2528	0.2319	0.1928	0.2502	0.2007	0.1577	0.1317	0.1612	0.1515	0.1467	0.1326	0.1453	0.1281	0.1190	0.1143	0.1079	0.1063	0.1062	0.0962	0.1149	0.1119	0.1040	0.1010	
0.7142	0.7088	0.7039	0.7047	0.7211	0.7149	0.7092	0.6922	0.7078	0.7066	0.7025	0.6917	0.7197	0.7069	0.6853	0.5805	0.6547	0.6547	0.6544	0.6546	0.6921	0.6378	0.5395	0.4425	0.6252	0.5998	0.5594	0.5166	0.5899	0.4677	0.3968	0.2739	0.4712	0.4404	0.3882	0.3677	0.3965	0.3400	0.2309	0.1981	0.2960	0.2684	0.2491	0.2071	0.2654	0.2131	0.1645	0.1369	0.1702	0.1591	0.1547	0.1401	0.1514	0.1326	0.1216	0.1168	0.1142	0.1119	0.1111	0.1022	0.1180	0.1141	0.1047	0.1012	
0.7080	0.6979	0.6945	0.6974	0.7251	0.7196	0.7118	0.7015	0.7043	0.7033	0.6983	0.6841	0.7235	0.7104	0.6986	0.6049	0.6499	0.6495	0.6519	0.6486	0.7007	0.6549	0.5643	0.4669	0.6293	0.6097	0.5731	0.5350	0.6122	0.4938	0.4181	0.2926	0.4830	0.4558	0.4055	0.3838	0.4160	0.3605	0.2461	0.2095	0.3115	0.2809	0.2616	0.2175	0.2849	0.2256	0.1719	0.1414	0.1787	0.1657	0.1632	0.1435	0.1591	0.1369	0.1250	0.1188	0.1169	0.1134	0.1133	0.1042	0.1195	0.1168	0.1060	0.1020	
0.7153	0.7076	0.7030	0.7074	0.7273	0.7203	0.7150	0.7040	0.7101	0.7097	0.7028	0.6911	0.7257	0.7135	0.7090	0.6302	0.6596	0.6549	0.6612	0.6596	0.6874	0.6661	0.5884	0.4916	0.6354	0.6256	0.5931	0.5574	0.6307	0.5199	0.4418	0.3131	0.5065	0.4773	0.4260	0.4042	0.4442	0.3827	0.2617	0.2228	0.3340	0.3047	0.2796	0.2311	0.3016	0.2404	0.1817	0.1474	0.1870	0.1749	0.1691	0.1499	0.1658	0.1414	0.1286	0.1221	0.1199	0.1143	0.1152	0.1013	0.1240	0.1194	0.1072	0.1035	
0.7168	0.7105	0.7070	0.7082	0.7292	0.7232	0.7174	0.7087	0.7179	0.7145	0.7068	0.6960	0.7266	0.7147	0.7120	0.6508	0.6544	0.6564	0.6593	0.6629	0.6879	0.6745	0.6079	0.5151	0.6422	0.6368	0.6129	0.5793	0.6477	0.5445	0.4683	0.3354	0.5236	0.4999	0.4496	0.4273	0.4680	0.4064	0.2794	0.2355	0.3527	0.3227	0.2969	0.2446	0.3224	0.2588	0.1919	0.1527	0.2002	0.1866	0.1799	0.1575	0.1734	0.1472	0.1326	0.1250	0.1247	0.1192	0.1200	0.1057	0.1267	0.1230	0.1090	0.1033	
0.7220	0.7140	0.7111	0.7105	0.7301	0.7265	0.7200	0.7095	0.7128	0.7122	0.7066	0.6934	0.7283	0.7182	0.7148	0.6742	0.6546	0.6575	0.6584	0.6615	0.6909	0.6796	0.6282	0.5408	0.6402	0.6352	0.6199	0.5960	0.6653	0.5702	0.4932	0.3584	0.5342	0.5128	0.4605	0.4384	0.4929	0.4327	0.2969	0.2500	0.3669	0.3405	0.3132	0.2602	0.3434	0.2744	0.2016	0.1590	0.2083	0.1955	0.1900	0.1664	0.1811	0.1518	0.1370	0.1276	0.1324	0.1263	0.1268	0.1111	0.1310	0.1259	0.1107	0.1042	
0.7220	0.7102	0.7066	0.7058	0.7366	0.7274	0.7218	0.7129	0.7136	0.7118	0.7074	0.6949	0.7311	0.7206	0.7166	0.6926	0.6578	0.6574	0.6578	0.6657	0.7145	0.6874	0.6484	0.5642	0.6432	0.6388	0.6315	0.6113	0.6748	0.5893	0.5180	0.3828	0.5448	0.5261	0.4811	0.4597	0.5116	0.4503	0.3196	0.2649	0.3838	0.3550	0.3317	0.2761	0.3620	0.2915	0.2122	0.1668	0.2193	0.2023	0.1970	0.1733	0.1909	0.1588	0.1420	0.1321	0.1363	0.1285	0.1314	0.1147	0.1360	0.1300	0.1125	0.1057	
0.7220	0.7161	0.7103	0.7095	0.7387	0.7310	0.7255	0.7159	0.7189	0.7167	0.7133	0.6949	0.7345	0.7206	0.7191	0.7058	0.6564	0.6585	0.6583	0.6590	0.7190	0.6916	0.6611	0.5887	0.6443	0.6430	0.6370	0.6286	0.6841	0.6134	0.5407	0.4067	0.5601	0.5412	0.5018	0.4810	0.5408	0.4751	0.3374	0.2845	0.4047	0.3767	0.3475	0.2882	0.3845	0.3116	0.2262	0.1755	0.2322	0.2178	0.2101	0.1861	0.2017	0.1658	0.1471	0.1368	0.1390	0.1310	0.1318	0.1131	0.1404	0.1355	0.1155	0.1066	
0.7352	0.7288	0.7212	0.7176	0.7367	0.7333	0.7248	0.7165	0.7230	0.7231	0.7171	0.6993	0.7363	0.7234	0.7219	0.7140	0.6682	0.6674	0.6656	0.6698	0.7180	0.6959	0.6749	0.6125	0.6509	0.6488	0.6443	0.6379	0.6903	0.6323	0.5650	0.4343	0.5766	0.5602	0.5241	0.5045	0.5574	0.4967	0.3583	0.3038	0.4236	0.3981	0.3687	0.3102	0.4047	0.3325	0.2410	0.1841	0.2462	0.2276	0.2212	0.1936	0.2123	0.1722	0.1525	0.1411	0.1461	0.1386	0.1409	0.1174	0.1461	0.1389	0.1171	0.1082	
0.7366	0.7291	0.7242	0.7222	0.7399	0.7338	0.7251	0.7173	0.7326	0.7320	0.7230	0.7095	0.7388	0.7261	0.7235	0.7222	0.6688	0.6684	0.6703	0.6746	0.7197	0.6971	0.6810	0.6322	0.6542	0.6530	0.6499	0.6487	0.6915	0.6514	0.5882	0.4584	0.5927	0.5820	0.5493	0.5402	0.5717	0.5212	0.3804	0.3216	0.4509	0.4196	0.3909	0.3315	0.4283	0.3504	0.2535	0.1925	0.2649	0.2443	0.2364	0.2093	0.2231	0.1806	0.1576	0.1465	0.1564	0.1451	0.1464	0.1220	0.1516	0.1441	0.1196	0.1094	
0.7369	0.7276	0.7218	0.7209	0.7438	0.7369	0.7304	0.7219	0.7277	0.7260	0.7189	0.7082	0.7419	0.7290	0.7269	0.7247	0.6676	0.6680	0.6721	0.6768	0.7100	0.6961	0.6860	0.6512	0.6550	0.6522	0.6462	0.6527	0.6939	0.6647	0.6117	0.4852	0.5952	0.5886	0.5638	0.5504	0.5963	0.5453	0.4051	0.3428	0.4630	0.4358	0.4096	0.3503	0.4490	0.3724	0.2702	0.2033	0.2784	0.2555	0.2442	0.2160	0.2357	0.1890	0.1649	0.1503	0.1607	0.1490	0.1537	0.1266	0.1582	0.1498	0.1226	0.1112	
