0.0847	0.0795	0.0844	0.0824	0.0853	0.0812	0.0855	0.0827	0.0874	0.0832	0.0885	0.0835	0.0874	0.0825	0.0864	0.0851	0.0909	0.0848	0.0894	0.0849	0.0891	0.0864	0.0902	0.0891	0.0920	0.0916	0.0907	0.0886	0.0926	0.0874	0.0915	0.0911	0.0933	0.0858	0.0927	0.0880	0.0939	0.0878	0.0928	0.0930	0.0964	0.0933	0.0957	0.0927	0.0952	0.0949	0.0945	0.0912	0.0977	0.0961	0.0967	0.0935	0.0993	0.1085	0.0935	0.0945	0.1032	0.1070	0.1024	0.1076	0.1006	0.1002	0.0998	0.1008	
0.0885	0.0885	0.0882	0.0888	0.0884	0.0881	0.0879	0.0878	0.0897	0.0900	0.0900	0.0905	0.0895	0.0892	0.0901	0.0893	0.0913	0.0921	0.0906	0.0914	0.0901	0.0913	0.0912	0.0917	0.0999	0.0943	0.0931	0.0933	0.0928	0.0918	0.0919	0.0924	0.0927	0.0977	0.0933	0.0945	0.0938	0.0922	0.0940	0.0953	0.0955	0.0970	0.0956	0.0974	0.0956	0.0973	0.0948	0.0960	0.0969	0.0976	0.0967	0.0978	0.0976	0.0972	0.0979	0.0986	0.1051	0.1001	0.0988	0.1033	0.1012	0.0982	0.0988	0.0988	
0.0891	0.0904	0.0886	0.0911	0.0882	0.0894	0.0881	0.0895	0.0898	0.0923	0.0889	0.0907	0.0889	0.0909	0.0886	0.0900	0.0920	0.0934	0.0905	0.0935	0.0912	0.0916	0.0934	0.0916	0.0930	0.0942	0.1020	0.0943	0.0935	0.0957	0.0914	0.0930	0.0922	0.0958	0.0924	0.0960	0.0925	0.0963	0.0925	0.0946	0.0960	0.0988	0.0964	0.0987	0.0960	0.0980	0.0949	0.0963	0.0975	0.1023	0.0999	0.0984	0.0981	0.1000	0.0969	0.0978	0.1006	0.1005	0.0987	0.1018	0.0994	0.1006	0.0978	0.0985	
0.0840	0.0825	0.0837	0.0839	0.0840	0.0826	0.0842	0.0826	0.0849	0.0850	0.0844	0.0841	0.0842	0.0829	0.0840	0.0831	0.0870	0.0853	0.0865	0.0852	0.0856	0.0852	0.0864	0.0851	0.0870	0.0880	0.0873	0.0870	0.0871	0.0866	0.0901	0.0853	0.0885	0.0871	0.0978	0.0882	0.0891	0.0871	0.0881	0.0882	0.0913	0.0897	0.0913	0.0906	0.0901	0.0916	0.0905	0.0894	0.0923	0.0906	0.0942	0.0910	0.0921	0.0915	0.0922	0.0955	0.0974	0.0967	0.0938	0.0944	0.0926	0.0934	0.0930	0.0946	
0.0888	0.0892	0.0886	0.0892	0.0887	0.0888	0.0886	0.0877	0.0896	0.0912	0.0890	0.0901	0.0895	0.0902	0.0899	0.0886	0.0911	0.0922	0.0913	0.0904	0.0901	0.0908	0.0917	0.0900	0.0916	0.0928	0.0921	0.0930	0.0918	0.0927	0.0929	0.0918	0.0923	0.0930	0.0933	0.0957	0.0931	0.0919	0.0931	0.0936	0.0952	0.0973	0.0962	0.0960	0.0942	0.0956	0.0948	0.0958	0.0991	0.1013	0.0954	0.0969	0.0977	0.0987	0.0958	0.1035	0.1008	0.0992	0.0991	0.0986	0.0987	0.1001	0.0991	0.0958	
0.0924	0.0935	0.0914	0.0942	0.0911	0.0931	0.0911	0.0926	0.0931	0.0958	0.0926	0.0944	0.0921	0.0946	0.0923	0.0937	0.0950	0.0969	0.0940	0.0954	0.0940	0.0957	0.0939	0.0949	0.0949	0.0975	0.0952	0.0974	0.0955	0.0971	0.0938	0.0954	0.0953	0.0978	0.0961	0.0984	0.0958	0.0972	0.0959	0.0980	0.0978	0.1013	0.0992	0.1020	0.0979	0.1026	0.0990	0.1009	0.1025	0.1050	0.1010	0.1012	0.1011	0.1022	0.1006	0.1022	0.1039	0.1041	0.1010	0.1046	0.1035	0.1036	0.1009	0.1040	
0.0887	0.0871	0.0885	0.0880	0.0883	0.0868	0.0878	0.0869	0.0893	0.0893	0.0880	0.0879	0.0883	0.0873	0.0888	0.0873	0.0903	0.0898	0.0901	0.0885	0.0885	0.0887	0.0891	0.0890	0.0908	0.0903	0.0907	0.0915	0.0916	0.0904	0.0908	0.0906	0.0916	0.0914	0.0932	0.0918	0.0930	0.0896	0.0915	0.0906	0.0945	0.0939	0.0947	0.0939	0.0944	0.0928	0.0936	0.0963	0.0948	0.0944	0.0971	0.0952	0.0962	0.0942	0.0953	0.0966	0.1001	0.0985	0.0972	0.0963	0.0975	0.0972	0.0966	0.0954	
0.0898	0.0901	0.0895	0.0919	0.0888	0.0904	0.0894	0.0896	0.0899	0.0920	0.0891	0.0905	0.0897	0.0895	0.0899	0.0894	0.0913	0.0927	0.0913	0.0924	0.0907	0.0914	0.0913	0.0920	0.0919	0.0942	0.0931	0.0939	0.0925	0.0948	0.0930	0.0923	0.0927	0.0934	0.0941	0.0949	0.0939	0.0936	0.0944	0.0927	0.0950	0.0970	0.0958	0.0968	0.0951	0.0965	0.0950	0.0960	0.0965	0.0979	0.0967	0.0978	0.0987	0.0994	0.0968	0.0994	0.0998	0.0998	0.0983	0.0997	0.0977	0.1009	0.0977	0.1012	
0.0862	0.0839	0.0857	0.0848	0.0863	0.0837	0.0844	0.0837	0.0861	0.0854	0.0862	0.0852	0.0856	0.0842	0.0863	0.0838	0.0880	0.0866	0.0876	0.0855	0.0862	0.0841	0.0877	0.0852	0.0884	0.0877	0.0888	0.0876	0.0895	0.0875	0.0877	0.0854	0.0905	0.0880	0.0895	0.0882	0.0898	0.0883	0.0880	0.0899	0.0919	0.0901	0.0910	0.0899	0.0911	0.0905	0.0913	0.0896	0.0930	0.0921	0.0919	0.0915	0.0950	0.0962	0.0929	0.0910	0.0975	0.0939	0.0947	0.0940	0.0954	0.0965	0.0945	0.0937	
0.0899	0.0898	0.0884	0.0906	0.0893	0.0892	0.0891	0.0894	0.0903	0.0906	0.0896	0.0903	0.0890	0.0896	0.0896	0.0893	0.0915	0.0919	0.0917	0.0917	0.0906	0.0918	0.0912	0.0911	0.0929	0.0946	0.0918	0.0923	0.0928	0.0932	0.0945	0.0919	0.0931	0.0938	0.0925	0.0952	0.0943	0.0934	0.0924	0.0923	0.0947	0.0959	0.0953	0.0976	0.0944	0.0956	0.0952	0.0956	0.0962	0.0965	0.0948	0.0965	0.0983	0.0979	0.0976	0.0964	0.1007	0.0995	0.0974	0.0975	0.0969	0.0998	0.0990	0.0979	
0.0890	0.0877	0.0881	0.0890	0.0872	0.0885	0.0871	0.0869	0.0891	0.0897	0.0871	0.0891	0.0876	0.0874	0.0878	0.0879	0.0909	0.0905	0.0900	0.0889	0.0883	0.0894	0.0892	0.0899	0.0903	0.0919	0.0915	0.0915	0.0912	0.0911	0.0898	0.0895	0.0913	0.0922	0.0923	0.0915	0.0901	0.0907	0.0904	0.0927	0.0938	0.0945	0.0938	0.0942	0.0921	0.0941	0.0922	0.0945	0.0952	0.0959	0.0948	0.0978	0.0957	0.0951	0.0937	0.0967	0.0999	0.1004	0.0970	0.1219	0.0959	0.1013	0.0960	0.0986	
0.0892	0.0894	0.0888	0.0896	0.0897	0.0890	0.0882	0.0885	0.0892	0.0900	0.0889	0.0887	0.0886	0.0882	0.0889	0.0886	0.0903	0.0911	0.0903	0.0908	0.0905	0.0898	0.0904	0.0899	0.0916	0.0925	0.0911	0.0914	0.0923	0.0920	0.0917	0.0906	0.0911	0.0915	0.0929	0.0931	0.0927	0.0919	0.0924	0.0914	0.0931	0.0939	0.0940	0.0947	0.0940	0.0927	0.0936	0.0943	0.1223	0.0944	0.0959	0.0951	0.0965	0.0951	0.0970	0.0962	0.0985	0.0968	0.0975	0.0967	0.0968	0.0967	0.0981	0.0964	
0.0920	0.0939	0.0920	0.0950	0.0926	0.0935	0.0916	0.0930	0.0929	0.0954	0.0921	0.0941	0.0918	0.0951	0.0921	0.0937	0.0944	0.0967	0.0939	0.0956	0.0927	0.0955	0.0931	0.0953	0.0955	0.1008	0.0948	0.0966	0.0946	0.0981	0.0938	0.0968	0.0948	0.0977	0.0962	0.0984	0.0941	0.0977	0.0960	0.0976	0.0975	0.0998	0.0983	0.1006	0.0971	0.1005	0.0980	0.0998	0.0983	0.1018	0.0997	0.1019	0.1010	0.1016	0.0994	0.1015	0.1076	0.1033	0.1005	0.1039	0.0987	0.1049	0.1004	0.1015	
0.0901	0.0877	0.0894	0.0895	0.0891	0.0885	0.0877	0.0869	0.0896	0.0894	0.0891	0.0885	0.0882	0.0870	0.0889	0.0876	0.0914	0.0897	0.0901	0.0885	0.0894	0.0899	0.0901	0.0896	0.0924	0.0908	0.0919	0.0908	0.0914	0.0917	0.0900	0.0894	0.0923	0.0912	0.0932	0.0912	0.0920	0.0906	0.0913	0.0922	0.0939	0.0932	0.0944	0.0940	0.0939	0.0935	0.0937	0.0932	0.0952	0.0946	0.0949	0.0946	0.0963	0.0946	0.0940	0.0951	0.0997	0.1000	0.0971	0.0952	0.0966	0.0963	0.0968	0.0957	
0.0912	0.0921	0.0911	0.0923	0.0908	0.0916	0.0910	0.0912	0.0914	0.0948	0.0907	0.0914	0.0910	0.0956	0.0915	0.0907	0.0926	0.0934	0.0915	0.0921	0.0916	0.0921	0.0924	0.0918	0.0935	0.1031	0.0928	0.0942	0.0939	0.0944	0.0926	0.0918	0.0936	0.0942	0.0930	0.0946	0.0943	0.0944	0.0931	0.0940	0.0952	0.0966	0.0953	0.0970	0.0954	0.0981	0.0957	0.0968	0.0971	0.1006	0.0966	0.0982	0.0975	0.1092	0.0980	0.0983	0.1013	0.0990	0.1062	0.1003	0.1016	0.0997	0.0982	0.1000	
0.0874	0.0856	0.0866	0.0860	0.0876	0.0853	0.0863	0.0847	0.0871	0.0859	0.0865	0.0851	0.0860	0.0848	0.0868	0.0841	0.0877	0.0867	0.0876	0.0859	0.0860	0.0855	0.0871	0.0853	0.0893	0.0874	0.0870	0.0868	0.0889	0.0874	0.0877	0.0861	0.0892	0.0880	0.0896	0.0890	0.0884	0.0875	0.0896	0.0883	0.0914	0.0908	0.0905	0.0899	0.0906	0.0889	0.0899	0.0896	0.0917	0.0911	0.0922	0.0908	0.0944	0.0924	0.0929	0.0970	0.0965	0.0948	0.0938	0.1070	0.0939	0.0928	0.0936	0.0926	
0.0905	0.0900	0.0901	0.0908	0.0911	0.0902	0.0900	0.0898	0.0907	0.0903	0.0898	0.0899	0.0897	0.0893	0.0895	0.0895	0.0912	0.0909	0.0909	0.0907	0.0907	0.0889	0.0907	0.0909	0.0922	0.0923	0.0908	0.0921	0.0922	0.0908	0.0914	0.0901	0.0924	0.0921	0.0952	0.0924	0.0931	0.0923	0.0924	0.0927	0.0938	0.0944	0.0938	0.0948	0.0942	0.0947	0.0933	0.0952	0.0945	0.0967	0.0954	0.0957	0.1056	0.0956	0.0961	0.0963	0.1000	0.0976	0.0961	0.0961	0.0971	0.0976	0.0969	0.0965	
0.0915	0.0931	0.0899	0.0932	0.0908	0.0924	0.0896	0.0904	0.0904	0.0924	0.0894	0.0920	0.0892	0.0915	0.0891	0.0905	0.0918	0.0932	0.0904	0.0930	0.0899	0.0921	0.0906	0.0914	0.0916	0.0947	0.0909	0.0944	0.0929	0.0947	0.0920	0.0915	0.0921	0.0945	0.0929	0.0954	0.0936	0.0932	0.0931	0.0931	0.0958	0.0956	0.0952	0.0967	0.0941	0.0976	0.0942	0.0957	0.0964	0.0974	0.0957	0.0975	0.0969	0.0978	0.0960	0.0973	0.1004	0.1013	0.0973	0.0994	0.0976	0.0990	0.0982	0.0989	
0.0872	0.0864	0.0865	0.0868	0.0883	0.0865	0.0867	0.0853	0.0871	0.0857	0.0861	0.0856	0.0867	0.0890	0.0869	0.0840	0.0877	0.0863	0.0870	0.0858	0.0869	0.0856	0.0872	0.0849	0.0879	0.0861	0.0883	0.0861	0.0875	0.0874	0.0885	0.0850	0.0891	0.0876	0.0903	0.0891	0.0897	0.0864	0.0894	0.0876	0.0906	0.0884	0.0907	0.0886	0.0904	0.0903	0.0893	0.0892	0.0928	0.0913	0.0925	0.0913	0.0950	0.0924	0.0923	0.0923	0.0969	0.0930	0.0961	0.0959	0.0939	0.0950	0.0943	0.0903	
0.0925	0.0938	0.0914	0.0928	0.0925	0.0922	0.0913	0.0909	0.0916	0.0927	0.0903	0.0916	0.0904	0.0908	0.0912	0.0912	0.0918	0.0929	0.0919	0.0912	0.0909	0.0912	0.0912	0.0916	0.0915	0.0934	0.0922	0.0928	0.0931	0.0934	0.0928	0.0916	0.0924	0.0932	0.0938	0.0940	0.0928	0.0937	0.0940	0.0936	0.0951	0.0955	0.0955	0.0970	0.0940	0.0950	0.0949	0.0970	0.0964	0.0981	0.0988	0.0980	0.0992	0.1010	0.0967	0.1002	0.1023	0.1010	0.0988	0.0990	0.0995	0.0992	0.0976	0.0983	
0.0928	0.0940	0.0916	0.0946	0.0927	0.0938	0.0915	0.0928	0.0924	0.0939	0.0912	0.0927	0.0916	0.0919	0.0908	0.0920	0.0922	0.0937	0.0916	0.0940	0.0908	0.0924	0.0915	0.0931	0.0929	0.0933	0.0930	0.0948	0.0944	0.0945	0.0920	0.0942	0.0937	0.0946	0.0937	0.0946	0.0934	0.0937	0.0936	0.0943	0.0962	0.0972	0.0952	0.0962	0.0946	0.0964	0.0946	0.0970	0.0971	0.0979	0.0962	0.0990	0.0983	0.0987	0.0986	0.1028	0.1025	0.1010	0.0998	0.1002	0.0991	0.1012	0.0977	0.1044	
0.0920	0.0925	0.0920	0.0921	0.0912	0.0912	0.0908	0.0894	0.0904	0.0904	0.0896	0.0906	0.0903	0.0886	0.0902	0.0896	0.0904	0.0909	0.0901	0.0894	0.0895	0.0896	0.0913	0.0898	0.0910	0.0912	0.0915	0.0912	0.0906	0.0914	0.0903	0.0899	0.0913	0.0916	0.0919	0.0924	0.0925	0.0912	0.0918	0.0921	0.0935	0.0934	0.0937	0.0943	0.0926	0.0930	0.0933	0.0942	0.0953	0.0963	0.0942	0.0956	0.0975	0.0936	0.0967	0.0989	0.0981	0.0966	0.0968	0.0968	0.0965	0.0969	0.0956	0.0960	
0.0927	0.0950	0.0923	0.0950	0.0918	0.0937	0.0904	0.0914	0.0912	0.0924	0.0904	0.0916	0.0905	0.0923	0.0903	0.0909	0.0912	0.0930	0.0901	0.0915	0.0903	0.0911	0.0908	0.0909	0.0915	0.0936	0.0912	0.0932	0.0907	0.0924	0.0912	0.0917	0.0922	0.0929	0.0925	0.0942	0.0917	0.0933	0.0916	0.0935	0.0927	0.0957	0.0945	0.0957	0.0927	0.0942	0.0935	0.0940	0.0958	0.1019	0.0957	0.0971	0.0959	0.0968	0.0962	0.0964	0.0998	0.0982	0.0965	0.0984	0.0963	0.0978	0.0956	0.0959	
0.0894	0.0879	0.0891	0.0877	0.0895	0.0866	0.0874	0.0856	0.0875	0.0857	0.0873	0.0851	0.0867	0.0846	0.0876	0.0840	0.0868	0.0861	0.0867	0.0853	0.0863	0.0842	0.0858	0.0850	0.0872	0.0851	0.0872	0.0864	0.0875	0.0857	0.0874	0.0842	0.0879	0.0856	0.0887	0.0870	0.0892	0.0862	0.0885	0.0871	0.0896	0.0876	0.0892	0.0889	0.0890	0.0883	0.0888	0.0886	0.0914	0.0898	0.0911	0.0893	0.0923	0.0903	0.0915	0.0899	0.0967	0.0905	0.0930	0.0909	0.0927	0.0905	0.0905	0.0923	
0.0939	0.0945	0.0934	0.0940	0.0936	0.0923	0.0922	0.0913	0.0921	0.0923	0.0913	0.0912	0.0908	0.0913	0.0907	0.0911	0.0917	0.0919	0.0903	0.0911	0.0905	0.0912	0.0913	0.0912	0.0915	0.0922	0.0910	0.0918	0.0921	0.0928	0.0909	0.0915	0.0923	0.0938	0.0927	0.0929	0.0924	0.0922	0.0927	0.0933	0.0937	0.0937	0.0941	0.0947	0.0931	0.0942	0.0935	0.0952	0.1006	0.0954	0.0964	0.0953	0.0983	0.0965	0.0959	0.1020	0.0986	0.0992	0.0959	0.0967	0.0999	0.0997	0.0971	0.0974	
0.0955	0.0976	0.0941	0.0965	0.0943	0.0948	0.0927	0.0937	0.0932	0.0946	0.0921	0.0931	0.0926	0.0933	0.0919	0.0924	0.0927	0.0945	0.0919	0.0928	0.0916	0.0931	0.0908	0.0920	0.0924	0.0935	0.0918	0.0939	0.0926	0.0939	0.0916	0.0922	0.0933	0.0952	0.0935	0.0940	0.0927	0.0939	0.0914	0.0935	0.0944	0.0974	0.0954	0.0967	0.0944	0.0950	0.0950	0.0952	0.0968	0.0990	0.0971	0.0993	0.1003	0.0968	0.0966	0.0990	0.1009	0.1005	0.0983	0.1001	0.0981	0.0999	0.0958	0.0987	
0.0952	0.0939	0.0945	0.0939	0.0937	0.0917	0.0919	0.0902	0.0919	0.0906	0.0905	0.0892	0.0908	0.0890	0.0897	0.0889	0.0909	0.0892	0.0898	0.0879	0.0890	0.0888	0.0894	0.0888	0.0904	0.0892	0.0907	0.0895	0.0903	0.0892	0.0896	0.0875	0.0920	0.0892	0.0924	0.0904	0.0916	0.0906	0.0904	0.0899	0.0928	0.0913	0.0929	0.0915	0.0922	0.0922	0.0917	0.0935	0.0942	0.0937	0.0938	0.0927	0.0987	0.0932	0.0929	0.0937	0.1027	0.0949	0.0985	0.0948	0.0964	0.0945	0.0944	0.0950	
0.0959	0.0980	0.0951	0.0974	0.0950	0.0951	0.0924	0.0921	0.0922	0.0934	0.0913	0.0920	0.0917	0.0925	0.0903	0.0915	0.0904	0.0926	0.0898	0.0910	0.0906	0.0908	0.0913	0.0913	0.0901	0.0912	0.0909	0.0923	0.0915	0.0925	0.0911	0.0897	0.0913	0.0924	0.0917	0.0930	0.0920	0.0925	0.0914	0.0927	0.0926	0.0942	0.0939	0.0946	0.0927	0.0949	0.0931	0.0942	0.0939	0.0958	0.0950	0.0953	0.0954	0.0961	0.0959	0.0985	0.0981	0.0989	0.0963	0.0955	0.0975	0.0985	0.0966	0.0978	
0.0957	0.0971	0.0945	0.0966	0.0942	0.0941	0.0905	0.0922	0.0922	0.0926	0.0911	0.0919	0.0902	0.0902	0.0901	0.0898	0.0904	0.0911	0.0894	0.0902	0.0899	0.0905	0.0895	0.0904	0.0903	0.0916	0.0903	0.0911	0.0901	0.0904	0.0892	0.0888	0.0914	0.0912	0.0907	0.0915	0.0895	0.0896	0.0898	0.0921	0.0924	0.0939	0.0923	0.0934	0.0913	0.0932	0.0925	0.0937	0.0938	0.0950	0.0945	0.0965	0.0941	0.0956	0.0943	0.0968	0.0992	0.0991	0.0966	0.0973	0.0966	0.1002	0.0951	0.0984	
0.0966	0.0970	0.0961	0.0967	0.0951	0.0940	0.0919	0.0910	0.0917	0.0911	0.0914	0.0903	0.0913	0.0893	0.0911	0.0894	0.0901	0.0898	0.0893	0.0890	0.0890	0.0883	0.0897	0.0883	0.0895	0.0886	0.0898	0.0894	0.0899	0.0891	0.0899	0.0870	0.0895	0.0890	0.0917	0.0906	0.0910	0.0884	0.0901	0.0901	0.0914	0.0913	0.0923	0.0922	0.0915	0.0915	0.0919	0.0912	0.0933	0.0932	0.0927	0.0926	0.0954	0.0927	0.0926	0.0935	0.0979	0.0946	0.0952	0.0945	0.0955	0.0938	0.0953	0.0948	
0.0993	0.1012	0.0990	0.1000	0.0971	0.0963	0.0936	0.0936	0.0937	0.0950	0.0938	0.0923	0.0922	0.0923	0.0926	0.0922	0.0918	0.0926	0.0900	0.0916	0.0903	0.0918	0.0912	0.0912	0.0906	0.0918	0.0910	0.0910	0.0911	0.0915	0.0905	0.0914	0.0913	0.0924	0.0927	0.0921	0.0919	0.0925	0.0905	0.0928	0.0924	0.0946	0.0938	0.0944	0.0922	0.0935	0.0936	0.0944	0.0950	0.0967	0.0963	0.0954	0.0972	0.0976	0.0957	0.0960	0.0980	0.0991	0.0967	0.0977	0.0969	0.0979	0.0966	0.0955	
0.0988	0.0997	0.0966	0.0985	0.0956	0.0954	0.0915	0.0920	0.0931	0.0933	0.0918	0.0915	0.0913	0.0903	0.0904	0.0895	0.0906	0.0908	0.0891	0.0889	0.0886	0.0897	0.0887	0.0899	0.0889	0.0901	0.0896	0.0900	0.0890	0.0891	0.0886	0.0881	0.0909	0.0913	0.0920	0.0901	0.0900	0.0899	0.0889	0.0900	0.0919	0.0925	0.0915	0.0916	0.0907	0.0923	0.0910	0.0915	0.0933	0.0948	0.0952	0.0998	0.0939	0.0931	0.0928	0.0946	0.0974	0.0977	0.0985	0.0963	0.0943	0.0952	0.0923	0.0975	
0.1011	0.1016	0.1001	0.1003	0.0978	0.0958	0.0935	0.0929	0.0941	0.0930	0.0924	0.0911	0.0923	0.0911	0.0917	0.0901	0.0910	0.0897	0.0885	0.0891	0.0883	0.0882	0.0894	0.0895	0.0891	0.0885	0.0888	0.0891	0.0888	0.0881	0.0892	0.0870	0.0900	0.0891	0.0904	0.0886	0.0898	0.0884	0.0886	0.0896	0.0907	0.0913	0.0916	0.0916	0.0908	0.0902	0.0910	0.0910	0.0933	0.0931	0.0926	0.0931	0.0942	0.0930	0.0953	0.0931	0.0976	0.0934	0.1022	0.0943	0.0945	0.0939	0.0948	0.0926	
0.1042	0.1063	0.1021	0.1032	0.0999	0.0985	0.0956	0.0956	0.0964	0.0963	0.0947	0.0939	0.0942	0.0935	0.0929	0.0915	0.0919	0.0922	0.0904	0.0915	0.0903	0.0905	0.0915	0.0905	0.0902	0.0909	0.0902	0.0909	0.0901	0.0903	0.0904	0.0892	0.0911	0.0908	0.0916	0.0911	0.0915	0.0908	0.0910	0.0914	0.0926	0.0932	0.0931	0.0936	0.0911	0.0928	0.0920	0.0939	0.0940	0.0945	0.0937	0.0938	0.0943	0.0943	0.0942	0.0950	0.0978	0.0960	0.0945	0.0960	0.0950	0.0988	0.0961	0.0953	
0.1057	0.1101	0.1042	0.1063	0.1013	0.1012	0.0960	0.0960	0.0969	0.0989	0.0950	0.0961	0.0954	0.0960	0.0925	0.0928	0.0926	0.0948	0.0901	0.0931	0.0913	0.0928	0.0898	0.0921	0.0908	0.0931	0.0900	0.0914	0.0912	0.0928	0.0894	0.0904	0.0919	0.0937	0.0915	0.0929	0.0910	0.0929	0.0909	0.0915	0.0922	0.0963	0.0922	0.0952	0.0926	0.0953	0.0930	0.0936	0.0946	0.0986	0.0953	0.0976	0.0961	0.0999	0.0943	0.0950	0.0989	0.0985	0.0958	0.0974	0.0952	0.0982	0.0949	0.0954	
0.1037	0.1053	0.1011	0.1018	0.0990	0.0961	0.0919	0.0917	0.0937	0.0936	0.0920	0.0912	0.0911	0.0895	0.0895	0.0883	0.0890	0.0886	0.0867	0.0875	0.0866	0.0863	0.0866	0.0872	0.0871	0.0874	0.0866	0.0868	0.0863	0.0864	0.0860	0.0859	0.0882	0.0868	0.0873	0.0876	0.0868	0.0874	0.0863	0.0861	0.0896	0.0894	0.0890	0.0893	0.0872	0.0884	0.0908	0.0897	0.0898	0.0990	0.0897	0.0908	0.0907	0.0898	0.0908	0.0922	0.0958	0.1033	0.0918	0.0947	0.0907	0.0936	0.0922	0.0923	
0.1092	0.1130	0.1083	0.1085	0.1041	0.1004	0.0978	0.0959	0.0979	0.0990	0.0967	0.0954	0.0955	0.0950	0.0943	0.0917	0.0923	0.0923	0.0898	0.0899	0.0901	0.0907	0.0909	0.0903	0.0894	0.0900	0.0895	0.0897	0.0896	0.0900	0.0884	0.0881	0.0904	0.0905	0.0900	0.0891	0.0895	0.0893	0.0892	0.0904	0.0913	0.0923	0.0907	0.0921	0.0909	0.0926	0.0911	0.0916	0.0941	0.0948	0.0944	0.0928	0.0946	0.0945	0.0935	0.0944	0.0962	0.0970	0.0939	0.0952	0.0953	0.0950	0.0946	0.0941	
0.1124	0.1163	0.1098	0.1111	0.1044	0.1039	0.0981	0.0975	0.0997	0.1013	0.0983	0.0971	0.0957	0.0952	0.0933	0.0939	0.0935	0.0949	0.0906	0.0923	0.0891	0.0919	0.0905	0.0908	0.0902	0.0918	0.0899	0.0911	0.0894	0.0907	0.0895	0.0892	0.0901	0.0921	0.0913	0.0913	0.0889	0.0914	0.0898	0.0911	0.0917	0.0947	0.0919	0.0928	0.0914	0.0931	0.0916	0.0924	0.0937	0.0962	0.1009	0.0956	0.0948	0.0962	0.0942	0.0958	0.0967	0.0977	0.0945	0.0967	0.0943	0.0951	0.0945	0.0962	
0.1114	0.1137	0.1098	0.1076	0.1036	0.0991	0.0941	0.0929	0.0979	0.0964	0.0957	0.0923	0.0928	0.0900	0.0909	0.0882	0.0901	0.0884	0.0873	0.0863	0.0872	0.0862	0.0878	0.0862	0.0866	0.0858	0.0867	0.0852	0.0868	0.0853	0.0865	0.0837	0.0871	0.0853	0.0868	0.0856	0.0867	0.0846	0.0869	0.0859	0.0884	0.0872	0.0879	0.0863	0.0870	0.0869	0.0873	0.0863	0.0894	0.0895	0.0908	0.0899	0.0913	0.0890	0.0904	0.0899	0.0950	0.0918	0.0946	0.0903	0.0915	0.0900	0.0907	0.0899	
0.1179	0.1209	0.1149	0.1151	0.1085	0.1040	0.0983	0.0968	0.1026	0.1024	0.1000	0.0977	0.0967	0.0943	0.0943	0.0925	0.0933	0.0927	0.0898	0.0907	0.0894	0.0896	0.0893	0.0892	0.0890	0.0886	0.0881	0.0887	0.0884	0.0885	0.0880	0.0875	0.0895	0.0886	0.0899	0.0892	0.0883	0.0881	0.0885	0.0889	0.0909	0.0915	0.0916	0.0910	0.0902	0.0900	0.0899	0.0910	0.0915	0.0919	0.0924	0.0917	0.0935	0.0930	0.0914	0.0937	0.0959	0.0932	0.0935	0.0935	0.0938	0.0941	0.0927	0.0934	
0.1229	0.1272	0.1193	0.1203	0.1116	0.1078	0.1002	0.1003	0.1051	0.1065	0.1029	0.1006	0.0985	0.0979	0.0964	0.0952	0.0953	0.0957	0.0919	0.0932	0.0915	0.0923	0.0921	0.0916	0.0910	0.0915	0.0902	0.0910	0.0904	0.0900	0.0907	0.0894	0.0903	0.0910	0.0907	0.0907	0.0898	0.0895	0.0900	0.0907	0.0911	0.0928	0.0921	0.0927	0.0920	0.0922	0.0909	0.0920	0.0932	0.0943	0.0934	0.0936	0.0947	0.0950	0.0936	0.0943	0.0997	0.0957	0.0945	0.0970	0.0956	0.0958	0.0942	0.0949	
0.1258	0.1323	0.1219	0.1230	0.1140	0.1098	0.1007	0.0996	0.1079	0.1097	0.1035	0.1031	0.0997	0.0995	0.0957	0.0942	0.0963	0.0974	0.0919	0.0942	0.0919	0.0927	0.0910	0.0906	0.0905	0.0922	0.0902	0.0915	0.0893	0.0915	0.0892	0.0900	0.0908	0.0923	0.0899	0.0922	0.0889	0.0912	0.0896	0.0904	0.0915	0.0936	0.0922	0.0936	0.0905	0.0932	0.0913	0.0935	0.0930	0.0952	0.0948	0.0955	0.0946	0.0962	0.0932	0.0954	0.0997	0.0968	0.0942	0.0987	0.0944	0.0956	0.0937	0.0944	
0.1255	0.1302	0.1207	0.1213	0.1114	0.1053	0.0983	0.0936	0.1040	0.1045	0.1010	0.0971	0.0956	0.0918	0.0915	0.0892	0.0917	0.0898	0.0882	0.0873	0.0873	0.0866	0.0869	0.0854	0.0859	0.0847	0.0848	0.0844	0.0849	0.0848	0.0844	0.0825	0.0860	0.0840	0.0856	0.0843	0.0852	0.0837	0.0847	0.0843	0.0866	0.0864	0.0865	0.0855	0.0858	0.0846	0.0860	0.0852	0.0879	0.0879	0.0928	0.0874	0.0893	0.0877	0.0885	0.0888	0.0925	0.0905	0.0890	0.0896	0.0882	0.0887	0.0903	0.0884	
0.1340	0.1390	0.1295	0.1278	0.1176	0.1104	0.1020	0.0970	0.1108	0.1100	0.1070	0.1018	0.1008	0.0968	0.0949	0.0916	0.0965	0.0941	0.0923	0.0903	0.0905	0.0894	0.0901	0.0879	0.0890	0.0874	0.0882	0.0869	0.0887	0.0869	0.0873	0.0851	0.0892	0.0866	0.0890	0.0873	0.0887	0.0863	0.0881	0.0875	0.0895	0.0881	0.0895	0.0887	0.0887	0.0874	0.0880	0.0884	0.0912	0.0903	0.0916	0.0895	0.0927	0.0901	0.0907	0.0910	0.0965	0.0919	0.0919	0.0923	0.0919	0.0905	0.0913	0.0910	
0.1432	0.1463	0.1364	0.1345	0.1215	0.1142	0.1044	0.1008	0.1162	0.1166	0.1117	0.1068	0.1037	0.0996	0.0972	0.0945	0.0993	0.0981	0.0938	0.0939	0.0922	0.0915	0.0913	0.0903	0.0898	0.0894	0.0892	0.0894	0.0899	0.0897	0.0889	0.0883	0.0897	0.0894	0.0890	0.0891	0.0888	0.0884	0.0886	0.0893	0.0911	0.0904	0.0905	0.0909	0.0897	0.0908	0.0899	0.0907	0.0919	0.0981	0.0918	0.0922	0.0926	0.0920	0.0915	0.0927	0.0964	0.0932	0.0957	0.0933	0.0922	0.0935	0.0926	0.0929	
0.1491	0.1555	0.1432	0.1403	0.1258	0.1181	0.1054	0.1031	0.1195	0.1209	0.1148	0.1090	0.1040	0.1018	0.0985	0.0971	0.1018	0.1009	0.0955	0.0957	0.0931	0.0930	0.0922	0.0918	0.0910	0.0907	0.0892	0.0906	0.0900	0.0902	0.0890	0.0893	0.0904	0.0903	0.0898	0.0899	0.0892	0.0893	0.0897	0.0910	0.0912	0.0912	0.0911	0.0913	0.0902	0.0915	0.0899	0.0911	0.0916	0.0937	0.0932	0.0935	0.0933	0.0932	0.0923	0.0937	0.0960	0.0943	0.0933	0.0945	0.0937	0.0939	0.0930	0.0944	
0.1558	0.1634	0.1483	0.1470	0.1298	0.1213	0.1056	0.1029	0.1236	0.1250	0.1171	0.1116	0.1059	0.1027	0.0978	0.0949	0.1030	0.1028	0.0955	0.0974	0.0941	0.0935	0.0905	0.0915	0.0908	0.0914	0.0895	0.0908	0.0890	0.0906	0.0882	0.0881	0.0900	0.0909	0.0897	0.0901	0.0879	0.0888	0.0887	0.0887	0.0895	0.0920	0.0908	0.0916	0.0895	0.0907	0.0900	0.0900	0.0917	0.0938	0.0959	0.0931	0.0931	0.0937	0.0921	0.0921	0.0960	0.0938	0.0928	0.0940	0.0928	0.0947	0.0927	0.0930	
0.1605	0.1684	0.1525	0.1488	0.1305	0.1206	0.1065	0.1022	0.1256	0.1265	0.1187	0.1128	0.1060	0.1018	0.0978	0.0950	0.1033	0.1033	0.0970	0.0967	0.0936	0.0924	0.0900	0.0900	0.0916	0.0903	0.0891	0.0899	0.0886	0.0892	0.0875	0.0877	0.0903	0.0900	0.0882	0.0897	0.0872	0.0878	0.0869	0.0879	0.0903	0.0904	0.0899	0.0900	0.0885	0.0900	0.0889	0.0891	0.0918	0.0923	0.0922	0.0919	0.0960	0.0915	0.0917	0.0942	0.0952	0.0949	0.0929	0.0961	0.0922	0.0938	0.0915	0.0935	
0.1740	0.1834	0.1650	0.1590	0.1400	0.1258	0.1107	0.1044	0.1335	0.1345	0.1248	0.1162	0.1107	0.1031	0.0993	0.0949	0.1070	0.1053	0.0987	0.0963	0.0949	0.0918	0.0920	0.0888	0.0916	0.0888	0.0893	0.0886	0.0893	0.0878	0.0883	0.0867	0.0891	0.0883	0.0888	0.0878	0.0884	0.0861	0.0884	0.0874	0.0892	0.0883	0.0895	0.0882	0.0881	0.0880	0.0889	0.0878	0.0906	0.0901	0.0908	0.0902	0.0952	0.0897	0.0922	0.0906	0.0981	0.0920	0.0922	0.0911	0.0909	0.0899	0.0907	0.0909	
0.1859	0.1943	0.1738	0.1666	0.1453	0.1320	0.1114	0.1071	0.1401	0.1425	0.1303	0.1211	0.1125	0.1223	0.1006	0.0973	0.1110	0.1115	0.1011	0.1017	0.0966	0.0956	0.0918	0.0918	0.0934	0.0929	0.0909	0.0917	0.0902	0.0908	0.0892	0.0890	0.0908	0.0923	0.0896	0.0908	0.0885	0.0894	0.0889	0.0881	0.0900	0.0923	0.0906	0.0909	0.0894	0.0908	0.0892	0.0897	0.0927	0.0940	0.0924	0.0927	0.0924	0.0939	0.0915	0.0924	0.0956	0.0949	0.0943	0.0958	0.0916	0.0949	0.0918	0.0934	
0.1911	0.2004	0.1811	0.1709	0.1471	0.1307	0.1091	0.1027	0.1425	0.1427	0.1317	0.1194	0.1120	0.1019	0.1000	0.0924	0.1113	0.1083	0.1003	0.0972	0.0947	0.0895	0.0903	0.0866	0.0902	0.0870	0.0876	0.0864	0.0872	0.0841	0.0863	0.0828	0.0883	0.0854	0.0870	0.0854	0.0852	0.0832	0.0853	0.0833	0.0873	0.0852	0.0862	0.0846	0.0855	0.0848	0.0857	0.0841	0.0887	0.0869	0.0885	0.0866	0.0892	0.0862	0.0875	0.0873	0.0923	0.0885	0.0895	0.0880	0.0894	0.0875	0.0886	0.0867	
0.2067	0.2204	0.1962	0.1875	0.1563	0.1395	0.1155	0.1100	0.1566	0.1567	0.1424	0.1308	0.1191	0.1098	0.1048	0.0983	0.1198	0.1182	0.1060	0.1062	0.0996	0.0957	0.0944	0.0915	0.0957	0.0935	0.0915	0.0919	0.0920	0.0903	0.0900	0.0893	0.0922	0.0911	0.0901	0.0909	0.0890	0.0888	0.0898	0.0900	0.0900	0.0912	0.0901	0.0932	0.0895	0.0894	0.0898	0.0905	0.0908	0.0924	0.0917	0.0920	0.0919	0.0915	0.0918	0.0920	0.0949	0.0938	0.0922	0.0952	0.0916	0.0939	0.0914	0.0929	
0.2147	0.2227	0.1985	0.1888	0.1566	0.1367	0.1111	0.1052	0.1558	0.1573	0.1407	0.1278	0.1150	0.1059	0.0995	0.0930	0.1180	0.1148	0.1033	0.1028	0.0954	0.0916	0.0901	0.0865	0.0927	0.0899	0.0880	0.0882	0.0866	0.0853	0.0850	0.0844	0.0882	0.0872	0.0858	0.0858	0.0848	0.0837	0.0851	0.0839	0.0867	0.0864	0.0853	0.0858	0.0845	0.0839	0.0840	0.0846	0.0879	0.0872	0.0882	0.0875	0.0880	0.0855	0.0856	0.0869	0.0913	0.0908	0.0882	0.0915	0.0878	0.0889	0.0868	0.0886	
0.2432	0.2509	0.2243	0.2066	0.1687	0.1484	0.1203	0.1123	0.1744	0.1734	0.1546	0.1386	0.1216	0.1131	0.1056	0.0982	0.1290	0.1264	0.1118	0.1100	0.1019	0.0963	0.0950	0.0915	0.0975	0.0933	0.0922	0.0921	0.0902	0.0885	0.0879	0.0878	0.0919	0.0906	0.0899	0.0898	0.0878	0.0876	0.0878	0.0883	0.0897	0.0891	0.0890	0.0884	0.0880	0.0881	0.0880	0.0883	0.0898	0.0904	0.0897	0.0894	0.0899	0.0890	0.0890	0.0910	0.0933	0.0910	0.0905	0.0925	0.0895	0.0895	0.0891	0.0911	
0.2547	0.2685	0.2383	0.2222	0.1802	0.1588	0.1242	0.1224	0.1839	0.1867	0.1633	0.1467	0.1266	0.1167	0.1088	0.1064	0.1354	0.1343	0.1163	0.1148	0.1055	0.0989	0.0960	0.0922	0.1004	0.0970	0.0949	0.0946	0.0926	0.0915	0.0906	0.0889	0.0937	0.0939	0.0913	0.0916	0.0896	0.0892	0.0918	0.0898	0.0910	0.0923	0.0908	0.0900	0.0889	0.0903	0.0891	0.0893	0.0917	0.0928	0.0923	0.0916	0.0926	0.0919	0.0922	0.0911	0.0952	0.0931	0.0920	0.0940	0.0914	0.0919	0.0918	0.0932	
0.2698	0.2822	0.2485	0.2298	0.1855	0.1600	0.1229	0.1113	0.1922	0.1911	0.1679	0.1468	0.1275	0.1138	0.1056	0.0957	0.1363	0.1343	0.1154	0.1116	0.1030	0.0950	0.0934	0.0875	0.0973	0.0930	0.0915	0.0907	0.0891	0.0862	0.0871	0.0840	0.0911	0.0874	0.0871	0.0868	0.0864	0.0839	0.0865	0.0846	0.0879	0.0855	0.0865	0.0846	0.0858	0.0834	0.0853	0.0828	0.0875	0.0865	0.0878	0.0852	0.0882	0.0851	0.0878	0.0859	0.0909	0.0894	0.0880	0.0888	0.0880	0.0867	0.0881	0.0846	
0.2942	0.3090	0.2724	0.2498	0.1994	0.1704	0.1292	0.1194	0.2104	0.2115	0.1847	0.1573	0.1365	0.1203	0.1116	0.1015	0.1491	0.1483	0.1267	0.1214	0.1103	0.1014	0.0974	0.0935	0.1046	0.0999	0.0971	0.0966	0.0944	0.0917	0.0910	0.0893	0.0956	0.0951	0.0927	0.0929	0.0899	0.0899	0.0899	0.0904	0.0912	0.0920	0.0909	0.0907	0.0887	0.0891	0.0899	0.0897	0.0917	0.0920	0.0920	0.0904	0.0925	0.0907	0.0907	0.0925	0.0956	0.0936	0.0920	0.0942	0.0915	0.0920	0.0912	0.0911	
0.3120	0.3237	0.2870	0.2585	0.2065	0.1759	0.1313	0.1208	0.2204	0.2219	0.1905	0.1637	0.1389	0.1243	0.1135	0.1035	0.1567	0.1541	0.1297	0.1265	0.1134	0.1055	0.1000	0.0951	0.1090	0.1040	0.0998	0.1009	0.0962	0.0956	0.0915	0.0922	0.0985	0.0979	0.0946	0.0955	0.0914	0.0919	0.0913	0.0917	0.0933	0.0955	0.0926	0.0935	0.0909	0.0922	0.0898	0.0922	0.0939	0.0952	0.0935	0.0940	0.0926	0.0931	0.0924	0.0950	0.0976	0.0970	0.0942	0.0978	0.0938	0.0952	0.0920	0.0951	
0.3404	0.3481	0.3093	0.2776	0.2182	0.1836	0.1345	0.1208	0.2397	0.2367	0.2036	0.1717	0.1427	0.1226	0.1130	0.1000	0.1678	0.1629	0.1347	0.1294	0.1142	0.1013	0.0976	0.0909	0.1110	0.1027	0.1001	0.0971	0.0947	0.0899	0.0894	0.0867	0.0982	0.0947	0.0925	0.0911	0.0902	0.0872	0.0884	0.0869	0.0911	0.0900	0.0896	0.0876	0.0875	0.0859	0.0872	0.0866	0.0911	0.0897	0.0902	0.0882	0.0904	0.0882	0.0893	0.0885	0.0947	0.0908	0.0909	0.0914	0.0892	0.0882	0.0894	0.0885	
0.3643	0.3782	0.3374	0.3026	0.2314	0.1955	0.1390	0.1261	0.2582	0.2601	0.2204	0.1833	0.1513	0.1318	0.1178	0.1050	0.1806	0.1763	0.1454	0.1386	0.1206	0.1075	0.1008	0.0937	0.1163	0.1094	0.1036	0.1029	0.0984	0.0949	0.0924	0.0916	0.1022	0.1000	0.0959	0.0968	0.0921	0.0909	0.0915	0.0904	0.0934	0.0943	0.0923	0.0914	0.0904	0.0900	0.0899	0.0900	0.0926	0.0931	0.0922	0.0918	0.0917	0.0916	0.0905	0.0926	0.0954	0.0943	0.0921	0.0957	0.0908	0.0935	0.0917	0.0912	
0.3810	0.3944	0.3499	0.3131	0.2397	0.1974	0.1362	0.1209	0.2712	0.2679	0.2256	0.1879	0.1511	0.1265	0.1148	0.0994	0.1853	0.1786	0.1460	0.1364	0.1180	0.1012	0.0974	0.0883	0.1157	0.1051	0.1015	0.0983	0.0946	0.0894	0.0882	0.0845	0.0990	0.0948	0.0922	0.0911	0.0879	0.0844	0.0862	0.0844	0.0900	0.0879	0.0870	0.0849	0.0853	0.0827	0.0848	0.0829	0.0883	0.0869	0.0874	0.0849	0.0875	0.0840	0.0863	0.0850	0.0918	0.0885	0.0867	0.0885	0.0873	0.0849	0.0863	0.0848	
0.4157	0.4327	0.3895	0.3432	0.2631	0.2191	0.1499	0.1334	0.2981	0.2998	0.2520	0.2070	0.1665	0.1379	0.1214	0.1070	0.2035	0.2047	0.1591	0.1520	0.1287	0.1116	0.1032	0.0948	0.1263	0.1170	0.1090	0.1073	0.1019	0.0946	0.0934	0.0912	0.1064	0.1040	0.0984	0.0990	0.0932	0.0910	0.0912	0.0900	0.0944	0.0948	0.0928	0.0917	0.0893	0.0902	0.0892	0.0892	0.0933	0.0928	0.0916	0.0916	0.0919	0.0898	0.0905	0.0918	0.0963	0.0931	0.0918	0.0945	0.0915	0.0911	0.0917	0.0910	
0.4353	0.4456	0.4070	0.3580	0.2731	0.2229	0.1520	0.1342	0.3153	0.3135	0.2617	0.2128	0.1693	0.1406	0.1240	0.1089	0.2166	0.2104	0.1665	0.1580	0.1333	0.1146	0.1048	0.0980	0.1315	0.1225	0.1130	0.1119	0.1052	0.0998	0.0957	0.0945	0.1103	0.1092	0.1019	0.1039	0.0956	0.0949	0.0941	0.0938	0.0974	0.0993	0.0955	0.0959	0.0926	0.0942	0.0922	0.0930	0.0963	0.0974	0.0953	0.0958	0.0933	0.0951	0.0930	0.0948	0.0984	0.0975	0.0943	0.0971	0.0939	0.0976	0.0947	0.0955	
0.4640	0.4760	0.4323	0.3817	0.2867	0.2357	0.1575	0.1340	0.3393	0.3346	0.2791	0.2269	0.1756	0.1413	0.1256	0.1064	0.2334	0.2244	0.1751	0.1656	0.1359	0.1121	0.1046	0.0935	0.1381	0.1225	0.1131	0.1110	0.1053	0.0950	0.0927	0.0889	0.1116	0.1057	0.1005	0.1000	0.0943	0.0899	0.0909	0.0882	0.0958	0.0935	0.0922	0.0905	0.0884	0.0869	0.0886	0.0864	0.0927	0.0908	0.0913	0.0884	0.0896	0.0869	0.0887	0.0889	0.0956	0.0915	0.0915	0.0908	0.0886	0.0887	0.0890	0.0881	
0.4872	0.5005	0.4646	0.4035	0.2994	0.2502	0.1613	0.1384	0.3647	0.3608	0.3015	0.2389	0.1836	0.1491	0.1276	0.1091	0.2475	0.2420	0.1874	0.1742	0.1397	0.1169	0.1059	0.0951	0.1454	0.1317	0.1193	0.1166	0.1064	0.0975	0.0946	0.0912	0.1154	0.1121	0.1047	0.1040	0.0932	0.0923	0.0904	0.0893	0.0969	0.0976	0.0947	0.0929	0.0887	0.0894	0.0886	0.0879	0.0940	0.0951	0.0916	0.0904	0.0900	0.0905	0.0900	0.0904	0.0961	0.0937	0.0905	0.0939	0.0898	0.0912	0.0890	0.0896	
0.5149	0.5336	0.4926	0.4330	0.3183	0.2614	0.1656	0.1409	0.3923	0.3879	0.3220	0.2581	0.1907	0.1518	0.1301	0.1092	0.2693	0.2618	0.2014	0.1840	0.1453	0.1173	0.1066	0.0935	0.1540	0.1369	0.1230	0.1197	0.1095	0.0987	0.0925	0.0895	0.1191	0.1144	0.1068	0.1057	0.0946	0.0907	0.0909	0.0884	0.0979	0.0972	0.0938	0.0918	0.0884	0.0874	0.0884	0.0867	0.0937	0.0914	0.0907	0.0901	0.0889	0.0871	0.0877	0.0878	0.0946	0.0910	0.0902	0.0906	0.0894	0.0883	0.0892	0.0885	
0.5317	0.5569	0.5144	0.4585	0.3368	0.2777	0.1722	0.1471	0.4142	0.4117	0.3416	0.2715	0.2011	0.1589	0.1349	0.1142	0.2860	0.2808	0.2146	0.1967	0.1550	0.1237	0.1115	0.0995	0.1653	0.1458	0.1311	0.1264	0.1139	0.1032	0.0972	0.0946	0.1253	0.1232	0.1113	0.1126	0.0993	0.0975	0.0942	0.0933	0.1024	0.1041	0.0984	0.0977	0.0928	0.0936	0.0945	0.0922	0.0969	0.0984	0.0954	0.0959	0.0924	0.0932	0.0915	0.0943	0.0987	0.0973	0.0941	0.0964	0.0923	0.0937	0.0919	0.0945	
0.5601	0.5873	0.5487	0.4906	0.3667	0.2974	0.1806	0.1528	0.4440	0.4437	0.3697	0.2920	0.2175	0.1646	0.1398	0.1146	0.3100	0.3045	0.2335	0.2091	0.1631	0.1262	0.1121	0.0961	0.1770	0.1547	0.1378	0.1314	0.1183	0.1033	0.0972	0.0925	0.1318	0.1260	0.1136	0.1137	0.1003	0.0954	0.0928	0.0911	0.1031	0.1031	0.0977	0.0960	0.0905	0.0904	0.0897	0.0895	0.0964	0.0951	0.0932	0.0921	0.0918	0.0902	0.0902	0.0907	0.0975	0.0954	0.0919	0.0928	0.0912	0.0901	0.0902	0.0902	
0.5761	0.6046	0.5731	0.5146	0.3809	0.3120	0.1817	0.1529	0.4625	0.4639	0.3908	0.3049	0.2208	0.1667	0.1382	0.1115	0.3277	0.3234	0.2458	0.2207	0.1676	0.1250	0.1119	0.0935	0.1845	0.1603	0.1421	0.1335	0.1195	0.1008	0.0951	0.0897	0.1354	0.1281	0.1164	0.1161	0.0995	0.0930	0.0912	0.0876	0.1043	0.1016	0.0969	0.0929	0.0897	0.0867	0.0873	0.0855	0.0956	0.0928	0.0915	0.0883	0.0888	0.0847	0.0880	0.0871	0.0969	0.0913	0.0910	0.0889	0.0898	0.0866	0.0869	0.0872	
0.5998	0.6223	0.5964	0.5380	0.4034	0.3300	0.1905	0.1595	0.4962	0.4897	0.4170	0.3231	0.2363	0.1757	0.1442	0.1161	0.3548	0.3434	0.2619	0.2350	0.1771	0.1330	0.1160	0.0980	0.2002	0.1722	0.1504	0.1436	0.1255	0.1079	0.0982	0.0950	0.1454	0.1387	0.1217	0.1221	0.1028	0.0988	0.0944	0.0918	0.1088	0.1102	0.1017	0.0998	0.0924	0.0929	0.0895	0.0888	0.0992	0.0997	0.0944	0.0946	0.0926	0.0929	0.0902	0.0916	0.0988	0.0976	0.0933	0.0953	0.0914	0.0913	0.0908	0.0917	
0.6208	0.6498	0.6192	0.5645	0.4309	0.3532	0.1997	0.1651	0.5244	0.5170	0.4404	0.3434	0.2524	0.1929	0.1494	0.1172	0.3823	0.3726	0.2825	0.2503	0.1888	0.1360	0.1178	0.0976	0.2185	0.1871	0.1612	0.1507	0.1324	0.1079	0.0999	0.0932	0.1538	0.1481	0.1267	0.1257	0.1054	0.0984	0.0950	0.0916	0.1119	0.1106	0.1033	0.0982	0.0924	0.0906	0.0901	0.0896	0.1012	0.0983	0.0944	0.0926	0.0918	0.0898	0.0904	0.0907	0.0995	0.0964	0.0921	0.0926	0.0902	0.0907	0.0905	0.0891	
0.6283	0.6577	0.6368	0.5798	0.4339	0.3543	0.1994	0.1597	0.5361	0.5356	0.4614	0.3581	0.2509	0.1964	0.1462	0.1117	0.3928	0.3876	0.2948	0.2577	0.1877	0.1313	0.1139	0.0928	0.2248	0.1889	0.1636	0.1509	0.1287	0.1040	0.0947	0.0884	0.1550	0.1462	0.1266	0.1251	0.1021	0.0948	0.0906	0.0868	0.1096	0.1083	0.1003	0.0939	0.0878	0.0864	0.0844	0.0829	0.0986	0.0951	0.0904	0.0890	0.0867	0.0850	0.0846	0.0852	0.0974	0.0937	0.0896	0.0900	0.0858	0.0856	0.0849	0.0858	
0.6491	0.6790	0.6566	0.6194	0.4645	0.3844	0.2116	0.1697	0.5677	0.5660	0.4925	0.3890	0.2735	0.1954	0.1557	0.1182	0.4293	0.4217	0.3229	0.2805	0.2059	0.1410	0.1208	0.0966	0.2499	0.2089	0.1812	0.1655	0.1394	0.1115	0.0999	0.0917	0.1716	0.1620	0.1387	0.1346	0.1083	0.0988	0.0941	0.0902	0.1184	0.1162	0.1068	0.1005	0.0913	0.0888	0.0882	0.0864	0.1032	0.1006	0.0953	0.0908	0.0903	0.0880	0.0887	0.0873	0.0998	0.0960	0.0929	0.0908	0.0893	0.0888	0.0891	0.0869	
0.6581	0.6965	0.6690	0.6414	0.4977	0.4141	0.2261	0.1803	0.5904	0.5938	0.5242	0.4149	0.2940	0.2056	0.1641	0.1232	0.4553	0.4526	0.3496	0.3009	0.2203	0.1491	0.1265	0.1005	0.2729	0.2287	0.1937	0.1780	0.1492	0.1168	0.1042	0.0957	0.1861	0.1760	0.1461	0.1444	0.1138	0.1031	0.0970	0.0935	0.1246	0.1232	0.1114	0.1045	0.0935	0.0926	0.0902	0.0893	0.1067	0.1048	0.0978	0.0953	0.0926	0.0898	0.0901	0.0906	0.1029	0.0996	0.0944	0.0948	0.0910	0.0907	0.0906	0.0897	
0.6596	0.6902	0.6675	0.6605	0.5227	0.4296	0.2292	0.1805	0.6045	0.6053	0.5414	0.4319	0.3076	0.2083	0.1649	0.1227	0.4749	0.4680	0.3658	0.3126	0.2279	0.1510	0.1261	0.1003	0.2883	0.2374	0.2027	0.1840	0.1534	0.1189	0.1040	0.0965	0.1946	0.1830	0.1517	0.1492	0.1153	0.1061	0.0986	0.0938	0.1280	0.1273	0.1143	0.1068	0.0950	0.0941	0.0902	0.0899	0.1088	0.1069	0.1004	0.0978	0.0923	0.0903	0.0904	0.0918	0.1047	0.1025	0.0949	0.0952	0.0921	0.0921	0.0903	0.0919	
0.6695	0.7058	0.6798	0.6805	0.5563	0.4644	0.2425	0.1866	0.6280	0.6399	0.5727	0.4648	0.3282	0.2331	0.1708	0.1235	0.5047	0.5066	0.3974	0.3407	0.2466	0.1558	0.1287	0.0979	0.3158	0.2619	0.2222	0.1998	0.1628	0.1210	0.1049	0.0932	0.2120	0.1995	0.1632	0.1577	0.1188	0.1063	0.0975	0.0904	0.1345	0.1307	0.1170	0.1068	0.0955	0.0908	0.0894	0.0860	0.1113	0.1067	0.0988	0.0930	0.0919	0.0877	0.0877	0.0870	0.1053	0.0991	0.0939	0.0910	0.0905	0.0871	0.0883	0.0860	
0.6707	0.7072	0.6780	0.6908	0.5732	0.4842	0.2569	0.1956	0.6387	0.6546	0.5881	0.4932	0.3470	0.2347	0.1819	0.1288	0.5255	0.5331	0.4202	0.3664	0.2611	0.1656	0.1344	0.1015	0.3399	0.2856	0.2375	0.2145	0.1718	0.1273	0.1090	0.0976	0.2267	0.2159	0.1736	0.1696	0.1241	0.1107	0.1011	0.0938	0.1407	0.1415	0.1221	0.1126	0.0969	0.0955	0.0909	0.0900	0.1153	0.1131	0.1020	0.0970	0.0926	0.0906	0.0903	0.0895	0.1086	0.1034	0.0974	0.0948	0.0913	0.0906	0.0905	0.0897	
0.6597	0.6992	0.6732	0.6822	0.5936	0.5047	0.2576	0.1960	0.6324	0.6598	0.6035	0.5040	0.3613	0.2366	0.1814	0.1283	0.5385	0.5475	0.4397	0.3769	0.2682	0.1626	0.1332	0.1009	0.3554	0.2963	0.2484	0.2180	0.1739	0.1277	0.1081	0.0973	0.2381	0.2243	0.1782	0.1725	0.1243	0.1107	0.1002	0.0930	0.1455	0.1425	0.1247	0.1132	0.0972	0.0934	0.0909	0.0882	0.1173	0.1131	0.1020	0.0991	0.0924	0.0893	0.0884	0.0902	0.1090	0.1049	0.0963	0.0954	0.0905	0.0900	0.0896	0.0912	
0.6723	0.7096	0.6813	0.6887	0.6122	0.5259	0.2730	0.2057	0.6505	0.6739	0.6289	0.5340	0.3841	0.2478	0.1891	0.1287	0.5706	0.5792	0.4659	0.4054	0.2885	0.1709	0.1365	0.0993	0.3888	0.3204	0.2671	0.2377	0.1876	0.1302	0.1105	0.0962	0.2608	0.2445	0.1933	0.1837	0.1306	0.1129	0.1017	0.0914	0.1548	0.1514	0.1310	0.1150	0.0978	0.0911	0.0893	0.0864	0.1235	0.1167	0.1036	0.0972	0.0923	0.0863	0.0888	0.0866	0.1114	0.1037	0.0963	0.0914	0.0909	0.0862	0.0879	0.0861	
0.6824	0.7119	0.6845	0.6950	0.6212	0.5528	0.2850	0.2138	0.6581	0.6822	0.6358	0.5588	0.4010	0.2631	0.1961	0.1339	0.5953	0.5992	0.4950	0.4314	0.3032	0.1784	0.1410	0.1009	0.4166	0.3472	0.2880	0.2527	0.1975	0.1370	0.1143	0.0980	0.2834	0.2633	0.2033	0.1976	0.1351	0.1181	0.1035	0.0935	0.1659	0.1628	0.1372	0.1210	0.0995	0.0953	0.0907	0.0880	0.1286	0.1219	0.1082	0.1000	0.0931	0.0886	0.0890	0.0883	0.1139	0.1065	0.0980	0.0932	0.0908	0.0889	0.0880	0.0884	
0.6821	0.7123	0.6907	0.6977	0.6379	0.5763	0.2994	0.2222	0.6602	0.6875	0.6523	0.5815	0.4148	0.2734	0.2051	0.1369	0.6132	0.6241	0.5263	0.4574	0.3209	0.1871	0.1456	0.1028	0.4467	0.3735	0.3132	0.2738	0.2082	0.1433	0.1174	0.1017	0.3080	0.2851	0.2224	0.2119	0.1416	0.1225	0.1057	0.0953	0.1770	0.1737	0.1468	0.1263	0.1028	0.0966	0.0915	0.0893	0.1356	0.1300	0.1122	0.1041	0.0953	0.0909	0.0902	0.0897	0.1200	0.1111	0.1005	0.0966	0.0927	0.0904	0.0896	0.0898	
0.6874	0.7195	0.6929	0.7040	0.6591	0.6048	0.3106	0.2270	0.6635	0.6913	0.6568	0.6070	0.4450	0.2892	0.2134	0.1411	0.6257	0.6451	0.5488	0.4858	0.3429	0.1958	0.1508	0.1042	0.4747	0.4035	0.3319	0.2908	0.2208	0.1489	0.1203	0.1023	0.3304	0.3080	0.2356	0.2241	0.1480	0.1271	0.1074	0.0951	0.1883	0.1821	0.1524	0.1324	0.1049	0.0978	0.0944	0.0892	0.1425	0.1347	0.1148	0.1056	0.0962	0.0913	0.0923	0.0890	0.1231	0.1138	0.1022	0.0963	0.0934	0.0904	0.0904	0.0896	
0.6777	0.7136	0.6867	0.6951	0.6583	0.6281	0.3228	0.2262	0.6561	0.6810	0.6509	0.6211	0.4605	0.2939	0.2171	0.1338	0.6256	0.6495	0.5646	0.4996	0.3545	0.1954	0.1487	0.0973	0.4902	0.4162	0.3493	0.3022	0.2258	0.1467	0.1173	0.0951	0.3446	0.3186	0.2443	0.2273	0.1463	0.1246	0.1040	0.0895	0.1936	0.1851	0.1529	0.1284	0.1003	0.0919	0.0875	0.0837	0.1408	0.1328	0.1115	0.1011	0.0906	0.0841	0.0848	0.0840	0.1204	0.1108	0.0985	0.0913	0.0886	0.0862	0.0843	0.0845	
0.6873	0.7226	0.6988	0.7128	0.6793	0.6602	0.3467	0.2458	0.6625	0.6938	0.6649	0.6535	0.4990	0.3215	0.2329	0.1431	0.6415	0.6713	0.5998	0.5380	0.3843	0.2106	0.1582	0.1029	0.5211	0.4549	0.3850	0.3304	0.2503	0.1579	0.1249	0.1018	0.3765	0.3542	0.2716	0.2539	0.1604	0.1311	0.1102	0.0951	0.2132	0.2047	0.1683	0.1399	0.1080	0.0979	0.0916	0.0888	0.1532	0.1458	0.1197	0.1076	0.0957	0.0891	0.0888	0.0875	0.1294	0.1170	0.1036	0.0937	0.0920	0.0875	0.0891	0.0871	
0.6875	0.7230	0.6955	0.7094	0.6787	0.6645	0.3616	0.2519	0.6626	0.6952	0.6634	0.6629	0.5234	0.3325	0.2437	0.1471	0.6417	0.6744	0.6154	0.5628	0.4094	0.2187	0.1621	0.1045	0.5422	0.4773	0.4061	0.3532	0.2639	0.1653	0.1282	0.1040	0.3990	0.3768	0.2882	0.2702	0.1689	0.1392	0.1125	0.0965	0.2255	0.2169	0.1779	0.1491	0.1108	0.1031	0.0931	0.0891	0.1621	0.1539	0.1264	0.1141	0.0974	0.0927	0.0908	0.0898	0.1351	0.1224	0.1070	0.0980	0.0948	0.0905	0.0892	0.0888	
0.6918	0.7244	0.6990	0.7152	0.6781	0.6803	0.3691	0.2582	0.6629	0.6963	0.6656	0.6710	0.5472	0.3484	0.2462	0.1455	0.6482	0.6775	0.6306	0.5878	0.4290	0.2245	0.1637	0.1010	0.5627	0.5024	0.4297	0.3758	0.2751	0.1675	0.1285	0.1004	0.4234	0.3995	0.3073	0.2830	0.1732	0.1381	0.1110	0.0933	0.2388	0.2284	0.1855	0.1498	0.1097	0.0967	0.0908	0.0843	0.1674	0.1555	0.1244	0.1114	0.0953	0.0866	0.0886	0.0841	0.1372	0.1218	0.1058	0.0937	0.0932	0.0852	0.0867	0.0848	
0.6953	0.7262	0.7050	0.7166	0.6827	0.6769	0.3909	0.2725	0.6715	0.6967	0.6713	0.6740	0.5679	0.3660	0.2598	0.1543	0.6523	0.6820	0.6423	0.6138	0.4539	0.2379	0.1718	0.1075	0.5891	0.5319	0.4619	0.4010	0.2983	0.1774	0.1348	0.1061	0.4510	0.4313	0.3321	0.3071	0.1869	0.1474	0.1170	0.0987	0.2606	0.2482	0.2008	0.1626	0.1176	0.1053	0.0943	0.0899	0.1817	0.1685	0.1360	0.1183	0.1007	0.0924	0.0916	0.0900	0.1470	0.1306	0.1114	0.0981	0.0969	0.0903	0.0906	0.0893	
0.6975	0.7301	0.7042	0.7151	0.6753	0.6788	0.4047	0.2808	0.6701	0.6996	0.6710	0.6768	0.5838	0.3818	0.2727	0.1573	0.6506	0.6839	0.6427	0.6304	0.4725	0.2464	0.1766	0.1087	0.6003	0.5558	0.4857	0.4246	0.3100	0.1847	0.1389	0.1102	0.4728	0.4572	0.3521	0.3246	0.1913	0.1527	0.1198	0.1029	0.2719	0.2659	0.2108	0.1714	0.1196	0.1091	0.0965	0.0929	0.1893	0.1776	0.1394	0.1239	0.1029	0.0963	0.0929	0.0928	0.1518	0.1359	0.1143	0.1023	0.0988	0.0945	0.0922	0.0934	
0.7001	0.7350	0.7126	0.7163	0.6757	0.6797	0.4245	0.2905	0.6754	0.7033	0.6773	0.6777	0.5939	0.4016	0.2834	0.1555	0.6581	0.6870	0.6495	0.6428	0.4872	0.2563	0.1800	0.1041	0.6241	0.5809	0.5143	0.4490	0.3248	0.1888	0.1399	0.1055	0.5020	0.4841	0.3766	0.3465	0.1989	0.1542	0.1183	0.0960	0.2966	0.2809	0.2241	0.1759	0.1197	0.1052	0.0924	0.0862	0.2009	0.1848	0.1457	0.1236	0.1004	0.0889	0.0890	0.0855	0.1587	0.1363	0.1146	0.0964	0.0955	0.0868	0.0879	0.0855	
0.7079	0.7399	0.7147	0.7221	0.6882	0.6935	0.4451	0.3078	0.6833	0.7083	0.6767	0.6885	0.6211	0.4289	0.3001	0.1668	0.6661	0.6943	0.6534	0.6611	0.5274	0.2724	0.1889	0.1078	0.6383	0.6055	0.5429	0.4845	0.3506	0.2013	0.1479	0.1095	0.5305	0.5180	0.4054	0.3743	0.2149	0.1645	0.1243	0.1015	0.3210	0.3060	0.2393	0.1884	0.1273	0.1117	0.0964	0.0909	0.2166	0.2023	0.1530	0.1305	0.1049	0.0933	0.0923	0.0894	0.1700	0.1471	0.1193	0.1008	0.0992	0.0909	0.0909	0.0888	
0.7075	0.7387	0.7161	0.7181	0.6842	0.6863	0.4752	0.3140	0.6804	0.7084	0.6808	0.6821	0.6247	0.4454	0.3160	0.1692	0.6637	0.6919	0.6556	0.6586	0.5412	0.2830	0.1966	0.1090	0.6404	0.6234	0.5626	0.5029	0.3734	0.2096	0.1525	0.1124	0.5478	0.5413	0.4295	0.3913	0.2231	0.1716	0.1282	0.1029	0.3410	0.3248	0.2543	0.1994	0.1306	0.1138	0.0974	0.0909	0.2290	0.2125	0.1602	0.1351	0.1074	0.0968	0.0930	0.0904	0.1759	0.1535	0.1234	0.1032	0.1011	0.0926	0.0908	0.0900	
0.7142	0.7437	0.7193	0.7324	0.7000	0.6949	0.4962	0.3312	0.6880	0.7114	0.6830	0.6916	0.6452	0.4746	0.3289	0.1713	0.6700	0.6974	0.6607	0.6686	0.5776	0.2974	0.2018	0.1083	0.6473	0.6426	0.5896	0.5376	0.4002	0.2182	0.1565	0.1100	0.5705	0.5666	0.4573	0.4221	0.2412	0.1761	0.1306	0.1012	0.3630	0.3450	0.2728	0.2073	0.1348	0.1126	0.0976	0.0888	0.2456	0.2222	0.1668	0.1369	0.1084	0.0920	0.0923	0.0870	0.1843	0.1558	0.1249	0.1009	0.1007	0.0897	0.0899	0.0865	
0.7089	0.7482	0.7215	0.7319	0.6997	0.6904	0.5227	0.3468	0.6831	0.7160	0.6871	0.6938	0.6418	0.4949	0.3492	0.1802	0.6653	0.7012	0.6627	0.6717	0.5909	0.3094	0.2128	0.1136	0.6445	0.6566	0.6103	0.5622	0.4221	0.2295	0.1625	0.1166	0.5848	0.5909	0.4818	0.4500	0.2552	0.1873	0.1355	0.1066	0.3832	0.3691	0.2937	0.2246	0.1423	0.1191	0.0998	0.0930	0.2588	0.2372	0.1770	0.1479	0.1111	0.0972	0.0947	0.0913	0.1943	0.1670	0.1311	0.1063	0.1040	0.0941	0.0924	0.0901	
0.7058	0.7389	0.7196	0.7265	0.6929	0.6879	0.5364	0.3535	0.6746	0.7057	0.6820	0.6835	0.6379	0.5080	0.3575	0.1754	0.6564	0.6913	0.6596	0.6634	0.6062	0.3152	0.2097	0.1058	0.6358	0.6511	0.6177	0.5772	0.4354	0.2290	0.1604	0.1101	0.5958	0.5973	0.5005	0.4625	0.2586	0.1849	0.1323	0.1008	0.3990	0.3808	0.3041	0.2252	0.1386	0.1144	0.0950	0.0869	0.2682	0.2437	0.1791	0.1448	0.1079	0.0918	0.0897	0.0862	0.1973	0.1664	0.1275	0.1029	0.0997	0.0909	0.0873	0.0873	
0.7188	0.7514	0.7304	0.7344	0.6993	0.6923	0.5526	0.3764	0.6924	0.7186	0.6905	0.6946	0.6451	0.5296	0.3774	0.1873	0.6729	0.7035	0.6676	0.6769	0.6177	0.3333	0.2242	0.1133	0.6526	0.6648	0.6348	0.6112	0.4649	0.2476	0.1722	0.1175	0.6194	0.6285	0.5322	0.4977	0.2793	0.2011	0.1392	0.1073	0.4334	0.4126	0.3306	0.2491	0.1504	0.1237	0.1008	0.0917	0.2940	0.2690	0.1951	0.1571	0.1151	0.0974	0.0953	0.0904	0.2168	0.1819	0.1383	0.1078	0.1049	0.0941	0.0918	0.0887	
0.7186	0.7521	0.7284	0.7335	0.6945	0.6937	0.5782	0.3892	0.6916	0.7187	0.6896	0.6914	0.6405	0.5545	0.3943	0.1932	0.6733	0.7038	0.6637	0.6712	0.6242	0.3511	0.2321	0.1135	0.6530	0.6671	0.6364	0.6237	0.4832	0.2575	0.1767	0.1185	0.6201	0.6411	0.5509	0.5220	0.2929	0.2088	0.1437	0.1081	0.4526	0.4353	0.3474	0.2601	0.1563	0.1276	0.1031	0.0923	0.3100	0.2843	0.2034	0.1634	0.1182	0.1000	0.0964	0.0913	0.2277	0.1906	0.1414	0.1096	0.1076	0.0952	0.0919	0.0900	
