0.0918	0.0919	0.0915	0.0988	0.0914	0.1016	0.0953	0.1093	0.0933	0.1039	0.0942	0.1109	0.0933	0.1050	0.1010	0.1046	0.0940	0.0977	0.0986	0.0945	0.0933	0.0999	0.0998	0.1067	0.0942	0.0983	0.0944	0.0959	0.0941	0.1002	0.1049	0.1108	0.0982	0.1195	0.0963	0.0994	0.0973	0.1015	0.1033	0.1118	0.0987	0.1143	0.0975	0.1004	0.0962	0.1019	0.1041	0.1205	0.1011	0.1145	0.0993	0.1030	0.0993	0.1038	0.1093	0.1240	0.1060	0.0990	0.1018	0.1011	0.1027	0.1032	0.1070	0.1135	
0.0932	0.0916	0.0917	0.0911	0.0921	0.0926	0.0969	0.1124	0.0916	0.0925	0.0930	0.0922	0.0928	0.1016	0.1005	0.1088	0.0921	0.0936	0.0985	0.0935	0.0923	0.0996	0.1019	0.1104	0.0929	0.0945	0.0943	0.0942	0.0934	0.1024	0.1066	0.1124	0.0959	0.0976	0.0961	0.0957	0.0971	0.1007	0.1033	0.1164	0.0973	0.0989	0.0985	0.0997	0.0994	0.1045	0.1050	0.1171	0.0990	0.0999	0.0998	0.1009	0.1004	0.1122	0.1096	0.1248	0.1020	0.1005	0.1020	0.1012	0.1020	0.1028	0.1076	0.1170	
0.0918	0.0893	0.0901	0.0891	0.0900	0.0909	0.0955	0.1119	0.0901	0.0893	0.0903	0.0901	0.0907	0.0985	0.1002	0.1070	0.0914	0.0919	0.0958	0.0926	0.0911	0.0992	0.1005	0.1070	0.0917	0.0913	0.0925	0.0927	0.0905	0.1002	0.1070	0.1175	0.0944	0.0950	0.0933	0.0948	0.0948	0.0994	0.1020	0.1146	0.0961	0.0973	0.0950	0.0963	0.0963	0.1009	0.1031	0.1156	0.0962	0.0964	0.0970	0.0975	0.0982	0.1022	0.1076	0.1232	0.0991	0.0983	0.1000	0.0996	0.1004	0.1020	0.1062	0.1167	
0.0912	0.0899	0.0915	0.0901	0.0901	0.0927	0.0975	0.1138	0.0902	0.0906	0.0918	0.0910	0.0910	0.1013	0.1080	0.1116	0.0909	0.0913	0.0960	0.0912	0.0915	0.0994	0.1013	0.1088	0.0909	0.0930	0.0926	0.0930	0.0913	0.1016	0.1065	0.1156	0.0941	0.0961	0.0934	0.0949	0.0954	0.0994	0.1015	0.1184	0.0953	0.0969	0.0960	0.0981	0.0964	0.1061	0.1036	0.1183	0.0968	0.0969	0.0974	0.0993	0.0991	0.1073	0.1088	0.1221	0.0996	0.0986	0.1002	0.1001	0.1016	0.1022	0.1086	0.1141	
0.0911	0.0906	0.0902	0.0900	0.0907	0.0930	0.0964	0.1177	0.0907	0.0902	0.0929	0.0904	0.0910	0.1010	0.1026	0.1061	0.0912	0.0927	0.0965	0.0914	0.0917	0.0978	0.1009	0.1057	0.0919	0.0915	0.0931	0.0925	0.0917	0.1003	0.1065	0.1158	0.0952	0.0945	0.0944	0.0953	0.0955	0.0981	0.1023	0.1144	0.0967	0.0970	0.0957	0.0963	0.0966	0.0995	0.1040	0.1159	0.0975	0.0974	0.0977	0.0983	0.0992	0.1033	0.1085	0.1222	0.0988	0.0991	0.1012	0.0999	0.1003	0.1013	0.1055	0.1140	
0.0919	0.0909	0.0918	0.0908	0.0906	0.0915	0.0980	0.1108	0.0912	0.0911	0.0923	0.0909	0.0909	0.1015	0.1004	0.1071	0.0929	0.0926	0.0996	0.0932	0.0908	0.0980	0.1028	0.1052	0.0929	0.0927	0.0940	0.0929	0.0921	0.1017	0.1077	0.1110	0.0954	0.0950	0.0942	0.0965	0.0948	0.1006	0.1021	0.1171	0.0955	0.0971	0.0960	0.0979	0.0979	0.1001	0.1058	0.1156	0.0973	0.0974	0.0983	0.0986	0.0986	0.1047	0.1086	0.1268	0.0993	0.0986	0.1017	0.1010	0.1020	0.1020	0.1088	0.1154	
0.0929	0.0903	0.0909	0.0906	0.0899	0.0911	0.0969	0.1117	0.0905	0.0903	0.0917	0.0912	0.0909	0.0994	0.1014	0.1102	0.0915	0.0931	0.0954	0.0920	0.0913	0.0985	0.1011	0.1078	0.0921	0.0921	0.0932	0.0926	0.0926	0.1009	0.1063	0.1104	0.0943	0.0944	0.0944	0.0955	0.0977	0.0993	0.1016	0.1127	0.0956	0.0963	0.0956	0.0975	0.0972	0.1003	0.1041	0.1169	0.0964	0.0965	0.0978	0.0992	0.0988	0.1020	0.1084	0.1194	0.0991	0.0978	0.0996	0.1003	0.1001	0.1023	0.1066	0.1141	
0.0914	0.0904	0.0919	0.0907	0.0907	0.0922	0.0969	0.1151	0.0907	0.0910	0.0913	0.0906	0.0917	0.0993	0.1001	0.1156	0.0915	0.0920	0.0962	0.0933	0.0924	0.0977	0.0998	0.1041	0.0922	0.0920	0.0929	0.0930	0.0915	0.1011	0.1043	0.1145	0.0938	0.0942	0.0951	0.0951	0.0947	0.0996	0.1016	0.1185	0.0962	0.0960	0.0963	0.0966	0.0952	0.1007	0.1017	0.1161	0.0964	0.0967	0.0982	0.0983	0.0991	0.1027	0.1090	0.1208	0.0994	0.0976	0.0998	0.0994	0.1003	0.1027	0.1055	0.1150	
0.0903	0.0904	0.0908	0.0890	0.0893	0.0899	0.0953	0.1139	0.0893	0.0893	0.0909	0.0891	0.0896	0.0986	0.1008	0.1406	0.0912	0.0914	0.0951	0.0908	0.0905	0.0967	0.0998	0.1040	0.0905	0.0909	0.0918	0.0922	0.0911	0.0996	0.1031	0.1089	0.0929	0.0927	0.0934	0.0941	0.0937	0.0975	0.1005	0.1169	0.0945	0.0956	0.0943	0.0964	0.0951	0.1001	0.1009	0.1123	0.0956	0.0956	0.0961	0.0970	0.0968	0.1008	0.1128	0.1237	0.0992	0.0969	0.0987	0.0988	0.0999	0.1004	0.1033	0.1123	
0.0914	0.0902	0.0898	0.0908	0.0904	0.0915	0.0960	0.1111	0.0904	0.0899	0.0910	0.0908	0.0895	0.0990	0.0998	0.1319	0.0910	0.0927	0.0957	0.0919	0.0914	0.0999	0.0993	0.1045	0.0906	0.0911	0.0924	0.0921	0.0919	0.0969	0.1033	0.1083	0.0931	0.0936	0.0941	0.0951	0.0932	0.0977	0.0994	0.1125	0.0947	0.0954	0.0953	0.0961	0.0950	0.0992	0.1016	0.1145	0.0961	0.0961	0.0968	0.0976	0.0982	0.0980	0.1062	0.1192	0.0986	0.0976	0.1000	0.0989	0.1000	0.1004	0.1046	0.1201	
0.0924	0.0898	0.0923	0.0907	0.0904	0.0928	0.1009	0.1111	0.0912	0.0905	0.0921	0.0907	0.0899	0.1007	0.1002	0.1042	0.0912	0.0913	0.0968	0.0919	0.0923	0.1040	0.1013	0.1042	0.0922	0.0916	0.0938	0.0932	0.0919	0.0995	0.1044	0.1092	0.0932	0.0944	0.0950	0.0945	0.0951	0.0982	0.1006	0.1132	0.0954	0.0955	0.0956	0.0977	0.0951	0.1014	0.1015	0.1126	0.0967	0.0959	0.0970	0.0977	0.0983	0.1031	0.1076	0.1181	0.0997	0.0990	0.1004	0.0997	0.1006	0.1004	0.1038	0.1102	
0.0904	0.0905	0.0908	0.0894	0.0902	0.0913	0.0966	0.1112	0.0904	0.0900	0.0917	0.0896	0.0894	0.0989	0.1008	0.1147	0.0902	0.0917	0.0960	0.0922	0.0914	0.0978	0.0993	0.1110	0.0911	0.0912	0.0918	0.0915	0.0895	0.0987	0.1027	0.1111	0.0925	0.0936	0.0945	0.0936	0.0932	0.0996	0.0997	0.1108	0.0946	0.0964	0.0939	0.0959	0.0959	0.0982	0.1006	0.1120	0.0952	0.0955	0.0967	0.0974	0.0966	0.0999	0.1047	0.1221	0.0985	0.0975	0.0996	0.0989	0.1003	0.1007	0.1030	0.1118	
0.0926	0.0906	0.0919	0.0918	0.0913	0.0933	0.0974	0.1136	0.0918	0.0915	0.0926	0.0908	0.0910	0.1001	0.1004	0.1124	0.0911	0.0921	0.0980	0.0932	0.0916	0.0971	0.1003	0.1082	0.0926	0.0918	0.0931	0.0933	0.0911	0.0996	0.1048	0.1114	0.0943	0.0954	0.0952	0.0950	0.0943	0.0982	0.1016	0.1167	0.0959	0.0973	0.0960	0.0971	0.0956	0.1016	0.1014	0.1129	0.0964	0.0967	0.0974	0.0973	0.0977	0.1073	0.1064	0.1206	0.0996	0.0990	0.1003	0.0997	0.1019	0.1012	0.1046	0.1116	
0.0933	0.0911	0.0922	0.0913	0.0907	0.0933	0.0970	0.1125	0.0909	0.0911	0.0921	0.0912	0.0912	0.1023	0.1007	0.1457	0.0920	0.0916	0.0966	0.0922	0.0917	0.0990	0.1052	0.1096	0.0924	0.0919	0.0930	0.0924	0.0913	0.1009	0.1030	0.1136	0.0931	0.0968	0.0945	0.0956	0.0946	0.1009	0.1006	0.1193	0.0964	0.0969	0.0960	0.0972	0.0959	0.0993	0.1003	0.1120	0.0957	0.0973	0.0965	0.0980	0.0973	0.1015	0.1051	0.1216	0.1002	0.0981	0.1008	0.1004	0.1009	0.1014	0.1035	0.1109	
0.0924	0.0913	0.0916	0.0905	0.0902	0.0918	0.1000	0.1116	0.0902	0.0909	0.0920	0.0911	0.0913	0.1001	0.0993	0.1522	0.0915	0.0912	0.0974	0.0920	0.0909	0.0959	0.0987	0.1055	0.0909	0.0914	0.0941	0.0915	0.0918	0.0977	0.1058	0.1080	0.0936	0.0947	0.0938	0.0943	0.0947	0.0954	0.0993	0.1107	0.0958	0.0952	0.0984	0.0973	0.0958	0.0982	0.1008	0.1113	0.0957	0.0962	0.0966	0.0976	0.0966	0.0991	0.1056	0.1148	0.0988	0.0980	0.0997	0.0985	0.1000	0.1001	0.1031	0.1136	
0.0924	0.0908	0.0917	0.0917	0.0917	0.0914	0.0971	0.1262	0.0903	0.0910	0.0920	0.0898	0.0904	0.1002	0.1010	0.1058	0.0913	0.0917	0.0976	0.0908	0.0904	0.0960	0.0991	0.1039	0.0911	0.0911	0.0952	0.0924	0.0913	0.0985	0.1053	0.1094	0.0927	0.0942	0.0935	0.0944	0.0945	0.0975	0.0982	0.1145	0.0956	0.0961	0.0948	0.0968	0.0956	0.0982	0.0999	0.1142	0.0956	0.0966	0.0969	0.0960	0.0984	0.1001	0.1054	0.1174	0.0988	0.0980	0.0994	0.0991	0.0997	0.1002	0.1035	0.1186	
0.0929	0.0915	0.0916	0.0905	0.0911	0.0915	0.0976	0.1111	0.0916	0.0907	0.0917	0.0908	0.0905	0.0985	0.1032	0.1045	0.0915	0.0917	0.0967	0.0907	0.0914	0.0962	0.0994	0.1035	0.0913	0.0909	0.0919	0.0927	0.0913	0.0966	0.1022	0.1081	0.0939	0.0938	0.0948	0.0935	0.0937	0.0972	0.0993	0.1094	0.0951	0.0948	0.0949	0.0958	0.0953	0.0997	0.1006	0.1141	0.0956	0.0961	0.0958	0.0980	0.0967	0.0992	0.1049	0.1180	0.0983	0.0982	0.0993	0.0984	0.0995	0.0992	0.1024	0.1113	
0.0930	0.0906	0.0925	0.0901	0.0906	0.0923	0.0988	0.1088	0.0916	0.0930	0.0914	0.0911	0.0912	0.0994	0.0988	0.1075	0.0917	0.0915	0.0955	0.0910	0.0926	0.0955	0.0987	0.1040	0.0918	0.0911	0.0919	0.0931	0.0911	0.0971	0.1030	0.1071	0.0932	0.0936	0.0931	0.0940	0.0931	0.0980	0.0984	0.1076	0.0944	0.0963	0.0944	0.0961	0.0951	0.0989	0.0998	0.1098	0.0959	0.0963	0.0962	0.0973	0.0964	0.0992	0.1035	0.1140	0.0991	0.0987	0.0984	0.0982	0.0993	0.0989	0.1037	0.1091	
0.0923	0.0907	0.0919	0.0911	0.0909	0.0922	0.0956	0.1102	0.0902	0.0904	0.0919	0.0914	0.0910	0.1000	0.0994	0.1135	0.0917	0.0924	0.0955	0.0905	0.0909	0.0969	0.0978	0.1087	0.0917	0.0910	0.0917	0.0925	0.0916	0.0987	0.1028	0.1082	0.0929	0.0952	0.0940	0.0944	0.0941	0.0987	0.0980	0.1166	0.0948	0.0952	0.0949	0.0958	0.0948	0.1010	0.0999	0.1102	0.0955	0.0957	0.0961	0.0964	0.0959	0.0996	0.1024	0.1146	0.0985	0.0970	0.0990	0.0987	0.1018	0.0998	0.1010	0.1086	
0.0934	0.0917	0.0920	0.0921	0.0908	0.0927	0.0972	0.1101	0.0911	0.0911	0.0914	0.0916	0.0919	0.0981	0.0992	0.1448	0.0915	0.0925	0.0959	0.0915	0.0905	0.0961	0.0982	0.1041	0.0910	0.0920	0.0923	0.0921	0.0917	0.0968	0.1030	0.1058	0.0945	0.0943	0.0935	0.0949	0.0941	0.0967	0.0996	0.1117	0.0976	0.0963	0.0945	0.0964	0.0953	0.0985	0.0997	0.1097	0.0955	0.0961	0.0959	0.0974	0.0975	0.0987	0.1031	0.1179	0.0981	0.0981	0.0988	0.0983	0.0986	0.1007	0.1016	0.1084	
0.0933	0.0926	0.0925	0.0920	0.0917	0.0926	0.0966	0.1177	0.0920	0.0917	0.0931	0.0920	0.0916	0.1000	0.0989	0.1051	0.0915	0.0915	0.0961	0.0917	0.0913	0.0976	0.0983	0.1045	0.0919	0.0915	0.0926	0.0932	0.0908	0.1053	0.1024	0.1120	0.0928	0.0935	0.0933	0.0944	0.0935	0.0969	0.0983	0.1184	0.0946	0.0958	0.0955	0.0956	0.0951	0.1006	0.1001	0.1110	0.0949	0.0951	0.0963	0.0972	0.0967	0.1032	0.1022	0.1164	0.0986	0.0983	0.0991	0.0984	0.0991	0.0994	0.1010	0.1086	
0.0934	0.0921	0.0935	0.0926	0.0914	0.0924	0.0977	0.1101	0.0916	0.0914	0.0921	0.0913	0.0909	0.0999	0.0998	0.1154	0.0920	0.0914	0.0966	0.0914	0.0911	0.0973	0.0990	0.1045	0.0916	0.0911	0.0929	0.0927	0.0904	0.1039	0.1022	0.1080	0.0923	0.0941	0.0943	0.0940	0.0941	0.0989	0.0978	0.1090	0.0933	0.0960	0.0945	0.0967	0.0944	0.0993	0.0987	0.1096	0.0956	0.0967	0.0967	0.0968	0.0966	0.1026	0.1023	0.1282	0.0986	0.0979	0.0982	0.0981	0.0984	0.0989	0.1012	0.1089	
0.0929	0.0920	0.0922	0.0917	0.0902	0.0914	0.0959	0.1137	0.0903	0.0903	0.0905	0.0907	0.0901	0.0974	0.0987	0.1027	0.0905	0.0901	0.0951	0.0906	0.0904	0.0955	0.0967	0.1020	0.0912	0.0902	0.0914	0.0918	0.0899	0.0956	0.1001	0.1365	0.0916	0.0920	0.0920	0.0943	0.0928	0.0951	0.0967	0.1148	0.0934	0.0947	0.0935	0.0949	0.0934	0.0970	0.1006	0.1077	0.0941	0.0943	0.0946	0.0955	0.0953	0.1026	0.1034	0.1135	0.0972	0.0966	0.0976	0.0965	0.0992	0.0975	0.0994	0.1054	
0.0942	0.0928	0.0931	0.0926	0.0919	0.0928	0.0968	0.1114	0.0917	0.0913	0.0923	0.0921	0.0916	0.0984	0.0993	0.1557	0.0912	0.0915	0.0983	0.0918	0.0919	0.0958	0.0983	0.1040	0.0913	0.0912	0.0929	0.0931	0.0916	0.0975	0.1006	0.1076	0.0926	0.0935	0.0940	0.0946	0.0940	0.0958	0.0979	0.1085	0.0942	0.0954	0.0953	0.0970	0.0938	0.0984	0.0992	0.1081	0.0957	0.0955	0.0967	0.1014	0.0956	0.1017	0.1022	0.1121	0.0981	0.0979	0.0985	0.0987	0.0992	0.0991	0.1009	0.1097	
0.0946	0.0929	0.0942	0.0931	0.0923	0.0932	0.0967	0.1125	0.0915	0.0919	0.0924	0.0920	0.0909	0.0987	0.0975	0.1180	0.0920	0.0918	0.0973	0.0914	0.0910	0.0964	0.0963	0.1062	0.0914	0.0910	0.0927	0.0919	0.0919	0.0967	0.1006	0.1072	0.0928	0.0940	0.0928	0.0947	0.0941	0.0975	0.0971	0.1155	0.0945	0.0952	0.0946	0.0963	0.0946	0.1027	0.0986	0.1082	0.0946	0.0955	0.0968	0.0960	0.0963	0.1007	0.1017	0.1126	0.0987	0.0978	0.0995	0.0988	0.0987	0.0988	0.0992	0.1085	
0.0970	0.0941	0.0949	0.0933	0.0935	0.0956	0.0979	0.1170	0.0930	0.0925	0.0940	0.0928	0.0920	0.1006	0.0995	0.1098	0.0925	0.0918	0.0968	0.0916	0.0915	0.0970	0.0984	0.1037	0.0912	0.0916	0.0932	0.0928	0.0918	0.0980	0.1020	0.1124	0.0934	0.0942	0.0953	0.0948	0.0948	0.0959	0.0977	0.1115	0.0956	0.0960	0.0953	0.0960	0.0953	0.0971	0.0999	0.1100	0.0960	0.0963	0.0967	0.0978	0.0971	0.1005	0.1022	0.1141	0.0992	0.0985	0.0985	0.0988	0.0994	0.0999	0.1007	0.1086	
0.0966	0.0949	0.0957	0.0943	0.0926	0.0935	0.0975	0.1106	0.0923	0.0918	0.0937	0.0924	0.0917	0.1002	0.0997	0.1069	0.0922	0.0910	0.0962	0.0917	0.0916	0.0959	0.0980	0.1032	0.0917	0.0914	0.0925	0.0933	0.0919	0.0949	0.1023	0.1058	0.0932	0.0935	0.0937	0.0949	0.0951	0.0972	0.0983	0.1071	0.0946	0.0949	0.0952	0.0963	0.0955	0.0978	0.0979	0.1072	0.0954	0.0958	0.0965	0.0964	0.0959	0.0987	0.1018	0.1111	0.0987	0.0981	0.0989	0.0980	0.0987	0.0988	0.0994	0.1070	
0.0984	0.0957	0.0960	0.0947	0.0944	0.0944	0.0977	0.1211	0.0938	0.0926	0.0941	0.0929	0.0929	0.1008	0.1010	0.1047	0.0932	0.0919	0.0957	0.0924	0.0916	0.0966	0.0989	0.1053	0.0922	0.0919	0.0937	0.0933	0.0921	0.0971	0.1043	0.1076	0.0930	0.0950	0.0945	0.0960	0.0956	0.0983	0.0977	0.1108	0.0952	0.0957	0.0957	0.0967	0.0961	0.1008	0.1003	0.1072	0.0952	0.0957	0.0969	0.0966	0.0965	0.0993	0.1023	0.1145	0.0990	0.0987	0.0987	0.0983	0.0994	0.0995	0.1011	0.1113	
0.0992	0.0967	0.0959	0.0961	0.0946	0.0954	0.0982	0.1124	0.0938	0.0926	0.0934	0.0930	0.0926	0.0996	0.1002	0.1073	0.0925	0.0919	0.0971	0.0922	0.0912	0.0964	0.0984	0.1031	0.0923	0.0915	0.0934	0.0930	0.0922	0.0983	0.1020	0.1131	0.0932	0.0935	0.0944	0.0958	0.0958	0.0971	0.0975	0.1151	0.0939	0.0965	0.0954	0.0975	0.0991	0.0991	0.0994	0.1076	0.0949	0.0963	0.0973	0.0970	0.0980	0.0991	0.1024	0.1110	0.0986	0.0985	0.0988	0.0986	0.1003	0.0997	0.1000	0.1065	
0.0985	0.0964	0.0965	0.0953	0.0939	0.0952	0.0977	0.1101	0.0938	0.0920	0.0929	0.0927	0.0922	0.1010	0.1008	0.1440	0.0923	0.0918	0.0966	0.0913	0.0916	0.0969	0.0992	0.1029	0.0920	0.0912	0.0933	0.0928	0.0924	0.0981	0.1012	0.1069	0.0927	0.0938	0.0950	0.0952	0.0957	0.0980	0.0987	0.1077	0.0943	0.0958	0.0950	0.0959	0.0951	0.0981	0.0981	0.1084	0.0948	0.0956	0.0958	0.0966	0.0962	0.0989	0.1015	0.1133	0.0984	0.0983	0.0991	0.0976	0.0996	0.0986	0.1002	0.1100	
0.0998	0.0975	0.0963	0.0964	0.0942	0.0955	0.1006	0.1142	0.0937	0.0930	0.0928	0.0934	0.0922	0.1010	0.1000	0.1102	0.0930	0.0916	0.0962	0.0925	0.0916	0.0972	0.0986	0.1053	0.0924	0.0914	0.0936	0.0928	0.0931	0.0995	0.1022	0.1077	0.0929	0.0942	0.0940	0.0958	0.0955	0.0984	0.0995	0.1074	0.0942	0.0950	0.0946	0.0971	0.0946	0.0985	0.0999	0.1066	0.0950	0.0958	0.0966	0.0976	0.0959	0.0995	0.1008	0.1098	0.0982	0.0984	0.0990	0.0985	0.1000	0.0994	0.1019	0.1053	
0.1002	0.0983	0.0969	0.0975	0.0952	0.0964	0.0982	0.1113	0.0941	0.0927	0.0944	0.0939	0.0930	0.1002	0.1023	0.1084	0.0926	0.0914	0.0970	0.0913	0.0918	0.0971	0.0995	0.1053	0.0917	0.0913	0.0931	0.0932	0.0917	0.0994	0.1013	0.1150	0.0928	0.0939	0.0943	0.0949	0.0946	0.0994	0.0974	0.1069	0.0944	0.0946	0.0946	0.0975	0.0953	0.0985	0.0985	0.1050	0.0953	0.0960	0.0961	0.0972	0.0959	0.0988	0.1017	0.1094	0.0985	0.0983	0.0991	0.1013	0.0989	0.0994	0.0996	0.1064	
0.1020	0.0985	0.0972	0.0963	0.0951	0.0961	0.0977	0.1705	0.0945	0.0932	0.0935	0.0936	0.0921	0.1014	0.1007	0.1092	0.0921	0.0930	0.0965	0.0916	0.0915	0.0961	0.0989	0.1038	0.0918	0.0912	0.0929	0.0923	0.0915	0.0994	0.1014	0.1085	0.0923	0.0928	0.0935	0.0948	0.0940	0.0995	0.0971	0.1108	0.0941	0.0957	0.0955	0.0971	0.0947	0.1001	0.0980	0.1116	0.0947	0.0960	0.0948	0.0969	0.0954	0.1016	0.1014	0.1154	0.0975	0.0977	0.0984	0.0978	0.0988	0.0991	0.0996	0.1052	
0.1031	0.0998	0.0984	0.0965	0.0965	0.0962	0.0988	0.1359	0.0950	0.0935	0.0940	0.0934	0.0925	0.1010	0.1008	0.1053	0.0928	0.0914	0.0960	0.0923	0.0916	0.0965	0.0988	0.1040	0.0916	0.0903	0.0926	0.0934	0.0920	0.1001	0.1010	0.1051	0.0926	0.0942	0.0935	0.0959	0.0935	0.0964	0.0981	0.1088	0.0938	0.0945	0.0951	0.0980	0.0955	0.0977	0.0973	0.1076	0.0943	0.0949	0.0963	0.0970	0.0952	0.1015	0.1009	0.1163	0.0979	0.0975	0.0980	0.0975	0.0988	0.0979	0.0997	0.1052	
0.1032	0.0999	0.0984	0.0965	0.0959	0.0964	0.1043	0.1109	0.0948	0.0925	0.0937	0.0931	0.0918	0.1016	0.1030	0.1068	0.0914	0.0912	0.0955	0.0908	0.0911	0.0956	0.0972	0.1038	0.0918	0.0900	0.0918	0.0918	0.0906	0.0962	0.0996	0.1069	0.0912	0.0916	0.0909	0.0948	0.0932	0.0975	0.0959	0.1052	0.0935	0.0937	0.0941	0.0952	0.0925	0.0952	0.0961	0.1052	0.0932	0.0945	0.0938	0.0954	0.0950	0.0970	0.0998	0.1083	0.0966	0.0968	0.0964	0.0971	0.0975	0.0977	0.0996	0.1085	
0.1053	0.1009	0.1001	0.0988	0.0967	0.0967	0.0965	0.1122	0.0964	0.0941	0.0946	0.0940	0.0920	0.1008	0.1027	0.1073	0.0930	0.0913	0.0958	0.0909	0.0910	0.0961	0.0979	0.1038	0.0922	0.0904	0.0924	0.0914	0.0920	0.0983	0.1015	0.1064	0.0917	0.0930	0.0930	0.0940	0.0956	0.0963	0.0960	0.1064	0.0928	0.0946	0.0951	0.0963	0.0947	0.0973	0.0988	0.1048	0.0933	0.0950	0.0947	0.0959	0.0948	0.0978	0.1015	0.1113	0.0975	0.0978	0.0976	0.0978	0.0983	0.0977	0.1017	0.1073	
0.1090	0.1027	0.1017	0.0992	0.0981	0.0980	0.0984	0.1114	0.0975	0.0948	0.0954	0.0940	0.0935	0.1000	0.1006	0.1053	0.0939	0.0919	0.0957	0.0920	0.0925	0.0962	0.0976	0.1042	0.0926	0.0907	0.0928	0.0925	0.0929	0.0961	0.1028	0.1083	0.0912	0.0932	0.0931	0.0959	0.0929	0.0958	0.0976	0.1072	0.0943	0.0952	0.0947	0.0965	0.0944	0.0969	0.0981	0.1059	0.0935	0.0949	0.0952	0.0962	0.0955	0.0976	0.0993	0.1100	0.0975	0.0974	0.0987	0.0970	0.0983	0.0987	0.1003	0.1060	
0.1107	0.1050	0.1023	0.1009	0.0981	0.0988	0.0996	0.1246	0.0985	0.0954	0.0962	0.0963	0.0939	0.1019	0.1027	0.1055	0.0943	0.0927	0.0961	0.0906	0.0927	0.0970	0.0988	0.1039	0.0929	0.0917	0.0925	0.0929	0.0923	0.0978	0.1013	0.1092	0.0913	0.0936	0.0936	0.0961	0.0947	0.0955	0.0970	0.1082	0.0944	0.0952	0.0939	0.0974	0.0946	0.0974	0.0976	0.1053	0.0935	0.0948	0.0958	0.0972	0.0961	0.0981	0.0996	0.1146	0.0982	0.0975	0.0984	0.0982	0.0995	0.0992	0.0998	0.1080	
0.1126	0.1047	0.1032	0.1021	0.0986	0.1002	0.0980	0.1128	0.0989	0.0957	0.0961	0.0949	0.0939	0.1025	0.1044	0.1140	0.0941	0.0925	0.0963	0.0918	0.0922	0.0966	0.0985	0.1045	0.0927	0.0908	0.0927	0.0928	0.0919	0.0980	0.1023	0.1078	0.0923	0.0934	0.0934	0.0957	0.0951	0.0972	0.0973	0.1086	0.0939	0.0956	0.0949	0.0964	0.0950	0.0979	0.0972	0.1070	0.0940	0.0947	0.0957	0.0962	0.0957	0.0973	0.1024	0.1109	0.0972	0.0974	0.0985	0.0977	0.0996	0.0969	0.1053	0.1058	
0.1147	0.1076	0.1043	0.1032	0.0997	0.0992	0.1011	0.1114	0.1001	0.0958	0.0968	0.0949	0.0938	0.1034	0.1020	0.1324	0.0949	0.0915	0.0957	0.0915	0.0919	0.0958	0.0983	0.1041	0.0933	0.0909	0.0925	0.0919	0.0918	0.0965	0.1018	0.1068	0.0918	0.0932	0.0935	0.0950	0.0938	0.0962	0.0975	0.1059	0.0945	0.0940	0.0952	0.0966	0.0955	0.1031	0.0973	0.1095	0.0940	0.0950	0.0951	0.0963	0.0960	0.0996	0.0990	0.1161	0.0980	0.0972	0.0980	0.0974	0.0983	0.0990	0.0995	0.1061	
0.1178	0.1087	0.1057	0.1044	0.1007	0.1017	0.0988	0.1129	0.1010	0.0987	0.0971	0.0965	0.0953	0.1037	0.1019	0.1409	0.0951	0.0920	0.0965	0.0925	0.0922	0.0962	0.0984	0.1039	0.0930	0.0909	0.0928	0.0931	0.0923	0.0987	0.1016	0.1050	0.0915	0.0929	0.0941	0.0948	0.0937	0.0962	0.0978	0.1050	0.0933	0.0941	0.0943	0.0965	0.0950	0.0972	0.1029	0.1053	0.0942	0.0942	0.0948	0.0965	0.0953	0.0980	0.0998	0.1074	0.0974	0.0973	0.0985	0.0976	0.1003	0.1020	0.1001	0.1076	
0.1219	0.1117	0.1072	0.1060	0.1028	0.1038	0.1019	0.1174	0.1033	0.0990	0.0993	0.0982	0.0952	0.1046	0.1031	0.1199	0.0958	0.0925	0.0975	0.0930	0.0925	0.0966	0.0988	0.1062	0.0936	0.0911	0.0936	0.0938	0.0928	0.0993	0.1020	0.1097	0.0919	0.0939	0.0943	0.0961	0.0940	0.0976	0.0985	0.1106	0.0949	0.0950	0.0950	0.0966	0.0953	0.0980	0.0994	0.1062	0.0937	0.0959	0.0962	0.0970	0.0967	0.0986	0.1011	0.1091	0.0983	0.0986	0.0987	0.0978	0.1011	0.0999	0.1014	0.1035	
0.1239	0.1119	0.1070	0.1057	0.1009	0.1024	0.0993	0.1152	0.1030	0.0994	0.0985	0.0966	0.0953	0.1040	0.1029	0.1218	0.0959	0.0919	0.0961	0.0909	0.0916	0.0958	0.0984	0.1070	0.0922	0.0902	0.0922	0.0922	0.0915	0.0963	0.1008	0.1088	0.0909	0.0928	0.0916	0.0936	0.0930	0.0975	0.0970	0.1103	0.0933	0.0942	0.0935	0.0959	0.0933	0.0969	0.0975	0.1051	0.0931	0.0944	0.0947	0.0953	0.0947	0.0986	0.1002	0.1112	0.0961	0.0975	0.0975	0.0969	0.0979	0.0979	0.0991	0.1044	
0.1297	0.1164	0.1099	0.1085	0.1032	0.1036	0.1014	0.1328	0.1052	0.1015	0.1011	0.0996	0.0963	0.1046	0.1048	0.1231	0.0968	0.0915	0.0962	0.0916	0.0922	0.0959	0.0984	0.1045	0.0929	0.0907	0.0922	0.0929	0.0925	0.0955	0.1016	0.1068	0.0913	0.0926	0.0930	0.0967	0.0941	0.0968	0.0980	0.1155	0.0933	0.0953	0.0942	0.0973	0.0953	0.0980	0.0972	0.1066	0.0929	0.0951	0.0954	0.0957	0.0948	0.0979	0.1003	0.1160	0.0984	0.0968	0.0979	0.0978	0.0989	0.0966	0.1001	0.1059	
0.1336	0.1184	0.1106	0.1098	0.1045	0.1049	0.1067	0.1162	0.1079	0.1020	0.1023	0.1003	0.0963	0.1052	0.1067	0.1467	0.0968	0.0911	0.0961	0.0918	0.0939	0.0962	0.0977	0.1049	0.0933	0.0907	0.0926	0.0924	0.0916	0.0955	0.1016	0.1066	0.0907	0.0921	0.0920	0.0940	0.0943	0.0963	0.0975	0.1050	0.0937	0.0934	0.1031	0.0964	0.0939	0.0964	0.0963	0.1050	0.0935	0.0945	0.0952	0.0962	0.0953	0.1009	0.0991	0.1088	0.0971	0.0969	0.0977	0.0963	0.0980	0.0975	0.0987	0.1096	
0.1382	0.1214	0.1146	0.1133	0.1060	0.1074	0.1024	0.1130	0.1108	0.1042	0.1029	0.1010	0.0973	0.1077	0.1081	0.1154	0.0994	0.0921	0.0964	0.0922	0.0920	0.0962	0.0989	0.1064	0.0945	0.0909	0.0939	0.0931	0.0933	0.0965	0.1017	0.1100	0.0917	0.0923	0.0932	0.0949	0.0940	0.0965	0.0976	0.1064	0.0927	0.0955	0.0950	0.0966	0.0950	0.0977	0.0980	0.1079	0.0930	0.0944	0.0962	0.0958	0.0956	0.0976	0.0992	0.1070	0.0974	0.0975	0.0976	0.0979	0.0994	0.0987	0.0990	0.1077	
0.1465	0.1247	0.1179	0.1137	0.1090	0.1085	0.1024	0.1556	0.1138	0.1064	0.1048	0.1024	0.0986	0.1078	0.1098	0.1165	0.0994	0.0918	0.0964	0.0917	0.0926	0.0960	0.0983	0.1047	0.0950	0.0912	0.0930	0.0928	0.0918	0.0969	0.1016	0.1073	0.0919	0.0919	0.0923	0.0952	0.0939	0.0961	0.0977	0.1083	0.0928	0.0943	0.0935	0.0964	0.0943	0.0979	0.0979	0.1037	0.0929	0.0944	0.0959	0.0966	0.0958	0.0976	0.1003	0.1076	0.0974	0.0969	0.0982	0.0979	0.0985	0.0985	0.0998	0.1071	
0.1527	0.1288	0.1203	0.1164	0.1107	0.1103	0.1032	0.1153	0.1183	0.1082	0.1055	0.1034	0.0997	0.1091	0.1073	0.1155	0.1015	0.0921	0.0972	0.0921	0.0925	0.0961	0.1030	0.1059	0.0957	0.0911	0.0931	0.0919	0.0929	0.0988	0.1026	0.1068	0.0919	0.0922	0.0937	0.0948	0.0942	0.0964	0.0968	0.1076	0.0935	0.0937	0.0939	0.0974	0.0947	0.0984	0.0963	0.1073	0.0935	0.0939	0.0951	0.0950	0.0952	0.0969	0.0996	0.1110	0.0972	0.0973	0.0975	0.0982	0.1002	0.0972	0.0992	0.1089	
0.1601	0.1322	0.1226	0.1190	0.1123	0.1113	0.1050	0.1446	0.1195	0.1109	0.1067	0.1042	0.0998	0.1109	0.1091	0.1142	0.1026	0.0921	0.0967	0.0922	0.0924	0.0958	0.0995	0.1059	0.0962	0.0911	0.0925	0.0928	0.0929	0.0975	0.1012	0.1106	0.0912	0.0919	0.0918	0.0939	0.0945	0.0955	0.0976	0.1074	0.0932	0.0947	0.0935	0.0981	0.0956	0.0966	0.0956	0.1036	0.0929	0.0949	0.0942	0.0956	0.0957	0.0987	0.0994	0.1099	0.0973	0.0969	0.0980	0.0971	0.0995	0.0971	0.0985	0.1064	
0.1698	0.1360	0.1258	0.1207	0.1138	0.1118	0.1036	0.1170	0.1257	0.1125	0.1090	0.1057	0.1008	0.1110	0.1085	0.1183	0.1048	0.0926	0.0969	0.0925	0.0931	0.0967	0.0995	0.1038	0.0961	0.0916	0.0928	0.0933	0.0937	0.0973	0.1018	0.1036	0.0913	0.0922	0.0925	0.0946	0.0935	0.0956	0.0970	0.1060	0.0935	0.0937	0.0943	0.0968	0.0947	0.0973	0.0967	0.1034	0.0935	0.0942	0.0952	0.0963	0.0953	0.0961	0.0992	0.1112	0.0981	0.0972	0.0977	0.0979	0.0986	0.0982	0.0984	0.1041	
0.1777	0.1397	0.1286	0.1232	0.1156	0.1145	0.1046	0.1550	0.1292	0.1153	0.1103	0.1078	0.1045	0.1157	0.1100	0.1171	0.1057	0.0927	0.0968	0.0927	0.0928	0.0966	0.0992	0.1056	0.0970	0.0912	0.0927	0.0939	0.0932	0.0972	0.1012	0.1056	0.0920	0.0929	0.0923	0.0941	0.0938	0.0950	0.0971	0.1083	0.0932	0.0937	0.0931	0.0960	0.0945	0.0969	0.0973	0.1064	0.0915	0.0942	0.0954	0.0955	0.0959	0.0980	0.0995	0.1091	0.0974	0.0966	0.0975	0.0974	0.0989	0.0971	0.0981	0.1026	
0.1871	0.1471	0.1323	0.1263	0.1173	0.1177	0.1043	0.1171	0.1337	0.1197	0.1125	0.1105	0.1034	0.1177	0.1122	0.1216	0.1080	0.0928	0.0970	0.0923	0.0931	0.0967	0.0997	0.1058	0.0971	0.0907	0.0931	0.0924	0.0930	0.0983	0.1004	0.1058	0.0921	0.0919	0.0908	0.0953	0.0929	0.0978	0.0974	0.1046	0.0925	0.0930	0.0930	0.0951	0.0944	0.0977	0.0968	0.1074	0.0929	0.0936	0.0951	0.0963	0.0960	0.0993	0.0990	0.1073	0.0965	0.0972	0.0975	0.0969	0.0983	0.0961	0.0986	0.1027	
0.1981	0.1511	0.1366	0.1312	0.1175	0.1184	0.1052	0.1169	0.1392	0.1227	0.1150	0.1119	0.1039	0.1158	0.1113	0.1224	0.1084	0.0926	0.0954	0.0933	0.0923	0.0971	0.0996	0.1050	0.0977	0.0911	0.0927	0.0925	0.0929	0.0982	0.1045	0.1074	0.0916	0.0908	0.0919	0.0945	0.0934	0.0960	0.0964	0.1047	0.0928	0.0934	0.0934	0.0965	0.0947	0.0971	0.0974	0.1075	0.0926	0.0932	0.0945	0.0958	0.0957	0.0975	0.1014	0.1072	0.0969	0.0963	0.0967	0.0962	0.1012	0.0979	0.0978	0.1039	
0.2106	0.1616	0.1415	0.1343	0.1222	0.1214	0.1068	0.1178	0.1464	0.1286	0.1187	0.1156	0.1056	0.1178	0.1147	0.1222	0.1121	0.0937	0.0972	0.0932	0.0926	0.0975	0.1004	0.1079	0.0983	0.0911	0.0929	0.0940	0.0929	0.0985	0.1010	0.1086	0.0922	0.0920	0.0924	0.0950	0.0931	0.0960	0.0974	0.1118	0.0930	0.0939	0.0938	0.0960	0.0949	0.0980	0.0959	0.1068	0.0931	0.0940	0.0953	0.0966	0.0954	0.0966	0.0996	0.1116	0.0981	0.0973	0.0978	0.0966	0.0986	0.0984	0.0999	0.1021	
0.2267	0.1675	0.1442	0.1366	0.1234	0.1254	0.1084	0.1242	0.1540	0.1334	0.1215	0.1184	0.1060	0.1214	0.1167	0.1251	0.1153	0.0935	0.0967	0.0938	0.0927	0.0978	0.0991	0.1054	0.0989	0.0910	0.0933	0.0932	0.0928	0.1013	0.1009	0.1073	0.0918	0.0915	0.0913	0.0936	0.0932	0.0962	0.0978	0.1071	0.0924	0.0930	0.0929	0.0957	0.0942	0.0978	0.0972	0.1038	0.0927	0.0939	0.0943	0.0954	0.0952	0.0979	0.1046	0.1101	0.0964	0.0969	0.0961	0.0965	0.1019	0.0979	0.0983	0.1004	
0.2426	0.1720	0.1492	0.1417	0.1266	0.1269	0.1067	0.1172	0.1617	0.1372	0.1252	0.1217	0.1085	0.1220	0.1181	0.1505	0.1182	0.0928	0.0966	0.0938	0.0927	0.0967	0.0996	0.1055	0.1000	0.0900	0.0925	0.0922	0.0931	0.0981	0.0997	0.1215	0.0910	0.0914	0.0914	0.0931	0.0924	0.0950	0.0963	0.1094	0.0922	0.0923	0.0923	0.0951	0.0939	0.0980	0.0957	0.1056	0.0913	0.0925	0.0947	0.0952	0.0954	0.0971	0.0981	0.1088	0.0963	0.0966	0.0973	0.0965	0.1006	0.0979	0.0980	0.1005	
0.2621	0.1833	0.1585	0.1486	0.1313	0.1295	0.1095	0.1216	0.1700	0.1446	0.1297	0.1218	0.1122	0.1257	0.1189	0.1258	0.1222	0.0941	0.0982	0.0933	0.0940	0.0991	0.1007	0.1078	0.1023	0.0913	0.0937	0.0929	0.0942	0.1017	0.1019	0.1101	0.0922	0.0922	0.0916	0.0933	0.0932	0.0967	0.0957	0.1063	0.0935	0.0921	0.0934	0.0950	0.0938	0.1073	0.0969	0.1058	0.0915	0.0927	0.0949	0.0951	0.0952	0.1028	0.0984	0.1085	0.0964	0.0962	0.0973	0.0966	0.0970	0.0965	0.1004	0.1005	
0.2783	0.1926	0.1637	0.1545	0.1349	0.1325	0.1093	0.1516	0.1809	0.1514	0.1335	0.1282	0.1139	0.1270	0.1210	0.1407	0.1260	0.0937	0.0970	0.0940	0.0938	0.0979	0.1015	0.1084	0.1038	0.0908	0.0922	0.0941	0.0924	0.0977	0.1012	0.1102	0.0921	0.0917	0.0916	0.0944	0.0931	0.0953	0.0961	0.1138	0.0925	0.0933	0.0931	0.0957	0.0941	0.0970	0.0966	0.1072	0.0915	0.0933	0.0948	0.0962	0.0945	0.0983	0.0993	0.1161	0.0960	0.0967	0.0982	0.0965	0.0979	0.0969	0.0988	0.1014	
0.3019	0.2058	0.1701	0.1615	0.1394	0.1358	0.1124	0.1244	0.1947	0.1586	0.1381	0.1323	0.1169	0.1294	0.1233	0.1604	0.1337	0.0947	0.0983	0.0951	0.0945	0.0998	0.1019	0.1084	0.1065	0.0917	0.0932	0.0944	0.0933	0.1005	0.1031	0.1135	0.0933	0.0925	0.0929	0.0947	0.0938	0.0958	0.0977	0.1090	0.0937	0.0939	0.0934	0.0962	0.0952	0.0998	0.0975	0.1093	0.0930	0.0937	0.0951	0.0960	0.0949	0.0987	0.0998	0.1073	0.0970	0.0978	0.0979	0.0977	0.0987	0.0980	0.0997	0.1022	
0.3285	0.2168	0.1799	0.1655	0.1422	0.1398	0.1126	0.1227	0.2064	0.1661	0.1437	0.1335	0.1185	0.1311	0.1275	0.1317	0.1395	0.0948	0.0980	0.0945	0.0934	0.0980	0.1007	0.1064	0.1088	0.0908	0.0930	0.0931	0.0926	0.0980	0.1002	0.1076	0.0929	0.0908	0.0912	0.0942	0.0935	0.0966	0.0952	0.1047	0.0926	0.0921	0.0922	0.0952	0.0941	0.0975	0.0966	0.1033	0.0914	0.0921	0.0941	0.0936	0.0935	0.0989	0.0974	0.1039	0.0958	0.0955	0.0964	0.0962	0.0976	0.0963	0.0980	0.1007	
0.3482	0.2264	0.1880	0.1733	0.1464	0.1423	0.1147	0.1481	0.2202	0.1747	0.1485	0.1399	0.1244	0.1375	0.1274	0.1708	0.1460	0.0957	0.0974	0.0953	0.0946	0.0987	0.1027	0.1083	0.1119	0.0913	0.0930	0.0936	0.0939	0.1026	0.1019	0.1090	0.0945	0.0908	0.0920	0.0941	0.0937	0.0952	0.0974	0.1067	0.0928	0.0928	0.0921	0.0955	0.0949	0.0973	0.0967	0.1058	0.0921	0.0925	0.0943	0.0947	0.0953	0.0972	0.0992	0.1164	0.0968	0.0958	0.0968	0.0965	0.0989	0.0975	0.0986	0.1013	
0.3775	0.2402	0.1969	0.1803	0.1539	0.1480	0.1141	0.1265	0.2359	0.1841	0.1555	0.1450	0.1256	0.1362	0.1309	0.1499	0.1515	0.0963	0.0991	0.0962	0.0950	0.1002	0.1024	0.1098	0.1138	0.0909	0.0932	0.0935	0.0941	0.0985	0.1020	0.1074	0.0943	0.0906	0.0915	0.0942	0.0935	0.0953	0.0961	0.1091	0.0925	0.0914	0.0926	0.0966	0.0949	0.0965	0.0959	0.1044	0.0915	0.0922	0.0938	0.0949	0.0948	0.0977	0.0975	0.1071	0.0960	0.0952	0.0965	0.0955	0.0992	0.0977	0.0971	0.1015	
0.4056	0.2554	0.2081	0.1900	0.1593	0.1539	0.1151	0.1321	0.2529	0.1923	0.1620	0.1478	0.1283	0.1409	0.1377	0.1777	0.1612	0.0979	0.1001	0.0970	0.0979	0.1011	0.1040	0.1088	0.1195	0.0914	0.0933	0.0945	0.0941	0.1061	0.1027	0.1103	0.0953	0.0917	0.0910	0.0938	0.0940	0.0953	0.0962	0.1090	0.0937	0.0916	0.0930	0.0963	0.0942	0.0976	0.0973	0.1050	0.0916	0.0925	0.0942	0.0950	0.0955	0.0966	0.0988	0.1123	0.0967	0.0968	0.0967	0.0964	0.0987	0.0994	0.0996	0.1017	
0.4279	0.2734	0.2173	0.1961	0.1649	0.1584	0.1193	0.1283	0.2689	0.2047	0.1691	0.1567	0.1328	0.1437	0.1373	0.1472	0.1685	0.0986	0.0993	0.0978	0.0965	0.1012	0.1093	0.1129	0.1237	0.0923	0.0932	0.0956	0.0945	0.0992	0.1036	0.1154	0.0968	0.0916	0.0918	0.0950	0.0928	0.0957	0.0980	0.1086	0.0936	0.0923	0.0926	0.0965	0.0935	0.1000	0.0968	0.1073	0.0916	0.0928	0.0944	0.0966	0.0953	0.0979	0.0981	0.1073	0.0968	0.0959	0.0974	0.0967	0.0993	0.0987	0.0984	0.1013	
0.4580	0.2906	0.2297	0.2108	0.1702	0.1638	0.1198	0.1344	0.2894	0.2211	0.1763	0.1660	0.1377	0.1476	0.1393	0.1827	0.1809	0.0999	0.0999	0.0987	0.0969	0.1021	0.1054	0.1137	0.1284	0.0921	0.0945	0.0940	0.0952	0.0997	0.1045	0.1187	0.0979	0.0919	0.0918	0.0937	0.0929	0.0960	0.0971	0.1102	0.0938	0.0926	0.0924	0.0962	0.0937	0.0971	0.0976	0.1075	0.0921	0.0926	0.0938	0.0960	0.0951	0.0983	0.0985	0.1085	0.0964	0.0960	0.0967	0.0972	0.0985	0.0975	0.0986	0.1015	
0.4860	0.3118	0.2414	0.2199	0.1798	0.1685	0.1212	0.2141	0.3123	0.2347	0.1863	0.1711	0.1407	0.1542	0.1447	0.1783	0.1916	0.1012	0.1011	0.1003	0.0979	0.1005	0.1050	0.1123	0.1327	0.0921	0.0943	0.0956	0.0950	0.0989	0.1038	0.1090	0.0986	0.0919	0.0918	0.0938	0.0935	0.0977	0.0956	0.1065	0.0938	0.0922	0.0920	0.0953	0.0950	0.1008	0.0968	0.1146	0.0919	0.0920	0.0934	0.0951	0.0954	0.0990	0.0973	0.1087	0.0963	0.0951	0.0963	0.0965	0.0981	0.0975	0.0983	0.1014	
0.5198	0.3346	0.2525	0.2339	0.1856	0.1759	0.1240	0.1343	0.3367	0.2494	0.1983	0.1822	0.1464	0.1587	0.1477	0.1565	0.2069	0.1029	0.1009	0.1014	0.0983	0.1023	0.1071	0.1137	0.1397	0.0921	0.0952	0.0957	0.0959	0.0991	0.1046	0.1099	0.1007	0.0913	0.0920	0.0938	0.0935	0.0964	0.0955	0.1051	0.0950	0.0917	0.0924	0.0964	0.0943	0.0982	0.0978	0.1204	0.0919	0.0922	0.0936	0.0958	0.0948	0.0972	0.0977	0.1085	0.0965	0.0958	0.0963	0.0969	0.0991	0.0974	0.1009	0.1004	
0.5425	0.3596	0.2711	0.2434	0.1938	0.1842	0.1317	0.1344	0.3588	0.2674	0.2086	0.1855	0.1536	0.1612	0.1529	0.1574	0.2174	0.1036	0.1030	0.1017	0.1003	0.1026	0.1102	0.1150	0.1462	0.0919	0.0942	0.0953	0.0971	0.0994	0.1044	0.1093	0.1023	0.0913	0.0918	0.0928	0.0931	0.0962	0.0965	0.1072	0.0947	0.0916	0.0919	0.0949	0.0933	0.0976	0.0964	0.1055	0.0922	0.0918	0.0936	0.0946	0.0946	0.0969	0.0984	0.1088	0.0962	0.0946	0.0958	0.0961	0.0983	0.0964	0.0980	0.1010	
0.5728	0.3818	0.2874	0.2573	0.2019	0.1906	0.1270	0.1348	0.3857	0.2825	0.2214	0.1978	0.1601	0.1695	0.1557	0.1605	0.2347	0.1063	0.1028	0.1032	0.1007	0.1055	0.1075	0.1171	0.1554	0.0930	0.0964	0.0966	0.0973	0.0995	0.1041	0.1133	0.1044	0.0917	0.0925	0.0940	0.0941	0.0985	0.0972	0.1084	0.0957	0.0916	0.0919	0.0956	0.0940	0.0979	0.0967	0.1048	0.0922	0.0924	0.0940	0.0958	0.0946	0.0975	0.0984	0.1063	0.0975	0.0951	0.0969	0.0953	0.0976	0.0979	0.0976	0.1033	
0.5943	0.4059	0.3032	0.2731	0.2125	0.2013	0.1305	0.1373	0.4101	0.3026	0.2341	0.2070	0.1647	0.1769	0.1619	0.1699	0.2506	0.1076	0.1040	0.1050	0.1008	0.1069	0.1089	0.1170	0.1621	0.0930	0.0967	0.0966	0.0972	0.1045	0.1055	0.1126	0.1069	0.0919	0.0919	0.0943	0.0940	0.0968	0.0971	0.1059	0.0959	0.0910	0.0920	0.0959	0.0938	0.0982	0.0969	0.1039	0.0922	0.0920	0.0934	0.0945	0.0946	0.0957	0.0972	0.1056	0.0959	0.0936	0.0962	0.0954	0.0983	0.0967	0.0965	0.1071	
0.6212	0.4327	0.3254	0.2870	0.2245	0.2092	0.1318	0.1411	0.4404	0.3252	0.2499	0.2154	0.1733	0.1793	0.1698	0.2145	0.2718	0.1108	0.1057	0.1072	0.1014	0.1054	0.1091	0.1141	0.1727	0.0934	0.0967	0.0967	0.0975	0.1003	0.1037	0.1094	0.1112	0.0913	0.0923	0.0937	0.0925	0.0950	0.0967	0.1029	0.0976	0.0912	0.0916	0.0951	0.0934	0.0968	0.0953	0.1028	0.0923	0.0914	0.0941	0.0941	0.0940	0.0968	0.0965	0.1055	0.0955	0.0954	0.0966	0.0964	0.0965	0.0949	0.0967	0.0991	
0.6447	0.4570	0.3420	0.3068	0.2360	0.2228	0.1374	0.1448	0.4641	0.3455	0.2595	0.2318	0.1815	0.1907	0.1742	0.1819	0.2904	0.1131	0.1065	0.1093	0.1044	0.1074	0.1116	0.1201	0.1832	0.0936	0.0981	0.0984	0.0995	0.1023	0.1075	0.1153	0.1130	0.0913	0.0921	0.0941	0.0933	0.0981	0.0970	0.1104	0.0986	0.0911	0.0918	0.0955	0.0941	0.0976	0.0973	0.1074	0.0924	0.0917	0.0943	0.0946	0.0962	0.0978	0.1000	0.1066	0.0965	0.0952	0.0966	0.0957	0.0992	0.0973	0.0988	0.1006	
0.6682	0.4854	0.3621	0.3221	0.2495	0.2307	0.1518	0.1460	0.4911	0.3713	0.2787	0.2409	0.1911	0.1940	0.1783	0.1866	0.3154	0.1162	0.1091	0.1111	0.1048	0.1156	0.1136	0.1211	0.1971	0.0936	0.0989	0.0991	0.0995	0.1024	0.1077	0.1195	0.1174	0.0913	0.0925	0.0940	0.0940	0.0955	0.0957	0.1094	0.1005	0.0908	0.0920	0.0958	0.0937	0.0975	0.0973	0.1040	0.0917	0.0916	0.0942	0.0948	0.0947	0.0959	0.0982	0.1058	0.0963	0.0945	0.0958	0.0962	0.0990	0.0969	0.0982	0.1007	
0.6890	0.5144	0.3822	0.3402	0.2598	0.2376	0.1430	0.1650	0.5186	0.3931	0.2963	0.2513	0.1993	0.2033	0.1840	0.1838	0.3348	0.1188	0.1090	0.1132	0.1070	0.1101	0.1156	0.1219	0.2112	0.0955	0.0992	0.1007	0.1017	0.1036	0.1083	0.1159	0.1225	0.0919	0.0927	0.0944	0.0941	0.0957	0.0965	0.1090	0.1025	0.0909	0.0916	0.0950	0.0945	0.0976	0.0976	0.1043	0.0930	0.0915	0.0940	0.0939	0.0953	0.0971	0.0978	0.1059	0.0957	0.0948	0.0962	0.0956	0.0981	0.0968	0.0988	0.1022	
0.7127	0.5425	0.4027	0.3595	0.2714	0.2522	0.1453	0.1505	0.5453	0.4220	0.3124	0.2645	0.2044	0.2098	0.1933	0.2223	0.3618	0.1225	0.1108	0.1161	0.1098	0.1139	0.1156	0.1219	0.2254	0.0953	0.1002	0.1011	0.1017	0.1038	0.1079	0.1159	0.1265	0.0915	0.0921	0.0941	0.0935	0.0968	0.0963	0.1053	0.1042	0.0914	0.0914	0.0958	0.0938	0.0968	0.0960	0.1047	0.0939	0.0916	0.0941	0.0944	0.0955	0.0963	0.0980	0.1086	0.0961	0.0941	0.0956	0.0960	0.0983	0.0972	0.0985	0.1020	
0.7181	0.5684	0.4252	0.3828	0.2881	0.2630	0.1519	0.1536	0.5640	0.4453	0.3314	0.2841	0.2158	0.2180	0.2012	0.2521	0.3853	0.1278	0.1133	0.1193	0.1120	0.1129	0.1173	0.1260	0.2400	0.0967	0.1013	0.1032	0.1044	0.1044	0.1093	0.1188	0.1401	0.0923	0.0926	0.0947	0.0945	0.0967	0.0974	0.1062	0.1062	0.0915	0.0929	0.0958	0.0944	0.0980	0.0966	0.1049	0.0945	0.0911	0.0933	0.0951	0.0948	0.0978	0.0978	0.1051	0.0959	0.0949	0.0952	0.0962	0.0979	0.0972	0.0985	0.0981	
0.7281	0.5933	0.4510	0.4031	0.3009	0.2861	0.1555	0.1571	0.5928	0.4695	0.3536	0.2988	0.2269	0.2323	0.2064	0.2079	0.4121	0.1307	0.1166	0.1222	0.1137	0.1157	0.1208	0.1288	0.2582	0.0971	0.1024	0.1030	0.1043	0.1062	0.1116	0.1172	0.1377	0.0913	0.0931	0.0953	0.0937	0.0965	0.0966	0.1049	0.1078	0.0909	0.0922	0.0955	0.0949	0.0983	0.0973	0.1033	0.0948	0.0912	0.0930	0.0949	0.0947	0.0974	0.0989	0.1042	0.0964	0.0944	0.0958	0.0959	0.0992	0.0961	0.0970	0.0981	
0.7285	0.6224	0.4744	0.4293	0.3209	0.2956	0.1594	0.1670	0.6108	0.4947	0.3717	0.3177	0.2372	0.2395	0.2176	0.2159	0.4395	0.1361	0.1188	0.1255	0.1160	0.1195	0.1210	0.1301	0.2746	0.0985	0.1052	0.1052	0.1058	0.1103	0.1108	0.1174	0.1447	0.0926	0.0923	0.0944	0.0952	0.0976	0.0973	0.1093	0.1112	0.0910	0.0924	0.0961	0.0941	0.0973	0.0968	0.1064	0.0956	0.0910	0.0928	0.0950	0.0948	0.0970	0.0989	0.1058	0.0963	0.0948	0.0963	0.0959	0.0976	0.1031	0.0971	0.1015	
0.7339	0.6491	0.4973	0.4480	0.3409	0.3107	0.1627	0.1620	0.6329	0.5206	0.3948	0.3348	0.2520	0.2507	0.2274	0.2225	0.4658	0.1426	0.1202	0.1308	0.1186	0.1195	0.1255	0.1326	0.2981	0.0984	0.1066	0.1059	0.1077	0.1098	0.1130	0.1198	0.1539	0.0924	0.0926	0.0950	0.0979	0.0984	0.0967	0.1121	0.1147	0.0914	0.0918	0.0960	0.0941	0.0993	0.0965	0.1037	0.0967	0.0909	0.0922	0.0945	0.0939	0.0972	0.0984	0.1037	0.0970	0.0939	0.0961	0.0957	0.0984	0.0970	0.0967	0.1057	
0.7342	0.6819	0.5250	0.4656	0.3539	0.3261	0.1684	0.1680	0.6577	0.5520	0.4169	0.3481	0.2641	0.2644	0.2387	0.2821	0.4963	0.1490	0.1231	0.1328	0.1212	0.1204	0.1274	0.1329	0.3206	0.1002	0.1064	0.1072	0.1093	0.1098	0.1156	0.1218	0.1620	0.0918	0.0926	0.0953	0.0954	0.0967	0.0968	0.1060	0.1178	0.0911	0.0922	0.0955	0.0938	0.0988	0.0962	0.1086	0.0977	0.0910	0.0930	0.0941	0.0949	0.0984	0.0982	0.1049	0.0963	0.0933	0.0966	0.0953	0.0969	0.0967	0.0984	0.0981	
0.7348	0.7114	0.5499	0.4997	0.3748	0.3492	0.1738	0.1715	0.6759	0.5828	0.4431	0.3733	0.2779	0.2703	0.2491	0.2453	0.5221	0.1558	0.1273	0.1376	0.1246	0.1276	0.1298	0.1391	0.3440	0.1006	0.1095	0.1100	0.1114	0.1128	0.1154	0.1252	0.1703	0.0924	0.0942	0.0955	0.0954	0.0974	0.0970	0.1078	0.1228	0.0909	0.0916	0.0964	0.0947	0.0993	0.0977	0.1035	0.0996	0.0913	0.0928	0.0956	0.0954	0.0989	0.0986	0.1067	0.0965	0.0927	0.0963	0.0959	0.0988	0.0988	0.0972	0.1011	
0.7349	0.7357	0.5711	0.5226	0.3978	0.3646	0.1787	0.2272	0.6875	0.6048	0.4680	0.3952	0.2951	0.2903	0.2645	0.2566	0.5495	0.1633	0.1308	0.1428	0.1282	0.1290	0.1330	0.1411	0.3695	0.1025	0.1109	0.1127	0.1134	0.1162	0.1161	0.1302	0.1825	0.0925	0.0948	0.0963	0.0958	0.0986	0.0991	0.1147	0.1273	0.0904	0.0924	0.0971	0.0950	0.0980	0.0973	0.1061	0.1017	0.0913	0.0931	0.0953	0.0953	0.0977	0.0997	0.1050	0.0972	0.0938	0.0948	0.0954	0.0978	0.1007	0.0977	0.1001	
0.7447	0.7525	0.5972	0.5458	0.4226	0.3844	0.1881	0.2252	0.6949	0.6379	0.4939	0.4162	0.3116	0.3015	0.2730	0.2718	0.5794	0.1734	0.1337	0.1485	0.1324	0.1314	0.1373	0.1483	0.3970	0.1049	0.1135	0.1146	0.1165	0.1156	0.1175	0.1275	0.1931	0.0935	0.0945	0.0967	0.0957	0.0983	0.0973	0.1141	0.1341	0.0911	0.0915	0.0962	0.0947	0.0979	0.0976	0.1068	0.1035	0.0912	0.0932	0.0957	0.0952	0.0970	0.0982	0.1077	0.0980	0.0939	0.0953	0.0956	0.0973	0.0976	0.0983	0.1012	
0.7421	0.7555	0.6247	0.5734	0.4448	0.4054	0.1936	0.1907	0.6999	0.6576	0.5193	0.4399	0.3301	0.3206	0.2889	0.2823	0.6023	0.1811	0.1374	0.1551	0.1374	0.1357	0.1402	0.1506	0.4221	0.1066	0.1152	0.1161	0.1186	0.1211	0.1200	0.1299	0.2083	0.0939	0.0959	0.0975	0.0951	0.0996	0.0994	0.1099	0.1407	0.0905	0.0915	0.0954	0.0940	0.0978	0.0972	0.1039	0.1066	0.0910	0.0926	0.0950	0.0955	0.0985	0.0975	0.1098	0.0977	0.0926	0.0944	0.0954	0.0976	0.0964	0.0977	0.0992	
0.7504	0.7616	0.6566	0.6008	0.4692	0.4306	0.2027	0.2469	0.7092	0.6869	0.5467	0.4673	0.3473	0.3347	0.3048	0.2973	0.6291	0.1922	0.1454	0.1627	0.1401	0.1381	0.1448	0.1545	0.4514	0.1081	0.1198	0.1195	0.1222	0.1195	0.1221	0.1346	0.2248	0.0930	0.0949	0.0971	0.0955	0.0984	0.0972	0.1116	0.1473	0.0909	0.0914	0.0970	0.0945	0.0973	0.0982	0.1037	0.1088	0.0905	0.0925	0.0948	0.0953	0.0982	0.0976	0.1098	0.0969	0.0931	0.0946	0.0952	0.0974	0.0972	0.0972	0.0993	
0.7557	0.7694	0.6823	0.6264	0.4948	0.4569	0.2122	0.1995	0.7099	0.7150	0.5740	0.4917	0.3685	0.3503	0.3179	0.3115	0.6551	0.2044	0.1507	0.1691	0.1466	0.1453	0.1484	0.1590	0.4847	0.1110	0.1238	0.1223	0.1244	0.1220	0.1244	0.1364	0.2418	0.0942	0.0962	0.0985	0.0966	0.0995	0.0995	0.1108	0.1564	0.0906	0.0926	0.0964	0.0946	0.0970	0.0979	0.1040	0.1122	0.0919	0.0934	0.0944	0.0954	0.1011	0.0988	0.1065	0.0988	0.0930	0.0958	0.0959	0.0970	0.0966	0.0980	0.1005	
0.7549	0.7673	0.7064	0.6474	0.5230	0.4818	0.2193	0.2036	0.7146	0.7272	0.5980	0.5116	0.3877	0.3690	0.3314	0.3199	0.6708	0.2164	0.1558	0.1751	0.1535	0.1478	0.1524	0.1612	0.5091	0.1132	0.1265	0.1255	0.1286	0.1232	0.1257	0.1342	0.2566	0.0954	0.0974	0.0993	0.0978	0.0996	0.0999	0.1120	0.1648	0.0972	0.0925	0.0966	0.0956	0.0985	0.1005	0.1060	0.1153	0.0917	0.0936	0.0954	0.0957	0.0976	0.0997	0.1128	0.1028	0.0933	0.0946	0.0958	0.0986	0.0967	0.0988	0.1013	
0.7577	0.7692	0.7330	0.6743	0.5479	0.5021	0.2295	0.2116	0.7153	0.7377	0.6217	0.5408	0.4115	0.3836	0.3497	0.3314	0.6826	0.2287	0.1635	0.1852	0.1580	0.1525	0.1562	0.1632	0.5331	0.1146	0.1305	0.1304	0.1313	0.1269	0.1273	0.1366	0.2769	0.0946	0.0977	0.1000	0.0974	0.1010	0.0990	0.1110	0.1736	0.0901	0.0923	0.0966	0.0951	0.1000	0.0981	0.1058	0.1205	0.0910	0.0939	0.0953	0.0944	0.0973	0.0978	0.1089	0.0987	0.0926	0.0953	0.0951	0.0974	0.0974	0.0975	0.1009	
0.7589	0.7717	0.7530	0.7015	0.5709	0.5270	0.2376	0.2178	0.7142	0.7407	0.6464	0.5619	0.4312	0.4056	0.3751	0.3526	0.6876	0.2428	0.1704	0.1924	0.1650	0.1574	0.1629	0.1689	0.5579	0.1177	0.1348	0.1333	0.1355	0.1325	0.1309	0.1416	0.2953	0.0957	0.0991	0.1017	0.0981	0.1023	0.0997	0.1112	0.1841	0.0910	0.0925	0.0969	0.0947	0.1002	0.0987	0.1056	0.1260	0.0907	0.0929	0.0960	0.0962	0.0978	0.0981	0.1063	0.1020	0.0935	0.0939	0.0962	0.0972	0.0961	0.0962	0.1008	
0.7623	0.7756	0.7577	0.7238	0.6028	0.5585	0.2433	0.2254	0.7213	0.7436	0.6724	0.5866	0.4539	0.4251	0.3838	0.4036	0.6983	0.2597	0.1752	0.2028	0.1726	0.1599	0.1656	0.1743	0.5851	0.1201	0.1391	0.1371	0.1390	0.1322	0.1345	0.1667	0.3188	0.0967	0.1003	0.1021	0.0989	0.0998	0.0994	0.1111	0.1937	0.0906	0.0926	0.0967	0.0958	0.0981	0.0980	0.1070	0.1304	0.0908	0.0932	0.0944	0.0951	0.0969	0.0972	0.1052	0.1019	0.0924	0.0931	0.0962	0.0972	0.0966	0.0971	0.1026	
0.7636	0.7769	0.7634	0.7523	0.6294	0.5820	0.2612	0.2308	0.7198	0.7452	0.6973	0.6078	0.4788	0.4449	0.4044	0.4079	0.6986	0.2793	0.1854	0.2163	0.1801	0.1692	0.1787	0.1835	0.6081	0.1353	0.1443	0.1458	0.1478	0.1336	0.1364	0.1500	0.3388	0.0972	0.1010	0.1037	0.1003	0.1013	0.0995	0.1164	0.2056	0.0913	0.0928	0.0968	0.0961	0.0977	0.0989	0.1131	0.1364	0.0907	0.0948	0.0963	0.0952	0.0977	0.0983	0.1055	0.1038	0.0931	0.0947	0.0956	0.0974	0.0955	0.0978	0.1019	
0.7639	0.7779	0.7638	0.7663	0.6537	0.6091	0.2806	0.2480	0.7171	0.7434	0.7111	0.6335	0.5054	0.4690	0.4290	0.4430	0.7008	0.2965	0.1924	0.2291	0.1861	0.1739	0.1817	0.1858	0.6281	0.1276	0.1477	0.1482	0.1514	0.1380	0.1407	0.1479	0.3638	0.0987	0.1023	0.1056	0.1008	0.1025	0.1009	0.1125	0.2184	0.0912	0.0933	0.0986	0.0961	0.0969	0.0991	0.1098	0.1418	0.0905	0.0929	0.0953	0.0961	0.0966	0.0974	0.1059	0.1053	0.0923	0.0948	0.0948	0.0971	0.0968	0.0961	0.0977	
0.7695	0.7775	0.7667	0.7757	0.6789	0.6348	0.2832	0.2493	0.7228	0.7469	0.7224	0.6638	0.5268	0.4890	0.4511	0.4292	0.7062	0.3206	0.2067	0.2373	0.1955	0.1852	0.1893	0.1945	0.6489	0.1327	0.1554	0.1534	0.1555	0.1429	0.1471	0.1606	0.3910	0.0999	0.1040	0.1072	0.1027	0.1033	0.1013	0.1126	0.2339	0.0920	0.0936	0.0973	0.0959	0.0984	0.0992	0.1080	0.1499	0.0910	0.0933	0.0953	0.0949	0.0972	0.0985	0.1059	0.1089	0.0920	0.0946	0.0946	0.0974	0.0988	0.0983	0.1012	
0.7663	0.7816	0.7670	0.7807	0.7020	0.6647	0.2983	0.2635	0.7240	0.7496	0.7254	0.6848	0.5522	0.5108	0.4723	0.4489	0.7030	0.3394	0.2169	0.2514	0.2066	0.1911	0.1959	0.2070	0.6708	0.1375	0.1636	0.1601	0.1644	0.1469	0.1483	0.1579	0.4119	0.1019	0.1056	0.1083	0.1035	0.1050	0.1022	0.1133	0.2489	0.0916	0.0949	0.0993	0.0954	0.0996	0.1004	0.1192	0.1580	0.0912	0.0934	0.0955	0.0962	0.0964	0.0986	0.1082	0.1116	0.0930	0.0940	0.0950	0.0977	0.0966	0.0971	0.0990	
0.7719	0.7823	0.7710	0.7828	0.7284	0.6943	0.3117	0.2700	0.7288	0.7522	0.7257	0.7094	0.5759	0.5350	0.4949	0.4705	0.7058	0.3628	0.2296	0.2682	0.2164	0.1985	0.2045	0.2081	0.6840	0.1444	0.1699	0.1689	0.1704	0.1519	0.1527	0.1661	0.4368	0.1018	0.1073	0.1100	0.1048	0.1077	0.1056	0.1152	0.2638	0.0926	0.0952	0.0998	0.0971	0.1022	0.1009	0.1073	0.1650	0.0908	0.0946	0.0957	0.0963	0.1014	0.0992	0.1059	0.1136	0.0926	0.0940	0.0941	0.0973	0.0981	0.0969	0.1012	
0.7745	0.7904	0.7765	0.7864	0.7568	0.7221	0.3315	0.3174	0.7328	0.7566	0.7325	0.7293	0.6042	0.5659	0.5215	0.4896	0.7088	0.3935	0.2412	0.2886	0.2263	0.2067	0.2170	0.2241	0.6979	0.1509	0.1769	0.1746	0.1762	0.1586	0.1566	0.1724	0.4641	0.1043	0.1086	0.1139	0.1055	0.1083	0.1043	0.1213	0.2854	0.0926	0.0956	0.0994	0.0968	0.1032	0.1009	0.1288	0.1758	0.0915	0.0931	0.0962	0.0952	0.1005	0.0997	0.1079	0.1195	0.0923	0.0940	0.0944	0.0970	0.0976	0.0985	0.0997	
