0.0941	0.0936	0.0940	0.0937	0.0922	0.0946	0.0934	0.0931	0.0970	0.0961	0.1018	0.0979	0.0991	0.0966	0.0964	0.0970	0.0974	0.0970	0.0985	0.0982	0.0996	0.0990	0.0986	0.0973	0.1064	0.1013	0.1218	0.1521	0.1141	0.1051	0.1085	0.1089	0.1002	0.1012	0.1016	0.1027	0.1023	0.1021	0.1033	0.1022	0.1143	0.1146	0.1270	0.1205	0.1247	0.1099	0.1102	0.1126	0.1068	0.1074	0.1051	0.1071	0.1066	0.1054	0.1049	0.1065	0.1220	0.1194	0.1256	0.1285	0.1162	0.1108	0.1115	0.1143	
0.0935	0.0937	0.0932	0.0932	0.0932	0.0944	0.0939	0.0935	0.0934	0.0922	0.0948	0.0927	0.0935	0.0927	0.0931	0.0930	0.0945	0.0941	0.0943	0.0952	0.0949	0.0956	0.0954	0.0947	0.0973	0.0962	0.0964	0.0966	0.0954	0.0953	0.0975	0.0954	0.0969	0.1002	0.0986	0.1004	0.1000	0.1010	0.1007	0.0982	0.1014	0.1014	0.1020	0.1006	0.1010	0.0996	0.1014	0.1001	0.1041	0.1047	0.1032	0.1046	0.1039	0.1048	0.1038	0.1047	0.1055	0.1052	0.1049	0.1064	0.1070	0.1049	0.1091	0.1061	
0.0943	0.0929	0.0938	0.0942	0.0943	0.0942	0.0944	0.0940	0.0936	0.0929	0.0943	0.0929	0.0932	0.0936	0.0933	0.0943	0.0951	0.0949	0.0946	0.0954	0.0946	0.0955	0.0956	0.0953	0.0968	0.0971	0.0966	0.0966	0.0963	0.0956	0.0965	0.0970	0.0977	0.1003	0.1003	0.0998	0.1000	0.1006	0.1017	0.0988	0.1019	0.1011	0.1010	0.1024	0.1003	0.1001	0.1012	0.0997	0.1033	0.1051	0.1029	0.1050	0.1034	0.1035	0.1041	0.1038	0.1060	0.1059	0.1049	0.1058	0.1065	0.1057	0.1060	0.1063	
0.0940	0.0934	0.0934	0.0933	0.0935	0.0940	0.0942	0.0935	0.0930	0.0928	0.0938	0.0925	0.0929	0.0928	0.0940	0.0929	0.0937	0.0940	0.0947	0.0947	0.0952	0.0942	0.0946	0.0940	0.0964	0.0971	0.0966	0.0959	0.0950	0.0960	0.0954	0.0961	0.0958	0.0995	0.0992	0.1004	0.0991	0.0996	0.1007	0.0984	0.1014	0.0997	0.1007	0.1002	0.1000	0.0994	0.1008	0.1007	0.1022	0.1041	0.1026	0.1033	0.1041	0.1040	0.1040	0.1034	0.1055	0.1039	0.1047	0.1055	0.1064	0.1058	0.1054	0.1055	
0.0943	0.0933	0.0930	0.0926	0.0935	0.0935	0.0941	0.0938	0.0933	0.0921	0.0935	0.0925	0.0931	0.0930	0.0932	0.0939	0.0939	0.0946	0.0946	0.0947	0.0943	0.0945	0.0938	0.0942	0.0965	0.0967	0.0953	0.0961	0.0951	0.0951	0.0957	0.0955	0.0973	0.1000	0.0988	0.0992	0.0990	0.0990	0.1010	0.0978	0.1010	0.0998	0.1008	0.1008	0.0993	0.0982	0.1006	0.1006	0.1047	0.1044	0.1023	0.1027	0.1029	0.1029	0.1038	0.1029	0.1053	0.1048	0.1045	0.1051	0.1050	0.1057	0.1055	0.1047	
0.0937	0.0932	0.0931	0.0931	0.0929	0.0933	0.0935	0.0925	0.0926	0.0916	0.0936	0.0925	0.0926	0.0926	0.0931	0.0931	0.0942	0.0934	0.0939	0.0942	0.0937	0.0941	0.0938	0.0934	0.0966	0.0961	0.0952	0.0960	0.0947	0.0952	0.0944	0.0946	0.0956	0.0990	0.0984	0.0990	0.0984	0.0995	0.1002	0.0978	0.1007	0.0999	0.1003	0.0991	0.1005	0.0993	0.0993	0.1001	0.1022	0.1039	0.1028	0.1027	0.1029	0.1037	0.1026	0.1033	0.1064	0.1039	0.1045	0.1038	0.1048	0.1040	0.1042	0.1047	
0.0949	0.0934	0.0934	0.0929	0.0932	0.0935	0.0942	0.0930	0.0929	0.0922	0.0935	0.0921	0.0929	0.0929	0.0937	0.0933	0.0939	0.0941	0.0942	0.0944	0.0941	0.0948	0.0945	0.0940	0.0965	0.0956	0.0961	0.0962	0.0946	0.0944	0.0949	0.0956	0.0965	0.0992	0.0987	0.0995	0.0987	0.0987	0.1003	0.0978	0.1000	0.1010	0.1008	0.0997	0.0998	0.0987	0.1001	0.1002	0.1029	0.1040	0.1025	0.1035	0.1023	0.1026	0.1022	0.1030	0.1054	0.1041	0.1039	0.1053	0.1042	0.1039	0.1048	0.1043	
0.0936	0.0935	0.0932	0.0928	0.0932	0.0931	0.0940	0.0935	0.0927	0.0924	0.0930	0.0925	0.0925	0.0924	0.0928	0.0931	0.0937	0.0944	0.0949	0.0940	0.0933	0.0941	0.0937	0.0929	0.0964	0.0955	0.0950	0.0950	0.0950	0.0948	0.0950	0.0943	0.0962	0.0991	0.0982	0.0986	0.0981	0.0985	0.0998	0.0972	0.1009	0.0992	0.0995	0.0995	0.0992	0.0989	0.0998	0.0995	0.1020	0.1029	0.1023	0.1025	0.1026	0.1019	0.1028	0.1025	0.1053	0.1048	0.1034	0.1036	0.1044	0.1031	0.1032	0.1042	
0.0948	0.0938	0.0940	0.0935	0.0934	0.0942	0.0942	0.0936	0.0940	0.0929	0.0937	0.0928	0.0935	0.0928	0.0935	0.0937	0.0944	0.0946	0.0939	0.0950	0.0939	0.0939	0.0949	0.0938	0.0965	0.0957	0.0961	0.0965	0.0952	0.0948	0.0966	0.0955	0.0969	0.0996	0.0986	0.0996	0.0995	0.0992	0.1002	0.0981	0.1016	0.1001	0.1003	0.1006	0.0993	0.0992	0.1005	0.1001	0.1030	0.1038	0.1023	0.1034	0.1036	0.1027	0.1024	0.1024	0.1057	0.1051	0.1044	0.1048	0.1053	0.1044	0.1045	0.1033	
0.0949	0.0952	0.0944	0.0940	0.0948	0.0941	0.0950	0.0941	0.0940	0.0937	0.0941	0.0931	0.0932	0.0939	0.0936	0.0941	0.0946	0.0952	0.0951	0.0946	0.0947	0.0942	0.0943	0.0943	0.0975	0.0966	0.0958	0.0958	0.0958	0.0952	0.0960	0.0961	0.0972	0.0997	0.0991	0.0995	0.1003	0.0990	0.1003	0.0988	0.1026	0.1027	0.1011	0.1005	0.1001	0.0991	0.1002	0.1004	0.1030	0.1044	0.1017	0.1039	0.1032	0.1032	0.1021	0.1030	0.1060	0.1042	0.1052	0.1040	0.1044	0.1038	0.1050	0.1056	
0.0956	0.0945	0.0941	0.0933	0.0936	0.0938	0.0940	0.0937	0.0934	0.0929	0.0941	0.0927	0.0923	0.0932	0.0937	0.0927	0.0948	0.0946	0.0945	0.0946	0.0937	0.0939	0.0943	0.0931	0.0980	0.0963	0.0955	0.0951	0.0946	0.0947	0.0950	0.0941	0.0967	0.0992	0.0985	0.0989	0.0993	0.0981	0.0989	0.0968	0.1018	0.0991	0.1000	0.1006	0.0990	0.0994	0.1003	0.0991	0.1026	0.1040	0.1024	0.1027	0.1028	0.1026	0.1023	0.1030	0.1054	0.1044	0.1039	0.1039	0.1044	0.1039	0.1060	0.1055	
0.0961	0.0942	0.0934	0.0942	0.0944	0.0941	0.0946	0.0940	0.0940	0.0931	0.0939	0.0933	0.0929	0.0931	0.0931	0.0932	0.0944	0.0954	0.0939	0.0940	0.0936	0.0940	0.0941	0.0932	0.0965	0.0954	0.0964	0.0965	0.0954	0.0939	0.0952	0.0953	0.0969	0.0991	0.0977	0.0986	0.0991	0.0985	0.0997	0.0978	0.1005	0.1009	0.1014	0.1006	0.1003	0.0985	0.0998	0.0988	0.1029	0.1039	0.1028	0.1038	0.1020	0.1084	0.1084	0.1026	0.1059	0.1048	0.1035	0.1041	0.1044	0.1037	0.1039	0.1040	
0.0951	0.0938	0.0931	0.0927	0.0926	0.0932	0.0937	0.0923	0.0929	0.0926	0.0931	0.0920	0.0925	0.0928	0.0923	0.0924	0.0931	0.0935	0.0937	0.0933	0.0933	0.0934	0.0932	0.0932	0.0959	0.0950	0.0953	0.0945	0.0940	0.0928	0.0943	0.0940	0.0963	0.0986	0.0972	0.0977	0.0986	0.0975	0.0986	0.0966	0.0998	0.0992	0.0997	0.0980	0.0990	0.0987	0.0994	0.0986	0.1022	0.1030	0.1014	0.1019	0.1016	0.1023	0.1014	0.1012	0.1048	0.1043	0.1028	0.1033	0.1038	0.1024	0.1027	0.1021	
0.0954	0.0948	0.0941	0.0936	0.0934	0.0940	0.0943	0.0931	0.0948	0.0943	0.0941	0.0933	0.0933	0.0933	0.0933	0.0928	0.0947	0.0942	0.0939	0.0938	0.0939	0.0933	0.0934	0.0937	0.0962	0.0961	0.0952	0.0960	0.0946	0.0956	0.0949	0.0963	0.0976	0.0996	0.0986	0.0989	0.0991	0.0988	0.0999	0.0978	0.1022	0.0996	0.0997	0.0987	0.0988	0.0988	0.1008	0.0994	0.1032	0.1049	0.1027	0.1024	0.1026	0.1030	0.1018	0.1013	0.1053	0.1045	0.1041	0.1049	0.1043	0.1042	0.1039	0.1047	
0.0974	0.0960	0.0942	0.0933	0.0940	0.0940	0.0949	0.0936	0.0947	0.0944	0.0947	0.0928	0.0924	0.0938	0.0937	0.0935	0.0955	0.0954	0.0946	0.0947	0.0936	0.0941	0.0942	0.0930	0.0970	0.0957	0.0960	0.0958	0.0951	0.0951	0.0952	0.0946	0.0970	0.0996	0.0993	0.0983	0.0986	0.0987	0.0997	0.0978	0.1018	0.1004	0.1012	0.1005	0.0995	0.0995	0.1000	0.0999	0.1033	0.1069	0.1027	0.1027	0.1021	0.1026	0.1019	0.1020	0.1059	0.1045	0.1045	0.1045	0.1050	0.1036	0.1033	0.1039	
0.0967	0.0957	0.0947	0.0936	0.0940	0.0940	0.0934	0.0933	0.0940	0.0944	0.0944	0.0931	0.0934	0.0927	0.0937	0.0930	0.0944	0.0947	0.0947	0.0942	0.0931	0.0935	0.0934	0.0926	0.0968	0.0958	0.0948	0.0941	0.0940	0.0934	0.0939	0.0939	0.0958	0.1002	0.0977	0.0974	0.0976	0.0982	0.0989	0.0964	0.1013	0.1007	0.0991	0.0983	0.0989	0.0978	0.0989	0.0993	0.1030	0.1034	0.1005	0.1020	0.1014	0.1019	0.1016	0.1008	0.1052	0.1040	0.1037	0.1034	0.1029	0.1028	0.1039	0.1041	
0.0973	0.0959	0.0947	0.0933	0.0941	0.0934	0.0944	0.0931	0.0948	0.0945	0.0943	0.0926	0.0928	0.0933	0.0940	0.0936	0.0947	0.0950	0.0948	0.0941	0.0933	0.0941	0.0937	0.0931	0.0968	0.0955	0.0961	0.0952	0.0951	0.0941	0.0943	0.0936	0.0968	0.0983	0.0981	0.0981	0.0976	0.0989	0.0981	0.0969	0.1011	0.0992	0.1003	0.0989	0.0992	0.0979	0.0994	0.0983	0.1012	0.1028	0.1020	0.1021	0.1018	0.1013	0.1018	0.1012	0.1052	0.1040	0.1021	0.1038	0.1037	0.1033	0.1027	0.1035	
0.0979	0.0959	0.0948	0.0932	0.0941	0.0940	0.0944	0.0932	0.0955	0.0946	0.0949	0.0921	0.0927	0.0933	0.0940	0.0937	0.0952	0.0952	0.0946	0.0948	0.0936	0.0941	0.0935	0.0938	0.0975	0.0962	0.0955	0.0947	0.0947	0.0940	0.0945	0.0940	0.0969	0.0992	0.0978	0.0984	0.0979	0.0967	0.0988	0.0960	0.1020	0.1007	0.1000	0.0996	0.0994	0.0969	0.0992	0.0996	0.1036	0.1030	0.1019	0.1024	0.1010	0.1024	0.1006	0.1011	0.1062	0.1043	0.1032	0.1022	0.1039	0.1021	0.1033	0.1038	
0.0983	0.0961	0.0946	0.0935	0.0934	0.0937	0.0934	0.0926	0.0952	0.0942	0.0947	0.0923	0.0923	0.0924	0.0926	0.0930	0.0951	0.0951	0.0946	0.0937	0.0944	0.0934	0.0939	0.0926	0.0970	0.0959	0.0951	0.0947	0.0937	0.0938	0.0941	0.0934	0.0962	0.0993	0.0974	0.0976	0.0972	0.0973	0.0981	0.0961	0.1008	0.0996	0.0999	0.0976	0.0977	0.0974	0.0976	0.0979	0.1023	0.1035	0.1017	0.1018	0.1000	0.1002	0.0998	0.1001	0.1041	0.1050	0.1030	0.1034	0.1028	0.1028	0.1032	0.1036	
0.0990	0.0971	0.0958	0.0940	0.0937	0.0942	0.0937	0.0933	0.0957	0.0963	0.0960	0.0938	0.0936	0.0940	0.0939	0.0933	0.0956	0.0952	0.0943	0.0943	0.0931	0.0935	0.0937	0.0926	0.0971	0.0950	0.0952	0.0945	0.0947	0.0930	0.0936	0.0939	0.0971	0.0989	0.0980	0.0980	0.0968	0.0973	0.0979	0.0964	0.1017	0.1001	0.0999	0.0982	0.0985	0.0977	0.0989	0.0988	0.1024	0.1042	0.1020	0.1016	0.1011	0.1019	0.1009	0.1012	0.1048	0.1047	0.1037	0.1025	0.1032	0.1019	0.1027	0.1028	
0.0999	0.0984	0.0960	0.0940	0.0937	0.0936	0.0937	0.0931	0.0959	0.0951	0.0960	0.0928	0.0929	0.0926	0.0935	0.0936	0.0959	0.0949	0.0945	0.0933	0.0928	0.0930	0.0926	0.0922	0.0987	0.0956	0.0945	0.0944	0.0940	0.0932	0.0932	0.0936	0.0955	0.0997	0.0979	0.0970	0.0969	0.0966	0.0980	0.0963	0.1012	0.1000	0.0991	0.0996	0.0975	0.0968	0.0977	0.0979	0.1037	0.1023	0.1011	0.1010	0.1004	0.1005	0.1006	0.1000	0.1048	0.1043	0.1027	0.1026	0.1025	0.1012	0.1019	0.1028	
0.0996	0.0981	0.0968	0.0937	0.0930	0.0930	0.0928	0.0930	0.0960	0.0953	0.0959	0.0955	0.0923	0.0922	0.0930	0.0929	0.0958	0.0956	0.0944	0.0934	0.0924	0.0931	0.0928	0.0924	0.0967	0.0957	0.0950	0.0941	0.0941	0.0930	0.0926	0.0940	0.0961	0.0987	0.0969	0.0979	0.0962	0.0977	0.0972	0.0953	0.1011	0.0996	0.0987	0.0971	0.0973	0.0966	0.0983	0.0976	0.1017	0.1026	0.1000	0.1015	0.0998	0.0995	0.0999	0.0995	0.1057	0.1039	0.1025	0.1015	0.1026	0.1006	0.1017	0.1024	
0.1013	0.0994	0.0974	0.0942	0.0937	0.0937	0.0934	0.0931	0.0971	0.0968	0.0971	0.0933	0.0925	0.0952	0.0962	0.0968	0.0963	0.0961	0.0949	0.0939	0.0926	0.0929	0.0929	0.0924	0.0976	0.0967	0.0952	0.0941	0.0944	0.0933	0.0933	0.0933	0.0968	0.0993	0.0978	0.0975	0.0969	0.0963	0.0978	0.0955	0.1014	0.1007	0.0995	0.0978	0.0977	0.0974	0.0980	0.0985	0.1034	0.1060	0.1012	0.1011	0.1006	0.1005	0.1000	0.1004	0.1058	0.1050	0.1029	0.1032	0.1027	0.1016	0.1018	0.1016	
0.1025	0.0997	0.0980	0.0945	0.0938	0.0934	0.0942	0.0927	0.0982	0.0979	0.0978	0.0933	0.0920	0.0925	0.0930	0.0934	0.0975	0.0963	0.0946	0.0933	0.0932	0.0924	0.0932	0.0921	0.0984	0.0960	0.0958	0.0939	0.0932	0.0933	0.0933	0.0930	0.0966	0.0994	0.0971	0.0976	0.0957	0.0966	0.0981	0.0954	0.1011	0.0990	0.0990	0.0971	0.0974	0.0969	0.0984	0.0978	0.1039	0.1029	0.1018	0.1005	0.0993	0.1002	0.0996	0.0986	0.1056	0.1047	0.1034	0.1014	0.1025	0.1004	0.1007	0.1018	
0.1034	0.1005	0.0989	0.0947	0.0933	0.0934	0.0938	0.0931	0.0985	0.0980	0.0984	0.0939	0.0934	0.0926	0.0933	0.0936	0.0973	0.0963	0.0957	0.0943	0.0926	0.0933	0.0930	0.0919	0.0971	0.0953	0.0951	0.0942	0.0939	0.0928	0.0932	0.0936	0.0960	0.0982	0.0974	0.0964	0.0973	0.0968	0.0971	0.0951	0.1012	0.0998	0.0989	0.0976	0.0975	0.0968	0.0983	0.0975	0.1016	0.1046	0.1010	0.1006	0.0999	0.1001	0.1012	0.1001	0.1057	0.1036	0.1025	0.1016	0.1022	0.1014	0.1012	0.1024	
0.1052	0.1022	0.1010	0.0961	0.0930	0.0948	0.0941	0.0940	0.0994	0.0993	0.0985	0.0949	0.0937	0.0932	0.0941	0.0939	0.0990	0.0976	0.0972	0.0955	0.0940	0.0943	0.0934	0.0932	0.0983	0.0972	0.0968	0.0947	0.0942	0.0936	0.0939	0.0937	0.0973	0.1001	0.0982	0.0978	0.0974	0.0976	0.0982	0.0963	0.1015	0.1000	0.0994	0.0982	0.0969	0.0984	0.0979	0.0981	0.1030	0.1038	0.1022	0.1010	0.1012	0.1010	0.1003	0.1003	0.1058	0.1055	0.1040	0.1025	0.1019	0.1019	0.1021	0.1028	
0.1061	0.1021	0.1007	0.0948	0.0925	0.0938	0.0941	0.0927	0.0993	0.0989	0.0990	0.0939	0.0926	0.0930	0.0931	0.0928	0.0984	0.0969	0.0955	0.0941	0.0927	0.0930	0.0926	0.0922	0.0984	0.0957	0.0955	0.0948	0.0931	0.0929	0.0926	0.0926	0.0961	0.0996	0.0968	0.0969	0.0961	0.0954	0.0975	0.0952	0.1001	0.0986	0.0991	0.0975	0.0968	0.0963	0.0970	0.0968	0.1015	0.1038	0.1020	0.1017	0.0994	0.0992	0.0993	0.0997	0.1052	0.1040	0.1032	0.1017	0.1021	0.1005	0.1010	0.1014	
0.1079	0.1036	0.1014	0.0950	0.0934	0.0935	0.0938	0.0933	0.1006	0.0994	0.1001	0.0942	0.0927	0.0933	0.0935	0.0938	0.0984	0.0976	0.0962	0.0942	0.0931	0.0935	0.0938	0.0926	0.0984	0.0967	0.0964	0.0955	0.0933	0.0939	0.0931	0.0934	0.0966	0.0989	0.0975	0.0970	0.0966	0.0967	0.0976	0.0951	0.1007	0.0988	0.0988	0.0971	0.0971	0.0974	0.0970	0.0973	0.1024	0.1045	0.1010	0.1004	0.0990	0.0995	0.0989	0.1000	0.1055	0.1043	0.1037	0.1016	0.1015	0.1004	0.1013	0.1017	
0.1084	0.1053	0.1026	0.0951	0.0933	0.0931	0.0936	0.0923	0.1015	0.0996	0.1001	0.0940	0.0918	0.0921	0.0927	0.0931	0.0987	0.0972	0.0969	0.0950	0.0929	0.0924	0.0929	0.0918	0.0988	0.0953	0.0945	0.0941	0.0926	0.0929	0.0931	0.0926	0.0970	0.0982	0.0972	0.0966	0.0964	0.0954	0.0989	0.0952	0.1011	0.0991	0.0983	0.0965	0.0970	0.0964	0.0972	0.0965	0.1018	0.1028	0.1012	0.1005	0.0988	0.0993	0.0986	0.0999	0.1044	0.1034	0.1031	0.1006	0.1008	0.1002	0.0998	0.1011	
0.1100	0.1055	0.1039	0.0966	0.0931	0.0934	0.0935	0.0933	0.1025	0.1013	0.1011	0.0943	0.0926	0.0933	0.0936	0.0926	0.0994	0.0979	0.0971	0.0940	0.0930	0.0929	0.0931	0.0921	0.0986	0.0972	0.0958	0.0947	0.0937	0.0929	0.0919	0.0922	0.0973	0.0990	0.0979	0.0967	0.0968	0.0957	0.0969	0.0945	0.1017	0.0995	0.0998	0.0973	0.0968	0.0968	0.0976	0.0961	0.1028	0.1033	0.1015	0.1012	0.0993	0.0991	0.0988	0.0994	0.1058	0.1050	0.1027	0.1019	0.1006	0.1005	0.1015	0.1009	
0.1126	0.1074	0.1046	0.0967	0.0933	0.0933	0.0941	0.0922	0.1044	0.1022	0.1013	0.0951	0.0923	0.0924	0.0932	0.0934	0.0999	0.0976	0.0973	0.0950	0.0929	0.0932	0.0926	0.0916	0.0996	0.0960	0.0959	0.0941	0.0934	0.0925	0.0931	0.0925	0.0977	0.0987	0.0973	0.0977	0.0959	0.0953	0.0967	0.0944	0.1034	0.0989	0.0993	0.0965	0.0964	0.0955	0.0970	0.0962	0.1031	0.1026	0.1003	0.0999	0.0988	0.0985	0.0989	0.0984	0.1052	0.1035	0.1029	0.1028	0.1018	0.1013	0.1005	0.1012	
0.1157	0.1101	0.1056	0.0967	0.0938	0.0936	0.0940	0.0931	0.1054	0.1035	0.1032	0.1037	0.0927	0.0926	0.0932	0.0938	0.1002	0.0994	0.0985	0.0956	0.0933	0.0924	0.0930	0.0920	0.1000	0.0974	0.0964	0.0944	0.0942	0.0923	0.0934	0.0932	0.0970	0.0983	0.0977	0.0963	0.0956	0.0959	0.0963	0.0946	0.1014	0.1003	0.0992	0.0974	0.0966	0.0961	0.0976	0.0968	0.1023	0.1034	0.1014	0.1004	0.0986	0.0992	0.0994	0.0987	0.1047	0.1044	0.1029	0.1032	0.1015	0.0998	0.1011	0.1008	
0.1190	0.1117	0.1072	0.0974	0.0939	0.0939	0.0946	0.0930	0.1073	0.1051	0.1042	0.0967	0.0930	0.0934	0.0938	0.0936	0.1016	0.0996	0.0992	0.0955	0.0933	0.0935	0.0940	0.0929	0.1002	0.0975	0.0975	0.0950	0.0935	0.0926	0.0934	0.0932	0.0977	0.0977	0.0975	0.0974	0.0956	0.0956	0.0975	0.0951	0.1018	0.0987	0.0976	0.0970	0.0964	0.0958	0.0971	0.0967	0.1028	0.1034	0.1015	0.1000	0.0999	0.0990	0.0985	0.0993	0.1065	0.1045	0.1029	0.1021	0.1014	0.0999	0.1013	0.1016	
0.1212	0.1138	0.1086	0.0980	0.0942	0.0941	0.0937	0.0929	0.1084	0.1053	0.1048	0.0965	0.0933	0.0932	0.0931	0.0932	0.1027	0.1002	0.0986	0.0959	0.0924	0.0930	0.0933	0.0919	0.0995	0.0970	0.0978	0.0950	0.0936	0.0920	0.0927	0.0931	0.0974	0.0974	0.0979	0.0964	0.0959	0.0952	0.0963	0.0948	0.1009	0.0986	0.0989	0.0977	0.0970	0.0961	0.0972	0.0958	0.1014	0.1042	0.1013	0.1015	0.0986	0.0988	0.0990	0.0985	0.1053	0.1029	0.1030	0.1023	0.1014	0.0986	0.1005	0.1012	
0.1257	0.1175	0.1106	0.0982	0.0938	0.0938	0.0938	0.0941	0.1112	0.1060	0.1058	0.0975	0.0930	0.0932	0.0938	0.0935	0.1035	0.1007	0.0994	0.0961	0.0937	0.0933	0.0933	0.0929	0.1000	0.0979	0.0977	0.0955	0.0933	0.0918	0.0935	0.0918	0.0976	0.0982	0.0978	0.0969	0.0962	0.0955	0.0967	0.0940	0.1006	0.0995	0.0980	0.0979	0.0967	0.0960	0.0977	0.0969	0.1021	0.1037	0.1020	0.1004	0.0993	0.0988	0.0987	0.0987	0.1056	0.1052	0.1017	0.1015	0.1004	0.0994	0.1003	0.1007	
0.1273	0.1201	0.1120	0.0986	0.0929	0.0932	0.0935	0.0933	0.1138	0.1088	0.1067	0.0972	0.0935	0.0934	0.0936	0.0933	0.1041	0.1009	0.0996	0.0962	0.0930	0.0927	0.0938	0.0926	0.1009	0.0972	0.0974	0.0943	0.0927	0.0923	0.0932	0.0929	0.0971	0.0983	0.0967	0.0966	0.0957	0.0949	0.0960	0.0939	0.1001	0.0985	0.0981	0.0963	0.0959	0.0956	0.0958	0.0961	0.1011	0.1027	0.1004	0.1010	0.0986	0.0984	0.0975	0.0978	0.1050	0.1044	0.1026	0.1007	0.1006	0.0988	0.1006	0.1003	
0.1313	0.1224	0.1136	0.0999	0.0938	0.0935	0.0935	0.0930	0.1159	0.1107	0.1079	0.0981	0.0935	0.0931	0.0934	0.0931	0.1056	0.1018	0.0999	0.0961	0.0930	0.0929	0.0932	0.0929	0.1009	0.0977	0.0978	0.0953	0.0926	0.0921	0.0926	0.0925	0.0973	0.0971	0.0978	0.0970	0.0954	0.0951	0.0965	0.0938	0.1002	0.0994	0.0986	0.0969	0.0958	0.0955	0.0960	0.0958	0.1014	0.1041	0.1017	0.0998	0.0982	0.0984	0.0977	0.0985	0.1036	0.1039	0.1026	0.1007	0.1006	0.0989	0.1013	0.0998	
0.1386	0.1265	0.1169	0.1059	0.0979	0.0936	0.0937	0.0925	0.1187	0.1126	0.1087	0.0980	0.0937	0.0932	0.0936	0.0931	0.1078	0.1026	0.1006	0.0967	0.0932	0.0939	0.0928	0.0923	0.1017	0.0983	0.0993	0.0957	0.0932	0.0921	0.0923	0.0929	0.0969	0.0972	0.0980	0.0959	0.0957	0.0951	0.0958	0.0931	0.0998	0.0997	0.0976	0.0967	0.0969	0.0950	0.0962	0.0955	0.1016	0.1027	0.1012	0.1010	0.0985	0.0984	0.0977	0.0983	0.1051	0.1035	0.1032	0.1017	0.1007	0.0991	0.0993	0.1000	
0.1429	0.1322	0.1183	0.1010	0.0935	0.0934	0.0939	0.0931	0.1225	0.1143	0.1104	0.0987	0.0928	0.0929	0.0929	0.0928	0.1089	0.1029	0.1003	0.0971	0.0925	0.0924	0.0935	0.0925	0.1018	0.0982	0.0987	0.0949	0.0928	0.0911	0.0931	0.0923	0.0977	0.0977	0.0965	0.0960	0.0946	0.0944	0.0958	0.0939	0.1002	0.0987	0.0980	0.0971	0.0952	0.0952	0.0965	0.0948	0.1017	0.1024	0.1004	0.0999	0.0976	0.0966	0.0971	0.0974	0.1045	0.1039	0.1030	0.1014	0.0996	0.0990	0.0985	0.0985	
0.1491	0.1356	0.1210	0.1021	0.0934	0.0931	0.0938	0.0932	0.1269	0.1172	0.1118	0.0999	0.0928	0.0927	0.0931	0.0934	0.1098	0.1032	0.1011	0.0969	0.0932	0.0929	0.0924	0.0922	0.1033	0.0982	0.0987	0.0954	0.0930	0.0924	0.0923	0.0928	0.0970	0.0969	0.0980	0.0958	0.0953	0.0943	0.0959	0.0928	0.1011	0.0999	0.0988	0.0964	0.0945	0.0947	0.0957	0.0952	0.1034	0.1032	0.1012	0.0992	0.0979	0.0975	0.0966	0.0978	0.1047	0.1034	0.1030	0.1011	0.0999	0.0989	0.0985	0.1002	
0.1549	0.1414	0.1228	0.1030	0.0924	0.0933	0.0940	0.0921	0.1307	0.1188	0.1119	0.0989	0.0928	0.0928	0.0931	0.0919	0.1114	0.1051	0.1016	0.0967	0.0922	0.0926	0.0925	0.0911	0.1029	0.0983	0.0977	0.0950	0.0925	0.0916	0.0918	0.0913	0.0960	0.0975	0.0970	0.0948	0.0940	0.0938	0.0946	0.0930	0.1005	0.0977	0.0974	0.0967	0.0944	0.0945	0.0947	0.0960	0.1008	0.1027	0.0996	0.0989	0.0969	0.0978	0.0965	0.0974	0.1050	0.1036	0.1029	0.1007	0.0993	0.0983	0.0995	0.0987	
0.1664	0.1485	0.1269	0.1071	0.0928	0.0936	0.0928	0.0931	0.1372	0.1219	0.1144	0.1002	0.0928	0.0934	0.0927	0.0930	0.1141	0.1068	0.1028	0.0979	0.0928	0.0930	0.0923	0.0923	0.1046	0.1001	0.0993	0.0952	0.0933	0.0928	0.0934	0.0926	0.0978	0.0969	0.0961	0.0955	0.0946	0.0944	0.0952	0.0934	0.1007	0.0991	0.0981	0.0958	0.0947	0.0936	0.0963	0.0949	0.1014	0.1024	0.1007	0.0988	0.0982	0.0975	0.0971	0.0975	0.1051	0.1040	0.1029	0.1023	0.1002	0.0975	0.1000	0.0994	
0.1713	0.1552	0.1308	0.1053	0.0930	0.0933	0.0935	0.0931	0.1422	0.1252	0.1161	0.1007	0.0930	0.0924	0.0928	0.0918	0.1170	0.1074	0.1022	0.0965	0.0933	0.0924	0.0928	0.0913	0.1050	0.0988	0.0987	0.0953	0.0924	0.0921	0.0919	0.0918	0.0971	0.0966	0.0961	0.0962	0.0947	0.0939	0.0944	0.0939	0.1004	0.0982	0.0980	0.0965	0.0944	0.0943	0.0954	0.0943	0.1013	0.1026	0.0998	0.0995	0.0974	0.0973	0.0964	0.0966	0.1044	0.1047	0.1022	0.1012	0.0991	0.0983	0.0987	0.0989	
0.1800	0.1638	0.1368	0.1078	0.0942	0.0935	0.0935	0.0934	0.1490	0.1322	0.1197	0.1030	0.0935	0.0934	0.0932	0.0939	0.1213	0.1108	0.1052	0.0986	0.0931	0.0934	0.0937	0.0923	0.1077	0.1009	0.1002	0.0968	0.0930	0.0923	0.0933	0.0929	0.0993	0.0971	0.0975	0.0967	0.0954	0.0948	0.0958	0.0938	0.1015	0.0978	0.0982	0.0968	0.0956	0.0964	0.0963	0.0959	0.1029	0.1034	0.1004	0.0997	0.0989	0.0975	0.0972	0.0981	0.1047	0.1048	0.1028	0.1017	0.0999	0.0992	0.0992	0.0997	
0.1934	0.1738	0.1419	0.1090	0.0941	0.0939	0.0940	0.0938	0.1568	0.1369	0.1213	0.1037	0.0930	0.0934	0.0935	0.0933	0.1245	0.1135	0.1062	0.0987	0.0933	0.0932	0.0928	0.0921	0.1089	0.1021	0.1006	0.0964	0.0928	0.0929	0.0929	0.0927	0.0989	0.0978	0.0975	0.0959	0.0945	0.0937	0.0951	0.0925	0.1007	0.0982	0.0974	0.0964	0.0957	0.0948	0.0958	0.0946	0.1018	0.1025	0.1006	0.0994	0.0977	0.0974	0.0969	0.0969	0.1054	0.1049	0.1029	0.1013	0.0996	0.0982	0.0994	0.0985	
0.2020	0.1842	0.1495	0.1104	0.0939	0.0940	0.0931	0.0926	0.1648	0.1423	0.1248	0.1049	0.0924	0.0935	0.0927	0.0929	0.1284	0.1147	0.1061	0.0989	0.0926	0.0928	0.0932	0.0921	0.1107	0.1022	0.1010	0.0969	0.0924	0.0927	0.0934	0.0923	0.0994	0.0982	0.0971	0.0958	0.0945	0.0939	0.0947	0.0922	0.1005	0.0987	0.0979	0.0962	0.0956	0.0944	0.0952	0.0942	0.1024	0.1024	0.1005	0.0991	0.0974	0.0970	0.0968	0.0963	0.1050	0.1051	0.1029	0.1003	0.0992	0.0983	0.0985	0.0984	
0.2196	0.1973	0.1559	0.1125	0.0929	0.0936	0.0938	0.0926	0.1772	0.1512	0.1291	0.1061	0.0932	0.0930	0.0928	0.0937	0.1351	0.1193	0.1080	0.1009	0.0931	0.0934	0.0931	0.0920	0.1137	0.1041	0.1016	0.0968	0.0926	0.0923	0.0924	0.0925	0.1010	0.0983	0.0960	0.0961	0.0934	0.0934	0.0950	0.0927	0.1008	0.0978	0.0959	0.0954	0.0948	0.0947	0.0951	0.0939	0.1018	0.1021	0.1007	0.0993	0.0977	0.0968	0.0972	0.0963	0.1041	0.1044	0.1036	0.1013	0.0989	0.0988	0.0981	0.0986	
0.2366	0.2132	0.1656	0.1147	0.0938	0.0942	0.0937	0.0934	0.1883	0.1605	0.1340	0.1078	0.0945	0.0928	0.0939	0.0934	0.1391	0.1225	0.1102	0.1009	0.0929	0.0933	0.0925	0.0926	0.1161	0.1057	0.1026	0.0976	0.0935	0.0933	0.0927	0.0923	0.1021	0.0985	0.0980	0.0975	0.0936	0.0943	0.0946	0.0935	0.1014	0.0986	0.0975	0.0956	0.0953	0.0955	0.0951	0.0946	0.1004	0.1028	0.1007	0.1004	0.0965	0.0975	0.0978	0.0975	0.1053	0.1038	0.1033	0.1009	0.0987	0.0983	0.0988	0.0990	
0.2518	0.2263	0.1734	0.1168	0.0924	0.0925	0.0931	0.0924	0.1976	0.1668	0.1387	0.1079	0.0930	0.0926	0.0925	0.0931	0.1452	0.1260	0.1116	0.1012	0.0919	0.0927	0.0928	0.0922	0.1186	0.1067	0.1039	0.0967	0.0922	0.0919	0.0926	0.0922	0.1026	0.0991	0.0974	0.0955	0.0938	0.0930	0.0945	0.0917	0.1009	0.0982	0.0967	0.0948	0.0940	0.0935	0.0942	0.0942	0.1004	0.1009	0.1002	0.0997	0.0974	0.0962	0.0952	0.0955	0.1034	0.1042	0.1030	0.1001	0.0986	0.0971	0.0977	0.0981	
0.2646	0.2444	0.1851	0.1198	0.0943	0.0936	0.0930	0.0926	0.2119	0.1772	0.1427	0.1105	0.0936	0.0929	0.0929	0.0927	0.1513	0.1318	0.1148	0.1024	0.0927	0.0926	0.0933	0.0915	0.1237	0.1097	0.1044	0.0973	0.0928	0.0922	0.0926	0.0924	0.1060	0.0985	0.0980	0.0963	0.0940	0.0938	0.0943	0.0929	0.1022	0.0993	0.0972	0.0939	0.0939	0.0940	0.0940	0.0946	0.1013	0.1032	0.0989	0.0997	0.0967	0.0969	0.0960	0.0959	0.1051	0.1031	0.1033	0.1014	0.0984	0.0973	0.0983	0.0981	
0.2864	0.2621	0.1961	0.1227	0.0937	0.0931	0.0933	0.0926	0.2301	0.1901	0.1500	0.1124	0.0940	0.0925	0.0931	0.0927	0.1580	0.1370	0.1175	0.1038	0.0926	0.0928	0.0930	0.0919	0.1281	0.1125	0.1058	0.0985	0.0924	0.0918	0.0927	0.0913	0.1071	0.1001	0.0978	0.0957	0.0943	0.0936	0.0944	0.0919	0.1025	0.0989	0.0965	0.0958	0.0940	0.0933	0.0937	0.0931	0.1006	0.1022	0.1005	0.0993	0.0973	0.0964	0.0965	0.0964	0.1042	0.1030	0.1019	0.1014	0.0985	0.0970	0.0969	0.0974	
0.3068	0.2832	0.2106	0.1255	0.0929	0.0934	0.0934	0.0922	0.2425	0.2021	0.1559	0.1135	0.0936	0.0921	0.0931	0.0930	0.1652	0.1420	0.1208	0.1041	0.0924	0.0930	0.0926	0.0914	0.1315	0.1144	0.1079	0.0982	0.0925	0.0920	0.0930	0.0925	0.1090	0.1007	0.0984	0.0951	0.0932	0.0929	0.0941	0.0927	0.1024	0.0998	0.0970	0.0951	0.0942	0.0929	0.0948	0.0937	0.1006	0.1021	0.1003	0.0993	0.0964	0.0951	0.0955	0.0955	0.1043	0.1032	0.1015	0.1005	0.0986	0.0968	0.0972	0.0975	
0.3317	0.3059	0.2227	0.1303	0.0921	0.0929	0.0936	0.0922	0.2604	0.2139	0.1643	0.1170	0.0934	0.0926	0.0924	0.0928	0.1771	0.1487	0.1245	0.1050	0.0933	0.0930	0.0924	0.0918	0.1376	0.1171	0.1096	0.0981	0.0918	0.0918	0.0918	0.0919	0.1108	0.1013	0.0979	0.0958	0.0941	0.0932	0.0941	0.0914	0.1036	0.1008	0.0961	0.0947	0.0937	0.0931	0.0939	0.0938	0.1006	0.1009	0.0985	0.0987	0.0948	0.0951	0.0951	0.0945	0.1055	0.1026	0.1015	0.0997	0.0974	0.0968	0.0983	0.0966	
0.3571	0.3308	0.2410	0.1360	0.0939	0.0935	0.0936	0.0926	0.2838	0.2323	0.1750	0.1195	0.0940	0.0934	0.0937	0.0935	0.1862	0.1580	0.1291	0.1068	0.0927	0.0926	0.0929	0.0924	0.1437	0.1214	0.1102	0.0992	0.0927	0.0920	0.0920	0.0921	0.1161	0.1022	0.0990	0.0948	0.0945	0.0937	0.0943	0.0935	0.1053	0.1013	0.0975	0.0947	0.0951	0.0939	0.0942	0.0947	0.1012	0.1012	0.0996	0.0979	0.0975	0.0963	0.0958	0.0956	0.1044	0.1041	0.1022	0.1007	0.0979	0.0969	0.0974	0.0975	
0.3804	0.3557	0.2617	0.1391	0.0933	0.0924	0.0925	0.0918	0.2997	0.2499	0.1811	0.1208	0.0939	0.0921	0.0916	0.0923	0.1973	0.1632	0.1319	0.1063	0.0924	0.0922	0.0917	0.0914	0.1492	0.1251	0.1109	0.0986	0.0921	0.0910	0.0919	0.0912	0.1164	0.1038	0.0980	0.0958	0.0932	0.0918	0.0925	0.0916	0.1055	0.1012	0.0962	0.0933	0.0933	0.0921	0.0934	0.0925	0.1013	0.1006	0.0988	0.0981	0.0946	0.0956	0.0945	0.0949	0.1025	0.1037	0.1019	0.0994	0.0974	0.0964	0.0967	0.0960	
0.4134	0.3840	0.2784	0.1460	0.0950	0.0933	0.0935	0.0928	0.3249	0.2684	0.1956	0.1252	0.0948	0.0927	0.0934	0.0933	0.2114	0.1726	0.1377	0.1099	0.0937	0.0939	0.0929	0.0918	0.1567	0.1300	0.1143	0.1005	0.0927	0.0925	0.0925	0.0918	0.1219	0.1069	0.0997	0.0960	0.0935	0.0931	0.0935	0.0920	0.1085	0.1033	0.0966	0.0952	0.0952	0.0932	0.0941	0.0936	0.1005	0.1023	0.0998	0.0994	0.0961	0.0959	0.0969	0.0963	0.1052	0.1052	0.1026	0.1015	0.0979	0.0962	0.0972	0.0983	
0.4460	0.4165	0.3037	0.1539	0.0957	0.0931	0.0939	0.0933	0.3510	0.2880	0.2081	0.1290	0.0956	0.0924	0.0935	0.0936	0.2278	0.1847	0.1433	0.1119	0.0932	0.0937	0.0933	0.0930	0.1664	0.1355	0.1172	0.1010	0.0933	0.0928	0.0926	0.0927	0.1265	0.1085	0.1009	0.0963	0.0942	0.0935	0.0943	0.0934	0.1109	0.1045	0.0989	0.0949	0.0938	0.0928	0.0945	0.0939	0.1017	0.1033	0.0996	0.0989	0.0969	0.0967	0.0953	0.0950	0.1056	0.1034	0.1021	0.1004	0.0985	0.0969	0.0978	0.0970	
0.4714	0.4484	0.3328	0.1598	0.0939	0.0936	0.0933	0.0928	0.3776	0.3118	0.2225	0.1333	0.0946	0.0931	0.0923	0.0925	0.2432	0.1961	0.1499	0.1131	0.0924	0.0920	0.0922	0.0916	0.1750	0.1426	0.1198	0.1010	0.0927	0.0929	0.0920	0.0918	0.1311	0.1116	0.1012	0.0969	0.0934	0.0924	0.0934	0.0919	0.1134	0.1065	0.0981	0.0946	0.0930	0.0929	0.0934	0.0927	0.1018	0.1013	0.0996	0.0994	0.0957	0.0945	0.0949	0.0943	0.1033	0.1044	0.1011	0.1005	0.0983	0.0965	0.0961	0.0971	
0.4951	0.4723	0.3554	0.1707	0.0944	0.0933	0.0930	0.0923	0.4027	0.3318	0.2371	0.1380	0.0951	0.0931	0.0929	0.0927	0.2597	0.2066	0.1566	0.1145	0.0926	0.0917	0.0924	0.0919	0.1845	0.1479	0.1245	0.1013	0.0926	0.0911	0.0923	0.0916	0.1376	0.1143	0.1026	0.0959	0.0934	0.0932	0.0923	0.0926	0.1157	0.1070	0.0972	0.0940	0.0936	0.0928	0.0936	0.0932	0.1018	0.1005	0.0980	0.0983	0.0961	0.0944	0.0937	0.0949	0.1054	0.1028	0.1007	0.0996	0.0972	0.0954	0.0964	0.0966	
0.5359	0.5084	0.3883	0.1806	0.0960	0.0938	0.0943	0.0925	0.4333	0.3600	0.2539	0.1459	0.0963	0.0938	0.0939	0.0931	0.2796	0.2207	0.1654	0.1183	0.0944	0.0934	0.0929	0.0924	0.1978	0.1580	0.1299	0.1030	0.0936	0.0933	0.0927	0.0930	0.1437	0.1187	0.1055	0.0968	0.0946	0.0936	0.0949	0.0936	0.1195	0.1114	0.0984	0.0949	0.0944	0.0933	0.0949	0.0960	0.1034	0.1025	0.0997	0.0988	0.0968	0.0951	0.0943	0.0957	0.1043	0.1049	0.1012	0.1009	0.0986	0.0966	0.0963	0.0975	
0.5565	0.5367	0.4170	0.1932	0.0950	0.0932	0.0928	0.0922	0.4631	0.3870	0.2755	0.1530	0.0952	0.0933	0.0931	0.0921	0.3007	0.2378	0.1756	0.1211	0.0938	0.0926	0.0932	0.0916	0.2091	0.1655	0.1344	0.1037	0.0931	0.0919	0.0917	0.0916	0.1514	0.1220	0.1056	0.0968	0.0947	0.0934	0.0948	0.0917	0.1233	0.1144	0.0986	0.0949	0.0924	0.0922	0.0940	0.0932	0.1041	0.1009	0.0978	0.0975	0.0954	0.0949	0.0939	0.0953	0.1046	0.1026	0.1007	0.0994	0.0966	0.0957	0.0957	0.0970	
0.5898	0.5693	0.4519	0.2081	0.0946	0.0932	0.0933	0.0927	0.4916	0.4164	0.2964	0.1628	0.0973	0.0941	0.0931	0.0942	0.3260	0.2592	0.1883	0.1262	0.0932	0.0934	0.0934	0.0921	0.2259	0.1784	0.1418	0.1053	0.0926	0.0920	0.0924	0.0924	0.1601	0.1265	0.1089	0.0980	0.0946	0.0932	0.0948	0.0928	0.1282	0.1184	0.0998	0.0956	0.0934	0.0932	0.0949	0.0937	0.1044	0.1026	0.0999	0.0986	0.0970	0.0946	0.0949	0.0963	0.1052	0.1023	0.1022	0.1010	0.0971	0.0970	0.0972	0.0972	
0.6133	0.5993	0.4819	0.2223	0.0971	0.0939	0.0936	0.0933	0.5162	0.4440	0.3210	0.1726	0.0972	0.0935	0.0932	0.0929	0.3497	0.2786	0.1991	0.1312	0.0932	0.0930	0.0925	0.0923	0.2385	0.1863	0.1480	0.1064	0.0937	0.0924	0.0923	0.0920	0.1700	0.1321	0.1119	0.0985	0.0947	0.0943	0.0938	0.0922	0.1347	0.1202	0.1014	0.0946	0.0939	0.0922	0.0952	0.0932	0.1059	0.1044	0.0983	0.0983	0.0963	0.0947	0.0945	0.0946	0.1052	0.1027	0.1019	0.0999	0.0971	0.0952	0.0966	0.0960	
0.6335	0.6204	0.5108	0.2379	0.0960	0.0940	0.0937	0.0932	0.5455	0.4748	0.3441	0.1810	0.0972	0.0937	0.0937	0.0928	0.3752	0.2974	0.2124	0.1367	0.0939	0.0936	0.0938	0.0926	0.2572	0.1975	0.1568	0.1087	0.0936	0.0927	0.0930	0.0928	0.1776	0.1397	0.1140	0.0979	0.0938	0.0934	0.0942	0.0934	0.1398	0.1256	0.1028	0.0956	0.0931	0.0935	0.0940	0.0940	0.1092	0.1011	0.0984	0.0986	0.0971	0.0942	0.0955	0.0949	0.1071	0.1027	0.1005	0.1009	0.0978	0.0958	0.0962	0.0976	
0.6526	0.6440	0.5432	0.2573	0.0962	0.0931	0.0935	0.0926	0.5687	0.5015	0.3714	0.1937	0.0977	0.0928	0.0937	0.0928	0.4018	0.3220	0.2277	0.1413	0.0935	0.0930	0.0927	0.0916	0.2726	0.2109	0.1630	0.1119	0.0925	0.0925	0.0933	0.0921	0.1906	0.1459	0.1182	0.0980	0.0935	0.0928	0.0936	0.0927	0.1457	0.1307	0.1042	0.0945	0.0930	0.0921	0.0938	0.0939	0.1103	0.1036	0.0982	0.0983	0.0952	0.0951	0.0946	0.0937	0.1065	0.1037	0.1010	0.0997	0.0964	0.0960	0.0964	0.0954	
0.6857	0.6702	0.5723	0.2792	0.0963	0.0937	0.0938	0.0925	0.5950	0.5298	0.3967	0.2072	0.0982	0.0927	0.0929	0.0935	0.4317	0.3421	0.2473	0.1486	0.0936	0.0930	0.0916	0.0921	0.2895	0.2264	0.1728	0.1142	0.0925	0.0927	0.0929	0.0930	0.2032	0.1519	0.1222	0.0985	0.0945	0.0929	0.0936	0.0925	0.1522	0.1338	0.1055	0.0952	0.0935	0.0925	0.0945	0.0925	0.1110	0.1035	0.0982	0.0975	0.0956	0.0943	0.0944	0.0936	0.1081	0.1029	0.1004	0.0996	0.0959	0.0953	0.0947	0.0963	
0.7033	0.6937	0.5940	0.3006	0.0972	0.0971	0.0937	0.0936	0.6186	0.5543	0.4272	0.2212	0.0985	0.0938	0.0927	0.0928	0.4565	0.3665	0.2632	0.1541	0.0944	0.0932	0.0933	0.0916	0.3124	0.2405	0.1837	0.1171	0.0926	0.0924	0.0926	0.0919	0.2158	0.1591	0.1278	0.0993	0.0936	0.0926	0.0931	0.0918	0.1604	0.1401	0.1079	0.0950	0.0926	0.0929	0.0929	0.0922	0.1142	0.1029	0.0985	0.0976	0.0954	0.0939	0.0943	0.0939	0.1080	0.1028	0.1001	0.0992	0.0964	0.0959	0.0957	0.0969	
0.7181	0.7121	0.6256	0.3287	0.0985	0.0937	0.0939	0.0935	0.6432	0.5866	0.4553	0.2405	0.1001	0.0936	0.0937	0.0929	0.4815	0.3919	0.2838	0.1622	0.0947	0.0932	0.0937	0.0923	0.3385	0.2575	0.1955	0.1206	0.0934	0.0924	0.0929	0.0923	0.2285	0.1691	0.1332	0.1007	0.0943	0.0936	0.0937	0.0931	0.1705	0.1468	0.1105	0.0947	0.0934	0.0927	0.0941	0.0929	0.1172	0.1037	0.0988	0.0974	0.0951	0.0952	0.0939	0.0944	0.1087	0.1041	0.1006	0.0997	0.0962	0.0954	0.0964	0.0961	
0.7230	0.7263	0.6477	0.3556	0.0984	0.0930	0.0936	0.0924	0.6617	0.6083	0.4855	0.2563	0.0997	0.0931	0.0929	0.0920	0.5078	0.4157	0.3019	0.1715	0.0940	0.0923	0.0926	0.0918	0.3552	0.2748	0.2068	0.1235	0.0923	0.0922	0.0928	0.0914	0.2454	0.1784	0.1358	0.1014	0.0937	0.0928	0.0942	0.0916	0.1788	0.1563	0.1123	0.0958	0.0938	0.0925	0.0934	0.0934	0.1208	0.1044	0.0991	0.0973	0.0945	0.0944	0.0947	0.0946	0.1116	0.1014	0.1004	0.0994	0.0966	0.0952	0.0954	0.0951	
0.7310	0.7338	0.6729	0.3831	0.0994	0.0934	0.0931	0.0931	0.6841	0.6332	0.5058	0.2769	0.1013	0.0928	0.0936	0.0938	0.5331	0.4460	0.3249	0.1814	0.0944	0.0930	0.0919	0.0918	0.3818	0.2938	0.2197	0.1280	0.0926	0.0923	0.0928	0.0922	0.2600	0.1917	0.1450	0.1022	0.0940	0.0934	0.0936	0.0926	0.1916	0.1627	0.1160	0.0961	0.0932	0.0926	0.0930	0.0929	0.1241	0.1060	0.0990	0.0971	0.0947	0.0939	0.0930	0.0933	0.1119	0.1032	0.1008	0.0989	0.0957	0.0952	0.0956	0.0954	
0.7306	0.7349	0.6909	0.4103	0.0987	0.0922	0.0933	0.0921	0.6978	0.6534	0.5366	0.2973	0.1008	0.0916	0.0921	0.0919	0.5572	0.4682	0.3486	0.1935	0.0943	0.0922	0.0924	0.0913	0.4068	0.3163	0.2362	0.1432	0.0937	0.0917	0.0913	0.0923	0.2797	0.2031	0.1506	0.1034	0.0938	0.0921	0.0939	0.0919	0.1991	0.1699	0.1206	0.0962	0.0932	0.0919	0.0928	0.0927	0.1277	0.1078	0.0995	0.0966	0.0948	0.0941	0.0935	0.0937	0.1142	0.1018	0.0989	0.0985	0.0957	0.0945	0.0944	0.0947	
0.7308	0.7397	0.7095	0.4443	0.1025	0.0944	0.0937	0.0930	0.7172	0.6796	0.5669	0.3223	0.1036	0.0924	0.0926	0.0940	0.5811	0.4985	0.3746	0.2097	0.0946	0.0943	0.0937	0.0925	0.4295	0.3414	0.2498	0.1386	0.0935	0.0925	0.0930	0.0921	0.3012	0.2137	0.1586	0.1069	0.0950	0.0939	0.0942	0.0933	0.2104	0.1835	0.1254	0.0972	0.0935	0.0935	0.0939	0.0939	0.1333	0.1106	0.1019	0.0980	0.0956	0.0947	0.0944	0.0937	0.1172	0.1041	0.1002	0.1001	0.0961	0.0939	0.0953	0.0953	
0.7327	0.7481	0.7224	0.4747	0.1024	0.0929	0.0939	0.0924	0.7247	0.6957	0.5910	0.3464	0.1030	0.0923	0.0930	0.0921	0.6099	0.5202	0.3990	0.2207	0.0953	0.0924	0.0926	0.0915	0.4557	0.3646	0.2661	0.1439	0.0927	0.0914	0.0924	0.0909	0.3211	0.2289	0.1688	0.1083	0.0936	0.0933	0.0947	0.0924	0.2239	0.1897	0.1288	0.0980	0.0920	0.0911	0.0908	0.0924	0.1385	0.1126	0.1029	0.0971	0.0947	0.0943	0.0933	0.0932	0.1202	0.1044	0.0998	0.0995	0.0959	0.0937	0.0954	0.0942	
0.7379	0.7476	0.7299	0.5097	0.1030	0.0932	0.0938	0.0933	0.7296	0.7097	0.6190	0.3745	0.1049	0.0932	0.0935	0.0939	0.6271	0.5516	0.4260	0.2392	0.0958	0.0941	0.0924	0.0924	0.4816	0.3897	0.2861	0.1531	0.0943	0.0930	0.0928	0.0951	0.3421	0.2464	0.1777	0.1118	0.0945	0.0937	0.0945	0.0924	0.2391	0.2020	0.1340	0.0990	0.0936	0.0923	0.0936	0.0937	0.1459	0.1172	0.1047	0.0978	0.0949	0.0941	0.0943	0.0939	0.1209	0.1061	0.1004	0.0989	0.0952	0.0937	0.0951	0.0946	
0.7378	0.7482	0.7283	0.5370	0.1046	0.0925	0.0938	0.0920	0.7313	0.7149	0.6372	0.3993	0.1059	0.0924	0.0929	0.0928	0.6540	0.5772	0.4504	0.2545	0.0954	0.0927	0.0919	0.0917	0.5079	0.4092	0.3060	0.1584	0.0928	0.0918	0.0921	0.0945	0.3658	0.2588	0.1867	0.1137	0.0940	0.0923	0.0934	0.0918	0.2507	0.2115	0.1395	0.0985	0.0934	0.0908	0.0933	0.0932	0.1519	0.1191	0.1060	0.0961	0.0939	0.0931	0.0930	0.0937	0.1229	0.1071	0.1006	0.0989	0.0947	0.0936	0.0942	0.0940	
0.7450	0.7528	0.7268	0.5641	0.1048	0.0925	0.0928	0.0920	0.7344	0.7212	0.6627	0.4247	0.1072	0.0920	0.0931	0.0928	0.6707	0.5968	0.4746	0.2761	0.0956	0.0924	0.0920	0.0917	0.5303	0.4332	0.3286	0.1666	0.0932	0.0917	0.0929	0.0912	0.3861	0.2763	0.1976	0.1168	0.0938	0.0928	0.0934	0.0913	0.2649	0.2255	0.1458	0.0999	0.0931	0.0922	0.0927	0.0921	0.1568	0.1225	0.1092	0.0964	0.0946	0.0926	0.0920	0.0925	0.1275	0.1072	0.1022	0.0980	0.0951	0.0937	0.0942	0.0933	
0.7454	0.7542	0.7396	0.6006	0.1072	0.0932	0.0930	0.0926	0.7396	0.7272	0.6861	0.4548	0.1095	0.0927	0.0932	0.0937	0.6787	0.6188	0.5039	0.2979	0.0971	0.0923	0.0927	0.0928	0.5518	0.4646	0.3513	0.1776	0.0939	0.0928	0.0928	0.0924	0.4089	0.2942	0.2104	0.1225	0.0949	0.0930	0.0939	0.0930	0.2840	0.2397	0.1532	0.1013	0.0938	0.0923	0.0928	0.0941	0.1669	0.1280	0.1121	0.0970	0.0950	0.0942	0.0932	0.0940	0.1314	0.1092	0.1020	0.0980	0.0956	0.0936	0.0946	0.0953	
0.7448	0.7542	0.7391	0.6284	0.1086	0.0928	0.0939	0.0928	0.7410	0.7342	0.7032	0.4855	0.1109	0.0926	0.0936	0.0929	0.6899	0.6441	0.5320	0.3195	0.0971	0.0929	0.0933	0.0916	0.5792	0.4860	0.3748	0.1866	0.0926	0.0920	0.0921	0.0917	0.4348	0.3172	0.2260	0.1258	0.0942	0.0929	0.0938	0.0924	0.2988	0.2546	0.1595	0.1023	0.0922	0.0923	0.0929	0.0919	0.1755	0.1330	0.1143	0.0972	0.0936	0.0942	0.0924	0.0933	0.1340	0.1119	0.1045	0.0976	0.0953	0.0938	0.0946	0.0945	
0.7465	0.7589	0.7427	0.6545	0.1108	0.0930	0.0933	0.0930	0.7441	0.7341	0.7167	0.5150	0.1135	0.0931	0.0924	0.0925	0.7011	0.6610	0.5600	0.3456	0.0979	0.0936	0.0931	0.0915	0.6013	0.5100	0.4017	0.2021	0.0944	0.0913	0.0928	0.0925	0.4611	0.3344	0.2429	0.1302	0.0933	0.0930	0.0942	0.0926	0.3193	0.2721	0.1688	0.1035	0.0927	0.0923	0.0933	0.0932	0.1851	0.1371	0.1183	0.0969	0.0937	0.0923	0.0937	0.0930	0.1385	0.1138	0.1054	0.0977	0.0958	0.0931	0.0946	0.0939	
0.7526	0.7620	0.7498	0.6802	0.1142	0.0933	0.0938	0.0923	0.7488	0.7401	0.7244	0.5405	0.1168	0.0936	0.0932	0.0931	0.7076	0.6769	0.5852	0.3676	0.0985	0.0937	0.0924	0.0919	0.6278	0.5404	0.4310	0.2163	0.0953	0.0920	0.0933	0.0933	0.4858	0.3607	0.2593	0.1373	0.0945	0.0941	0.0949	0.0931	0.3424	0.2894	0.1794	0.1045	0.0936	0.0935	0.0936	0.0933	0.1964	0.1458	0.1227	0.0974	0.0950	0.0939	0.0936	0.0937	0.1444	0.1166	0.1077	0.0980	0.0966	0.0944	0.0940	0.0941	
0.7589	0.7651	0.7499	0.7072	0.1177	0.0929	0.0940	0.0927	0.7483	0.7394	0.7274	0.5688	0.1194	0.0929	0.0935	0.0928	0.7141	0.6836	0.6099	0.3947	0.0992	0.0927	0.0934	0.0922	0.6485	0.5691	0.4547	0.2306	0.0946	0.0922	0.0917	0.0924	0.5121	0.3804	0.2758	0.1432	0.0939	0.0927	0.0927	0.0920	0.3588	0.3058	0.1876	0.1067	0.0921	0.0918	0.0926	0.0926	0.2048	0.1511	0.1250	0.0972	0.0937	0.0938	0.0932	0.0924	0.1490	0.1187	0.1106	0.0980	0.0952	0.0939	0.0933	0.0940	
0.7523	0.7655	0.7486	0.7209	0.1187	0.0923	0.0935	0.0924	0.7489	0.7416	0.7305	0.5945	0.1228	0.0930	0.0927	0.0929	0.7127	0.6968	0.6356	0.4226	0.0996	0.0931	0.0928	0.0915	0.6603	0.5903	0.4788	0.2442	0.0944	0.0919	0.0929	0.0925	0.5343	0.4037	0.2930	0.1484	0.0938	0.0929	0.0933	0.0931	0.3796	0.3249	0.1968	0.1077	0.0924	0.0928	0.0932	0.0927	0.2162	0.1585	0.1304	0.0967	0.0941	0.0943	0.0932	0.0929	0.1539	0.1231	0.1122	0.0962	0.0951	0.0943	0.0929	0.0939	
0.7555	0.7692	0.7539	0.7316	0.1245	0.0931	0.0931	0.0927	0.7524	0.7472	0.7358	0.6200	0.1278	0.0927	0.0928	0.0930	0.7150	0.6967	0.6533	0.4516	0.1004	0.0930	0.0931	0.0915	0.6743	0.6129	0.5050	0.2626	0.0954	0.0919	0.0926	0.0914	0.5560	0.4240	0.3112	0.1571	0.0941	0.0933	0.0942	0.0923	0.4031	0.3466	0.2097	0.1124	0.0925	0.0922	0.0928	0.0931	0.2317	0.1659	0.1390	0.0973	0.0935	0.0939	0.0919	0.0929	0.1608	0.1276	0.1146	0.0969	0.0952	0.0932	0.0940	0.0939	
0.7552	0.7669	0.7517	0.7332	0.1285	0.0928	0.0925	0.0922	0.7549	0.7440	0.7340	0.6426	0.1310	0.0915	0.0923	0.0929	0.7158	0.7023	0.6732	0.4730	0.1012	0.0926	0.0916	0.0908	0.6783	0.6285	0.5273	0.2805	0.0943	0.0910	0.0922	0.0914	0.5767	0.4461	0.3334	0.1636	0.0937	0.0929	0.0934	0.0921	0.4258	0.3636	0.2207	0.1139	0.0912	0.0918	0.0926	0.0928	0.2421	0.1782	0.1412	0.0970	0.0933	0.0924	0.0917	0.0929	0.1658	0.1279	0.1170	0.0963	0.0935	0.0928	0.0935	0.0923	
0.7575	0.7731	0.7552	0.7406	0.1352	0.0927	0.0927	0.0921	0.7581	0.7481	0.7385	0.6701	0.1373	0.0919	0.0917	0.0922	0.7217	0.7017	0.6834	0.4998	0.1022	0.0921	0.0921	0.0909	0.6859	0.6469	0.5554	0.3021	0.0937	0.0921	0.0907	0.0920	0.6019	0.4701	0.3565	0.1754	0.0940	0.0920	0.0932	0.0926	0.4465	0.3836	0.2346	0.1185	0.0923	0.0909	0.0931	0.0920	0.2551	0.1813	0.1485	0.1000	0.0923	0.0927	0.0920	0.0924	0.1750	0.1332	0.1196	0.0966	0.0945	0.0914	0.0928	0.0933	
0.7620	0.7741	0.7600	0.7413	0.1409	0.0933	0.0936	0.0929	0.7557	0.7511	0.7406	0.6895	0.1436	0.0920	0.0936	0.0931	0.7137	0.7043	0.6977	0.5310	0.1059	0.0938	0.0929	0.0923	0.6889	0.6624	0.5816	0.3238	0.0957	0.0925	0.0924	0.0925	0.6229	0.4953	0.3833	0.1852	0.0958	0.0926	0.0937	0.0928	0.4711	0.4087	0.2460	0.1231	0.0924	0.0920	0.0933	0.0927	0.2682	0.1938	0.1553	0.0999	0.0928	0.0924	0.0921	0.0924	0.1849	0.1399	0.1251	0.0976	0.0939	0.0934	0.0936	0.0932	
0.7668	0.7776	0.7599	0.7433	0.1444	0.0926	0.0928	0.0916	0.7603	0.7525	0.7420	0.7011	0.1513	0.0919	0.0922	0.0918	0.7222	0.7059	0.7023	0.5570	0.1071	0.0923	0.0921	0.0914	0.6913	0.6716	0.6082	0.3445	0.0949	0.0913	0.0917	0.0916	0.6367	0.5120	0.4053	0.1964	0.0946	0.0926	0.0934	0.0916	0.4933	0.4296	0.2587	0.1266	0.0917	0.0912	0.0924	0.0928	0.2861	0.2022	0.1618	0.1005	0.0934	0.0927	0.0915	0.0916	0.1918	0.1445	0.1259	0.0963	0.0929	0.0923	0.0925	0.0924	
0.7714	0.7869	0.7696	0.7485	0.1577	0.0938	0.0940	0.0928	0.7621	0.7586	0.7492	0.7200	0.1604	0.0936	0.0934	0.0935	0.7255	0.7162	0.7093	0.5852	0.1102	0.0925	0.0937	0.0927	0.6937	0.6771	0.6343	0.3731	0.0965	0.0929	0.0933	0.0928	0.6494	0.5350	0.4308	0.2095	0.0957	0.0925	0.0947	0.0933	0.5206	0.4553	0.2758	0.1332	0.0932	0.0923	0.0932	0.0926	0.3046	0.2171	0.1702	0.1028	0.0947	0.0938	0.0932	0.0939	0.2051	0.1495	0.1316	0.0978	0.0947	0.0929	0.0934	0.0946	
0.7735	0.7852	0.7664	0.7513	0.1647	0.0925	0.0926	0.0920	0.7694	0.7573	0.7487	0.7223	0.1704	0.0922	0.0930	0.0925	0.7279	0.7116	0.7125	0.6097	0.1122	0.0919	0.0929	0.0919	0.6950	0.6828	0.6505	0.3954	0.0968	0.0919	0.0910	0.0918	0.6617	0.5544	0.4553	0.2243	0.0957	0.0930	0.0936	0.0920	0.5408	0.4751	0.2931	0.1378	0.0920	0.0917	0.0924	0.0926	0.3176	0.2286	0.1813	0.1056	0.0931	0.0927	0.0923	0.0935	0.2107	0.1568	0.1356	0.0974	0.0950	0.0927	0.0935	0.0937	
0.7766	0.7868	0.7732	0.7520	0.1765	0.0933	0.0937	0.0932	0.7687	0.7602	0.7502	0.7272	0.1812	0.0944	0.0936	0.0934	0.7293	0.7177	0.7142	0.6333	0.1162	0.0934	0.0934	0.0920	0.6960	0.6848	0.6671	0.4235	0.0972	0.0931	0.0933	0.0925	0.6653	0.5729	0.4807	0.2383	0.0969	0.0941	0.0942	0.0924	0.5643	0.4963	0.3102	0.1442	0.0926	0.0920	0.0942	0.0934	0.3329	0.2416	0.1906	0.1084	0.0939	0.0936	0.0932	0.0939	0.2247	0.1656	0.1406	0.0985	0.0952	0.0928	0.0942	0.0936	
0.7770	0.7865	0.7668	0.7528	0.1868	0.0927	0.0925	0.0920	0.7655	0.7626	0.7521	0.7302	0.1918	0.0923	0.0928	0.0930	0.7335	0.7122	0.7136	0.6558	0.1178	0.0924	0.0921	0.0912	0.6984	0.6823	0.6737	0.4475	0.0972	0.0914	0.0927	0.0923	0.6635	0.5843	0.5077	0.2549	0.0962	0.0924	0.0946	0.0910	0.5799	0.5184	0.3307	0.1518	0.0935	0.0916	0.0929	0.0919	0.3512	0.2533	0.1978	0.1104	0.0929	0.0930	0.0935	0.0926	0.2331	0.1714	0.1470	0.0983	0.0946	0.0922	0.0932	0.0930	
0.7881	0.7915	0.7754	0.7607	0.2002	0.0913	0.0933	0.0923	0.7761	0.7726	0.7627	0.7390	0.2070	0.0923	0.0926	0.0919	0.7389	0.7254	0.7212	0.6790	0.1225	0.0932	0.0919	0.0913	0.7002	0.6865	0.6821	0.4739	0.0977	0.0923	0.0922	0.0916	0.6736	0.5928	0.5338	0.2749	0.0955	0.0928	0.0934	0.0922	0.5958	0.5405	0.3500	0.1585	0.0919	0.0923	0.0922	0.0934	0.3697	0.2665	0.2084	0.1121	0.0927	0.0924	0.0927	0.0927	0.2432	0.1804	0.1508	0.1002	0.0950	0.0925	0.0927	0.0937	
0.7878	0.7925	0.7767	0.7597	0.2139	0.0940	0.0938	0.0926	0.7768	0.7725	0.7624	0.7390	0.2207	0.0934	0.0934	0.0932	0.7391	0.7225	0.7204	0.6926	0.1274	0.0934	0.0919	0.0921	0.7004	0.6934	0.6894	0.5017	0.1000	0.0918	0.0931	0.0924	0.6716	0.5968	0.5579	0.2929	0.0971	0.0935	0.0941	0.0933	0.6081	0.5613	0.3728	0.1667	0.0927	0.0922	0.0931	0.0934	0.3835	0.2812	0.2223	0.1171	0.0947	0.0928	0.0936	0.0935	0.2513	0.1881	0.1580	0.1008	0.0951	0.0920	0.0930	0.0935	
0.7880	0.7941	0.7785	0.7612	0.2296	0.0927	0.0931	0.0931	0.7796	0.7747	0.7639	0.7374	0.2375	0.0931	0.0942	0.0928	0.7396	0.7268	0.7221	0.7026	0.1327	0.0931	0.0927	0.0919	0.7045	0.6951	0.6859	0.5264	0.1002	0.0921	0.0931	0.0921	0.6756	0.6054	0.5787	0.3112	0.0967	0.0927	0.0952	0.0938	0.6200	0.5800	0.3896	0.1757	0.0930	0.0928	0.0937	0.0926	0.4066	0.2991	0.2340	0.1187	0.0938	0.0925	0.0923	0.0930	0.2663	0.1971	0.1672	0.1022	0.0952	0.0938	0.0920	0.0922	
0.7884	0.7948	0.7785	0.7616	0.2460	0.0932	0.0922	0.0920	0.7788	0.7759	0.7627	0.7430	0.2513	0.0926	0.0934	0.0917	0.7387	0.7284	0.7253	0.7093	0.1377	0.0930	0.0922	0.0918	0.7027	0.6925	0.6909	0.5523	0.1020	0.0918	0.0918	0.0910	0.6805	0.6048	0.5994	0.3311	0.0975	0.0925	0.0927	0.0922	0.6225	0.5955	0.4083	0.1880	0.0926	0.0916	0.0927	0.0922	0.4275	0.3151	0.2444	0.1239	0.0938	0.0933	0.0930	0.0931	0.2749	0.2065	0.1739	0.1031	0.0943	0.0922	0.0915	0.0922	
0.7909	0.7988	0.7871	0.7700	0.2648	0.0924	0.0948	0.0913	0.7834	0.7777	0.7683	0.7469	0.2747	0.0915	0.0920	0.0924	0.7410	0.7333	0.7292	0.7165	0.1456	0.0915	0.0919	0.0910	0.7068	0.6986	0.6937	0.5801	0.1027	0.0912	0.0904	0.0920	0.6808	0.6079	0.6253	0.3568	0.0964	0.0923	0.0923	0.0913	0.6259	0.6093	0.4307	0.1975	0.0921	0.0912	0.0917	0.0913	0.4408	0.3322	0.2561	0.1269	0.0922	0.0916	0.0921	0.0917	0.2926	0.2191	0.1800	0.1041	0.0938	0.0915	0.0917	0.0921	
