0.0933	0.0961	0.0949	0.0927	0.0959	0.0938	0.0945	0.0954	0.0905	0.0932	0.0927	0.0916	0.0902	0.0898	0.0903	0.0924	0.0968	0.0962	0.0965	0.0974	0.0980	0.0963	0.0952	0.0967	0.0982	0.0988	0.0984	0.0946	0.0995	0.0932	0.0975	0.0983	0.0995	0.0967	0.0964	0.0980	0.0987	0.0970	0.0998	0.0957	0.1006	0.1008	0.0974	0.0990	0.1060	0.0973	0.1008	0.1011	0.1018	0.1013	0.1095	0.1033	0.1021	0.1001	0.0988	0.1021	0.1038	0.1036	0.1074	0.1066	0.1152	0.1033	0.1039	0.0992	
0.0875	0.0889	0.0902	0.0878	0.0887	0.0874	0.0880	0.0880	0.0886	0.0901	0.0901	0.0893	0.0888	0.0903	0.0889	0.0888	0.0901	0.0905	0.0916	0.0922	0.0912	0.0910	0.0905	0.0900	0.0928	0.0933	0.1032	0.0932	0.0928	0.0923	0.0939	0.0920	0.0949	0.0947	0.0945	0.0948	0.0952	0.0947	0.0952	0.0923	0.0961	0.0962	0.0966	0.0973	0.0960	0.0974	0.0965	0.0972	0.0970	0.0979	0.1066	0.0986	0.0987	0.0982	0.0973	0.0973	0.0993	0.0980	0.1002	0.1004	0.1007	0.0988	0.1001	0.0996	
0.0901	0.0915	0.0913	0.0897	0.0901	0.0899	0.0907	0.0900	0.0917	0.0932	0.0931	0.0930	0.0924	0.0935	0.0936	0.0925	0.0918	0.0920	0.0937	0.0932	0.0928	0.0924	0.0922	0.0917	0.0964	0.0965	0.0968	0.0977	0.0958	0.0949	0.0982	0.0965	0.1015	0.0940	0.0965	0.0965	0.0963	0.0951	0.0954	0.0935	0.0997	0.0983	0.1013	0.1007	0.0999	0.0996	0.1001	0.0988	0.0982	0.0987	0.1062	0.0996	0.0983	0.0993	0.0986	0.0995	0.1020	0.1009	0.1043	0.1031	0.1024	0.1021	0.1038	0.1023	
0.0867	0.0884	0.0891	0.0879	0.0874	0.0869	0.0877	0.0878	0.0878	0.0889	0.0881	0.0887	0.0884	0.0879	0.0879	0.0893	0.0897	0.0895	0.0908	0.0908	0.0900	0.0893	0.0897	0.0891	0.0911	0.0907	0.0929	0.0915	0.0932	0.0911	0.0932	0.0918	0.0931	0.0912	0.0924	0.0938	0.0930	0.0920	0.0916	0.0917	0.0953	0.0942	0.0958	0.0951	0.0954	0.0948	0.0945	0.0967	0.0958	0.0944	0.1042	0.0956	0.0952	0.0956	0.0944	0.0945	0.0977	0.0959	0.0976	0.0980	0.0997	0.0976	0.0988	0.0993	
0.0836	0.0843	0.0847	0.0839	0.0847	0.0830	0.0842	0.0841	0.0834	0.0846	0.0841	0.0834	0.0829	0.0825	0.0828	0.0826	0.0859	0.0860	0.0875	0.0868	0.0878	0.0848	0.0853	0.0850	0.0874	0.0862	0.0868	0.0869	0.0862	0.0850	0.0862	0.0872	0.0903	0.0886	0.0903	0.0911	0.0902	0.0897	0.0886	0.0880	0.0899	0.0889	0.0913	0.0912	0.0899	0.0882	0.0884	0.0903	0.0933	0.0920	0.1002	0.0943	0.0934	0.0924	0.0923	0.0920	0.0939	0.0914	0.0935	0.0939	0.0940	0.0916	0.0930	0.0929	
0.0865	0.0876	0.0881	0.0866	0.0870	0.0859	0.0871	0.0867	0.0856	0.0872	0.0866	0.0862	0.0856	0.0862	0.0864	0.0857	0.0889	0.0890	0.0894	0.0895	0.0900	0.0891	0.0889	0.0875	0.0895	0.0901	0.0899	0.0892	0.0894	0.0880	0.0895	0.0886	0.0932	0.0919	0.0923	0.0926	0.0915	0.0906	0.0912	0.0907	0.0932	0.0918	0.0940	0.0938	0.0929	0.0934	0.0918	0.0927	0.0954	0.0953	0.1033	0.0960	0.0957	0.0953	0.0942	0.0942	0.0954	0.0946	0.0959	0.0962	0.0967	0.0955	0.0967	0.0947	
0.0877	0.0892	0.0899	0.0880	0.0885	0.0878	0.0887	0.0889	0.0898	0.0909	0.0904	0.0890	0.0891	0.0895	0.0894	0.0889	0.0905	0.0916	0.0909	0.0912	0.0916	0.0905	0.0905	0.0896	0.0918	0.0920	0.0920	0.0923	0.0923	0.0914	0.0930	0.0924	0.0946	0.0932	0.0945	0.0945	0.0946	0.0930	0.0935	0.0917	0.0968	0.0948	0.0972	0.0963	0.0967	0.0954	0.0952	0.0956	0.0964	0.0963	0.1049	0.0969	0.0980	0.0967	0.0969	0.0968	0.0986	0.0966	0.0995	0.0988	0.0991	0.0980	0.0993	0.0983	
0.0843	0.0859	0.0859	0.0855	0.0850	0.0843	0.0848	0.0854	0.0846	0.0859	0.0857	0.0850	0.0854	0.0844	0.0842	0.0871	0.0863	0.0872	0.0872	0.0875	0.0876	0.0857	0.0859	0.0852	0.0886	0.0872	0.0881	0.0883	0.0869	0.0874	0.0883	0.0894	0.0896	0.0894	0.0920	0.0903	0.0887	0.0884	0.0884	0.0876	0.0909	0.0908	0.0920	0.0913	0.0906	0.0901	0.0903	0.0926	0.0921	0.0918	0.1005	0.0935	0.0923	0.0936	0.0925	0.0912	0.0939	0.0914	0.0942	0.0944	0.0954	0.0927	0.0932	0.0935	
0.0874	0.0889	0.0894	0.0880	0.0881	0.0873	0.0878	0.0876	0.0879	0.0895	0.0896	0.0883	0.0880	0.0885	0.0883	0.0877	0.0893	0.0896	0.0906	0.0903	0.0900	0.0894	0.0893	0.0884	0.0901	0.0904	0.0918	0.0906	0.0917	0.0894	0.0919	0.0898	0.0925	0.0918	0.0936	0.0934	0.0928	0.0922	0.0922	0.0918	0.0929	0.0940	0.0963	0.0958	0.0940	0.0951	0.0937	0.0930	0.0950	0.0963	0.1036	0.0977	0.0960	0.0957	0.0953	0.0954	0.0967	0.0956	0.0967	0.0982	0.0985	0.0976	0.0966	0.0968	
0.0902	0.0913	0.0918	0.0904	0.0900	0.0899	0.0905	0.0903	0.0919	0.0936	0.0932	0.0926	0.0925	0.0925	0.0925	0.0919	0.0909	0.0912	0.0927	0.0927	0.0920	0.0908	0.0920	0.0909	0.0945	0.0955	0.0951	0.0949	0.0958	0.0949	0.0960	0.0959	0.0946	0.0938	0.0975	0.0964	0.0948	0.0945	0.0957	0.0935	0.0978	0.0980	0.0995	0.0991	0.0983	0.0992	0.0977	0.0980	0.0969	0.0980	0.1058	0.0981	0.0974	0.0984	0.0973	0.0970	0.1005	0.0989	0.1009	0.1014	0.1012	0.1005	0.1020	0.0998	
0.0877	0.0882	0.0884	0.0871	0.0879	0.0867	0.0878	0.0869	0.0862	0.0877	0.0869	0.0859	0.0854	0.0854	0.0862	0.0857	0.0883	0.0887	0.0893	0.0905	0.0892	0.0886	0.0888	0.0885	0.0893	0.0888	0.0894	0.0888	0.0896	0.0887	0.0898	0.0877	0.0932	0.0913	0.0922	0.0916	0.0923	0.0906	0.0916	0.0905	0.0917	0.0938	0.0929	0.0933	0.0908	0.0925	0.0916	0.0929	0.0940	0.0934	0.1022	0.0951	0.0949	0.0945	0.0938	0.0933	0.0948	0.0935	0.0957	0.0960	0.0959	0.0938	0.0951	0.0938	
0.0886	0.0891	0.0898	0.0885	0.0884	0.0880	0.0890	0.0883	0.0899	0.0904	0.0903	0.0896	0.0894	0.0896	0.0893	0.0888	0.0901	0.0906	0.0907	0.0908	0.0901	0.0896	0.0903	0.0888	0.0913	0.0915	0.0923	0.0927	0.0926	0.0912	0.0920	0.0910	0.0928	0.0922	0.0925	0.0932	0.0927	0.0929	0.0919	0.0905	0.0938	0.0936	0.0965	0.0973	0.0943	0.0947	0.0954	0.0942	0.0954	0.0957	0.1039	0.0972	0.0963	0.0964	0.0957	0.0948	0.0976	0.0972	0.0981	0.0987	0.0984	0.0972	0.0979	0.0978	
0.0906	0.0912	0.0918	0.0907	0.0904	0.0900	0.0909	0.0904	0.0926	0.0936	0.0928	0.0928	0.0924	0.0926	0.0923	0.0926	0.0908	0.0920	0.0929	0.0925	0.0920	0.0917	0.0920	0.0909	0.0949	0.0943	0.0940	0.0953	0.0943	0.0944	0.0949	0.0943	0.0945	0.0937	0.0953	0.0953	0.0935	0.0937	0.0939	0.0941	0.0977	0.0975	0.0994	0.0990	0.0976	0.0971	0.0983	0.1001	0.0973	0.0965	0.1051	0.0980	0.0986	0.0977	0.0962	0.0971	0.1007	0.0980	0.1005	0.1012	0.1011	0.0989	0.1011	0.1005	
0.0852	0.0863	0.0864	0.0846	0.0856	0.0845	0.0851	0.0856	0.0840	0.0852	0.0845	0.0840	0.0834	0.0831	0.0831	0.0841	0.0865	0.0872	0.0875	0.0871	0.0864	0.0858	0.0864	0.0852	0.0871	0.0870	0.0861	0.0867	0.0869	0.0845	0.0875	0.0842	0.0897	0.0885	0.0896	0.0896	0.0901	0.0887	0.0882	0.0877	0.0891	0.0881	0.0903	0.0910	0.0889	0.0882	0.0889	0.0885	0.0922	0.0915	0.0997	0.0921	0.0926	0.0921	0.0918	0.0910	0.0923	0.0908	0.0931	0.0928	0.0936	0.0905	0.0926	0.0903	
0.0884	0.0889	0.0891	0.0879	0.0875	0.0870	0.0877	0.0873	0.0881	0.0892	0.0890	0.0879	0.0870	0.0876	0.0872	0.0865	0.0896	0.0894	0.0898	0.0901	0.0898	0.0890	0.0882	0.0879	0.0903	0.0892	0.0898	0.0898	0.0904	0.0891	0.0896	0.0890	0.0922	0.0917	0.0935	0.0922	0.0941	0.0926	0.0908	0.0909	0.0938	0.0932	0.0961	0.0939	0.0935	0.0936	0.0925	0.0920	0.0948	0.0954	0.1034	0.0970	0.0957	0.0948	0.0949	0.0933	0.0953	0.0946	0.0955	0.0961	0.0974	0.0955	0.0948	0.0940	
0.0894	0.0900	0.0905	0.0888	0.0890	0.0884	0.0890	0.0886	0.0897	0.0914	0.0907	0.0896	0.0893	0.0897	0.0895	0.0889	0.0891	0.0903	0.0900	0.0906	0.0896	0.0898	0.0892	0.0886	0.0907	0.0914	0.0927	0.0908	0.0906	0.0913	0.0918	0.0901	0.0929	0.0932	0.0936	0.0945	0.0915	0.0922	0.0921	0.0913	0.0933	0.0953	0.0952	0.0955	0.0944	0.0945	0.0938	0.0940	0.0966	0.0947	0.1042	0.0963	0.0958	0.0959	0.0951	0.0948	0.0968	0.0957	0.0985	0.0975	0.0983	0.0975	0.0979	0.0963	
0.0917	0.0919	0.0921	0.0911	0.0908	0.0903	0.0906	0.0903	0.0930	0.0947	0.0935	0.0937	0.0935	0.0938	0.0940	0.0921	0.0904	0.0908	0.0920	0.0925	0.0916	0.0917	0.0913	0.0899	0.0936	0.0949	0.0953	0.0957	0.0949	0.0940	0.0959	0.0944	0.0944	0.0940	0.0942	0.0947	0.0932	0.0943	0.0931	0.0936	0.0969	0.0995	0.0991	0.0995	0.0973	0.0984	0.0978	0.0971	0.0968	0.0959	0.1047	0.0978	0.0969	0.0968	0.0961	0.0968	0.0999	0.0976	0.1001	0.1006	0.1008	0.0987	0.1003	0.0992	
0.0887	0.0896	0.0893	0.0883	0.0885	0.0871	0.0881	0.0880	0.0875	0.0888	0.0883	0.0872	0.0863	0.0857	0.0862	0.0859	0.0885	0.0895	0.0899	0.0897	0.0895	0.0887	0.0875	0.0877	0.0885	0.0894	0.0897	0.0886	0.0878	0.0876	0.0886	0.0872	0.0911	0.0923	0.0922	0.0920	0.0924	0.0900	0.0916	0.0893	0.0908	0.0906	0.0926	0.0921	0.0916	0.0917	0.0897	0.0899	0.0947	0.0941	0.1020	0.0952	0.0943	0.0931	0.0931	0.0931	0.0945	0.0919	0.0947	0.0961	0.0952	0.0927	0.0940	0.0926	
0.0901	0.0910	0.0911	0.0892	0.0894	0.0885	0.0897	0.0889	0.0907	0.0919	0.0908	0.0900	0.0895	0.0891	0.0894	0.0888	0.0892	0.0898	0.0898	0.0908	0.0897	0.0890	0.0893	0.0884	0.0909	0.0910	0.0915	0.0911	0.0912	0.0895	0.0902	0.0897	0.0933	0.0921	0.0926	0.0927	0.0916	0.0923	0.0920	0.0909	0.0951	0.0953	0.0956	0.0951	0.0936	0.0948	0.0948	0.0933	0.0947	0.0957	0.1021	0.0958	0.0961	0.0959	0.0947	0.0945	0.0967	0.0957	0.0978	0.0974	0.0980	0.0960	0.0965	0.0957	
0.0904	0.0913	0.0910	0.0893	0.0892	0.0885	0.0896	0.0889	0.0915	0.0926	0.0914	0.0903	0.0901	0.0900	0.0901	0.0895	0.0887	0.0895	0.0904	0.0913	0.0905	0.0897	0.0896	0.0880	0.0913	0.0910	0.0919	0.0911	0.0916	0.0909	0.0919	0.0901	0.0926	0.0927	0.0928	0.0938	0.0926	0.0916	0.0922	0.0912	0.0941	0.0946	0.0960	0.0962	0.0931	0.0952	0.0948	0.0940	0.0953	0.0948	0.1038	0.0962	0.0965	0.0954	0.0949	0.0948	0.0972	0.0954	0.0976	0.0970	0.0977	0.0959	0.0973	0.0969	
0.0899	0.0907	0.0904	0.0883	0.0881	0.0872	0.0890	0.0887	0.0910	0.0923	0.0922	0.0904	0.0904	0.0900	0.0904	0.0887	0.0877	0.0887	0.0885	0.0892	0.0888	0.0886	0.0884	0.0877	0.0908	0.0908	0.0914	0.0918	0.0912	0.0899	0.0909	0.0893	0.0910	0.0914	0.0919	0.0919	0.0913	0.0918	0.0918	0.0887	0.0934	0.0949	0.0945	0.0954	0.0927	0.0935	0.0960	0.0930	0.0935	0.0937	0.1013	0.0961	0.0944	0.0948	0.0938	0.0928	0.0965	0.0941	0.0959	0.0965	0.0972	0.0949	0.0974	0.0958	
0.0925	0.0930	0.0927	0.0917	0.0910	0.0901	0.0912	0.0905	0.0943	0.0956	0.0943	0.0941	0.0934	0.0935	0.0934	0.0926	0.0902	0.0914	0.0919	0.0925	0.0910	0.0913	0.0906	0.0904	0.0932	0.0950	0.0943	0.0945	0.0940	0.0934	0.0945	0.0941	0.0946	0.0932	0.0940	0.0950	0.0933	0.0946	0.0926	0.0924	0.0967	0.0964	0.0971	0.0976	0.0964	0.0954	0.0964	0.0968	0.0962	0.0953	0.1041	0.0975	0.0962	0.0966	0.0952	0.0956	0.1001	0.0976	0.0995	0.1003	0.1007	0.0979	0.0993	0.0985	
0.0887	0.0887	0.0879	0.0868	0.0873	0.0857	0.0867	0.0861	0.0883	0.0883	0.0874	0.0864	0.0857	0.0853	0.0857	0.0854	0.0869	0.0865	0.0869	0.0875	0.0866	0.0865	0.0862	0.0863	0.0862	0.0853	0.0863	0.0869	0.0861	0.0844	0.0872	0.0848	0.0908	0.0889	0.0895	0.0910	0.0897	0.0884	0.0888	0.0876	0.0897	0.0899	0.0910	0.0894	0.0886	0.0901	0.0892	0.0882	0.0925	0.0917	0.0992	0.0929	0.0922	0.0911	0.0907	0.0903	0.0927	0.0905	0.0913	0.0933	0.0920	0.0900	0.0926	0.0903	
0.0916	0.0918	0.0920	0.0902	0.0897	0.0890	0.0897	0.0894	0.0926	0.0935	0.0928	0.0912	0.0906	0.0903	0.0895	0.0893	0.0888	0.0893	0.0897	0.0905	0.0892	0.0899	0.0889	0.0882	0.0904	0.0907	0.0909	0.0903	0.0894	0.0887	0.0906	0.0891	0.0915	0.0916	0.0925	0.0932	0.0914	0.0909	0.0909	0.0907	0.0944	0.0930	0.0947	0.0942	0.0931	0.0938	0.0927	0.0932	0.0941	0.0948	0.1029	0.0963	0.0947	0.0946	0.0945	0.0948	0.0977	0.0948	0.0964	0.0974	0.0967	0.0960	0.0974	0.0941	
0.0937	0.0940	0.0941	0.0923	0.0916	0.0911	0.0915	0.0914	0.0953	0.0977	0.0956	0.0949	0.0949	0.0940	0.0947	0.0934	0.0896	0.0911	0.0913	0.0912	0.0913	0.0912	0.0914	0.0904	0.0936	0.0939	0.0934	0.0941	0.0938	0.0932	0.0954	0.0929	0.0925	0.0927	0.0937	0.0937	0.0928	0.0932	0.0940	0.0914	0.0973	0.0975	0.0978	0.0979	0.0974	0.0969	0.0962	0.0975	0.0955	0.0960	0.1033	0.0981	0.0958	0.0961	0.0964	0.0950	0.0979	0.0974	0.0988	0.0994	0.1000	0.0980	0.1000	0.0979	
0.0928	0.0926	0.0920	0.0901	0.0899	0.0887	0.0891	0.0898	0.0922	0.0923	0.0917	0.0905	0.0894	0.0883	0.0884	0.0874	0.0884	0.0891	0.0892	0.0898	0.0894	0.0885	0.0887	0.0878	0.0882	0.0877	0.0880	0.0883	0.0882	0.0874	0.0891	0.0872	0.0921	0.0901	0.0915	0.0910	0.0919	0.0892	0.0909	0.0892	0.0929	0.0912	0.0919	0.0916	0.0919	0.0924	0.0918	0.0906	0.0931	0.0933	0.1016	0.0946	0.0938	0.0937	0.0929	0.0923	0.0951	0.0935	0.0951	0.0951	0.0955	0.0928	0.0951	0.0925	
0.0949	0.0945	0.0939	0.0912	0.0915	0.0907	0.0908	0.0906	0.0962	0.0968	0.0956	0.0933	0.0935	0.0927	0.0926	0.0906	0.0893	0.0904	0.0902	0.0903	0.0906	0.0904	0.0904	0.0895	0.0906	0.0915	0.0917	0.0913	0.0911	0.0913	0.0917	0.0924	0.0927	0.0927	0.0929	0.0929	0.0912	0.0920	0.0920	0.0907	0.0953	0.0948	0.0950	0.0963	0.0942	0.0952	0.0941	0.0950	0.0949	0.0944	0.1032	0.0967	0.0956	0.0936	0.0944	0.0941	0.0966	0.0950	0.0978	0.0974	0.0980	0.0961	0.0971	0.0962	
0.0913	0.0906	0.0902	0.0879	0.0880	0.0861	0.0873	0.0867	0.0898	0.0898	0.0898	0.0878	0.0869	0.0848	0.0854	0.0847	0.0860	0.0854	0.0862	0.0864	0.0864	0.0857	0.0858	0.0855	0.0856	0.0856	0.0847	0.0846	0.0849	0.0831	0.0864	0.0832	0.0888	0.0878	0.0885	0.0886	0.0872	0.0869	0.0858	0.0860	0.0879	0.0873	0.0875	0.0880	0.0866	0.0880	0.0869	0.0871	0.0906	0.0902	0.0988	0.0911	0.0904	0.0902	0.0901	0.0891	0.0908	0.0892	0.0915	0.0918	0.0910	0.0898	0.0906	0.0896	
0.0962	0.0956	0.0948	0.0920	0.0917	0.0905	0.0908	0.0905	0.0975	0.0971	0.0962	0.0942	0.0929	0.0922	0.0922	0.0913	0.0899	0.0892	0.0901	0.0904	0.0900	0.0902	0.0899	0.0895	0.0902	0.0904	0.0910	0.0910	0.0907	0.0901	0.0910	0.0900	0.0913	0.0908	0.0914	0.0923	0.0912	0.0907	0.0905	0.0899	0.0941	0.0929	0.0954	0.0945	0.0936	0.0936	0.0941	0.0931	0.0951	0.0945	0.1025	0.0963	0.0945	0.0942	0.0936	0.0936	0.0964	0.0953	0.0971	0.0969	0.0976	0.0961	0.0965	0.0952	
0.0929	0.0922	0.0911	0.0893	0.0882	0.0872	0.0880	0.0872	0.0936	0.0932	0.0921	0.0909	0.0899	0.0883	0.0881	0.0887	0.0859	0.0861	0.0855	0.0872	0.0859	0.0861	0.0861	0.0847	0.0869	0.0869	0.0863	0.0876	0.0871	0.0859	0.0878	0.0876	0.0874	0.0875	0.0876	0.0888	0.0881	0.0871	0.0865	0.0862	0.0901	0.0891	0.0899	0.0897	0.0897	0.0896	0.0900	0.0906	0.0906	0.0895	0.0983	0.0909	0.0905	0.0902	0.0890	0.0895	0.0928	0.0904	0.0923	0.0924	0.0934	0.0911	0.0917	0.0918	
0.0977	0.0964	0.0951	0.0928	0.0915	0.0901	0.0910	0.0899	0.0990	0.0983	0.0972	0.0942	0.0930	0.0914	0.0908	0.0898	0.0893	0.0895	0.0892	0.0899	0.0898	0.0895	0.0889	0.0884	0.0889	0.0885	0.0896	0.0892	0.0896	0.0884	0.0899	0.0878	0.0914	0.0901	0.0914	0.0909	0.0907	0.0899	0.0908	0.0898	0.0933	0.0925	0.0925	0.0923	0.0918	0.0925	0.0916	0.0918	0.0942	0.0937	0.1019	0.0948	0.0935	0.0939	0.0935	0.0937	0.0952	0.0944	0.0953	0.0952	0.0962	0.0944	0.0953	0.0940	
0.1008	0.0985	0.0977	0.0945	0.0938	0.0928	0.0928	0.0923	0.1020	0.1024	0.1005	0.0991	0.0977	0.0964	0.0970	0.0940	0.0902	0.0906	0.0910	0.0923	0.0914	0.0917	0.0911	0.0908	0.0922	0.0922	0.0934	0.0933	0.0937	0.0926	0.0946	0.0934	0.0931	0.0914	0.0924	0.0927	0.0922	0.0928	0.0920	0.0910	0.0961	0.0964	0.0965	0.0963	0.0955	0.0976	0.0969	0.0960	0.0952	0.0946	0.1028	0.0961	0.0948	0.0963	0.0943	0.0952	0.0971	0.0963	0.0974	0.0971	0.0981	0.0972	0.0987	0.0967	
0.1003	0.0982	0.0961	0.0932	0.0924	0.0902	0.0905	0.0903	0.0995	0.0984	0.0963	0.0937	0.0921	0.0906	0.0895	0.0889	0.0895	0.0890	0.0888	0.0896	0.0899	0.0888	0.0890	0.0884	0.0876	0.0873	0.0871	0.0883	0.0878	0.0864	0.0883	0.0864	0.0915	0.0896	0.0902	0.0907	0.0902	0.0890	0.0890	0.0887	0.0902	0.0890	0.0908	0.0913	0.0905	0.0896	0.0903	0.0897	0.0938	0.0923	0.1003	0.0950	0.0937	0.0941	0.0929	0.0927	0.0938	0.0923	0.0921	0.0934	0.0940	0.0923	0.0924	0.0920	
0.1039	0.1013	0.0991	0.0955	0.0940	0.0927	0.0926	0.0917	0.1052	0.1033	0.1014	0.0976	0.0963	0.0944	0.0939	0.0925	0.0900	0.0907	0.0902	0.0913	0.0905	0.0911	0.0905	0.0894	0.0900	0.0910	0.0904	0.0906	0.0919	0.0904	0.0927	0.0904	0.0928	0.0905	0.0916	0.0916	0.0920	0.0907	0.0909	0.0899	0.0940	0.0941	0.0941	0.0941	0.0927	0.0931	0.0931	0.0928	0.0930	0.0934	0.1011	0.0956	0.0937	0.0942	0.0927	0.0928	0.0951	0.0938	0.0956	0.0959	0.0975	0.0959	0.0961	0.0947	
0.1033	0.0998	0.0978	0.0949	0.0924	0.0910	0.0920	0.0921	0.1027	0.1011	0.1006	0.0973	0.0955	0.0937	0.0935	0.0929	0.0897	0.0894	0.0893	0.0894	0.0902	0.0894	0.0890	0.0871	0.0901	0.0894	0.0903	0.0895	0.0900	0.0900	0.0907	0.0909	0.0901	0.0896	0.0911	0.0903	0.0887	0.0896	0.0890	0.0887	0.0914	0.0919	0.0923	0.0919	0.0920	0.0919	0.0909	0.0934	0.0940	0.0919	0.0995	0.0937	0.0922	0.0920	0.0924	0.0919	0.0943	0.0925	0.0948	0.0946	0.0953	0.0928	0.0955	0.0968	
0.1035	0.0996	0.0964	0.0929	0.0911	0.0892	0.0887	0.0879	0.1022	0.1005	0.0976	0.0935	0.0920	0.0895	0.0891	0.0875	0.0870	0.0872	0.0874	0.0874	0.0876	0.0866	0.0861	0.0858	0.0855	0.0840	0.0837	0.0841	0.0851	0.0831	0.0859	0.0841	0.0877	0.0865	0.0873	0.0878	0.0876	0.0864	0.0865	0.0864	0.0875	0.0858	0.0881	0.0869	0.0870	0.0868	0.0868	0.0866	0.0907	0.0897	0.0976	0.0918	0.0899	0.0886	0.0884	0.0895	0.0893	0.0883	0.0904	0.0903	0.0908	0.0891	0.0897	0.0890	
0.1098	0.1042	0.1021	0.0970	0.0946	0.0924	0.0926	0.0916	0.1093	0.1056	0.1037	0.0994	0.0968	0.0944	0.0941	0.0918	0.0895	0.0895	0.0888	0.0901	0.0899	0.0900	0.0890	0.0882	0.0894	0.0889	0.0898	0.0894	0.0897	0.0874	0.0903	0.0888	0.0905	0.0900	0.0895	0.0898	0.0893	0.0887	0.0906	0.0887	0.0920	0.0916	0.0919	0.0930	0.0923	0.0920	0.0918	0.0916	0.0936	0.0929	0.1008	0.0941	0.0928	0.0925	0.0926	0.0930	0.0933	0.0935	0.0952	0.0954	0.0958	0.0940	0.0947	0.0937	
0.1138	0.1075	0.1041	0.0987	0.0967	0.0941	0.0939	0.0931	0.1136	0.1106	0.1078	0.1027	0.0997	0.0972	0.0957	0.0933	0.0911	0.0907	0.0900	0.0906	0.0910	0.0913	0.0906	0.0903	0.0907	0.0896	0.0910	0.0905	0.0906	0.0904	0.0915	0.0906	0.0925	0.0911	0.0907	0.0919	0.0897	0.0910	0.0906	0.0888	0.0930	0.0922	0.0933	0.0920	0.0919	0.0936	0.0928	0.0910	0.0932	0.0937	0.1014	0.0955	0.0935	0.0929	0.0936	0.0936	0.0961	0.0955	0.0943	0.0964	0.0966	0.0950	0.0952	0.0948	
0.1102	0.1027	0.0985	0.0935	0.0919	0.0895	0.0891	0.0881	0.1090	0.1051	0.1014	0.0968	0.0946	0.0893	0.0897	0.0894	0.0868	0.0861	0.0838	0.0853	0.0852	0.0847	0.0846	0.0852	0.0857	0.0843	0.0839	0.0855	0.0847	0.0835	0.0848	0.0854	0.0850	0.0842	0.0851	0.0854	0.0850	0.0847	0.0846	0.0834	0.0866	0.0858	0.0858	0.0864	0.0852	0.0861	0.0858	0.0862	0.0888	0.0880	0.0953	0.0899	0.0881	0.0872	0.0869	0.0873	0.0891	0.0882	0.0891	0.0900	0.0896	0.0883	0.0896	0.0897	
0.1196	0.1109	0.1062	0.1000	0.0969	0.0938	0.0933	0.0934	0.1189	0.1137	0.1093	0.1050	0.1005	0.0972	0.0957	0.0931	0.0914	0.0913	0.0895	0.0909	0.0912	0.0901	0.0895	0.0883	0.0896	0.0895	0.0884	0.0889	0.0898	0.0880	0.0898	0.0887	0.0909	0.0898	0.0903	0.0906	0.0903	0.0893	0.0897	0.0885	0.0927	0.0909	0.0914	0.0915	0.0920	0.0917	0.0908	0.0909	0.0929	0.0926	0.1004	0.0944	0.0934	0.0928	0.0923	0.0923	0.0941	0.0931	0.0936	0.0951	0.0938	0.0935	0.0949	0.0930	
0.1239	0.1153	0.1099	0.1027	0.0998	0.0971	0.0979	0.0958	0.1249	0.1189	0.1153	0.1097	0.1063	0.1019	0.1005	0.0978	0.0949	0.0939	0.0917	0.0931	0.0931	0.0929	0.0936	0.0925	0.0936	0.0938	0.0939	0.0941	0.0938	0.0935	0.0950	0.0939	0.0931	0.0920	0.0931	0.0925	0.0925	0.0924	0.0922	0.0905	0.0953	0.0950	0.0975	0.0971	0.0955	0.0955	0.0956	0.0965	0.0950	0.0939	0.1024	0.0967	0.0941	0.0946	0.0930	0.0952	0.0981	0.0972	0.0976	0.0985	0.0985	0.0976	0.0997	0.0983	
0.1283	0.1162	0.1099	0.1022	0.0983	0.0948	0.0954	0.0937	0.1256	0.1181	0.1134	0.1063	0.1020	0.0964	0.0952	0.0932	0.0934	0.0914	0.0899	0.0912	0.0919	0.0907	0.0914	0.0898	0.0878	0.0888	0.0877	0.0880	0.0883	0.0872	0.0892	0.0871	0.0900	0.0889	0.0896	0.0895	0.0891	0.0886	0.0887	0.0873	0.0893	0.0877	0.0910	0.0905	0.0886	0.0885	0.0898	0.0898	0.0929	0.0922	0.1003	0.0934	0.0924	0.0916	0.0917	0.0911	0.0930	0.0907	0.0927	0.0932	0.0936	0.0920	0.0919	0.0917	
0.1347	0.1207	0.1129	0.1050	0.0999	0.0965	0.0964	0.0952	0.1327	0.1241	0.1185	0.1115	0.1059	0.1009	0.0996	0.0955	0.0952	0.0922	0.0901	0.0919	0.0930	0.0911	0.0917	0.0906	0.0902	0.0900	0.0905	0.0910	0.0904	0.0902	0.0904	0.0906	0.0908	0.0893	0.0900	0.0903	0.0891	0.0895	0.0894	0.0878	0.0913	0.0908	0.0935	0.0945	0.0907	0.0919	0.0913	0.0914	0.0930	0.0921	0.1000	0.0949	0.0926	0.0934	0.0924	0.0915	0.0945	0.0928	0.0946	0.0954	0.0954	0.0936	0.0951	0.0936	
0.1349	0.1216	0.1111	0.1025	0.0975	0.0936	0.0941	0.0922	0.1311	0.1228	0.1175	0.1091	0.1036	0.0980	0.0952	0.0946	0.0924	0.0901	0.0876	0.0902	0.0898	0.0892	0.0882	0.0871	0.0875	0.0876	0.0869	0.0870	0.0867	0.0869	0.0884	0.0890	0.0876	0.0858	0.0866	0.0864	0.0860	0.0864	0.0852	0.0853	0.0883	0.0868	0.0885	0.0875	0.0871	0.0884	0.0888	0.0901	0.0901	0.0885	0.0966	0.0902	0.0889	0.0896	0.0888	0.0889	0.0928	0.0907	0.0912	0.0923	0.0907	0.0903	0.0912	0.0924	
0.1460	0.1283	0.1176	0.1065	0.1010	0.0972	0.0966	0.0951	0.1434	0.1315	0.1247	0.1140	0.1084	0.1010	0.0984	0.0953	0.0966	0.0924	0.0905	0.0924	0.0922	0.0918	0.0907	0.0900	0.0892	0.0887	0.0889	0.0894	0.0888	0.0886	0.0901	0.0878	0.0896	0.0886	0.0889	0.0893	0.0882	0.0891	0.0887	0.0872	0.0888	0.0895	0.0901	0.0907	0.0893	0.0899	0.0889	0.0894	0.0928	0.0924	0.1000	0.0936	0.0910	0.0915	0.0909	0.0915	0.0938	0.0926	0.0943	0.0928	0.0937	0.0926	0.0934	0.0918	
0.1533	0.1313	0.1197	0.1087	0.1017	0.0983	0.0974	0.0954	0.1487	0.1380	0.1301	0.1178	0.1115	0.1048	0.1017	0.0966	0.0978	0.0938	0.0901	0.0927	0.0941	0.0927	0.0908	0.0909	0.0911	0.0892	0.0900	0.0906	0.0909	0.0909	0.0918	0.0897	0.0892	0.0881	0.0879	0.0892	0.0886	0.0886	0.0887	0.0877	0.0918	0.0910	0.0919	0.0931	0.0912	0.0925	0.0918	0.0906	0.0924	0.0901	0.0993	0.0922	0.0913	0.0917	0.0907	0.0915	0.0941	0.0935	0.0927	0.0949	0.0953	0.0933	0.0936	0.0932	
0.1573	0.1328	0.1197	0.1079	0.1008	0.0950	0.0942	0.0933	0.1529	0.1377	0.1273	0.1161	0.1069	0.0983	0.0959	0.0926	0.0968	0.0922	0.0881	0.0903	0.0902	0.0891	0.0888	0.0877	0.0864	0.0854	0.0840	0.0848	0.0857	0.0839	0.0852	0.0831	0.0876	0.0854	0.0860	0.0857	0.0862	0.0850	0.0853	0.0848	0.0863	0.0856	0.0861	0.0858	0.0848	0.0852	0.0844	0.0848	0.0888	0.0880	0.0961	0.0895	0.0891	0.0881	0.0879	0.0881	0.0899	0.0874	0.0894	0.0899	0.0891	0.0875	0.0887	0.0886	
0.1714	0.1458	0.1293	0.1138	0.1070	0.1000	0.0999	0.0980	0.1669	0.1493	0.1384	0.1248	0.1158	0.1057	0.1030	0.0978	0.1028	0.0987	0.0928	0.0946	0.0961	0.0939	0.0932	0.0925	0.0914	0.0906	0.0900	0.0900	0.0908	0.0901	0.0906	0.0893	0.0912	0.0901	0.0898	0.0902	0.0893	0.0894	0.0890	0.0887	0.0917	0.0908	0.0917	0.0911	0.0908	0.0900	0.0900	0.0897	0.0936	0.0924	0.1002	0.0930	0.0926	0.0922	0.0911	0.0919	0.0949	0.0926	0.0958	0.0943	0.0958	0.0938	0.0954	0.0933	
0.1789	0.1476	0.1308	0.1149	0.1061	0.1005	0.0992	0.0973	0.1701	0.1529	0.1409	0.1264	0.1171	0.1067	0.1038	0.0993	0.1040	0.0992	0.0941	0.0951	0.0963	0.0937	0.0936	0.0916	0.0924	0.0924	0.0903	0.0909	0.0913	0.0906	0.0928	0.0919	0.0892	0.0899	0.0904	0.0901	0.0896	0.0893	0.0895	0.0885	0.0905	0.0909	0.0913	0.0918	0.0912	0.0907	0.0911	0.0927	0.0921	0.0917	0.0992	0.0926	0.0909	0.0919	0.0908	0.0906	0.0952	0.0932	0.0955	0.0953	0.0942	0.0937	0.0953	0.0954	
0.1928	0.1574	0.1353	0.1177	0.1075	0.1007	0.0981	0.0964	0.1815	0.1595	0.1460	0.1278	0.1169	0.1040	0.1017	0.0963	0.1070	0.0993	0.0925	0.0935	0.0968	0.0933	0.0917	0.0900	0.0898	0.0883	0.0863	0.0867	0.0870	0.0861	0.0888	0.0862	0.0894	0.0881	0.0875	0.0887	0.0890	0.0880	0.0876	0.0869	0.0881	0.0867	0.0881	0.0871	0.0866	0.0869	0.0874	0.0868	0.0906	0.0904	0.0974	0.0907	0.0901	0.0898	0.0887	0.0872	0.0910	0.0896	0.0908	0.0903	0.0910	0.0889	0.0911	0.0888	
0.2083	0.1671	0.1429	0.1221	0.1113	0.1031	0.1015	0.0988	0.1942	0.1709	0.1565	0.1353	0.1216	0.1095	0.1056	0.0998	0.1103	0.1035	0.0942	0.0958	0.0969	0.0941	0.0928	0.0921	0.0923	0.0921	0.0894	0.0888	0.0902	0.0890	0.0902	0.0882	0.0907	0.0900	0.0877	0.0890	0.0877	0.0880	0.0877	0.0864	0.0900	0.0891	0.0903	0.0906	0.0897	0.0895	0.0900	0.0896	0.0911	0.0920	0.0983	0.0923	0.0910	0.0915	0.0902	0.0903	0.0935	0.0925	0.0935	0.0938	0.0935	0.0925	0.0923	0.0919	
0.2223	0.1785	0.1503	0.1273	0.1134	0.1054	0.1023	0.1005	0.2116	0.1836	0.1656	0.1426	0.1281	0.1137	0.1078	0.1023	0.1160	0.1069	0.0965	0.0977	0.0992	0.0972	0.0941	0.0931	0.0961	0.0940	0.0916	0.0904	0.0909	0.0911	0.0912	0.0898	0.0914	0.0898	0.0894	0.0896	0.0888	0.0897	0.0889	0.0876	0.0903	0.0912	0.0916	0.0907	0.0902	0.0916	0.0904	0.0906	0.0921	0.0925	0.0988	0.0918	0.0915	0.0911	0.0912	0.0897	0.0944	0.0930	0.0925	0.0945	0.0935	0.0936	0.0931	0.0927	
0.2356	0.1845	0.1537	0.1299	0.1159	0.1055	0.1037	0.1009	0.2234	0.1909	0.1728	0.1474	0.1311	0.1163	0.1118	0.1053	0.1186	0.1081	0.0986	0.1000	0.1014	0.0992	0.0966	0.0951	0.0992	0.0969	0.0939	0.0939	0.0941	0.0935	0.0947	0.0940	0.0920	0.0922	0.0898	0.0912	0.0907	0.0895	0.0906	0.0903	0.0954	0.0929	0.0934	0.0933	0.0926	0.0931	0.0935	0.0933	0.0932	0.0930	0.1007	0.0941	0.0936	0.0918	0.0918	0.0922	0.0965	0.0956	0.0969	0.0969	0.0968	0.0953	0.0970	0.0958	
0.2481	0.1933	0.1571	0.1304	0.1141	0.1036	0.1014	0.0970	0.2349	0.1984	0.1754	0.1481	0.1288	0.1104	0.1051	0.0993	0.1212	0.1090	0.0952	0.0974	0.0990	0.0941	0.0927	0.0899	0.0937	0.0904	0.0865	0.0860	0.0861	0.0843	0.0858	0.0847	0.0889	0.0866	0.0861	0.0876	0.0856	0.0851	0.0854	0.0829	0.0849	0.0848	0.0840	0.0841	0.0842	0.0842	0.0838	0.0838	0.0895	0.0881	0.0955	0.0886	0.0877	0.0874	0.0868	0.0856	0.0881	0.0862	0.0876	0.0879	0.0871	0.0856	0.0875	0.0862	
0.2745	0.2112	0.1716	0.1404	0.1209	0.1096	0.1054	0.1022	0.2572	0.2186	0.1910	0.1607	0.1387	0.1180	0.1104	0.1044	0.1316	0.1161	0.1012	0.1025	0.1039	0.0995	0.0964	0.0946	0.1014	0.0974	0.0925	0.0916	0.0915	0.0903	0.0913	0.0901	0.0923	0.0911	0.0894	0.0910	0.0887	0.0888	0.0891	0.0876	0.0918	0.0914	0.0903	0.0905	0.0890	0.0902	0.0905	0.0899	0.0926	0.0908	0.0997	0.0923	0.0904	0.0913	0.0901	0.0899	0.0933	0.0929	0.0934	0.0931	0.0932	0.0922	0.0920	0.0920	
0.2923	0.2220	0.1788	0.1439	0.1240	0.1096	0.1072	0.1026	0.2697	0.2289	0.2002	0.1656	0.1439	0.1207	0.1154	0.1063	0.1367	0.1190	0.1029	0.1050	0.1051	0.1004	0.0977	0.0961	0.1033	0.0981	0.0942	0.0935	0.0937	0.0930	0.0941	0.0912	0.0930	0.0901	0.0894	0.0893	0.0893	0.0892	0.0892	0.0880	0.0938	0.0915	0.0921	0.0918	0.0897	0.0919	0.0916	0.0901	0.0915	0.0898	0.0977	0.0926	0.0909	0.0901	0.0900	0.0891	0.0947	0.0913	0.0928	0.0934	0.0941	0.0923	0.0933	0.0924	
0.3146	0.2367	0.1861	0.1472	0.1247	0.1105	0.1063	0.1021	0.2906	0.2436	0.2087	0.1709	0.1458	0.1196	0.1129	0.1034	0.1421	0.1216	0.1034	0.1054	0.1168	0.0999	0.0958	0.0947	0.1033	0.0975	0.0895	0.0898	0.0901	0.0877	0.0887	0.0869	0.0921	0.0905	0.0873	0.0887	0.0874	0.0873	0.0870	0.0864	0.0901	0.0881	0.0880	0.0872	0.0865	0.0866	0.0861	0.0857	0.0904	0.0898	0.0962	0.0900	0.0892	0.0881	0.0876	0.0876	0.0905	0.0877	0.0901	0.0903	0.0899	0.0884	0.0895	0.0894	
0.3417	0.2605	0.2022	0.1563	0.1313	0.1152	0.1097	0.1060	0.3176	0.2674	0.2266	0.1851	0.1559	0.1273	0.1202	0.1097	0.1533	0.1310	0.1092	0.1096	0.1105	0.1033	0.1011	0.0976	0.1099	0.1031	0.0958	0.0951	0.0942	0.0926	0.0931	0.0907	0.0959	0.0931	0.0902	0.0910	0.0898	0.0900	0.0895	0.0880	0.0946	0.0914	0.0913	0.0918	0.0906	0.0913	0.0904	0.0890	0.0921	0.0911	0.0987	0.0918	0.0905	0.0907	0.0900	0.0896	0.0952	0.0922	0.0934	0.0935	0.0938	0.0926	0.0925	0.0923	
0.3637	0.2727	0.2081	0.1617	0.1326	0.1139	0.1084	0.1035	0.3331	0.2778	0.2353	0.1875	0.1530	0.1245	0.1159	0.1060	0.1601	0.1336	0.1085	0.1091	0.1093	0.1021	0.0978	0.0954	0.1079	0.1003	0.0918	0.0912	0.0892	0.0878	0.0882	0.0862	0.0948	0.0907	0.0880	0.0882	0.0870	0.0868	0.0861	0.0866	0.0899	0.0866	0.0856	0.0853	0.0852	0.0851	0.0839	0.0835	0.0893	0.0874	0.0961	0.0889	0.0878	0.0874	0.0870	0.0863	0.0882	0.0857	0.0883	0.0886	0.0887	0.0865	0.0867	0.0858	
0.3890	0.2952	0.2236	0.1714	0.1395	0.1191	0.1124	0.1071	0.3611	0.3063	0.2585	0.2050	0.1683	0.1337	0.1238	0.1123	0.1755	0.1436	0.1147	0.1153	0.1143	0.1064	0.1025	0.1007	0.1172	0.1074	0.0977	0.0959	0.0954	0.0933	0.0944	0.0922	0.0977	0.0945	0.0913	0.0914	0.0900	0.0899	0.0893	0.0883	0.0957	0.0917	0.0915	0.0915	0.0889	0.0907	0.0899	0.0906	0.0916	0.0912	0.0984	0.0912	0.0900	0.0898	0.0899	0.0896	0.0930	0.0914	0.0930	0.0928	0.0935	0.0919	0.0918	0.0913	
0.4080	0.3072	0.2297	0.1732	0.1379	0.1161	0.1100	0.1053	0.3768	0.3184	0.2647	0.2094	0.1684	0.1290	0.1199	0.1099	0.1767	0.1441	0.1135	0.1132	0.1106	0.1039	0.0992	0.0945	0.1178	0.1056	0.0943	0.0936	0.0921	0.0897	0.0899	0.0901	0.0957	0.0908	0.0878	0.0872	0.0860	0.0856	0.0856	0.0836	0.0929	0.0870	0.0869	0.0863	0.0867	0.0857	0.0861	0.0857	0.0889	0.0858	0.0950	0.0876	0.0865	0.0861	0.0855	0.0857	0.0898	0.0880	0.0886	0.0873	0.0884	0.0867	0.0874	0.0887	
0.4443	0.3387	0.2533	0.1901	0.1491	0.1238	0.1156	0.1099	0.4158	0.3490	0.2926	0.2286	0.1830	0.1384	0.1271	0.1139	0.1985	0.1584	0.1230	0.1233	0.1200	0.1096	0.1041	0.1007	0.1271	0.1135	0.0993	0.0967	0.0958	0.0928	0.0927	0.0896	0.1009	0.0957	0.0907	0.0904	0.0890	0.0880	0.0888	0.0879	0.0962	0.0914	0.0893	0.0898	0.0881	0.0888	0.0886	0.0881	0.0928	0.0906	0.0968	0.0912	0.0898	0.0888	0.0884	0.0889	0.0938	0.0897	0.0921	0.0908	0.0912	0.0899	0.0908	0.0892	
0.4681	0.3646	0.2673	0.1987	0.1538	0.1272	0.1199	0.1124	0.4382	0.3698	0.3093	0.2436	0.1927	0.1462	0.1325	0.1177	0.2119	0.1678	0.1290	0.1273	0.1242	0.1138	0.1079	0.1040	0.1356	0.1224	0.1055	0.1026	0.1010	0.0996	0.0995	0.0956	0.1062	0.0982	0.0944	0.0939	0.0927	0.0930	0.0919	0.0910	0.1015	0.0960	0.0947	0.0948	0.0937	0.0935	0.0935	0.0927	0.0938	0.0919	0.0998	0.0922	0.0914	0.0927	0.0912	0.0924	0.0962	0.0938	0.0945	0.0956	0.0934	0.0942	0.0948	0.0942	
0.4944	0.3922	0.2861	0.2097	0.1596	0.1292	0.1197	0.1123	0.4644	0.3950	0.3290	0.2539	0.1984	0.1467	0.1322	0.1166	0.2263	0.1770	0.1322	0.1285	0.1252	0.1135	0.1065	0.1018	0.1381	0.1209	0.1029	0.0992	0.0965	0.0935	0.0933	0.0893	0.1049	0.0972	0.0916	0.0906	0.0897	0.0883	0.0886	0.0866	0.0980	0.0909	0.0895	0.0878	0.0878	0.0878	0.0856	0.0862	0.0904	0.0895	0.0956	0.0886	0.0886	0.0887	0.0875	0.0865	0.0899	0.0872	0.0888	0.0897	0.0894	0.0883	0.0891	0.0880	
0.5171	0.4145	0.3040	0.2215	0.1669	0.1330	0.1234	0.1153	0.4910	0.4234	0.3551	0.2707	0.2123	0.1551	0.1391	0.1219	0.2478	0.1921	0.1410	0.1390	0.1327	0.1182	0.1106	0.1050	0.1504	0.1304	0.1095	0.1051	0.1027	0.0980	0.0983	0.0936	0.1106	0.1018	0.0945	0.0942	0.0923	0.0908	0.0913	0.0888	0.1029	0.0963	0.0932	0.0917	0.0915	0.0900	0.0907	0.0909	0.0936	0.0926	0.0981	0.0916	0.0907	0.0899	0.0900	0.0890	0.0938	0.0909	0.0921	0.0922	0.0920	0.0906	0.0924	0.0905	
0.5420	0.4449	0.3218	0.2343	0.1717	0.1355	0.1235	0.1152	0.5157	0.4471	0.3719	0.2839	0.2183	0.1554	0.1373	0.1200	0.2638	0.2005	0.1434	0.1397	0.1347	0.1167	0.1097	0.1038	0.1531	0.1309	0.1069	0.1021	0.0990	0.0934	0.0943	0.0883	0.1117	0.1011	0.0927	0.0916	0.0895	0.0884	0.0882	0.0862	0.1011	0.0914	0.0896	0.0874	0.0859	0.0859	0.0837	0.0855	0.0904	0.0888	0.0952	0.0875	0.0871	0.0866	0.0860	0.0861	0.0887	0.0873	0.0878	0.0872	0.0868	0.0847	0.0865	0.0854	
0.5681	0.4755	0.3485	0.2513	0.1842	0.1429	0.1290	0.1192	0.5528	0.4846	0.4041	0.3110	0.2393	0.1674	0.1477	0.1259	0.2845	0.2173	0.1536	0.1505	0.1446	0.1247	0.1165	0.1092	0.1686	0.1447	0.1158	0.1112	0.1065	0.1014	0.1002	0.0943	0.1202	0.1072	0.0981	0.0966	0.0933	0.0917	0.0914	0.0895	0.1101	0.0982	0.0945	0.0935	0.0911	0.0913	0.0901	0.0901	0.0941	0.0933	0.0983	0.0915	0.0903	0.0891	0.0896	0.0891	0.0934	0.0921	0.0915	0.0918	0.0920	0.0898	0.0914	0.0911	
0.5804	0.4925	0.3599	0.2561	0.1846	0.1396	0.1259	0.1159	0.5670	0.5022	0.4161	0.3213	0.2412	0.1653	0.1441	0.1244	0.3039	0.2278	0.1586	0.1520	0.1413	0.1225	0.1128	0.1058	0.1737	0.1441	0.1155	0.1090	0.1041	0.0987	0.0964	0.0924	0.1176	0.1065	0.0953	0.0938	0.0904	0.0891	0.0877	0.0854	0.1083	0.0954	0.0909	0.0895	0.0881	0.0859	0.0857	0.0879	0.0898	0.0889	0.0943	0.0880	0.0856	0.0862	0.0847	0.0856	0.0892	0.0863	0.0878	0.0881	0.0876	0.0848	0.0864	0.0881	
0.6117	0.5268	0.3926	0.2806	0.2005	0.1499	0.1349	0.1224	0.5905	0.5323	0.4427	0.3470	0.2631	0.1788	0.1544	0.1310	0.3351	0.2515	0.1737	0.1678	0.1539	0.1297	0.1190	0.1127	0.1909	0.1595	0.1253	0.1159	0.1103	0.1040	0.1003	0.0943	0.1266	0.1131	0.0998	0.0979	0.0941	0.0916	0.0921	0.0884	0.1147	0.1001	0.0945	0.0917	0.0909	0.0902	0.0884	0.0883	0.0948	0.0922	0.0986	0.0914	0.0891	0.0902	0.0891	0.0880	0.0922	0.0907	0.0901	0.0904	0.0926	0.0893	0.0896	0.0885	
0.6182	0.5405	0.4037	0.2901	0.2057	0.1523	0.1351	0.1241	0.6115	0.5547	0.4679	0.3628	0.2760	0.1847	0.1586	0.1338	0.3492	0.2631	0.1808	0.1720	0.1588	0.1345	0.1225	0.1138	0.2045	0.1697	0.1306	0.1206	0.1143	0.1080	0.1057	0.0996	0.1328	0.1184	0.1031	0.1015	0.0970	0.0955	0.0938	0.0919	0.1205	0.1070	0.0991	0.0973	0.0950	0.0940	0.0936	0.0933	0.0973	0.0949	0.0999	0.0927	0.0912	0.0915	0.0898	0.0903	0.0962	0.0936	0.0938	0.0942	0.0937	0.0924	0.0938	0.0942	
0.6416	0.5683	0.4342	0.3154	0.2204	0.1584	0.1396	0.1264	0.6375	0.5822	0.4959	0.3888	0.2952	0.1919	0.1627	0.1356	0.3804	0.2841	0.1929	0.1836	0.1676	0.1387	0.1254	0.1155	0.2177	0.1774	0.1354	0.1230	0.1163	0.1061	0.1035	0.0954	0.1394	0.1205	0.1043	0.1014	0.0964	0.0934	0.0920	0.0895	0.1232	0.1041	0.0965	0.0935	0.0907	0.0893	0.0884	0.0873	0.0963	0.0931	0.0985	0.0898	0.0892	0.0890	0.0886	0.0878	0.0915	0.0898	0.0890	0.0893	0.0895	0.0882	0.0880	0.0874	
0.6550	0.5930	0.4602	0.3347	0.2328	0.1673	0.1455	0.1304	0.6566	0.6045	0.5167	0.4120	0.3126	0.2025	0.1714	0.1424	0.4032	0.3050	0.2053	0.1938	0.1751	0.1444	0.1297	0.1191	0.2351	0.1922	0.1433	0.1296	0.1214	0.1112	0.1080	0.0985	0.1481	0.1278	0.1093	0.1041	0.0996	0.0963	0.0946	0.0901	0.1309	0.1107	0.1011	0.0982	0.0940	0.0928	0.0913	0.0902	0.0972	0.0956	0.0989	0.0924	0.0920	0.0897	0.0886	0.0888	0.0947	0.0916	0.0913	0.0920	0.0913	0.0908	0.0906	0.0900	
0.6604	0.6109	0.4771	0.3496	0.2414	0.1668	0.1442	0.1285	0.6685	0.6222	0.5369	0.4296	0.3269	0.2034	0.1694	0.1393	0.4274	0.3257	0.2165	0.2009	0.1809	0.1463	0.1285	0.1177	0.2455	0.1985	0.1456	0.1302	0.1199	0.1064	0.1041	0.0943	0.1515	0.1292	0.1081	0.1034	0.0971	0.0932	0.0910	0.0877	0.1316	0.1083	0.0965	0.0933	0.0900	0.0866	0.0844	0.0854	0.0954	0.0928	0.0963	0.0890	0.0874	0.0866	0.0855	0.0851	0.0893	0.0876	0.0860	0.0868	0.0861	0.0842	0.0855	0.0838	
0.6713	0.6398	0.5051	0.3771	0.2581	0.1793	0.1531	0.1349	0.6956	0.6558	0.5684	0.4590	0.3532	0.2205	0.1802	0.1452	0.4624	0.3538	0.2363	0.2202	0.1965	0.1558	0.1370	0.1239	0.2735	0.2186	0.1575	0.1404	0.1273	0.1137	0.1090	0.0981	0.1666	0.1396	0.1139	0.1087	0.1018	0.0983	0.0946	0.0906	0.1412	0.1149	0.1023	0.0981	0.0933	0.0910	0.0891	0.0877	0.0996	0.0964	0.0978	0.0904	0.0895	0.0894	0.0882	0.0881	0.0931	0.0899	0.0888	0.0890	0.0892	0.0873	0.0883	0.0869	
0.6753	0.6509	0.5270	0.4017	0.2766	0.1880	0.1600	0.1407	0.6999	0.6728	0.5907	0.4851	0.3774	0.2339	0.1915	0.1540	0.4888	0.3790	0.2548	0.2343	0.2081	0.1632	0.1431	0.1281	0.2909	0.2348	0.1683	0.1482	0.1359	0.1198	0.1142	0.1013	0.1774	0.1489	0.1194	0.1132	0.1051	0.0998	0.0972	0.0916	0.1527	0.1226	0.1063	0.1023	0.0976	0.0932	0.0914	0.0896	0.1031	0.0994	0.1001	0.0937	0.0910	0.0908	0.0898	0.0895	0.0955	0.0942	0.0908	0.0904	0.0908	0.0894	0.0908	0.0889	
0.6737	0.6547	0.5415	0.4139	0.2840	0.1917	0.1615	0.1416	0.7057	0.6874	0.6058	0.5056	0.3941	0.2420	0.1967	0.1578	0.5096	0.3941	0.2670	0.2467	0.2146	0.1681	0.1464	0.1308	0.3108	0.2530	0.1779	0.1549	0.1416	0.1240	0.1188	0.1054	0.1874	0.1563	0.1236	0.1174	0.1082	0.1030	0.1000	0.0946	0.1617	0.1290	0.1100	0.1062	0.1017	0.0971	0.0954	0.0938	0.1064	0.1010	0.1020	0.0936	0.0926	0.0916	0.0909	0.0901	0.0981	0.0952	0.0917	0.0938	0.0928	0.0913	0.0935	0.0924	
0.6756	0.6592	0.5581	0.4327	0.2970	0.1966	0.1643	0.1411	0.7019	0.6910	0.6206	0.5212	0.4137	0.2485	0.1999	0.1580	0.5276	0.4164	0.2844	0.2568	0.2242	0.1728	0.1473	0.1292	0.3294	0.2679	0.1849	0.1605	0.1409	0.1195	0.1134	0.1004	0.1961	0.1617	0.1264	0.1177	0.1072	0.0999	0.0963	0.0908	0.1627	0.1270	0.1081	0.1022	0.0966	0.0896	0.0876	0.0859	0.1036	0.0990	0.0992	0.0904	0.0903	0.0886	0.0878	0.0862	0.0934	0.0893	0.0860	0.0865	0.0859	0.0848	0.0846	0.0847	
0.6767	0.6630	0.5806	0.4563	0.3182	0.2100	0.1740	0.1498	0.7080	0.6989	0.6412	0.5455	0.4376	0.2653	0.2136	0.1669	0.5607	0.4493	0.3107	0.2823	0.2442	0.1851	0.1586	0.1387	0.3541	0.2885	0.2008	0.1723	0.1522	0.1304	0.1222	0.1058	0.2147	0.1771	0.1361	0.1243	0.1122	0.1046	0.1009	0.0954	0.1758	0.1373	0.1163	0.1095	0.1014	0.0955	0.0923	0.0903	0.1109	0.1053	0.1035	0.0956	0.0925	0.0918	0.0906	0.0891	0.0975	0.0967	0.0912	0.0921	0.0918	0.0897	0.0895	0.0887	
0.6823	0.6707	0.6014	0.4801	0.3355	0.2191	0.1809	0.1539	0.7094	0.7038	0.6567	0.5669	0.4581	0.2781	0.2218	0.1725	0.5809	0.4702	0.3259	0.2988	0.2545	0.1915	0.1620	0.1420	0.3774	0.3066	0.2127	0.1815	0.1592	0.1358	0.1273	0.1105	0.2261	0.1867	0.1406	0.1300	0.1165	0.1083	0.1043	0.0965	0.1877	0.1455	0.1207	0.1136	0.1057	0.0992	0.0983	0.0954	0.1159	0.1072	0.1060	0.0967	0.0948	0.0940	0.0919	0.0910	0.1009	0.0981	0.0940	0.0951	0.0935	0.0925	0.0931	0.0925	
0.6833	0.6730	0.6181	0.5001	0.3560	0.2292	0.1880	0.1579	0.7098	0.7050	0.6705	0.5854	0.4806	0.2932	0.2318	0.1785	0.6063	0.4954	0.3499	0.3210	0.2717	0.2030	0.1692	0.1446	0.4055	0.3301	0.2278	0.1945	0.1656	0.1369	0.1264	0.1082	0.2403	0.1969	0.1458	0.1344	0.1181	0.1087	0.1027	0.0947	0.2005	0.1511	0.1216	0.1119	0.1037	0.0944	0.0926	0.0887	0.1176	0.1089	0.1046	0.0958	0.0933	0.0911	0.0896	0.0887	0.0978	0.0968	0.0906	0.0908	0.0906	0.0883	0.0884	0.0873	
0.6881	0.6767	0.6320	0.5206	0.3751	0.2431	0.1966	0.1643	0.7149	0.7093	0.6796	0.6035	0.5056	0.3092	0.2445	0.1858	0.6255	0.5240	0.3747	0.3393	0.2884	0.2154	0.1762	0.1512	0.4260	0.3567	0.2421	0.2062	0.1773	0.1461	0.1343	0.1136	0.2577	0.2119	0.1560	0.1403	0.1222	0.1125	0.1055	0.0975	0.2152	0.1617	0.1295	0.1187	0.1085	0.0997	0.0962	0.0944	0.1239	0.1135	0.1075	0.0988	0.0961	0.0940	0.0912	0.0904	0.1027	0.1002	0.0938	0.0934	0.0924	0.0911	0.0913	0.0905	
0.6884	0.6763	0.6400	0.5353	0.3905	0.2511	0.1976	0.1644	0.7149	0.7088	0.6852	0.6207	0.5225	0.3208	0.2504	0.1877	0.6392	0.5440	0.3927	0.3561	0.3037	0.2196	0.1788	0.1527	0.4542	0.3754	0.2564	0.2134	0.1801	0.1449	0.1321	0.1100	0.2707	0.2218	0.1594	0.1439	0.1234	0.1114	0.1040	0.0957	0.2229	0.1650	0.1286	0.1164	0.1052	0.0953	0.0917	0.0888	0.1240	0.1122	0.1047	0.0947	0.0928	0.0898	0.0879	0.0867	0.0997	0.0967	0.0891	0.0884	0.0881	0.0853	0.0853	0.0841	
0.6957	0.6844	0.6548	0.5599	0.4147	0.2683	0.2117	0.1749	0.7248	0.7194	0.6956	0.6401	0.5491	0.3394	0.2656	0.1999	0.6497	0.5642	0.4212	0.3807	0.3229	0.2364	0.1916	0.1617	0.4851	0.4042	0.2817	0.2340	0.1972	0.1555	0.1417	0.1169	0.3002	0.2439	0.1742	0.1551	0.1313	0.1184	0.1087	0.0996	0.2488	0.1806	0.1401	0.1260	0.1133	0.1015	0.0972	0.0926	0.1329	0.1208	0.1108	0.0998	0.0968	0.0934	0.0926	0.0904	0.1062	0.1030	0.0945	0.0939	0.0925	0.0904	0.0906	0.0889	
0.6971	0.6846	0.6571	0.5738	0.4315	0.2818	0.2209	0.1818	0.7281	0.7226	0.6997	0.6552	0.5677	0.3597	0.2796	0.2079	0.6587	0.5882	0.4478	0.4048	0.3503	0.2505	0.2003	0.1675	0.5082	0.4294	0.3015	0.2503	0.2078	0.1645	0.1477	0.1208	0.3220	0.2633	0.1856	0.1648	0.1379	0.1220	0.1126	0.1027	0.2642	0.1924	0.1475	0.1320	0.1175	0.1034	0.0985	0.0951	0.1385	0.1256	0.1143	0.1013	0.0995	0.0946	0.0936	0.0912	0.1109	0.1057	0.0947	0.0947	0.0941	0.0914	0.0915	0.0894	
0.6917	0.6791	0.6516	0.5807	0.4423	0.2866	0.2219	0.1789	0.7198	0.7140	0.6933	0.6605	0.5815	0.3676	0.2806	0.2082	0.6541	0.5974	0.4631	0.4177	0.3549	0.2540	0.2054	0.1687	0.5298	0.4479	0.3148	0.2606	0.2134	0.1655	0.1451	0.1184	0.3376	0.2735	0.1915	0.1674	0.1381	0.1221	0.1101	0.0995	0.2758	0.1993	0.1499	0.1316	0.1155	0.0991	0.0944	0.0904	0.1420	0.1242	0.1126	0.0999	0.0976	0.0921	0.0899	0.0882	0.1084	0.1034	0.0907	0.0903	0.0893	0.0865	0.0865	0.0854	
0.6969	0.6835	0.6562	0.5988	0.4647	0.3055	0.2364	0.1913	0.7283	0.7229	0.7025	0.6699	0.6038	0.3917	0.3018	0.2238	0.6606	0.6254	0.4941	0.4497	0.3841	0.2754	0.2204	0.1822	0.5580	0.4812	0.3434	0.2826	0.2340	0.1775	0.1577	0.1268	0.3629	0.2972	0.2092	0.1816	0.1484	0.1292	0.1166	0.1044	0.3020	0.2171	0.1627	0.1431	0.1248	0.1071	0.1015	0.0961	0.1538	0.1347	0.1190	0.1048	0.1024	0.0969	0.0943	0.0923	0.1165	0.1112	0.0965	0.0953	0.0952	0.0917	0.0915	0.0907	
0.6979	0.6849	0.6594	0.6117	0.4792	0.3183	0.2452	0.1920	0.7259	0.7181	0.6933	0.6673	0.6122	0.4017	0.3104	0.2269	0.6594	0.6317	0.5076	0.4620	0.3938	0.2810	0.2252	0.1816	0.5689	0.4926	0.3527	0.2929	0.2367	0.1797	0.1571	0.1250	0.3796	0.3148	0.2148	0.1868	0.1498	0.1288	0.1163	0.1027	0.3095	0.2230	0.1625	0.1431	0.1225	0.1041	0.0989	0.0950	0.1550	0.1332	0.1166	0.1038	0.0998	0.0938	0.0915	0.0887	0.1176	0.1099	0.0947	0.0941	0.0932	0.0879	0.0884	0.0893	
0.7001	0.6895	0.6629	0.6221	0.5074	0.3419	0.2616	0.2061	0.7300	0.7250	0.7060	0.6772	0.6363	0.4252	0.3349	0.2414	0.6669	0.6453	0.5346	0.4880	0.4185	0.3023	0.2399	0.1916	0.5955	0.5263	0.3857	0.3157	0.2579	0.1939	0.1678	0.1332	0.4088	0.3424	0.2364	0.2047	0.1621	0.1383	0.1233	0.1082	0.3365	0.2439	0.1786	0.1548	0.1328	0.1100	0.1047	0.0966	0.1667	0.1446	0.1239	0.1086	0.1053	0.0982	0.0950	0.0917	0.1237	0.1161	0.0983	0.0974	0.0966	0.0909	0.0918	0.0894	
0.7079	0.6967	0.6692	0.6309	0.5162	0.3547	0.2713	0.2099	0.7298	0.7231	0.7030	0.6757	0.6400	0.4413	0.3453	0.2526	0.6672	0.6522	0.5541	0.5067	0.4365	0.3165	0.2510	0.2003	0.6134	0.5440	0.4044	0.3352	0.2744	0.2036	0.1763	0.1385	0.4207	0.3552	0.2451	0.2114	0.1671	0.1423	0.1274	0.1110	0.3565	0.2586	0.1864	0.1632	0.1375	0.1162	0.1096	0.1020	0.1771	0.1525	0.1280	0.1135	0.1080	0.1021	0.0977	0.0949	0.1313	0.1237	0.1024	0.1021	0.0994	0.0963	0.0956	0.0935	
0.7133	0.6976	0.6722	0.6365	0.5376	0.3725	0.2869	0.2218	0.7367	0.7288	0.7103	0.6842	0.6551	0.4606	0.3644	0.2603	0.6681	0.6577	0.5717	0.5249	0.4534	0.3339	0.2615	0.2085	0.6320	0.5691	0.4318	0.3594	0.2900	0.2120	0.1805	0.1385	0.4508	0.3830	0.2676	0.2274	0.1789	0.1489	0.1293	0.1122	0.3784	0.2753	0.1956	0.1701	0.1415	0.1147	0.1068	0.0976	0.1856	0.1595	0.1312	0.1130	0.1083	0.0998	0.0953	0.0918	0.1319	0.1222	0.1010	0.0986	0.0961	0.0918	0.0909	0.0879	
0.7136	0.6984	0.6760	0.6408	0.5536	0.3929	0.3005	0.2315	0.7425	0.7343	0.7138	0.6912	0.6608	0.4838	0.3838	0.2769	0.6770	0.6641	0.5954	0.5493	0.4796	0.3550	0.2822	0.2193	0.6451	0.5979	0.4577	0.3827	0.3130	0.2293	0.1917	0.1478	0.4817	0.4108	0.2871	0.2438	0.1890	0.1565	0.1352	0.1152	0.4123	0.2995	0.2155	0.1819	0.1500	0.1204	0.1126	0.1017	0.2008	0.1700	0.1373	0.1190	0.1129	0.1034	0.0997	0.0943	0.1411	0.1287	0.1058	0.1020	0.0997	0.0955	0.0939	0.0912	
0.7138	0.7001	0.6736	0.6391	0.5645	0.4053	0.3108	0.2339	0.7386	0.7320	0.7122	0.6851	0.6597	0.4928	0.3896	0.2821	0.6717	0.6614	0.6045	0.5596	0.4922	0.3640	0.2864	0.2220	0.6459	0.6081	0.4732	0.3993	0.3223	0.2347	0.1957	0.1490	0.5041	0.4293	0.2996	0.2547	0.1964	0.1590	0.1369	0.1164	0.4251	0.3119	0.2197	0.1858	0.1540	0.1210	0.1121	0.1032	0.2076	0.1749	0.1393	0.1204	0.1128	0.1038	0.0985	0.0941	0.1432	0.1307	0.1071	0.1025	0.1012	0.0954	0.0940	0.0932	
0.7208	0.7088	0.6822	0.6467	0.5847	0.4281	0.3311	0.2485	0.7470	0.7395	0.7177	0.6931	0.6663	0.5169	0.4109	0.3001	0.6816	0.6686	0.6338	0.5835	0.5186	0.3882	0.3085	0.2396	0.6565	0.6336	0.5014	0.4243	0.3472	0.2531	0.2100	0.1547	0.5271	0.4555	0.3233	0.2723	0.2068	0.1690	0.1414	0.1190	0.4606	0.3406	0.2407	0.1991	0.1613	0.1250	0.1141	0.1023	0.2247	0.1842	0.1464	0.1256	0.1188	0.1049	0.0996	0.0950	0.1540	0.1390	0.1081	0.1032	0.1010	0.0941	0.0929	0.0881	
0.7148	0.7000	0.6744	0.6431	0.5869	0.4409	0.3393	0.2535	0.7458	0.7368	0.7152	0.6929	0.6631	0.5275	0.4247	0.3110	0.6820	0.6710	0.6416	0.5972	0.5288	0.4070	0.3260	0.2506	0.6543	0.6413	0.5225	0.4433	0.3638	0.2634	0.2188	0.1606	0.5459	0.4785	0.3431	0.2922	0.2213	0.1769	0.1478	0.1236	0.4777	0.3538	0.2522	0.2105	0.1677	0.1307	0.1194	0.1061	0.2363	0.1945	0.1533	0.1290	0.1211	0.1082	0.1017	0.0958	0.1592	0.1449	0.1115	0.1081	0.1043	0.0970	0.0950	0.0920	
0.7168	0.7034	0.6783	0.6445	0.5926	0.4558	0.3557	0.2648	0.7466	0.7391	0.7189	0.6922	0.6661	0.5385	0.4379	0.3200	0.6790	0.6686	0.6438	0.6068	0.5408	0.4168	0.3366	0.2585	0.6543	0.6495	0.5371	0.4627	0.3792	0.2736	0.2243	0.1621	0.5566	0.4942	0.3588	0.3052	0.2312	0.1845	0.1514	0.1234	0.5019	0.3755	0.2643	0.2196	0.1737	0.1306	0.1178	0.1035	0.2439	0.2018	0.1554	0.1333	0.1211	0.1076	0.1004	0.0947	0.1630	0.1461	0.1103	0.1051	0.1022	0.0935	0.0906	0.0867	
0.7260	0.7122	0.6825	0.6509	0.6062	0.4779	0.3716	0.2782	0.7475	0.7426	0.7214	0.6951	0.6672	0.5557	0.4606	0.3383	0.6867	0.6777	0.6569	0.6232	0.5606	0.4428	0.3570	0.2736	0.6573	0.6573	0.5598	0.4848	0.4016	0.2941	0.2420	0.1734	0.5743	0.5191	0.3819	0.3278	0.2467	0.1954	0.1614	0.1301	0.5263	0.3969	0.2833	0.2359	0.1869	0.1392	0.1254	0.1095	0.2614	0.2156	0.1640	0.1400	0.1290	0.1139	0.1060	0.0986	0.1736	0.1576	0.1165	0.1125	0.1078	0.0990	0.0965	0.0925	
