0.0909	0.0978	0.0917	0.1121	0.0926	0.1195	0.0914	0.1025	0.0930	0.1094	0.0926	0.1116	0.0932	0.1088	0.0931	0.1458	0.0973	0.0981	0.0954	0.1368	0.0936	0.1200	0.0924	0.1499	0.0972	0.1025	0.0970	0.1176	0.0955	0.1329	0.0950	0.1412	0.1094	0.1043	0.0990	0.1481	0.0973	0.1337	0.0956	0.1140	0.1019	0.1043	0.1000	0.1228	0.0983	0.1157	0.0986	0.1163	0.1030	0.1018	0.1018	0.1446	0.0993	0.1344	0.1009	0.1098	0.1078	0.1043	0.1023	0.1033	0.1024	0.0993	0.1007	0.1020	
0.0897	0.0909	0.0908	0.0907	0.0916	0.0899	0.0902	0.0907	0.0908	0.0939	0.0914	0.0905	0.0921	0.0952	0.0915	0.0921	0.0949	0.0941	0.0933	0.0959	0.0946	0.0935	0.0916	0.0951	0.0923	0.0952	0.0932	0.0951	0.0938	0.0940	0.0941	0.0942	0.0949	0.0970	0.0961	0.0972	0.0963	0.0959	0.0960	0.0966	0.0982	0.1087	0.0989	0.0972	0.0994	0.0991	0.0971	0.0999	0.0996	0.0981	0.0995	0.0991	0.1009	0.1037	0.1006	0.1034	0.1012	0.0979	0.1002	0.0999	0.0991	0.0978	0.0987	0.1013	
0.0905	0.0912	0.0908	0.0916	0.0919	0.0913	0.0914	0.0912	0.0905	0.0934	0.0901	0.0918	0.0936	0.0911	0.0908	0.0919	0.0934	0.0923	0.0935	0.0945	0.0937	0.0949	0.0924	0.0963	0.0930	0.0939	0.0937	0.0942	0.0952	0.0955	0.0932	0.0952	0.0951	0.0956	0.0966	0.0990	0.0960	0.0944	0.0973	0.0972	0.0982	0.0985	0.0975	0.0993	0.0982	0.1001	0.0979	0.0985	0.1004	0.0987	0.0999	0.0974	0.0972	0.1014	0.0996	0.1008	0.1011	0.0988	0.1009	0.0986	0.0994	0.0985	0.1010	0.1014	
0.0902	0.0906	0.0903	0.0910	0.0907	0.0899	0.0912	0.0909	0.0912	0.0941	0.0908	0.0920	0.0924	0.0904	0.0916	0.0917	0.0927	0.0920	0.0918	0.0951	0.0938	0.0928	0.0936	0.0957	0.0944	0.0934	0.0930	0.0952	0.0945	0.0944	0.0943	0.0949	0.0940	0.0950	0.0969	0.0939	0.0935	0.0958	0.0974	0.0977	0.0979	0.0969	0.0993	0.0989	0.0977	0.0974	0.0975	0.1001	0.0981	0.0991	0.0993	0.0966	0.0998	0.1010	0.1013	0.0993	0.1028	0.0999	0.1007	0.0993	0.0978	0.0982	0.0991	0.1072	
0.0916	0.0911	0.0919	0.0912	0.0916	0.0906	0.0911	0.0914	0.0905	0.0944	0.0902	0.0922	0.0936	0.0926	0.0920	0.0936	0.0938	0.0925	0.0936	0.0948	0.0933	0.0933	0.0928	0.0950	0.0932	0.0938	0.0942	0.0934	0.0943	0.0944	0.0951	0.0958	0.0959	0.0960	0.0949	0.1009	0.0962	0.0949	0.0968	0.0972	0.0994	0.0994	0.0989	0.0971	0.0993	0.0992	0.0975	0.1010	0.0977	0.1014	0.0981	0.0971	0.0983	0.1005	0.1007	0.1029	0.1004	0.0983	0.1026	0.0989	0.0998	0.0976	0.1004	0.1030	
0.0906	0.0901	0.0908	0.0908	0.0913	0.0905	0.0902	0.0897	0.0916	0.0940	0.0914	0.0915	0.0931	0.0910	0.0916	0.0911	0.0926	0.0923	0.0926	0.0941	0.0937	0.0938	0.0924	0.0939	0.0939	0.0945	0.0939	0.0960	0.0945	0.0937	0.0937	0.0946	0.0946	0.0953	0.0958	0.0950	0.0948	0.0945	0.0988	0.0975	0.0974	0.0972	0.0988	0.0978	0.0981	0.0988	0.0989	0.0987	0.0980	0.0980	0.0988	0.0970	0.0998	0.1011	0.1000	0.0990	0.1025	0.1000	0.1023	0.0998	0.0976	0.0979	0.1034	0.1015	
0.0899	0.0902	0.0906	0.0902	0.0914	0.0901	0.0909	0.0908	0.0905	0.0936	0.0903	0.0930	0.0927	0.0904	0.0915	0.0918	0.0935	0.0916	0.0925	0.0950	0.0936	0.0921	0.0934	0.0945	0.0915	0.0933	0.0932	0.0952	0.0947	0.0932	0.0944	0.0943	0.0943	0.0952	0.0947	0.0969	0.0959	0.0949	0.0977	0.0956	0.1004	0.0971	0.0985	0.0962	0.0974	0.0991	0.0974	0.0995	0.0999	0.0982	0.0972	0.0970	0.0985	0.1021	0.0992	0.1011	0.1026	0.0978	0.0981	0.0979	0.0994	0.0986	0.0997	0.1036	
0.0907	0.0899	0.0910	0.0906	0.0911	0.0904	0.0905	0.0907	0.0904	0.0942	0.0901	0.0917	0.0922	0.0908	0.0914	0.0926	0.0922	0.0919	0.0921	0.0941	0.0934	0.0935	0.0909	0.0939	0.0925	0.0939	0.0938	0.0942	0.0947	0.0934	0.0935	0.0938	0.0940	0.0955	0.0945	0.0945	0.0948	0.0959	0.0970	0.0956	0.0944	0.0967	0.0974	0.0972	0.0989	0.0987	0.0982	0.0989	0.0974	0.0976	0.0982	0.0972	0.0981	0.1057	0.0995	0.1008	0.1007	0.0980	0.0995	0.0974	0.0986	0.0976	0.0986	0.1000	
0.0908	0.0911	0.0910	0.0906	0.0917	0.0906	0.0910	0.0915	0.0909	0.0937	0.0908	0.0917	0.0931	0.0910	0.0933	0.0934	0.0932	0.0920	0.0933	0.0945	0.0929	0.0932	0.0928	0.0943	0.0921	0.0943	0.0934	0.0934	0.0929	0.0934	0.0933	0.0947	0.0934	0.0954	0.0963	0.0945	0.0959	0.0937	0.0951	0.0956	0.1007	0.0987	0.0974	0.0972	0.0971	0.0985	0.0972	0.1001	0.0985	0.0987	0.0983	0.0965	0.1006	0.1002	0.1001	0.1006	0.0999	0.0994	0.1002	0.0966	0.0996	0.0987	0.0986	0.1024	
0.0906	0.0904	0.0907	0.0915	0.0918	0.0908	0.0910	0.0915	0.0912	0.0932	0.0903	0.0920	0.0930	0.0917	0.0912	0.0928	0.0930	0.0913	0.0924	0.0942	0.0922	0.0915	0.0920	0.0945	0.0920	0.0944	0.0970	0.0946	0.0929	0.0952	0.0929	0.0935	0.0941	0.0941	0.0953	0.0953	0.0955	0.0937	0.0961	0.0961	0.0963	0.0997	0.0978	0.0961	0.0990	0.0982	0.0967	0.0986	0.0985	0.0996	0.0978	0.0967	0.0984	0.0994	0.0991	0.0990	0.1007	0.0964	0.0976	0.0972	0.0980	0.0976	0.0990	0.0992	
0.0914	0.0913	0.0918	0.0972	0.0919	0.0920	0.0910	0.0928	0.0914	0.0944	0.0916	0.0922	0.0938	0.0924	0.0924	0.0936	0.0930	0.0914	0.0930	0.0952	0.0938	0.0931	0.0915	0.0951	0.0918	0.0937	0.0936	0.0938	0.0963	0.0936	0.0939	0.0951	0.0958	0.0952	0.0960	0.0966	0.0954	0.0948	0.0960	0.0959	0.0983	0.0991	0.0981	0.0999	0.1007	0.0987	0.0976	0.0999	0.0973	0.0984	0.1008	0.0973	0.0971	0.0997	0.1004	0.1004	0.1037	0.1002	0.0993	0.0972	0.0986	0.0989	0.1009	0.1004	
0.0911	0.0923	0.0917	0.0916	0.0924	0.0929	0.0913	0.0925	0.0915	0.0952	0.0917	0.0949	0.0931	0.0917	0.0931	0.0927	0.0941	0.0921	0.0940	0.0955	0.0929	0.0934	0.0924	0.0944	0.0925	0.0942	0.0938	0.0940	0.0950	0.0947	0.0944	0.0947	0.0954	0.0957	0.0959	0.0969	0.0958	0.0954	0.0958	0.0969	0.0976	0.0980	0.0972	0.0987	0.0990	0.0988	0.0991	0.0988	0.0970	0.0984	0.0990	0.0981	0.1004	0.1001	0.1005	0.0994	0.1014	0.1010	0.1008	0.0994	0.1002	0.1020	0.1006	0.1013	
0.0909	0.0910	0.0911	0.0920	0.0920	0.0914	0.0913	0.0917	0.0909	0.0940	0.0915	0.0924	0.0931	0.0924	0.0919	0.0929	0.0941	0.0914	0.0922	0.0937	0.0937	0.0938	0.0919	0.0951	0.0920	0.0934	0.0931	0.0930	0.0939	0.0937	0.0933	0.0945	0.0939	0.0955	0.0952	0.0960	0.0945	0.0944	0.0962	0.0968	0.0960	0.0970	0.0988	0.0969	0.1002	0.0980	0.0976	0.1000	0.0967	0.0996	0.0998	0.0968	0.0984	0.0998	0.1002	0.1000	0.1004	0.0990	0.0998	0.0967	0.1013	0.0995	0.0979	0.0980	
0.0913	0.0918	0.0917	0.0922	0.0922	0.0913	0.0913	0.0921	0.0918	0.0941	0.0917	0.0925	0.0933	0.0920	0.0924	0.0928	0.0927	0.0921	0.0948	0.0925	0.0932	0.0943	0.0917	0.0941	0.0923	0.0934	0.0931	0.0938	0.0953	0.0946	0.0949	0.0947	0.0939	0.0959	0.0957	0.0951	0.0955	0.0950	0.0964	0.0976	0.0972	0.0982	0.1000	0.0967	0.0978	0.0981	0.0978	0.0997	0.0984	0.0995	0.0990	0.0969	0.0990	0.0999	0.0999	0.0997	0.1009	0.0994	0.0986	0.0974	0.0998	0.0997	0.0988	0.1013	
0.0918	0.0932	0.0920	0.0922	0.0932	0.0914	0.0914	0.0919	0.0911	0.0950	0.0916	0.0926	0.0943	0.0919	0.0925	0.0932	0.0927	0.0920	0.0932	0.0945	0.0927	0.0930	0.0920	0.0949	0.0919	0.0930	0.0945	0.0939	0.0940	0.0933	0.0957	0.0934	0.0950	0.0956	0.0952	0.0940	0.0959	0.0936	0.0953	0.0962	0.0975	0.0979	0.0994	0.0981	0.0970	0.0977	0.0984	0.0994	0.1014	0.1001	0.0982	0.0971	0.0979	0.1003	0.0992	0.1000	0.1011	0.0982	0.0996	0.1071	0.0982	0.0984	0.0986	0.1001	
0.0923	0.0925	0.0919	0.0935	0.0928	0.0920	0.0927	0.0947	0.0920	0.0951	0.0911	0.0937	0.0943	0.0924	0.0931	0.0933	0.0927	0.0925	0.0942	0.0951	0.0937	0.0920	0.0916	0.0950	0.0914	0.0936	0.0934	0.0950	0.0945	0.0930	0.0947	0.0947	0.1005	0.0961	0.0941	0.0966	0.0953	0.0945	0.0949	0.0959	0.1007	0.0973	0.0990	0.0995	0.0980	0.0985	0.0972	0.0985	0.0980	0.0985	0.0988	0.0975	0.1000	0.0998	0.1001	0.1009	0.0990	0.1026	0.1004	0.0971	0.0986	0.0995	0.1004	0.1007	
0.0925	0.0920	0.0921	0.0924	0.0926	0.0921	0.0921	0.0915	0.0925	0.0951	0.0930	0.0933	0.0939	0.0912	0.0931	0.0934	0.0928	0.0908	0.0932	0.1011	0.0933	0.0925	0.0917	0.0944	0.0911	0.0931	0.0927	0.0938	0.0951	0.0938	0.0937	0.0934	0.0940	0.0953	0.0962	0.0942	0.0945	0.0945	0.0958	0.0947	0.0968	0.0983	0.0978	0.0975	0.0973	0.0970	0.0992	0.0986	0.0975	0.0983	0.0973	0.0970	0.0985	0.1000	0.1000	0.0988	0.1011	0.1022	0.0986	0.1017	0.0994	0.0989	0.0991	0.1014	
0.0922	0.0922	0.0928	0.0919	0.0935	0.0925	0.0915	0.0921	0.0922	0.0953	0.0923	0.0947	0.0935	0.0925	0.0921	0.0930	0.0938	0.0917	0.0930	0.0941	0.0924	0.0917	0.0918	0.0955	0.0916	0.0935	0.0930	0.0937	0.0943	0.0931	0.0925	0.0937	0.0936	0.0960	0.0951	0.0948	0.0954	0.0954	0.0952	0.0958	0.0960	0.0955	0.0981	0.0969	0.0977	0.0991	0.0988	0.0985	0.0967	0.0971	0.0971	0.0963	0.0969	0.1003	0.1008	0.0990	0.1002	0.1010	0.1006	0.0979	0.0986	0.0969	0.1013	0.1001	
0.0931	0.0925	0.0931	0.0925	0.0932	0.0922	0.0929	0.0928	0.0935	0.0952	0.0920	0.0959	0.0949	0.0927	0.0932	0.0943	0.0921	0.0922	0.0928	0.0944	0.0932	0.0924	0.0923	0.0960	0.0919	0.0936	0.0940	0.0934	0.0940	0.0930	0.0927	0.0935	0.0947	0.0958	0.0975	0.0938	0.0951	0.0941	0.0980	0.0954	0.0963	0.0978	0.0974	0.0970	0.0977	0.0978	0.0977	0.0980	0.0983	0.0981	0.0977	0.0975	0.0969	0.0990	0.0982	0.0987	0.0999	0.0986	0.0991	0.0976	0.1002	0.0976	0.1005	0.1013	
0.0928	0.0935	0.0934	0.0927	0.0932	0.0930	0.0920	0.0940	0.0927	0.0954	0.0919	0.0937	0.0949	0.0922	0.0938	0.0948	0.0933	0.0914	0.0930	0.0948	0.0928	0.0929	0.0915	0.0940	0.0924	0.0933	0.0936	0.0929	0.0938	0.0937	0.0935	0.0944	0.0934	0.0957	0.0945	0.0953	0.0959	0.0950	0.0959	0.0964	0.0959	0.0963	0.1004	0.0978	0.0996	0.0976	0.0979	0.0989	0.0961	0.0980	0.0971	0.0969	0.0985	0.0994	0.0994	0.1001	0.0995	0.0994	0.1008	0.0984	0.0994	0.0984	0.1013	0.0983	
0.0926	0.0934	0.0949	0.0933	0.0941	0.0935	0.0929	0.0931	0.0929	0.0957	0.0933	0.0945	0.0955	0.0936	0.0936	0.0946	0.0940	0.0923	0.0928	0.0944	0.0937	0.0932	0.0927	0.0950	0.0920	0.0938	0.0934	0.0940	0.0942	0.0937	0.0946	0.0939	0.0938	0.0949	0.0966	0.0963	0.0952	0.0945	0.0955	0.0958	0.1004	0.0975	0.0976	0.0987	0.0977	0.0986	0.0978	0.0999	0.0976	0.0976	0.0983	0.0970	0.0980	0.0995	0.1010	0.0998	0.1015	0.1023	0.1005	0.0982	0.0981	0.0971	0.1001	0.1015	
0.0938	0.0955	0.0933	0.0931	0.0931	0.0929	0.0926	0.0935	0.0927	0.0960	0.0920	0.0955	0.0953	0.0931	0.0947	0.0951	0.0932	0.0914	0.0933	0.0934	0.0925	0.0923	0.0915	0.0944	0.0914	0.0929	0.0935	0.0941	0.0938	0.0931	0.0926	0.0923	0.0931	0.0950	0.0950	0.0953	0.0940	0.0959	0.0950	0.1032	0.0961	0.0986	0.0967	0.0969	0.0973	0.0958	0.0972	0.0983	0.0961	0.1012	0.0976	0.0948	0.0997	0.0987	0.0985	0.0986	0.1008	0.0996	0.0992	0.0975	0.1021	0.0980	0.1004	0.0981	
0.0931	0.0934	0.0935	0.0936	0.0935	0.0923	0.0926	0.0932	0.0931	0.0957	0.0930	0.0958	0.0953	0.0931	0.0942	0.0950	0.0931	0.0914	0.0924	0.0941	0.0927	0.0931	0.0911	0.0943	0.0912	0.0930	0.0934	0.0927	0.0933	0.0935	0.0932	0.0928	0.0937	0.0957	0.0951	0.0944	0.0954	0.0944	0.0964	0.0956	0.0958	0.0971	0.0979	0.0986	0.0967	0.0969	0.0982	0.0981	0.0969	0.0975	0.0978	0.0966	0.0968	0.0987	0.0998	0.0994	0.0985	0.0996	0.0990	0.0970	0.0979	0.0998	0.1002	0.1097	
0.0930	0.0945	0.0935	0.0939	0.0946	0.0937	0.0929	0.0933	0.0929	0.0956	0.0930	0.0950	0.0956	0.0933	0.0941	0.0951	0.0934	0.0908	0.0922	0.0933	0.0922	0.0923	0.0919	0.0940	0.0917	0.0936	0.0920	0.0926	0.0932	0.0928	0.0929	0.0933	0.0933	0.0945	0.0963	0.0943	0.0932	0.0935	0.0954	0.0955	0.0950	0.0963	0.0964	0.0972	0.0975	0.0973	0.0976	0.0980	0.0963	0.0964	0.0967	0.0949	0.0965	0.0996	0.1006	0.1008	0.1016	0.0993	0.0983	0.0984	0.0988	0.0976	0.1004	0.1039	
0.0952	0.0950	0.0949	0.0940	0.0950	0.0948	0.0942	0.0941	0.0941	0.0968	0.0942	0.0969	0.0967	0.0943	0.0949	0.0969	0.0929	0.0921	0.0931	0.0952	0.0935	0.0931	0.0926	0.0942	0.0911	0.0935	0.0926	0.0932	0.0946	0.0933	0.0941	0.0946	0.0946	0.0953	0.0953	0.0948	0.0954	0.0945	0.0966	0.0966	0.0968	0.0977	0.0989	0.0962	0.0970	0.0984	0.0984	0.1006	0.0982	0.1005	0.0973	0.0963	0.0982	0.0991	0.1006	0.1002	0.0995	0.1005	0.1001	0.0985	0.0985	0.0976	0.1012	0.1004	
0.0944	0.0945	0.0952	0.0947	0.0950	0.0936	0.0936	0.0935	0.0944	0.0971	0.0945	0.0962	0.0958	0.0940	0.0945	0.0954	0.0935	0.0911	0.0920	0.0943	0.0933	0.0923	0.0922	0.0939	0.0919	0.0926	0.0934	0.0934	0.0932	0.0929	0.0932	0.0943	0.0942	0.0944	0.0958	0.0953	0.0932	0.0950	0.0976	0.0940	0.0960	0.0976	0.0977	0.0973	0.0977	0.0969	0.0977	0.1002	0.0967	0.0977	0.0979	0.0955	0.0971	0.0981	0.1002	0.0992	0.0982	0.0994	0.1015	0.0978	0.0980	0.0987	0.0995	0.0981	
0.0951	0.0961	0.0950	0.0954	0.0958	0.0945	0.0948	0.0932	0.0948	0.0975	0.0948	0.0963	0.0963	0.0964	0.0950	0.0952	0.0931	0.0914	0.0931	0.0938	0.0927	0.0922	0.0922	0.0938	0.0917	0.0925	0.0932	0.0931	0.0930	0.0938	0.0935	0.0943	0.0929	0.0950	0.0954	0.0943	0.0948	0.0945	0.0959	0.0953	0.0966	0.0955	0.0982	0.0958	0.0966	0.0966	0.0985	0.0992	0.0963	0.0972	0.0974	0.0962	0.0991	0.1000	0.0985	0.0983	0.0990	0.0996	0.1005	0.0974	0.0989	0.0975	0.1002	0.1017	
0.0956	0.0961	0.0953	0.0959	0.0969	0.0956	0.0948	0.0949	0.0956	0.0981	0.0949	0.0979	0.0961	0.0962	0.0955	0.0963	0.0932	0.0910	0.0929	0.0952	0.0930	0.0923	0.0916	0.0949	0.0917	0.0930	0.0930	0.0930	0.0932	0.0927	0.0936	0.0953	0.0932	0.0941	0.0945	0.0946	0.0941	0.0937	0.0952	0.0967	0.0974	0.0959	0.0967	0.0961	0.0954	0.0967	0.0972	0.0985	0.0961	0.0974	0.0969	0.0957	0.0981	0.0984	0.0989	0.1065	0.0995	0.1002	0.0996	0.0970	0.0987	0.0970	0.1032	0.1000	
0.0972	0.0961	0.0971	0.0958	0.0972	0.0959	0.0954	0.0945	0.0956	0.0976	0.0957	0.0975	0.0973	0.0955	0.0955	0.0966	0.0926	0.0913	0.0929	0.0937	0.0930	0.0938	0.0913	0.0954	0.0910	0.0923	0.0938	0.0929	0.0937	0.0927	0.0929	0.0932	0.0933	0.0939	0.0944	0.0941	0.0948	0.0939	0.0951	0.0967	0.0963	0.0955	0.0971	0.0965	0.0962	0.0966	0.0973	0.0985	0.0961	0.0969	0.0971	0.0965	0.0979	0.0990	0.0985	0.1003	0.0990	0.0982	0.0983	0.0985	0.0976	0.0984	0.1007	0.0990	
0.0967	0.0974	0.0962	0.0969	0.0967	0.0958	0.0951	0.0948	0.0957	0.0978	0.0954	0.0963	0.0968	0.0951	0.0962	0.0973	0.0924	0.0907	0.0923	0.0937	0.0933	0.0920	0.0919	0.0943	0.0903	0.0920	0.0921	0.0920	0.0934	0.0927	0.0924	0.0936	0.0925	0.0952	0.0944	0.0942	0.0943	0.0944	0.0955	0.0960	0.0948	0.0971	0.0967	0.0974	0.0961	0.0965	0.0980	0.0998	0.0965	0.0972	0.0962	0.0957	0.0967	0.0994	0.0999	0.0988	0.0991	0.0983	0.0986	0.0973	0.0993	0.0982	0.0998	0.0986	
0.0976	0.0979	0.0979	0.0977	0.0982	0.0964	0.0958	0.0945	0.0959	0.0986	0.0966	0.0979	0.0972	0.0973	0.0970	0.0980	0.0929	0.0913	0.0926	0.0940	0.0925	0.0921	0.0930	0.0949	0.0909	0.0931	0.0930	0.0937	0.0928	0.0919	0.0926	0.0937	0.0926	0.0951	0.0954	0.0948	0.0940	0.0932	0.0954	0.0943	0.0960	0.0957	0.0968	0.0965	0.0959	0.0973	0.0981	0.0993	0.0977	0.0968	0.0975	0.0956	0.0968	0.0974	0.0994	0.0981	0.0981	0.0967	0.0982	0.0970	0.0980	0.0964	0.0996	0.0990	
0.0990	0.0985	0.0988	0.0989	0.0987	0.0963	0.0963	0.0966	0.0970	0.0996	0.0972	0.0986	0.0984	0.0964	0.0967	0.0981	0.0933	0.0908	0.0926	0.0941	0.0930	0.0921	0.0913	0.0951	0.0915	0.0928	0.0928	0.0935	0.0928	0.0924	0.0926	0.0934	0.0932	0.0952	0.0965	0.0938	0.0942	0.0927	0.0957	0.0942	0.0963	0.0962	0.0969	0.0970	0.0975	0.0974	0.0976	0.0981	0.0963	0.1006	0.0962	0.0953	0.0992	0.0994	0.1003	0.0991	0.0988	0.1004	0.0976	0.0979	0.0981	0.0963	0.0981	0.0991	
0.1003	0.1001	0.1000	0.0996	0.0995	0.0976	0.0977	0.0946	0.0981	0.1010	0.0984	0.0994	0.0995	0.0982	0.0979	0.0979	0.0933	0.0916	0.0931	0.0942	0.0931	0.0928	0.0916	0.0948	0.0919	0.0932	0.0927	0.0922	0.0922	0.0921	0.0930	0.0944	0.0932	0.0943	0.0950	0.0926	0.0950	0.0931	0.0940	0.0955	0.0994	0.0963	0.0964	0.0961	0.0956	0.0984	0.0967	0.0981	0.0946	0.0968	0.0975	0.0954	0.0970	0.0990	0.0993	0.0986	0.0985	0.0987	0.1036	0.0983	0.0980	0.0983	0.0995	0.0995	
0.1003	0.1009	0.0997	0.0998	0.0998	0.0985	0.0979	0.0971	0.0983	0.1010	0.0982	0.0988	0.0997	0.0985	0.0984	0.0988	0.0926	0.0907	0.0933	0.0930	0.0928	0.0927	0.0919	0.0948	0.0905	0.0926	0.0926	0.0926	0.0924	0.0924	0.0920	0.0925	0.0920	0.0930	0.0936	0.0941	0.0938	0.0930	0.0946	0.0945	0.0962	0.0966	0.0975	0.0955	0.0954	0.0967	0.0977	0.0973	0.0952	0.0963	0.0961	0.0940	0.0968	0.0976	0.0980	0.0982	0.0990	0.0988	0.1004	0.0979	0.0983	0.0968	0.1013	0.0968	
0.1023	0.1021	0.1020	0.1019	0.1017	0.1002	0.0981	0.0981	0.0997	0.1026	0.0993	0.1077	0.1005	0.0999	0.0998	0.0993	0.0937	0.0913	0.0940	0.0941	0.0930	0.0930	0.0921	0.0950	0.0918	0.0929	0.0932	0.0924	0.0934	0.0922	0.0945	0.0932	0.0927	0.0944	0.0949	0.0930	0.0928	0.0944	0.0955	0.0966	0.0946	0.0960	0.0962	0.0972	0.0961	0.0980	0.0976	0.0984	0.0955	0.0965	0.0972	0.0948	0.0973	0.0975	0.0995	0.0977	0.1002	0.1017	0.1000	0.0969	0.0982	0.0983	0.1017	0.1075	
0.1038	0.1030	0.1032	0.1014	0.1025	0.1002	0.0984	0.0975	0.0998	0.1024	0.1001	0.1018	0.1009	0.1023	0.0988	0.1015	0.0925	0.0915	0.0927	0.0944	0.0927	0.0931	0.0920	0.0955	0.0907	0.0922	0.0929	0.0926	0.0934	0.0919	0.0930	0.0940	0.0932	0.0943	0.0947	0.0938	0.0943	0.0926	0.0942	0.0961	0.0947	0.0958	0.0967	0.0955	0.0956	0.0967	0.0972	0.0976	0.0955	0.0966	0.0965	0.0948	0.0962	0.0980	0.0995	0.0980	0.0990	0.0991	0.0988	0.0959	0.0993	0.0968	0.1003	0.0989	
0.1045	0.1052	0.1040	0.1035	0.1038	0.1017	0.0984	0.0985	0.1013	0.1038	0.1017	0.1013	0.1032	0.1018	0.1003	0.1009	0.0941	0.0908	0.0928	0.0935	0.0941	0.0935	0.0917	0.0951	0.0920	0.0920	0.0919	0.0935	0.0933	0.0924	0.0932	0.0933	0.0923	0.0941	0.0960	0.0946	0.0946	0.0945	0.0948	0.0967	0.0955	0.0958	0.0978	0.0965	0.0958	0.0988	0.0965	0.0980	0.0960	0.0967	0.0966	0.0960	0.0974	0.0996	0.0991	0.0980	0.0993	0.0987	0.0990	0.0981	0.0975	0.0981	0.0987	0.0998	
0.1059	0.1072	0.1052	0.1054	0.1051	0.1018	0.0997	0.0979	0.1018	0.1040	0.1020	0.1024	0.1037	0.1028	0.1024	0.1024	0.0943	0.0913	0.0932	0.0942	0.0934	0.0929	0.0916	0.0957	0.0915	0.0927	0.0921	0.0931	0.0926	0.0919	0.0926	0.0939	0.0919	0.0940	0.0941	0.0942	0.0935	0.0929	0.0947	0.0939	0.0946	0.0955	0.0955	0.0952	0.0950	0.0967	0.0975	0.0976	0.0952	0.0955	0.0959	0.0943	0.0977	0.0987	0.0979	0.0975	0.0989	0.0985	0.0988	0.0963	0.0969	0.0958	0.0996	0.0998	
0.1072	0.1077	0.1072	0.1062	0.1062	0.1028	0.1002	0.0979	0.1027	0.1050	0.1037	0.1043	0.1047	0.1024	0.1028	0.1028	0.0927	0.0913	0.0921	0.0928	0.0934	0.0922	0.0919	0.0951	0.0900	0.0920	0.0920	0.0921	0.0929	0.0922	0.0934	0.0942	0.0917	0.0929	0.0944	0.0933	0.0939	0.0930	0.0949	0.0958	0.0976	0.0956	0.0946	0.0939	0.0961	0.0964	0.0947	0.0989	0.0947	0.0974	0.0950	0.0939	0.0957	0.0977	0.0986	0.0973	0.0980	0.1009	0.0975	0.0964	0.0974	0.0967	0.0983	0.0990	
0.1105	0.1095	0.1085	0.1090	0.1079	0.1045	0.1007	0.0996	0.1046	0.1064	0.1041	0.1052	0.1057	0.1050	0.1037	0.1042	0.0938	0.0912	0.0930	0.0940	0.0925	0.0928	0.0950	0.0961	0.0901	0.0929	0.0923	0.0920	0.0924	0.0924	0.0935	0.0935	0.0917	0.0934	0.0942	0.0939	0.0939	0.0922	0.0946	0.0961	0.0943	0.0949	0.0949	0.0949	0.0956	0.0950	0.0958	0.0993	0.0951	0.0954	0.0958	0.0943	0.0967	0.0972	0.0974	0.0992	0.0974	0.0983	0.0975	0.0957	0.0969	0.0976	0.1011	0.0976	
0.1117	0.1117	0.1110	0.1105	0.1087	0.1059	0.1014	0.0990	0.1061	0.1080	0.1057	0.1045	0.1072	0.1041	0.1035	0.1047	0.0930	0.0911	0.0926	0.0935	0.0933	0.0928	0.0926	0.0945	0.0900	0.0921	0.0922	0.0917	0.0921	0.0914	0.0933	0.0931	0.0920	0.0930	0.0939	0.0924	0.0930	0.0924	0.0934	0.0941	0.0940	0.0985	0.0951	0.0949	0.0942	0.0945	0.0947	0.0984	0.0940	0.0961	0.0963	0.0935	0.0962	0.0967	0.0968	0.0960	0.0981	0.0964	0.0975	0.0964	0.0972	0.0976	0.0980	0.0961	
0.1156	0.1142	0.1126	0.1119	0.1108	0.1063	0.1033	0.1001	0.1084	0.1094	0.1085	0.1076	0.1076	0.1064	0.1059	0.1049	0.0933	0.0916	0.0925	0.0933	0.0925	0.0927	0.0912	0.0952	0.0908	0.0918	0.0914	0.0924	0.0918	0.0920	0.0930	0.0940	0.0909	0.0924	0.0947	0.0928	0.0928	0.0921	0.0938	0.0957	0.0941	0.0938	0.0962	0.0947	0.0945	0.0955	0.0959	0.0980	0.0947	0.0956	0.0949	0.0931	0.0982	0.0974	0.0975	0.0990	0.0978	0.0966	0.0981	0.0947	0.0962	0.0965	0.0987	0.0992	
0.1184	0.1167	0.1169	0.1156	0.1137	0.1087	0.1039	0.1000	0.1104	0.1120	0.1097	0.1095	0.1095	0.1089	0.1073	0.1065	0.0937	0.0913	0.0937	0.0932	0.0936	0.0931	0.0930	0.0946	0.0908	0.0922	0.0925	0.0923	0.0942	0.0917	0.0920	0.0936	0.0965	0.0935	0.0945	0.0935	0.0942	0.0928	0.0958	0.0942	0.0945	0.0948	0.0953	0.0952	0.0957	0.0965	0.0959	0.0976	0.0941	0.0942	0.0958	0.0922	0.0960	0.0961	0.0971	0.0972	0.0970	0.0974	0.0978	0.0952	0.0979	0.0960	0.0983	0.0973	
0.1226	0.1209	0.1205	0.1181	0.1171	0.1116	0.1057	0.1003	0.1128	0.1144	0.1119	0.1098	0.1122	0.1105	0.1104	0.1073	0.0942	0.0926	0.0949	0.0933	0.0945	0.0935	0.0935	0.0946	0.0920	0.0924	0.0926	0.0925	0.0945	0.0926	0.0926	0.0942	0.0909	0.0932	0.0949	0.0924	0.0930	0.0925	0.0953	0.0949	0.0936	0.0937	0.0964	0.0951	0.0956	0.0957	0.0959	0.0980	0.0947	0.0952	0.0958	0.0943	0.0950	0.0976	0.0973	0.0968	0.0990	0.0978	0.0971	0.0947	0.0977	0.0969	0.0990	0.0978	
0.1254	0.1230	0.1258	0.1209	0.1190	0.1130	0.1056	0.1007	0.1150	0.1165	0.1145	0.1120	0.1162	0.1107	0.1104	0.1098	0.0942	0.0952	0.0934	0.0941	0.0931	0.0931	0.0922	0.0955	0.0912	0.0929	0.0920	0.0924	0.0924	0.0920	0.0958	0.0940	0.0946	0.0933	0.0941	0.0948	0.0926	0.0927	0.0939	0.0931	0.0946	0.0946	0.0956	0.0944	0.0941	0.0949	0.0972	0.0963	0.0978	0.0935	0.0954	0.0923	0.0951	0.0974	0.0973	0.0974	0.0989	0.0954	0.0982	0.0952	0.0967	0.0968	0.0993	0.0958	
0.1295	0.1291	0.1274	0.1236	0.1202	0.1169	0.1075	0.1020	0.1176	0.1180	0.1171	0.1144	0.1170	0.1142	0.1130	0.1119	0.0953	0.0927	0.0938	0.0944	0.0938	0.0942	0.0941	0.0965	0.0918	0.0922	0.0924	0.0932	0.0921	0.0927	0.0928	0.0945	0.0907	0.0923	0.0946	0.0931	0.0932	0.0933	0.0949	0.0956	0.0945	0.0946	0.0950	0.0941	0.0948	0.0946	0.0965	0.0969	0.0939	0.0944	0.0953	0.0936	0.0952	0.0977	0.0960	0.0986	0.0981	0.1022	0.0964	0.0944	0.0980	0.0964	0.0993	0.0968	
0.1339	0.1323	0.1311	0.1282	0.1258	0.1193	0.1086	0.1033	0.1200	0.1208	0.1207	0.1179	0.1182	0.1161	0.1140	0.1113	0.0958	0.0931	0.0947	0.0946	0.0945	0.0939	0.0933	0.0968	0.0921	0.0925	0.0929	0.0931	0.0936	0.0922	0.0926	0.0940	0.0913	0.0936	0.0939	0.0925	0.0922	0.0928	0.0947	0.0948	0.0961	0.0942	0.0962	0.0943	0.0939	0.0965	0.0957	0.0972	0.0933	0.0959	0.0952	0.0931	0.0959	0.0965	0.0981	0.0989	0.0981	0.0972	0.0966	0.0946	0.0979	0.0967	0.0997	0.0984	
0.1381	0.1361	0.1347	0.1325	0.1291	0.1222	0.1107	0.1031	0.1240	0.1235	0.1232	0.1206	0.1209	0.1186	0.1170	0.1143	0.0962	0.0943	0.0954	0.0957	0.0957	0.0941	0.0937	0.0964	0.0922	0.0924	0.0942	0.0935	0.0945	0.0924	0.0930	0.0947	0.0914	0.0942	0.0946	0.0929	0.0931	0.0930	0.0943	0.0950	0.0942	0.0944	0.0949	0.0947	0.0944	0.0957	0.0950	0.0975	0.0941	0.0960	0.0955	0.0922	0.0963	0.0976	0.0974	0.0977	0.0980	0.0959	0.0967	0.0955	0.0969	0.0966	0.0988	0.0984	
0.1435	0.1412	0.1401	0.1366	0.1331	0.1253	0.1101	0.1047	0.1268	0.1276	0.1265	0.1237	0.1237	0.1213	0.1193	0.1157	0.0964	0.0932	0.0946	0.0953	0.0940	0.0939	0.0937	0.0967	0.0925	0.0929	0.0932	0.0932	0.0934	0.0927	0.0930	0.0940	0.0909	0.0940	0.0952	0.0924	0.0934	0.0921	0.0940	0.0939	0.0937	0.0932	0.0959	0.0939	0.0947	0.0942	0.0955	0.0973	0.0935	0.0935	0.0944	0.0925	0.0956	0.0967	0.0954	0.0951	0.0964	0.0973	0.0976	0.0932	0.0953	0.0949	0.0972	0.0981	
0.1497	0.1484	0.1464	0.1413	0.1384	0.1286	0.1153	0.1051	0.1319	0.1318	0.1305	0.1275	0.1268	0.1250	0.1223	0.1177	0.0968	0.0949	0.0964	0.0963	0.0960	0.0962	0.0961	0.0997	0.0931	0.0932	0.0940	0.0926	0.0952	0.0931	0.0936	0.0955	0.0928	0.0931	0.0953	0.0939	0.0945	0.0935	0.0954	0.0954	0.0947	0.0947	0.0955	0.0948	0.0943	0.0966	0.0956	0.0967	0.0944	0.0954	0.0960	0.0928	0.0962	0.0972	0.0974	0.0969	0.0974	0.0983	0.0974	0.0954	0.0979	0.0973	0.0974	0.0983	
0.1579	0.1549	0.1530	0.1463	0.1433	0.1322	0.1150	0.1067	0.1358	0.1365	0.1346	0.1309	0.1321	0.1293	0.1253	0.1209	0.0983	0.0956	0.0972	0.0964	0.0963	0.0952	0.0953	0.0982	0.0926	0.0936	0.0950	0.0935	0.0945	0.0937	0.0940	0.0954	0.0907	0.0941	0.0954	0.0926	0.0934	0.0939	0.0953	0.0943	0.0939	0.0952	0.0947	0.0950	0.0955	0.0955	0.0962	0.0976	0.0939	0.0947	0.0943	0.0934	0.0953	0.0967	0.0960	0.0957	0.0976	0.0966	0.0965	0.0954	0.0991	0.0953	0.0968	0.0990	
0.1664	0.1614	0.1590	0.1562	0.1487	0.1365	0.1182	0.1075	0.1409	0.1404	0.1392	0.1346	0.1337	0.1317	0.1270	0.1210	0.0988	0.0951	0.0973	0.0961	0.0972	0.0968	0.0959	0.0986	0.0934	0.0931	0.0947	0.0929	0.0940	0.0935	0.0941	0.0964	0.0911	0.0940	0.0950	0.0930	0.0924	0.0935	0.0949	0.0948	0.0927	0.0947	0.0958	0.0945	0.0952	0.0960	0.0951	0.0976	0.0933	0.0941	0.0950	0.0927	0.0957	0.0964	0.0961	0.0973	0.0980	0.0961	0.0968	0.0944	0.0969	0.0969	0.0984	0.0967	
0.1751	0.1702	0.1653	0.1629	0.1540	0.1424	0.1198	0.1085	0.1477	0.1464	0.1430	0.1405	0.1404	0.1368	0.1310	0.1247	0.1013	0.0970	0.0979	0.0973	0.0972	0.0984	0.0964	0.1013	0.0944	0.0938	0.0943	0.0938	0.0947	0.0940	0.0938	0.0962	0.0914	0.0937	0.0952	0.0929	0.0938	0.0932	0.0951	0.0952	0.0945	0.0949	0.0956	0.0957	0.0943	0.0963	0.0975	0.0970	0.0941	0.0957	0.0945	0.0929	0.0967	0.0973	0.0966	0.0962	0.0983	0.0979	0.0985	0.0946	0.0968	0.0974	0.0978	0.0980	
0.1859	0.1801	0.1790	0.1705	0.1636	0.1489	0.1235	0.1113	0.1548	0.1526	0.1518	0.1456	0.1452	0.1410	0.1356	0.1292	0.1023	0.0981	0.1001	0.0975	0.0991	0.0978	0.0969	0.0997	0.0947	0.0942	0.0963	0.0948	0.0954	0.0945	0.0960	0.0965	0.0917	0.0943	0.0945	0.0932	0.0933	0.0944	0.0950	0.0951	0.0934	0.0946	0.0952	0.0948	0.0953	0.0964	0.0947	0.0980	0.0942	0.0939	0.0948	0.0933	0.0950	0.0971	0.0965	0.0953	0.0967	0.0972	0.0974	0.0951	0.0974	0.0965	0.0980	0.0969	
0.1970	0.1893	0.1877	0.1812	0.1717	0.1553	0.1248	0.1112	0.1617	0.1578	0.1584	0.1502	0.1507	0.1460	0.1396	0.1315	0.1037	0.0995	0.1012	0.0999	0.1000	0.0997	0.0989	0.1019	0.0957	0.0959	0.0961	0.0951	0.0957	0.0952	0.0956	0.0969	0.0910	0.0939	0.0949	0.0935	0.0927	0.0938	0.0961	0.0944	0.0934	0.0942	0.0958	0.0961	0.0953	0.0957	0.0957	0.0973	0.0938	0.0940	0.0945	0.0923	0.0946	0.0967	0.0958	0.0967	0.0980	0.1050	0.0968	0.0950	0.0971	0.0969	0.0982	0.0964	
0.2081	0.1998	0.1984	0.1876	0.1801	0.1614	0.1270	0.1140	0.1693	0.1647	0.1672	0.1558	0.1581	0.1516	0.1433	0.1346	0.1057	0.1010	0.1029	0.0996	0.1012	0.0998	0.0984	0.1019	0.0963	0.0953	0.0971	0.0942	0.0956	0.0954	0.0960	0.0973	0.0912	0.0940	0.0941	0.0929	0.0936	0.0941	0.0962	0.0953	0.0936	0.0943	0.0959	0.0958	0.0952	0.0967	0.0949	0.0971	0.0926	0.0939	0.0953	0.0922	0.0950	0.0956	0.0962	0.0961	0.0980	0.0949	0.0983	0.0956	0.0976	0.0960	0.0984	0.0964	
0.2240	0.2137	0.2138	0.2000	0.1903	0.1682	0.1307	0.1137	0.1789	0.1739	0.1743	0.1631	0.1631	0.1571	0.1480	0.1404	0.1083	0.1041	0.1036	0.1002	0.1020	0.1013	0.1007	0.1037	0.0974	0.0966	0.0981	0.0959	0.0966	0.0968	0.0965	0.0990	0.0924	0.0941	0.0962	0.0937	0.0936	0.0938	0.0957	0.0952	0.0939	0.0940	0.0956	0.0945	0.0941	0.0959	0.0957	0.0966	0.0936	0.0956	0.1021	0.0927	0.0956	0.0959	0.0959	0.0961	0.0991	0.0985	0.0973	0.0947	0.0957	0.0960	0.0978	0.0968	
0.2359	0.2264	0.2254	0.2100	0.2014	0.1763	0.1335	0.1152	0.1899	0.1799	0.1832	0.1719	0.1699	0.1640	0.1554	0.1414	0.1110	0.1052	0.1056	0.1015	0.1041	0.1028	0.1015	0.1032	0.0986	0.0973	0.0986	0.0957	0.0982	0.0965	0.0961	0.0990	0.0918	0.0939	0.0957	0.0942	0.0946	0.0944	0.0964	0.0945	0.0940	0.0942	0.0964	0.0943	0.0948	0.0958	0.0963	0.0959	0.0930	0.0946	0.0955	0.0920	0.0945	0.0959	0.0961	0.0957	0.0981	0.0959	0.0967	0.0943	0.0963	0.0957	0.0990	0.0963	
0.2512	0.2411	0.2395	0.2243	0.2105	0.1842	0.1367	0.1160	0.2005	0.1905	0.1934	0.1800	0.1773	0.1717	0.1607	0.1454	0.1145	0.1089	0.1087	0.1040	0.1055	0.1040	0.1039	0.1044	0.1009	0.0986	0.0987	0.0982	0.0987	0.0985	0.0971	0.1001	0.0926	0.0955	0.0969	0.0951	0.0941	0.0954	0.0952	0.0945	0.0941	0.0950	0.0967	0.0953	0.0943	0.0966	0.0950	0.0972	0.0949	0.0951	0.0951	0.0918	0.0961	0.0958	0.0969	0.0957	0.0991	0.0974	0.0970	0.0958	0.0962	0.0938	0.0996	0.0957	
0.2680	0.2557	0.2513	0.2348	0.2231	0.1949	0.1406	0.1180	0.2114	0.1991	0.2041	0.1887	0.1884	0.1789	0.1684	0.1442	0.1179	0.1115	0.1093	0.1048	0.1061	0.1056	0.1034	0.1058	0.1017	0.0997	0.1004	0.0978	0.0988	0.0981	0.0987	0.0998	0.0919	0.0947	0.0965	0.0941	0.0932	0.0943	0.0946	0.0956	0.0944	0.0941	0.0943	0.0941	0.0938	0.0948	0.0966	0.0977	0.0942	0.0949	0.0957	0.0914	0.0955	0.0954	0.0964	0.0954	0.0969	0.0964	0.0960	0.0954	0.0965	0.0960	0.0967	0.0953	
0.2893	0.2734	0.2685	0.2510	0.2358	0.2035	0.1437	0.1179	0.2246	0.2118	0.2157	0.1974	0.1967	0.1859	0.1734	0.1498	0.1212	0.1132	0.1118	0.1071	0.1083	0.1079	0.1055	0.1072	0.1041	0.1010	0.1023	0.0986	0.0996	0.0989	0.0988	0.1019	0.0921	0.0952	0.0958	0.0939	0.0944	0.0951	0.0955	0.0961	0.0940	0.0941	0.0946	0.0953	0.0934	0.0970	0.0957	0.0975	0.0938	0.0930	0.0937	0.0918	0.0946	0.0956	0.0948	0.0965	0.0969	0.0957	0.0964	0.0932	0.0957	0.0958	0.0987	0.0961	
0.3095	0.2930	0.2887	0.2684	0.2540	0.2172	0.1460	0.1196	0.2403	0.2232	0.2279	0.2081	0.2068	0.1973	0.1823	0.1571	0.1254	0.1179	0.1160	0.1089	0.1120	0.1088	0.1070	0.1087	0.1064	0.1030	0.1042	0.0997	0.1009	0.0999	0.1001	0.1025	0.0926	0.0961	0.0959	0.0942	0.0944	0.0950	0.0958	0.0951	0.0936	0.0935	0.0948	0.0949	0.0942	0.0963	0.0959	0.0963	0.0938	0.0938	0.0949	0.0925	0.0953	0.0962	0.0942	0.0951	0.0974	0.0953	0.0959	0.0936	0.0965	0.0960	0.0981	0.0964	
0.3324	0.3158	0.3063	0.2863	0.2670	0.2271	0.1502	0.1213	0.2537	0.2388	0.2433	0.2203	0.2179	0.2058	0.1894	0.1635	0.1299	0.1209	0.1183	0.1124	0.1152	0.1123	0.1105	0.1116	0.1090	0.1053	0.1055	0.1010	0.1038	0.1011	0.1006	0.1060	0.0944	0.0968	0.0977	0.0943	0.0959	0.0958	0.0956	0.0960	0.0940	0.0947	0.0952	0.0961	0.0939	0.0965	0.0966	0.0980	0.0947	0.0942	0.0955	0.0919	0.0959	0.0947	0.0950	0.0962	0.0995	0.0959	0.0969	0.0941	0.0979	0.0960	0.0990	0.0965	
0.3552	0.3336	0.3270	0.3050	0.2862	0.2403	0.1574	0.1235	0.2750	0.2540	0.2599	0.2318	0.2313	0.2195	0.1976	0.1669	0.1367	0.1270	0.1222	0.1158	0.1184	0.1157	0.1129	0.1132	0.1118	0.1080	0.1092	0.1031	0.1048	0.1037	0.1031	0.1055	0.0959	0.0982	0.0981	0.0952	0.0956	0.0970	0.0962	0.0952	0.0955	0.0952	0.0961	0.0961	0.0940	0.0979	0.0964	0.0966	0.0953	0.0941	0.0955	0.0922	0.0949	0.0954	0.0948	0.0953	0.0992	0.0964	0.0992	0.0960	0.0956	0.0971	0.0992	0.0969	
0.3785	0.3557	0.3458	0.3267	0.3061	0.2520	0.1619	0.1252	0.2921	0.2693	0.2743	0.2461	0.2418	0.2315	0.2082	0.1715	0.1431	0.1302	0.1268	0.1185	0.1212	0.1176	0.1168	0.1159	0.1167	0.1113	0.1115	0.1046	0.1077	0.1046	0.1030	0.1071	0.0957	0.0988	0.0986	0.0953	0.0962	0.0975	0.0962	0.0967	0.0951	0.0952	0.0945	0.0968	0.0942	0.0961	0.0962	0.0980	0.0953	0.0943	0.0952	0.0931	0.0951	0.0958	0.0951	0.0984	0.0976	0.0954	0.0979	0.0941	0.0963	0.0950	0.0980	0.0965	
0.4018	0.3812	0.3718	0.3484	0.3252	0.2679	0.1682	0.1272	0.3131	0.2865	0.2959	0.2625	0.2560	0.2432	0.2208	0.1796	0.1487	0.1367	0.1314	0.1223	0.1247	0.1212	0.1190	0.1173	0.1192	0.1144	0.1153	0.1081	0.1084	0.1069	0.1054	0.1097	0.0973	0.0992	0.0994	0.0974	0.0963	0.0980	0.0964	0.0964	0.0960	0.0963	0.0962	0.0965	0.0942	0.0981	0.0967	0.0973	0.0978	0.0948	0.0961	0.0922	0.0944	0.0960	0.0968	0.0962	0.0983	0.0972	0.0970	0.0945	0.0960	0.0958	0.0987	0.0976	
0.4258	0.4066	0.3903	0.3720	0.3483	0.2841	0.1741	0.1291	0.3329	0.3069	0.3137	0.2783	0.2743	0.2562	0.2305	0.1876	0.1586	0.1446	0.1366	0.1297	0.1306	0.1259	0.1234	0.1227	0.1244	0.1183	0.1186	0.1114	0.1136	0.1089	0.1073	0.1127	0.0989	0.1006	0.1021	0.0986	0.0985	0.0992	0.0985	0.0972	0.0973	0.0967	0.0968	0.0970	0.0952	0.0975	0.0969	0.0980	0.0962	0.0972	0.0967	0.0931	0.0973	0.0964	0.0956	0.0975	0.0995	0.0976	0.0970	0.0940	0.0978	0.0960	0.0988	0.0972	
0.4493	0.4281	0.4157	0.3922	0.3703	0.2988	0.1814	0.1325	0.3544	0.3230	0.3375	0.2921	0.2899	0.2747	0.2439	0.1941	0.1648	0.1514	0.1427	0.1317	0.1354	0.1291	0.1262	0.1251	0.1276	0.1216	0.1219	0.1119	0.1148	0.1100	0.1090	0.1147	0.1006	0.1024	0.1021	0.0977	0.0985	0.0991	0.0989	0.0974	0.0972	0.0966	0.0966	0.0969	0.0950	0.0985	0.0966	0.0974	0.0955	0.0954	0.0956	0.0929	0.0946	0.0960	0.0960	0.0949	0.0990	0.0972	0.0973	0.0938	0.0960	0.0950	0.0979	0.0968	
0.4816	0.4549	0.4366	0.4173	0.3958	0.3194	0.1887	0.1365	0.3792	0.3453	0.3535	0.3136	0.3046	0.2866	0.2539	0.2035	0.1746	0.1578	0.1484	0.1361	0.1408	0.1341	0.1308	0.1286	0.1355	0.1270	0.1263	0.1166	0.1196	0.1139	0.1126	0.1171	0.1034	0.1036	0.1040	0.0988	0.1000	0.1011	0.0984	0.0975	0.0984	0.0973	0.0969	0.0982	0.0961	0.0985	0.0969	0.0988	0.0980	0.0955	0.0962	0.0931	0.0956	0.0960	0.0951	0.0959	0.1004	0.0950	0.0970	0.0943	0.0967	0.0960	0.0973	0.0974	
0.5046	0.4801	0.4659	0.4423	0.4179	0.3383	0.1949	0.1385	0.4075	0.3714	0.3822	0.3308	0.3242	0.3030	0.2700	0.2116	0.1858	0.1655	0.1561	0.1424	0.1484	0.1397	0.1341	0.1327	0.1410	0.1331	0.1334	0.1207	0.1237	0.1211	0.1148	0.1200	0.1055	0.1063	0.1064	0.1021	0.1006	0.1023	0.0988	0.0987	0.0993	0.0977	0.0984	0.0992	0.0974	0.0982	0.0970	0.0985	0.0980	0.0962	0.0970	0.0933	0.0958	0.0961	0.0961	0.0952	0.0998	0.0943	0.0974	0.0936	0.0956	0.0951	0.0996	0.0970	
0.5317	0.5065	0.4877	0.4652	0.4438	0.3602	0.2041	0.1400	0.4292	0.3927	0.4035	0.3519	0.3452	0.3293	0.2851	0.2181	0.1970	0.1759	0.1639	0.1496	0.1551	0.1468	0.1409	0.1381	0.1491	0.1384	0.1380	0.1250	0.1272	0.1213	0.1182	0.1225	0.1105	0.1090	0.1082	0.1026	0.1036	0.1050	0.0989	0.0989	0.1030	0.0996	0.0980	0.1005	0.0973	0.0994	0.0968	0.1002	0.0983	0.0962	0.0968	0.0936	0.0959	0.0965	0.0969	0.0956	0.1021	0.0965	0.0972	0.0942	0.0956	0.0948	0.0980	0.0978	
0.5588	0.5319	0.5135	0.4910	0.4697	0.3783	0.2114	0.1412	0.4577	0.4185	0.4261	0.3732	0.3662	0.3449	0.3030	0.2303	0.2101	0.1853	0.1700	0.1556	0.1618	0.1524	0.1461	0.1422	0.1564	0.1440	0.1435	0.1303	0.1334	0.1240	0.1204	0.1276	0.1121	0.1116	0.1098	0.1029	0.1039	0.1061	0.1006	0.0983	0.1032	0.1002	0.0998	0.1004	0.0974	0.0995	0.0974	0.0977	0.0998	0.0975	0.0978	0.0935	0.0962	0.0966	0.0947	0.0956	0.1036	0.0962	0.0969	0.0931	0.0964	0.0957	0.0964	0.0959	
0.5852	0.5595	0.5380	0.5180	0.4898	0.4020	0.2217	0.1464	0.4853	0.4423	0.4561	0.4015	0.3854	0.3643	0.3200	0.2389	0.2265	0.1966	0.1819	0.1648	0.1714	0.1606	0.1564	0.1523	0.1675	0.1534	0.1525	0.1354	0.1396	0.1301	0.1242	0.1315	0.1174	0.1162	0.1145	0.1049	0.1080	0.1100	0.1000	0.1021	0.1061	0.1029	0.1007	0.1064	0.0990	0.1016	0.0992	0.0997	0.1019	0.0989	0.0988	0.0954	0.0970	0.0983	0.0968	0.0973	0.1026	0.0983	0.0994	0.0943	0.0963	0.0966	0.0999	0.0984	
0.6083	0.5829	0.5629	0.5383	0.5149	0.4181	0.2276	0.1492	0.5111	0.4640	0.4770	0.4237	0.4119	0.3924	0.3405	0.2494	0.2377	0.2075	0.1935	0.1728	0.1816	0.1671	0.1598	0.1544	0.1777	0.1618	0.1595	0.1413	0.1447	0.1350	0.1278	0.1345	0.1222	0.1189	0.1164	0.1077	0.1088	0.1108	0.1007	0.1013	0.1086	0.1042	0.1023	0.1057	0.0998	0.1018	0.0994	0.0999	0.1054	0.0989	0.0989	0.0951	0.0964	0.0977	0.0960	0.0961	0.1030	0.0972	0.0973	0.0950	0.0970	0.0960	0.0983	0.0983	
0.6332	0.6086	0.5867	0.5542	0.5327	0.4506	0.2417	0.1524	0.5369	0.4924	0.5005	0.4464	0.4313	0.4134	0.3589	0.2629	0.2530	0.2222	0.2038	0.1818	0.1901	0.1747	0.1649	0.1617	0.1850	0.1697	0.1681	0.1468	0.1519	0.1390	0.1324	0.1418	0.1259	0.1210	0.1199	0.1095	0.1116	0.1136	0.1009	0.1018	0.1115	0.1050	0.1033	0.1068	0.1022	0.1026	0.0986	0.1014	0.1039	0.1001	0.1004	0.0971	0.0974	0.0971	0.0946	0.0964	0.1048	0.1006	0.0987	0.0945	0.0970	0.0959	0.0988	0.0970	
0.6596	0.6310	0.6096	0.5834	0.5555	0.4683	0.2529	0.1561	0.5706	0.5203	0.5283	0.4736	0.4596	0.4364	0.3789	0.2741	0.2756	0.2363	0.2167	0.1953	0.2027	0.1857	0.1744	0.1665	0.2009	0.1812	0.1784	0.1569	0.1594	0.1471	0.1376	0.1470	0.1371	0.1278	0.1260	0.1140	0.1154	0.1160	0.1046	0.1049	0.1152	0.1094	0.1058	0.1093	0.1029	0.1048	0.1007	0.1023	0.1065	0.1017	0.1023	0.0995	0.0992	0.0998	0.0962	0.0971	0.1060	0.1002	0.1017	0.0952	0.0964	0.0968	0.1021	0.1003	
0.6755	0.6597	0.6326	0.5999	0.5803	0.4966	0.2642	0.1595	0.5872	0.5481	0.5549	0.4982	0.4840	0.4570	0.4007	0.2875	0.2918	0.2531	0.2322	0.2039	0.2159	0.1953	0.1841	0.1766	0.2133	0.1926	0.1885	0.1636	0.1689	0.1530	0.1432	0.1527	0.1378	0.1327	0.1289	0.1176	0.1197	0.1217	0.1087	0.1073	0.1196	0.1127	0.1101	0.1124	0.1054	0.1057	0.1013	0.1027	0.1095	0.1058	0.1014	0.0990	0.1002	0.0997	0.0976	0.0978	0.1081	0.1046	0.1017	0.0960	0.0961	0.0988	0.0997	0.1011	
0.6879	0.6769	0.6554	0.6181	0.5969	0.5166	0.2798	0.1647	0.6103	0.5688	0.5764	0.5222	0.5045	0.4851	0.4206	0.3000	0.3099	0.2686	0.2449	0.2173	0.2265	0.2065	0.1941	0.1876	0.2283	0.2040	0.2000	0.1730	0.1758	0.1604	0.1497	0.1600	0.1458	0.1376	0.1358	0.1216	0.1238	0.1262	0.1071	0.1086	0.1224	0.1156	0.1098	0.1156	0.1070	0.1074	0.1032	0.1034	0.1128	0.1064	0.1041	0.1023	0.1003	0.0995	0.0973	0.0998	0.1099	0.1009	0.1021	0.0984	0.0987	0.0968	0.0994	0.1028	
0.7059	0.6956	0.6636	0.6473	0.6159	0.5440	0.2901	0.1684	0.6341	0.5937	0.5993	0.5460	0.5270	0.5106	0.4480	0.3145	0.3310	0.2864	0.2565	0.2299	0.2396	0.2183	0.2038	0.1930	0.2408	0.2189	0.2115	0.1825	0.1862	0.1684	0.1541	0.1658	0.1518	0.1440	0.1400	0.1240	0.1269	0.1282	0.1090	0.1105	0.1273	0.1201	0.1122	0.1191	0.1081	0.1095	0.1036	0.1043	0.1133	0.1077	0.1053	0.1012	0.1002	0.1035	0.0975	0.0990	0.1121	0.1029	0.1025	0.0979	0.0970	0.0972	0.0996	0.1023	
0.7080	0.7090	0.6789	0.6793	0.6531	0.5621	0.3002	0.1717	0.6505	0.6173	0.6214	0.5656	0.5463	0.5344	0.4666	0.3300	0.3526	0.3066	0.2746	0.2423	0.2551	0.2313	0.2169	0.2048	0.2568	0.2338	0.2259	0.1938	0.1971	0.1752	0.1610	0.1748	0.1617	0.1522	0.1457	0.1287	0.1315	0.1338	0.1083	0.1135	0.1332	0.1223	0.1146	0.1221	0.1105	0.1099	0.1051	0.1057	0.1173	0.1095	0.1087	0.1024	0.1019	0.1012	0.0974	0.0993	0.1130	0.1041	0.1043	0.0985	0.0972	0.0967	0.0985	0.1043	
0.7193	0.7143	0.6895	0.6896	0.6738	0.5795	0.3185	0.1769	0.6721	0.6431	0.6445	0.5979	0.5740	0.5531	0.4897	0.3476	0.3796	0.3248	0.2960	0.2579	0.2713	0.2441	0.2308	0.2153	0.2814	0.2462	0.2428	0.2054	0.2083	0.1865	0.1714	0.1832	0.1727	0.1578	0.1545	0.1350	0.1364	0.1397	0.1149	0.1153	0.1392	0.1272	0.1180	0.1250	0.1127	0.1136	0.1069	0.1073	0.1206	0.1117	0.1087	0.1059	0.1040	0.1030	0.0977	0.0995	0.1165	0.1060	0.1068	0.0984	0.0969	0.0978	0.1005	0.1067	
0.7189	0.7214	0.6962	0.7068	0.6868	0.6061	0.3359	0.1805	0.6812	0.6650	0.6554	0.6205	0.5979	0.5804	0.5180	0.3614	0.4067	0.3470	0.3128	0.2746	0.2886	0.2582	0.2397	0.2251	0.2986	0.2668	0.2592	0.2180	0.2211	0.1965	0.1785	0.1937	0.1819	0.1674	0.1603	0.1408	0.1438	0.1463	0.1150	0.1182	0.1450	0.1329	0.1224	0.1305	0.1164	0.1168	0.1093	0.1102	0.1246	0.1146	0.1129	0.1082	0.1052	0.1027	0.1001	0.0999	0.1195	0.1075	0.1087	0.1013	0.0981	0.0980	0.1032	0.1099	
0.7279	0.7270	0.7055	0.7158	0.6990	0.6379	0.3540	0.1856	0.6894	0.6825	0.6606	0.6427	0.6188	0.5990	0.5391	0.3805	0.4328	0.3721	0.3357	0.2929	0.3078	0.2728	0.2585	0.2394	0.3210	0.2826	0.2792	0.2319	0.2338	0.2072	0.1913	0.2035	0.1931	0.1781	0.1712	0.1457	0.1507	0.1533	0.1171	0.1220	0.1510	0.1400	0.1264	0.1354	0.1200	0.1189	0.1097	0.1126	0.1270	0.1180	0.1141	0.1106	0.1063	0.1048	0.1009	0.1012	0.1201	0.1107	0.1085	0.1007	0.0999	0.0984	0.0996	0.1126	
0.7259	0.7266	0.7048	0.7173	0.7003	0.6419	0.3668	0.1907	0.6894	0.6903	0.6625	0.6639	0.6401	0.6219	0.5623	0.3976	0.4560	0.3935	0.3561	0.3098	0.3261	0.2909	0.2708	0.2532	0.3409	0.3019	0.2920	0.2447	0.2467	0.2196	0.1994	0.2131	0.2024	0.1846	0.1789	0.1531	0.1566	0.1588	0.1222	0.1237	0.1577	0.1448	0.1310	0.1399	0.1231	0.1217	0.1115	0.1131	0.1302	0.1200	0.1163	0.1125	0.1094	0.1047	0.1007	0.1005	0.1234	0.1106	0.1105	0.1010	0.0985	0.0994	0.0986	0.1157	
0.7291	0.7344	0.7083	0.7194	0.7072	0.6617	0.3881	0.1949	0.6915	0.6979	0.6765	0.6826	0.6586	0.6485	0.5876	0.4185	0.4829	0.4183	0.3763	0.3309	0.3466	0.3066	0.2854	0.2639	0.3645	0.3209	0.3155	0.2613	0.2621	0.2321	0.2089	0.2255	0.2182	0.1952	0.1875	0.1597	0.1641	0.1661	0.1232	0.1254	0.1670	0.1506	0.1351	0.1460	0.1266	0.1257	0.1149	0.1156	0.1353	0.1245	0.1186	0.1169	0.1087	0.1059	0.1005	0.1003	0.1276	0.1149	0.1128	0.1034	0.0997	0.0992	0.1001	0.1189	
0.7285	0.7333	0.7085	0.7206	0.7078	0.6723	0.4084	0.2018	0.6947	0.7053	0.6741	0.6866	0.6651	0.6631	0.6080	0.4406	0.5107	0.4427	0.4024	0.3495	0.3665	0.3247	0.3047	0.2812	0.3884	0.3449	0.3360	0.2776	0.2817	0.2450	0.2216	0.2358	0.2320	0.2078	0.1968	0.1678	0.1732	0.1764	0.1273	0.1319	0.1740	0.1587	0.1411	0.1529	0.1328	0.1297	0.1155	0.1190	0.1418	0.1296	0.1234	0.1189	0.1113	0.1088	0.1020	0.1016	0.1313	0.1163	0.1157	0.1053	0.0995	0.0995	0.1012	0.1261	
0.7280	0.7392	0.7111	0.7226	0.7087	0.6885	0.4269	0.2076	0.6960	0.7065	0.6836	0.6890	0.6636	0.6804	0.6290	0.4626	0.5353	0.4670	0.4226	0.3738	0.3841	0.3467	0.3258	0.3004	0.4126	0.3663	0.3584	0.2960	0.2967	0.2618	0.2344	0.2500	0.2450	0.2194	0.2100	0.1788	0.1807	0.1855	0.1339	0.1363	0.1840	0.1668	0.1463	0.1591	0.1353	0.1349	0.1182	0.1200	0.1472	0.1333	0.1272	0.1224	0.1151	0.1105	0.1036	0.1026	0.1365	0.1216	0.1176	0.1073	0.1005	0.1008	0.1010	0.1334	
0.7348	0.7412	0.7150	0.7148	0.7110	0.6926	0.4490	0.2166	0.7010	0.7113	0.6842	0.6883	0.6621	0.6853	0.6535	0.4805	0.5655	0.4921	0.4472	0.3961	0.3999	0.3669	0.3467	0.3141	0.4426	0.3918	0.3808	0.3176	0.3158	0.2770	0.2490	0.2630	0.2632	0.2315	0.2201	0.1868	0.1929	0.1907	0.1347	0.1417	0.1972	0.1736	0.1531	0.1670	0.1411	0.1402	0.1236	0.1249	0.1539	0.1393	0.1322	0.1271	0.1178	0.1126	0.1047	0.1046	0.1393	0.1243	0.1227	0.1097	0.0991	0.1006	0.1023	0.1417	
0.7342	0.7423	0.7240	0.7134	0.7101	0.6920	0.4746	0.2237	0.6969	0.7071	0.6823	0.6880	0.6631	0.6849	0.6714	0.5045	0.5864	0.5168	0.4745	0.4219	0.4194	0.3892	0.3649	0.3323	0.4639	0.4151	0.4059	0.3380	0.3324	0.2971	0.2748	0.2762	0.2777	0.2460	0.2337	0.1978	0.2046	0.2042	0.1413	0.1470	0.2067	0.1837	0.1597	0.1766	0.1470	0.1438	0.1267	0.1285	0.1605	0.1433	0.1361	0.1308	0.1201	0.1157	0.1070	0.1075	0.1442	0.1278	0.1273	0.1127	0.0992	0.1018	0.1035	0.1501	
0.7355	0.7427	0.7179	0.7135	0.7056	0.7009	0.4960	0.2318	0.6999	0.7144	0.6851	0.6886	0.6669	0.6872	0.6795	0.5229	0.6140	0.5382	0.4966	0.4422	0.4384	0.4150	0.3880	0.3493	0.4935	0.4429	0.4316	0.3568	0.3552	0.3171	0.2809	0.2939	0.2972	0.2639	0.2503	0.2059	0.2120	0.2186	0.1467	0.1515	0.2136	0.1929	0.1680	0.1834	0.1538	0.1522	0.1304	0.1312	0.1669	0.1495	0.1406	0.1360	0.1234	0.1168	0.1071	0.1062	0.1494	0.1317	0.1281	0.1134	0.1021	0.1024	0.1041	0.1645	
0.7343	0.7427	0.7242	0.7108	0.7150	0.6925	0.5154	0.2368	0.6949	0.7135	0.6859	0.6829	0.6796	0.6806	0.6880	0.5417	0.6300	0.5621	0.5203	0.4689	0.4634	0.4327	0.4079	0.3689	0.5179	0.4646	0.4587	0.3736	0.3761	0.3355	0.2961	0.3066	0.3157	0.2750	0.2654	0.2229	0.2281	0.2302	0.1514	0.1597	0.2236	0.2037	0.1759	0.1917	0.1615	0.1557	0.1348	0.1342	0.1740	0.1559	0.1459	0.1416	0.1273	0.1215	0.1104	0.1082	0.1528	0.1369	0.1340	0.1182	0.1025	0.1038	0.1046	0.1767	
0.7367	0.7476	0.7298	0.7102	0.7137	0.7109	0.5347	0.2453	0.7009	0.7181	0.6934	0.6873	0.6833	0.6888	0.6907	0.5722	0.6463	0.5872	0.5474	0.4936	0.4843	0.4643	0.4301	0.3895	0.5446	0.4984	0.4859	0.4013	0.3984	0.3596	0.3129	0.3303	0.3375	0.2932	0.2844	0.2357	0.2401	0.2457	0.1570	0.1648	0.2374	0.2137	0.1840	0.2020	0.1700	0.1636	0.1382	0.1400	0.1819	0.1627	0.1514	0.1484	0.1305	0.1237	0.1115	0.1111	0.1596	0.1398	0.1368	0.1193	0.1012	0.1026	0.1041	0.1968	
0.7492	0.7543	0.7294	0.7243	0.7021	0.7153	0.5564	0.2555	0.7072	0.7257	0.6990	0.6934	0.6754	0.6966	0.6947	0.5922	0.6606	0.6132	0.5602	0.5163	0.5122	0.4864	0.4565	0.4139	0.5785	0.5241	0.5150	0.4293	0.4298	0.3842	0.3381	0.3507	0.3663	0.3161	0.3008	0.2482	0.2576	0.2616	0.1655	0.1732	0.2545	0.2295	0.1938	0.2162	0.1797	0.1722	0.1462	0.1461	0.1927	0.1711	0.1580	0.1549	0.1349	0.1275	0.1134	0.1119	0.1694	0.1471	0.1414	0.1245	0.1026	0.1054	0.1051	0.2190	
0.7550	0.7552	0.7357	0.7363	0.7060	0.7102	0.5836	0.2651	0.7117	0.7278	0.7080	0.7012	0.6782	0.6968	0.6992	0.6084	0.6718	0.6295	0.5906	0.5411	0.5505	0.5043	0.4833	0.4396	0.6055	0.5519	0.5439	0.4577	0.4514	0.4045	0.3603	0.3731	0.3906	0.3352	0.3192	0.2649	0.2744	0.2740	0.1745	0.1834	0.2696	0.2436	0.2036	0.2270	0.1871	0.1809	0.1519	0.1521	0.2017	0.1786	0.1653	0.1618	0.1398	0.1310	0.1180	0.1141	0.1749	0.1534	0.1472	0.1283	0.1052	0.1064	0.1064	0.2444	
0.7451	0.7463	0.7287	0.7420	0.7199	0.7150	0.5905	0.2723	0.6964	0.7116	0.7033	0.7105	0.6967	0.7026	0.6954	0.6246	0.6549	0.6348	0.6075	0.5603	0.5745	0.5315	0.5020	0.4534	0.6067	0.5588	0.5601	0.4741	0.4789	0.4287	0.3726	0.3843	0.3978	0.3503	0.3314	0.2754	0.2883	0.2924	0.1818	0.1897	0.2820	0.2517	0.2094	0.2378	0.1948	0.1879	0.1590	0.1574	0.2136	0.1862	0.1686	0.1653	0.1411	0.1352	0.1197	0.1168	0.1766	0.1551	0.1490	0.1299	0.1031	0.1094	0.1103	0.2686	
0.7547	0.7534	0.7379	0.7363	0.7195	0.7164	0.6210	0.2813	0.7115	0.7233	0.7117	0.7127	0.6983	0.7148	0.7068	0.6439	0.6656	0.6512	0.6359	0.5873	0.5936	0.5513	0.5296	0.4784	0.6333	0.5884	0.5889	0.5030	0.5017	0.4535	0.3998	0.4065	0.4316	0.3708	0.3609	0.2933	0.3056	0.3142	0.1906	0.2001	0.3001	0.2695	0.2248	0.2501	0.2061	0.1996	0.1697	0.1629	0.2208	0.1917	0.1756	0.1751	0.1452	0.1396	0.1224	0.1221	0.1844	0.1616	0.1519	0.1344	0.1035	0.1103	0.1136	0.2998	
