0.0861	0.0860	0.0933	0.0900	0.0870	0.0886	0.0961	0.0870	0.0880	0.0866	0.0870	0.0855	0.0887	0.0897	0.0872	0.0886	0.0863	0.0918	0.0879	0.0882	0.0879	0.0877	0.0878	0.0868	0.0877	0.0873	0.0853	0.0863	0.0889	0.0855	0.0868	0.0871	0.0876	0.0921	0.0876	0.0876	0.0848	0.0865	0.0903	0.0860	0.0865	0.0874	0.0841	0.0850	0.0860	0.0847	0.0864	0.0859	0.0841	0.0871	0.0874	0.0872	0.0870	0.0870	0.0857	0.0870	0.0850	0.0879	0.0847	0.0873	0.0861	0.0856	0.0857	0.0852	
0.0854	0.0856	0.0901	0.0881	0.0874	0.0871	0.0907	0.0856	0.0837	0.0854	0.0853	0.0839	0.0867	0.0879	0.0861	0.0874	0.0854	0.0889	0.0856	0.0856	0.0860	0.0854	0.0862	0.0848	0.0843	0.0836	0.0839	0.0849	0.0877	0.0842	0.0852	0.0869	0.0901	0.0899	0.0867	0.0850	0.0840	0.0838	0.0880	0.0857	0.0852	0.0866	0.0839	0.0841	0.0841	0.0833	0.0858	0.0846	0.0843	0.0863	0.0867	0.0875	0.0852	0.0856	0.0849	0.0843	0.0839	0.0878	0.0843	0.0861	0.0853	0.0847	0.0847	0.0844	
0.0850	0.0854	0.0901	0.0876	0.0870	0.0870	0.0904	0.0855	0.0849	0.0856	0.0852	0.0840	0.0869	0.0881	0.0860	0.0874	0.0851	0.0880	0.0852	0.0850	0.0845	0.0843	0.0851	0.0850	0.0840	0.0844	0.0841	0.0846	0.0877	0.0845	0.0851	0.0867	0.0884	0.0885	0.0857	0.0855	0.0846	0.0848	0.0885	0.0841	0.0837	0.0865	0.0840	0.0839	0.0843	0.0832	0.0848	0.0835	0.0841	0.0850	0.0859	0.0860	0.0838	0.0859	0.0847	0.0854	0.0841	0.0899	0.0843	0.0860	0.0848	0.0842	0.0849	0.0837	
0.0851	0.0853	0.0901	0.0884	0.0877	0.0881	0.0914	0.0860	0.0845	0.0850	0.0849	0.0840	0.0862	0.0880	0.0856	0.0869	0.0844	0.0889	0.0857	0.0849	0.0860	0.0845	0.0862	0.0854	0.0839	0.0835	0.0832	0.0842	0.0873	0.0833	0.0846	0.0862	0.0894	0.0895	0.0865	0.0856	0.0845	0.0855	0.0888	0.0854	0.0839	0.0853	0.0827	0.0833	0.0843	0.0832	0.0855	0.0843	0.0837	0.0852	0.0860	0.0870	0.0855	0.0855	0.0843	0.0851	0.0848	0.0871	0.0840	0.0840	0.0837	0.0848	0.0834	0.0842	
0.0856	0.0865	0.0914	0.0891	0.0884	0.0881	0.0915	0.0865	0.0846	0.0856	0.0854	0.0838	0.0873	0.0886	0.0857	0.0875	0.0851	0.0899	0.0871	0.0860	0.0867	0.0852	0.0868	0.0863	0.0839	0.0849	0.0836	0.0845	0.0874	0.0840	0.0853	0.0870	0.0904	0.0897	0.0874	0.0864	0.0855	0.0856	0.0889	0.0858	0.0843	0.0866	0.0844	0.0838	0.0847	0.0838	0.0859	0.0846	0.0832	0.0868	0.0877	0.0878	0.0862	0.0868	0.0856	0.0862	0.0841	0.0865	0.0850	0.0856	0.0847	0.0846	0.0844	0.0839	
0.0846	0.0860	0.0901	0.0884	0.0877	0.0880	0.0911	0.0856	0.0842	0.0847	0.0852	0.0835	0.0863	0.0878	0.0849	0.0872	0.0840	0.0883	0.0857	0.0859	0.0856	0.0845	0.0856	0.0855	0.0837	0.0835	0.0840	0.0844	0.0870	0.0829	0.0849	0.0864	0.0881	0.0898	0.0860	0.0856	0.0849	0.0851	0.0884	0.0847	0.0840	0.0858	0.0824	0.0834	0.0838	0.0829	0.0857	0.0836	0.0838	0.0855	0.0857	0.0862	0.0857	0.0864	0.0845	0.0844	0.0851	0.0869	0.0832	0.0844	0.0834	0.0841	0.0839	0.0835	
0.0862	0.0860	0.0904	0.0887	0.0882	0.0886	0.0928	0.0859	0.0837	0.0851	0.0843	0.0833	0.0863	0.0877	0.0856	0.0864	0.0844	0.0889	0.0864	0.0857	0.0855	0.0844	0.0861	0.0852	0.0835	0.0834	0.0827	0.0839	0.0862	0.0834	0.0838	0.0861	0.0885	0.0892	0.0863	0.0847	0.0839	0.0847	0.0884	0.0847	0.0835	0.0856	0.0840	0.0829	0.0835	0.0828	0.0847	0.0827	0.0828	0.0859	0.0859	0.0866	0.0854	0.0867	0.0845	0.0845	0.0832	0.0856	0.0828	0.0850	0.0839	0.0836	0.0830	0.0832	
0.0859	0.0870	0.0914	0.0890	0.0892	0.0887	0.0932	0.0868	0.0838	0.0851	0.0847	0.0833	0.0869	0.0881	0.0858	0.0865	0.0856	0.0902	0.0870	0.0867	0.0868	0.0857	0.0869	0.0865	0.0838	0.0840	0.0845	0.0846	0.0876	0.0838	0.0848	0.0863	0.0892	0.0911	0.0886	0.0859	0.0852	0.0866	0.0898	0.0857	0.0856	0.0860	0.0834	0.0839	0.0834	0.0830	0.0846	0.0839	0.0827	0.0871	0.0873	0.0869	0.0859	0.0872	0.0848	0.0861	0.0845	0.0863	0.0843	0.0858	0.0835	0.0838	0.0843	0.0838	
0.0846	0.0853	0.0896	0.0873	0.0872	0.0874	0.0904	0.0846	0.0826	0.0836	0.0830	0.0825	0.0850	0.0861	0.0834	0.0846	0.0824	0.0868	0.0846	0.0844	0.0844	0.0836	0.0854	0.0847	0.0826	0.0824	0.0818	0.0820	0.0857	0.0818	0.0831	0.0843	0.0858	0.0883	0.0849	0.0836	0.0832	0.0838	0.0875	0.0843	0.0820	0.0841	0.0818	0.0823	0.0824	0.0816	0.0833	0.0816	0.0810	0.0844	0.0850	0.0869	0.0840	0.0855	0.0836	0.0836	0.0825	0.0850	0.0824	0.0831	0.0822	0.0818	0.0821	0.0832	
0.0836	0.0839	0.0884	0.0866	0.0862	0.0868	0.0886	0.0839	0.0811	0.0821	0.0822	0.0806	0.0839	0.0848	0.0825	0.0839	0.0816	0.0862	0.0828	0.0829	0.0836	0.0822	0.0839	0.0824	0.0817	0.0806	0.0812	0.0808	0.0839	0.0811	0.0820	0.0829	0.0871	0.0880	0.0840	0.0828	0.0830	0.0833	0.0860	0.0829	0.0813	0.0831	0.0800	0.0807	0.0806	0.0798	0.0826	0.0804	0.0799	0.0832	0.0835	0.0856	0.0829	0.0848	0.0822	0.0819	0.0810	0.0827	0.0800	0.0823	0.0810	0.0810	0.0809	0.0805	
0.0837	0.0842	0.0882	0.0862	0.0861	0.0862	0.0884	0.0841	0.0812	0.0824	0.0825	0.0809	0.0828	0.0851	0.0821	0.0837	0.0819	0.0861	0.0839	0.0830	0.0836	0.0825	0.0841	0.0834	0.0806	0.0808	0.0804	0.0811	0.0839	0.0795	0.0814	0.0827	0.0871	0.0877	0.0837	0.0823	0.0826	0.0829	0.0858	0.0840	0.0811	0.0823	0.0793	0.0805	0.0806	0.0795	0.0815	0.0805	0.0805	0.0840	0.0848	0.0854	0.0817	0.0844	0.0835	0.0822	0.0802	0.0826	0.0816	0.0827	0.0806	0.0807	0.0809	0.0810	
0.0844	0.0841	0.0880	0.0866	0.0859	0.0861	0.0890	0.0846	0.0818	0.0826	0.0817	0.0812	0.0837	0.0852	0.0827	0.0843	0.0825	0.0864	0.0840	0.0840	0.0839	0.0823	0.0857	0.0842	0.0820	0.0815	0.0813	0.0816	0.0849	0.0815	0.0813	0.0831	0.0851	0.0878	0.0845	0.0825	0.0825	0.0823	0.0870	0.0835	0.0814	0.0826	0.0801	0.0799	0.0817	0.0800	0.0814	0.0803	0.0803	0.0837	0.0835	0.0842	0.0834	0.0844	0.0826	0.0822	0.0820	0.0845	0.0816	0.0819	0.0817	0.0811	0.0810	0.0805	
0.0852	0.0838	0.0885	0.0865	0.0867	0.0876	0.0894	0.0845	0.0821	0.0828	0.0822	0.0809	0.0838	0.0843	0.0831	0.0849	0.0821	0.0859	0.0838	0.0834	0.0841	0.0828	0.0844	0.0835	0.0817	0.0820	0.0814	0.0810	0.0849	0.0806	0.0826	0.0829	0.0858	0.0886	0.0853	0.0835	0.0822	0.0829	0.0861	0.0829	0.0817	0.0832	0.0800	0.0811	0.0810	0.0794	0.0808	0.0798	0.0800	0.0833	0.0833	0.0852	0.0830	0.0835	0.0832	0.0814	0.0813	0.0835	0.0809	0.0817	0.0806	0.0810	0.0809	0.0810	
0.0845	0.0846	0.0890	0.0871	0.0864	0.0864	0.0889	0.0848	0.0825	0.0821	0.0826	0.0816	0.0844	0.0849	0.0828	0.0847	0.0826	0.0870	0.0837	0.0839	0.0841	0.0826	0.0839	0.0840	0.0821	0.0818	0.0818	0.0819	0.0844	0.0806	0.0825	0.0837	0.0863	0.0878	0.0844	0.0830	0.0825	0.0824	0.0868	0.0832	0.0809	0.0827	0.0799	0.0799	0.0816	0.0803	0.0816	0.0805	0.0801	0.0838	0.0833	0.0852	0.0834	0.0847	0.0827	0.0825	0.0820	0.0830	0.0812	0.0831	0.0813	0.0816	0.0805	0.0808	
0.0851	0.0842	0.0889	0.0864	0.0866	0.0859	0.0891	0.0848	0.0827	0.0828	0.0825	0.0812	0.0845	0.0863	0.0828	0.0849	0.0832	0.0867	0.0846	0.0838	0.0834	0.0827	0.0841	0.0838	0.0820	0.0812	0.0816	0.0806	0.0848	0.0812	0.0825	0.0839	0.0856	0.0889	0.0844	0.0834	0.0823	0.0824	0.0866	0.0831	0.0846	0.0828	0.0786	0.0807	0.0811	0.0783	0.0815	0.0808	0.0793	0.0835	0.0830	0.0850	0.0829	0.0848	0.0830	0.0817	0.0812	0.0838	0.0805	0.0830	0.0808	0.0820	0.0803	0.0815	
0.0863	0.0853	0.0898	0.0875	0.0873	0.0874	0.0898	0.0851	0.0838	0.0834	0.0828	0.0825	0.0848	0.0861	0.0834	0.0856	0.0839	0.0877	0.0844	0.0839	0.0849	0.0835	0.0849	0.0845	0.0830	0.0827	0.0820	0.0820	0.0854	0.0818	0.0826	0.0850	0.0868	0.0891	0.0852	0.0829	0.0831	0.0839	0.0870	0.0835	0.0821	0.0834	0.0805	0.0816	0.0812	0.0800	0.0822	0.0810	0.0811	0.0837	0.0840	0.0856	0.0837	0.0856	0.0824	0.0829	0.0821	0.0842	0.0821	0.0843	0.0820	0.0811	0.0816	0.0814	
0.0857	0.0845	0.0891	0.0870	0.0866	0.0870	0.0892	0.0845	0.0838	0.0833	0.0830	0.0824	0.0854	0.0860	0.0843	0.0852	0.0838	0.0867	0.0837	0.0831	0.0840	0.0832	0.0843	0.0837	0.0831	0.0823	0.0816	0.0824	0.0855	0.0816	0.0821	0.0840	0.0872	0.0875	0.0853	0.0836	0.0826	0.0831	0.0868	0.0833	0.0815	0.0834	0.0809	0.0812	0.0803	0.0805	0.0814	0.0804	0.0800	0.0838	0.0842	0.0842	0.0838	0.0853	0.0823	0.0821	0.0820	0.0840	0.0806	0.0825	0.0808	0.0808	0.0812	0.0803	
0.0860	0.0841	0.0882	0.0862	0.0860	0.0855	0.0880	0.0834	0.0836	0.0824	0.0822	0.0816	0.0840	0.0857	0.0820	0.0842	0.0838	0.0860	0.0830	0.0830	0.0834	0.0821	0.0836	0.0829	0.0822	0.0814	0.0815	0.0813	0.0852	0.0810	0.0814	0.0841	0.0862	0.0879	0.0837	0.0826	0.0818	0.0824	0.0857	0.0828	0.0817	0.0821	0.0792	0.0800	0.0802	0.0790	0.0809	0.0791	0.0801	0.0826	0.0829	0.0839	0.0827	0.0840	0.0820	0.0819	0.0804	0.0833	0.0792	0.0826	0.0807	0.0810	0.0796	0.0801	
0.0852	0.0826	0.0875	0.0853	0.0864	0.0855	0.0879	0.0830	0.0829	0.0817	0.0819	0.0806	0.0829	0.0850	0.0816	0.0835	0.0837	0.0855	0.0825	0.0823	0.0834	0.0820	0.0835	0.0823	0.0816	0.0812	0.0808	0.0807	0.0845	0.0804	0.0820	0.0830	0.0875	0.0871	0.0835	0.0822	0.0811	0.0820	0.0851	0.0817	0.0810	0.0813	0.0779	0.0792	0.0794	0.0780	0.0801	0.0784	0.0794	0.0822	0.0816	0.0824	0.0825	0.0833	0.0809	0.0804	0.0804	0.0821	0.0799	0.0813	0.0792	0.0789	0.0792	0.0800	
0.0859	0.0831	0.0871	0.0847	0.0844	0.0850	0.0873	0.0834	0.0845	0.0824	0.0816	0.0809	0.0837	0.0844	0.0820	0.0846	0.0840	0.0845	0.0823	0.0812	0.0825	0.0814	0.0829	0.0816	0.0827	0.0816	0.0802	0.0817	0.0853	0.0804	0.0819	0.0826	0.0890	0.0868	0.0830	0.0820	0.0807	0.0816	0.0851	0.0818	0.0800	0.0815	0.0792	0.0796	0.0802	0.0771	0.0803	0.0786	0.0812	0.0823	0.0823	0.0835	0.0823	0.0834	0.0804	0.0808	0.0807	0.0815	0.0799	0.0816	0.0805	0.0799	0.0805	0.0800	
0.0879	0.0845	0.0887	0.0867	0.0862	0.0863	0.0888	0.0845	0.0859	0.0834	0.0827	0.0826	0.0846	0.0855	0.0836	0.0851	0.0874	0.0872	0.0839	0.0835	0.0839	0.0835	0.0841	0.0833	0.0845	0.0823	0.0822	0.0834	0.0857	0.0817	0.0830	0.0842	0.0902	0.0883	0.0848	0.0823	0.0819	0.0833	0.0872	0.0829	0.0821	0.0832	0.0799	0.0807	0.0814	0.0792	0.0816	0.0814	0.0834	0.0834	0.0830	0.0843	0.0842	0.0840	0.0832	0.0819	0.0827	0.0839	0.0815	0.0829	0.0817	0.0798	0.0808	0.0808	
0.0892	0.0862	0.0905	0.0879	0.0875	0.0878	0.0905	0.0860	0.0885	0.0855	0.0859	0.0842	0.0863	0.0877	0.0847	0.0869	0.0898	0.0877	0.0855	0.0852	0.0851	0.0850	0.0852	0.0850	0.0866	0.0839	0.0844	0.0844	0.0877	0.0838	0.0846	0.0860	0.0920	0.0894	0.0854	0.0845	0.0839	0.0848	0.0879	0.0851	0.0902	0.0841	0.0821	0.0824	0.0819	0.0818	0.0833	0.0818	0.0859	0.0834	0.0848	0.0863	0.0840	0.0857	0.0829	0.0833	0.0836	0.0856	0.0827	0.0844	0.0821	0.0815	0.0826	0.0826	
0.0915	0.0865	0.0909	0.0889	0.0878	0.0893	0.0907	0.0866	0.0902	0.0866	0.0856	0.0852	0.0873	0.0884	0.0862	0.0876	0.0906	0.0877	0.0849	0.0855	0.0858	0.0850	0.0863	0.0851	0.0877	0.0860	0.0848	0.0857	0.0892	0.0845	0.0852	0.0877	0.0942	0.0913	0.0861	0.0853	0.0846	0.0855	0.0885	0.0857	0.0847	0.0855	0.0823	0.0832	0.0835	0.0824	0.0839	0.0836	0.0862	0.0851	0.0856	0.0857	0.0842	0.0869	0.0833	0.0834	0.0853	0.0862	0.0838	0.0853	0.0838	0.0830	0.0834	0.0830	
0.0926	0.0886	0.0923	0.0894	0.0898	0.0888	0.0916	0.0886	0.0925	0.0886	0.0869	0.0866	0.0887	0.0903	0.0875	0.0888	0.0932	0.0907	0.0866	0.0872	0.0872	0.0868	0.0875	0.0872	0.0905	0.0875	0.0865	0.0878	0.0909	0.0855	0.0866	0.0893	0.0950	0.0914	0.0878	0.0867	0.0853	0.0859	0.0896	0.0864	0.0859	0.0872	0.0848	0.0849	0.0840	0.0833	0.0857	0.0851	0.0883	0.0862	0.0868	0.0880	0.0857	0.0873	0.0855	0.0853	0.0862	0.0875	0.0849	0.0866	0.0851	0.0841	0.0851	0.0840	
0.0949	0.0894	0.0937	0.0910	0.0905	0.0913	0.0938	0.0889	0.0948	0.0897	0.0884	0.0874	0.0896	0.0915	0.0890	0.0908	0.0950	0.0918	0.0884	0.0885	0.0893	0.0879	0.0885	0.0885	0.0906	0.0888	0.0881	0.0883	0.0912	0.0878	0.0880	0.0902	0.0953	0.0927	0.0894	0.0885	0.0871	0.0881	0.0919	0.0885	0.0875	0.0882	0.0860	0.0855	0.0860	0.0846	0.0868	0.0859	0.0880	0.0880	0.0876	0.0875	0.0877	0.0889	0.0860	0.0859	0.0867	0.0882	0.0845	0.0887	0.0867	0.0854	0.0859	0.0846	
0.0965	0.0902	0.0948	0.0920	0.0910	0.0917	0.0949	0.0903	0.0966	0.0903	0.0891	0.0883	0.0904	0.0963	0.0893	0.0914	0.0953	0.0927	0.0894	0.0894	0.0892	0.0889	0.0909	0.0891	0.0923	0.0887	0.0887	0.0887	0.0914	0.0884	0.0888	0.0908	0.0963	0.0933	0.0900	0.0885	0.0871	0.0888	0.0921	0.0887	0.0880	0.0885	0.0856	0.0868	0.0868	0.0848	0.0882	0.0868	0.0885	0.0876	0.0874	0.0888	0.0874	0.0887	0.0868	0.0877	0.0890	0.0892	0.0868	0.0884	0.0878	0.0867	0.0866	0.0864	
0.0981	0.0910	0.0946	0.0924	0.0912	0.0917	0.0947	0.0908	0.0989	0.0908	0.0904	0.0887	0.0911	0.0930	0.0899	0.0916	0.0975	0.0928	0.0895	0.0890	0.0897	0.0892	0.0904	0.0885	0.0933	0.0896	0.0891	0.0892	0.0934	0.0889	0.0900	0.0920	0.0964	0.0933	0.0901	0.0882	0.0868	0.0886	0.0923	0.0887	0.0885	0.0887	0.0864	0.0874	0.0878	0.0862	0.0873	0.0872	0.0894	0.0882	0.0883	0.0888	0.0868	0.0896	0.0866	0.0868	0.0890	0.0893	0.0874	0.0897	0.0876	0.0871	0.0872	0.0871	
0.0993	0.0923	0.0958	0.0929	0.0922	0.0932	0.0964	0.0913	0.1004	0.0930	0.0904	0.0898	0.0929	0.0940	0.0908	0.0928	0.0991	0.0947	0.0908	0.0904	0.0905	0.0910	0.0913	0.0909	0.0954	0.0918	0.0905	0.0927	0.0941	0.0903	0.0909	0.0932	0.0990	0.0944	0.0909	0.0891	0.0889	0.0905	0.0943	0.0902	0.0897	0.0901	0.0874	0.0883	0.0884	0.0867	0.0893	0.0891	0.0911	0.0892	0.0884	0.0903	0.0885	0.0899	0.0877	0.0885	0.0900	0.0902	0.0882	0.0897	0.0891	0.0879	0.0879	0.0878	
0.1022	0.0934	0.0970	0.0938	0.0935	0.0938	0.0976	0.0924	0.1037	0.0931	0.0924	0.0907	0.0935	0.0948	0.0924	0.0941	0.1016	0.0964	0.0919	0.0919	0.0916	0.0920	0.0918	0.0916	0.0975	0.0922	0.0920	0.0915	0.0945	0.0900	0.0914	0.0943	0.0986	0.0958	0.0916	0.0897	0.0891	0.0910	0.0945	0.0911	0.0906	0.0905	0.0887	0.0895	0.0893	0.0886	0.0902	0.0889	0.0912	0.0879	0.0889	0.0904	0.0890	0.0907	0.0885	0.0883	0.0904	0.0916	0.0895	0.0915	0.0882	0.0881	0.0874	0.0887	
0.1048	0.0939	0.0968	0.0941	0.0928	0.0937	0.0970	0.0927	0.1055	0.0952	0.0927	0.0918	0.0942	0.0953	0.0923	0.0949	0.1031	0.0955	0.0915	0.0912	0.0909	0.0919	0.0925	0.0913	0.0994	0.0931	0.0920	0.0932	0.0955	0.0909	0.0921	0.0943	0.0997	0.0955	0.0913	0.0906	0.0896	0.0912	0.0947	0.0913	0.0914	0.0932	0.0892	0.0900	0.0901	0.0887	0.0916	0.0909	0.0907	0.0900	0.0894	0.0905	0.0893	0.0907	0.0890	0.0891	0.0910	0.0924	0.0900	0.0926	0.0902	0.0896	0.0888	0.0888	
0.1062	0.0953	0.0978	0.0947	0.0934	0.0937	0.0987	0.0936	0.1089	0.0958	0.0937	0.0916	0.0939	0.0957	0.0930	0.0951	0.1044	0.0971	0.0923	0.0920	0.0921	0.0938	0.0927	0.0931	0.1002	0.0938	0.0922	0.0927	0.0957	0.0920	0.0931	0.0954	0.1001	0.0962	0.0923	0.0913	0.0902	0.0914	0.0955	0.0918	0.0923	0.0922	0.0894	0.0901	0.0904	0.0895	0.0916	0.0899	0.0915	0.0902	0.0907	0.0915	0.0904	0.0920	0.0900	0.0901	0.0917	0.0923	0.0894	0.0910	0.0896	0.0903	0.0900	0.0904	
0.1098	0.0957	0.0983	0.0951	0.0939	0.0952	0.0980	0.0937	0.1113	0.0972	0.0942	0.0931	0.0954	0.0964	0.0940	0.0965	0.1060	0.0976	0.0925	0.0932	0.0925	0.0937	0.0939	0.0928	0.1020	0.0944	0.0937	0.0936	0.0962	0.0923	0.0935	0.0957	0.1022	0.0970	0.0927	0.0908	0.0907	0.0923	0.0948	0.0924	0.0934	0.0932	0.0903	0.0907	0.0914	0.0904	0.0928	0.0912	0.0900	0.0910	0.0911	0.0924	0.0898	0.0923	0.0900	0.0899	0.0918	0.0930	0.0903	0.0921	0.0905	0.0903	0.0906	0.0917	
0.1136	0.0974	0.0991	0.0959	0.0947	0.0958	0.0998	0.0949	0.1169	0.0994	0.0954	0.0951	0.0965	0.0982	0.0958	0.0975	0.1106	0.0998	0.0937	0.0942	0.0935	0.0946	0.0947	0.0934	0.1050	0.0970	0.0947	0.0949	0.0981	0.0946	0.0950	0.0969	0.1034	0.0976	0.0927	0.0921	0.0915	0.0933	0.0972	0.0934	0.0947	0.0944	0.0916	0.0926	0.0929	0.0915	0.0938	0.0931	0.0923	0.0922	0.0924	0.0927	0.0907	0.0964	0.0910	0.0922	0.0930	0.0944	0.0921	0.0942	0.0925	0.0911	0.0912	0.0926	
0.1166	0.0989	0.0997	0.0965	0.0954	0.0961	0.0994	0.0948	0.1213	0.1003	0.0969	0.0953	0.0969	0.0986	0.0965	0.0977	0.1126	0.1005	0.0943	0.0941	0.0949	0.0944	0.0951	0.0943	0.1076	0.0977	0.0955	0.0953	0.0983	0.0949	0.0957	0.0976	0.1030	0.0991	0.0948	0.0924	0.0917	0.0938	0.0975	0.0936	0.0947	0.0950	0.0930	0.0932	0.0930	0.0928	0.0945	0.0938	0.0935	0.0919	0.0927	0.0938	0.0914	0.0942	0.0921	0.0906	0.0925	0.0939	0.0921	0.0937	0.0926	0.0918	0.0922	0.0925	
0.1206	0.0992	0.1003	0.0969	0.0950	0.0964	0.0997	0.0951	0.1242	0.1014	0.0975	0.0954	0.0972	0.0982	0.0962	0.0982	0.1149	0.1010	0.0949	0.0945	0.0950	0.0954	0.0956	0.0942	0.1097	0.0993	0.0961	0.0952	0.0983	0.0955	0.0961	0.0975	0.1058	0.0989	0.0941	0.0933	0.0909	0.0933	0.0971	0.0944	0.0955	0.0955	0.0930	0.0931	0.0932	0.0931	0.0951	0.0932	0.0943	0.0919	0.0920	0.0928	0.0905	0.0939	0.0917	0.0912	0.0937	0.0949	0.0926	0.0944	0.0924	0.0923	0.0924	0.0932	
0.1242	0.1001	0.1005	0.0969	0.0951	0.0961	0.0999	0.0956	0.1289	0.1024	0.0975	0.0957	0.0984	0.0988	0.0964	0.0985	0.1192	0.1013	0.0939	0.0943	0.0938	0.0947	0.0960	0.0941	0.1119	0.0987	0.0960	0.0956	0.0984	0.0946	0.0967	0.0982	0.1071	0.0986	0.0948	0.0930	0.0924	0.0946	0.0971	0.0938	0.0962	0.0944	0.0931	0.0936	0.0936	0.0930	0.0952	0.0952	0.0923	0.0917	0.0912	0.0934	0.0909	0.0936	0.0912	0.0911	0.0929	0.0947	0.0929	0.0944	0.0920	0.0927	0.0924	0.0932	
0.1281	0.1010	0.0995	0.0964	0.0951	0.0956	0.0991	0.0947	0.1332	0.1021	0.0970	0.0952	0.0974	0.0979	0.0959	0.0979	0.1225	0.1022	0.0946	0.0940	0.0943	0.0941	0.0952	0.0958	0.1140	0.0990	0.0962	0.0951	0.0978	0.0945	0.0955	0.0970	0.1060	0.0983	0.0936	0.0929	0.0906	0.0932	0.0969	0.0934	0.0962	0.0944	0.0926	0.0927	0.0939	0.0935	0.0939	0.0924	0.0934	0.0918	0.0915	0.0928	0.0918	0.0925	0.0907	0.0918	0.0914	0.0940	0.0926	0.0929	0.0907	0.0899	0.0911	0.0918	
0.1349	0.1021	0.1000	0.0967	0.0949	0.0962	0.0995	0.0949	0.1407	0.1040	0.0970	0.0952	0.0977	0.0980	0.0959	0.0975	0.1266	0.1029	0.0945	0.0945	0.0945	0.0942	0.0947	0.0938	0.1182	0.1004	0.0957	0.0950	0.0969	0.0953	0.0954	0.0973	0.1088	0.0993	0.0935	0.0923	0.0915	0.0926	0.0969	0.0933	0.0962	0.0946	0.0915	0.0919	0.0924	0.0923	0.0935	0.0929	0.0921	0.0916	0.0914	0.0922	0.0887	0.0916	0.0910	0.0901	0.0916	0.0931	0.0908	0.0921	0.0900	0.0905	0.0906	0.0917	
0.1403	0.1041	0.1002	0.0971	0.0947	0.0963	0.0994	0.0948	0.1463	0.1057	0.0978	0.0953	0.0978	0.0987	0.0968	0.0978	0.1321	0.1047	0.0947	0.0944	0.0945	0.0943	0.0950	0.0937	0.1223	0.1004	0.0972	0.0950	0.0976	0.0952	0.0962	0.0984	0.1099	0.0985	0.0944	0.0921	0.0913	0.0939	0.0970	0.0933	0.0966	0.0952	0.0923	0.0933	0.0924	0.0929	0.0940	0.0933	0.0926	0.0908	0.0916	0.0925	0.0905	0.0923	0.0908	0.0909	0.0918	0.0936	0.0918	0.0930	0.0903	0.0915	0.0902	0.0925	
0.1466	0.1057	0.1009	0.0971	0.0974	0.0955	0.0990	0.0942	0.1521	0.1073	0.0978	0.0951	0.0974	0.0979	0.0956	0.0973	0.1372	0.1060	0.0946	0.0945	0.0943	0.0947	0.0944	0.0939	0.1256	0.1014	0.0960	0.0941	0.0971	0.0939	0.0947	0.0967	0.1112	0.0997	0.0945	0.0929	0.0911	0.0928	0.0955	0.0927	0.0969	0.0943	0.0909	0.0928	0.0917	0.0920	0.0931	0.0920	0.0915	0.0898	0.0913	0.0921	0.0903	0.0919	0.0899	0.0896	0.0909	0.0932	0.0904	0.0912	0.0899	0.0892	0.0888	0.0906	
0.1574	0.1091	0.1024	0.0982	0.0958	0.0980	0.1007	0.0953	0.1626	0.1098	0.0996	0.0962	0.1000	0.0984	0.0969	0.0986	0.1448	0.1086	0.0962	0.0952	0.0958	0.0956	0.0957	0.0948	0.1326	0.1047	0.0978	0.0977	0.0982	0.0956	0.0962	0.0981	0.1160	0.1003	0.0947	0.0934	0.0922	0.0935	0.0976	0.0943	0.0990	0.0953	0.0928	0.0941	0.0933	0.0937	0.0948	0.0935	0.0937	0.0910	0.0917	0.0919	0.0905	0.0928	0.0909	0.0910	0.0917	0.0936	0.0899	0.0921	0.0903	0.0905	0.0895	0.0917	
0.1666	0.1114	0.1014	0.0978	0.0954	0.0963	0.0994	0.0941	0.1721	0.1122	0.0991	0.0952	0.0981	0.0976	0.0961	0.0977	0.1522	0.1092	0.0956	0.0946	0.0946	0.0939	0.0939	0.0933	0.1393	0.1049	0.0963	0.0949	0.0970	0.0948	0.0949	0.0966	0.1176	0.0996	0.0941	0.0918	0.0906	0.0933	0.0960	0.0922	0.0975	0.0944	0.0918	0.0927	0.0922	0.0928	0.0939	0.0923	0.0924	0.0897	0.0901	0.0912	0.0898	0.0913	0.0892	0.0895	0.0909	0.0916	0.0904	0.0908	0.0889	0.0892	0.0889	0.0899	
0.1818	0.1148	0.1025	0.0981	0.0953	0.0961	0.1019	0.0940	0.1818	0.1135	0.0994	0.0952	0.0979	0.0963	0.0947	0.0958	0.1594	0.1114	0.0959	0.0942	0.0944	0.0937	0.0946	0.0941	0.1437	0.1066	0.0955	0.0937	0.0963	0.0936	0.0946	0.0958	0.1193	0.1009	0.0939	0.0920	0.0907	0.0919	0.0956	0.0920	0.0991	0.0939	0.0911	0.0917	0.0914	0.0907	0.0931	0.0906	0.0916	0.0901	0.0905	0.0916	0.0899	0.0916	0.0899	0.0893	0.0897	0.0915	0.0885	0.0908	0.0884	0.0885	0.0881	0.0890	
0.1938	0.1205	0.1036	0.0988	0.0961	0.0972	0.1000	0.0943	0.1944	0.1181	0.1005	0.0955	0.0977	0.0959	0.0949	0.0973	0.1710	0.1153	0.0967	0.0946	0.0949	0.0943	0.0942	0.0928	0.1523	0.1084	0.0967	0.0936	0.0969	0.0931	0.0945	0.0958	0.1248	0.1008	0.0947	0.0914	0.0898	0.0921	0.0947	0.0921	0.0993	0.0931	0.0911	0.0914	0.0905	0.0907	0.0930	0.0910	0.0916	0.0893	0.0895	0.0900	0.0887	0.0911	0.0879	0.0891	0.0898	0.0910	0.0880	0.0897	0.0876	0.0881	0.0875	0.0887	
0.2085	0.1256	0.1038	0.0985	0.0956	0.0963	0.0991	0.0938	0.2088	0.1225	0.1008	0.0959	0.0974	0.0971	0.0949	0.0962	0.1814	0.1189	0.0965	0.0945	0.0943	0.0933	0.0943	0.0926	0.1604	0.1105	0.0967	0.0934	0.0958	0.0928	0.0942	0.0961	0.1273	0.1021	0.0944	0.0917	0.0900	0.0921	0.0947	0.0915	0.1011	0.0937	0.0916	0.0923	0.0920	0.0898	0.0930	0.0917	0.0920	0.0899	0.0894	0.0907	0.0885	0.0899	0.0884	0.0882	0.0895	0.0898	0.0889	0.0900	0.0889	0.0871	0.0886	0.0880	
0.2204	0.1326	0.1045	0.0987	0.0959	0.0958	0.0978	0.0931	0.2198	0.1284	0.1010	0.0946	0.0975	0.0955	0.0941	0.0961	0.1924	0.1228	0.0968	0.0943	0.0939	0.0938	0.0935	0.0922	0.1687	0.1134	0.0968	0.0942	0.0955	0.0917	0.0938	0.0950	0.1306	0.1034	0.0938	0.0912	0.0909	0.0918	0.0953	0.0921	0.1029	0.0934	0.0906	0.0913	0.0908	0.0904	0.0929	0.0911	0.0922	0.0891	0.0899	0.0902	0.0880	0.0893	0.0880	0.0886	0.0886	0.0905	0.0887	0.0899	0.0879	0.0875	0.0879	0.0878	
0.2368	0.1407	0.1057	0.0995	0.0962	0.0967	0.0988	0.0935	0.2367	0.1348	0.1032	0.0949	0.0970	0.0956	0.0935	0.0954	0.2061	0.1283	0.0976	0.0940	0.0942	0.0929	0.0932	0.0923	0.1808	0.1179	0.0980	0.0918	0.0948	0.0926	0.0931	0.0942	0.1374	0.1035	0.0944	0.0909	0.0895	0.0927	0.0944	0.0913	0.1083	0.0938	0.0907	0.0907	0.0903	0.0901	0.0907	0.0907	0.0907	0.0886	0.0880	0.0901	0.0879	0.0880	0.0888	0.0886	0.0873	0.0895	0.0877	0.0884	0.0880	0.0873	0.0863	0.0879	
0.2572	0.1528	0.1080	0.1012	0.0972	0.0976	0.0996	0.0949	0.2569	0.1462	0.1064	0.0966	0.0985	0.0957	0.0947	0.0961	0.2248	0.1364	0.0995	0.0955	0.0959	0.0938	0.0942	0.0935	0.1956	0.1236	0.0990	0.0937	0.0968	0.0934	0.0941	0.0955	0.1462	0.1073	0.0958	0.0923	0.0914	0.0920	0.0956	0.0923	0.1066	0.0943	0.0914	0.0919	0.0917	0.0908	0.0925	0.0928	0.0933	0.0908	0.0910	0.0902	0.0889	0.0909	0.0893	0.0892	0.0890	0.0910	0.0884	0.0899	0.0882	0.0878	0.0881	0.0891	
0.2736	0.1625	0.1097	0.1015	0.0981	0.0970	0.0992	0.0934	0.2739	0.1551	0.1090	0.0966	0.0981	0.0954	0.0941	0.0954	0.2390	0.1433	0.1004	0.0959	0.0959	0.0930	0.0935	0.0926	0.2046	0.1278	0.0998	0.0933	0.0961	0.0924	0.0938	0.0949	0.1510	0.1090	0.0957	0.0916	0.0904	0.0915	0.0951	0.0913	0.1092	0.0951	0.0911	0.0910	0.0906	0.0906	0.0925	0.0908	0.0920	0.0896	0.0898	0.0904	0.0900	0.0911	0.0890	0.0887	0.0885	0.0909	0.0884	0.0900	0.0883	0.0874	0.0881	0.0890	
0.2959	0.1824	0.1121	0.1026	0.0984	0.0978	0.0994	0.0939	0.2982	0.1716	0.1133	0.0971	0.0985	0.0952	0.0944	0.0960	0.2572	0.1558	0.1017	0.0954	0.0955	0.0930	0.0933	0.0927	0.2234	0.1358	0.1012	0.0935	0.0962	0.0930	0.0951	0.0947	0.1605	0.1109	0.0959	0.0922	0.0917	0.0920	0.0952	0.0908	0.1128	0.0961	0.0915	0.0921	0.0910	0.0919	0.0924	0.0913	0.0924	0.0906	0.0900	0.0908	0.0879	0.0908	0.0890	0.0892	0.0882	0.0910	0.0888	0.0896	0.0891	0.0874	0.0876	0.0895	
0.3187	0.2017	0.1151	0.1037	0.0983	0.0987	0.1004	0.0942	0.3189	0.1854	0.1177	0.0977	0.0992	0.0951	0.0947	0.0968	0.2767	0.1671	0.1043	0.0971	0.0957	0.0936	0.0940	0.0932	0.2369	0.1446	0.1033	0.0921	0.0964	0.0934	0.0934	0.0957	0.1700	0.1132	0.0962	0.0920	0.0914	0.0924	0.0953	0.0919	0.1147	0.0965	0.0920	0.0923	0.0915	0.0916	0.0933	0.0910	0.0938	0.0910	0.0905	0.0922	0.0896	0.0914	0.0891	0.0893	0.0891	0.0909	0.0887	0.0895	0.0882	0.0884	0.0868	0.0888	
0.3373	0.2162	0.1170	0.1032	0.0985	0.0968	0.0998	0.0934	0.3376	0.2030	0.1246	0.0964	0.0997	0.0943	0.0932	0.0952	0.2942	0.1797	0.1059	0.0960	0.0958	0.0932	0.0931	0.0918	0.2537	0.1522	0.1037	0.0918	0.0959	0.0922	0.0933	0.0946	0.1794	0.1156	0.0962	0.0915	0.0906	0.0920	0.0946	0.0913	0.1172	0.0965	0.0915	0.0908	0.0903	0.0908	0.0916	0.0904	0.0929	0.0894	0.0898	0.0904	0.0879	0.0906	0.0880	0.0895	0.0873	0.0903	0.0877	0.0893	0.0873	0.0877	0.0869	0.0884	
0.3665	0.2415	0.1226	0.1053	0.0994	0.0989	0.1004	0.0946	0.3661	0.2270	0.1305	0.0992	0.1000	0.0946	0.0943	0.0964	0.3177	0.1977	0.1101	0.0975	0.0970	0.0936	0.0933	0.0924	0.2714	0.1645	0.1080	0.0946	0.0966	0.0932	0.0938	0.0956	0.1887	0.1209	0.0985	0.0933	0.0918	0.0935	0.0945	0.0907	0.1234	0.0983	0.0929	0.0928	0.0909	0.0917	0.0925	0.0911	0.0940	0.0898	0.0894	0.0916	0.0896	0.0915	0.0880	0.0890	0.0885	0.0905	0.0884	0.0896	0.0888	0.0884	0.0879	0.0889	
0.3916	0.2636	0.1299	0.1067	0.1008	0.0992	0.1008	0.0948	0.3926	0.2502	0.1415	0.1005	0.1008	0.0951	0.0945	0.0962	0.3441	0.2178	0.1149	0.0981	0.0984	0.0938	0.0941	0.0950	0.2934	0.1809	0.1119	0.0937	0.0970	0.0936	0.0938	0.0955	0.2052	0.1243	0.0998	0.0927	0.0923	0.0923	0.0950	0.0916	0.1278	0.0998	0.0929	0.0923	0.0914	0.0920	0.0929	0.0920	0.0950	0.0905	0.0900	0.0917	0.0891	0.0918	0.0883	0.0896	0.0890	0.0916	0.0889	0.0906	0.0887	0.0884	0.0884	0.0893	
0.4106	0.2842	0.1358	0.1076	0.1001	0.0973	0.0986	0.0936	0.4081	0.2672	0.1490	0.0997	0.1035	0.0936	0.0937	0.0951	0.3649	0.2350	0.1179	0.0982	0.0977	0.0927	0.0927	0.0915	0.3103	0.1954	0.1130	0.0935	0.0966	0.0916	0.0926	0.0938	0.2136	0.1280	0.0989	0.0914	0.0904	0.0917	0.0957	0.0907	0.1307	0.0992	0.0915	0.0918	0.0908	0.0901	0.0916	0.0902	0.0945	0.0903	0.0893	0.0904	0.0885	0.0905	0.0867	0.0883	0.0878	0.0909	0.0880	0.0889	0.0884	0.0878	0.0863	0.0877	
0.4360	0.3101	0.1471	0.1090	0.1013	0.0988	0.1001	0.0944	0.4326	0.2896	0.1664	0.1012	0.1014	0.0945	0.0939	0.0956	0.3854	0.2529	0.1261	0.0992	0.0984	0.0928	0.0934	0.0922	0.3337	0.2149	0.1195	0.0955	0.0967	0.0931	0.0935	0.0946	0.2263	0.1340	0.1003	0.0925	0.0918	0.0912	0.0947	0.0910	0.1378	0.1012	0.0933	0.0923	0.0915	0.0900	0.0923	0.0900	0.0961	0.0902	0.0897	0.0900	0.0886	0.0903	0.0886	0.0885	0.0878	0.0913	0.0891	0.0891	0.0883	0.0884	0.0869	0.0871	
0.4636	0.3356	0.1643	0.1111	0.1026	0.0997	0.1000	0.0946	0.4615	0.3228	0.1930	0.1034	0.1018	0.0947	0.0944	0.0957	0.4118	0.2779	0.1370	0.0990	0.0994	0.0932	0.0930	0.0919	0.3595	0.2348	0.1258	0.0944	0.0973	0.0928	0.0931	0.0947	0.2471	0.1422	0.1010	0.0927	0.0910	0.0914	0.0940	0.0906	0.1452	0.1040	0.0932	0.0920	0.0915	0.0907	0.0928	0.0906	0.0982	0.0900	0.0888	0.0894	0.0885	0.0908	0.0883	0.0889	0.0877	0.0916	0.0874	0.0889	0.0885	0.0870	0.0879	0.0878	
0.4793	0.3615	0.1848	0.1136	0.1048	0.0993	0.1005	0.0949	0.4806	0.3513	0.2201	0.1034	0.1034	0.0946	0.0939	0.0961	0.4344	0.3041	0.1496	0.1009	0.1004	0.0941	0.0933	0.0930	0.3811	0.2522	0.1354	0.0952	0.0979	0.0934	0.0938	0.0949	0.2628	0.1479	0.1028	0.0931	0.0920	0.0920	0.0951	0.0907	0.1513	0.1053	0.0937	0.0927	0.0910	0.0917	0.0926	0.0907	0.0990	0.0896	0.0895	0.0914	0.0890	0.0900	0.0890	0.0889	0.0894	0.0916	0.0879	0.0884	0.0891	0.0882	0.0872	0.0884	
0.5066	0.3853	0.2109	0.1160	0.1049	0.1002	0.1016	0.0947	0.5055	0.3700	0.2500	0.1062	0.1042	0.0950	0.0941	0.0958	0.4589	0.3222	0.1680	0.1020	0.1014	0.0942	0.0930	0.0924	0.4061	0.2739	0.1460	0.0950	0.0985	0.0935	0.0941	0.0951	0.2813	0.1582	0.1039	0.0937	0.0919	0.0923	0.0945	0.0907	0.1605	0.1094	0.0961	0.0925	0.0909	0.0900	0.0926	0.0908	0.0998	0.0900	0.0894	0.0908	0.0890	0.0911	0.0887	0.0892	0.0895	0.0915	0.0883	0.0898	0.0881	0.0880	0.0875	0.0891	
0.5308	0.4113	0.2463	0.1183	0.1065	0.1000	0.1015	0.0946	0.5302	0.4040	0.2913	0.1076	0.1055	0.0996	0.0937	0.0962	0.4846	0.3522	0.1952	0.1032	0.1025	0.0929	0.0934	0.0924	0.4276	0.2955	0.1607	0.0953	0.0987	0.0920	0.0925	0.0947	0.2988	0.1708	0.1068	0.0926	0.0911	0.0906	0.0942	0.0904	0.1720	0.1094	0.0947	0.0923	0.0912	0.0900	0.0929	0.0902	0.1026	0.0901	0.0891	0.0898	0.0881	0.0902	0.0885	0.0891	0.0875	0.0915	0.0879	0.0877	0.0874	0.0872	0.0863	0.0880	
0.5463	0.4351	0.2853	0.1227	0.1088	0.1004	0.1016	0.0956	0.5459	0.4209	0.3211	0.1097	0.1060	0.0945	0.0945	0.0955	0.5056	0.3756	0.2270	0.1040	0.1037	0.0938	0.0933	0.0929	0.4489	0.3173	0.1764	0.0992	0.0999	0.0938	0.0931	0.0951	0.3205	0.1819	0.1085	0.0935	0.0921	0.0918	0.0947	0.0905	0.1793	0.1123	0.0962	0.0924	0.0916	0.0904	0.0920	0.0900	0.1042	0.0901	0.0903	0.0915	0.0889	0.0912	0.0883	0.0895	0.0893	0.0910	0.0885	0.0886	0.0888	0.0883	0.0861	0.0886	
0.5714	0.4539	0.3404	0.1278	0.1112	0.1009	0.1017	0.0953	0.5726	0.4486	0.3624	0.1124	0.1076	0.0942	0.0943	0.0967	0.5244	0.3973	0.2701	0.1065	0.1054	0.0942	0.0931	0.0927	0.4731	0.3536	0.2059	0.0976	0.0999	0.0944	0.0942	0.0949	0.3346	0.2023	0.1131	0.0935	0.0926	0.0923	0.0951	0.0911	0.1910	0.1170	0.0979	0.0931	0.0926	0.0911	0.0920	0.0903	0.1070	0.0915	0.0897	0.0917	0.0891	0.0916	0.0888	0.0884	0.0890	0.0918	0.0886	0.0890	0.0885	0.0878	0.0881	0.0889	
0.6009	0.4780	0.3826	0.1350	0.1145	0.1014	0.1018	0.0956	0.5955	0.4702	0.3928	0.1179	0.1101	0.0944	0.0944	0.0960	0.5484	0.4223	0.3098	0.1083	0.1070	0.0941	0.0936	0.0923	0.4950	0.3789	0.2390	0.0988	0.0997	0.0945	0.0933	0.0950	0.3563	0.2199	0.1168	0.0940	0.0924	0.0916	0.0945	0.0900	0.2021	0.1201	0.0963	0.0941	0.0912	0.0909	0.0919	0.0904	0.1099	0.0920	0.0895	0.0912	0.0889	0.0907	0.0893	0.0888	0.0882	0.0915	0.0878	0.0893	0.0876	0.0871	0.0871	0.0880	
0.6164	0.4961	0.4224	0.1410	0.1188	0.1012	0.1024	0.0960	0.6186	0.4892	0.4155	0.1198	0.1110	0.0937	0.0938	0.0950	0.5708	0.4415	0.3424	0.1104	0.1089	0.0936	0.0938	0.0920	0.5141	0.4037	0.2751	0.0985	0.1001	0.0930	0.0927	0.0946	0.3805	0.2310	0.1198	0.0938	0.0922	0.0911	0.0946	0.0897	0.2138	0.1233	0.0982	0.0931	0.0916	0.0908	0.0910	0.0892	0.1127	0.0921	0.0906	0.0915	0.0888	0.0901	0.0884	0.0891	0.0872	0.0902	0.0871	0.0890	0.0876	0.0878	0.0866	0.0871	
0.6384	0.5097	0.4575	0.1515	0.1233	0.1013	0.1001	0.0946	0.6376	0.5075	0.4391	0.1253	0.1176	0.0936	0.0941	0.0954	0.5894	0.4621	0.3721	0.1133	0.1105	0.0934	0.0929	0.0912	0.5350	0.4250	0.3156	0.1006	0.1005	0.0938	0.0926	0.0943	0.3986	0.2466	0.1259	0.0939	0.0923	0.0914	0.0934	0.0900	0.2294	0.1293	0.0988	0.0932	0.0919	0.0903	0.0905	0.0894	0.1159	0.0910	0.0898	0.0905	0.0881	0.0905	0.0879	0.0872	0.0879	0.0901	0.0865	0.0890	0.0872	0.0865	0.0854	0.0870	
0.6519	0.5359	0.4979	0.1657	0.1300	0.1022	0.1011	0.0955	0.6619	0.5365	0.4705	0.1342	0.1181	0.0945	0.0944	0.0956	0.6170	0.4870	0.4082	0.1194	0.1144	0.0937	0.0929	0.0918	0.5624	0.4517	0.3515	0.1034	0.1020	0.0942	0.0933	0.0946	0.4212	0.2701	0.1351	0.0941	0.0936	0.0922	0.0939	0.0909	0.2452	0.1361	0.1026	0.0936	0.0912	0.0895	0.0909	0.0898	0.1201	0.0918	0.0896	0.0905	0.0891	0.0907	0.0885	0.0891	0.0874	0.0901	0.0876	0.0888	0.0875	0.0869	0.0868	0.0867	
0.6569	0.5563	0.5276	0.1788	0.1377	0.1032	0.1018	0.0965	0.6726	0.5491	0.4899	0.1405	0.1208	0.0938	0.0942	0.0958	0.6368	0.5023	0.4334	0.1217	0.1178	0.0942	0.0941	0.0918	0.5750	0.4719	0.3868	0.1039	0.1029	0.0943	0.0933	0.0945	0.4425	0.2866	0.1430	0.0957	0.0936	0.0921	0.0950	0.0905	0.2586	0.1416	0.1030	0.0946	0.0922	0.0899	0.0920	0.0894	0.1252	0.0927	0.0904	0.0917	0.0889	0.0908	0.0886	0.0893	0.0879	0.0903	0.0866	0.0894	0.0880	0.0873	0.0867	0.0875	
0.6627	0.5678	0.5478	0.1977	0.1498	0.1028	0.1018	0.0958	0.6753	0.5735	0.5141	0.1529	0.1248	0.0939	0.0939	0.0963	0.6525	0.5223	0.4589	0.1269	0.1218	0.0940	0.0931	0.0922	0.6010	0.4863	0.4091	0.1061	0.1035	0.0946	0.0932	0.0942	0.4622	0.3089	0.1540	0.0956	0.0944	0.0912	0.0944	0.0900	0.2755	0.1482	0.1041	0.0942	0.0924	0.0893	0.0916	0.0894	0.1306	0.0922	0.0900	0.0911	0.0884	0.0911	0.0888	0.0894	0.0876	0.0904	0.0880	0.0881	0.0874	0.0869	0.0863	0.0872	
0.6671	0.5830	0.5715	0.2226	0.1629	0.1029	0.1019	0.0955	0.6825	0.5917	0.5411	0.1710	0.1327	0.0935	0.0940	0.0957	0.6590	0.5459	0.4878	0.1363	0.1283	0.0941	0.0927	0.0918	0.6205	0.5082	0.4395	0.1097	0.1042	0.0954	0.0938	0.0948	0.4940	0.3336	0.1713	0.0955	0.0946	0.0913	0.0945	0.0895	0.2953	0.1585	0.1046	0.0959	0.0923	0.0899	0.0909	0.0886	0.1367	0.0928	0.0895	0.0900	0.0879	0.0897	0.0879	0.0888	0.0872	0.0890	0.0863	0.0876	0.0871	0.0862	0.0862	0.0868	
0.6652	0.5952	0.5881	0.2497	0.1791	0.1044	0.1024	0.0963	0.6889	0.6055	0.5619	0.1872	0.1402	0.0940	0.0947	0.0958	0.6737	0.5648	0.5155	0.1486	0.1387	0.0947	0.0937	0.0924	0.6420	0.5346	0.4673	0.1134	0.1045	0.0951	0.0931	0.0949	0.5233	0.3638	0.1929	0.0979	0.0961	0.0926	0.0947	0.0902	0.3095	0.1685	0.1088	0.0945	0.0930	0.0890	0.0917	0.0886	0.1421	0.0941	0.0908	0.0909	0.0888	0.0897	0.0884	0.0891	0.0869	0.0903	0.0870	0.0875	0.0878	0.0873	0.0854	0.0864	
0.6695	0.5933	0.5936	0.2732	0.1993	0.1040	0.1023	0.0956	0.6832	0.6033	0.5722	0.2059	0.1466	0.0942	0.0937	0.0952	0.6691	0.5656	0.5282	0.1572	0.1469	0.0941	0.0925	0.0916	0.6540	0.5457	0.4812	0.1170	0.1045	0.0949	0.0927	0.0937	0.5396	0.3832	0.2187	0.0983	0.0949	0.0912	0.0935	0.0897	0.3270	0.1781	0.1099	0.0946	0.0922	0.0888	0.0907	0.0884	0.1507	0.0947	0.0907	0.0912	0.0879	0.0903	0.0882	0.0872	0.0873	0.0891	0.0857	0.0880	0.0863	0.0857	0.0855	0.0875	
0.6699	0.6003	0.6008	0.3142	0.2234	0.1054	0.1036	0.0963	0.6897	0.6066	0.5782	0.2398	0.1637	0.0943	0.0945	0.0965	0.6735	0.5770	0.5510	0.1807	0.1630	0.0961	0.0940	0.0933	0.6626	0.5685	0.5068	0.1250	0.1085	0.0968	0.0946	0.0947	0.5607	0.4080	0.2565	0.1021	0.0983	0.0928	0.0955	0.0904	0.3528	0.1942	0.1148	0.0972	0.0941	0.0908	0.0925	0.0906	0.1599	0.0974	0.0916	0.0918	0.0901	0.0920	0.0883	0.0886	0.0879	0.0903	0.0877	0.0889	0.0877	0.0883	0.0866	0.0883	
0.6718	0.6024	0.6055	0.3527	0.2484	0.1061	0.1028	0.0965	0.6911	0.6157	0.5963	0.2706	0.1761	0.0940	0.0950	0.0959	0.6757	0.5846	0.5711	0.1976	0.1792	0.0947	0.0933	0.0918	0.6628	0.5797	0.5334	0.1327	0.1080	0.0962	0.0926	0.0946	0.5831	0.4291	0.2947	0.1025	0.0981	0.0916	0.0944	0.0890	0.3721	0.2079	0.1195	0.0971	0.0947	0.0892	0.0919	0.0892	0.1689	0.0959	0.0913	0.0913	0.0886	0.0905	0.0880	0.0888	0.0881	0.0897	0.0869	0.0874	0.0865	0.0866	0.0848	0.0871	
0.6691	0.6006	0.6008	0.3853	0.2761	0.1056	0.1023	0.0961	0.6904	0.6119	0.5916	0.3039	0.1932	0.0946	0.0940	0.0961	0.6778	0.5831	0.5715	0.2193	0.1979	0.0950	0.0928	0.0915	0.6600	0.5863	0.5438	0.1423	0.1107	0.0957	0.0923	0.0945	0.5973	0.4488	0.3237	0.1041	0.0984	0.0917	0.0945	0.0905	0.3924	0.2179	0.1225	0.0972	0.0936	0.0890	0.0901	0.0880	0.1762	0.0983	0.0917	0.0913	0.0884	0.0906	0.0877	0.0887	0.0882	0.0894	0.0865	0.0878	0.0862	0.0872	0.0858	0.0871	
0.6712	0.6026	0.6046	0.4264	0.3138	0.1067	0.1034	0.0964	0.6927	0.6130	0.5907	0.3443	0.2159	0.0932	0.0938	0.0958	0.6778	0.5846	0.5757	0.2489	0.2261	0.0943	0.0938	0.0909	0.6729	0.5880	0.5602	0.1585	0.1127	0.0965	0.0924	0.0934	0.6198	0.4700	0.3573	0.1078	0.0982	0.0906	0.0936	0.0891	0.4160	0.2381	0.1283	0.0990	0.0942	0.0880	0.0907	0.0882	0.1869	0.0978	0.0907	0.0905	0.0876	0.0899	0.0867	0.0882	0.0863	0.0884	0.0852	0.0867	0.0846	0.0843	0.0851	0.0860	
0.6766	0.6052	0.6066	0.4661	0.3578	0.1092	0.1045	0.0965	0.6975	0.6165	0.5977	0.3903	0.2467	0.0945	0.0945	0.0962	0.6821	0.5884	0.5838	0.2928	0.2685	0.0962	0.0930	0.0925	0.6711	0.5972	0.5793	0.1769	0.1172	0.0971	0.0931	0.0946	0.6253	0.4925	0.3876	0.1126	0.1013	0.0917	0.0935	0.0895	0.4426	0.2564	0.1381	0.1016	0.0948	0.0886	0.0906	0.0870	0.1994	0.1007	0.0921	0.0918	0.0884	0.0902	0.0878	0.0878	0.0873	0.0884	0.0850	0.0859	0.0852	0.0846	0.0834	0.0861	
0.6707	0.6016	0.6042	0.4964	0.3932	0.1096	0.1034	0.0963	0.6940	0.6159	0.5970	0.4273	0.2768	0.0939	0.0935	0.0954	0.6797	0.5872	0.5866	0.3295	0.3051	0.0957	0.0914	0.0909	0.6677	0.5942	0.5840	0.1941	0.1198	0.0972	0.0918	0.0939	0.6286	0.5118	0.4097	0.1178	0.1024	0.0911	0.0933	0.0897	0.4591	0.2726	0.1447	0.1005	0.0955	0.0880	0.0897	0.0871	0.2082	0.1017	0.0933	0.0920	0.0886	0.0902	0.0880	0.0872	0.0872	0.0874	0.0855	0.0857	0.0856	0.0831	0.0839	0.0858	
0.6765	0.6042	0.6094	0.5253	0.4306	0.1105	0.1051	0.0976	0.6983	0.6174	0.5992	0.4605	0.3168	0.0937	0.0936	0.0964	0.6850	0.5883	0.5872	0.3769	0.3500	0.0963	0.0929	0.0918	0.6743	0.5941	0.5827	0.2212	0.1266	0.0986	0.0931	0.0941	0.6349	0.5331	0.4340	0.1249	0.1058	0.0922	0.0940	0.0893	0.4854	0.2963	0.1577	0.1048	0.0959	0.0882	0.0905	0.0873	0.2235	0.1051	0.0934	0.0927	0.0890	0.0893	0.0880	0.0878	0.0860	0.0884	0.0857	0.0861	0.0855	0.0850	0.0855	0.0863	
0.6819	0.6092	0.6112	0.5444	0.4621	0.1113	0.1062	0.0974	0.7035	0.6222	0.6042	0.5058	0.3568	0.0939	0.0942	0.0961	0.6895	0.5910	0.5928	0.4194	0.3992	0.0966	0.0934	0.0922	0.6781	0.6006	0.5890	0.2529	0.1316	0.0992	0.0932	0.0939	0.6398	0.5495	0.4611	0.1316	0.1095	0.0929	0.0947	0.0891	0.5179	0.3177	0.1734	0.1045	0.0963	0.0880	0.0906	0.0872	0.2369	0.1079	0.0941	0.0923	0.0896	0.0889	0.0874	0.0880	0.0871	0.0878	0.0866	0.0872	0.0853	0.0850	0.0844	0.0846	
0.6758	0.6063	0.6118	0.5528	0.4861	0.1131	0.1056	0.0978	0.7024	0.6194	0.6021	0.5336	0.4008	0.0992	0.0944	0.0961	0.6856	0.5962	0.5911	0.4535	0.4403	0.0975	0.0936	0.0923	0.6748	0.5973	0.5861	0.2857	0.1393	0.0993	0.0927	0.0939	0.6328	0.5603	0.4796	0.1415	0.1142	0.0929	0.0952	0.0895	0.5364	0.3402	0.1876	0.1072	0.0978	0.0890	0.0895	0.0875	0.2512	0.1104	0.0966	0.0930	0.0905	0.0900	0.0874	0.0883	0.0875	0.0868	0.0841	0.0868	0.0850	0.0856	0.0847	0.0855	
0.6803	0.6103	0.6119	0.5548	0.5079	0.1142	0.1076	0.0985	0.7045	0.6182	0.6020	0.5466	0.4343	0.0945	0.0944	0.0966	0.6907	0.5926	0.5941	0.4869	0.4745	0.0982	0.0936	0.0917	0.6784	0.5974	0.5857	0.3381	0.1496	0.1012	0.0932	0.0945	0.6459	0.5685	0.5003	0.1559	0.1192	0.0929	0.0935	0.0889	0.5564	0.3593	0.2140	0.1122	0.0993	0.0888	0.0901	0.0869	0.2682	0.1116	0.0959	0.0928	0.0893	0.0901	0.0874	0.0875	0.0878	0.0886	0.0858	0.0879	0.0857	0.0855	0.0852	0.0864	
0.6879	0.6142	0.6177	0.5655	0.5240	0.1175	0.1099	0.0992	0.7106	0.6273	0.6104	0.5653	0.4685	0.0947	0.0952	0.0971	0.6968	0.6006	0.5995	0.5092	0.5064	0.0991	0.0941	0.0932	0.6905	0.6062	0.5974	0.3950	0.1626	0.1019	0.0927	0.0949	0.6587	0.5766	0.5225	0.1750	0.1252	0.0946	0.0943	0.0902	0.5866	0.3835	0.2465	0.1191	0.1014	0.0891	0.0912	0.0877	0.2884	0.1175	0.0972	0.0939	0.0905	0.0907	0.0884	0.0882	0.0891	0.0888	0.0854	0.0872	0.0858	0.0852	0.0845	0.0857	
0.6840	0.6163	0.6182	0.5660	0.5312	0.1190	0.1107	0.1005	0.7132	0.6296	0.6119	0.5770	0.5039	0.0961	0.0953	0.0966	0.6976	0.6029	0.6003	0.5272	0.5307	0.1011	0.1027	0.0932	0.6849	0.6056	0.5947	0.4270	0.1759	0.1023	0.0932	0.0942	0.6478	0.5853	0.5410	0.1975	0.1339	0.0945	0.0966	0.0922	0.6076	0.4117	0.2802	0.1243	0.1033	0.0898	0.0909	0.0876	0.3099	0.1222	0.0997	0.0942	0.0917	0.0911	0.0889	0.0890	0.0890	0.0878	0.0853	0.0865	0.0844	0.0859	0.0853	0.0856	
0.6869	0.6088	0.6188	0.5642	0.5313	0.1211	0.1120	0.0996	0.7095	0.6259	0.6087	0.5630	0.5080	0.0952	0.0957	0.0969	0.6946	0.5988	0.5980	0.5249	0.5327	0.1005	0.0931	0.0924	0.6837	0.6049	0.5947	0.4653	0.1956	0.1039	0.0943	0.0944	0.6511	0.5814	0.5493	0.2285	0.1413	0.0948	0.0949	0.0906	0.6205	0.4271	0.3081	0.1310	0.1064	0.0887	0.0905	0.0869	0.3323	0.1239	0.0989	0.0937	0.0908	0.0891	0.0875	0.0870	0.0886	0.0881	0.0848	0.0874	0.0841	0.0848	0.0838	0.0853	
0.6959	0.6171	0.6245	0.5689	0.5387	0.1245	0.1135	0.1002	0.7169	0.6298	0.6111	0.5743	0.5282	0.0945	0.0954	0.0966	0.6995	0.6018	0.6021	0.5424	0.5413	0.1015	0.0933	0.0927	0.6919	0.6066	0.5988	0.5024	0.2175	0.1057	0.0933	0.0931	0.6621	0.5875	0.5589	0.2672	0.1543	0.0942	0.0950	0.0895	0.6279	0.4533	0.3416	0.1414	0.1086	0.0892	0.0907	0.0861	0.3536	0.1304	0.1002	0.0929	0.0897	0.0887	0.0880	0.0868	0.0886	0.0870	0.0847	0.0861	0.0831	0.0835	0.0833	0.0842	
0.6933	0.6197	0.6291	0.5714	0.5393	0.1278	0.1201	0.1004	0.7165	0.6332	0.6155	0.5855	0.5428	0.0940	0.0947	0.0959	0.7031	0.6063	0.6054	0.5426	0.5496	0.1015	0.0931	0.0945	0.6803	0.6139	0.6053	0.5213	0.2403	0.1056	0.0925	0.0939	0.6538	0.5934	0.5688	0.3074	0.1679	0.0950	0.0939	0.0895	0.6279	0.4739	0.3679	0.1504	0.1098	0.0887	0.0897	0.0862	0.3708	0.1387	0.1017	0.0935	0.0904	0.0891	0.0876	0.0864	0.0889	0.0870	0.0831	0.0853	0.0846	0.0837	0.0833	0.0833	
0.6902	0.6176	0.6248	0.5684	0.5380	0.1291	0.1126	0.0995	0.7136	0.6316	0.6124	0.5725	0.5340	0.0940	0.0946	0.0953	0.6974	0.6013	0.6029	0.5434	0.5482	0.1034	0.0919	0.0913	0.6846	0.6038	0.5959	0.5263	0.2734	0.1071	0.0911	0.0928	0.6490	0.5842	0.5654	0.3459	0.1828	0.0941	0.0943	0.0892	0.6321	0.4954	0.3924	0.1634	0.1141	0.0883	0.0903	0.0855	0.3908	0.1428	0.1021	0.0936	0.0900	0.0886	0.0867	0.0864	0.0893	0.0866	0.0828	0.0861	0.0836	0.0828	0.0818	0.0835	
0.6980	0.6213	0.6319	0.5768	0.5446	0.1347	0.1177	0.1001	0.7191	0.6343	0.6176	0.5804	0.5468	0.0930	0.0941	0.0947	0.7049	0.6045	0.6065	0.5449	0.5489	0.1032	0.0917	0.0909	0.6878	0.6094	0.6007	0.5340	0.3229	0.1092	0.0910	0.0918	0.6506	0.5919	0.5722	0.3970	0.2113	0.0943	0.0932	0.0887	0.6380	0.5137	0.4187	0.1866	0.1185	0.0874	0.0894	0.0845	0.4178	0.1514	0.1023	0.0925	0.0895	0.0875	0.0858	0.0854	0.0888	0.0846	0.0828	0.0826	0.0824	0.0812	0.0810	0.0814	
0.6953	0.6266	0.6352	0.5769	0.5460	0.1401	0.1192	0.1002	0.7199	0.6379	0.6197	0.5859	0.5488	0.0935	0.0939	0.0944	0.7072	0.6122	0.6146	0.5523	0.5597	0.1042	0.0926	0.0904	0.6907	0.6192	0.6078	0.5487	0.3718	0.1119	0.0904	0.0915	0.6524	0.5960	0.5755	0.4335	0.2440	0.0949	0.0933	0.0883	0.6445	0.5381	0.4444	0.2092	0.1233	0.0870	0.0873	0.0847	0.4410	0.1593	0.1059	0.0931	0.0890	0.0885	0.0848	0.0849	0.0892	0.0838	0.0822	0.0832	0.0820	0.0807	0.0819	0.0813	
0.6947	0.6203	0.6327	0.5716	0.5438	0.1438	0.1186	0.0997	0.7162	0.6347	0.6148	0.5790	0.5450	0.0938	0.0943	0.0949	0.7012	0.6019	0.6037	0.5440	0.5498	0.1051	0.0923	0.0909	0.6839	0.6154	0.6076	0.5494	0.4173	0.1144	0.0904	0.0910	0.6528	0.5944	0.5733	0.4644	0.2764	0.0941	0.0934	0.0875	0.6416	0.5470	0.4650	0.2357	0.1314	0.0876	0.0893	0.0839	0.4629	0.1682	0.1063	0.0927	0.0876	0.0877	0.0851	0.0846	0.0908	0.0839	0.0812	0.0825	0.0820	0.0811	0.0806	0.0810	
0.7016	0.6259	0.6410	0.5770	0.5496	0.1528	0.1263	0.1006	0.7210	0.6406	0.6220	0.5748	0.5424	0.0934	0.0956	0.0951	0.7048	0.6108	0.6094	0.5506	0.5550	0.1073	0.0934	0.0907	0.7009	0.6166	0.6081	0.5505	0.4571	0.1212	0.0913	0.0919	0.6615	0.5950	0.5741	0.4917	0.3323	0.0955	0.0933	0.0883	0.6461	0.5651	0.4916	0.2804	0.1443	0.0876	0.0890	0.0844	0.4901	0.1782	0.1092	0.0945	0.0896	0.0880	0.0855	0.0856	0.0905	0.0842	0.0820	0.0830	0.0820	0.0811	0.0807	0.0825	
0.7071	0.6342	0.6480	0.5834	0.5520	0.1612	0.1285	0.1013	0.7224	0.6425	0.6268	0.5935	0.5559	0.0946	0.0961	0.0954	0.7067	0.6131	0.6167	0.5591	0.5654	0.1103	0.0929	0.0908	0.6932	0.6198	0.6113	0.5571	0.4876	0.1269	0.0917	0.0926	0.6629	0.5981	0.5799	0.5141	0.3796	0.0968	0.0940	0.0892	0.6544	0.5777	0.5144	0.3259	0.1576	0.0879	0.0888	0.0842	0.5154	0.1924	0.1145	0.0947	0.0902	0.0876	0.0857	0.0853	0.0927	0.0849	0.0820	0.0835	0.0822	0.0809	0.0805	0.0814	
0.7020	0.6301	0.6477	0.5826	0.5531	0.1715	0.1311	0.1027	0.7216	0.6412	0.6250	0.5889	0.5598	0.0957	0.0967	0.0958	0.7040	0.6120	0.6142	0.5570	0.5635	0.1140	0.0939	0.0914	0.6929	0.6208	0.6137	0.5563	0.4945	0.1319	0.0914	0.0917	0.6624	0.5986	0.5801	0.5258	0.4168	0.0971	0.0944	0.0886	0.6514	0.5835	0.5327	0.3613	0.1731	0.0897	0.0901	0.0838	0.5414	0.2036	0.1186	0.0959	0.0908	0.0883	0.0865	0.0848	0.0957	0.0856	0.0821	0.0847	0.0827	0.0828	0.0818	0.0830	
0.7016	0.6306	0.6521	0.5841	0.5559	0.1827	0.1373	0.1033	0.7217	0.6429	0.6260	0.5813	0.5472	0.0977	0.0980	0.0971	0.7020	0.6117	0.6141	0.5597	0.5623	0.1173	0.0942	0.0908	0.6981	0.6157	0.6064	0.5531	0.4938	0.1421	0.0917	0.0926	0.6636	0.5965	0.5824	0.5343	0.4525	0.0982	0.0943	0.0886	0.6521	0.5874	0.5514	0.4024	0.1932	0.0891	0.0901	0.0850	0.5577	0.2178	0.1249	0.0965	0.0912	0.0883	0.0857	0.0857	0.0967	0.0844	0.0813	0.0856	0.0824	0.0819	0.0811	0.0813	
0.7057	0.6363	0.6584	0.5864	0.5629	0.1987	0.1450	0.1050	0.7225	0.6499	0.6328	0.5989	0.5681	0.0984	0.0991	0.0974	0.7083	0.6154	0.6167	0.5634	0.5698	0.1228	0.0956	0.0920	0.7003	0.6204	0.6149	0.5590	0.5085	0.1552	0.0924	0.0934	0.6614	0.6032	0.5856	0.5397	0.4858	0.0986	0.0951	0.0887	0.6594	0.5944	0.5652	0.4410	0.2270	0.0908	0.0911	0.0860	0.5878	0.2353	0.1306	0.0977	0.0925	0.0880	0.0860	0.0847	0.0985	0.0849	0.0825	0.0840	0.0822	0.0810	0.0811	0.0822	
0.6975	0.6348	0.6593	0.5870	0.5595	0.2117	0.1492	0.1049	0.7214	0.6453	0.6301	0.5969	0.5684	0.0989	0.0987	0.0962	0.7061	0.6163	0.6211	0.5622	0.5729	0.1256	0.0941	0.0909	0.6890	0.6186	0.6067	0.5569	0.5118	0.1607	0.0906	0.0920	0.6590	0.6046	0.5850	0.5455	0.5008	0.0993	0.0939	0.0880	0.6530	0.5976	0.5737	0.4763	0.2595	0.0891	0.0899	0.0832	0.5999	0.2514	0.1343	0.0976	0.0914	0.0859	0.0858	0.0853	0.1003	0.0837	0.0816	0.0834	0.0812	0.0810	0.0792	0.0814	
