0.0856	0.0852	0.0854	0.0853	0.1165	0.1089	0.0934	0.1118	0.0910	0.0861	0.0880	0.0855	0.1146	0.1134	0.1306	0.1143	0.0862	0.0870	0.0862	0.0868	0.1074	0.1092	0.1047	0.1069	0.0894	0.0940	0.1100	0.0857	0.1097	0.1090	0.1050	0.1215	0.0850	0.0857	0.0875	0.0845	0.1129	0.1068	0.1087	0.1077	0.0881	0.0928	0.0905	0.0851	0.1139	0.1199	0.1240	0.1203	0.0875	0.0859	0.0875	0.0866	0.1185	0.0900	0.1176	0.1177	0.0886	0.0978	0.0950	0.0854	0.1268	0.1233	0.1353	0.1395	
0.0872	0.0872	0.0868	0.0868	0.0891	0.0890	0.0891	0.0891	0.0913	0.0880	0.0872	0.0887	0.0880	0.0880	0.0872	0.0895	0.0858	0.0864	0.0866	0.0872	0.0888	0.0898	0.0883	0.0867	0.0862	0.0871	0.0875	0.0860	0.0891	0.0866	0.0915	0.0898	0.0856	0.0874	0.0876	0.0860	0.0877	0.0900	0.0873	0.0873	0.0870	0.0878	0.0876	0.0862	0.0858	0.0840	0.0833	0.0857	0.0872	0.0869	0.0894	0.0867	0.0827	0.0906	0.0846	0.0862	0.0878	0.0876	0.0877	0.0873	0.0858	0.0834	0.0863	0.0842	
0.0883	0.0871	0.0872	0.0872	0.0888	0.0868	0.0880	0.0866	0.0906	0.0873	0.0880	0.0879	0.0869	0.0869	0.0863	0.0885	0.0866	0.0873	0.0875	0.0880	0.0860	0.0883	0.0857	0.0867	0.0867	0.0875	0.0881	0.0870	0.0890	0.0911	0.0868	0.0872	0.0862	0.0876	0.0874	0.0860	0.0865	0.0881	0.0867	0.0872	0.0875	0.0882	0.0871	0.0872	0.0867	0.0871	0.0872	0.0872	0.0886	0.0880	0.0893	0.0869	0.0862	0.0884	0.0881	0.0872	0.0882	0.0883	0.0878	0.0874	0.0892	0.0870	0.0900	0.0879	
0.0871	0.0900	0.0865	0.0875	0.0887	0.0883	0.0878	0.0880	0.0909	0.0871	0.0870	0.0872	0.0870	0.0903	0.0899	0.0885	0.0859	0.0866	0.0864	0.0871	0.0871	0.0898	0.0888	0.0872	0.0860	0.0873	0.0876	0.0858	0.0876	0.0881	0.0886	0.0877	0.0857	0.0867	0.0873	0.0862	0.0880	0.0878	0.0886	0.0880	0.0870	0.0872	0.0870	0.0865	0.0874	0.0882	0.0880	0.0882	0.0868	0.0872	0.0900	0.0867	0.0885	0.0895	0.0890	0.0888	0.0877	0.0882	0.0877	0.0872	0.0902	0.0870	0.0903	0.0889	
0.0881	0.0963	0.0872	0.0874	0.0876	0.0873	0.0920	0.0873	0.0925	0.0877	0.0888	0.0891	0.0868	0.0872	0.0876	0.0883	0.0864	0.0874	0.0868	0.0873	0.0862	0.0888	0.0873	0.0866	0.0862	0.0881	0.0877	0.0863	0.0883	0.0875	0.0888	0.0882	0.0891	0.0872	0.0889	0.0874	0.0885	0.0876	0.0892	0.0882	0.0875	0.0882	0.0883	0.0869	0.0895	0.0901	0.0926	0.0903	0.0886	0.0885	0.0905	0.0872	0.0882	0.0928	0.0898	0.0884	0.0884	0.0884	0.0886	0.0887	0.0892	0.0873	0.0908	0.0896	
0.0872	0.0943	0.0873	0.0869	0.0985	0.0881	0.0852	0.0898	0.0915	0.0875	0.0881	0.0878	0.0852	0.0841	0.0876	0.0860	0.0866	0.0867	0.0871	0.0876	0.0863	0.0869	0.0851	0.0827	0.0860	0.0875	0.0879	0.0871	0.0835	0.0849	0.0849	0.0870	0.0884	0.0873	0.0889	0.0860	0.0832	0.0862	0.0874	0.0847	0.0885	0.0875	0.0879	0.0871	0.0832	0.0846	0.0861	0.0869	0.0871	0.0880	0.0896	0.0877	0.0822	0.0857	0.0841	0.0845	0.0879	0.0875	0.0881	0.0876	0.0840	0.0836	0.0861	0.0849	
0.0879	0.0955	0.0872	0.0870	0.0891	0.0886	0.0880	0.0880	0.0906	0.0868	0.0881	0.0880	0.0851	0.0868	0.0886	0.0882	0.0864	0.0874	0.0863	0.0868	0.0847	0.0887	0.0859	0.0870	0.0862	0.0870	0.0876	0.0861	0.0864	0.0862	0.0897	0.0861	0.0884	0.0875	0.0874	0.0861	0.0891	0.0879	0.0884	0.0865	0.0864	0.0883	0.0872	0.0869	0.0886	0.0856	0.0833	0.0870	0.0868	0.0879	0.0901	0.0865	0.0845	0.0882	0.0896	0.0881	0.0873	0.0865	0.0879	0.0873	0.0895	0.0868	0.0903	0.0857	
0.0871	0.0947	0.0857	0.0862	0.0867	0.0879	0.0857	0.0868	0.0911	0.0867	0.0876	0.0876	0.0877	0.0862	0.0848	0.0856	0.0858	0.0863	0.0860	0.0866	0.0845	0.0866	0.0865	0.0857	0.0858	0.0874	0.0874	0.0860	0.0850	0.0864	0.0852	0.0843	0.0847	0.0863	0.0877	0.0850	0.0838	0.0862	0.0870	0.0845	0.0878	0.0867	0.0867	0.0857	0.0840	0.0845	0.0843	0.0824	0.0868	0.0877	0.0889	0.0860	0.0832	0.0856	0.0844	0.0840	0.0881	0.0866	0.0872	0.0879	0.0836	0.0840	0.0847	0.0852	
0.0876	0.0869	0.0863	0.0872	0.0872	0.0916	0.0900	0.0889	0.0910	0.0869	0.0877	0.0884	0.0890	0.0915	0.0880	0.0906	0.0860	0.0875	0.0863	0.0864	0.0864	0.0928	0.0883	0.0911	0.0858	0.0865	0.0880	0.0857	0.0881	0.0895	0.0905	0.0875	0.0855	0.0859	0.0884	0.0860	0.0883	0.0886	0.0903	0.0883	0.0869	0.0869	0.0888	0.0874	0.0877	0.0865	0.0865	0.0916	0.0892	0.0876	0.0890	0.0876	0.0864	0.0928	0.0900	0.0920	0.0865	0.0879	0.0878	0.0864	0.0927	0.0902	0.0911	0.0883	
0.0885	0.0870	0.0871	0.0873	0.0928	0.0915	0.0924	0.0900	0.0923	0.0873	0.0881	0.0888	0.0908	0.0893	0.0857	0.0873	0.0867	0.0875	0.0878	0.0878	0.0863	0.0877	0.0860	0.0870	0.0866	0.0884	0.0874	0.0867	0.0890	0.0959	0.0889	0.0868	0.0883	0.0868	0.0886	0.0859	0.0856	0.0850	0.0872	0.0871	0.0867	0.0890	0.0876	0.0869	0.0856	0.0881	0.0874	0.0886	0.0864	0.0874	0.0885	0.0876	0.0880	0.0901	0.0870	0.0858	0.0888	0.0887	0.0908	0.0876	0.0895	0.0859	0.0893	0.0858	
0.0882	0.0867	0.0860	0.0870	0.0934	0.0937	0.0905	0.0926	0.0916	0.0877	0.0872	0.0885	0.0909	0.0884	0.0924	0.0894	0.0859	0.0861	0.0869	0.0869	0.0905	0.0909	0.0901	0.0907	0.0858	0.0885	0.0870	0.0942	0.0900	0.0914	0.0905	0.0906	0.0881	0.0866	0.0868	0.0844	0.0883	0.0874	0.0884	0.0868	0.0865	0.0861	0.0868	0.0847	0.0919	0.0919	0.0913	0.0932	0.0868	0.0864	0.0895	0.0860	0.0914	0.0945	0.0919	0.0933	0.0875	0.0873	0.0878	0.0875	0.0944	0.0915	0.0946	0.0904	
0.0886	0.0927	0.0876	0.0875	0.0841	0.0855	0.0860	0.0861	0.0926	0.0875	0.0888	0.0885	0.0854	0.0860	0.0868	0.0858	0.0872	0.0873	0.0868	0.0871	0.0850	0.0871	0.0849	0.0837	0.0874	0.0880	0.0884	0.0873	0.0839	0.0817	0.0816	0.0828	0.0890	0.0876	0.0886	0.0860	0.0795	0.0848	0.0807	0.0806	0.0883	0.0889	0.0877	0.0868	0.0800	0.0801	0.0806	0.0800	0.0884	0.0880	0.0894	0.0879	0.0787	0.0824	0.0806	0.0806	0.0886	0.0882	0.0886	0.0873	0.0812	0.0809	0.0819	0.0811	
0.0899	0.0891	0.0878	0.0876	0.0900	0.0891	0.0887	0.0891	0.0929	0.0878	0.0884	0.0889	0.0883	0.0886	0.0908	0.0890	0.0872	0.0884	0.0875	0.0881	0.0874	0.0902	0.0876	0.0882	0.0868	0.0878	0.0885	0.0868	0.0884	0.0887	0.0884	0.0891	0.0888	0.0861	0.0876	0.0866	0.0871	0.0884	0.0904	0.0883	0.0877	0.0882	0.0884	0.0869	0.0884	0.0875	0.0887	0.0887	0.0874	0.0875	0.0892	0.0876	0.0894	0.0903	0.0899	0.0880	0.0892	0.0875	0.0880	0.0872	0.0907	0.0926	0.0904	0.0884	
0.0892	0.0991	0.0879	0.0880	0.0884	0.0866	0.0887	0.0882	0.0928	0.0887	0.0893	0.0890	0.0888	0.0852	0.0875	0.0883	0.0873	0.0873	0.0879	0.0877	0.0854	0.0902	0.0857	0.0882	0.0869	0.0873	0.0879	0.0889	0.0910	0.0887	0.0902	0.0877	0.0861	0.0870	0.0882	0.0865	0.0841	0.0871	0.0863	0.0858	0.0887	0.0878	0.0884	0.0866	0.0865	0.0874	0.0901	0.0855	0.0877	0.0885	0.0894	0.0869	0.0866	0.0851	0.0877	0.0871	0.0881	0.0879	0.0884	0.0877	0.0875	0.0845	0.0864	0.0872	
0.0895	0.0900	0.0876	0.0875	0.0858	0.0888	0.0924	0.0838	0.0936	0.0879	0.0890	0.0883	0.0852	0.0875	0.0867	0.0874	0.0879	0.0882	0.0882	0.0883	0.0857	0.0852	0.0876	0.0849	0.0871	0.0874	0.0882	0.0872	0.0813	0.0815	0.0809	0.0849	0.0881	0.0867	0.0872	0.0855	0.0832	0.0841	0.0836	0.0821	0.0870	0.0869	0.0871	0.0864	0.0811	0.0802	0.0813	0.0803	0.0868	0.0869	0.0882	0.0865	0.0802	0.0833	0.0833	0.0807	0.0876	0.0873	0.0874	0.0867	0.0824	0.0801	0.0831	0.0802	
0.0913	0.0889	0.0883	0.0890	0.0893	0.0900	0.0893	0.0897	0.0939	0.0892	0.0900	0.0893	0.0891	0.0893	0.0890	0.0901	0.0873	0.0894	0.0877	0.0891	0.0879	0.0898	0.0891	0.0918	0.0880	0.0882	0.0895	0.0870	0.0882	0.0890	0.0888	0.0890	0.0879	0.0873	0.0869	0.0863	0.0876	0.0883	0.0891	0.0887	0.0882	0.0876	0.0872	0.0871	0.0889	0.0889	0.0888	0.0882	0.0866	0.0882	0.0901	0.0865	0.0872	0.0899	0.0886	0.0891	0.0880	0.0880	0.0884	0.0882	0.0900	0.0885	0.0910	0.0888	
0.0918	0.0881	0.0883	0.0878	0.0906	0.0900	0.0898	0.0903	0.0938	0.0889	0.0890	0.0899	0.0887	0.0895	0.0893	0.0900	0.0886	0.0877	0.0876	0.0885	0.0878	0.0909	0.0884	0.0886	0.0870	0.0886	0.0887	0.0868	0.0882	0.0901	0.0890	0.0893	0.0884	0.0871	0.0889	0.0857	0.0871	0.0885	0.0887	0.0885	0.0878	0.0879	0.0873	0.0868	0.0878	0.0882	0.0886	0.0891	0.0871	0.0867	0.0891	0.0870	0.0865	0.0903	0.0888	0.0893	0.0872	0.0876	0.0880	0.0879	0.0897	0.0884	0.0910	0.0933	
0.0921	0.0976	0.0889	0.0888	0.0914	0.0900	0.0890	0.0912	0.0959	0.0901	0.0900	0.0900	0.0890	0.0903	0.0896	0.0905	0.0888	0.0880	0.0888	0.0887	0.0884	0.0909	0.0927	0.0890	0.0872	0.0895	0.0885	0.0871	0.0882	0.0889	0.0891	0.0892	0.0868	0.0870	0.0876	0.0859	0.0876	0.0883	0.0885	0.0889	0.0876	0.0873	0.0877	0.0865	0.0880	0.0883	0.0887	0.0892	0.0872	0.0876	0.0894	0.0884	0.0877	0.0903	0.0887	0.0887	0.0883	0.0875	0.0891	0.0877	0.0897	0.0874	0.0905	0.0880	
0.0931	0.0893	0.0891	0.0890	0.0919	0.0947	0.0925	0.0905	0.0958	0.0900	0.0903	0.0897	0.0889	0.0897	0.0903	0.0993	0.0897	0.0887	0.0884	0.0886	0.0889	0.0911	0.0888	0.0887	0.0883	0.0885	0.0889	0.0885	0.0883	0.0899	0.0894	0.0893	0.0864	0.0871	0.0882	0.0856	0.0874	0.0886	0.0905	0.0884	0.0880	0.0874	0.0880	0.0870	0.0888	0.0883	0.0886	0.0903	0.0871	0.0889	0.0891	0.0872	0.0873	0.0903	0.0888	0.0935	0.0879	0.0877	0.0886	0.0871	0.0922	0.0897	0.0926	0.0905	
0.0927	0.1004	0.0900	0.0891	0.0902	0.0897	0.0896	0.0923	0.0965	0.0894	0.0903	0.0901	0.0887	0.0889	0.0891	0.0899	0.0895	0.0886	0.0882	0.0892	0.0882	0.0902	0.0881	0.0887	0.0875	0.0902	0.0893	0.0878	0.0881	0.0888	0.0883	0.0890	0.0882	0.0872	0.0890	0.0865	0.0866	0.0880	0.0883	0.0886	0.0886	0.0877	0.0886	0.0859	0.0874	0.0878	0.0882	0.0883	0.0871	0.0881	0.0889	0.0879	0.0867	0.0895	0.0878	0.0886	0.0882	0.0876	0.0874	0.0877	0.0951	0.0929	0.0951	0.0920	
0.0947	0.0983	0.0901	0.0898	0.0892	0.0892	0.0909	0.0917	0.0981	0.0931	0.0912	0.0903	0.0853	0.0858	0.0861	0.0865	0.0910	0.0895	0.0893	0.0893	0.0853	0.0873	0.0855	0.0861	0.0888	0.0893	0.0901	0.0882	0.0856	0.0862	0.0861	0.0866	0.0866	0.0877	0.0881	0.0863	0.0838	0.0856	0.0852	0.0861	0.0878	0.0891	0.0883	0.0863	0.0852	0.0850	0.0845	0.0846	0.0876	0.0875	0.0899	0.0877	0.0845	0.0869	0.0856	0.0860	0.0874	0.0877	0.0884	0.0876	0.0865	0.0846	0.0862	0.0855	
0.0965	0.0953	0.0903	0.0904	0.0915	0.0898	0.0896	0.0932	0.0990	0.0905	0.0917	0.0901	0.0899	0.0894	0.0900	0.0909	0.0914	0.0895	0.0902	0.0889	0.0884	0.0910	0.0887	0.0892	0.0900	0.0892	0.0895	0.0889	0.0883	0.0890	0.0889	0.0891	0.0863	0.0881	0.0881	0.0864	0.0868	0.0882	0.0887	0.0877	0.0879	0.0879	0.0880	0.0874	0.0887	0.0890	0.0869	0.0890	0.0874	0.0879	0.0901	0.0871	0.0891	0.0912	0.0928	0.0910	0.0881	0.0877	0.0887	0.0874	0.0907	0.0885	0.0909	0.0888	
0.0966	0.0923	0.0913	0.0894	0.0919	0.0940	0.0885	0.0896	0.1000	0.0905	0.0911	0.0911	0.0867	0.0896	0.0896	0.0897	0.0916	0.0895	0.0890	0.0895	0.0883	0.0913	0.0873	0.0865	0.0898	0.0890	0.0893	0.0882	0.0886	0.0886	0.0877	0.0885	0.0868	0.0877	0.0881	0.0863	0.0867	0.0871	0.0872	0.0908	0.0879	0.0879	0.0878	0.0864	0.0863	0.0859	0.0886	0.0877	0.0935	0.0879	0.0888	0.0870	0.0863	0.0892	0.0885	0.0891	0.0876	0.0875	0.0881	0.0873	0.0903	0.0890	0.0927	0.0913	
0.0983	0.0919	0.0914	0.0902	0.0905	0.0889	0.0886	0.0893	0.1007	0.0916	0.0922	0.0910	0.0878	0.0879	0.0898	0.0912	0.0924	0.0900	0.0895	0.0898	0.0875	0.0907	0.0859	0.0868	0.0904	0.0901	0.0895	0.0884	0.0869	0.0893	0.0873	0.0878	0.0872	0.0884	0.0887	0.0861	0.0815	0.0871	0.0860	0.0870	0.0890	0.0889	0.0873	0.0869	0.0864	0.0857	0.0847	0.0889	0.0871	0.0876	0.0897	0.0871	0.0843	0.0876	0.0857	0.0856	0.0888	0.0872	0.0879	0.0873	0.0834	0.0842	0.0876	0.0847	
0.0988	0.0920	0.0928	0.0897	0.0892	0.0883	0.0884	0.0884	0.1019	0.0915	0.0923	0.0920	0.0833	0.0833	0.0849	0.0843	0.0943	0.0897	0.0896	0.0900	0.0824	0.0840	0.0830	0.0826	0.0924	0.0904	0.0899	0.0926	0.0825	0.0828	0.0823	0.0849	0.0865	0.0887	0.0882	0.0862	0.0812	0.0814	0.0819	0.0826	0.0875	0.0881	0.0874	0.0865	0.0804	0.0808	0.0806	0.0812	0.0866	0.0872	0.0889	0.0868	0.0801	0.0826	0.0806	0.0823	0.0877	0.0873	0.0900	0.0873	0.0819	0.0797	0.0827	0.0816	
0.1013	0.1012	0.0923	0.0903	0.0909	0.0907	0.0895	0.0908	0.1041	0.0916	0.0929	0.0920	0.0899	0.0899	0.0896	0.0895	0.0936	0.0909	0.0925	0.0909	0.0892	0.0913	0.0916	0.0892	0.0926	0.0905	0.0893	0.0886	0.0893	0.0906	0.0894	0.0902	0.0867	0.0883	0.0881	0.0856	0.0879	0.0889	0.0892	0.0892	0.0876	0.0874	0.0876	0.0855	0.0873	0.0885	0.0904	0.0886	0.0894	0.0877	0.0891	0.0866	0.0871	0.0909	0.0888	0.0889	0.0878	0.0870	0.0877	0.0872	0.0889	0.0884	0.0898	0.0880	
0.1025	0.0939	0.0931	0.0906	0.0884	0.0880	0.0881	0.0909	0.1055	0.0923	0.0934	0.0921	0.0849	0.0846	0.0841	0.0885	0.0956	0.0910	0.0904	0.0905	0.0842	0.0897	0.0845	0.0864	0.0919	0.0906	0.0902	0.0886	0.0855	0.0849	0.0844	0.0850	0.0868	0.0887	0.0882	0.0866	0.0820	0.0849	0.0839	0.0835	0.0874	0.0884	0.0878	0.0863	0.0847	0.0834	0.0849	0.0847	0.0870	0.0878	0.0901	0.0868	0.0845	0.0857	0.0836	0.0854	0.0877	0.0880	0.0880	0.0874	0.0859	0.0836	0.0884	0.0854	
0.1055	0.1017	0.0950	0.0908	0.0951	0.0909	0.0898	0.0906	0.1082	0.0934	0.0940	0.0922	0.0904	0.0909	0.0896	0.0901	0.0969	0.0913	0.0905	0.0907	0.0890	0.0902	0.0932	0.0895	0.0936	0.0905	0.0899	0.0889	0.0898	0.0875	0.0886	0.0872	0.0877	0.0880	0.0876	0.0864	0.0900	0.0888	0.0885	0.0888	0.0880	0.0875	0.0873	0.0865	0.0897	0.0895	0.0897	0.0882	0.0879	0.0873	0.0891	0.0874	0.0874	0.0898	0.0927	0.0892	0.0881	0.0876	0.0884	0.0872	0.0923	0.0897	0.0918	0.0895	
0.1081	0.1040	0.0956	0.0908	0.0914	0.0899	0.0885	0.0908	0.1094	0.0948	0.0948	0.0924	0.0871	0.0878	0.0882	0.0865	0.0976	0.0930	0.0910	0.0916	0.0882	0.0902	0.0880	0.0874	0.0943	0.0916	0.0911	0.0894	0.0872	0.0868	0.0877	0.0870	0.0879	0.0886	0.0889	0.0864	0.0841	0.0879	0.0863	0.0840	0.0878	0.0879	0.0885	0.0862	0.0863	0.0870	0.0881	0.0896	0.0868	0.0877	0.0891	0.0863	0.0869	0.0892	0.0884	0.0886	0.0877	0.0877	0.0885	0.0881	0.0829	0.0832	0.0857	0.0835	
0.1103	0.1078	0.0966	0.0911	0.1014	0.0930	0.0899	0.0935	0.1130	0.0947	0.0954	0.0931	0.0874	0.0867	0.0891	0.0881	0.0995	0.0934	0.0919	0.0915	0.0864	0.0885	0.0860	0.0867	0.0952	0.0922	0.0903	0.0890	0.0894	0.0871	0.0874	0.0872	0.0883	0.0891	0.0880	0.0863	0.0855	0.0858	0.0866	0.0862	0.0881	0.0871	0.0874	0.0868	0.0851	0.0843	0.0839	0.0844	0.0878	0.0874	0.0889	0.0855	0.0838	0.0859	0.0850	0.0848	0.0866	0.0877	0.0872	0.0877	0.0860	0.0846	0.0857	0.0852	
0.1141	0.0987	0.0978	0.0916	0.0914	0.0961	0.0918	0.0866	0.1159	0.0956	0.0967	0.0938	0.0934	0.0855	0.0838	0.0858	0.1030	0.0946	0.0920	0.0925	0.0859	0.0882	0.0835	0.0839	0.0974	0.0926	0.0916	0.0891	0.0849	0.0858	0.0839	0.0849	0.0888	0.0891	0.0886	0.0867	0.0821	0.0831	0.0833	0.0835	0.0880	0.0880	0.0879	0.0877	0.0827	0.0819	0.0849	0.0828	0.0870	0.0873	0.0892	0.0872	0.0813	0.0842	0.0822	0.0826	0.0880	0.0877	0.0878	0.0870	0.0840	0.0818	0.0842	0.0832	
0.1177	0.1003	0.0984	0.0919	0.0926	0.0923	0.0927	0.0955	0.1187	0.0972	0.0975	0.0941	0.0895	0.0918	0.0941	0.1020	0.1045	0.0954	0.0929	0.0927	0.0925	0.0942	0.0885	0.0892	0.0971	0.0924	0.0911	0.0924	0.0892	0.0889	0.0929	0.0937	0.0901	0.0900	0.0886	0.0864	0.0878	0.0908	0.0881	0.0880	0.0868	0.0877	0.0881	0.0867	0.0879	0.0864	0.0870	0.0870	0.0869	0.0872	0.0896	0.0868	0.0855	0.0887	0.0872	0.0884	0.0883	0.0868	0.0881	0.0875	0.0889	0.0861	0.0891	0.0868	
0.1230	0.1032	0.1013	0.0923	0.0855	0.0886	0.0902	0.0878	0.1237	0.0997	0.0991	0.0960	0.0869	0.0904	0.0881	0.0855	0.1079	0.0958	0.0946	0.0942	0.0899	0.0902	0.0842	0.0868	0.1001	0.0931	0.0922	0.0907	0.0859	0.0881	0.0889	0.0878	0.0888	0.0898	0.0895	0.0877	0.0879	0.0842	0.0865	0.0873	0.0889	0.0885	0.0889	0.0873	0.0838	0.0855	0.0861	0.0871	0.0880	0.0879	0.0897	0.0870	0.0853	0.0856	0.0844	0.0849	0.0882	0.0880	0.0892	0.0878	0.0859	0.0817	0.0896	0.0822	
0.1273	0.1088	0.1020	0.0927	0.0901	0.0906	0.0858	0.0887	0.1285	0.1000	0.1001	0.0955	0.0889	0.0911	0.0888	0.0875	0.1100	0.0972	0.0947	0.0937	0.0880	0.0915	0.0886	0.0871	0.1016	0.0930	0.0920	0.0909	0.0885	0.0900	0.0871	0.0899	0.0894	0.0899	0.0890	0.0871	0.0891	0.0847	0.0875	0.0898	0.0885	0.0880	0.0876	0.0868	0.0860	0.0874	0.0858	0.0856	0.0878	0.0879	0.0900	0.0867	0.0858	0.0917	0.0883	0.0915	0.0871	0.0877	0.0879	0.0862	0.0848	0.0853	0.0867	0.0846	
0.1319	0.1058	0.1040	0.0940	0.0949	0.0927	0.0885	0.0887	0.1335	0.1015	0.1023	0.0968	0.0923	0.0949	0.0920	0.0912	0.1138	0.1002	0.0958	0.0947	0.0904	0.0936	0.0900	0.0939	0.1039	0.0943	0.0934	0.0921	0.0918	0.0917	0.0909	0.0901	0.0928	0.0905	0.0890	0.0869	0.0910	0.0919	0.0915	0.0887	0.0898	0.0884	0.0892	0.0868	0.0867	0.0909	0.0859	0.0896	0.0874	0.0871	0.0889	0.0870	0.0915	0.0905	0.0900	0.0899	0.0885	0.0873	0.0886	0.0876	0.0896	0.0900	0.0890	0.0904	
0.1395	0.1082	0.1061	0.0937	0.0923	0.0907	0.0907	0.0878	0.1394	0.1039	0.1040	0.0983	0.0916	0.0894	0.0914	0.0918	0.1181	0.1010	0.0977	0.0956	0.0944	0.0930	0.0904	0.0901	0.1066	0.0962	0.0937	0.0907	0.0931	0.0870	0.0897	0.0864	0.0919	0.0903	0.0889	0.0870	0.0884	0.0906	0.0878	0.0878	0.0887	0.0887	0.0887	0.0878	0.0864	0.0904	0.0865	0.0860	0.0878	0.0876	0.0894	0.0880	0.0842	0.0915	0.0865	0.0858	0.0878	0.0875	0.0887	0.0883	0.0860	0.0871	0.0881	0.0849	
0.1473	0.1109	0.1081	0.0948	0.0902	0.0882	0.0855	0.0905	0.1471	0.1070	0.1055	0.0987	0.0876	0.0870	0.0871	0.0858	0.1221	0.1026	0.0986	0.0968	0.0910	0.0881	0.0896	0.0871	0.1098	0.0961	0.0940	0.0916	0.0880	0.0890	0.0889	0.0915	0.0896	0.0903	0.0891	0.0874	0.0877	0.0867	0.0860	0.0892	0.0884	0.0883	0.0881	0.0866	0.0860	0.0855	0.0873	0.0869	0.0870	0.0870	0.0889	0.0872	0.0841	0.0864	0.0857	0.0852	0.0873	0.0873	0.0888	0.0870	0.0873	0.0841	0.0864	0.0895	
0.1569	0.1229	0.1111	0.0963	0.0895	0.0907	0.0904	0.0862	0.1530	0.1102	0.1083	0.1006	0.0896	0.0885	0.0906	0.0858	0.1296	0.1060	0.1010	0.0988	0.0910	0.0905	0.0854	0.0860	0.1144	0.0986	0.0959	0.0961	0.0882	0.0866	0.0873	0.0883	0.0939	0.0916	0.0899	0.0873	0.0862	0.0873	0.0879	0.0872	0.0899	0.0888	0.0882	0.0872	0.0851	0.0835	0.0865	0.0857	0.0872	0.0879	0.0890	0.0862	0.0854	0.0864	0.0855	0.0870	0.0878	0.0871	0.0881	0.0877	0.0879	0.0846	0.0870	0.0894	
0.1637	0.1182	0.1141	0.0968	0.0959	0.0966	0.0933	0.0928	0.1600	0.1139	0.1111	0.1013	0.0966	0.0943	0.0917	0.0927	0.1356	0.1081	0.1029	0.0994	0.0945	0.0958	0.0918	0.0925	0.1167	0.0993	0.0958	0.0930	0.0928	0.0911	0.0906	0.0909	0.0932	0.0918	0.0895	0.0867	0.0878	0.0901	0.0875	0.0896	0.0909	0.0885	0.0879	0.0865	0.0869	0.0845	0.0851	0.0901	0.0870	0.0872	0.0890	0.0862	0.0852	0.0872	0.0895	0.0873	0.0875	0.0870	0.0877	0.0868	0.0873	0.0854	0.0877	0.0852	
0.1771	0.1236	0.1182	0.0984	0.0947	0.0978	0.0908	0.0945	0.1724	0.1178	0.1159	0.1033	0.0978	0.0931	0.0938	0.0906	0.1461	0.1120	0.1056	0.1015	0.0953	0.0971	0.0931	0.0928	0.1238	0.1015	0.0977	0.0936	0.0940	0.0913	0.0928	0.0915	0.0916	0.0926	0.0901	0.0870	0.0913	0.0892	0.0921	0.0927	0.0900	0.0888	0.0879	0.0863	0.0903	0.0892	0.0864	0.0883	0.0869	0.0873	0.0893	0.0864	0.0870	0.0899	0.0891	0.0879	0.0878	0.0882	0.0880	0.0870	0.0871	0.0866	0.0887	0.0886	
0.1889	0.1393	0.1226	0.1011	0.0920	0.0933	0.0914	0.0935	0.1861	0.1234	0.1197	0.1058	0.0958	0.0921	0.0910	0.0913	0.1520	0.1162	0.1085	0.1033	0.0946	0.0929	0.0880	0.0903	0.1298	0.1030	0.0998	0.0934	0.0930	0.0896	0.0911	0.0912	0.0955	0.0935	0.0893	0.0874	0.0873	0.0887	0.0889	0.0906	0.0891	0.0894	0.0886	0.0866	0.0881	0.0907	0.0882	0.0870	0.0869	0.0874	0.0888	0.0867	0.0847	0.0891	0.0910	0.0876	0.0880	0.0867	0.0873	0.0875	0.0862	0.0861	0.0878	0.0867	
0.2025	0.1450	0.1273	0.1021	0.0917	0.0933	0.0911	0.0908	0.1974	0.1283	0.1249	0.1085	0.0952	0.0930	0.0901	0.0902	0.1638	0.1225	0.1128	0.1072	0.0944	0.0942	0.0896	0.0903	0.1347	0.1067	0.1013	0.0954	0.0917	0.0900	0.0901	0.0896	0.0944	0.0944	0.0899	0.0875	0.0874	0.0887	0.0885	0.0890	0.0898	0.0899	0.0882	0.0873	0.0865	0.0876	0.0885	0.0870	0.0872	0.0874	0.0896	0.0873	0.0854	0.0889	0.0871	0.0860	0.0873	0.0868	0.0881	0.0866	0.0889	0.0860	0.0877	0.0870	
0.2183	0.1536	0.1327	0.1050	0.0953	0.0975	0.0947	0.0921	0.2103	0.1383	0.1314	0.1119	0.0995	0.0979	0.0943	0.0923	0.1747	0.1282	0.1174	0.1094	0.0979	0.1010	0.0976	0.0957	0.1433	0.1100	0.1034	0.0979	0.0946	0.0937	0.0929	0.0917	0.0947	0.0942	0.0903	0.0883	0.0887	0.0922	0.0942	0.0976	0.0900	0.0891	0.0880	0.0869	0.0918	0.0898	0.0939	0.0925	0.0869	0.0874	0.0891	0.0867	0.0924	0.0943	0.0917	0.0896	0.0881	0.0874	0.0880	0.0875	0.0905	0.0891	0.0928	0.0906	
0.2355	0.1529	0.1394	0.1082	0.0976	0.0984	0.0945	0.0931	0.2252	0.1462	0.1376	0.1153	0.0994	0.0953	0.0961	0.0911	0.1871	0.1355	0.1227	0.1133	0.0972	0.0955	0.0909	0.0896	0.1517	0.1135	0.1057	0.0976	0.0927	0.0908	0.0904	0.0896	0.0977	0.0951	0.0910	0.0881	0.0874	0.0888	0.0890	0.0885	0.0910	0.0887	0.0884	0.0873	0.0865	0.0870	0.0873	0.0868	0.0866	0.0870	0.0895	0.0865	0.0860	0.0892	0.0868	0.0877	0.0876	0.0870	0.0879	0.0870	0.0872	0.0858	0.0888	0.0869	
0.2538	0.1659	0.1485	0.1113	0.0948	0.0982	0.0965	0.0928	0.2438	0.1578	0.1474	0.1196	0.1001	0.0961	0.0928	0.0895	0.2023	0.1423	0.1293	0.1176	0.1035	0.0959	0.0927	0.0924	0.1593	0.1184	0.1086	0.1001	0.0935	0.0931	0.0897	0.0891	0.0974	0.0956	0.0903	0.0879	0.0963	0.0871	0.0874	0.0882	0.0908	0.0887	0.0882	0.0872	0.0870	0.0876	0.0908	0.0907	0.0867	0.0878	0.0901	0.0868	0.0947	0.0934	0.0883	0.0901	0.0877	0.0874	0.0876	0.0874	0.0912	0.0904	0.0922	0.0886	
0.2775	0.1733	0.1586	0.1169	0.1043	0.0954	0.0969	0.0931	0.2659	0.1689	0.1578	0.1250	0.1032	0.0979	0.0930	0.0923	0.2174	0.1535	0.1359	0.1236	0.1002	0.0990	0.0889	0.0922	0.1709	0.1235	0.1126	0.1026	0.0952	0.0933	0.0928	0.0905	0.0994	0.0973	0.0908	0.0875	0.0946	0.0899	0.0926	0.0906	0.0918	0.0888	0.0887	0.0870	0.0872	0.0850	0.0876	0.0867	0.0871	0.0868	0.0892	0.0866	0.0887	0.0874	0.0899	0.0887	0.0880	0.0871	0.0877	0.0874	0.0878	0.0862	0.0900	0.0861	
0.2979	0.1889	0.1707	0.1211	0.0952	0.0956	0.0935	0.0917	0.2855	0.1843	0.1709	0.1319	0.1026	0.0969	0.0932	0.0900	0.2364	0.1636	0.1471	0.1301	0.1018	0.0977	0.0933	0.0886	0.1863	0.1307	0.1172	0.1052	0.0947	0.0894	0.0877	0.0884	0.1024	0.0993	0.0906	0.0881	0.0833	0.0873	0.0863	0.0886	0.0912	0.0887	0.0890	0.0865	0.0856	0.0860	0.0865	0.0864	0.0877	0.0873	0.0889	0.0872	0.0827	0.0855	0.0875	0.0861	0.0872	0.0867	0.0876	0.0872	0.0851	0.0842	0.0836	0.0818	
0.3220	0.2115	0.1857	0.1288	0.1025	0.1031	0.0980	0.0984	0.3061	0.1978	0.1875	0.1411	0.1104	0.1012	0.1018	0.0956	0.2548	0.1757	0.1592	0.1372	0.1116	0.1044	0.0995	0.0935	0.1992	0.1385	0.1240	0.1088	0.1007	0.0957	0.0987	0.0978	0.1073	0.1018	0.0919	0.0874	0.0941	0.0952	0.0929	0.0922	0.0918	0.0892	0.0882	0.0870	0.0928	0.0895	0.0928	0.0927	0.0925	0.0868	0.0891	0.0865	0.0903	0.0966	0.0887	0.0919	0.0869	0.0873	0.0876	0.0872	0.0919	0.0894	0.0894	0.0957	
0.3517	0.2191	0.2012	0.1382	0.0958	0.0987	0.0915	0.0890	0.3334	0.2160	0.2031	0.1505	0.1060	0.0961	0.0893	0.0895	0.2792	0.1916	0.1716	0.1463	0.1049	0.0985	0.0916	0.0877	0.2148	0.1463	0.1300	0.1134	0.1002	0.0942	0.0890	0.0909	0.1069	0.1042	0.0910	0.0879	0.0840	0.0877	0.0830	0.0854	0.0927	0.0892	0.0884	0.0865	0.0847	0.0815	0.0826	0.0862	0.0902	0.0866	0.0894	0.0887	0.0838	0.0866	0.0850	0.0821	0.0871	0.0869	0.0875	0.0865	0.0875	0.0839	0.0846	0.0827	
0.3769	0.2466	0.2209	0.1506	0.1003	0.0998	0.0960	0.0893	0.3665	0.2366	0.2222	0.1656	0.1098	0.0980	0.0936	0.0844	0.2988	0.2057	0.1862	0.1604	0.1119	0.1043	0.0921	0.0900	0.2316	0.1565	0.1405	0.1183	0.0939	0.0918	0.0887	0.0933	0.1140	0.1066	0.0924	0.0880	0.0827	0.0883	0.0862	0.0862	0.0945	0.0895	0.0885	0.0869	0.0801	0.0841	0.0871	0.0849	0.0879	0.0876	0.0899	0.0866	0.0811	0.0828	0.0824	0.0823	0.0878	0.0877	0.0881	0.0872	0.0830	0.0845	0.0808	0.0835	
0.4013	0.2620	0.2442	0.1655	0.1066	0.1038	0.0944	0.0910	0.3889	0.2576	0.2457	0.1835	0.1167	0.0999	0.0944	0.0894	0.3254	0.2212	0.2035	0.1748	0.1163	0.1063	0.0955	0.0926	0.2505	0.1685	0.1499	0.1250	0.1019	0.0969	0.0948	0.0882	0.1153	0.1109	0.0936	0.0883	0.0857	0.0862	0.0898	0.0885	0.0959	0.0900	0.0886	0.0868	0.0837	0.0831	0.0870	0.0878	0.0900	0.0879	0.0897	0.0864	0.0832	0.0874	0.0854	0.0843	0.0878	0.0875	0.0876	0.0869	0.0838	0.0855	0.0871	0.0830	
0.4307	0.2863	0.2680	0.1857	0.1134	0.1071	0.1017	0.0920	0.4136	0.2825	0.2709	0.2011	0.1251	0.1094	0.0982	0.0901	0.3501	0.2401	0.2238	0.1939	0.1259	0.1089	0.0945	0.0946	0.2750	0.1829	0.1610	0.1321	0.1063	0.0969	0.0965	0.0892	0.1207	0.1156	0.0935	0.0890	0.0899	0.0885	0.0881	0.0867	0.0968	0.0905	0.0893	0.0871	0.0860	0.0899	0.0895	0.0852	0.0877	0.0877	0.0896	0.0866	0.0832	0.0908	0.0869	0.0873	0.0879	0.0876	0.0889	0.0874	0.0879	0.0859	0.0892	0.0870	
0.4574	0.3110	0.2959	0.2122	0.1178	0.1116	0.1014	0.0928	0.4399	0.3002	0.2999	0.2235	0.1332	0.1142	0.1014	0.0951	0.3811	0.2594	0.2437	0.2124	0.1335	0.1167	0.1022	0.0977	0.2959	0.1955	0.1745	0.1408	0.1082	0.0986	0.0941	0.0948	0.1253	0.1190	0.0945	0.0893	0.0912	0.0873	0.0877	0.0892	0.0986	0.0915	0.0889	0.0876	0.0847	0.0840	0.0845	0.0842	0.0940	0.0874	0.0894	0.0865	0.0834	0.0859	0.0842	0.0841	0.0875	0.0872	0.0876	0.0868	0.0848	0.0835	0.0860	0.0869	
0.4842	0.3419	0.3205	0.2419	0.1276	0.1202	0.1050	0.0971	0.4729	0.3248	0.3285	0.2500	0.1440	0.1204	0.1071	0.1018	0.4118	0.2762	0.2671	0.2319	0.1480	0.1236	0.1081	0.1005	0.3196	0.2120	0.1886	0.1537	0.1152	0.1045	0.0979	0.0962	0.1317	0.1243	0.0957	0.0889	0.0958	0.0944	0.0915	0.0942	0.0992	0.0908	0.0889	0.0869	0.0895	0.0919	0.0880	0.0911	0.0875	0.0878	0.0898	0.0874	0.0895	0.0929	0.0918	0.0922	0.0879	0.0868	0.0875	0.0872	0.0898	0.0866	0.0916	0.0880	
0.5137	0.3635	0.3507	0.2723	0.1322	0.1216	0.1031	0.0967	0.5012	0.3559	0.3589	0.2788	0.1477	0.1180	0.1033	0.0915	0.4320	0.2988	0.2927	0.2551	0.1498	0.1185	0.0975	0.0899	0.3437	0.2279	0.2071	0.1663	0.1154	0.1041	0.0948	0.0927	0.1388	0.1298	0.0977	0.0892	0.0869	0.0896	0.0862	0.0865	0.1011	0.0913	0.0889	0.0876	0.0829	0.0816	0.0864	0.0853	0.0877	0.0879	0.0902	0.0880	0.0836	0.0858	0.0865	0.0850	0.0875	0.0875	0.0881	0.0877	0.0817	0.0806	0.0851	0.0808	
0.5406	0.3873	0.3811	0.3015	0.1391	0.1318	0.1111	0.0972	0.5268	0.3816	0.3854	0.3057	0.1690	0.1324	0.1087	0.0972	0.4665	0.3188	0.3175	0.2831	0.1665	0.1336	0.1069	0.0994	0.3700	0.2468	0.2223	0.1837	0.1283	0.1110	0.0990	0.0949	0.1478	0.1394	0.0996	0.0905	0.0937	0.0890	0.0909	0.0894	0.1036	0.0922	0.0897	0.0888	0.0858	0.0849	0.0848	0.0887	0.0885	0.0881	0.0898	0.0872	0.0875	0.0901	0.0850	0.0868	0.0880	0.0878	0.0885	0.0873	0.0875	0.0833	0.0839	0.0874	
0.5612	0.4102	0.4123	0.3298	0.1624	0.1425	0.1126	0.0971	0.5568	0.4086	0.4151	0.3384	0.1850	0.1364	0.1069	0.0952	0.4978	0.3437	0.3435	0.3088	0.1798	0.1420	0.1057	0.0994	0.3956	0.2638	0.2449	0.2025	0.1339	0.1140	0.1001	0.0964	0.1556	0.1489	0.1007	0.0908	0.0946	0.0884	0.0898	0.0883	0.1080	0.0933	0.0888	0.0875	0.0838	0.0831	0.0838	0.0837	0.0882	0.0876	0.0896	0.0865	0.0825	0.0843	0.0839	0.0862	0.0883	0.0873	0.0881	0.0877	0.0867	0.0815	0.0894	0.0934	
0.5808	0.4394	0.4413	0.3633	0.1771	0.1529	0.1133	0.0978	0.5803	0.4375	0.4489	0.3643	0.2058	0.1496	0.1154	0.0960	0.5218	0.3655	0.3740	0.3396	0.1991	0.1547	0.1113	0.1010	0.4310	0.2837	0.2703	0.2219	0.1451	0.1233	0.1059	0.0985	0.1716	0.1574	0.1042	0.0919	0.0981	0.0910	0.0903	0.0944	0.1109	0.0935	0.0896	0.0881	0.0888	0.0865	0.0883	0.0885	0.0874	0.0880	0.0894	0.0867	0.0891	0.0917	0.0911	0.0877	0.0878	0.0874	0.0879	0.0874	0.0916	0.0866	0.0896	0.0840	
0.6054	0.4629	0.4759	0.3951	0.1981	0.1670	0.1211	0.0942	0.6045	0.4587	0.4769	0.3990	0.2305	0.1692	0.1212	0.0996	0.5458	0.3862	0.3964	0.3653	0.2106	0.1679	0.1187	0.1019	0.4522	0.3057	0.2901	0.2541	0.1550	0.1287	0.1112	0.0971	0.1806	0.1661	0.1078	0.0936	0.0954	0.0905	0.0899	0.0922	0.1141	0.0951	0.0896	0.0874	0.0892	0.0893	0.0865	0.0899	0.0872	0.0871	0.0892	0.0873	0.0877	0.0900	0.0868	0.0874	0.0885	0.0880	0.0883	0.0874	0.0869	0.0845	0.0901	0.0864	
0.6269	0.4900	0.5033	0.4272	0.2261	0.1892	0.1287	0.1039	0.6317	0.4833	0.5075	0.4301	0.2594	0.1911	0.1345	0.1005	0.5698	0.4132	0.4258	0.3961	0.2464	0.1885	0.1308	0.1092	0.4804	0.3283	0.3177	0.2692	0.1770	0.1448	0.1160	0.1032	0.1920	0.1794	0.1107	0.0954	0.1027	0.0948	0.0940	0.0950	0.1171	0.0953	0.0898	0.0880	0.0925	0.0901	0.0913	0.0886	0.0878	0.0886	0.0894	0.0878	0.0858	0.0901	0.0887	0.0888	0.0873	0.0879	0.0879	0.0871	0.0930	0.0882	0.0906	0.0893	
0.6630	0.5137	0.5295	0.4619	0.2565	0.2100	0.1356	0.1030	0.6561	0.5139	0.5325	0.4614	0.2902	0.2103	0.1448	0.1021	0.5914	0.4398	0.4479	0.4257	0.2678	0.2086	0.1367	0.1117	0.5167	0.3483	0.3373	0.2945	0.1888	0.1547	0.1216	0.1053	0.2050	0.1912	0.1143	0.0976	0.1016	0.0942	0.0940	0.0950	0.1235	0.0963	0.0911	0.0874	0.0900	0.0893	0.0896	0.0895	0.0880	0.0875	0.0901	0.0870	0.0883	0.0907	0.0895	0.0892	0.0876	0.0874	0.0881	0.0872	0.0892	0.0883	0.0903	0.0886	
0.6818	0.5327	0.5541	0.4918	0.2876	0.2390	0.1424	0.1045	0.6853	0.5380	0.5586	0.4939	0.3178	0.2376	0.1535	0.1023	0.6146	0.4657	0.4841	0.4529	0.2971	0.2314	0.1488	0.1149	0.5392	0.3800	0.3695	0.3257	0.2078	0.1686	0.1265	0.1073	0.2229	0.2037	0.1203	0.0981	0.1042	0.0937	0.0931	0.0946	0.1290	0.0985	0.0900	0.0875	0.0881	0.0882	0.0873	0.0874	0.0876	0.0873	0.0893	0.0867	0.0870	0.0901	0.0874	0.0867	0.0878	0.0875	0.0867	0.0870	0.0887	0.0860	0.0895	0.0889	
0.7050	0.5542	0.5806	0.5221	0.3197	0.2710	0.1568	0.1075	0.7095	0.5630	0.5785	0.5188	0.3499	0.2671	0.1727	0.1050	0.6480	0.4878	0.4986	0.4860	0.3246	0.2579	0.1626	0.1244	0.5698	0.4111	0.3994	0.3543	0.2325	0.1854	0.1369	0.1138	0.2388	0.2198	0.1251	0.1016	0.1081	0.0965	0.0960	0.0972	0.1378	0.0995	0.0900	0.0879	0.0909	0.0893	0.0898	0.0897	0.0885	0.0879	0.0892	0.0862	0.0881	0.0912	0.0897	0.0894	0.0881	0.0872	0.0876	0.0873	0.0927	0.0883	0.0911	0.0896	
0.7168	0.5836	0.6019	0.5504	0.3531	0.3046	0.1756	0.1096	0.7240	0.5851	0.6035	0.5511	0.3775	0.2954	0.1916	0.1062	0.6736	0.5172	0.5310	0.5121	0.3532	0.2833	0.1805	0.1316	0.5914	0.4361	0.4287	0.3865	0.2519	0.2030	0.1477	0.1186	0.2601	0.2378	0.1343	0.1041	0.1098	0.0977	0.0960	0.0969	0.1448	0.1025	0.0917	0.0887	0.0888	0.0913	0.0881	0.0886	0.0896	0.0884	0.0894	0.0867	0.0876	0.0892	0.0897	0.0872	0.0885	0.0874	0.0883	0.0891	0.0894	0.0873	0.0901	0.0879	
0.7276	0.6063	0.6209	0.5717	0.3870	0.3411	0.2008	0.1185	0.7369	0.6065	0.6203	0.5735	0.4101	0.3311	0.2232	0.1146	0.6878	0.5385	0.5453	0.5378	0.3839	0.3139	0.2100	0.1459	0.6092	0.4560	0.4530	0.4097	0.2871	0.2304	0.1682	0.1273	0.2789	0.2477	0.1421	0.1079	0.1196	0.1032	0.1015	0.1037	0.1527	0.1047	0.0902	0.0871	0.0927	0.0926	0.0947	0.0925	0.0887	0.0866	0.0895	0.0874	0.0903	0.0933	0.0918	0.0912	0.0876	0.0871	0.0881	0.0876	0.0938	0.0892	0.0933	0.0913	
0.7196	0.6279	0.6409	0.5975	0.4150	0.3756	0.2306	0.1220	0.7423	0.6305	0.6396	0.5965	0.4373	0.3541	0.2455	0.1168	0.7039	0.5558	0.5547	0.5499	0.4067	0.3389	0.2282	0.1620	0.6394	0.4847	0.4712	0.4322	0.3109	0.2527	0.1761	0.1364	0.2988	0.2756	0.1487	0.1122	0.1216	0.1016	0.0996	0.1034	0.1612	0.1063	0.0909	0.0878	0.0902	0.0924	0.0909	0.0903	0.0901	0.0880	0.0898	0.0867	0.0881	0.0910	0.0883	0.0890	0.0875	0.0871	0.0882	0.0877	0.0919	0.0911	0.0906	0.0898	
0.7307	0.6475	0.6597	0.6170	0.4485	0.4096	0.2560	0.1359	0.7538	0.6546	0.6583	0.6212	0.4710	0.3975	0.2745	0.1193	0.7085	0.5766	0.5721	0.5728	0.4392	0.3739	0.2563	0.1753	0.6637	0.5040	0.4938	0.4584	0.3387	0.2720	0.1974	0.1492	0.3197	0.2908	0.1584	0.1182	0.1269	0.1066	0.1027	0.1032	0.1744	0.1095	0.0915	0.0876	0.0913	0.0914	0.0915	0.0904	0.0883	0.0882	0.0895	0.0884	0.0880	0.0930	0.0909	0.0893	0.0877	0.0874	0.0878	0.0876	0.0907	0.0871	0.0933	0.0901	
0.7371	0.6615	0.6803	0.6427	0.4769	0.4383	0.2893	0.1364	0.7583	0.6781	0.6745	0.6429	0.4984	0.4222	0.3070	0.1227	0.7156	0.6047	0.6005	0.6058	0.4679	0.3991	0.2820	0.1954	0.6905	0.5407	0.5294	0.5023	0.3591	0.2915	0.2103	0.1545	0.3485	0.3216	0.1713	0.1247	0.1313	0.1055	0.0974	0.1036	0.1870	0.1135	0.0921	0.0882	0.0860	0.0841	0.0869	0.0869	0.0886	0.0880	0.0899	0.0876	0.0822	0.0870	0.0859	0.0861	0.0872	0.0872	0.0877	0.0873	0.0863	0.0849	0.0865	0.0871	
0.7368	0.6676	0.6900	0.6608	0.4987	0.4707	0.3273	0.1464	0.7494	0.6855	0.6843	0.6538	0.5234	0.4510	0.3372	0.1286	0.7241	0.6168	0.5977	0.6175	0.4932	0.4305	0.3120	0.2218	0.7124	0.5568	0.5356	0.5129	0.3825	0.3123	0.2327	0.1740	0.3671	0.3426	0.1849	0.1322	0.1362	0.1050	0.0941	0.1035	0.2003	0.1175	0.0937	0.0885	0.0828	0.0806	0.0816	0.0812	0.0885	0.0878	0.0892	0.0864	0.0815	0.0862	0.0842	0.0833	0.0879	0.0874	0.0880	0.0876	0.0871	0.0823	0.0860	0.0838	
0.7395	0.6710	0.6950	0.6794	0.5347	0.5007	0.3730	0.1559	0.7574	0.6901	0.6886	0.6810	0.5496	0.4817	0.3788	0.1421	0.7226	0.6365	0.6188	0.6351	0.5244	0.4615	0.3423	0.2553	0.7256	0.5937	0.5586	0.5437	0.4189	0.3494	0.2641	0.1998	0.3944	0.3659	0.1951	0.1403	0.1543	0.1150	0.1095	0.1154	0.2173	0.1220	0.0944	0.0894	0.0922	0.0876	0.0885	0.0915	0.0883	0.0874	0.0898	0.0872	0.0903	0.0920	0.0900	0.0896	0.0883	0.0873	0.0879	0.0872	0.0897	0.0875	0.0917	0.0891	
0.7390	0.6798	0.7003	0.6901	0.5543	0.5355	0.3959	0.2608	0.7618	0.6882	0.6831	0.6940	0.5665	0.5061	0.4039	0.1558	0.7251	0.6480	0.6344	0.6517	0.5494	0.4913	0.3719	0.2815	0.7224	0.6213	0.5882	0.5632	0.4328	0.3747	0.2898	0.2163	0.4258	0.4033	0.2129	0.1476	0.1589	0.1185	0.1074	0.1208	0.2340	0.1293	0.0954	0.0890	0.0887	0.0848	0.0887	0.0873	0.0895	0.0883	0.0896	0.0871	0.0849	0.0879	0.0866	0.0881	0.0876	0.0876	0.0876	0.0881	0.0828	0.0843	0.0861	0.0840	
0.7405	0.6795	0.6964	0.6936	0.5744	0.5554	0.4242	0.1820	0.7654	0.6984	0.6820	0.6889	0.5865	0.5357	0.4383	0.1707	0.7248	0.6607	0.6352	0.6425	0.5703	0.5126	0.3993	0.3063	0.7390	0.6376	0.5980	0.5806	0.4696	0.4111	0.3138	0.2480	0.4487	0.4319	0.2312	0.1603	0.1746	0.1249	0.1150	0.1269	0.2486	0.1347	0.0977	0.0892	0.0865	0.0874	0.0834	0.0838	0.0892	0.0877	0.0896	0.0883	0.0852	0.0876	0.0848	0.0830	0.0881	0.0873	0.0883	0.0880	0.0893	0.0855	0.0869	0.0889	
0.7409	0.6795	0.6987	0.6968	0.5955	0.5750	0.4603	0.2018	0.7657	0.6960	0.6880	0.6947	0.6162	0.5606	0.4665	0.2022	0.7314	0.6411	0.6280	0.6595	0.5870	0.5417	0.4285	0.3390	0.7358	0.6658	0.6282	0.5966	0.4941	0.4411	0.3440	0.2641	0.4761	0.4495	0.2502	0.1687	0.1902	0.1303	0.1200	0.1373	0.2718	0.1420	0.0989	0.0902	0.0865	0.0878	0.0850	0.0880	0.0895	0.0878	0.0894	0.0874	0.0885	0.0860	0.0833	0.0846	0.0876	0.0867	0.0880	0.0870	0.0857	0.0838	0.0870	0.0877	
0.7416	0.6842	0.7009	0.6956	0.6248	0.6017	0.4950	0.2220	0.7663	0.6972	0.6827	0.6932	0.6380	0.5903	0.5034	0.2339	0.7366	0.6606	0.6390	0.6559	0.6155	0.5707	0.4671	0.3785	0.7409	0.6848	0.6434	0.6190	0.5143	0.4696	0.3777	0.3003	0.5044	0.5004	0.2755	0.1805	0.2134	0.1431	0.1281	0.1555	0.2942	0.1522	0.1003	0.0901	0.0908	0.0912	0.0918	0.0897	0.0904	0.0879	0.0897	0.0874	0.0862	0.0938	0.0896	0.0885	0.0876	0.0881	0.0878	0.0879	0.0986	0.0909	0.0927	0.0917	
0.7407	0.6893	0.7029	0.6972	0.6395	0.6252	0.5197	0.2521	0.7667	0.7030	0.6864	0.7017	0.6509	0.6088	0.5253	0.2586	0.7339	0.6618	0.6362	0.6487	0.6316	0.5871	0.4924	0.4051	0.7404	0.6862	0.6452	0.6228	0.5384	0.4860	0.4011	0.3186	0.5262	0.5203	0.2951	0.1950	0.2266	0.1534	0.1346	0.1722	0.3117	0.1603	0.1023	0.0904	0.0920	0.0889	0.0885	0.0884	0.0909	0.0882	0.0893	0.0874	0.0875	0.0916	0.0912	0.0887	0.0882	0.0874	0.0883	0.0874	0.0858	0.0857	0.0902	0.0908	
0.7505	0.6871	0.6991	0.7009	0.6500	0.6389	0.5474	0.2662	0.7691	0.7036	0.6871	0.6973	0.6558	0.6216	0.5455	0.2903	0.7367	0.6633	0.6348	0.6478	0.6445	0.6010	0.5198	0.4298	0.7436	0.6889	0.6597	0.6465	0.5723	0.5213	0.4434	0.3479	0.5476	0.5385	0.3176	0.2131	0.2551	0.1640	0.1425	0.1970	0.3328	0.1686	0.1066	0.0912	0.0932	0.0894	0.0903	0.0892	0.0917	0.0887	0.0901	0.0871	0.0864	0.0904	0.0880	0.0907	0.0881	0.0874	0.0884	0.0875	0.0900	0.0897	0.0916	0.0903	
0.7477	0.6839	0.7003	0.7015	0.6612	0.6569	0.5678	0.2886	0.7686	0.7049	0.6908	0.6933	0.6603	0.6425	0.5725	0.3202	0.7411	0.6612	0.6404	0.6468	0.6515	0.6255	0.5405	0.4614	0.7517	0.6964	0.6687	0.6575	0.5830	0.5295	0.4551	0.3710	0.5685	0.5795	0.3468	0.2326	0.2774	0.1801	0.1529	0.2156	0.3599	0.1836	0.1094	0.0932	0.0952	0.0918	0.0893	0.0915	0.0905	0.0876	0.0897	0.0869	0.0897	0.0907	0.0902	0.0897	0.0876	0.0875	0.0884	0.0870	0.0894	0.0890	0.0893	0.0896	
0.7509	0.6861	0.7016	0.7061	0.6511	0.6647	0.5886	0.3181	0.7682	0.7116	0.6950	0.6961	0.6571	0.6533	0.5944	0.3537	0.7380	0.6640	0.6376	0.6412	0.6575	0.6349	0.5579	0.4863	0.7451	0.6954	0.6661	0.6589	0.5937	0.5408	0.4786	0.3982	0.5934	0.5934	0.3659	0.2565	0.2938	0.1890	0.1646	0.2372	0.3828	0.1936	0.1131	0.0933	0.0942	0.0887	0.0875	0.0922	0.0923	0.0886	0.0892	0.0867	0.0866	0.0926	0.0938	0.0887	0.0898	0.0885	0.0882	0.0882	0.0881	0.0904	0.0890	0.0891	
0.7527	0.6901	0.7037	0.7049	0.6587	0.6697	0.6063	0.3512	0.7742	0.7094	0.6988	0.6944	0.6647	0.6616	0.6097	0.3826	0.7442	0.6712	0.6425	0.6439	0.6578	0.6513	0.5846	0.5174	0.7561	0.7093	0.6785	0.6668	0.6142	0.5823	0.5206	0.4275	0.6155	0.6225	0.4009	0.2768	0.3153	0.2146	0.1806	0.2621	0.4092	0.2086	0.1178	0.0951	0.0948	0.0903	0.0927	0.0898	0.0925	0.0881	0.0894	0.0872	0.0883	0.0899	0.0901	0.0905	0.0879	0.0876	0.0886	0.0878	0.0919	0.0898	0.0897	0.0900	
0.7512	0.6946	0.6962	0.7032	0.6619	0.6723	0.6269	0.3847	0.7766	0.7123	0.6950	0.6999	0.6656	0.6628	0.6300	0.4163	0.7407	0.6733	0.6535	0.6385	0.6610	0.6516	0.6005	0.5427	0.7496	0.7024	0.6795	0.6753	0.6209	0.5920	0.5371	0.4516	0.6362	0.6421	0.4272	0.3018	0.3520	0.2327	0.2005	0.2876	0.4297	0.2242	0.1226	0.0971	0.0970	0.0925	0.0895	0.0915	0.0946	0.0883	0.0891	0.0871	0.0927	0.0910	0.0916	0.0946	0.0879	0.0878	0.0888	0.0878	0.0929	0.0909	0.0930	0.0899	
0.7517	0.6948	0.7055	0.7050	0.6633	0.6756	0.6437	0.4187	0.7809	0.7147	0.7011	0.7041	0.6717	0.6598	0.6403	0.4393	0.7477	0.6713	0.6447	0.6388	0.6625	0.6522	0.6184	0.5622	0.7549	0.7019	0.6788	0.6678	0.6318	0.6118	0.5562	0.4760	0.6600	0.6503	0.4509	0.3252	0.3678	0.2513	0.2185	0.3039	0.4600	0.2349	0.1287	0.0977	0.0927	0.0874	0.0851	0.0848	0.0947	0.0889	0.0895	0.0867	0.0873	0.0900	0.0868	0.0896	0.0876	0.0873	0.0885	0.0875	0.0899	0.0866	0.0897	0.0914	
0.7597	0.7027	0.7013	0.7048	0.6633	0.6777	0.6556	0.4529	0.7798	0.7171	0.6991	0.7053	0.6701	0.6704	0.6469	0.4723	0.7473	0.6751	0.6557	0.6435	0.6638	0.6607	0.6306	0.5880	0.7526	0.7063	0.6847	0.6714	0.6432	0.6225	0.5762	0.5002	0.6670	0.6591	0.4841	0.3509	0.3954	0.2803	0.2369	0.3362	0.4806	0.2573	0.1343	0.0999	0.1025	0.0962	0.0936	0.0927	0.0969	0.0880	0.0887	0.0868	0.0909	0.0945	0.0928	0.0948	0.0871	0.0863	0.0873	0.0875	0.0887	0.0882	0.0902	0.0885	
0.7620	0.6989	0.7036	0.7089	0.6678	0.6799	0.6573	0.4751	0.7812	0.7198	0.7039	0.6958	0.6648	0.6651	0.6494	0.4986	0.7542	0.6840	0.6637	0.6360	0.6684	0.6557	0.6376	0.6072	0.7685	0.7113	0.6901	0.6783	0.6382	0.6216	0.5948	0.5210	0.6810	0.6679	0.5138	0.3844	0.4155	0.2939	0.2587	0.3499	0.5095	0.2784	0.1436	0.1033	0.1015	0.0908	0.0899	0.0898	0.0983	0.0892	0.0896	0.0881	0.0882	0.0905	0.0898	0.0883	0.0879	0.0880	0.0885	0.0876	0.0907	0.0890	0.0914	0.0893	
0.7646	0.6979	0.7037	0.7131	0.6741	0.6824	0.6651	0.5276	0.7839	0.7232	0.7060	0.7006	0.6704	0.6667	0.6547	0.5282	0.7522	0.6841	0.6572	0.6451	0.6643	0.6585	0.6401	0.6229	0.7702	0.7116	0.6902	0.6888	0.6381	0.6277	0.6193	0.5425	0.6806	0.6724	0.5376	0.4115	0.4343	0.3216	0.2810	0.3708	0.5431	0.3061	0.1491	0.1042	0.1069	0.0936	0.0917	0.0913	0.0992	0.0881	0.0886	0.0893	0.0880	0.0901	0.0898	0.0892	0.0871	0.0871	0.0873	0.0880	0.0925	0.0887	0.0913	0.0941	
0.7690	0.7062	0.7073	0.7125	0.6674	0.6772	0.6612	0.5328	0.7835	0.7254	0.7143	0.7036	0.6670	0.6688	0.6458	0.5508	0.7579	0.6786	0.6575	0.6450	0.6685	0.6583	0.6402	0.6298	0.7747	0.7140	0.6884	0.6807	0.6399	0.6306	0.6118	0.5781	0.6851	0.6790	0.5625	0.4459	0.4599	0.3447	0.3043	0.4113	0.5674	0.3299	0.1637	0.1078	0.1071	0.0920	0.0922	0.0897	0.1030	0.0879	0.0889	0.0877	0.0891	0.0921	0.0909	0.0910	0.0885	0.0884	0.0892	0.0880	0.0919	0.0877	0.0932	0.0885	
0.7706	0.7103	0.7039	0.7161	0.6647	0.6836	0.6702	0.5739	0.7898	0.7326	0.7153	0.7063	0.6691	0.6712	0.6510	0.5745	0.7590	0.6909	0.6683	0.6426	0.6768	0.6613	0.6471	0.6370	0.7742	0.7214	0.6997	0.6905	0.6608	0.6450	0.6333	0.6000	0.6845	0.6718	0.5898	0.4713	0.4948	0.3838	0.3323	0.4446	0.5983	0.3620	0.1707	0.1117	0.1108	0.0927	0.0918	0.0933	0.1060	0.0887	0.0895	0.0874	0.0927	0.0908	0.0895	0.0913	0.0880	0.0876	0.0888	0.0879	0.0920	0.0911	0.0897	0.0915	
0.7712	0.7172	0.7073	0.7114	0.6673	0.6807	0.6666	0.6032	0.7945	0.7287	0.7115	0.7138	0.6745	0.6669	0.6590	0.5910	0.7579	0.6942	0.6775	0.6510	0.6731	0.6614	0.6460	0.6403	0.7758	0.7192	0.7027	0.6921	0.6479	0.6312	0.6263	0.6028	0.6943	0.6780	0.6099	0.5019	0.5025	0.3888	0.3430	0.4564	0.6357	0.3957	0.1856	0.1148	0.1137	0.0920	0.0904	0.0871	0.1087	0.0885	0.0891	0.0868	0.0881	0.0921	0.0923	0.0910	0.0881	0.0877	0.0879	0.0884	0.0919	0.0878	0.0907	0.0916	
0.7763	0.7148	0.7112	0.7102	0.6726	0.6843	0.6685	0.6256	0.7974	0.7314	0.7141	0.7123	0.6730	0.6739	0.6588	0.6134	0.7618	0.6937	0.6685	0.6538	0.6721	0.6598	0.6483	0.6383	0.7727	0.7225	0.7015	0.6896	0.6582	0.6404	0.6324	0.6109	0.6959	0.6809	0.6252	0.5342	0.5281	0.4244	0.3749	0.4793	0.6566	0.4224	0.1961	0.1193	0.1211	0.0996	0.0964	0.1027	0.1119	0.0892	0.0899	0.0872	0.0937	0.0976	0.0949	0.0953	0.0881	0.0879	0.0884	0.0889	0.0969	0.0916	0.0942	0.0956	
0.7798	0.7231	0.7101	0.7181	0.6654	0.6849	0.6701	0.6413	0.7919	0.7392	0.7171	0.7132	0.6653	0.6643	0.6560	0.6270	0.7639	0.6978	0.6739	0.6506	0.6723	0.6581	0.6472	0.6441	0.7805	0.7322	0.7112	0.6972	0.6563	0.6431	0.6274	0.6184	0.7008	0.6839	0.6347	0.5591	0.5581	0.4410	0.3982	0.5007	0.6812	0.4570	0.2090	0.1249	0.1257	0.0952	0.0911	0.0930	0.1159	0.0884	0.0887	0.0864	0.0892	0.0915	0.0908	0.0917	0.0887	0.0878	0.0888	0.0875	0.0904	0.0896	0.0934	0.0914	
0.7736	0.7219	0.7151	0.7187	0.6716	0.6830	0.6716	0.6535	0.7975	0.7364	0.7192	0.7196	0.6741	0.6700	0.6572	0.6400	0.7615	0.6981	0.6782	0.6494	0.6731	0.6697	0.6502	0.6448	0.7711	0.7279	0.7114	0.6994	0.6601	0.6442	0.6388	0.6190	0.7007	0.6876	0.6450	0.5858	0.5701	0.4564	0.4174	0.5329	0.7058	0.4849	0.2260	0.1326	0.1303	0.0989	0.0914	0.0931	0.1230	0.0890	0.0895	0.0875	0.0916	0.0928	0.0928	0.0943	0.0881	0.0882	0.0885	0.0880	0.0902	0.0913	0.0968	0.0919	
0.7801	0.7211	0.7114	0.7226	0.6698	0.6797	0.6645	0.6586	0.7977	0.7424	0.7231	0.7178	0.6774	0.6682	0.6584	0.6406	0.7641	0.6989	0.6743	0.6485	0.6691	0.6644	0.6426	0.6459	0.7861	0.7228	0.7031	0.7004	0.6513	0.6299	0.6239	0.6139	0.7004	0.6868	0.6417	0.6077	0.5840	0.4889	0.4387	0.5439	0.7189	0.5098	0.2458	0.1381	0.1373	0.0934	0.0937	0.0890	0.1274	0.0892	0.0892	0.0867	0.0874	0.0908	0.0914	0.0917	0.0878	0.0870	0.0875	0.0873	0.0870	0.0879	0.0874	0.0883	
0.7793	0.7202	0.7180	0.7218	0.6700	0.6768	0.6636	0.6578	0.7925	0.7385	0.7248	0.7156	0.6731	0.6606	0.6513	0.6451	0.7650	0.6989	0.6767	0.6559	0.6724	0.6610	0.6431	0.6388	0.7762	0.7302	0.7151	0.7084	0.6572	0.6381	0.6289	0.6204	0.7058	0.7022	0.6479	0.6290	0.6117	0.5068	0.4571	0.5650	0.7269	0.5411	0.2635	0.1453	0.1457	0.0954	0.0922	0.0933	0.1346	0.0896	0.0899	0.0860	0.0863	0.0914	0.0916	0.0868	0.0877	0.0869	0.0883	0.0872	0.0920	0.0889	0.0916	0.0884	
0.7813	0.7212	0.7191	0.7292	0.6759	0.6874	0.6726	0.6710	0.7956	0.7384	0.7287	0.7174	0.6736	0.6738	0.6585	0.6432	0.7667	0.6945	0.6763	0.6605	0.6827	0.6673	0.6458	0.6422	0.7803	0.7364	0.7152	0.6998	0.6584	0.6472	0.6378	0.6275	0.7045	0.7002	0.6558	0.6392	0.6241	0.5303	0.4933	0.5724	0.7383	0.5729	0.2816	0.1543	0.1640	0.0964	0.0905	0.0879	0.1422	0.0893	0.0898	0.0872	0.0859	0.0888	0.0888	0.0867	0.0880	0.0869	0.0877	0.0867	0.0883	0.0867	0.0879	0.0871	
0.7814	0.7273	0.7208	0.7256	0.6745	0.6825	0.6666	0.6635	0.7994	0.7429	0.7292	0.7183	0.6788	0.6716	0.6559	0.6481	0.7717	0.7008	0.6818	0.6631	0.6778	0.6666	0.6464	0.6470	0.7801	0.7387	0.7246	0.7093	0.6610	0.6463	0.6359	0.6296	0.7085	0.6975	0.6561	0.6402	0.6237	0.5399	0.5092	0.5790	0.7413	0.5966	0.3043	0.1666	0.1695	0.1033	0.0954	0.0944	0.1503	0.0895	0.0889	0.0873	0.0929	0.0937	0.0934	0.0900	0.0882	0.0869	0.0881	0.0875	0.0906	0.0874	0.0931	0.0888	
0.7804	0.7355	0.7178	0.7277	0.6848	0.6875	0.6679	0.6731	0.8013	0.7428	0.7299	0.7271	0.6757	0.6753	0.6622	0.6467	0.7644	0.7075	0.6929	0.6635	0.6773	0.6608	0.6441	0.6417	0.7842	0.7383	0.7231	0.7119	0.6650	0.6417	0.6380	0.6293	0.7090	0.6956	0.6658	0.6572	0.6277	0.5593	0.5306	0.5834	0.7409	0.6171	0.3314	0.1746	0.1779	0.1085	0.0976	0.0913	0.1596	0.0910	0.0896	0.0875	0.0913	0.0950	0.0899	0.0921	0.0880	0.0881	0.0882	0.0885	0.0917	0.0917	0.0912	0.0894	
0.7849	0.7323	0.7152	0.7257	0.6934	0.6876	0.6772	0.6725	0.8053	0.7481	0.7245	0.7196	0.6752	0.6797	0.6663	0.6483	0.7659	0.7022	0.6851	0.6663	0.6803	0.6655	0.6549	0.6471	0.7871	0.7387	0.7188	0.7132	0.6602	0.6523	0.6427	0.6301	0.7121	0.7004	0.6602	0.6632	0.6338	0.5859	0.5511	0.6007	0.7471	0.6405	0.3568	0.1873	0.1916	0.1069	0.0945	0.0943	0.1693	0.0902	0.0890	0.0865	0.0913	0.0962	0.0914	0.0895	0.0881	0.0876	0.0877	0.0872	0.0919	0.0925	0.0933	0.0918	
