0.0848	0.0842	0.0889	0.0840	0.0850	0.0862	0.0843	0.0851	0.0824	0.0858	0.0897	0.0892	0.0826	0.0903	0.0837	0.0821	0.0830	0.0850	0.0831	0.0812	0.0818	0.0839	0.0818	0.0826	0.0837	0.0883	0.0808	0.0842	0.0817	0.0818	0.0851	0.0831	0.0806	0.0828	0.0798	0.0805	0.0801	0.0817	0.0843	0.0835	0.0836	0.0837	0.0838	0.0828	0.0823	0.0845	0.0834	0.0854	0.0860	0.0844	0.0834	0.0847	0.0860	0.0851	0.0847	0.0862	0.0863	0.0883	0.0844	0.0816	0.0835	0.0834	0.0852	0.0894	
0.0899	0.0870	0.0916	0.0879	0.0871	0.0883	0.0865	0.0869	0.0868	0.0886	0.0884	0.0877	0.0879	0.0932	0.0890	0.0909	0.0875	0.0880	0.0864	0.0864	0.0856	0.0869	0.0870	0.0888	0.0878	0.0878	0.0887	0.0872	0.0882	0.0887	0.0883	0.0886	0.0886	0.0871	0.0850	0.0872	0.0857	0.0881	0.0875	0.0878	0.0874	0.0875	0.0880	0.0888	0.0912	0.0883	0.0879	0.0868	0.0890	0.0896	0.0868	0.0874	0.0899	0.0882	0.0875	0.0884	0.0894	0.0883	0.0890	0.0880	0.0896	0.0881	0.0889	0.0894	
0.0899	0.0877	0.0915	0.0882	0.0873	0.0887	0.0870	0.0870	0.0880	0.0886	0.0876	0.0886	0.0883	0.0950	0.0896	0.0887	0.0880	0.0877	0.0874	0.0874	0.0865	0.0884	0.0881	0.0893	0.0884	0.0875	0.0876	0.0874	0.0888	0.0887	0.0874	0.0877	0.0890	0.0866	0.0864	0.0862	0.0858	0.0880	0.0876	0.0877	0.0881	0.0880	0.0862	0.0880	0.0878	0.0874	0.0901	0.0877	0.0892	0.0885	0.0869	0.0875	0.0919	0.0881	0.0877	0.0882	0.0889	0.0881	0.0884	0.0899	0.0880	0.0890	0.0886	0.0888	
0.0898	0.0875	0.0918	0.0878	0.0878	0.0889	0.0869	0.0867	0.0876	0.0884	0.0879	0.0875	0.0870	0.0949	0.0884	0.0880	0.0870	0.0870	0.0868	0.0870	0.0865	0.0874	0.0869	0.0889	0.0885	0.0888	0.0878	0.0870	0.0897	0.0885	0.0879	0.0877	0.0886	0.0864	0.0863	0.0869	0.0862	0.0879	0.0863	0.0872	0.0875	0.0882	0.0869	0.0874	0.0869	0.0877	0.0902	0.0877	0.0893	0.0883	0.0866	0.0871	0.0910	0.0878	0.0863	0.0878	0.0892	0.0876	0.0875	0.0894	0.0875	0.0857	0.0888	0.0878	
0.0898	0.0872	0.0916	0.0881	0.0875	0.0882	0.0862	0.0864	0.0872	0.0896	0.0882	0.0878	0.0873	0.0939	0.0875	0.0879	0.0872	0.0874	0.0867	0.0871	0.0859	0.0871	0.0865	0.0883	0.0873	0.0875	0.0865	0.0875	0.0878	0.0872	0.0870	0.0874	0.0882	0.0860	0.0860	0.0857	0.0860	0.0883	0.0871	0.0861	0.0872	0.0880	0.0872	0.0879	0.0869	0.0868	0.0880	0.0868	0.0872	0.0879	0.0862	0.0874	0.0900	0.0874	0.0878	0.0878	0.0890	0.0875	0.0877	0.0882	0.0874	0.0868	0.0872	0.0871	
0.0900	0.0868	0.0918	0.0878	0.0878	0.0887	0.0866	0.0864	0.0870	0.0882	0.0884	0.0876	0.0885	0.0951	0.0882	0.0883	0.0880	0.0866	0.0864	0.0868	0.0862	0.0877	0.0869	0.0889	0.0882	0.0874	0.0876	0.0878	0.0877	0.0877	0.0880	0.0877	0.0886	0.0864	0.0863	0.0860	0.0855	0.0876	0.0871	0.0864	0.0875	0.0876	0.0872	0.0878	0.0879	0.0873	0.0876	0.0872	0.0889	0.0885	0.0859	0.0870	0.0914	0.0884	0.0868	0.0885	0.0900	0.0877	0.0888	0.0895	0.0879	0.0876	0.0881	0.0883	
0.0897	0.0876	0.0919	0.0881	0.0874	0.0883	0.0866	0.0861	0.0872	0.0907	0.0888	0.0879	0.0878	0.0952	0.0891	0.0884	0.0882	0.0872	0.0856	0.0872	0.0862	0.0876	0.0871	0.0884	0.0877	0.0883	0.0866	0.0871	0.0880	0.0888	0.0883	0.0870	0.0888	0.0870	0.0855	0.0860	0.0854	0.0873	0.0877	0.0874	0.0879	0.0875	0.0872	0.0885	0.0873	0.0873	0.0884	0.0874	0.0891	0.0878	0.0857	0.0881	0.0910	0.0881	0.0865	0.0874	0.0898	0.0876	0.0867	0.0886	0.0873	0.0882	0.0888	0.0887	
0.0904	0.0870	0.0914	0.0877	0.0881	0.0888	0.0869	0.0865	0.0879	0.0887	0.0887	0.0883	0.0881	0.0940	0.0889	0.0885	0.0882	0.0876	0.0864	0.0867	0.0873	0.0882	0.0883	0.0888	0.0888	0.0880	0.0873	0.0881	0.0885	0.0885	0.0876	0.0884	0.0888	0.0866	0.0855	0.0861	0.0862	0.0877	0.0873	0.0873	0.0869	0.0885	0.0871	0.0895	0.0878	0.0883	0.0880	0.0869	0.0883	0.0893	0.0866	0.0872	0.0916	0.0889	0.0874	0.0890	0.0896	0.0870	0.0886	0.0885	0.0885	0.0876	0.0883	0.0879	
0.0904	0.0874	0.0918	0.0884	0.0872	0.0886	0.0866	0.0865	0.0876	0.0885	0.0889	0.0881	0.0880	0.0947	0.0885	0.0885	0.0879	0.0870	0.0869	0.0867	0.0873	0.0876	0.0874	0.0884	0.0883	0.0882	0.0868	0.0874	0.0909	0.0890	0.0876	0.0877	0.0883	0.0866	0.0861	0.0864	0.0859	0.0870	0.0883	0.0871	0.0874	0.0881	0.0864	0.0889	0.0887	0.0868	0.0880	0.0875	0.0879	0.0886	0.0863	0.0880	0.0903	0.0878	0.0881	0.0880	0.0886	0.0881	0.0877	0.0883	0.0876	0.0884	0.0882	0.0889	
0.0904	0.0875	0.0921	0.0883	0.0876	0.0891	0.0869	0.0868	0.0881	0.0883	0.0886	0.0878	0.0885	0.0944	0.0891	0.0883	0.0870	0.0872	0.0871	0.0864	0.0870	0.0879	0.0870	0.0894	0.0881	0.0874	0.0882	0.0878	0.0890	0.0887	0.0879	0.0877	0.0885	0.0867	0.0848	0.0863	0.0854	0.0871	0.0874	0.0879	0.0876	0.0869	0.0875	0.0866	0.0881	0.0875	0.0885	0.0878	0.0890	0.0887	0.0863	0.0875	0.0907	0.0877	0.0861	0.0879	0.0899	0.0875	0.0874	0.0884	0.0873	0.0878	0.0883	0.0884	
0.0911	0.0880	0.0926	0.0890	0.0889	0.0896	0.0869	0.0878	0.0884	0.0905	0.0888	0.0889	0.0884	0.0957	0.0894	0.0887	0.0900	0.0881	0.0875	0.0880	0.0872	0.0887	0.0874	0.0893	0.0879	0.0888	0.0878	0.0881	0.0878	0.0899	0.0887	0.0882	0.0888	0.0860	0.0864	0.0867	0.0861	0.0880	0.0883	0.0884	0.0881	0.0889	0.0874	0.0897	0.0878	0.0883	0.0892	0.0882	0.0891	0.0882	0.0870	0.0870	0.0908	0.0879	0.0880	0.0880	0.0908	0.0891	0.0888	0.0890	0.0881	0.0883	0.0877	0.0887	
0.0904	0.0882	0.0924	0.0890	0.0889	0.0887	0.0877	0.0872	0.0883	0.0888	0.0888	0.0902	0.0884	0.0943	0.0900	0.0893	0.0885	0.0873	0.0873	0.0873	0.0867	0.0885	0.0867	0.0895	0.0897	0.0874	0.0879	0.0879	0.0887	0.0886	0.0882	0.0881	0.0892	0.0864	0.0863	0.0860	0.0864	0.0876	0.0882	0.0876	0.0877	0.0874	0.0877	0.0880	0.0872	0.0874	0.0885	0.0878	0.0896	0.0883	0.0862	0.0880	0.0907	0.0878	0.0872	0.0876	0.0898	0.0871	0.0879	0.0887	0.0880	0.0876	0.0879	0.0880	
0.0900	0.0881	0.0921	0.0887	0.0880	0.0891	0.0870	0.0873	0.0886	0.0893	0.0889	0.0884	0.0885	0.0953	0.0895	0.0891	0.0887	0.0868	0.0865	0.0867	0.0871	0.0879	0.0870	0.0890	0.0888	0.0871	0.0882	0.0875	0.0881	0.0882	0.0876	0.0873	0.0882	0.0872	0.0859	0.0860	0.0852	0.0865	0.0870	0.0865	0.0878	0.0859	0.0873	0.0875	0.0871	0.0865	0.0883	0.0873	0.0884	0.0876	0.0854	0.0870	0.0915	0.0874	0.0869	0.0869	0.0887	0.0872	0.0877	0.0871	0.0875	0.0875	0.0890	0.0889	
0.0911	0.0880	0.0926	0.0889	0.0887	0.0891	0.0876	0.0874	0.0893	0.0892	0.0896	0.0908	0.0888	0.0954	0.0899	0.0889	0.0893	0.0876	0.0871	0.0879	0.0872	0.0887	0.0877	0.0895	0.0894	0.0892	0.0880	0.0886	0.0886	0.0890	0.0885	0.0886	0.0884	0.0864	0.0869	0.0869	0.0855	0.0862	0.0878	0.0874	0.0876	0.0879	0.0874	0.0871	0.0880	0.0872	0.0885	0.0865	0.0889	0.0890	0.0854	0.0874	0.0891	0.0888	0.0869	0.0883	0.0895	0.0872	0.0888	0.0887	0.0883	0.0879	0.0882	0.0883	
0.0909	0.0883	0.0922	0.0897	0.0884	0.0900	0.0876	0.0880	0.0879	0.0894	0.0889	0.0893	0.0891	0.0960	0.0890	0.0892	0.0886	0.0878	0.0870	0.0876	0.0884	0.0890	0.0877	0.0894	0.0883	0.0884	0.0875	0.0884	0.0882	0.0896	0.0884	0.0882	0.0896	0.0868	0.0858	0.0866	0.0855	0.0876	0.0870	0.0880	0.0876	0.0886	0.0864	0.0885	0.0876	0.0858	0.0885	0.0876	0.0879	0.0899	0.0858	0.0859	0.0914	0.0875	0.0876	0.0872	0.0892	0.0870	0.0890	0.0881	0.0873	0.0870	0.0875	0.0888	
0.0916	0.0885	0.0931	0.0902	0.0889	0.0904	0.0881	0.0878	0.0895	0.0897	0.0905	0.0899	0.0893	0.0965	0.0905	0.0894	0.0892	0.0885	0.0880	0.0876	0.0880	0.0891	0.0881	0.0896	0.0885	0.0889	0.0881	0.0884	0.0885	0.0896	0.0896	0.0886	0.0893	0.0871	0.0882	0.0875	0.0862	0.0888	0.0882	0.0878	0.0887	0.0879	0.0873	0.0875	0.0883	0.0881	0.0879	0.0873	0.0896	0.0889	0.0866	0.0876	0.0908	0.0875	0.0874	0.0883	0.0885	0.0871	0.0879	0.0883	0.0885	0.0881	0.0872	0.0875	
0.0915	0.0888	0.0928	0.0895	0.0889	0.0900	0.0876	0.0875	0.0894	0.0900	0.0900	0.0895	0.0901	0.0958	0.0895	0.0897	0.0894	0.0882	0.0873	0.0877	0.0875	0.0885	0.0881	0.0894	0.0889	0.0889	0.0886	0.0882	0.0883	0.0889	0.0887	0.0889	0.0887	0.0866	0.0861	0.0854	0.0859	0.0872	0.0878	0.0872	0.0884	0.0868	0.0866	0.0884	0.0878	0.0863	0.0905	0.0870	0.0887	0.0880	0.0859	0.0869	0.0911	0.0889	0.0871	0.0861	0.0898	0.0879	0.0880	0.0883	0.0884	0.0870	0.0885	0.0889	
0.0922	0.0893	0.0938	0.0902	0.0900	0.0903	0.0882	0.0887	0.0901	0.0915	0.0909	0.0906	0.0904	0.0968	0.0902	0.0894	0.0897	0.0886	0.0881	0.0889	0.0887	0.0918	0.0889	0.0897	0.0886	0.0899	0.0888	0.0889	0.0887	0.0899	0.0887	0.0887	0.0892	0.0876	0.0869	0.0869	0.0872	0.0886	0.0878	0.0874	0.0883	0.0879	0.0872	0.0882	0.0884	0.0877	0.0882	0.0875	0.0892	0.0873	0.0854	0.0873	0.0899	0.0876	0.0870	0.0876	0.0906	0.0884	0.0874	0.0885	0.0879	0.0882	0.0883	0.0868	
0.0922	0.0894	0.0946	0.0903	0.0901	0.0908	0.0884	0.0878	0.0908	0.0921	0.0911	0.0902	0.0894	0.0968	0.0905	0.0904	0.0900	0.0886	0.0884	0.0891	0.0891	0.0893	0.0882	0.0894	0.0902	0.0896	0.0895	0.0889	0.0897	0.0899	0.0895	0.0878	0.0889	0.0872	0.0864	0.0874	0.0864	0.0881	0.0880	0.0887	0.0888	0.0886	0.0875	0.0883	0.0879	0.0876	0.0910	0.0884	0.0892	0.0898	0.0863	0.0864	0.0915	0.0871	0.0869	0.0884	0.0895	0.0877	0.0884	0.0872	0.0882	0.0875	0.0890	0.0874	
0.0933	0.0904	0.0945	0.0906	0.0900	0.0913	0.0885	0.0878	0.0904	0.0928	0.0923	0.0909	0.0906	0.0966	0.0904	0.0898	0.0907	0.0891	0.0891	0.0894	0.0892	0.0895	0.0892	0.0918	0.0898	0.0913	0.0898	0.0901	0.0898	0.0896	0.0886	0.0890	0.0892	0.0881	0.0872	0.0876	0.0871	0.0877	0.0888	0.0883	0.0883	0.0879	0.0872	0.0880	0.0882	0.0874	0.0885	0.0874	0.0890	0.0887	0.0859	0.0873	0.0906	0.0890	0.0868	0.0887	0.0896	0.0872	0.0885	0.0900	0.0872	0.0878	0.0886	0.0873	
0.0935	0.0905	0.0951	0.0913	0.0901	0.0914	0.0889	0.0884	0.0920	0.0923	0.0921	0.0917	0.0903	0.0971	0.0900	0.0901	0.0913	0.0899	0.0897	0.0898	0.0892	0.0891	0.0890	0.0904	0.0903	0.0903	0.0892	0.0897	0.0900	0.0907	0.0897	0.0887	0.0905	0.0873	0.0876	0.0867	0.0868	0.0877	0.0893	0.0892	0.0875	0.0882	0.0876	0.0888	0.0878	0.0875	0.0893	0.0872	0.0887	0.0882	0.0855	0.0874	0.0905	0.0882	0.0869	0.0875	0.0901	0.0879	0.0879	0.0879	0.0872	0.0872	0.0875	0.0875	
0.0948	0.0911	0.0955	0.0913	0.0912	0.0922	0.0891	0.0891	0.0923	0.0936	0.0934	0.0930	0.0912	0.0974	0.0912	0.0906	0.0920	0.0907	0.0900	0.0902	0.0889	0.0925	0.0893	0.0904	0.0909	0.0916	0.0905	0.0907	0.0902	0.0900	0.0897	0.0892	0.0911	0.0879	0.0881	0.0879	0.0871	0.0890	0.0894	0.0887	0.0886	0.0884	0.0883	0.0892	0.0884	0.0884	0.0897	0.0880	0.0887	0.0885	0.0870	0.0878	0.0912	0.0887	0.0875	0.0880	0.0891	0.0880	0.0891	0.0887	0.0879	0.0881	0.0877	0.0877	
0.0947	0.0920	0.0962	0.0918	0.0918	0.0919	0.0894	0.0887	0.0933	0.0935	0.0943	0.0922	0.0918	0.0976	0.0910	0.0909	0.0918	0.0907	0.0906	0.0902	0.0898	0.0892	0.0898	0.0905	0.0911	0.0919	0.0909	0.0903	0.0904	0.0904	0.0900	0.0894	0.0906	0.0892	0.0886	0.0879	0.0880	0.0883	0.0886	0.0884	0.0886	0.0889	0.0869	0.0884	0.0882	0.0881	0.0898	0.0881	0.0895	0.0881	0.0866	0.0876	0.0909	0.0886	0.0866	0.0880	0.0909	0.0892	0.0888	0.0890	0.0879	0.0874	0.0896	0.0886	
0.0951	0.0922	0.0976	0.0925	0.0922	0.0925	0.0892	0.0892	0.0935	0.0948	0.0953	0.0930	0.0918	0.0973	0.0912	0.0903	0.0925	0.0907	0.0914	0.0903	0.0891	0.0894	0.0894	0.0907	0.0913	0.0915	0.0914	0.0909	0.0905	0.0905	0.0901	0.0892	0.0911	0.0887	0.0887	0.0893	0.0884	0.0888	0.0888	0.0887	0.0891	0.0886	0.0879	0.0889	0.0872	0.0885	0.0890	0.0885	0.0884	0.0884	0.0861	0.0868	0.0907	0.0884	0.0865	0.0884	0.0903	0.0877	0.0887	0.0889	0.0885	0.0877	0.0889	0.0884	
0.0961	0.0939	0.0984	0.0928	0.0931	0.0932	0.0900	0.0898	0.0950	0.0957	0.0960	0.0933	0.0930	0.0987	0.0915	0.0913	0.0937	0.0926	0.0914	0.0907	0.0911	0.0904	0.0898	0.0913	0.0926	0.0930	0.0916	0.0913	0.0914	0.0912	0.0899	0.0899	0.0915	0.0896	0.0901	0.0885	0.0883	0.0895	0.0897	0.0890	0.0897	0.0884	0.0878	0.0893	0.0888	0.0891	0.0892	0.0894	0.0897	0.0901	0.0863	0.0877	0.0909	0.0887	0.0875	0.0882	0.0898	0.0884	0.0877	0.0889	0.0891	0.0878	0.0894	0.0894	
0.0966	0.0937	0.0985	0.0924	0.0921	0.0924	0.0894	0.0885	0.0947	0.0962	0.0954	0.0929	0.0918	0.0979	0.0907	0.0904	0.0934	0.0922	0.0919	0.0913	0.0899	0.0900	0.0893	0.0906	0.0920	0.0923	0.0918	0.0910	0.0900	0.0905	0.0893	0.0894	0.0917	0.0889	0.0882	0.0881	0.0873	0.0884	0.0882	0.0878	0.0889	0.0885	0.0884	0.0898	0.0881	0.0875	0.0896	0.0880	0.0874	0.0878	0.0859	0.0875	0.0909	0.0882	0.0875	0.0881	0.0894	0.0876	0.0880	0.0883	0.0884	0.0871	0.0887	0.0879	
0.0983	0.0952	0.1001	0.0929	0.0934	0.0932	0.0897	0.0892	0.0970	0.0978	0.0980	0.0938	0.0932	0.0981	0.0915	0.0904	0.0934	0.0930	0.0939	0.0913	0.0910	0.0910	0.0892	0.0901	0.0933	0.0937	0.0934	0.0919	0.0911	0.0914	0.0903	0.0897	0.0922	0.0902	0.0897	0.0890	0.0886	0.0898	0.0893	0.0891	0.0897	0.0897	0.0875	0.0902	0.0883	0.0887	0.0900	0.0888	0.0901	0.0891	0.0873	0.0881	0.0910	0.0888	0.0872	0.0878	0.0899	0.0871	0.0886	0.0877	0.0878	0.0868	0.0890	0.0888	
0.0986	0.0967	0.1005	0.0940	0.0930	0.0934	0.0896	0.0890	0.0972	0.0985	0.0987	0.0940	0.0930	0.0994	0.0919	0.0906	0.0950	0.0933	0.0933	0.0915	0.0914	0.0905	0.0898	0.0893	0.0945	0.0947	0.0941	0.0911	0.0911	0.0906	0.0898	0.0899	0.0932	0.0902	0.0907	0.0892	0.0892	0.0879	0.0888	0.0890	0.0906	0.0895	0.0882	0.0888	0.0883	0.0878	0.0897	0.0878	0.0901	0.0893	0.0867	0.0878	0.0912	0.0886	0.0873	0.0879	0.0896	0.0887	0.0883	0.0889	0.0876	0.0879	0.0878	0.0884	
0.0992	0.0972	0.1012	0.0939	0.0936	0.0942	0.0896	0.0894	0.0989	0.1061	0.0979	0.0940	0.0926	0.0991	0.0917	0.0895	0.0964	0.0947	0.0935	0.0913	0.0906	0.0901	0.0893	0.0905	0.0939	0.0936	0.0935	0.0915	0.0901	0.0901	0.0902	0.0890	0.0919	0.0908	0.0898	0.0892	0.0871	0.0882	0.0890	0.0884	0.0887	0.0887	0.0879	0.0896	0.0890	0.0876	0.0890	0.0880	0.0883	0.0883	0.0862	0.0875	0.0909	0.0873	0.0860	0.0876	0.0890	0.0884	0.0881	0.0882	0.0870	0.0866	0.0885	0.0875	
0.1016	0.0987	0.1031	0.0959	0.0951	0.0943	0.0903	0.0894	0.1013	0.1018	0.1005	0.0952	0.0939	0.0985	0.0928	0.0910	0.0979	0.0960	0.0963	0.0924	0.0915	0.0902	0.0896	0.0900	0.0960	0.0954	0.0950	0.0919	0.0916	0.0909	0.0901	0.0891	0.0930	0.0908	0.0907	0.0891	0.0888	0.0893	0.0898	0.0891	0.0909	0.0896	0.0886	0.0908	0.0891	0.0890	0.0897	0.0886	0.0895	0.0879	0.0859	0.0878	0.0907	0.0885	0.0860	0.0880	0.0897	0.0868	0.0882	0.0871	0.0874	0.0877	0.0882	0.0886	
0.1029	0.1016	0.1053	0.0960	0.0951	0.0955	0.0913	0.0901	0.1034	0.1035	0.1023	0.0958	0.0944	0.0990	0.0923	0.0915	0.1000	0.0964	0.0967	0.0937	0.0916	0.0903	0.0901	0.0916	0.0972	0.0962	0.0961	0.0919	0.0923	0.0911	0.0899	0.0911	0.0945	0.0907	0.0914	0.0901	0.0885	0.0893	0.0895	0.0891	0.0903	0.0893	0.0896	0.0904	0.0900	0.0892	0.0892	0.0875	0.0894	0.0890	0.0859	0.0885	0.0914	0.0884	0.0874	0.0893	0.0910	0.0881	0.0885	0.0880	0.0874	0.0884	0.0890	0.0877	
0.1049	0.1026	0.1071	0.0964	0.0959	0.0962	0.0907	0.0899	0.1044	0.1056	0.1043	0.0968	0.0951	0.0993	0.0925	0.0906	0.1011	0.0980	0.0982	0.0927	0.0916	0.0908	0.0899	0.0901	0.0976	0.0972	0.0955	0.0928	0.0916	0.0914	0.0903	0.0892	0.0946	0.0917	0.0913	0.0899	0.0889	0.0882	0.0885	0.0892	0.0907	0.0889	0.0894	0.0899	0.0894	0.0885	0.0918	0.0877	0.0898	0.0889	0.0866	0.0884	0.0915	0.0875	0.0880	0.0874	0.0895	0.0878	0.0879	0.0880	0.0873	0.0861	0.0886	0.0873	
0.1068	0.1053	0.1086	0.0970	0.0973	0.0969	0.0922	0.0905	0.1074	0.1086	0.1065	0.0968	0.0952	0.1002	0.0931	0.0918	0.1021	0.1006	0.0997	0.0933	0.0925	0.0917	0.0906	0.0906	0.1002	0.0984	0.0961	0.0936	0.0930	0.0916	0.0901	0.0906	0.0960	0.0930	0.0934	0.0895	0.0897	0.0895	0.0898	0.0895	0.0908	0.0895	0.0899	0.0896	0.0898	0.0884	0.0900	0.0888	0.0905	0.0897	0.0873	0.0885	0.0919	0.0884	0.0884	0.0886	0.0898	0.0883	0.0889	0.0896	0.0877	0.0873	0.0880	0.0885	
0.1093	0.1075	0.1119	0.0978	0.0982	0.0969	0.0920	0.0907	0.1099	0.1092	0.1080	0.0986	0.0962	0.1003	0.0939	0.0915	0.1045	0.1019	0.1013	0.0944	0.0927	0.0912	0.0911	0.0914	0.1017	0.0995	0.0970	0.0927	0.0920	0.0920	0.0902	0.0901	0.0965	0.0944	0.0941	0.0899	0.0883	0.0894	0.0899	0.0890	0.0904	0.0906	0.0895	0.0914	0.0889	0.0892	0.0897	0.0879	0.0906	0.0886	0.0873	0.0886	0.0904	0.0882	0.0870	0.0880	0.0899	0.0873	0.0872	0.0881	0.0880	0.0874	0.0880	0.0886	
0.1121	0.1099	0.1139	0.0988	0.0984	0.0972	0.0916	0.0905	0.1130	0.1136	0.1097	0.0989	0.0958	0.1011	0.0926	0.0920	0.1066	0.1036	0.1023	0.0948	0.0928	0.0914	0.0914	0.0906	0.1023	0.1009	0.0987	0.0932	0.0929	0.0909	0.0908	0.0898	0.0980	0.0959	0.0935	0.0908	0.0889	0.0896	0.0892	0.0894	0.0919	0.0900	0.0902	0.0905	0.0902	0.0903	0.0903	0.0896	0.0898	0.0902	0.0874	0.0884	0.0918	0.0872	0.0878	0.0886	0.0897	0.0872	0.0883	0.0882	0.0866	0.0874	0.0884	0.0880	
0.1158	0.1132	0.1175	0.1013	0.0996	0.0991	0.0926	0.0917	0.1169	0.1173	0.1129	0.1004	0.0982	0.1008	0.0934	0.0926	0.1097	0.1065	0.1057	0.0951	0.0936	0.0917	0.0921	0.0915	0.1047	0.1037	0.1002	0.0944	0.0925	0.0915	0.0909	0.0907	0.0997	0.0954	0.0946	0.0900	0.0895	0.0892	0.0907	0.0894	0.0914	0.0915	0.0911	0.0910	0.0898	0.0888	0.0888	0.0877	0.0899	0.0891	0.0874	0.0879	0.0915	0.0885	0.0881	0.0877	0.0906	0.0878	0.0881	0.0896	0.0877	0.0871	0.0879	0.0882	
0.1183	0.1174	0.1209	0.1015	0.1002	0.0991	0.0930	0.0916	0.1209	0.1215	0.1148	0.1016	0.0983	0.1016	0.0938	0.0925	0.1121	0.1100	0.1071	0.0961	0.0935	0.0919	0.0916	0.0923	0.1092	0.1067	0.1022	0.0953	0.0933	0.0921	0.0911	0.0906	0.1019	0.0980	0.0983	0.0906	0.0895	0.0909	0.0907	0.0894	0.0938	0.0921	0.0914	0.0919	0.0912	0.0882	0.0909	0.0904	0.0908	0.0898	0.0876	0.0883	0.0931	0.0889	0.0882	0.0879	0.0901	0.0890	0.0881	0.0892	0.0884	0.0881	0.0885	0.0885	
0.1233	0.1213	0.1249	0.1019	0.1020	0.1005	0.0934	0.0922	0.1245	0.1262	0.1202	0.1023	0.0988	0.1030	0.0949	0.0929	0.1157	0.1127	0.1099	0.0977	0.0941	0.0927	0.0917	0.0919	0.1121	0.1083	0.1028	0.0949	0.0943	0.0931	0.0920	0.0904	0.1031	0.0993	0.0974	0.0914	0.0897	0.0903	0.0897	0.0887	0.0945	0.0924	0.0910	0.0905	0.0897	0.0889	0.0899	0.0893	0.0911	0.0896	0.0875	0.0885	0.0915	0.0891	0.0883	0.0879	0.0908	0.0890	0.0880	0.0884	0.0876	0.0873	0.0884	0.0891	
0.1269	0.1265	0.1293	0.1026	0.1031	0.1016	0.0938	0.0924	0.1307	0.1292	0.1223	0.1037	0.1001	0.1041	0.0947	0.0932	0.1202	0.1166	0.1127	0.0972	0.0953	0.0921	0.0912	0.0964	0.1148	0.1106	0.1034	0.0958	0.0943	0.0931	0.0906	0.0904	0.1055	0.1015	0.0985	0.0907	0.0903	0.0901	0.0908	0.0896	0.0946	0.0917	0.0912	0.0915	0.0895	0.0883	0.0902	0.0883	0.0917	0.0898	0.0879	0.0884	0.0917	0.0895	0.0868	0.0888	0.0896	0.0875	0.0883	0.0888	0.0877	0.0886	0.0889	0.0888	
0.1318	0.1313	0.1349	0.1038	0.1047	0.1017	0.0936	0.0928	0.1359	0.1348	0.1266	0.1053	0.1013	0.1041	0.0958	0.0932	0.1246	0.1209	0.1162	0.0983	0.0961	0.0957	0.0924	0.0918	0.1190	0.1144	0.1058	0.0961	0.0945	0.0925	0.0908	0.0901	0.1066	0.1036	0.1002	0.0919	0.0906	0.0897	0.0904	0.0902	0.0952	0.0924	0.0930	0.0925	0.0906	0.0886	0.0903	0.0887	0.0910	0.0897	0.0877	0.0892	0.0916	0.0887	0.0880	0.0875	0.0896	0.0883	0.0872	0.0878	0.0886	0.0888	0.0874	0.0882	
0.1378	0.1384	0.1399	0.1061	0.1051	0.1034	0.0946	0.0924	0.1431	0.1423	0.1317	0.1058	0.1015	0.1033	0.0955	0.0934	0.1302	0.1253	0.1207	0.0984	0.0968	0.0927	0.0919	0.0915	0.1223	0.1174	0.1072	0.0975	0.0938	0.0929	0.0908	0.0907	0.1102	0.1056	0.1017	0.0913	0.0912	0.0896	0.0925	0.0894	0.0962	0.0932	0.0919	0.0912	0.0909	0.0884	0.0907	0.0889	0.0918	0.0903	0.0864	0.0882	0.0907	0.0884	0.0874	0.0878	0.0901	0.0878	0.0883	0.0889	0.0876	0.0868	0.0882	0.0885	
0.1445	0.1454	0.1470	0.1075	0.1076	0.1048	0.0951	0.0927	0.1505	0.1495	0.1363	0.1083	0.1034	0.1060	0.0960	0.0942	0.1368	0.1309	0.1239	0.0993	0.0969	0.0931	0.0934	0.0958	0.1256	0.1230	0.1110	0.0980	0.0953	0.0938	0.0927	0.0910	0.1138	0.1089	0.1029	0.0926	0.0911	0.0903	0.0904	0.0898	0.0983	0.0944	0.0922	0.0917	0.0904	0.0888	0.0896	0.0885	0.0926	0.0896	0.0874	0.0894	0.0913	0.0878	0.0872	0.0878	0.0909	0.0876	0.0890	0.0883	0.0884	0.0873	0.0878	0.0884	
0.1512	0.1513	0.1545	0.1080	0.1092	0.1047	0.0948	0.0936	0.1578	0.1559	0.1414	0.1101	0.1047	0.1060	0.0969	0.0938	0.1418	0.1369	0.1289	0.1021	0.0983	0.0939	0.0925	0.0927	0.1330	0.1269	0.1123	0.0977	0.0959	0.0932	0.0919	0.0904	0.1170	0.1123	0.1042	0.0929	0.0910	0.0913	0.0902	0.0889	0.0986	0.0945	0.0931	0.0926	0.0903	0.0890	0.0899	0.0888	0.0932	0.0905	0.0884	0.0879	0.0908	0.0885	0.0882	0.0885	0.0904	0.0879	0.0874	0.0878	0.0876	0.0872	0.0886	0.0870	
0.1603	0.1623	0.1612	0.1096	0.1103	0.1056	0.0957	0.0931	0.1668	0.1660	0.1500	0.1115	0.1051	0.1057	0.0967	0.0948	0.1496	0.1439	0.1339	0.1024	0.0989	0.0943	0.0927	0.0920	0.1402	0.1328	0.1155	0.0988	0.0952	0.0934	0.0924	0.0902	0.1228	0.1157	0.1080	0.0928	0.0902	0.0910	0.0903	0.0895	0.1004	0.0960	0.0936	0.0918	0.0903	0.0888	0.0910	0.0889	0.0933	0.0904	0.0871	0.0877	0.0909	0.0879	0.0874	0.0876	0.0903	0.0869	0.0869	0.0880	0.0872	0.0880	0.0875	0.0877	
0.1707	0.1716	0.1722	0.1122	0.1130	0.1074	0.0964	0.0933	0.1784	0.1768	0.1575	0.1131	0.1061	0.1070	0.0972	0.0955	0.1589	0.1520	0.1419	0.1040	0.0998	0.0943	0.0942	0.0926	0.1451	0.1402	0.1195	0.0994	0.0964	0.0943	0.0922	0.0919	0.1282	0.1195	0.1113	0.0929	0.0918	0.0907	0.0905	0.0896	0.1039	0.0967	0.0948	0.0930	0.0909	0.0891	0.0903	0.0891	0.0931	0.0911	0.0887	0.0886	0.0916	0.0884	0.0876	0.0879	0.0908	0.0881	0.0896	0.0879	0.0879	0.0873	0.0880	0.0883	
0.1811	0.1842	0.1838	0.1156	0.1155	0.1104	0.0971	0.0947	0.1915	0.1885	0.1647	0.1167	0.1091	0.1079	0.0978	0.0945	0.1701	0.1603	0.1492	0.1064	0.1010	0.0952	0.0937	0.0934	0.1559	0.1453	0.1211	0.1008	0.0985	0.0943	0.0932	0.0916	0.1339	0.1251	0.1143	0.0933	0.0923	0.0914	0.0911	0.0901	0.1049	0.0975	0.0963	0.0924	0.0913	0.0902	0.0905	0.0900	0.0945	0.0915	0.0885	0.0884	0.0918	0.0893	0.0887	0.0886	0.0905	0.0880	0.0882	0.0885	0.0876	0.0877	0.0885	0.0887	
0.1945	0.1969	0.1961	0.1186	0.1183	0.1117	0.0980	0.0938	0.2046	0.1999	0.1753	0.1202	0.1098	0.1087	0.0987	0.0962	0.1823	0.1717	0.1567	0.1090	0.1029	0.0956	0.0957	0.0944	0.1653	0.1532	0.1264	0.1032	0.0986	0.0937	0.0927	0.0917	0.1408	0.1311	0.1182	0.0950	0.0923	0.0913	0.0911	0.0896	0.1070	0.0995	0.0964	0.0935	0.0916	0.0890	0.0909	0.0893	0.0949	0.0914	0.0880	0.0888	0.0914	0.0884	0.0866	0.0884	0.0911	0.0885	0.0871	0.0884	0.0877	0.0872	0.0885	0.0882	
0.2075	0.2117	0.2105	0.1217	0.1214	0.1140	0.0983	0.0954	0.2185	0.2138	0.1837	0.1217	0.1121	0.1097	0.0995	0.0963	0.1932	0.1829	0.1673	0.1101	0.1036	0.0957	0.0950	0.0955	0.1761	0.1621	0.1311	0.1042	0.0988	0.0949	0.0937	0.0924	0.1484	0.1361	0.1201	0.0944	0.0932	0.0907	0.0911	0.0903	0.1104	0.1020	0.0983	0.0934	0.0922	0.0910	0.0915	0.0904	0.0946	0.0910	0.0884	0.0886	0.0922	0.0880	0.0877	0.0885	0.0907	0.0890	0.0877	0.0888	0.0882	0.0876	0.0888	0.0876	
0.2229	0.2269	0.2233	0.1229	0.1242	0.1166	0.0988	0.0959	0.2365	0.2304	0.1972	0.1248	0.1134	0.1104	0.0988	0.0969	0.2076	0.1947	0.1758	0.1124	0.1045	0.0962	0.0958	0.0946	0.1873	0.1733	0.1367	0.1047	0.1008	0.0952	0.0939	0.0923	0.1572	0.1434	0.1263	0.0952	0.0935	0.0922	0.0914	0.0905	0.1129	0.1027	0.0984	0.0940	0.0909	0.0898	0.0908	0.0884	0.0969	0.0919	0.0891	0.0885	0.0918	0.0888	0.0865	0.0884	0.0905	0.0882	0.0881	0.0890	0.0874	0.0880	0.0884	0.0889	
0.2394	0.2443	0.2391	0.1265	0.1259	0.1170	0.0997	0.0961	0.2497	0.2457	0.2093	0.1290	0.1164	0.1123	0.0997	0.0973	0.2243	0.2081	0.1856	0.1146	0.1072	0.0962	0.0953	0.0946	0.2005	0.1858	0.1410	0.1057	0.1102	0.0955	0.0936	0.0921	0.1658	0.1515	0.1307	0.0960	0.0930	0.0912	0.0920	0.0905	0.1161	0.1057	0.1003	0.0943	0.0914	0.0896	0.0914	0.0892	0.0974	0.0929	0.0888	0.0890	0.0918	0.0883	0.0896	0.0890	0.0913	0.0889	0.0887	0.0890	0.0881	0.0878	0.0889	0.0889	
0.2586	0.2630	0.2573	0.1295	0.1313	0.1205	0.1006	0.0964	0.2712	0.2607	0.2213	0.1318	0.1196	0.1138	0.1021	0.0980	0.2383	0.2230	0.1981	0.1159	0.1078	0.0971	0.0969	0.0949	0.2112	0.1921	0.1479	0.1081	0.1016	0.0965	0.0942	0.0923	0.1747	0.1594	0.1347	0.0974	0.0950	0.0928	0.0922	0.0912	0.1210	0.1059	0.1006	0.0945	0.0918	0.0897	0.0893	0.0890	0.0978	0.0941	0.0893	0.0896	0.0922	0.0897	0.0882	0.0879	0.0911	0.0888	0.0894	0.0891	0.0875	0.0880	0.0890	0.0881	
0.2742	0.2841	0.2747	0.1333	0.1343	0.1223	0.1011	0.0967	0.2898	0.2805	0.2351	0.1360	0.1213	0.1145	0.1026	0.0971	0.2546	0.2388	0.2118	0.1198	0.1092	0.0981	0.0980	0.0997	0.2273	0.2087	0.1568	0.1103	0.1032	0.0963	0.0942	0.0925	0.1895	0.1685	0.1410	0.0976	0.0958	0.0937	0.0922	0.0906	0.1241	0.1110	0.1031	0.0945	0.0921	0.0895	0.0917	0.0891	0.0995	0.0955	0.0888	0.0894	0.0925	0.0893	0.0868	0.0895	0.0909	0.0880	0.0887	0.0895	0.0882	0.0882	0.0892	0.0888	
0.2965	0.3027	0.2933	0.1369	0.1380	0.1245	0.1014	0.0964	0.3102	0.3017	0.2502	0.1404	0.1225	0.1141	0.1016	0.0976	0.2743	0.2560	0.2246	0.1212	0.1102	0.0973	0.0959	0.0948	0.2425	0.2217	0.1609	0.1111	0.1037	0.0964	0.0941	0.0922	0.1999	0.1768	0.1454	0.0990	0.0945	0.0921	0.0926	0.0897	0.1286	0.1127	0.1038	0.0954	0.0917	0.0905	0.0899	0.0892	0.1015	0.0926	0.0885	0.0891	0.0918	0.0876	0.0885	0.0884	0.0905	0.0861	0.0874	0.0877	0.0874	0.0866	0.0875	0.0873	
0.3210	0.3287	0.3201	0.1438	0.1444	0.1298	0.1035	0.0976	0.3358	0.3270	0.2717	0.1457	0.1286	0.1173	0.1041	0.0992	0.2996	0.2786	0.2407	0.1263	0.1135	0.0994	0.0981	0.0951	0.2650	0.2415	0.1731	0.1145	0.1053	0.0972	0.0958	0.0923	0.2173	0.1941	0.1584	0.1010	0.0955	0.0932	0.0938	0.0911	0.1366	0.1183	0.1060	0.0973	0.0921	0.0908	0.0928	0.0897	0.1040	0.0955	0.0903	0.0901	0.0929	0.0885	0.0890	0.0887	0.0915	0.0896	0.0890	0.0896	0.0882	0.0884	0.0895	0.0883	
0.3453	0.3527	0.3452	0.1491	0.1499	0.1329	0.1047	0.0984	0.3610	0.3521	0.2904	0.1506	0.1317	0.1181	0.1043	0.0998	0.3221	0.2982	0.2598	0.1311	0.1153	0.0994	0.0979	0.0959	0.2827	0.2588	0.1810	0.1170	0.1069	0.0980	0.0952	0.0919	0.2308	0.2049	0.1658	0.1018	0.0957	0.0933	0.0918	0.0915	0.1434	0.1225	0.1100	0.0963	0.0937	0.0900	0.0909	0.0903	0.1061	0.0962	0.0896	0.0909	0.0928	0.0882	0.0883	0.0880	0.0903	0.0887	0.0889	0.0876	0.0879	0.0878	0.0885	0.0888	
0.3707	0.3823	0.3696	0.1568	0.1555	0.1366	0.1043	0.0993	0.3854	0.3758	0.3121	0.1578	0.1348	0.1204	0.1066	0.1003	0.3455	0.3231	0.2802	0.1347	0.1175	0.1011	0.0993	0.0957	0.3071	0.2789	0.1934	0.1190	0.1080	0.0986	0.0963	0.0924	0.2508	0.2243	0.1757	0.1013	0.0964	0.0936	0.0934	0.0903	0.1486	0.1257	0.1101	0.0970	0.0935	0.0900	0.0913	0.0891	0.1089	0.0956	0.0902	0.0896	0.0933	0.0889	0.0880	0.0883	0.0914	0.0882	0.0874	0.0889	0.0863	0.0874	0.0883	0.0875	
0.3980	0.4088	0.3960	0.1617	0.1623	0.1408	0.1064	0.0999	0.4104	0.4006	0.3367	0.1633	0.1402	0.1240	0.1068	0.1016	0.3736	0.3463	0.3006	0.1404	0.1214	0.1015	0.1003	0.0963	0.3247	0.2955	0.2057	0.1223	0.1094	0.0988	0.0961	0.0929	0.2681	0.2371	0.1860	0.1056	0.0985	0.0940	0.0934	0.0916	0.1595	0.1316	0.1141	0.0980	0.0929	0.0904	0.0915	0.0898	0.1111	0.0960	0.0918	0.0907	0.0931	0.0888	0.0878	0.0886	0.0918	0.0887	0.0884	0.0892	0.0881	0.0880	0.0899	0.0881	
0.4240	0.4362	0.4219	0.1665	0.1703	0.1457	0.1063	0.0991	0.4362	0.4285	0.3576	0.1715	0.1436	0.1246	0.1074	0.1010	0.3966	0.3700	0.3219	0.1448	0.1241	0.1016	0.0996	0.0970	0.3494	0.3188	0.2168	0.1254	0.1121	0.0976	0.0959	0.0931	0.2891	0.2562	0.1969	0.1048	0.0978	0.0940	0.0935	0.0903	0.1684	0.1376	0.1163	0.0994	0.0939	0.0911	0.0909	0.0901	0.1145	0.0981	0.0909	0.0897	0.0928	0.0881	0.0872	0.0885	0.0915	0.0882	0.0890	0.0887	0.0880	0.0879	0.0882	0.0888	
0.4509	0.4594	0.4471	0.1761	0.1777	0.1493	0.1080	0.0999	0.4613	0.4529	0.3808	0.1802	0.1486	0.1268	0.1077	0.1013	0.4223	0.3966	0.3481	0.1500	0.1253	0.1028	0.1010	0.0972	0.3749	0.3385	0.2303	0.1271	0.1129	0.0991	0.0964	0.0936	0.3119	0.2745	0.2116	0.1065	0.0993	0.0941	0.0935	0.0914	0.1779	0.1433	0.1186	0.0995	0.0935	0.0908	0.0915	0.0899	0.1171	0.0989	0.0910	0.0895	0.0914	0.0896	0.0874	0.0882	0.0913	0.0886	0.0886	0.0879	0.0877	0.0879	0.0884	0.0883	
0.4811	0.4895	0.4767	0.1844	0.1870	0.1582	0.1097	0.1018	0.4882	0.4794	0.4079	0.1908	0.1544	0.1300	0.1086	0.1016	0.4481	0.4192	0.3690	0.1595	0.1316	0.1046	0.1027	0.0973	0.3984	0.3643	0.2460	0.1316	0.1158	0.0997	0.0966	0.0933	0.3334	0.2944	0.2243	0.1081	0.0992	0.0951	0.0937	0.0910	0.1890	0.1516	0.1226	0.1000	0.0940	0.0906	0.0903	0.0903	0.1210	0.1002	0.0921	0.0900	0.0922	0.0880	0.0874	0.0882	0.0910	0.0887	0.0880	0.0886	0.0874	0.0889	0.0891	0.0876	
0.5022	0.5100	0.5032	0.1936	0.1960	0.1613	0.1118	0.1032	0.5094	0.5015	0.4326	0.1982	0.1606	0.1309	0.1107	0.1019	0.4711	0.4442	0.3921	0.1630	0.1351	0.1051	0.1036	0.0975	0.4219	0.3898	0.2621	0.1367	0.1185	0.1011	0.0965	0.0934	0.3527	0.3118	0.2361	0.1100	0.1009	0.0957	0.0935	0.0907	0.1989	0.1577	0.1259	0.1020	0.0947	0.0901	0.0903	0.0900	0.1259	0.1027	0.0934	0.0897	0.0931	0.0887	0.0882	0.0889	0.0926	0.0883	0.0888	0.0883	0.0881	0.0877	0.0890	0.0887	
0.5256	0.5380	0.5275	0.2083	0.2087	0.1699	0.1137	0.1030	0.5371	0.5313	0.4584	0.2100	0.1687	0.1341	0.1121	0.1034	0.5017	0.4732	0.4236	0.1722	0.1412	0.1062	0.1041	0.0989	0.4539	0.4156	0.2812	0.1403	0.1195	0.1011	0.0981	0.0945	0.3830	0.3422	0.2576	0.1136	0.1027	0.0961	0.0941	0.0915	0.2170	0.1683	0.1337	0.1025	0.0953	0.0907	0.0908	0.0904	0.1324	0.1039	0.0934	0.0912	0.0925	0.0889	0.0886	0.0890	0.0929	0.0900	0.0895	0.0894	0.0878	0.0886	0.0881	0.0891	
0.5482	0.5561	0.5486	0.2177	0.2200	0.1764	0.1136	0.1038	0.5600	0.5530	0.4847	0.2192	0.1759	0.1382	0.1132	0.1039	0.5209	0.4946	0.4461	0.1804	0.1443	0.1070	0.1058	0.0993	0.4827	0.4436	0.3030	0.1454	0.1227	0.1017	0.0986	0.0944	0.4101	0.3634	0.2767	0.1156	0.1035	0.0964	0.0948	0.0914	0.2308	0.1780	0.1371	0.1031	0.0952	0.0912	0.0914	0.0887	0.1368	0.1055	0.0933	0.0914	0.0926	0.0892	0.0885	0.0879	0.0926	0.0890	0.0879	0.0888	0.0881	0.0878	0.0889	0.0886	
0.5728	0.5817	0.5721	0.2308	0.2331	0.1859	0.1158	0.1056	0.5803	0.5768	0.5117	0.2361	0.1826	0.1413	0.1140	0.1057	0.5457	0.5225	0.4765	0.1899	0.1496	0.1091	0.1063	0.0991	0.5061	0.4693	0.3248	0.1505	0.1272	0.1021	0.0992	0.0953	0.4368	0.3888	0.2985	0.1181	0.1038	0.0966	0.0955	0.0908	0.2469	0.1898	0.1431	0.1044	0.0953	0.0906	0.0914	0.0902	0.1446	0.1076	0.0939	0.0901	0.0928	0.0889	0.0884	0.0877	0.0933	0.0894	0.0884	0.0888	0.0875	0.0883	0.0888	0.0880	
0.5946	0.6027	0.5953	0.2427	0.2438	0.1956	0.1184	0.1062	0.6054	0.5983	0.5381	0.2456	0.1906	0.1443	0.1171	0.1051	0.5676	0.5437	0.4998	0.1986	0.1557	0.1102	0.1086	0.0996	0.5301	0.4952	0.3473	0.1569	0.1281	0.1032	0.0983	0.0941	0.4587	0.4106	0.3189	0.1213	0.1057	0.0958	0.0951	0.0911	0.2650	0.2020	0.1501	0.1055	0.0962	0.0915	0.0909	0.0899	0.1533	0.1114	0.0954	0.0905	0.0932	0.0891	0.0882	0.0876	0.0924	0.0887	0.0881	0.0879	0.0880	0.0872	0.0883	0.0880	
0.6216	0.6279	0.6193	0.2597	0.2658	0.2057	0.1207	0.1069	0.6299	0.6251	0.5623	0.2617	0.2021	0.1479	0.1182	0.1074	0.5937	0.5689	0.5260	0.2122	0.1628	0.1115	0.1085	0.1001	0.5496	0.5181	0.3697	0.1627	0.1320	0.1039	0.1006	0.0938	0.4800	0.4321	0.3382	0.1247	0.1063	0.0971	0.0957	0.0919	0.2812	0.2145	0.1569	0.1072	0.0959	0.0909	0.0909	0.0889	0.1601	0.1143	0.0949	0.0911	0.0921	0.0887	0.0883	0.0883	0.0931	0.0892	0.0882	0.0881	0.0868	0.0873	0.0887	0.0873	
0.6443	0.6457	0.6381	0.2748	0.2782	0.2160	0.1242	0.1093	0.6455	0.6384	0.5786	0.2766	0.2100	0.1531	0.1212	0.1082	0.6091	0.5915	0.5433	0.2229	0.1703	0.1142	0.1117	0.1023	0.5663	0.5328	0.3908	0.1705	0.1384	0.1065	0.1011	0.0957	0.4995	0.4606	0.3626	0.1262	0.1105	0.0996	0.0959	0.0921	0.2966	0.2252	0.1621	0.1087	0.0977	0.0918	0.0919	0.0909	0.1678	0.1177	0.0962	0.0912	0.0936	0.0899	0.0888	0.0878	0.0935	0.0893	0.0893	0.0890	0.0869	0.0877	0.0890	0.0889	
0.6508	0.6492	0.6443	0.2908	0.2953	0.2274	0.1257	0.1087	0.6540	0.6480	0.5939	0.2894	0.2216	0.1584	0.1209	0.1082	0.6279	0.6019	0.5613	0.2341	0.1780	0.1144	0.1128	0.1026	0.5886	0.5572	0.4099	0.1768	0.1415	0.1065	0.1004	0.0947	0.5221	0.4785	0.3854	0.1299	0.1108	0.0998	0.0961	0.0922	0.3128	0.2400	0.1691	0.1098	0.0969	0.0899	0.0928	0.0888	0.1781	0.1206	0.0978	0.0914	0.0924	0.0875	0.0885	0.0879	0.0937	0.0889	0.0888	0.0887	0.0870	0.0885	0.0879	0.0883	
0.6585	0.6546	0.6498	0.3119	0.3147	0.2389	0.1280	0.1099	0.6658	0.6654	0.6182	0.3103	0.2334	0.1620	0.1236	0.1094	0.6476	0.6237	0.5853	0.2484	0.1858	0.1168	0.1153	0.1031	0.6094	0.5812	0.4335	0.1853	0.1434	0.1080	0.1017	0.0942	0.5497	0.5044	0.4072	0.1339	0.1122	0.0992	0.0970	0.0917	0.3353	0.2591	0.1811	0.1120	0.0985	0.0908	0.0920	0.0894	0.1867	0.1255	0.0993	0.0919	0.0928	0.0893	0.0874	0.0877	0.0943	0.0885	0.0881	0.0879	0.0870	0.0874	0.0887	0.0885	
0.6618	0.6569	0.6578	0.3312	0.3340	0.2530	0.1314	0.1111	0.6713	0.6711	0.6355	0.3240	0.2488	0.1659	0.1276	0.1126	0.6577	0.6380	0.6050	0.2649	0.1933	0.1215	0.1165	0.1034	0.6315	0.6028	0.4607	0.1947	0.1525	0.1094	0.1036	0.0961	0.5725	0.5266	0.4295	0.1365	0.1145	0.1002	0.0961	0.0917	0.3552	0.2758	0.1898	0.1130	0.0994	0.0904	0.0927	0.0893	0.1992	0.1295	0.0995	0.0907	0.0922	0.0882	0.0872	0.0879	0.0944	0.0896	0.0878	0.0882	0.0869	0.0876	0.0872	0.0875	
0.6687	0.6638	0.6632	0.3527	0.3598	0.2704	0.1358	0.1145	0.6778	0.6778	0.6563	0.3496	0.2615	0.1749	0.1315	0.1130	0.6653	0.6478	0.6224	0.2856	0.2034	0.1227	0.1200	0.1049	0.6476	0.6295	0.4904	0.2078	0.1599	0.1102	0.1037	0.0966	0.5944	0.5585	0.4607	0.1453	0.1181	0.1019	0.0987	0.0925	0.3834	0.3019	0.2030	0.1165	0.1016	0.0914	0.0914	0.0911	0.2187	0.1393	0.1018	0.0924	0.0932	0.0893	0.0888	0.0885	0.0961	0.0900	0.0886	0.0876	0.0882	0.0878	0.0887	0.0883	
0.6713	0.6641	0.6650	0.3780	0.3826	0.2867	0.1384	0.1148	0.6780	0.6798	0.6656	0.3693	0.2796	0.1835	0.1326	0.1140	0.6693	0.6528	0.6320	0.2982	0.2137	0.1238	0.1228	0.1050	0.6416	0.6390	0.5118	0.2168	0.1653	0.1122	0.1056	0.0965	0.6105	0.5796	0.4861	0.1487	0.1207	0.1021	0.0983	0.0932	0.4071	0.3209	0.2135	0.1179	0.1005	0.0907	0.0913	0.0893	0.2294	0.1431	0.1033	0.0926	0.0939	0.0888	0.0874	0.0890	0.0963	0.0893	0.0882	0.0885	0.0876	0.0879	0.0878	0.0887	
0.6689	0.6686	0.6696	0.4003	0.4072	0.3046	0.1435	0.1169	0.6811	0.6829	0.6689	0.3926	0.2913	0.1898	0.1362	0.1155	0.6724	0.6585	0.6434	0.3200	0.2275	0.1281	0.1250	0.1062	0.6470	0.6423	0.5354	0.2288	0.1704	0.1145	0.1066	0.0976	0.6151	0.5990	0.5103	0.1531	0.1244	0.1031	0.0990	0.0932	0.4290	0.3410	0.2273	0.1214	0.1018	0.0912	0.0920	0.0899	0.2476	0.1474	0.1044	0.0919	0.0936	0.0882	0.0882	0.0876	0.0967	0.0906	0.0884	0.0876	0.0870	0.0875	0.0879	0.0878	
0.6759	0.6692	0.6698	0.4248	0.4320	0.3242	0.1480	0.1195	0.6843	0.6876	0.6736	0.4162	0.3108	0.1978	0.1400	0.1180	0.6738	0.6597	0.6440	0.3408	0.2417	0.1318	0.1276	0.1073	0.6595	0.6500	0.5603	0.2440	0.1758	0.1155	0.1078	0.0979	0.6299	0.6169	0.5356	0.1607	0.1268	0.1038	0.0993	0.0925	0.4486	0.3604	0.2395	0.1249	0.1026	0.0910	0.0921	0.0897	0.2651	0.1592	0.1066	0.0937	0.0937	0.0884	0.0875	0.0885	0.0983	0.0894	0.0882	0.0877	0.0872	0.0878	0.0881	0.0882	
0.6717	0.6696	0.6690	0.4487	0.4541	0.3450	0.1546	0.1212	0.6841	0.6866	0.6757	0.4391	0.3268	0.2072	0.1435	0.1197	0.6747	0.6627	0.6521	0.3629	0.2523	0.1361	0.1324	0.1099	0.6650	0.6554	0.5859	0.2580	0.1933	0.1181	0.1095	0.0994	0.6432	0.6164	0.5625	0.1694	0.1291	0.1055	0.1004	0.0931	0.4755	0.3846	0.2567	0.1288	0.1041	0.0919	0.0910	0.0903	0.2856	0.1678	0.1096	0.0934	0.0940	0.0889	0.0871	0.0894	0.1002	0.0899	0.0893	0.0884	0.0893	0.0881	0.0886	0.0882	
0.6752	0.6709	0.6680	0.4721	0.4829	0.3674	0.1583	0.1236	0.6837	0.6863	0.6749	0.4576	0.3410	0.2145	0.1478	0.1206	0.6739	0.6617	0.6491	0.3804	0.2635	0.1392	0.1340	0.1109	0.6643	0.6533	0.6067	0.2700	0.1945	0.1201	0.1103	0.0978	0.6492	0.6211	0.5797	0.1763	0.1330	0.1062	0.1013	0.0923	0.4977	0.4083	0.2737	0.1317	0.1056	0.0922	0.0916	0.0892	0.3020	0.1774	0.1109	0.0943	0.0935	0.0883	0.0882	0.0883	0.1010	0.0916	0.0888	0.0878	0.0881	0.0871	0.0881	0.0882	
0.6755	0.6716	0.6711	0.4979	0.5046	0.3923	0.1654	0.1263	0.6896	0.6894	0.6771	0.4816	0.3619	0.2263	0.1527	0.1238	0.6788	0.6635	0.6524	0.4058	0.2853	0.1423	0.1376	0.1118	0.6734	0.6607	0.6206	0.2907	0.2045	0.1224	0.1133	0.0998	0.6578	0.6291	0.5997	0.1875	0.1367	0.1081	0.1027	0.0927	0.5203	0.4317	0.2914	0.1346	0.1075	0.0922	0.0925	0.0896	0.3279	0.1874	0.1152	0.0950	0.0937	0.0888	0.0877	0.0888	0.1018	0.0911	0.0888	0.0884	0.0883	0.0871	0.0889	0.0877	
0.6761	0.6735	0.6716	0.5253	0.5311	0.4106	0.1719	0.1280	0.6906	0.6940	0.6817	0.5185	0.3894	0.2374	0.1592	0.1265	0.6850	0.6646	0.6555	0.4428	0.3098	0.1475	0.1446	0.1143	0.6855	0.6724	0.6523	0.3157	0.2150	0.1268	0.1130	0.0991	0.6684	0.6478	0.6280	0.1963	0.1438	0.1089	0.1035	0.0939	0.5501	0.4594	0.3217	0.1412	0.1096	0.0940	0.0930	0.0905	0.3539	0.2023	0.1195	0.0965	0.0953	0.0899	0.0891	0.0884	0.1049	0.0926	0.0888	0.0900	0.0887	0.0883	0.0889	0.0884	
0.6771	0.6775	0.6749	0.5469	0.5528	0.4384	0.1783	0.1320	0.6911	0.6969	0.6850	0.5464	0.4190	0.2499	0.1632	0.1295	0.6836	0.6711	0.6579	0.4678	0.3340	0.1542	0.1479	0.1157	0.6864	0.6739	0.6528	0.3349	0.2308	0.1285	0.1160	0.1012	0.6706	0.6483	0.6276	0.2086	0.1473	0.1137	0.1039	0.0946	0.5687	0.4848	0.3361	0.1465	0.1099	0.0929	0.0922	0.0887	0.3738	0.2160	0.1200	0.0952	0.0954	0.0876	0.0878	0.0885	0.1062	0.0925	0.0896	0.0882	0.0885	0.0874	0.0875	0.0869	
0.6822	0.6774	0.6798	0.5737	0.5771	0.4619	0.1845	0.1351	0.6994	0.7015	0.6882	0.5717	0.4435	0.2653	0.1701	0.1305	0.6840	0.6760	0.6652	0.4971	0.3507	0.1583	0.1537	0.1192	0.6861	0.6782	0.6601	0.3617	0.2403	0.1302	0.1182	0.1006	0.6706	0.6497	0.6358	0.2189	0.1549	0.1137	0.1047	0.0935	0.5953	0.5180	0.3582	0.1518	0.1116	0.0922	0.0924	0.0887	0.4002	0.2299	0.1249	0.0946	0.0946	0.0893	0.0878	0.0891	0.1109	0.0929	0.0884	0.0876	0.0875	0.0862	0.0879	0.0871	
0.6858	0.6824	0.6825	0.5976	0.6013	0.4915	0.1952	0.1394	0.6997	0.7020	0.6936	0.5942	0.4719	0.2787	0.1763	0.1353	0.6914	0.6771	0.6654	0.5230	0.3749	0.1667	0.1637	0.1210	0.6879	0.6796	0.6604	0.3783	0.2534	0.1342	0.1210	0.1020	0.6729	0.6527	0.6383	0.2321	0.1597	0.1160	0.1070	0.0955	0.6007	0.5395	0.3850	0.1608	0.1142	0.0921	0.0927	0.0905	0.4266	0.2450	0.1303	0.0974	0.0946	0.0886	0.0887	0.0887	0.1139	0.0949	0.0895	0.0892	0.0888	0.0881	0.0893	0.0875	
0.6876	0.6832	0.6825	0.6145	0.6202	0.5166	0.2018	0.1434	0.7010	0.7055	0.6949	0.6164	0.4964	0.2910	0.1836	0.1404	0.6965	0.6782	0.6646	0.5464	0.4014	0.1733	0.1655	0.1233	0.6900	0.6815	0.6604	0.3966	0.2693	0.1388	0.1246	0.1035	0.6758	0.6583	0.6391	0.2476	0.1670	0.1183	0.1072	0.0941	0.5994	0.5644	0.4043	0.1639	0.1175	0.0939	0.0935	0.0890	0.4490	0.2605	0.1351	0.0981	0.0957	0.0892	0.0888	0.0883	0.1174	0.0957	0.0892	0.0895	0.0881	0.0886	0.0883	0.0870	
0.6858	0.6812	0.6802	0.6227	0.6305	0.5375	0.2104	0.1451	0.6989	0.7001	0.6898	0.6298	0.5215	0.3088	0.1886	0.1414	0.6877	0.6751	0.6659	0.5666	0.4242	0.1764	0.1732	0.1250	0.6878	0.6768	0.6608	0.4169	0.2857	0.1421	0.1253	0.1028	0.6732	0.6513	0.6349	0.2575	0.1758	0.1201	0.1078	0.0961	0.6015	0.5856	0.4244	0.1704	0.1177	0.0935	0.0940	0.0893	0.4744	0.2818	0.1400	0.0990	0.0952	0.0900	0.0881	0.0877	0.1200	0.0961	0.0890	0.0886	0.0871	0.0870	0.0874	0.0881	
0.6894	0.6870	0.6864	0.6340	0.6394	0.5603	0.2240	0.1506	0.7062	0.7085	0.6962	0.6481	0.5498	0.3245	0.1994	0.1457	0.7023	0.6827	0.6712	0.5949	0.4511	0.1879	0.1829	0.1295	0.6983	0.6853	0.6635	0.4530	0.2958	0.1471	0.1286	0.1047	0.6799	0.6584	0.6459	0.2819	0.1823	0.1225	0.1107	0.0966	0.6257	0.6003	0.4541	0.1828	0.1223	0.0935	0.0932	0.0912	0.5007	0.3048	0.1467	0.0992	0.0948	0.0888	0.0886	0.0888	0.1249	0.0983	0.0888	0.0888	0.0880	0.0878	0.0894	0.0887	
0.6944	0.6898	0.6894	0.6397	0.6447	0.5810	0.2340	0.1552	0.7106	0.7103	0.6974	0.6532	0.5731	0.3468	0.2091	0.1501	0.7052	0.6873	0.6747	0.6129	0.4816	0.1966	0.1903	0.1319	0.6959	0.6878	0.6705	0.4796	0.3130	0.1523	0.1316	0.1050	0.6805	0.6635	0.6504	0.2989	0.1941	0.1249	0.1114	0.0950	0.6225	0.6155	0.4787	0.1912	0.1251	0.0943	0.0942	0.0899	0.5284	0.3233	0.1533	0.0998	0.0960	0.0898	0.0868	0.0887	0.1296	0.0996	0.0882	0.0894	0.0883	0.0873	0.0886	0.0880	
0.6971	0.6928	0.6901	0.6447	0.6487	0.6017	0.2472	0.1616	0.7115	0.7153	0.7027	0.6553	0.5968	0.3634	0.2200	0.1546	0.7028	0.6903	0.6762	0.6227	0.5037	0.2071	0.2012	0.1357	0.6958	0.6858	0.6703	0.4985	0.3295	0.1584	0.1365	0.1082	0.6819	0.6604	0.6515	0.3192	0.1998	0.1281	0.1136	0.0972	0.6226	0.6247	0.5042	0.1978	0.1283	0.0954	0.0939	0.0907	0.5544	0.3439	0.1606	0.1015	0.0970	0.0885	0.0882	0.0883	0.1347	0.1018	0.0894	0.0883	0.0882	0.0872	0.0892	0.0887	
0.7006	0.6957	0.6923	0.6476	0.6525	0.6160	0.2614	0.1657	0.7130	0.7146	0.7034	0.6561	0.6173	0.3826	0.2305	0.1598	0.7033	0.6917	0.6754	0.6301	0.5339	0.2172	0.2101	0.1382	0.6908	0.6861	0.6703	0.5138	0.3486	0.1659	0.1403	0.1085	0.6796	0.6605	0.6440	0.3370	0.2106	0.1321	0.1156	0.0972	0.6245	0.6331	0.5356	0.2098	0.1323	0.0955	0.0943	0.0907	0.5818	0.3721	0.1689	0.1029	0.0965	0.0892	0.0875	0.0880	0.1424	0.1024	0.0893	0.0878	0.0874	0.0879	0.0887	0.0879	
0.6994	0.6961	0.6952	0.6457	0.6529	0.6256	0.2751	0.1737	0.7145	0.7165	0.7027	0.6599	0.6299	0.4049	0.2411	0.1635	0.7074	0.6938	0.6788	0.6303	0.5561	0.2266	0.2198	0.1425	0.6838	0.6811	0.6669	0.5387	0.3681	0.1685	0.1421	0.1090	0.6730	0.6526	0.6407	0.3595	0.2225	0.1355	0.1163	0.0963	0.6232	0.6339	0.5599	0.2232	0.1335	0.0948	0.0952	0.0902	0.6050	0.3911	0.1759	0.1028	0.0966	0.0888	0.0878	0.0879	0.1481	0.1042	0.0888	0.0886	0.0871	0.0869	0.0884	0.0890	
0.7038	0.6989	0.6970	0.6497	0.6545	0.6310	0.2937	0.1790	0.7153	0.7186	0.7056	0.6604	0.6402	0.4244	0.2545	0.1684	0.7074	0.6938	0.6825	0.6330	0.5759	0.2383	0.2315	0.1468	0.6894	0.6850	0.6721	0.5619	0.3922	0.1765	0.1484	0.1111	0.6828	0.6602	0.6483	0.3813	0.2342	0.1388	0.1200	0.0973	0.6263	0.6324	0.5824	0.2377	0.1389	0.0968	0.0951	0.0911	0.6187	0.4141	0.1872	0.1050	0.0978	0.0903	0.0881	0.0890	0.1572	0.1076	0.0889	0.0889	0.0876	0.0881	0.0888	0.0889	
0.7020	0.7006	0.6962	0.6501	0.6517	0.6308	0.3078	0.1846	0.7168	0.7180	0.7076	0.6585	0.6484	0.4491	0.2638	0.1753	0.7088	0.6936	0.6814	0.6355	0.5985	0.2526	0.2435	0.1502	0.6916	0.6830	0.6696	0.5829	0.4216	0.1841	0.1527	0.1118	0.6760	0.6577	0.6446	0.4003	0.2478	0.1427	0.1221	0.0979	0.6275	0.6368	0.6026	0.2511	0.1430	0.0958	0.0948	0.0896	0.6280	0.4425	0.1975	0.1048	0.0977	0.0891	0.0880	0.0885	0.1634	0.1104	0.0879	0.0888	0.0881	0.0878	0.0880	0.0870	
0.7061	0.7014	0.7000	0.6500	0.6560	0.6326	0.3275	0.1951	0.7180	0.7181	0.7108	0.6639	0.6503	0.4726	0.2774	0.1821	0.7106	0.6935	0.6793	0.6400	0.6168	0.2665	0.2559	0.1560	0.6923	0.6879	0.6715	0.6026	0.4509	0.1906	0.1558	0.1138	0.6788	0.6577	0.6475	0.4245	0.2593	0.1490	0.1259	0.0979	0.6282	0.6366	0.6129	0.2665	0.1487	0.0961	0.0963	0.0907	0.6364	0.4629	0.2090	0.1077	0.0986	0.0890	0.0889	0.0896	0.1734	0.1134	0.0895	0.0884	0.0875	0.0879	0.0883	0.0883	
0.7067	0.7043	0.7018	0.6500	0.6574	0.6345	0.3481	0.2055	0.7205	0.7246	0.7137	0.6717	0.6617	0.5059	0.2973	0.1898	0.7144	0.6971	0.6880	0.6486	0.6364	0.2865	0.2766	0.1646	0.7144	0.7067	0.6878	0.6463	0.5036	0.1974	0.1642	0.1153	0.6963	0.6829	0.6685	0.4642	0.2837	0.1543	0.1305	0.0985	0.6393	0.6420	0.6278	0.2783	0.1561	0.0975	0.0956	0.0908	0.6424	0.4930	0.2289	0.1095	0.0984	0.0894	0.0884	0.0885	0.1866	0.1168	0.0902	0.0890	0.0891	0.0883	0.0890	0.0889	
0.7154	0.7127	0.7097	0.6542	0.6627	0.6384	0.3683	0.2153	0.7223	0.7294	0.7182	0.6751	0.6669	0.5347	0.3116	0.1995	0.7178	0.7031	0.6936	0.6517	0.6472	0.3016	0.2921	0.1691	0.7120	0.7007	0.6869	0.6459	0.5341	0.2092	0.1694	0.1175	0.6960	0.6771	0.6667	0.4892	0.3001	0.1609	0.1326	0.0996	0.6425	0.6473	0.6348	0.2975	0.1627	0.0985	0.0949	0.0907	0.6459	0.5177	0.2411	0.1106	0.0994	0.0890	0.0887	0.0879	0.1982	0.1205	0.0900	0.0886	0.0881	0.0861	0.0878	0.0882	
0.7162	0.7134	0.7103	0.6582	0.6631	0.6430	0.3942	0.2282	0.7271	0.7290	0.7169	0.6789	0.6680	0.5569	0.3319	0.2092	0.7185	0.7059	0.6935	0.6553	0.6476	0.3203	0.3096	0.1749	0.7081	0.7021	0.6862	0.6526	0.5551	0.2210	0.1771	0.1197	0.6921	0.6753	0.6652	0.5166	0.3204	0.1661	0.1360	0.1002	0.6455	0.6510	0.6383	0.3190	0.1701	0.0991	0.0968	0.0902	0.6531	0.5481	0.2618	0.1132	0.1002	0.0893	0.0892	0.0888	0.2138	0.1260	0.0903	0.0891	0.0884	0.0868	0.0889	0.0881	
0.7205	0.7147	0.7124	0.6577	0.6663	0.6429	0.4155	0.2361	0.7274	0.7340	0.7194	0.6787	0.6703	0.5813	0.3512	0.2176	0.7218	0.7067	0.6980	0.6567	0.6512	0.3450	0.3284	0.1825	0.7145	0.7092	0.6905	0.6584	0.5782	0.2301	0.1842	0.1221	0.6996	0.6791	0.6661	0.5403	0.3465	0.1723	0.1391	0.1008	0.6415	0.6538	0.6388	0.3361	0.1766	0.1000	0.0985	0.0906	0.6528	0.5700	0.2785	0.1155	0.1001	0.0891	0.0888	0.0884	0.2237	0.1317	0.0902	0.0881	0.0884	0.0885	0.0893	0.0878	
0.7210	0.7182	0.7156	0.6620	0.6671	0.6458	0.4409	0.2510	0.7303	0.7307	0.7180	0.6810	0.6713	0.6023	0.3662	0.2286	0.7193	0.7094	0.6975	0.6575	0.6557	0.3714	0.3497	0.1914	0.7168	0.7102	0.6909	0.6529	0.6011	0.2419	0.1907	0.1258	0.7007	0.6825	0.6694	0.5631	0.3752	0.1787	0.1423	0.1015	0.6411	0.6500	0.6421	0.3599	0.1864	0.1015	0.0972	0.0911	0.6534	0.6002	0.2939	0.1175	0.1011	0.0903	0.0890	0.0884	0.2396	0.1362	0.0905	0.0897	0.0891	0.0882	0.0883	0.0884	
