0.0869	0.0860	0.0861	0.0854	0.0880	0.0879	0.0874	0.0865	0.0883	0.0881	0.0911	0.0882	0.0891	0.0922	0.0936	0.0970	0.0870	0.0869	0.0865	0.0882	0.0866	0.0899	0.0880	0.0859	0.0881	0.0855	0.0884	0.0890	0.0869	0.0882	0.0868	0.0871	0.0850	0.0874	0.0843	0.0971	0.0847	0.0871	0.0845	0.0852	0.0961	0.0874	0.0943	0.0870	0.0893	0.0882	0.1052	0.0934	0.0869	0.0864	0.0874	0.0908	0.0886	0.0865	0.0863	0.0909	0.0883	0.0878	0.0863	0.0941	0.0858	0.0861	0.0987	0.0838	
0.0898	0.0900	0.0900	0.0890	0.0907	0.0898	0.0894	0.0908	0.0912	0.0895	0.0918	0.0915	0.0897	0.0930	0.0945	0.1019	0.0906	0.0902	0.0886	0.0896	0.0889	0.0934	0.0907	0.0907	0.0900	0.0907	0.0899	0.0920	0.0892	0.0913	0.0900	0.0935	0.0884	0.0897	0.0895	0.0995	0.0883	0.0935	0.0900	0.0872	0.0898	0.0917	0.0892	0.0906	0.0934	0.0904	0.0899	0.0972	0.0904	0.0891	0.0899	0.0921	0.0907	0.0887	0.0906	0.0947	0.0901	0.0903	0.0895	0.0967	0.0891	0.0897	0.0932	0.0891	
0.0903	0.0904	0.0908	0.0903	0.0907	0.0907	0.0898	0.0900	0.0920	0.0901	0.0928	0.0910	0.0930	0.0926	0.0953	0.1013	0.0916	0.0907	0.0898	0.0917	0.0911	0.0951	0.0923	0.0919	0.0909	0.0908	0.0898	0.0927	0.0913	0.0920	0.0919	0.0944	0.0906	0.0918	0.0901	0.1012	0.0903	0.0916	0.0922	0.0916	0.0908	0.0923	0.0894	0.0911	0.0912	0.0917	0.0898	0.0983	0.0910	0.0909	0.0926	0.0930	0.0910	0.0900	0.0907	0.0956	0.0911	0.0917	0.0911	0.0985	0.0901	0.0888	0.0929	0.0895	
0.0902	0.0906	0.0895	0.0896	0.0899	0.0895	0.0890	0.0913	0.0902	0.0904	0.0919	0.0906	0.0898	0.0924	0.0936	0.1008	0.0900	0.0894	0.0907	0.0911	0.0902	0.0937	0.0919	0.0916	0.0899	0.0909	0.0898	0.0925	0.0898	0.0913	0.0894	0.0931	0.0901	0.0913	0.0902	0.1070	0.0901	0.0924	0.0910	0.0895	0.0891	0.0909	0.0913	0.0909	0.0908	0.0913	0.0917	0.0969	0.0899	0.0885	0.0898	0.0934	0.0936	0.0897	0.0897	0.0933	0.0906	0.0919	0.0911	0.0970	0.0898	0.0895	0.0920	0.0896	
0.0902	0.0907	0.0900	0.0912	0.0905	0.0904	0.0890	0.0904	0.0904	0.0913	0.0949	0.0900	0.0908	0.0929	0.0945	0.1033	0.0908	0.0904	0.0913	0.0913	0.0902	0.0939	0.0927	0.0912	0.0899	0.0910	0.0924	0.0894	0.0888	0.0902	0.0897	0.0933	0.0903	0.0909	0.0905	0.0999	0.0881	0.0923	0.0916	0.0891	0.0899	0.0913	0.0905	0.0905	0.0905	0.0912	0.0897	0.0983	0.0905	0.0889	0.0900	0.0980	0.0913	0.0908	0.0906	0.0944	0.0904	0.0910	0.0908	0.0981	0.0883	0.0900	0.0933	0.0890	
0.0900	0.0909	0.0899	0.0885	0.0903	0.0901	0.0903	0.0903	0.0908	0.0902	0.0921	0.0912	0.0899	0.0930	0.0943	0.1030	0.0908	0.0907	0.0899	0.0915	0.0903	0.0948	0.0930	0.0920	0.0911	0.0904	0.0902	0.0924	0.0897	0.0906	0.0914	0.0948	0.0899	0.0944	0.0912	0.1013	0.0890	0.0931	0.0900	0.0894	0.0905	0.0911	0.0910	0.0912	0.0883	0.0902	0.0906	0.0980	0.0903	0.0906	0.0912	0.0935	0.0923	0.0887	0.0903	0.0958	0.0904	0.0919	0.0908	0.0975	0.0890	0.0913	0.0925	0.0898	
0.0903	0.0906	0.0915	0.0908	0.0906	0.0903	0.0956	0.0890	0.0907	0.0913	0.0925	0.0912	0.0898	0.0936	0.0941	0.1015	0.0910	0.0908	0.0896	0.0914	0.0898	0.0940	0.0920	0.0914	0.0895	0.0908	0.0904	0.0918	0.0897	0.0917	0.0915	0.0932	0.0900	0.0911	0.0896	0.1005	0.0880	0.0926	0.0906	0.0887	0.0903	0.0905	0.0906	0.0899	0.0908	0.0913	0.0912	0.0982	0.0904	0.0900	0.0908	0.0941	0.0915	0.0898	0.0903	0.0950	0.0911	0.0927	0.0916	0.0972	0.0900	0.0906	0.0927	0.0901	
0.0884	0.0894	0.0891	0.0897	0.0896	0.0892	0.0890	0.0913	0.0894	0.0898	0.0918	0.0903	0.0889	0.0917	0.0932	0.1006	0.0895	0.0894	0.0889	0.0895	0.0888	0.0933	0.0912	0.0935	0.0889	0.0909	0.0893	0.0909	0.0902	0.0924	0.0914	0.0986	0.0893	0.0903	0.0901	0.1003	0.0884	0.0910	0.0908	0.0885	0.0909	0.0901	0.0906	0.0897	0.0891	0.0908	0.0893	0.0972	0.0894	0.0896	0.0893	0.0927	0.0912	0.0888	0.0895	0.0946	0.0890	0.0897	0.0897	0.0965	0.0888	0.0893	0.0911	0.0896	
0.0903	0.0905	0.0906	0.0906	0.0903	0.0893	0.0896	0.0908	0.0908	0.0903	0.0928	0.0908	0.0900	0.0932	0.0938	0.1024	0.0908	0.0908	0.0907	0.0920	0.0898	0.0937	0.0917	0.0913	0.0907	0.0912	0.0910	0.0917	0.0904	0.0909	0.0915	0.0953	0.0940	0.0922	0.0898	0.1015	0.0905	0.0935	0.0910	0.0894	0.0911	0.0919	0.0919	0.0906	0.0913	0.0915	0.0912	0.0978	0.0939	0.0963	0.0945	0.0969	0.0977	0.0960	0.0936	0.0957	0.0914	0.0899	0.0904	0.0974	0.0901	0.0926	0.0922	0.0971	
0.0903	0.0912	0.0899	0.0904	0.0909	0.0902	0.0893	0.0899	0.0912	0.0916	0.0933	0.0918	0.0898	0.0930	0.0936	0.1024	0.0908	0.0899	0.0907	0.0919	0.0899	0.0939	0.0924	0.0920	0.0917	0.0914	0.0907	0.0920	0.0913	0.0916	0.0917	0.0945	0.0909	0.0908	0.0912	0.1006	0.0900	0.0932	0.0918	0.0894	0.0908	0.0918	0.0904	0.0917	0.0904	0.0925	0.0911	0.0993	0.0904	0.0907	0.0914	0.0942	0.0931	0.0902	0.0905	0.0958	0.0919	0.0911	0.0914	0.0989	0.0899	0.0898	0.0932	0.0897	
0.0906	0.0909	0.0906	0.0911	0.0912	0.0892	0.0891	0.0902	0.0915	0.0920	0.0931	0.0911	0.0909	0.0919	0.0939	0.1017	0.0916	0.0906	0.0913	0.0911	0.0900	0.0956	0.0922	0.0913	0.0911	0.0903	0.0922	0.0917	0.0904	0.0927	0.0920	0.0947	0.0913	0.0923	0.0905	0.1017	0.0899	0.0924	0.0916	0.0896	0.0919	0.0919	0.0909	0.0915	0.0927	0.0909	0.0928	0.0978	0.0910	0.0902	0.0910	0.0940	0.0920	0.0899	0.0898	0.0952	0.0919	0.0912	0.0909	0.0976	0.0908	0.0907	0.0929	0.0905	
0.0923	0.0911	0.0904	0.0902	0.0902	0.0896	0.0888	0.0899	0.0912	0.0909	0.0929	0.0910	0.0897	0.0927	0.0936	0.1021	0.0916	0.0897	0.0912	0.0914	0.0895	0.0931	0.0925	0.0902	0.0917	0.0912	0.0898	0.0964	0.0898	0.0921	0.0913	0.0947	0.0920	0.0916	0.0904	0.1012	0.0901	0.0928	0.0920	0.0898	0.0923	0.0909	0.0917	0.0911	0.0913	0.0921	0.0908	0.0982	0.0893	0.0901	0.0911	0.0937	0.0919	0.0909	0.0907	0.0961	0.0922	0.0916	0.0899	0.0973	0.0894	0.0914	0.0923	0.0907	
0.0907	0.0909	0.0900	0.0909	0.0903	0.0894	0.0890	0.0906	0.0920	0.0917	0.0933	0.0909	0.0903	0.0938	0.0932	0.1009	0.0914	0.0906	0.0905	0.0918	0.0906	0.0938	0.0930	0.0903	0.0912	0.0916	0.0896	0.0910	0.0896	0.0914	0.0913	0.0935	0.0911	0.0909	0.0900	0.1013	0.0910	0.0941	0.0914	0.0881	0.0908	0.0918	0.0906	0.0910	0.0896	0.0911	0.0906	0.0981	0.0905	0.0902	0.0908	0.0946	0.0920	0.0899	0.0908	0.0949	0.0907	0.0923	0.0914	0.0987	0.0917	0.0908	0.0926	0.0896	
0.0921	0.0920	0.0915	0.0907	0.0914	0.0903	0.0893	0.0904	0.0916	0.0937	0.0939	0.0916	0.0913	0.0937	0.0943	0.1020	0.0922	0.0918	0.0912	0.0913	0.0911	0.0939	0.0921	0.0913	0.0922	0.0921	0.0911	0.0926	0.0909	0.0921	0.0909	0.0949	0.0918	0.0917	0.0907	0.1020	0.0909	0.0936	0.0921	0.0898	0.0908	0.0921	0.0902	0.0904	0.0895	0.0927	0.0914	0.0988	0.0918	0.0899	0.0905	0.0949	0.0927	0.0904	0.0918	0.0957	0.0920	0.0916	0.0914	0.0985	0.0900	0.0912	0.0927	0.0902	
0.0918	0.0918	0.0910	0.0910	0.0912	0.0902	0.0893	0.0903	0.0922	0.0922	0.0936	0.0922	0.0902	0.0946	0.0938	0.1011	0.0920	0.0912	0.0910	0.0913	0.0910	0.0940	0.0919	0.0916	0.1030	0.0919	0.0907	0.0924	0.0905	0.0926	0.0915	0.0946	0.0914	0.0911	0.0904	0.1020	0.0898	0.0932	0.0913	0.0895	0.0905	0.0923	0.0916	0.0908	0.0907	0.0922	0.0917	0.0972	0.0915	0.0911	0.0917	0.0963	0.0926	0.0905	0.0922	0.0958	0.0917	0.0923	0.0907	0.0990	0.0910	0.0904	0.0935	0.0903	
0.0925	0.0927	0.0908	0.0918	0.0921	0.0907	0.0891	0.0903	0.0924	0.0927	0.0932	0.0921	0.0907	0.0933	0.0937	0.1023	0.0922	0.0918	0.0916	0.0914	0.0902	0.0929	0.0923	0.0904	0.0919	0.0920	0.0906	0.0919	0.0905	0.0923	0.0917	0.0937	0.0924	0.0910	0.0912	0.1020	0.0978	0.0924	0.0910	0.0886	0.0910	0.0912	0.0901	0.0917	0.0904	0.0920	0.0913	0.0979	0.0892	0.0898	0.0905	0.0946	0.0922	0.0907	0.0909	0.0949	0.0912	0.0916	0.0908	0.0976	0.0901	0.0910	0.0927	0.0909	
0.0925	0.0921	0.0918	0.0911	0.0914	0.0901	0.0890	0.0902	0.0927	0.0919	0.0937	0.0914	0.0904	0.0925	0.0936	0.1009	0.0926	0.0895	0.0905	0.0908	0.0902	0.0932	0.0925	0.0911	0.0905	0.0911	0.0904	0.0926	0.0907	0.0916	0.0910	0.0934	0.0916	0.0917	0.0914	0.1007	0.0904	0.0929	0.0913	0.0890	0.0914	0.0945	0.0905	0.0907	0.0907	0.0916	0.0912	0.0984	0.0898	0.0896	0.0891	0.0927	0.0915	0.0895	0.0890	0.0937	0.0902	0.0904	0.0917	0.0974	0.0903	0.0909	0.0917	0.0898	
0.0931	0.0930	0.0922	0.0917	0.0921	0.0904	0.0898	0.0907	0.0932	0.0931	0.0954	0.0917	0.1005	0.0936	0.0942	0.1022	0.0933	0.0916	0.0911	0.0912	0.0905	0.0952	0.0915	0.0912	0.0929	0.0926	0.0911	0.0926	0.0906	0.0923	0.0918	0.0944	0.0924	0.0915	0.0905	0.1016	0.0901	0.0937	0.0912	0.0890	0.0912	0.0920	0.0903	0.0906	0.0901	0.0915	0.0916	0.0993	0.0900	0.0896	0.0904	0.0936	0.0917	0.0897	0.0899	0.0957	0.0918	0.0908	0.0906	0.0980	0.0904	0.0906	0.0917	0.0906	
0.0934	0.0937	0.0929	0.0928	0.0925	0.0899	0.0889	0.0903	0.0939	0.0932	0.0935	0.0915	0.0901	0.0924	0.0936	0.1016	0.0933	0.0914	0.0909	0.0911	0.0899	0.0934	0.0915	0.0906	0.0920	0.0913	0.0900	0.0916	0.0908	0.0912	0.0913	0.0949	0.0921	0.0915	0.0902	0.1004	0.0900	0.0926	0.0915	0.0888	0.0907	0.0907	0.0896	0.0908	0.0902	0.0926	0.0909	0.0977	0.0916	0.0901	0.0914	0.0944	0.0927	0.0887	0.0896	0.0945	0.0900	0.0907	0.0901	0.0976	0.0905	0.0908	0.0932	0.0894	
0.0938	0.0945	0.0937	0.0921	0.0917	0.0902	0.0892	0.0905	0.0944	0.0943	0.0942	0.0925	0.0906	0.0935	0.0941	0.1022	0.0934	0.0922	0.0921	0.0914	0.0899	0.0940	0.0920	0.0911	0.0929	0.0924	0.0900	0.0922	0.0902	0.0917	0.0918	0.0941	0.0928	0.0906	0.0897	0.1012	0.0901	0.0934	0.0914	0.0892	0.0922	0.0927	0.0914	0.0919	0.0908	0.0923	0.0914	0.0985	0.0918	0.0911	0.0924	0.0947	0.0926	0.0921	0.0915	0.0965	0.0925	0.0919	0.0931	0.0983	0.0926	0.0934	0.0939	0.0904	
0.0947	0.0948	0.0933	0.0922	0.0919	0.0905	0.0894	0.0902	0.0953	0.0958	0.0949	0.0926	0.0907	0.0932	0.0942	0.1015	0.0942	0.0918	0.0914	0.0908	0.0898	0.0932	0.0919	0.0913	0.0931	0.0922	0.0911	0.0910	0.0900	0.0902	0.0908	0.0942	0.0917	0.0914	0.0904	0.1010	0.0902	0.0932	0.0914	0.0890	0.0918	0.0915	0.0905	0.0909	0.0903	0.0908	0.0911	0.0981	0.0910	0.0899	0.0909	0.0933	0.0918	0.0901	0.0888	0.0946	0.0914	0.0906	0.0911	0.0966	0.0898	0.0906	0.0917	0.0894	
0.0955	0.0946	0.0935	0.0926	0.0921	0.0903	0.0890	0.0899	0.0946	0.0939	0.0945	0.0926	0.0905	0.0923	0.0934	0.1012	0.0939	0.0923	0.0909	0.0916	0.0898	0.0933	0.0910	0.0908	0.0935	0.0927	0.0910	0.0918	0.0898	0.0915	0.0909	0.0943	0.0924	0.0906	0.0893	0.1011	0.0896	0.0924	0.0917	0.0887	0.0907	0.0920	0.0890	0.0904	0.0905	0.0907	0.0908	0.0979	0.0913	0.0899	0.0903	0.0930	0.0912	0.0894	0.0901	0.0950	0.0908	0.0916	0.0910	0.0982	0.0904	0.0909	0.0931	0.0893	
0.0965	0.0965	0.0948	0.0930	0.0922	0.0913	0.0895	0.0904	0.0963	0.0954	0.0955	0.0936	0.0908	0.0932	0.0942	0.1013	0.0947	0.0923	0.0922	0.0917	0.0987	0.0951	0.0922	0.0914	0.0943	0.0926	0.0903	0.0916	0.0904	0.0916	0.0916	0.0944	0.0922	0.0921	0.0907	0.1007	0.0904	0.0927	0.0914	0.0904	0.0919	0.0926	0.0916	0.0932	0.0904	0.0918	0.0914	0.0986	0.0911	0.0930	0.0958	0.0985	0.0942	0.0929	0.0908	0.0968	0.0916	0.0912	0.0911	0.0979	0.0911	0.0921	0.0930	0.0900	
0.0978	0.0978	0.0948	0.0939	0.0933	0.0909	0.0895	0.0904	0.0967	0.0953	0.0949	0.0925	0.0912	0.0932	0.0940	0.1017	0.0947	0.0934	0.0917	0.0918	0.0904	0.0932	0.0908	0.0921	0.0944	0.0951	0.0914	0.0919	0.0910	0.0988	0.0919	0.0942	0.0945	0.0966	0.0905	0.1010	0.0899	0.0933	0.0918	0.0894	0.0921	0.0920	0.0907	0.0902	0.0912	0.0922	0.0912	0.0973	0.0929	0.0893	0.0910	0.0936	0.0925	0.0900	0.0907	0.0963	0.0924	0.0912	0.0908	0.0984	0.0932	0.0913	0.0926	0.0908	
0.0987	0.0977	0.0956	0.0931	0.0926	0.0904	0.0896	0.0900	0.0979	0.0964	0.0950	0.0930	0.0930	0.0932	0.0941	0.1016	0.0958	0.0931	0.0914	0.0915	0.0897	0.0926	0.0911	0.0942	0.0943	0.0928	0.0911	0.0912	0.0909	0.0918	0.0912	0.0943	0.0920	0.0913	0.0912	0.1031	0.0891	0.0929	0.0912	0.0890	0.0924	0.0918	0.0910	0.0909	0.0906	0.0907	0.0910	0.0983	0.0910	0.0900	0.0904	0.0949	0.0917	0.0896	0.0899	0.0944	0.0907	0.0917	0.0901	0.0976	0.0894	0.0900	0.0929	0.0895	
0.1004	0.0992	0.0993	0.0942	0.0930	0.0909	0.0896	0.0902	0.0994	0.0960	0.0957	0.0940	0.0910	0.0927	0.0934	0.1012	0.0959	0.0940	0.0928	0.0922	0.0907	0.0934	0.0913	0.0905	0.0945	0.0931	0.0910	0.0921	0.0906	0.0925	0.0916	0.0948	0.0944	0.0917	0.0915	0.1007	0.0899	0.0936	0.0916	0.0901	0.0917	0.0918	0.0911	0.0903	0.0915	0.0917	0.0911	0.0980	0.0901	0.0912	0.0910	0.0948	0.0913	0.0904	0.0906	0.0953	0.0920	0.0917	0.0904	0.0985	0.0911	0.0904	0.0930	0.0904	
0.1014	0.0996	0.0969	0.0954	0.0929	0.0909	0.0894	0.0912	0.1011	0.0972	0.0956	0.0931	0.0908	0.0923	0.0937	0.1010	0.0962	0.0939	0.0924	0.0911	0.0894	0.0935	0.0908	0.0908	0.0948	0.0930	0.0908	0.0913	0.0897	0.0911	0.0907	0.0939	0.0930	0.0920	0.0898	0.1009	0.0894	0.0928	0.0912	0.0897	0.0912	0.0895	0.0895	0.0890	0.0882	0.0895	0.0881	0.0968	0.0884	0.0878	0.0886	0.0973	0.0893	0.0870	0.0899	0.0929	0.0886	0.0893	0.0941	0.0990	0.0890	0.0901	0.0899	0.0876	
0.1040	0.1025	0.0991	0.0952	0.0952	0.0926	0.0905	0.0916	0.1020	0.0986	0.0963	0.0953	0.0918	0.0935	0.0947	0.1035	0.0981	0.0956	0.0935	0.0940	0.0901	0.0943	0.0918	0.0918	0.0966	0.0939	0.0924	0.0929	0.0904	0.0923	0.0912	0.0955	0.0936	0.0922	0.0904	0.1017	0.1017	0.0926	0.0918	0.0890	0.0922	0.0915	0.0916	0.0907	0.0903	0.0917	0.0904	0.0983	0.0917	0.0924	0.0921	0.0939	0.0918	0.0912	0.0915	0.0962	0.0914	0.0917	0.0913	0.0979	0.0907	0.0930	0.0934	0.0900	
0.1046	0.1057	0.0988	0.0968	0.0941	0.0915	0.0908	0.0900	0.1046	0.0985	0.0975	0.0954	0.0921	0.0949	0.0938	0.1011	0.0989	0.0960	0.0932	0.0926	0.0905	0.0938	0.0919	0.0913	0.0963	0.0945	0.0928	0.0923	0.0903	0.0921	0.0917	0.0957	0.0995	0.0923	0.0905	0.1013	0.0904	0.0937	0.0905	0.0893	0.0945	0.0937	0.0904	0.0909	0.0916	0.0920	0.0912	0.0985	0.0917	0.0911	0.0913	0.0945	0.0928	0.0906	0.0904	0.0944	0.0920	0.0916	0.0928	0.0984	0.0910	0.0907	0.0924	0.0903	
0.1067	0.1049	0.1001	0.0965	0.0935	0.0908	0.0889	0.0894	0.1049	0.1000	0.0975	0.0937	0.0925	0.0919	0.0933	0.0999	0.1000	0.0957	0.0940	0.0915	0.0893	0.0923	0.0915	0.0902	0.0965	0.0945	0.0924	0.0911	0.0891	0.0914	0.0918	0.0931	0.0952	0.0918	0.0893	0.1000	0.0920	0.0925	0.0923	0.0881	0.0935	0.0904	0.0909	0.0886	0.0890	0.0916	0.0919	0.0972	0.0889	0.0887	0.0888	0.0921	0.0906	0.0906	0.0880	0.0942	0.0891	0.0913	0.0890	0.0958	0.0879	0.0883	0.0906	0.0884	
0.1075	0.1063	0.1017	0.0977	0.0947	0.0912	0.0882	0.0886	0.1051	0.1000	0.0972	0.0936	0.0927	0.0920	0.0928	0.1013	0.1011	0.0959	0.0926	0.0922	0.0884	0.0954	0.0904	0.0890	0.0975	0.0929	0.0917	0.0900	0.0885	0.0889	0.0896	0.0950	0.0932	0.0909	0.0908	0.1013	0.0884	0.0913	0.0901	0.0883	0.0928	0.0909	0.0887	0.0893	0.0887	0.0904	0.0894	0.0965	0.0931	0.0891	0.0893	0.0924	0.0909	0.0890	0.0884	0.0950	0.0900	0.0904	0.0887	0.0970	0.0890	0.0899	0.0915	0.0897	
0.1134	0.1097	0.1041	0.0981	0.0960	0.0928	0.0892	0.0904	0.1090	0.1012	0.0990	0.0957	0.0916	0.0940	0.0963	0.1016	0.1035	0.0978	0.0953	0.0920	0.0913	0.0941	0.0918	0.0927	0.1014	0.0968	0.0947	0.0929	0.0915	0.0918	0.0914	0.0945	0.0979	0.0923	0.0977	0.1002	0.0897	0.0923	0.0916	0.0907	0.0931	0.0927	0.0912	0.0913	0.0906	0.0935	0.0924	0.0993	0.0923	0.0910	0.0917	0.0947	0.0919	0.0899	0.0902	0.0952	0.0926	0.0926	0.0920	0.0997	0.0902	0.0921	0.0930	0.0938	
0.1132	0.1129	0.1049	0.0995	0.0955	0.0915	0.0901	0.0901	0.1117	0.1046	0.0997	0.0965	0.0911	0.0920	0.0932	0.1023	0.1043	0.0993	0.0944	0.0925	0.0916	0.0932	0.0917	0.0906	0.0993	0.0957	0.0917	0.0910	0.0891	0.0907	0.0905	0.0944	0.0953	0.0932	0.0891	0.1039	0.0902	0.0921	0.0912	0.0894	0.0941	0.0909	0.0892	0.0904	0.0896	0.0923	0.0896	0.0967	0.0911	0.0898	0.0907	0.0939	0.0909	0.0898	0.0892	0.0956	0.0925	0.0918	0.0919	0.0978	0.0894	0.0913	0.0927	0.0905	
0.1183	0.1156	0.1083	0.1020	0.0969	0.0928	0.0904	0.0904	0.1151	0.1070	0.1016	0.0968	0.0927	0.0929	0.0958	0.1017	0.1075	0.1015	0.0961	0.0940	0.0910	0.0943	0.0924	0.0927	0.1020	0.0978	0.0928	0.0933	0.0911	0.0927	0.0917	0.0960	0.0974	0.0943	0.0915	0.1024	0.0904	0.0929	0.0925	0.0895	0.0942	0.0927	0.0904	0.0914	0.0912	0.0946	0.0923	0.0985	0.0916	0.0901	0.0922	0.0948	0.0930	0.0908	0.0904	0.0955	0.0926	0.0917	0.0907	0.0986	0.0916	0.0920	0.0939	0.0919	
0.1219	0.1206	0.1105	0.1036	0.0974	0.0931	0.0896	0.0908	0.1188	0.1092	0.1037	0.0980	0.0945	0.0935	0.0948	0.1007	0.1096	0.1020	0.0963	0.0939	0.0903	0.0937	0.0918	0.0903	0.1037	0.0974	0.0937	0.0940	0.0911	0.0917	0.0916	0.0941	0.0985	0.0969	0.0906	0.1013	0.0898	0.0933	0.0908	0.0898	0.0940	0.0928	0.0902	0.0906	0.0909	0.0924	0.0917	0.0981	0.0924	0.0915	0.0917	0.0940	0.0930	0.0906	0.0916	0.0959	0.0924	0.0920	0.0907	0.0981	0.0905	0.0916	0.0940	0.0933	
0.1275	0.1252	0.1144	0.1057	0.0986	0.0934	0.0904	0.0931	0.1230	0.1114	0.1054	0.0985	0.0950	0.0936	0.0946	0.1015	0.1121	0.1050	0.0972	0.0943	0.0919	0.0940	0.0929	0.0913	0.1054	0.0991	0.0941	0.0930	0.0905	0.0916	0.0913	0.0950	0.0971	0.0929	0.0916	0.1020	0.0904	0.0932	0.0904	0.0902	0.0947	0.0921	0.0914	0.0907	0.0918	0.0910	0.0921	0.0981	0.0916	0.0894	0.0897	0.0943	0.0943	0.0891	0.0902	0.0955	0.0915	0.0925	0.0921	0.1053	0.0903	0.0914	0.0936	0.0903	
0.1332	0.1296	0.1197	0.1093	0.1008	0.0950	0.0927	0.0916	0.1290	0.1165	0.1087	0.1016	0.0969	0.0944	0.0966	0.1028	0.1171	0.1083	0.0996	0.0950	0.0927	0.0954	0.0939	0.0920	0.1082	0.1024	0.0953	0.0934	0.0918	0.0924	0.0924	0.0956	0.1010	0.0951	0.0924	0.1029	0.0915	0.0957	0.0923	0.0911	0.0953	0.0928	0.0929	0.0931	0.0925	0.0951	0.0916	0.0993	0.0928	0.0915	0.0922	0.0952	0.0950	0.0920	0.0911	0.0974	0.0934	0.0932	0.0936	0.0995	0.0922	0.0924	0.0961	0.0922	
0.1385	0.1346	0.1250	0.1113	0.1025	0.0954	0.0917	0.0912	0.1322	0.1186	0.1106	0.1020	0.0948	0.0944	0.0952	0.1015	0.1209	0.1084	0.0987	0.0946	0.0913	0.0940	0.0947	0.0914	0.1116	0.1009	0.0945	0.0927	0.0906	0.0920	0.0919	0.0942	0.1000	0.0962	0.0913	0.1015	0.0909	0.0937	0.0922	0.0892	0.0950	0.0929	0.0920	0.0910	0.0913	0.0916	0.0909	0.0989	0.0914	0.0909	0.0916	0.0947	0.0924	0.0917	0.0901	0.0963	0.0923	0.0923	0.0921	0.0986	0.0908	0.0913	0.0933	0.0907	
0.1417	0.1391	0.1279	0.1140	0.1019	0.0936	0.0894	0.0900	0.1378	0.1227	0.1113	0.1016	0.0940	0.0937	0.0944	0.1016	0.1228	0.1113	0.0995	0.0948	0.0909	0.0943	0.0980	0.0919	0.1124	0.1018	0.0945	0.0917	0.0899	0.0912	0.0914	0.0942	0.0996	0.0971	0.0905	0.1011	0.0893	0.0919	0.0909	0.0892	0.0950	0.0932	0.0900	0.0916	0.0898	0.0909	0.0902	0.0972	0.0927	0.1013	0.0898	0.0952	0.0924	0.0890	0.0901	0.0948	0.0917	0.0903	0.0907	0.0995	0.0901	0.0908	0.0920	0.0897	
0.1578	0.1449	0.1336	0.1175	0.1041	0.0951	0.0897	0.0905	0.1456	0.1256	0.1139	0.1021	0.0953	0.0940	0.0933	0.1017	0.1264	0.1137	0.0998	0.0951	0.0901	0.0932	0.0909	0.0935	0.1153	0.1022	0.0943	0.0926	0.0888	0.0945	0.0921	0.0961	0.1008	0.0936	0.0912	0.1012	0.0887	0.0926	0.0892	0.0904	0.0945	0.0932	0.0909	0.0915	0.0902	0.0905	0.0890	0.0981	0.0913	0.0889	0.0902	0.0941	0.0914	0.0905	0.0897	0.0967	0.0907	0.0906	0.0908	0.0982	0.0936	0.0919	0.0965	0.0924	
0.1593	0.1556	0.1406	0.1232	0.1066	0.0958	0.0900	0.0903	0.1508	0.1331	0.1207	0.1050	0.0956	0.0929	0.0928	0.1018	0.1353	0.1182	0.1020	0.0923	0.0890	0.0922	0.0898	0.0904	0.1206	0.1056	0.0931	0.0912	0.0900	0.0901	0.0912	0.0933	0.1045	0.0960	0.0914	0.1006	0.0891	0.0930	0.0908	0.0886	0.0955	0.0907	0.0913	0.0897	0.0902	0.0910	0.0890	0.0982	0.0923	0.0913	0.0911	0.0940	0.0905	0.0899	0.0911	0.0960	0.0918	0.0906	0.0911	0.0968	0.0901	0.0910	0.0932	0.0914	
0.1700	0.1629	0.1482	0.1280	0.1096	0.0956	0.0907	0.0901	0.1596	0.1405	0.1223	0.1079	0.0957	0.0944	0.0942	0.1026	0.1406	0.1229	0.1051	0.0963	0.0923	0.0942	0.0923	0.0920	0.1258	0.1080	0.0968	0.0947	0.0912	0.0919	0.0933	0.0960	0.1063	0.0966	0.0922	0.1020	0.0908	0.0926	0.0912	0.0928	0.0971	0.0936	0.0908	0.0921	0.0913	0.0926	0.0905	0.0981	0.0930	0.0956	0.0921	0.0947	0.0939	0.0892	0.0911	0.0969	0.0933	0.0925	0.0926	0.0981	0.0915	0.0899	0.0937	0.0907	
0.1783	0.1763	0.1554	0.1323	0.1113	0.0960	0.0897	0.0903	0.1663	0.1456	0.1256	0.1084	0.0969	0.0937	0.0948	0.1005	0.1460	0.1271	0.1055	0.0945	0.0889	0.0947	0.0958	0.0905	0.1288	0.1092	0.0959	0.0931	0.0892	0.0918	0.0910	0.0937	0.1069	0.0959	0.0909	0.0999	0.0900	0.0924	0.0900	0.0889	0.0948	0.0917	0.0905	0.0903	0.0901	0.0891	0.0902	0.0984	0.0918	0.0913	0.0908	0.0935	0.0916	0.0899	0.0896	0.0960	0.0908	0.0916	0.0913	0.0986	0.0901	0.0930	0.0931	0.0908	
0.1900	0.1829	0.1663	0.1413	0.1179	0.1003	0.0924	0.0924	0.1808	0.1574	0.1353	0.1137	0.0994	0.0953	0.0952	0.1026	0.1555	0.1353	0.1101	0.0986	0.0931	0.0948	0.0926	0.0929	0.1374	0.1153	0.0995	0.0943	0.0933	0.0936	0.0933	0.0959	0.1127	0.0986	0.0932	0.1034	0.0916	0.0944	0.0933	0.0914	0.0995	0.0938	0.0933	0.0928	0.0913	0.0939	0.0923	0.0998	0.0948	0.0925	0.0931	0.0952	0.0952	0.0916	0.0919	0.0963	0.0934	0.0930	0.0928	0.0994	0.0921	0.0930	0.0952	0.0917	
0.2023	0.1925	0.1759	0.1484	0.1202	0.1005	0.0910	0.0905	0.1933	0.1664	0.1416	0.1158	0.0984	0.0934	0.0936	0.1012	0.1646	0.1410	0.1117	0.0982	0.0914	0.0935	0.0915	0.0907	0.1443	0.1168	0.0970	0.0927	0.0905	0.0920	0.0913	0.0966	0.1113	0.0986	0.0924	0.1012	0.0902	0.0933	0.0928	0.0897	0.0986	0.0929	0.0921	0.0908	0.0905	0.0923	0.0906	0.0977	0.0928	0.0906	0.0918	0.0948	0.0929	0.0905	0.0909	0.0957	0.0927	0.0918	0.0970	0.0976	0.0908	0.0916	0.0941	0.0913	
0.2164	0.2075	0.1884	0.1581	0.1249	0.1021	0.0916	0.0904	0.2030	0.1760	0.1478	0.1201	0.1000	0.0945	0.0940	0.1007	0.1737	0.1475	0.1161	0.0991	0.0917	0.0938	0.0911	0.0909	0.1518	0.1217	0.0990	0.0945	0.0906	0.0919	0.0918	0.0948	0.1198	0.0988	0.0910	0.0999	0.0914	0.0934	0.0920	0.0892	0.1007	0.0921	0.0911	0.0914	0.0905	0.0914	0.0914	0.0988	0.0934	0.0900	0.0908	0.0945	0.0918	0.0904	0.0902	0.0964	0.0917	0.0901	0.0915	0.0979	0.0904	0.0906	0.0930	0.0898	
0.2350	0.2255	0.2021	0.1660	0.1326	0.1045	0.0915	0.0920	0.2152	0.1900	0.1589	0.1243	0.1014	0.0947	0.0964	0.1017	0.1859	0.1603	0.1192	0.1000	0.0925	0.0942	0.0911	0.0918	0.1626	0.1269	0.1000	0.0942	0.0913	0.0917	0.0922	0.0950	0.1242	0.1008	0.0925	0.1026	0.0910	0.0951	0.0929	0.0899	0.1026	0.0934	0.0919	0.0934	0.0916	0.0931	0.0923	0.0994	0.0947	0.0925	0.0923	0.0954	0.0973	0.0919	0.0921	0.0968	0.0930	0.0925	0.0917	0.0992	0.0921	0.0923	0.0957	0.0915	
0.2490	0.2383	0.2162	0.1780	0.1360	0.1054	0.0911	0.0904	0.2344	0.2041	0.1670	0.1308	0.1033	0.0946	0.0949	0.1010	0.1993	0.1675	0.1232	0.1004	0.0913	0.0941	0.0910	0.0914	0.1698	0.1319	0.1002	0.0925	0.0909	0.0916	0.0917	0.0944	0.1275	0.1023	0.0924	0.1004	0.0901	0.0934	0.0925	0.0908	0.1041	0.0932	0.0911	0.0908	0.0923	0.0919	0.0912	0.0978	0.0935	0.0910	0.0947	0.0949	0.0929	0.0911	0.0913	0.0963	0.0923	0.0912	0.0914	0.0985	0.0907	0.0918	0.0948	0.0898	
0.2662	0.2548	0.2369	0.1911	0.1440	0.1074	0.0914	0.0911	0.2529	0.2179	0.1785	0.1371	0.1052	0.0946	0.0945	0.1017	0.2142	0.1781	0.1275	0.1017	0.0922	0.0966	0.0911	0.0911	0.1800	0.1391	0.1024	0.0937	0.0909	0.0921	0.0919	0.0954	0.1328	0.1020	0.0917	0.1014	0.0898	0.0935	0.0908	0.0894	0.1051	0.0932	0.0910	0.0911	0.0908	0.0912	0.0912	0.0977	0.0938	0.0908	0.0912	0.0962	0.0915	0.0900	0.0904	0.0952	0.0908	0.0902	0.0908	0.0975	0.0905	0.0900	0.0932	0.0892	
0.2861	0.2763	0.2493	0.2056	0.1530	0.1110	0.0924	0.0914	0.2689	0.2358	0.1909	0.1438	0.1083	0.0955	0.0946	0.1047	0.2293	0.1897	0.1353	0.1046	0.0928	0.0942	0.0921	0.0922	0.1963	0.1456	0.1049	0.0946	0.0909	0.0938	0.0924	0.0952	0.1405	0.1063	0.0933	0.1046	0.0946	0.0949	0.0926	0.0898	0.1059	0.0934	0.0921	0.0916	0.0913	0.0919	0.0923	0.0981	0.1001	0.0927	0.0911	0.0959	0.0926	0.0909	0.0933	0.0978	0.0938	0.0931	0.0941	0.1003	0.0910	0.0939	0.0945	0.0908	
0.3075	0.2939	0.2670	0.2211	0.1625	0.1142	0.0926	0.0907	0.2930	0.2548	0.2130	0.1539	0.1104	0.0968	0.0964	0.1027	0.2494	0.2039	0.1421	0.1058	0.0928	0.0947	0.0922	0.0919	0.2077	0.1548	0.1069	0.0947	0.0921	0.0919	0.0924	0.0965	0.1490	0.1073	0.0913	0.1013	0.0914	0.0957	0.0924	0.0907	0.1106	0.0934	0.0922	0.0925	0.0912	0.0928	0.0915	0.0987	0.0961	0.0914	0.0920	0.0947	0.0938	0.0910	0.0928	0.0961	0.0916	0.0921	0.0903	0.0999	0.0910	0.0937	0.0937	0.0921	
0.3315	0.3225	0.2887	0.2352	0.1734	0.1183	0.0921	0.0943	0.3164	0.2728	0.2232	0.1617	0.1132	0.0965	0.0952	0.1022	0.2645	0.2204	0.1505	0.1119	0.0922	0.0944	0.0929	0.0916	0.2227	0.1644	0.1090	0.0953	0.0909	0.0927	0.0922	0.0972	0.1559	0.1134	0.0930	0.1097	0.0908	0.0943	0.0948	0.0894	0.1141	0.0945	0.0942	0.0923	0.0912	0.0928	0.0916	0.0989	0.0959	0.0927	0.0926	0.0936	0.0931	0.0917	0.0917	0.0962	0.0935	0.0938	0.0934	0.0985	0.0918	0.0908	0.0940	0.0908	
0.3561	0.3453	0.3090	0.2551	0.1859	0.1209	0.0962	0.0906	0.3351	0.2934	0.2336	0.1723	0.1167	0.0951	0.0941	0.1008	0.2858	0.2363	0.1586	0.1091	0.0918	0.0930	0.0909	0.0905	0.2390	0.1725	0.1117	0.0937	0.0934	0.0942	0.0907	0.0944	0.1641	0.1107	0.0930	0.1002	0.0896	0.0930	0.0911	0.0896	0.1172	0.0960	0.0908	0.0912	0.0900	0.0917	0.0919	0.0980	0.0943	0.0899	0.0925	0.0948	0.0928	0.0898	0.0904	0.0962	0.0923	0.0919	0.0913	0.0983	0.0905	0.0900	0.0936	0.0903	
0.3790	0.3696	0.3352	0.2765	0.1978	0.1281	0.0932	0.0914	0.3631	0.3171	0.2575	0.1849	0.1223	0.0989	0.0952	0.1022	0.3041	0.2517	0.1664	0.1138	0.0935	0.0947	0.0920	0.0966	0.2563	0.1857	0.1152	0.0948	0.0919	0.0932	0.0924	0.0942	0.1776	0.1141	0.0921	0.1023	0.0914	0.0943	0.0914	0.0903	0.1216	0.0939	0.0910	0.0913	0.0905	0.0932	0.0918	0.0988	0.0994	0.0949	0.0990	0.0989	0.0980	0.0952	0.0952	0.1015	0.0966	0.0968	0.0973	0.1037	0.0949	0.0951	0.0975	0.0943	
0.4008	0.3877	0.3589	0.2959	0.2098	0.1291	0.0910	0.0885	0.3894	0.3416	0.2746	0.1957	0.1222	0.0932	0.0923	0.1010	0.3357	0.2706	0.1815	0.1134	0.0931	0.0931	0.0904	0.0906	0.2740	0.1977	0.1193	0.0933	0.0901	0.0904	0.0907	0.0947	0.1869	0.1147	0.0905	0.0980	0.0898	0.0936	0.0898	0.0875	0.1236	0.0926	0.0915	0.0884	0.0876	0.0901	0.0903	0.0959	0.0940	0.0895	0.0895	0.0917	0.0897	0.0882	0.0890	0.0943	0.0897	0.0886	0.0928	0.0959	0.0878	0.0900	0.0902	0.0893	
0.4262	0.4176	0.3829	0.3201	0.2287	0.1395	0.0936	0.0909	0.4143	0.3646	0.2998	0.2123	0.1326	0.0959	0.0943	0.1013	0.3531	0.2932	0.1919	0.1196	0.0936	0.0936	0.0922	0.0912	0.3016	0.2149	0.1236	0.0956	0.0921	0.0936	0.0921	0.0948	0.2023	0.1242	0.0945	0.1073	0.0937	0.0954	0.0914	0.0915	0.1339	0.0956	0.0929	0.0928	0.0913	0.0929	0.0933	0.0972	0.0978	0.0916	0.0923	0.0955	0.0963	0.0925	0.0905	0.0981	0.0921	0.0920	0.0921	0.0976	0.0931	0.0919	0.0952	0.0924	
0.4503	0.4354	0.4048	0.3432	0.2420	0.1443	0.0930	0.0897	0.4352	0.3949	0.3185	0.2272	0.1377	0.0950	0.0928	0.1018	0.3823	0.3125	0.2021	0.1220	0.0921	0.0912	0.0900	0.0908	0.3196	0.2245	0.1261	0.0939	0.0902	0.0902	0.0891	0.0934	0.2135	0.1305	0.0914	0.1054	0.0890	0.0917	0.0898	0.0885	0.1374	0.0916	0.0913	0.0889	0.0896	0.0916	0.0907	0.0976	0.0966	0.0913	0.0883	0.0931	0.0941	0.0921	0.0887	0.0938	0.0898	0.0903	0.0892	0.0964	0.0891	0.0896	0.0922	0.0887	
0.4796	0.4643	0.4335	0.3729	0.2609	0.1578	0.0957	0.0903	0.4639	0.4157	0.3460	0.2447	0.1458	0.0976	0.0943	0.1024	0.4010	0.3376	0.2201	0.1304	0.0924	0.0939	0.0922	0.0911	0.3415	0.2458	0.1323	0.0964	0.0917	0.0918	0.0915	0.0964	0.2342	0.1324	0.0934	0.1007	0.0914	0.0937	0.0928	0.0916	0.1466	0.0955	0.0944	0.0917	0.0899	0.0913	0.0905	0.0983	0.0978	0.0905	0.0928	0.0948	0.0941	0.0913	0.0900	0.0964	0.0931	0.0922	0.0917	0.0995	0.0905	0.0903	0.0939	0.0892	
0.4996	0.4835	0.4607	0.3961	0.2832	0.1663	0.0949	0.0903	0.4892	0.4445	0.3752	0.2639	0.1532	0.0958	0.0924	0.1018	0.4243	0.3589	0.2372	0.1332	0.0932	0.0920	0.0903	0.0906	0.3681	0.2632	0.1383	0.0956	0.0892	0.0912	0.0896	0.0934	0.2509	0.1378	0.0935	0.1000	0.0891	0.0926	0.0909	0.0886	0.1518	0.0946	0.0917	0.0905	0.0898	0.0908	0.0895	0.0954	0.0980	0.0890	0.0902	0.0925	0.0901	0.0909	0.0893	0.0949	0.0902	0.1079	0.0910	0.0981	0.0902	0.0901	0.0923	0.0902	
0.5267	0.5055	0.4981	0.4248	0.3025	0.1756	0.0960	0.0901	0.5158	0.4711	0.3962	0.2851	0.1631	0.0975	0.0929	0.1017	0.4518	0.3827	0.2533	0.1407	0.0933	0.0941	0.0918	0.0914	0.3903	0.2841	0.1467	0.0958	0.0901	0.0910	0.0919	0.0933	0.2700	0.1465	0.0936	0.1010	0.0887	0.0928	0.0904	0.0887	0.1611	0.0965	0.0914	0.0911	0.0904	0.0904	0.0909	0.0971	0.0997	0.0883	0.0912	0.0951	0.0926	0.0901	0.0891	0.0934	0.0908	0.0915	0.0914	0.0983	0.0886	0.0909	0.0936	0.0901	
0.5445	0.5324	0.5095	0.4469	0.3250	0.1887	0.0978	0.0914	0.5380	0.4977	0.4256	0.3075	0.1747	0.0983	0.0944	0.1010	0.4715	0.4086	0.2712	0.1486	0.0944	0.0935	0.0914	0.0891	0.4177	0.3046	0.1541	0.0964	0.0906	0.0919	0.0920	0.0938	0.2896	0.1538	0.0945	0.0992	0.0907	0.0937	0.0918	0.0886	0.1743	0.0974	0.0909	0.0908	0.0908	0.0925	0.0911	0.0976	0.1015	0.0902	0.0903	0.0941	0.0925	0.0903	0.0903	0.0951	0.0918	0.0915	0.0900	0.0995	0.0903	0.0904	0.0933	0.0901	
0.5649	0.5494	0.5311	0.4716	0.3501	0.2005	0.0987	0.0907	0.5633	0.5266	0.4534	0.3293	0.1851	0.1003	0.0929	0.1009	0.4922	0.4343	0.2917	0.1579	0.0946	0.0932	0.0910	0.0905	0.4396	0.3243	0.1636	0.0978	0.0903	0.0915	0.0915	0.0949	0.3119	0.1615	0.0956	0.0999	0.0893	0.0926	0.0920	0.0891	0.1840	0.0977	0.0902	0.0913	0.0920	0.0914	0.0911	0.0970	0.1033	0.0906	0.0906	0.0933	0.0926	0.0902	0.0906	0.0959	0.0917	0.0911	0.0941	0.0979	0.0894	0.0902	0.0928	0.0898	
0.5926	0.5748	0.5546	0.4999	0.3743	0.2154	0.1015	0.0908	0.5861	0.5452	0.4767	0.3528	0.1990	0.0994	0.0941	0.1012	0.5220	0.4586	0.3128	0.1664	0.0950	0.0931	0.0910	0.0906	0.4690	0.3504	0.1739	0.0980	0.0903	0.0911	0.0908	0.0936	0.3370	0.1722	0.0969	0.0995	0.0902	0.0923	0.0912	0.0892	0.1971	0.0988	0.0910	0.0915	0.0921	0.0929	0.0901	0.0984	0.1049	0.0903	0.0906	0.0962	0.0919	0.0898	0.0894	0.0955	0.0920	0.0910	0.0909	0.0984	0.0905	0.0899	0.0932	0.0897	
0.6126	0.5974	0.5801	0.5239	0.4002	0.2301	0.1043	0.0901	0.6063	0.5730	0.5053	0.3802	0.2108	0.1016	0.0941	0.1013	0.5441	0.4840	0.3405	0.1791	0.0951	0.0940	0.0918	0.0913	0.4930	0.3739	0.1841	0.1003	0.0905	0.0917	0.0924	0.0942	0.3615	0.1877	0.0971	0.1009	0.0905	0.0937	0.0931	0.0903	0.2105	0.1008	0.0905	0.0908	0.0909	0.0919	0.0914	0.0982	0.1089	0.0897	0.0913	0.0948	0.0922	0.0903	0.0909	0.0964	0.0933	0.0931	0.0918	0.0988	0.0903	0.0918	0.0942	0.0910	
0.6385	0.6238	0.6039	0.5472	0.4255	0.2496	0.1062	0.0902	0.6320	0.5958	0.5338	0.4107	0.2294	0.1041	0.0958	0.1014	0.5708	0.5076	0.3652	0.1917	0.0962	0.0947	0.0930	0.0915	0.5154	0.4011	0.1981	0.1004	0.0922	0.0931	0.0930	0.0958	0.3835	0.1975	0.0980	0.1003	0.0906	0.0936	0.0914	0.0898	0.2254	0.1017	0.0905	0.0914	0.0911	0.0920	0.0921	0.0977	0.1113	0.0904	0.0917	0.0954	0.0924	0.0904	0.0901	0.0952	0.0923	0.0920	0.0920	0.0990	0.0919	0.0901	0.0942	0.0915	
0.6548	0.6432	0.6288	0.5737	0.4524	0.2697	0.1106	0.0898	0.6542	0.6164	0.5528	0.4338	0.2441	0.1032	0.0943	0.1009	0.5925	0.5301	0.3848	0.2035	0.0962	0.0926	0.0912	0.0913	0.5385	0.4210	0.2103	0.1023	0.0901	0.0920	0.0907	0.0950	0.4073	0.2092	0.0979	0.0998	0.0898	0.0922	0.0910	0.0889	0.2405	0.1020	0.0907	0.0894	0.0903	0.0917	0.0917	0.0977	0.1150	0.0895	0.0892	0.0937	0.0926	0.0896	0.0883	0.0956	0.0931	0.0915	0.0898	0.0972	0.0936	0.0900	0.0931	0.0902	
0.6688	0.6576	0.6518	0.5982	0.4751	0.2846	0.1132	0.0905	0.6747	0.6498	0.5812	0.4587	0.2650	0.1057	0.0944	0.1015	0.6160	0.5570	0.4086	0.2165	0.0976	0.0946	0.0912	0.0916	0.5630	0.4478	0.2280	0.1046	0.0918	0.0922	0.0922	0.0950	0.4279	0.2236	0.1008	0.1001	0.0903	0.0942	0.0920	0.0899	0.2565	0.1072	0.0908	0.0902	0.0917	0.0917	0.0919	0.0983	0.1199	0.0913	0.0915	0.0944	0.0920	0.0907	0.0905	0.0960	0.0926	0.0931	0.0914	0.0981	0.0911	0.0920	0.0930	0.0911	
0.6780	0.6711	0.6689	0.6234	0.5013	0.3080	0.1161	0.0905	0.6828	0.6662	0.6033	0.4859	0.2856	0.1089	0.0964	0.1019	0.6410	0.5800	0.4302	0.2336	0.0999	0.0939	0.0923	0.0916	0.5869	0.4707	0.2441	0.1095	0.0917	0.0929	0.0914	0.0959	0.4597	0.2374	0.1020	0.1002	0.0903	0.0935	0.0916	0.0900	0.2826	0.1102	0.0920	0.0935	0.0916	0.0919	0.0934	0.0978	0.1244	0.0906	0.0916	0.0941	0.0922	0.0902	0.0910	0.0952	0.0942	0.0914	0.0908	0.0986	0.0919	0.0903	0.0932	0.0906	
0.6825	0.6816	0.6755	0.6458	0.5241	0.3288	0.1229	0.0910	0.6951	0.6817	0.6307	0.5152	0.3044	0.1103	0.0952	0.1000	0.6561	0.5991	0.4575	0.2506	0.1006	0.0940	0.0916	0.0914	0.6125	0.4988	0.2604	0.1068	0.0905	0.0922	0.0910	0.0946	0.4844	0.2545	0.1030	0.1009	0.0903	0.0937	0.0923	0.0896	0.2945	0.1109	0.0911	0.0911	0.0914	0.0917	0.0914	0.0990	0.1279	0.0899	0.0906	0.0962	0.0925	0.0894	0.0897	0.0950	0.0928	0.0903	0.0939	0.0968	0.0896	0.0911	0.0921	0.0910	
0.6861	0.6746	0.6822	0.6717	0.5532	0.3552	0.1296	0.0936	0.6991	0.6942	0.6514	0.5392	0.3282	0.1175	0.0978	0.1055	0.6714	0.6344	0.4878	0.2698	0.1039	0.0990	0.0927	0.0942	0.6320	0.5226	0.2808	0.1111	0.0935	0.0936	0.0947	0.0989	0.5146	0.2742	0.1072	0.1033	0.0927	0.0958	0.0932	0.0900	0.3195	0.1169	0.0941	0.0926	0.0927	0.0930	0.0928	0.1001	0.1349	0.0909	0.0919	0.0953	0.0938	0.0899	0.0920	0.0964	0.0947	0.0938	0.0916	0.0992	0.0922	0.0917	0.0935	0.0921	
0.6881	0.6807	0.6891	0.6790	0.5743	0.3782	0.1329	0.0914	0.7025	0.6972	0.6702	0.5634	0.3482	0.1170	0.0945	0.1024	0.6754	0.6476	0.5101	0.2879	0.1035	0.0948	0.0912	0.0918	0.6565	0.5442	0.2966	0.1132	0.0919	0.0924	0.0918	0.0949	0.5360	0.2951	0.1066	0.1015	0.0900	0.1024	0.0925	0.0901	0.3443	0.1184	0.0913	0.0913	0.0910	0.0930	0.0915	0.0985	0.1418	0.0921	0.0911	0.0947	0.0931	0.0920	0.0906	0.0958	0.0949	0.0921	0.0927	0.0985	0.0912	0.0898	0.0933	0.0911	
0.6906	0.6857	0.6896	0.6851	0.5990	0.4016	0.1413	0.0917	0.7068	0.7009	0.6807	0.5853	0.3726	0.1203	0.0940	0.1014	0.6806	0.6667	0.5322	0.3081	0.1081	0.0947	0.0915	0.0913	0.6724	0.5695	0.3160	0.1163	0.0914	0.0945	0.0919	0.0953	0.5634	0.3187	0.1088	0.1011	0.0903	0.0935	0.0941	0.0884	0.3642	0.1224	0.0909	0.0907	0.0911	0.0918	0.0905	0.0981	0.1472	0.0898	0.0918	0.0974	0.0926	0.0900	0.0905	0.0956	0.0951	0.0932	0.0907	0.0977	0.0915	0.0914	0.0930	0.0895	
0.6911	0.6857	0.6888	0.6945	0.6261	0.4284	0.1480	0.0924	0.7025	0.7024	0.6838	0.6111	0.4054	0.1255	0.0956	0.1029	0.6827	0.6732	0.5586	0.3305	0.1075	0.0949	0.0925	0.0911	0.6893	0.5946	0.3388	0.1207	0.0933	0.0922	0.0935	0.0952	0.5833	0.3338	0.1124	0.1018	0.0908	0.0937	0.0930	0.0901	0.3870	0.1285	0.0912	0.0914	0.0922	0.0922	0.0925	0.0984	0.1559	0.0911	0.0918	0.0951	0.0932	0.0916	0.0915	0.0965	0.0950	0.0934	0.0921	0.0993	0.0911	0.0925	0.0943	0.0927	
0.6955	0.6864	0.6964	0.6950	0.6492	0.4566	0.1584	0.0929	0.7044	0.7035	0.6895	0.6363	0.4258	0.1314	0.0950	0.1028	0.6865	0.6749	0.5824	0.3541	0.1101	0.0944	0.0928	0.0923	0.6882	0.6206	0.3643	0.1269	0.0927	0.0932	0.0936	0.0960	0.6099	0.3592	0.1192	0.1064	0.0910	0.0943	0.0945	0.0902	0.4087	0.1346	0.0916	0.0917	0.0922	0.0928	0.0921	0.0995	0.1659	0.0929	0.0930	0.0950	0.0935	0.0913	0.0911	0.0993	0.0953	0.0931	0.0942	0.0993	0.0932	0.0936	0.0938	0.0935	
0.6923	0.6884	0.6976	0.6961	0.6553	0.4840	0.1629	0.0914	0.7048	0.7074	0.6954	0.6610	0.4513	0.1346	0.0944	0.1011	0.6828	0.6736	0.6004	0.3757	0.1124	0.0945	0.0919	0.0914	0.6965	0.6406	0.3845	0.1292	0.0920	0.0922	0.0944	0.0942	0.6320	0.3808	0.1194	0.1020	0.0904	0.0940	0.0911	0.0887	0.4364	0.1389	0.0917	0.0908	0.0907	0.0917	0.0920	0.0985	0.1760	0.0905	0.0908	0.0940	0.0918	0.0904	0.0915	0.0963	0.0969	0.0924	0.0901	0.0986	0.0910	0.0920	0.0944	0.0921	
0.6948	0.6891	0.6983	0.7022	0.6675	0.5125	0.1761	0.0937	0.7165	0.7116	0.7015	0.6676	0.4791	0.1436	0.0972	0.1019	0.6879	0.6813	0.6261	0.4037	0.1189	0.1004	0.0970	0.0956	0.7001	0.6600	0.4105	0.1387	0.0941	0.0933	0.0928	0.0984	0.6558	0.4063	0.1254	0.1048	0.0968	0.0983	0.0940	0.0914	0.4687	0.1499	0.0947	0.0948	0.0978	0.0962	0.0985	0.1024	0.1922	0.0950	0.0953	0.1003	0.0950	0.0984	0.0927	0.0974	0.1012	0.0938	0.0946	0.1003	0.0929	0.0941	0.0990	0.0925	
0.6969	0.6933	0.7010	0.7047	0.6713	0.5404	0.1883	0.0927	0.7092	0.7101	0.7026	0.6817	0.5067	0.1496	0.0950	0.1028	0.6851	0.6780	0.6436	0.4234	0.1213	0.0938	0.0935	0.0929	0.7003	0.6699	0.4310	0.1428	0.0921	0.0930	0.0917	0.0953	0.6717	0.4317	0.1302	0.1022	0.0891	0.0943	0.0948	0.0917	0.4848	0.1546	0.0915	0.0916	0.0930	0.0944	0.0929	0.1004	0.1988	0.0939	0.0912	0.0930	0.0926	0.0920	0.0899	0.0974	0.0940	0.0953	0.0914	0.0992	0.0927	0.0910	0.0937	0.0912	
0.6913	0.6935	0.7013	0.7014	0.6722	0.5766	0.1994	0.0921	0.7099	0.7127	0.7013	0.6896	0.5303	0.1566	0.0952	0.1017	0.7003	0.6869	0.6562	0.4487	0.1241	0.0939	0.0918	0.0915	0.7015	0.6784	0.4558	0.1497	0.0933	0.0919	0.0929	0.0941	0.6760	0.4468	0.1348	0.1027	0.0923	0.0941	0.0921	0.0893	0.5148	0.1609	0.0917	0.0916	0.0915	0.0915	0.0922	0.0995	0.2105	0.0919	0.0911	0.0945	0.1007	0.0899	0.0907	0.0958	0.0987	0.0950	0.0954	0.1014	0.0931	0.0949	0.0964	0.0909	
0.6981	0.6964	0.7064	0.7086	0.6812	0.6009	0.2110	0.0908	0.7115	0.7131	0.7068	0.6912	0.5566	0.1643	0.0941	0.0992	0.6954	0.6899	0.6676	0.4763	0.1282	0.0927	0.0896	0.0899	0.7026	0.6865	0.4826	0.1540	0.0911	0.0906	0.0909	0.0927	0.6796	0.4723	0.1395	0.1004	0.0888	0.0920	0.0912	0.0873	0.5394	0.1714	0.0899	0.0913	0.0936	0.0910	0.0906	0.0960	0.2254	0.0901	0.0880	0.0919	0.0908	0.0896	0.0914	0.0940	0.0951	0.0905	0.0891	0.0973	0.0888	0.0898	0.0917	0.0895	
0.7026	0.6997	0.7058	0.7040	0.6818	0.6218	0.2285	0.0921	0.7179	0.7177	0.7121	0.7002	0.5895	0.1770	0.0968	0.1024	0.6950	0.6888	0.6754	0.5044	0.1370	0.0963	0.0920	0.0920	0.7051	0.6940	0.5073	0.1690	0.0941	0.0936	0.0931	0.0961	0.6890	0.4944	0.1476	0.1039	0.0926	0.0959	0.0932	0.0902	0.5625	0.1843	0.0925	0.0920	0.0920	0.0928	0.0931	0.0997	0.2439	0.0936	0.0922	0.0960	0.0930	0.0913	0.0920	0.0977	0.0995	0.0925	0.0927	0.0999	0.0921	0.0922	0.0953	0.0922	
0.7025	0.7038	0.7132	0.7145	0.6873	0.6526	0.2441	0.0924	0.7189	0.7205	0.7102	0.7028	0.6145	0.1868	0.0953	0.1017	0.7001	0.6944	0.6781	0.5255	0.1446	0.0936	0.0907	0.0916	0.7088	0.6951	0.5350	0.1777	0.0941	0.0918	0.0904	0.0953	0.6865	0.5236	0.1584	0.1017	0.0900	0.0943	0.0920	0.0896	0.5873	0.1927	0.0913	0.0915	0.0938	0.0924	0.0920	0.0978	0.2547	0.0921	0.0919	0.0946	0.0923	0.0903	0.0904	0.0960	0.0998	0.0926	0.0923	0.0990	0.0895	0.0916	0.0929	0.0899	
0.7070	0.7073	0.7127	0.7175	0.6864	0.6677	0.2618	0.0921	0.7226	0.7231	0.7156	0.7062	0.6402	0.1983	0.0940	0.1018	0.7035	0.6940	0.6794	0.5556	0.1515	0.0959	0.0934	0.0922	0.7106	0.6966	0.5605	0.1878	0.0961	0.0940	0.0965	0.0965	0.6903	0.5473	0.1662	0.1018	0.0921	0.0938	0.0928	0.0909	0.6159	0.2074	0.0930	0.0928	0.0920	0.0935	0.0910	0.0976	0.2739	0.0920	0.0924	0.0955	0.0930	0.0908	0.0913	0.0971	0.1015	0.0922	0.0927	0.0992	0.0909	0.0910	0.0938	0.0909	
0.7025	0.7041	0.7120	0.7166	0.6863	0.6736	0.2805	0.0923	0.7245	0.7235	0.7145	0.7056	0.6569	0.2108	0.0955	0.1010	0.7043	0.6964	0.6850	0.5767	0.1598	0.0941	0.0910	0.0912	0.7119	0.6980	0.5863	0.1990	0.0947	0.0906	0.0910	0.0943	0.6946	0.5756	0.1773	0.1015	0.0894	0.0919	0.0905	0.0886	0.6343	0.2221	0.0918	0.0916	0.0899	0.0914	0.0913	0.0976	0.2938	0.0918	0.0908	0.0947	0.0925	0.0907	0.0901	0.0953	0.1021	0.0912	0.0922	0.0980	0.0898	0.0919	0.0942	0.0895	
0.7086	0.7051	0.7154	0.7206	0.6916	0.6719	0.3022	0.0934	0.7268	0.7267	0.7180	0.7089	0.6694	0.2262	0.0948	0.1013	0.7047	0.6970	0.6845	0.6036	0.1692	0.0944	0.0925	0.0906	0.7116	0.7000	0.6073	0.2127	0.0997	0.0918	0.0911	0.0947	0.6977	0.5983	0.1853	0.1027	0.0891	0.0948	0.0935	0.0890	0.6553	0.2340	0.0924	0.0925	0.0917	0.0921	0.0904	0.0985	0.3144	0.0928	0.0931	0.0944	0.0936	0.0916	0.0911	0.0953	0.1025	0.0912	0.0921	0.0988	0.0906	0.0907	0.0928	0.0921	
0.7109	0.7126	0.7188	0.7221	0.6938	0.6837	0.3259	0.0947	0.7242	0.7274	0.7191	0.7086	0.6772	0.2393	0.0968	0.1014	0.7073	0.7008	0.6897	0.6261	0.1809	0.0943	0.0933	0.0907	0.7174	0.7046	0.6332	0.2285	0.0972	0.0920	0.0911	0.0950	0.7007	0.6186	0.2008	0.1014	0.0912	0.0937	0.0924	0.0890	0.6652	0.2494	0.0920	0.0917	0.0927	0.0922	0.0918	0.0990	0.3383	0.0941	0.0912	0.0947	0.0932	0.0918	0.0914	0.0969	0.1044	0.0929	0.0936	0.0995	0.0927	0.0928	0.0934	0.0918	
0.7114	0.7120	0.7182	0.7234	0.6963	0.6859	0.3510	0.0944	0.7285	0.7277	0.7209	0.7134	0.6822	0.2580	0.0961	0.1014	0.7063	0.7014	0.6885	0.6447	0.1910	0.0955	0.0919	0.0908	0.7150	0.7084	0.6477	0.2454	0.0992	0.0932	0.0925	0.0962	0.7031	0.6323	0.2105	0.1020	0.0907	0.0945	0.0933	0.0900	0.6748	0.2655	0.0920	0.0914	0.0910	0.0921	0.0927	0.0992	0.3541	0.0935	0.0922	0.0943	0.0925	0.0921	0.0914	0.0961	0.1089	0.0934	0.0957	0.0991	0.0914	0.0925	0.0941	0.0909	
0.7202	0.7159	0.7263	0.7304	0.7021	0.6894	0.3744	0.0942	0.7336	0.7330	0.7276	0.7160	0.6906	0.2764	0.0973	0.1034	0.7126	0.7061	0.6927	0.6604	0.2047	0.0968	0.0920	0.0912	0.7177	0.7106	0.6668	0.2655	0.1015	0.0934	0.0929	0.0957	0.7057	0.6429	0.2269	0.1020	0.0907	0.0964	0.0924	0.0910	0.6758	0.2868	0.0931	0.0918	0.0914	0.0935	0.0926	0.0998	0.3788	0.0951	0.0934	0.0978	0.0956	0.0931	0.0913	0.0975	0.1116	0.0928	0.0932	0.0994	0.0931	0.0920	0.0945	0.0922	
0.7183	0.7176	0.7217	0.7255	0.7033	0.6945	0.3966	0.0933	0.7341	0.7316	0.7239	0.7171	0.6935	0.2970	0.0955	0.1019	0.7123	0.7085	0.6921	0.6711	0.2186	0.0954	0.0918	0.0911	0.7243	0.7088	0.6740	0.2783	0.1023	0.0916	0.0912	0.0950	0.7069	0.6590	0.2406	0.1042	0.0913	0.0933	0.0934	0.0900	0.6829	0.3045	0.0924	0.0920	0.0915	0.0931	0.0915	0.0982	0.3994	0.0937	0.0911	0.0968	0.0938	0.0919	0.0942	0.0987	0.1131	0.0940	0.0920	0.1009	0.0932	0.0922	0.0960	0.0925	
0.7187	0.7212	0.7247	0.7280	0.7015	0.6972	0.4210	0.0946	0.7348	0.7320	0.7245	0.7186	0.6929	0.3154	0.0963	0.1019	0.7171	0.7144	0.6958	0.6745	0.2383	0.0952	0.0918	0.0917	0.7213	0.7152	0.6771	0.3001	0.1032	0.0927	0.0922	0.0949	0.7069	0.6646	0.2585	0.1021	0.0908	0.0937	0.0911	0.0902	0.6910	0.3257	0.0925	0.0915	0.0913	0.0921	0.0925	0.0988	0.4254	0.0986	0.0914	0.0955	0.0942	0.0951	0.0921	0.0956	0.1171	0.0942	0.0918	0.0989	0.0912	0.0922	0.0944	0.0917	
0.7239	0.7219	0.7260	0.7297	0.7055	0.7006	0.4499	0.0952	0.7364	0.7363	0.7267	0.7228	0.6963	0.3355	0.0971	0.1020	0.7146	0.7108	0.6997	0.6795	0.2481	0.1014	0.0914	0.0922	0.7257	0.7203	0.6829	0.3212	0.1074	0.0921	0.0924	0.0961	0.7118	0.6686	0.2762	0.1017	0.0913	0.0952	0.0924	0.0939	0.6899	0.3468	0.0926	0.0923	0.0913	0.0927	0.0925	0.0995	0.4528	0.0953	0.0918	0.0953	0.0929	0.0913	0.0910	0.0966	0.1212	0.0929	0.0924	0.0987	0.0914	0.0931	0.0946	0.0914	
0.7208	0.7216	0.7228	0.7333	0.7052	0.7013	0.4732	0.0949	0.7369	0.7367	0.7286	0.7246	0.6953	0.3644	0.0973	0.1010	0.7172	0.7145	0.6992	0.6810	0.2672	0.0944	0.0944	0.0908	0.7226	0.7158	0.6862	0.3428	0.1085	0.0922	0.0916	0.0946	0.7071	0.6706	0.2927	0.1019	0.0912	0.0932	0.0925	0.0894	0.6938	0.3715	0.0911	0.0909	0.0920	0.0910	0.0921	0.0989	0.4707	0.0942	0.0908	0.0936	0.0932	0.0914	0.0908	0.0968	0.1256	0.0918	0.0911	0.0984	0.0895	0.0917	0.0931	0.0923	
0.7207	0.7221	0.7273	0.7301	0.7057	0.7021	0.4990	0.0955	0.7351	0.7377	0.7292	0.7261	0.7007	0.3898	0.0963	0.1006	0.7178	0.7163	0.7004	0.6835	0.2859	0.0938	0.0913	0.0907	0.7250	0.7179	0.6886	0.3650	0.1103	0.0906	0.0934	0.0948	0.7124	0.6772	0.3137	0.1021	0.0905	0.0927	0.0905	0.0885	0.6989	0.3922	0.0921	0.0898	0.0903	0.0896	0.0914	0.0970	0.4961	0.0931	0.0918	0.0932	0.0922	0.0899	0.0895	0.0937	0.1287	0.0898	0.0891	0.0963	0.0891	0.0885	0.0916	0.0888	
0.7289	0.7254	0.7303	0.7329	0.7106	0.7054	0.5266	0.0965	0.7459	0.7427	0.7317	0.7302	0.7073	0.4113	0.0987	0.1008	0.7200	0.7176	0.7041	0.6906	0.3071	0.0942	0.0918	0.0914	0.7296	0.7238	0.6934	0.3915	0.1148	0.0928	0.0924	0.0953	0.7187	0.6746	0.3364	0.1017	0.0910	0.0936	0.0918	0.0897	0.6973	0.4123	0.0915	0.0911	0.0918	0.0921	0.0916	0.0980	0.5259	0.0958	0.0922	0.0942	0.0938	0.0907	0.0911	0.0970	0.1346	0.0927	0.0907	0.0983	0.0908	0.0913	0.0935	0.0907	
0.7253	0.7240	0.7291	0.7355	0.7113	0.7053	0.5558	0.0967	0.7432	0.7438	0.7323	0.7319	0.7104	0.4378	0.0992	0.1014	0.7194	0.7236	0.7054	0.6885	0.3232	0.0952	0.0917	0.0899	0.7342	0.7253	0.6929	0.4107	0.1181	0.0919	0.0922	0.0946	0.7168	0.6767	0.3538	0.1026	0.0902	0.0926	0.0922	0.0895	0.6988	0.4418	0.0917	0.0912	0.0952	0.0924	0.0909	0.0976	0.5475	0.0971	0.0911	0.0939	0.0926	0.0901	0.0903	0.0951	0.1417	0.0924	0.0914	0.0986	0.0899	0.0902	0.0940	0.0902	
0.7284	0.7260	0.7333	0.7379	0.7164	0.7104	0.5854	0.0976	0.7463	0.7416	0.7378	0.7277	0.7109	0.4611	0.0974	0.1002	0.7196	0.7168	0.7028	0.6906	0.3473	0.0953	0.0912	0.0945	0.7326	0.7260	0.7021	0.4295	0.1222	0.0916	0.0911	0.0946	0.7222	0.6777	0.3735	0.1037	0.0901	0.0945	0.0917	0.0889	0.6980	0.4670	0.0912	0.0907	0.0905	0.0911	0.0908	0.0967	0.5720	0.0972	0.0906	0.0931	0.0914	0.0907	0.0906	0.0951	0.1478	0.0911	0.0931	0.0971	0.0887	0.0904	0.0928	0.0901	
0.7316	0.7293	0.7320	0.7401	0.7168	0.7156	0.6130	0.1006	0.7455	0.7428	0.7366	0.7331	0.7120	0.4880	0.0996	0.1016	0.7239	0.7203	0.7118	0.6963	0.3755	0.0956	0.0917	0.0915	0.7383	0.7272	0.6993	0.4547	0.1272	0.0925	0.0929	0.0957	0.7216	0.6861	0.3997	0.1045	0.0913	0.0948	0.0929	0.0897	0.7043	0.4938	0.0927	0.0920	0.0921	0.0927	0.0915	0.0994	0.5988	0.0989	0.0922	0.0949	0.0931	0.0917	0.0911	0.0961	0.1563	0.0931	0.0919	0.0992	0.0916	0.0911	0.0952	0.0923	
