0.0882	0.0847	0.0859	0.0862	0.0878	0.0874	0.0893	0.0912	0.0900	0.0916	0.0918	0.0886	0.0919	0.0979	0.1002	0.1159	0.0837	0.0851	0.0865	0.0865	0.0862	0.0864	0.0874	0.0863	0.0859	0.0859	0.0872	0.0873	0.0851	0.0857	0.0892	0.0958	0.0873	0.0853	0.0853	0.0849	0.0847	0.0850	0.0852	0.0862	0.0865	0.0867	0.0856	0.0851	0.0860	0.0862	0.0868	0.1035	0.0841	0.0852	0.0848	0.0848	0.0862	0.0854	0.0861	0.0879	0.0867	0.0862	0.0853	0.0858	0.0855	0.0863	0.0893	0.0877	
0.0895	0.0848	0.0855	0.0857	0.0858	0.0862	0.0871	0.0879	0.0848	0.0842	0.0856	0.0856	0.0854	0.0855	0.0867	0.0859	0.0834	0.0846	0.0847	0.0856	0.0853	0.0853	0.0860	0.0854	0.0842	0.0847	0.0852	0.0847	0.0849	0.0855	0.0849	0.0855	0.0860	0.0853	0.0852	0.0851	0.0855	0.0872	0.0857	0.0851	0.0854	0.0853	0.0843	0.0845	0.0857	0.0846	0.0856	0.0874	0.0835	0.0853	0.0847	0.0848	0.0869	0.0854	0.0859	0.0867	0.0852	0.0851	0.0851	0.0855	0.0845	0.0860	0.0859	0.0884	
0.0896	0.0851	0.0856	0.0857	0.0858	0.0863	0.0874	0.0874	0.0854	0.0847	0.0857	0.0858	0.0855	0.0857	0.0864	0.0863	0.0841	0.0848	0.0851	0.0859	0.0848	0.0859	0.0862	0.0855	0.0848	0.0851	0.0857	0.0849	0.0856	0.0854	0.0855	0.0856	0.0870	0.0855	0.0847	0.0853	0.0860	0.0858	0.0859	0.0861	0.0864	0.0856	0.0853	0.0848	0.0860	0.0845	0.0856	0.0883	0.0846	0.0856	0.0856	0.0853	0.0873	0.0860	0.0866	0.0877	0.0856	0.0854	0.0855	0.0866	0.0851	0.0862	0.0870	0.0888	
0.0897	0.0856	0.0861	0.0857	0.0859	0.0865	0.0868	0.0877	0.0855	0.0848	0.0860	0.0863	0.0857	0.0855	0.0862	0.0864	0.0844	0.0852	0.0850	0.0863	0.0854	0.0861	0.0863	0.0859	0.0860	0.0855	0.0860	0.0857	0.0855	0.0856	0.0860	0.0860	0.0886	0.0863	0.0849	0.0857	0.0860	0.0887	0.0860	0.0863	0.0866	0.0852	0.0852	0.0852	0.0865	0.0852	0.0865	0.0888	0.0842	0.0858	0.0859	0.0856	0.0871	0.0862	0.0869	0.0876	0.0861	0.0858	0.0864	0.0867	0.0856	0.0856	0.0881	0.0889	
0.0898	0.0872	0.0860	0.0854	0.0856	0.0859	0.0866	0.0873	0.0854	0.0850	0.0860	0.0855	0.0856	0.0857	0.0858	0.0860	0.0844	0.0853	0.0856	0.0858	0.0853	0.0857	0.0865	0.0856	0.0853	0.0848	0.0859	0.0848	0.0851	0.0856	0.0854	0.0860	0.0870	0.0853	0.0846	0.0852	0.0859	0.0858	0.0855	0.0861	0.0869	0.0853	0.0850	0.0850	0.0860	0.0852	0.0864	0.0888	0.0842	0.0856	0.0855	0.0858	0.0870	0.0861	0.0867	0.0870	0.0856	0.0854	0.0860	0.0863	0.0855	0.0868	0.0866	0.0891	
0.0902	0.0860	0.0859	0.0856	0.0860	0.0863	0.0868	0.0878	0.0859	0.0851	0.0861	0.0866	0.0863	0.0859	0.0860	0.0863	0.0855	0.0853	0.0853	0.0863	0.0858	0.0861	0.0861	0.0859	0.0851	0.0853	0.0860	0.0853	0.0853	0.0858	0.0855	0.0864	0.0875	0.0855	0.0848	0.0858	0.0859	0.0856	0.0859	0.0859	0.0872	0.0860	0.0851	0.0850	0.0863	0.0854	0.0864	0.0883	0.0845	0.0861	0.0862	0.0859	0.0874	0.0861	0.0867	0.0878	0.0861	0.0859	0.0868	0.0865	0.0866	0.0867	0.0878	0.0888	
0.0900	0.0853	0.0855	0.0856	0.0852	0.0855	0.0864	0.0871	0.0851	0.0843	0.0848	0.0856	0.0853	0.0852	0.0856	0.0860	0.0837	0.0845	0.0846	0.0885	0.0850	0.0853	0.0855	0.0851	0.0845	0.0848	0.0856	0.0849	0.0852	0.0850	0.0855	0.0854	0.0866	0.0856	0.0846	0.0849	0.0851	0.0854	0.0853	0.0856	0.0866	0.0851	0.0850	0.0846	0.0861	0.0854	0.0862	0.0885	0.0843	0.0854	0.0858	0.0852	0.0865	0.0864	0.0864	0.0867	0.0853	0.0855	0.0858	0.0859	0.0852	0.0860	0.0865	0.0883	
0.0900	0.0859	0.0860	0.0857	0.0854	0.0866	0.0867	0.0878	0.0854	0.0851	0.0855	0.0857	0.0857	0.0859	0.0860	0.0866	0.0846	0.0850	0.0854	0.0857	0.0852	0.0855	0.0856	0.0854	0.0845	0.0855	0.0859	0.0853	0.0850	0.0858	0.0856	0.0865	0.0885	0.0853	0.0854	0.0857	0.0856	0.0856	0.0867	0.0857	0.0867	0.0864	0.0849	0.0850	0.0858	0.0849	0.0857	0.0891	0.0836	0.0854	0.0855	0.0855	0.0873	0.0861	0.0860	0.0872	0.0853	0.0857	0.0858	0.0861	0.0856	0.0860	0.0870	0.0883	
0.0901	0.0864	0.0862	0.0860	0.0859	0.0863	0.0865	0.0881	0.0862	0.0850	0.0858	0.0861	0.0857	0.0861	0.0861	0.0865	0.0850	0.0855	0.0855	0.0878	0.0860	0.0868	0.0864	0.0865	0.0857	0.0862	0.0871	0.0862	0.0863	0.0867	0.0864	0.0868	0.0875	0.0858	0.0860	0.0858	0.0866	0.0871	0.0867	0.0865	0.0877	0.0861	0.0858	0.0854	0.0866	0.0858	0.0865	0.0895	0.0852	0.0861	0.0859	0.0862	0.0880	0.0873	0.0868	0.0880	0.0857	0.0864	0.0861	0.0874	0.0859	0.0862	0.0879	0.0891	
0.0906	0.0857	0.0863	0.0858	0.0855	0.0865	0.0867	0.0880	0.0855	0.0850	0.0852	0.0862	0.0856	0.0861	0.0854	0.0863	0.0846	0.0850	0.0850	0.0854	0.0854	0.0855	0.0856	0.0855	0.0856	0.0847	0.0856	0.0855	0.0851	0.0852	0.0848	0.0856	0.0868	0.0863	0.0846	0.0850	0.0850	0.0852	0.0855	0.0859	0.0864	0.0850	0.0860	0.0846	0.0855	0.0849	0.0856	0.0888	0.0838	0.0851	0.0850	0.0850	0.0866	0.0856	0.0858	0.0867	0.0856	0.0856	0.0855	0.0865	0.0849	0.0859	0.0866	0.0883	
0.0906	0.0863	0.0865	0.0859	0.0860	0.0866	0.0867	0.0884	0.0862	0.0854	0.0859	0.0861	0.0856	0.0863	0.0859	0.0864	0.0854	0.0854	0.0857	0.0861	0.0859	0.0860	0.0863	0.0862	0.0857	0.0852	0.0862	0.0858	0.0858	0.0858	0.0857	0.0862	0.0873	0.0854	0.0852	0.0854	0.0852	0.0860	0.0862	0.0859	0.0868	0.0854	0.0850	0.0851	0.0865	0.0853	0.0859	0.0889	0.0844	0.0858	0.0859	0.0856	0.0870	0.0865	0.0862	0.0873	0.0862	0.0857	0.0863	0.0866	0.0860	0.0867	0.0873	0.0885	
0.0908	0.0865	0.0861	0.0859	0.0859	0.0873	0.0869	0.0879	0.0862	0.0851	0.0855	0.0857	0.0858	0.0859	0.0857	0.0863	0.0853	0.0853	0.0854	0.0858	0.0857	0.0857	0.0858	0.0855	0.0852	0.0854	0.0860	0.0853	0.0854	0.0856	0.0853	0.0862	0.0873	0.0849	0.0844	0.0852	0.0856	0.0855	0.0859	0.0855	0.0863	0.0854	0.0847	0.0851	0.0855	0.0846	0.0864	0.0887	0.0841	0.0853	0.0851	0.0852	0.0868	0.0859	0.0863	0.0869	0.0856	0.0851	0.0861	0.0866	0.0853	0.0858	0.0878	0.0889	
0.0910	0.0867	0.0867	0.0864	0.0869	0.0872	0.0871	0.0885	0.0868	0.0852	0.0859	0.0867	0.0862	0.0866	0.0864	0.0869	0.0852	0.0861	0.0863	0.0865	0.0860	0.0860	0.0861	0.0860	0.0861	0.0858	0.0867	0.0857	0.0858	0.0859	0.0860	0.0866	0.0879	0.0855	0.0851	0.0859	0.0862	0.0861	0.0859	0.0862	0.0866	0.0864	0.0849	0.0855	0.0860	0.0848	0.0858	0.0892	0.0846	0.0858	0.0856	0.0855	0.0871	0.0860	0.0869	0.0872	0.0852	0.0858	0.0860	0.0863	0.0851	0.0859	0.0883	0.0890	
0.0916	0.0870	0.0867	0.0864	0.0864	0.0873	0.0872	0.0887	0.0869	0.0855	0.0866	0.0864	0.0864	0.0865	0.0866	0.0872	0.0857	0.0880	0.0862	0.0866	0.0861	0.0870	0.0865	0.0863	0.0859	0.0863	0.0864	0.0860	0.0857	0.0862	0.0861	0.0868	0.0879	0.0856	0.0854	0.0858	0.0862	0.0859	0.0862	0.0868	0.0873	0.0858	0.0849	0.0848	0.0861	0.0851	0.0858	0.0897	0.0840	0.0858	0.0856	0.0862	0.0870	0.0862	0.0865	0.0871	0.0856	0.0860	0.0865	0.0865	0.0854	0.0872	0.0870	0.0891	
0.0922	0.0871	0.0866	0.0864	0.0869	0.0876	0.0881	0.0897	0.0878	0.0858	0.0867	0.0866	0.0863	0.0867	0.0866	0.0872	0.0867	0.0862	0.0863	0.0875	0.0863	0.0868	0.0866	0.0867	0.0869	0.0862	0.0873	0.0864	0.0863	0.0867	0.0865	0.0866	0.0887	0.0851	0.0853	0.0864	0.0860	0.0869	0.0861	0.0873	0.0877	0.0859	0.0857	0.0853	0.0862	0.0859	0.0859	0.0895	0.0851	0.0860	0.0857	0.0860	0.0873	0.0861	0.0864	0.0876	0.0860	0.0862	0.0865	0.0866	0.0859	0.0865	0.0875	0.0891	
0.0926	0.0875	0.0870	0.0867	0.0869	0.0876	0.0869	0.0891	0.0877	0.0860	0.0867	0.0866	0.0865	0.0867	0.0865	0.0875	0.0863	0.0863	0.0862	0.0870	0.0867	0.0869	0.0872	0.0866	0.0869	0.0862	0.0870	0.0859	0.0859	0.0865	0.0867	0.0863	0.0893	0.0859	0.0855	0.0860	0.0863	0.0859	0.0863	0.0861	0.0871	0.0858	0.0853	0.0861	0.0862	0.0851	0.0863	0.0890	0.0847	0.0858	0.0857	0.0854	0.0872	0.0861	0.0860	0.0869	0.0851	0.0857	0.0861	0.0865	0.0852	0.0862	0.0874	0.0888	
0.0932	0.0875	0.0871	0.0865	0.0871	0.0875	0.0870	0.0888	0.0883	0.0859	0.0865	0.0871	0.0863	0.0868	0.0869	0.0869	0.0868	0.0864	0.0860	0.0865	0.0862	0.0866	0.0864	0.0863	0.0868	0.0867	0.0871	0.0862	0.0862	0.0868	0.0860	0.0868	0.0896	0.0851	0.0853	0.0858	0.0860	0.0856	0.0865	0.0867	0.0869	0.0857	0.0860	0.0854	0.0866	0.0854	0.0865	0.0893	0.0842	0.0861	0.0858	0.0855	0.0871	0.0861	0.0857	0.0870	0.0855	0.0861	0.0861	0.0865	0.0852	0.0862	0.0870	0.0890	
0.0936	0.0879	0.0872	0.0869	0.0874	0.0868	0.0875	0.0888	0.0888	0.0863	0.0868	0.0867	0.0869	0.0872	0.0869	0.0875	0.0869	0.0875	0.0862	0.0932	0.0862	0.0865	0.0867	0.0865	0.0871	0.0864	0.0873	0.0866	0.0861	0.0871	0.0863	0.0869	0.0894	0.0860	0.0855	0.0862	0.0861	0.0859	0.0864	0.0863	0.0873	0.0858	0.0857	0.0856	0.0864	0.0850	0.0861	0.0894	0.0846	0.0857	0.0858	0.0854	0.0863	0.0871	0.0859	0.0873	0.0859	0.0859	0.0861	0.0866	0.0854	0.0862	0.0874	0.0887	
0.0944	0.0882	0.0876	0.0869	0.0871	0.0879	0.0875	0.0890	0.0901	0.0858	0.0875	0.0870	0.0867	0.0875	0.0873	0.0871	0.0872	0.0869	0.0862	0.0866	0.0868	0.0872	0.0864	0.0864	0.0876	0.0866	0.0870	0.0869	0.0861	0.0866	0.0862	0.0869	0.0893	0.0860	0.0858	0.0862	0.0867	0.0863	0.0868	0.0862	0.0879	0.0854	0.0856	0.0853	0.0864	0.0853	0.0861	0.0890	0.0846	0.0856	0.0858	0.0861	0.0872	0.0866	0.0871	0.0880	0.0856	0.0858	0.0859	0.0861	0.0857	0.0866	0.0873	0.0889	
0.0953	0.0884	0.0875	0.0871	0.0875	0.0880	0.0876	0.0891	0.0905	0.0863	0.0873	0.0870	0.0877	0.0878	0.0877	0.0878	0.0888	0.0875	0.0869	0.0869	0.0868	0.0878	0.0868	0.0868	0.0885	0.0874	0.0868	0.0866	0.0864	0.0868	0.0864	0.0872	0.0891	0.0855	0.0856	0.0861	0.0872	0.0863	0.0879	0.0865	0.0879	0.0877	0.0857	0.0860	0.0862	0.0855	0.0869	0.0894	0.0850	0.0860	0.0854	0.0861	0.0873	0.0871	0.0871	0.0898	0.0858	0.0868	0.0861	0.0866	0.0857	0.0861	0.0890	0.0892	
0.0963	0.0888	0.0874	0.0868	0.0876	0.0877	0.0873	0.0890	0.0934	0.0862	0.0866	0.0874	0.0871	0.0874	0.0874	0.0873	0.0894	0.0866	0.0868	0.0881	0.0867	0.0866	0.0869	0.0872	0.0881	0.0864	0.0874	0.0866	0.0865	0.0868	0.0869	0.0876	0.0897	0.0855	0.0858	0.0867	0.0869	0.0865	0.0880	0.0863	0.0879	0.0867	0.0859	0.0858	0.0863	0.0857	0.0864	0.0898	0.0846	0.0856	0.0852	0.0859	0.0866	0.0863	0.0870	0.0868	0.0861	0.0862	0.0866	0.0867	0.0852	0.0864	0.0873	0.0888	
0.0973	0.0893	0.0875	0.0875	0.0875	0.0877	0.0881	0.0894	0.0921	0.0868	0.0872	0.0874	0.0873	0.0881	0.0873	0.0880	0.0892	0.0874	0.0872	0.0868	0.0872	0.0873	0.0875	0.0871	0.0885	0.0872	0.0876	0.0871	0.0866	0.0872	0.0869	0.0880	0.0903	0.0860	0.0855	0.0863	0.0866	0.0866	0.0867	0.0861	0.0887	0.0855	0.0867	0.0864	0.0867	0.0862	0.0865	0.0892	0.0849	0.0862	0.0861	0.0860	0.0876	0.0873	0.0863	0.0879	0.0863	0.0855	0.0868	0.0870	0.0854	0.0862	0.0878	0.0889	
0.0980	0.0896	0.0881	0.0871	0.0882	0.0878	0.0873	0.0894	0.0928	0.0867	0.0874	0.0872	0.0871	0.0880	0.0872	0.0873	0.0895	0.0871	0.0866	0.0875	0.0866	0.0874	0.0870	0.0873	0.0896	0.0877	0.0879	0.0872	0.0870	0.0874	0.0871	0.0872	0.0913	0.0866	0.0856	0.0868	0.0879	0.0873	0.0873	0.0866	0.0887	0.0859	0.0861	0.0859	0.0867	0.0860	0.0866	0.0899	0.0845	0.0865	0.0868	0.0857	0.0868	0.0865	0.0860	0.0869	0.0859	0.0854	0.0861	0.0866	0.0854	0.0861	0.0872	0.0884	
0.0994	0.0903	0.0882	0.0874	0.0891	0.0879	0.0877	0.0893	0.0942	0.0870	0.0871	0.0875	0.0869	0.0879	0.0869	0.0875	0.0910	0.0870	0.0867	0.0874	0.0867	0.0870	0.0871	0.0871	0.0897	0.0874	0.0874	0.0872	0.0871	0.0871	0.0871	0.0870	0.0910	0.0859	0.0860	0.0869	0.0864	0.0874	0.0871	0.0872	0.0893	0.0862	0.0862	0.0856	0.0867	0.0863	0.0866	0.0898	0.0847	0.0861	0.0860	0.0860	0.0875	0.0860	0.0863	0.0869	0.0860	0.0858	0.0860	0.0866	0.0862	0.0861	0.0870	0.0888	
0.1006	0.0906	0.0880	0.0877	0.0881	0.0881	0.0873	0.0896	0.0953	0.0874	0.0877	0.0871	0.0875	0.0877	0.0870	0.0873	0.0923	0.0882	0.0871	0.0879	0.0865	0.0876	0.0870	0.0873	0.0911	0.0882	0.0881	0.0871	0.0868	0.0878	0.0873	0.0875	0.0917	0.0868	0.0865	0.0873	0.0870	0.0876	0.0873	0.0876	0.0889	0.0884	0.0860	0.0859	0.0867	0.0862	0.0871	0.0899	0.0848	0.0860	0.0861	0.0864	0.0873	0.0869	0.0866	0.0873	0.0859	0.0862	0.0859	0.0865	0.0857	0.0866	0.0881	0.0892	
0.1022	0.0927	0.0884	0.0877	0.0904	0.0882	0.0878	0.0893	0.0967	0.0880	0.0877	0.0872	0.0873	0.0879	0.0872	0.0879	0.0947	0.0885	0.0869	0.0872	0.0871	0.0872	0.0871	0.0868	0.0914	0.0887	0.0881	0.0871	0.0870	0.0873	0.0879	0.0873	0.0934	0.0866	0.0859	0.0877	0.0869	0.0870	0.0878	0.0876	0.0895	0.0909	0.0863	0.0860	0.0872	0.0863	0.0872	0.0900	0.0849	0.0861	0.0862	0.0861	0.0875	0.0867	0.0862	0.0874	0.0859	0.0855	0.0861	0.0871	0.0860	0.0864	0.0875	0.0895	
0.1039	0.0920	0.0885	0.0876	0.0876	0.0876	0.0868	0.0893	0.0992	0.0887	0.0875	0.0874	0.0872	0.0875	0.0870	0.0875	0.0939	0.0886	0.0869	0.0874	0.0863	0.0869	0.0867	0.0870	0.0924	0.0888	0.0880	0.0869	0.0864	0.0873	0.0874	0.0872	0.0925	0.0872	0.0863	0.0870	0.0864	0.0868	0.0874	0.0871	0.0894	0.0863	0.0863	0.0862	0.0869	0.0862	0.0867	0.0898	0.0850	0.0860	0.0856	0.0860	0.0872	0.0865	0.0864	0.0878	0.0855	0.0857	0.0863	0.0866	0.0856	0.0856	0.0883	0.0911	
0.1066	0.0930	0.0891	0.0881	0.0884	0.0873	0.0875	0.0894	0.1040	0.0895	0.0883	0.0873	0.0868	0.0876	0.0871	0.0879	0.0948	0.0888	0.0870	0.0875	0.0865	0.0873	0.0873	0.0877	0.0931	0.0891	0.0887	0.0869	0.0866	0.0868	0.0868	0.0879	0.0922	0.0871	0.0867	0.0870	0.0869	0.0870	0.0876	0.0870	0.0906	0.0860	0.0866	0.0858	0.0867	0.0858	0.0875	0.0903	0.0854	0.0858	0.0853	0.0861	0.0873	0.0868	0.0869	0.0871	0.0861	0.0860	0.0862	0.0867	0.0856	0.0861	0.0884	0.0891	
0.1093	0.0944	0.0895	0.0883	0.0883	0.0882	0.0874	0.0899	0.1032	0.0904	0.0886	0.0876	0.0878	0.0876	0.0877	0.0878	0.0965	0.0905	0.0870	0.0878	0.0869	0.0877	0.0878	0.0887	0.0942	0.0897	0.0890	0.0871	0.0874	0.0882	0.0874	0.0878	0.0940	0.0880	0.0868	0.0877	0.0882	0.0875	0.0880	0.0880	0.0908	0.0868	0.0872	0.0866	0.0885	0.0869	0.0881	0.0906	0.0856	0.0861	0.0869	0.0865	0.0875	0.0879	0.0870	0.0874	0.0862	0.0853	0.0862	0.0867	0.0858	0.0864	0.0867	0.0905	
0.1112	0.0953	0.0900	0.0885	0.0891	0.0882	0.0876	0.0904	0.1057	0.0909	0.0888	0.0877	0.0874	0.0879	0.0878	0.0875	0.0981	0.0905	0.0877	0.0881	0.0872	0.0880	0.0879	0.0874	0.0963	0.0905	0.0889	0.0869	0.0876	0.0876	0.0878	0.0877	0.0946	0.0883	0.0871	0.0875	0.0875	0.0873	0.0881	0.0881	0.0910	0.0911	0.0864	0.0860	0.0873	0.0872	0.0874	0.0913	0.0857	0.0861	0.0863	0.0868	0.0877	0.0873	0.0866	0.0877	0.0865	0.0867	0.0869	0.0867	0.0864	0.0867	0.0871	0.0896	
0.1134	0.0960	0.0896	0.0882	0.0877	0.0875	0.0868	0.0897	0.1063	0.0916	0.0891	0.0874	0.0873	0.0872	0.0871	0.0875	0.0993	0.0905	0.0873	0.0868	0.0864	0.0870	0.0865	0.0867	0.0963	0.0908	0.0880	0.0868	0.0867	0.0869	0.0864	0.0871	0.0960	0.0872	0.0859	0.0870	0.0865	0.0875	0.0870	0.0867	0.0909	0.0862	0.0868	0.0859	0.0862	0.0857	0.0866	0.0898	0.0848	0.0865	0.0859	0.0853	0.0871	0.0860	0.0859	0.0871	0.0863	0.0852	0.0858	0.0872	0.0849	0.0860	0.0878	0.0888	
0.1180	0.0978	0.0908	0.0886	0.0890	0.0877	0.0879	0.0900	0.1111	0.0929	0.0893	0.0881	0.0871	0.0884	0.0876	0.0881	0.1017	0.0925	0.0882	0.0879	0.0872	0.0876	0.0875	0.0880	0.0984	0.0926	0.0891	0.0871	0.0872	0.0877	0.0881	0.0881	0.0963	0.0889	0.0869	0.0881	0.0870	0.0876	0.0879	0.0879	0.0919	0.0872	0.0867	0.0867	0.0875	0.0867	0.0873	0.0901	0.0862	0.0864	0.0862	0.0858	0.0875	0.0865	0.0872	0.0882	0.0863	0.0859	0.0868	0.0865	0.0855	0.0869	0.0874	0.0893	
0.1220	0.0994	0.0917	0.0897	0.0892	0.0884	0.0878	0.0906	0.1151	0.0947	0.0905	0.0886	0.0880	0.0883	0.0880	0.0885	0.1037	0.0937	0.0888	0.0879	0.0875	0.0882	0.0879	0.0883	0.1005	0.0931	0.0897	0.0879	0.0873	0.0880	0.0885	0.0877	0.0989	0.0893	0.0867	0.0881	0.0870	0.0878	0.0882	0.0874	0.0927	0.0899	0.0869	0.0867	0.0876	0.0874	0.0879	0.0901	0.0866	0.0861	0.0864	0.0868	0.0883	0.0875	0.0878	0.0891	0.0866	0.0861	0.0865	0.0873	0.0873	0.0868	0.0874	0.0903	
0.1253	0.0998	0.0915	0.0894	0.0883	0.0874	0.0872	0.0905	0.1174	0.0961	0.0902	0.0888	0.0877	0.0882	0.0875	0.0879	0.1061	0.0944	0.0888	0.0884	0.0867	0.0871	0.0874	0.0878	0.1008	0.0938	0.0890	0.0876	0.0870	0.0871	0.0864	0.0878	0.1000	0.0893	0.0871	0.0871	0.0868	0.0880	0.0880	0.0872	0.0935	0.0871	0.0870	0.0858	0.0873	0.0874	0.0881	0.0899	0.0866	0.0864	0.0860	0.0858	0.0886	0.0867	0.0872	0.0867	0.0855	0.0854	0.0869	0.0866	0.0853	0.0868	0.0875	0.0887	
0.1307	0.1025	0.0929	0.0903	0.0886	0.0877	0.0874	0.0907	0.1225	0.0985	0.0917	0.0899	0.0881	0.0892	0.0883	0.0886	0.1104	0.0964	0.0900	0.0897	0.0881	0.0900	0.0878	0.0885	0.1035	0.0957	0.0906	0.0877	0.0874	0.0889	0.0871	0.0884	0.1009	0.0906	0.0868	0.0877	0.0872	0.0873	0.0875	0.0883	0.0941	0.0878	0.0872	0.0870	0.0870	0.0870	0.0876	0.0901	0.0868	0.0873	0.0862	0.0864	0.0875	0.0882	0.0875	0.0881	0.0861	0.0863	0.0864	0.0869	0.0861	0.0873	0.0892	0.0889	
0.1355	0.1047	0.0931	0.0909	0.0895	0.0879	0.0876	0.0909	0.1274	0.0988	0.0922	0.0886	0.0878	0.0885	0.0882	0.0883	0.1143	0.0968	0.0901	0.0886	0.0873	0.0877	0.0877	0.0888	0.1059	0.0965	0.0897	0.0874	0.0877	0.0874	0.0867	0.0869	0.1022	0.0911	0.0879	0.0875	0.0879	0.0878	0.0874	0.0875	0.0950	0.0884	0.0869	0.0867	0.0878	0.0878	0.0874	0.0900	0.0860	0.0862	0.0864	0.0872	0.0877	0.0869	0.0871	0.0881	0.0866	0.0854	0.0871	0.0873	0.0859	0.0863	0.0872	0.0895	
0.1426	0.1074	0.0944	0.0910	0.0891	0.0882	0.0876	0.0918	0.1334	0.1019	0.0928	0.0891	0.0883	0.0883	0.0878	0.0890	0.1185	0.0991	0.0904	0.0891	0.0871	0.0888	0.0874	0.0888	0.1098	0.0980	0.0903	0.0882	0.0869	0.0881	0.0872	0.0879	0.1041	0.0919	0.0880	0.0888	0.0876	0.0884	0.0879	0.0878	0.0959	0.0882	0.0875	0.0869	0.0881	0.0854	0.0876	0.0902	0.0868	0.0869	0.0861	0.0859	0.0877	0.0874	0.0867	0.0875	0.0869	0.0864	0.0862	0.0871	0.0863	0.0864	0.0878	0.0897	
0.1512	0.1098	0.0952	0.0915	0.0888	0.0876	0.0875	0.0915	0.1412	0.1030	0.0938	0.0886	0.0888	0.0889	0.0875	0.0887	0.1241	0.1004	0.0909	0.0893	0.0869	0.0880	0.0874	0.0891	0.1135	0.0994	0.0906	0.0878	0.0865	0.0876	0.0868	0.0876	0.1062	0.0920	0.0879	0.0884	0.0873	0.0870	0.0872	0.0873	0.0967	0.0881	0.0872	0.0863	0.0876	0.0868	0.0876	0.0897	0.0870	0.0860	0.0859	0.0857	0.0876	0.0868	0.0868	0.0876	0.0858	0.0860	0.0861	0.0863	0.0851	0.0901	0.0871	0.0890	
0.1565	0.1127	0.0967	0.0924	0.0907	0.0884	0.0877	0.0922	0.1465	0.1066	0.0953	0.0899	0.0889	0.0891	0.0886	0.0898	0.1293	0.1029	0.0914	0.0895	0.0875	0.0882	0.0880	0.0898	0.1180	0.1018	0.0918	0.0884	0.0868	0.0888	0.0872	0.0878	0.1088	0.0934	0.0884	0.0894	0.0875	0.0874	0.0875	0.0879	0.0981	0.0892	0.0871	0.0867	0.0881	0.0858	0.0880	0.0906	0.0884	0.0870	0.0869	0.0868	0.0876	0.0868	0.0866	0.0881	0.0866	0.0866	0.0870	0.0866	0.0858	0.0866	0.0875	0.0893	
0.1655	0.1153	0.0981	0.0935	0.0904	0.0884	0.0881	0.0924	0.1563	0.1095	0.0959	0.0904	0.0889	0.0892	0.0885	0.0894	0.1348	0.1051	0.0919	0.0899	0.0873	0.0888	0.0882	0.0893	0.1223	0.1037	0.0918	0.0885	0.0879	0.0878	0.0871	0.0879	0.1121	0.0948	0.0885	0.0889	0.0875	0.0880	0.0877	0.0875	0.0992	0.0893	0.0906	0.0871	0.0874	0.0870	0.0876	0.0907	0.0874	0.0871	0.0866	0.0861	0.0877	0.0868	0.0871	0.0871	0.0865	0.0856	0.0876	0.0873	0.0866	0.0863	0.0872	0.0893	
0.1742	0.1191	0.0999	0.0947	0.0912	0.0887	0.0885	0.0931	0.1628	0.1127	0.0980	0.0911	0.0901	0.0897	0.0888	0.0901	0.1426	0.1079	0.0939	0.0901	0.0880	0.0887	0.0886	0.0899	0.1279	0.1057	0.0930	0.0893	0.0873	0.0878	0.0875	0.0884	0.1156	0.0958	0.0893	0.0889	0.0883	0.0877	0.0880	0.0881	0.1012	0.0901	0.0872	0.0868	0.0882	0.0873	0.0882	0.0903	0.0877	0.0869	0.0864	0.0862	0.0877	0.0875	0.0871	0.0878	0.0865	0.0856	0.0867	0.0869	0.0855	0.0869	0.0867	0.0903	
0.1875	0.1233	0.1009	0.0954	0.0915	0.0887	0.0885	0.0937	0.1749	0.1161	0.0990	0.0917	0.0904	0.0905	0.0891	0.0905	0.1498	0.1108	0.0948	0.0908	0.0880	0.0896	0.0882	0.0902	0.1352	0.1088	0.0938	0.0895	0.0876	0.0886	0.0874	0.0884	0.1196	0.0977	0.0899	0.0896	0.0874	0.0874	0.0878	0.0877	0.1026	0.0901	0.0889	0.0866	0.0873	0.0867	0.0881	0.0906	0.0885	0.0867	0.0866	0.0867	0.0882	0.0870	0.0874	0.0878	0.0867	0.0862	0.0867	0.0869	0.0862	0.0870	0.0874	0.0890	
0.1997	0.1274	0.1033	0.0968	0.0924	0.0895	0.0887	0.0941	0.1878	0.1204	0.1009	0.0920	0.0905	0.0901	0.0881	0.0905	0.1611	0.1132	0.0957	0.0913	0.0879	0.0888	0.0882	0.0895	0.1440	0.1120	0.0948	0.0902	0.0869	0.0876	0.0872	0.0886	0.1256	0.0989	0.0905	0.0893	0.0878	0.0873	0.0871	0.0877	0.1051	0.0913	0.0876	0.0862	0.0879	0.0870	0.0878	0.0901	0.0890	0.0872	0.0864	0.0863	0.0881	0.0875	0.0866	0.0877	0.0855	0.0858	0.0861	0.0862	0.0857	0.0869	0.0884	0.0892	
0.2123	0.1323	0.1054	0.0982	0.0928	0.0895	0.0885	0.0948	0.2018	0.1256	0.1028	0.0923	0.0912	0.0917	0.0890	0.0910	0.1713	0.1176	0.0972	0.0922	0.0887	0.0894	0.0879	0.0910	0.1522	0.1157	0.0955	0.0901	0.0873	0.0882	0.0874	0.0884	0.1315	0.1021	0.0904	0.0903	0.0878	0.0873	0.0884	0.0881	0.1077	0.0920	0.0887	0.0874	0.0876	0.0872	0.0877	0.0907	0.0894	0.0907	0.0901	0.0904	0.0904	0.0908	0.0899	0.0894	0.0859	0.0859	0.0868	0.0875	0.0860	0.0867	0.0876	0.0895	
0.2331	0.1378	0.1081	0.0993	0.0945	0.0903	0.0898	0.0957	0.2144	0.1323	0.1042	0.0942	0.0920	0.0922	0.0898	0.0912	0.1842	0.1216	0.0984	0.0932	0.0892	0.0897	0.0887	0.0906	0.1642	0.1197	0.0976	0.0909	0.0878	0.0882	0.0876	0.0889	0.1400	0.1043	0.0919	0.0908	0.0877	0.0907	0.0872	0.0882	0.1119	0.0927	0.0892	0.0872	0.0877	0.0863	0.0875	0.0903	0.0896	0.0876	0.0858	0.0862	0.0874	0.0870	0.0871	0.0882	0.0864	0.0865	0.0871	0.0869	0.0864	0.0872	0.0876	0.0885	
0.2471	0.1435	0.1105	0.1013	0.0957	0.0906	0.0901	0.0961	0.2320	0.1387	0.1074	0.0948	0.0932	0.0923	0.0901	0.0919	0.1983	0.1274	0.1007	0.0942	0.0895	0.0907	0.0890	0.0913	0.1748	0.1255	0.0993	0.0915	0.0882	0.0884	0.0878	0.0890	0.1487	0.1070	0.0937	0.0921	0.0887	0.0873	0.0882	0.0890	0.1150	0.0938	0.0895	0.0875	0.0880	0.0870	0.0879	0.0902	0.0908	0.0873	0.0869	0.0861	0.0880	0.0868	0.0880	0.0883	0.0867	0.0861	0.0863	0.0872	0.0864	0.0870	0.0881	0.0898	
0.2642	0.1498	0.1136	0.1024	0.0967	0.0907	0.0905	0.0967	0.2494	0.1463	0.1094	0.0961	0.0931	0.0930	0.0908	0.0927	0.2125	0.1334	0.1026	0.0946	0.0897	0.0915	0.0889	0.0916	0.1883	0.1297	0.1004	0.0927	0.0888	0.0888	0.0869	0.0890	0.1561	0.1096	0.0931	0.0920	0.0889	0.0878	0.0878	0.0886	0.1214	0.0938	0.0896	0.0872	0.0888	0.0868	0.0879	0.0906	0.0910	0.0875	0.0868	0.0861	0.0888	0.0865	0.0892	0.0900	0.0865	0.0859	0.0866	0.0868	0.0860	0.0865	0.0896	0.0904	
0.2892	0.1580	0.1173	0.1042	0.0964	0.0916	0.0915	0.0975	0.2713	0.1550	0.1130	0.0970	0.0938	0.0935	0.0913	0.0932	0.2327	0.1404	0.1045	0.0965	0.0897	0.0919	0.0898	0.0923	0.2047	0.1370	0.1011	0.0930	0.0889	0.0888	0.0880	0.0899	0.1711	0.1131	0.0949	0.0925	0.0886	0.0879	0.0884	0.0881	0.1248	0.0945	0.0894	0.0878	0.0880	0.0872	0.0884	0.0902	0.0918	0.0872	0.0860	0.0863	0.0880	0.0867	0.0873	0.0875	0.0865	0.0861	0.0868	0.0868	0.0853	0.0866	0.0887	0.0891	
0.3091	0.1673	0.1216	0.1067	0.0986	0.0927	0.0920	0.0997	0.2927	0.1644	0.1170	0.0989	0.0950	0.0943	0.0919	0.0943	0.2486	0.1487	0.1078	0.0979	0.0921	0.0915	0.0902	0.0937	0.2213	0.1441	0.1047	0.0941	0.0903	0.0897	0.0886	0.0901	0.1814	0.1174	0.0966	0.0944	0.0899	0.0880	0.0882	0.0885	0.1316	0.0965	0.0906	0.0877	0.0888	0.0872	0.0883	0.0902	0.0943	0.0877	0.0866	0.0868	0.0880	0.0869	0.0878	0.0890	0.0867	0.0871	0.0874	0.0874	0.0867	0.0869	0.0876	0.0894	
0.3367	0.1796	0.1265	0.1091	0.1009	0.0939	0.0930	0.0998	0.3179	0.1763	0.1210	0.1005	0.0964	0.0954	0.0923	0.0950	0.2723	0.1573	0.1100	0.0991	0.0919	0.0921	0.0906	0.0941	0.2416	0.1528	0.1072	0.0964	0.0906	0.0906	0.0887	0.0912	0.1967	0.1219	0.0986	0.0953	0.0897	0.0899	0.0895	0.0890	0.1397	0.0992	0.0907	0.0889	0.0891	0.0878	0.0889	0.0915	0.0954	0.0890	0.0870	0.0878	0.0883	0.0881	0.0880	0.0883	0.0869	0.0862	0.0876	0.0878	0.0857	0.0877	0.0878	0.0900	
0.3611	0.1899	0.1301	0.1104	0.1013	0.0935	0.0930	0.0999	0.3444	0.1871	0.1244	0.1023	0.0972	0.0958	0.0925	0.0951	0.2987	0.1678	0.1129	0.1000	0.0927	0.0918	0.0912	0.0940	0.2596	0.1614	0.1087	0.0956	0.0906	0.0902	0.0880	0.0898	0.2136	0.1265	0.0993	0.0951	0.0902	0.0884	0.0889	0.0889	0.1472	0.0998	0.0917	0.0885	0.0887	0.0868	0.0880	0.0901	0.0955	0.0885	0.0874	0.0873	0.0875	0.0872	0.0871	0.0891	0.0863	0.0857	0.0891	0.0870	0.0858	0.0861	0.0879	0.0894	
0.3842	0.2038	0.1363	0.1146	0.1028	0.0941	0.0938	0.1023	0.3674	0.2031	0.1294	0.1040	0.0990	0.0971	0.0942	0.0962	0.3172	0.1769	0.1177	0.1015	0.0935	0.0925	0.0915	0.0950	0.2805	0.1714	0.1116	0.0982	0.0914	0.0910	0.0887	0.0903	0.2289	0.1350	0.1021	0.0972	0.0917	0.0921	0.0885	0.0898	0.1547	0.1027	0.0925	0.0890	0.0889	0.0872	0.0878	0.0910	0.0974	0.0884	0.0870	0.0872	0.0875	0.0879	0.0872	0.0878	0.0876	0.0870	0.0868	0.0877	0.0866	0.0867	0.0886	0.0896	
0.4152	0.2219	0.1435	0.1173	0.1045	0.0957	0.0951	0.1033	0.4005	0.2185	0.1350	0.1064	0.1007	0.0985	0.0950	0.0975	0.3482	0.1908	0.1219	0.1093	0.0942	0.0939	0.0920	0.0965	0.3049	0.1851	0.1159	0.0992	0.0930	0.0919	0.0894	0.0913	0.2514	0.1411	0.1041	0.0991	0.0912	0.0896	0.0890	0.0910	0.1679	0.1042	0.0928	0.0892	0.0895	0.0871	0.0885	0.0908	0.1000	0.0892	0.0870	0.0868	0.0885	0.0875	0.0872	0.0888	0.0868	0.0868	0.0876	0.0868	0.0859	0.0880	0.0886	0.0890	
0.4437	0.2364	0.1491	0.1196	0.1062	0.0964	0.0960	0.1037	0.4312	0.2339	0.1405	0.1093	0.1013	0.0982	0.0952	0.0979	0.3746	0.2045	0.1254	0.1057	0.0954	0.0946	0.0920	0.0960	0.3292	0.1978	0.1190	0.1003	0.0922	0.0921	0.0887	0.0920	0.2657	0.1494	0.1062	0.0995	0.0917	0.0902	0.0888	0.0907	0.1810	0.1087	0.0944	0.0892	0.0887	0.0868	0.0887	0.0904	0.1024	0.0888	0.0868	0.0861	0.0882	0.0871	0.0876	0.0879	0.0867	0.0870	0.0906	0.0877	0.0856	0.0870	0.0879	0.0891	
0.4715	0.2560	0.1572	0.1239	0.1085	0.0972	0.0971	0.1056	0.4599	0.2515	0.1484	0.1113	0.1034	0.1012	0.0964	0.0993	0.4010	0.2198	0.1320	0.1073	0.0965	0.0948	0.0931	0.0978	0.3562	0.2122	0.1244	0.1020	0.0939	0.0922	0.0896	0.0925	0.2927	0.1590	0.1082	0.1008	0.0927	0.0900	0.0892	0.0906	0.1921	0.1114	0.0948	0.0895	0.0887	0.0869	0.0891	0.0905	0.1051	0.0896	0.0873	0.0867	0.0880	0.0876	0.0873	0.0878	0.0864	0.0875	0.0868	0.0863	0.0861	0.0866	0.0872	0.0907	
0.5051	0.2777	0.1653	0.1280	0.1118	0.1004	0.0984	0.1083	0.4937	0.2740	0.1553	0.1143	0.1057	0.1024	0.0976	0.1001	0.4374	0.2367	0.1382	0.1110	0.0971	0.0966	0.0936	0.0991	0.3863	0.2278	0.1288	0.1037	0.0946	0.0926	0.0902	0.0931	0.3211	0.1710	0.1114	0.1023	0.0940	0.0902	0.0903	0.0905	0.2099	0.1149	0.0957	0.0911	0.0890	0.0869	0.0877	0.0900	0.1106	0.0902	0.0871	0.0874	0.0887	0.0872	0.0872	0.0879	0.0875	0.0875	0.0864	0.0874	0.0858	0.0882	0.0872	0.0894	
0.5258	0.2981	0.1758	0.1334	0.1139	0.1017	0.0996	0.1100	0.5161	0.2924	0.1638	0.1183	0.1076	0.1044	0.0988	0.1015	0.4606	0.2570	0.1462	0.1132	0.0990	0.0972	0.0944	0.1003	0.4130	0.2461	0.1343	0.1068	0.0961	0.0936	0.0905	0.0927	0.3417	0.1824	0.1150	0.1049	0.0946	0.0900	0.0903	0.0912	0.2266	0.1190	0.0975	0.0915	0.0897	0.0871	0.0879	0.0911	0.1142	0.0902	0.0879	0.0864	0.0881	0.0874	0.0870	0.0888	0.0873	0.0868	0.0866	0.0866	0.0858	0.0869	0.0881	0.0889	
0.5593	0.3209	0.1853	0.1386	0.1166	0.1025	0.0994	0.1101	0.5444	0.3151	0.1717	0.1212	0.1086	0.1055	0.0992	0.1020	0.4891	0.2785	0.1517	0.1155	0.0999	0.0975	0.0945	0.1002	0.4447	0.2675	0.1396	0.1079	0.0961	0.0937	0.0900	0.0934	0.3716	0.1953	0.1184	0.1042	0.0944	0.0897	0.0899	0.0916	0.2474	0.1248	0.0985	0.0910	0.0892	0.0870	0.0884	0.0895	0.1158	0.0902	0.0864	0.0869	0.0877	0.0866	0.0869	0.0874	0.0866	0.0858	0.0860	0.0870	0.0852	0.0867	0.0871	0.0888	
0.5847	0.3477	0.1988	0.1439	0.1216	0.1039	0.1029	0.1137	0.5752	0.3410	0.1829	0.1270	0.1126	0.1083	0.1022	0.1051	0.5224	0.2972	0.1617	0.1191	0.1016	0.0998	0.0951	0.1026	0.4749	0.2894	0.1499	0.1123	0.0982	0.0956	0.0914	0.0936	0.3941	0.2105	0.1253	0.1077	0.0959	0.0931	0.0910	0.0931	0.2680	0.1303	0.1010	0.0920	0.0912	0.0875	0.0882	0.0900	0.1231	0.0910	0.0874	0.0873	0.0886	0.0873	0.0868	0.0887	0.0873	0.0869	0.0865	0.0858	0.0857	0.0868	0.0873	0.0888	
0.6139	0.3751	0.2103	0.1503	0.1257	0.1066	0.1042	0.1163	0.6014	0.3612	0.1933	0.1326	0.1164	0.1110	0.1030	0.1056	0.5550	0.3201	0.1731	0.1275	0.1042	0.1022	0.0973	0.1037	0.5063	0.3130	0.1555	0.1157	0.1000	0.0971	0.0921	0.0942	0.4331	0.2283	0.1317	0.1098	0.0968	0.0919	0.0917	0.0929	0.2897	0.1372	0.1042	0.0928	0.0904	0.0880	0.0886	0.0902	0.1298	0.0918	0.0877	0.0865	0.0881	0.0869	0.0870	0.0884	0.0878	0.0864	0.0862	0.0864	0.0876	0.0865	0.0875	0.0898	
0.6393	0.4047	0.2248	0.1592	0.1306	0.1093	0.1070	0.1185	0.6296	0.3884	0.2055	0.1381	0.1195	0.1139	0.1065	0.1076	0.5815	0.3470	0.1818	0.1274	0.1076	0.1049	0.0990	0.1057	0.5348	0.3396	0.1668	0.1189	0.1015	0.0978	0.0928	0.0950	0.4658	0.2472	0.1378	0.1132	0.0985	0.0931	0.0926	0.0929	0.3149	0.1466	0.1057	0.0950	0.0911	0.0871	0.0889	0.0907	0.1381	0.0928	0.0880	0.0865	0.0882	0.0881	0.0877	0.0885	0.0876	0.0868	0.0871	0.0867	0.0869	0.0870	0.0872	0.0896	
0.6650	0.4327	0.2418	0.1662	0.1348	0.1131	0.1103	0.1215	0.6520	0.4114	0.2175	0.1451	0.1244	0.1173	0.1085	0.1099	0.6108	0.3669	0.1942	0.1332	0.1113	0.1046	0.1001	0.1081	0.5684	0.3678	0.1785	0.1240	0.1041	0.0997	0.0941	0.0973	0.4853	0.2700	0.1461	0.1189	0.1018	0.0938	0.0942	0.0947	0.3400	0.1568	0.1095	0.0956	0.0927	0.0880	0.0902	0.0914	0.1479	0.0938	0.0881	0.0878	0.0899	0.0874	0.0875	0.0882	0.0883	0.0878	0.0875	0.0875	0.0858	0.0872	0.0882	0.0898	
0.6886	0.4510	0.2518	0.1728	0.1389	0.1157	0.1119	0.1240	0.6786	0.4352	0.2306	0.1533	0.1281	0.1196	0.1102	0.1117	0.6369	0.3910	0.2046	0.1449	0.1134	0.1074	0.1008	0.1092	0.5897	0.3875	0.1856	0.1287	0.1061	0.1011	0.0948	0.0965	0.5059	0.2887	0.1498	0.1185	0.1020	0.0938	0.0926	0.0946	0.3655	0.1645	0.1116	0.0962	0.0922	0.0881	0.0882	0.0920	0.1572	0.0944	0.0886	0.0878	0.0887	0.0878	0.0881	0.0881	0.0883	0.0865	0.0877	0.0868	0.0858	0.0870	0.0891	0.0898	
0.7120	0.4761	0.2699	0.1842	0.1468	0.1198	0.1157	0.1281	0.7029	0.4575	0.2453	0.1614	0.1351	0.1245	0.1128	0.1145	0.6590	0.4127	0.2187	0.1444	0.1158	0.1100	0.1038	0.1115	0.6128	0.4152	0.2000	0.1339	0.1094	0.1026	0.0961	0.0985	0.5312	0.3118	0.1587	0.1226	0.1054	0.0944	0.0947	0.0956	0.3924	0.1809	0.1152	0.0986	0.0939	0.0889	0.0898	0.0918	0.1665	0.0963	0.0888	0.0880	0.0896	0.0885	0.0871	0.0883	0.0887	0.0868	0.0880	0.0876	0.0853	0.0867	0.0877	0.0899	
0.7391	0.4920	0.2861	0.1951	0.1519	0.1245	0.1221	0.1304	0.7300	0.4796	0.2590	0.1726	0.1380	0.1288	0.1165	0.1168	0.6768	0.4412	0.2319	0.1522	0.1201	0.1116	0.1050	0.1136	0.6386	0.4426	0.2134	0.1394	0.1128	0.1047	0.0977	0.0999	0.5750	0.3357	0.1680	0.1260	0.1066	0.0949	0.0944	0.0961	0.4206	0.1922	0.1183	0.0985	0.0937	0.0885	0.0901	0.0919	0.1803	0.0977	0.0886	0.0864	0.0880	0.0871	0.0869	0.0885	0.0893	0.0871	0.0870	0.0876	0.0866	0.0906	0.0872	0.0891	
0.7511	0.5131	0.3008	0.2055	0.1599	0.1282	0.1235	0.1342	0.7458	0.5014	0.2728	0.1792	0.1456	0.1321	0.1188	0.1198	0.7119	0.4646	0.2495	0.1586	0.1231	0.1127	0.1068	0.1157	0.6633	0.4669	0.2291	0.1457	0.1145	0.1057	0.0979	0.1008	0.6015	0.3609	0.1780	0.1318	0.1089	0.0965	0.0957	0.0969	0.4512	0.2055	0.1219	0.1004	0.0943	0.0888	0.0892	0.0910	0.1929	0.0993	0.0896	0.0868	0.0880	0.0869	0.0875	0.0873	0.0889	0.0859	0.0867	0.0873	0.0853	0.0863	0.0866	0.0896	
0.7639	0.5375	0.3153	0.2148	0.1682	0.1337	0.1283	0.1383	0.7552	0.5181	0.2860	0.1905	0.1512	0.1369	0.1223	0.1208	0.7270	0.4851	0.2609	0.1686	0.1282	0.1182	0.1102	0.1174	0.6869	0.4931	0.2401	0.1519	0.1191	0.1087	0.0989	0.1007	0.6210	0.3846	0.1902	0.1371	0.1127	0.0967	0.0959	0.0966	0.4798	0.2210	0.1275	0.1014	0.0954	0.0886	0.0898	0.0916	0.2076	0.1015	0.0892	0.0873	0.0881	0.0871	0.0872	0.0880	0.0884	0.0866	0.0853	0.0875	0.0852	0.0871	0.0868	0.0875	
0.7619	0.5609	0.3290	0.2270	0.1749	0.1403	0.1347	0.1426	0.7615	0.5370	0.2993	0.2045	0.1591	0.1438	0.1291	0.1265	0.7464	0.5049	0.2740	0.1886	0.1366	0.1228	0.1119	0.1207	0.7103	0.5124	0.2574	0.1603	0.1223	0.1118	0.1020	0.1045	0.6463	0.4113	0.2038	0.1421	0.1142	0.1002	0.0986	0.0991	0.5101	0.2413	0.1338	0.1050	0.0970	0.0896	0.0908	0.0924	0.2257	0.1054	0.0911	0.0885	0.0895	0.0885	0.0879	0.0886	0.0903	0.0869	0.0869	0.0877	0.0862	0.0874	0.0872	0.0895	
0.7689	0.5855	0.3430	0.2368	0.1848	0.1471	0.1405	0.1475	0.7696	0.5594	0.3128	0.2135	0.1688	0.1490	0.1323	0.1293	0.7543	0.5257	0.2903	0.1870	0.1418	0.1271	0.1159	0.1242	0.7331	0.5323	0.2704	0.1675	0.1271	0.1132	0.1031	0.1050	0.6759	0.4350	0.2135	0.1468	0.1174	0.1013	0.0985	0.0995	0.5400	0.2600	0.1407	0.1065	0.0979	0.0905	0.0906	0.0918	0.2444	0.1060	0.0893	0.0879	0.0893	0.0874	0.0869	0.0879	0.0908	0.0863	0.0866	0.0866	0.0855	0.0868	0.0873	0.0889	
0.7756	0.6151	0.3560	0.2523	0.1952	0.1517	0.1476	0.1518	0.7718	0.5832	0.3252	0.2260	0.1780	0.1565	0.1377	0.1340	0.7563	0.5483	0.3022	0.1960	0.1490	0.1314	0.1190	0.1270	0.7488	0.5543	0.2905	0.1788	0.1330	0.1190	0.1051	0.1070	0.6857	0.4567	0.2259	0.1546	0.1209	0.1034	0.1002	0.1016	0.5683	0.2822	0.1453	0.1097	0.0984	0.0895	0.0923	0.0914	0.2648	0.1103	0.0906	0.0882	0.0896	0.0877	0.0877	0.0883	0.0907	0.0873	0.0868	0.0865	0.0869	0.0862	0.0879	0.0899	
0.7768	0.6427	0.3659	0.2647	0.2064	0.1660	0.1546	0.1577	0.7728	0.6055	0.3379	0.2378	0.1881	0.1657	0.1453	0.1420	0.7635	0.5610	0.3168	0.2099	0.1571	0.1379	0.1239	0.1324	0.7547	0.5739	0.3035	0.1880	0.1407	0.1212	0.1088	0.1097	0.7154	0.4830	0.2417	0.1637	0.1259	0.1048	0.1021	0.1027	0.5977	0.3051	0.1584	0.1147	0.1015	0.0920	0.0920	0.0929	0.2869	0.1161	0.0915	0.0885	0.0902	0.0895	0.0877	0.0888	0.0935	0.0879	0.0878	0.0875	0.0865	0.0866	0.0883	0.0900	
0.7799	0.6709	0.3776	0.2748	0.2164	0.1725	0.1617	0.1652	0.7782	0.6309	0.3471	0.2522	0.1963	0.1729	0.1517	0.1459	0.7633	0.5852	0.3280	0.2234	0.1652	0.1433	0.1283	0.1343	0.7631	0.5917	0.3142	0.1984	0.1461	0.1258	0.1117	0.1124	0.7324	0.5034	0.2550	0.1705	0.1326	0.1069	0.1036	0.1047	0.6250	0.3300	0.1634	0.1176	0.1029	0.0926	0.0925	0.0933	0.3126	0.1203	0.0918	0.0891	0.0910	0.0881	0.0877	0.0876	0.0935	0.0877	0.0877	0.0880	0.0860	0.0873	0.0872	0.0893	
0.7766	0.6811	0.3899	0.2855	0.2306	0.1837	0.1714	0.1724	0.7837	0.6539	0.3563	0.2649	0.2132	0.1810	0.1607	0.1512	0.7740	0.6116	0.3359	0.2313	0.1741	0.1511	0.1329	0.1374	0.7622	0.6109	0.3301	0.2088	0.1530	0.1298	0.1149	0.1142	0.7361	0.5200	0.2678	0.1798	0.1371	0.1086	0.1053	0.1060	0.6511	0.3513	0.1724	0.1219	0.1050	0.0928	0.0927	0.0932	0.3349	0.1260	0.0917	0.0886	0.0902	0.0879	0.0876	0.0886	0.0952	0.0866	0.0869	0.0862	0.0857	0.0862	0.0865	0.0885	
0.7827	0.6915	0.4015	0.2981	0.2398	0.1928	0.1805	0.1800	0.7871	0.6725	0.3687	0.2741	0.2217	0.1878	0.1654	0.1560	0.7677	0.6322	0.3500	0.2464	0.1823	0.1569	0.1389	0.1446	0.7667	0.6295	0.3438	0.2206	0.1597	0.1351	0.1178	0.1169	0.7427	0.5500	0.2849	0.1886	0.1444	0.1122	0.1073	0.1069	0.6825	0.3755	0.1846	0.1258	0.1064	0.0929	0.0930	0.0934	0.3628	0.1324	0.0929	0.0891	0.0904	0.0873	0.0875	0.0879	0.0960	0.0873	0.0866	0.0875	0.0860	0.0871	0.0875	0.0890	
0.7841	0.6972	0.4118	0.3049	0.2501	0.1990	0.1899	0.1878	0.7915	0.6849	0.3772	0.2842	0.2312	0.2008	0.1756	0.1643	0.7725	0.6513	0.3612	0.2570	0.1949	0.1639	0.1440	0.1494	0.7684	0.6498	0.3539	0.2317	0.1704	0.1410	0.1230	0.1215	0.7458	0.5678	0.2981	0.2002	0.1508	0.1180	0.1105	0.1109	0.7019	0.4013	0.1957	0.1311	0.1117	0.0952	0.0947	0.0942	0.3954	0.1413	0.0947	0.0893	0.0904	0.0877	0.0881	0.0887	0.0990	0.0876	0.0889	0.0888	0.0862	0.0872	0.0888	0.0897	
0.7811	0.6985	0.4247	0.3119	0.2615	0.2128	0.2022	0.1987	0.7881	0.6919	0.3883	0.2925	0.2446	0.2110	0.1843	0.1739	0.7666	0.6640	0.3766	0.2671	0.2061	0.1762	0.1488	0.1575	0.7719	0.6662	0.3650	0.2445	0.1785	0.1469	0.1279	0.1243	0.7496	0.5915	0.3086	0.2103	0.1587	0.1184	0.1119	0.1119	0.7233	0.4288	0.2064	0.1387	0.1128	0.0953	0.0944	0.0939	0.4137	0.1499	0.0950	0.0913	0.0902	0.0886	0.0879	0.0887	0.1006	0.0871	0.0868	0.0873	0.0860	0.0866	0.0874	0.0898	
0.7861	0.7035	0.4387	0.3219	0.2696	0.2236	0.2097	0.2084	0.7838	0.6928	0.3987	0.3005	0.2504	0.2227	0.1930	0.1825	0.7685	0.6752	0.3849	0.2814	0.2158	0.1834	0.1580	0.1644	0.7713	0.6778	0.3785	0.2586	0.1884	0.1549	0.1351	0.1287	0.7509	0.6045	0.3219	0.2197	0.1667	0.1230	0.1163	0.1136	0.7314	0.4524	0.2190	0.1431	0.1171	0.0964	0.0960	0.0947	0.4480	0.1607	0.0973	0.0908	0.0931	0.0885	0.0879	0.0922	0.1045	0.0895	0.0901	0.0878	0.0871	0.0878	0.0877	0.0916	
0.7851	0.7030	0.4537	0.3304	0.2783	0.2348	0.2177	0.2143	0.7881	0.6915	0.4093	0.3102	0.2673	0.2355	0.2060	0.1920	0.7806	0.6770	0.3929	0.2950	0.2288	0.1928	0.1655	0.1698	0.7795	0.6845	0.3881	0.2669	0.1996	0.1620	0.1377	0.1327	0.7584	0.6260	0.3364	0.2331	0.1757	0.1282	0.1205	0.1201	0.7370	0.4788	0.2310	0.1525	0.1194	0.0982	0.0972	0.0961	0.4749	0.1708	0.0979	0.0916	0.0917	0.0882	0.0889	0.0891	0.1083	0.0885	0.0874	0.0880	0.0892	0.0874	0.0883	0.0912	
0.7867	0.7056	0.4743	0.3349	0.2879	0.2431	0.2318	0.2253	0.7876	0.6934	0.4205	0.3178	0.2733	0.2446	0.2160	0.2046	0.7843	0.6782	0.4055	0.3037	0.2387	0.2015	0.1731	0.1776	0.7726	0.6902	0.3981	0.2762	0.2111	0.1695	0.1445	0.1374	0.7567	0.6450	0.3447	0.2426	0.1824	0.1324	0.1219	0.1202	0.7395	0.5035	0.2436	0.1597	0.1225	0.0985	0.0974	0.0953	0.5039	0.1834	0.0988	0.0921	0.0914	0.0876	0.0874	0.0882	0.1090	0.0885	0.0865	0.0885	0.0860	0.0865	0.0871	0.0891	
0.7846	0.7069	0.4937	0.3452	0.2965	0.2527	0.2387	0.2356	0.7945	0.6977	0.4374	0.3246	0.2820	0.2584	0.2277	0.2121	0.7686	0.6784	0.4196	0.3067	0.2498	0.2123	0.1840	0.1852	0.7760	0.6970	0.4121	0.2844	0.2233	0.1801	0.1506	0.1447	0.7643	0.6592	0.3559	0.2544	0.1957	0.1381	0.1283	0.1245	0.7380	0.5302	0.2594	0.1672	0.1278	0.1007	0.0996	0.0968	0.5327	0.1993	0.1023	0.0928	0.0921	0.0889	0.0871	0.0880	0.1137	0.0886	0.0863	0.0878	0.0863	0.0876	0.0878	0.0894	
0.7875	0.7098	0.5180	0.3521	0.3000	0.2586	0.2478	0.2438	0.7940	0.6981	0.4514	0.3331	0.2966	0.2653	0.2394	0.2259	0.7838	0.6840	0.4319	0.3223	0.2560	0.2243	0.1958	0.1962	0.7838	0.7009	0.4230	0.2955	0.2341	0.1907	0.1603	0.1506	0.7489	0.6712	0.3683	0.2640	0.2062	0.1449	0.1315	0.1293	0.7419	0.5507	0.2768	0.1775	0.1324	0.1022	0.1011	0.0972	0.5627	0.2166	0.1028	0.0942	0.0925	0.0885	0.0884	0.0918	0.1192	0.0889	0.0873	0.0878	0.0864	0.0887	0.0872	0.0887	
0.7912	0.7120	0.5313	0.3565	0.3107	0.2683	0.2581	0.2533	0.8026	0.7021	0.4698	0.3355	0.3048	0.2763	0.2505	0.2393	0.7973	0.6851	0.4493	0.3304	0.2658	0.2369	0.2081	0.2047	0.7917	0.7050	0.4394	0.3042	0.2469	0.2022	0.1698	0.1572	0.7569	0.6837	0.3799	0.2736	0.2166	0.1532	0.1394	0.1340	0.7434	0.5827	0.2924	0.1986	0.1381	0.1043	0.1027	0.0974	0.5965	0.2350	0.1061	0.0967	0.0937	0.0891	0.0885	0.0886	0.1261	0.0887	0.0870	0.0885	0.0870	0.0874	0.0875	0.0902	
0.7880	0.7089	0.5422	0.3620	0.3128	0.2694	0.2638	0.2596	0.8011	0.7019	0.4752	0.3410	0.3105	0.2835	0.2582	0.2494	0.7866	0.6877	0.4604	0.3317	0.2738	0.2415	0.2171	0.2115	0.7859	0.7041	0.4528	0.3102	0.2528	0.2119	0.1768	0.1614	0.7689	0.6832	0.3899	0.2803	0.2263	0.1610	0.1447	0.1370	0.7506	0.6046	0.3020	0.1985	0.1464	0.1064	0.1039	0.0986	0.6201	0.2532	0.1074	0.0951	0.0940	0.0882	0.0879	0.0884	0.1323	0.0881	0.0871	0.0875	0.0857	0.0867	0.0891	0.0897	
0.7978	0.7130	0.5476	0.3691	0.3193	0.2748	0.2717	0.2645	0.8064	0.7068	0.4880	0.3448	0.3152	0.2889	0.2657	0.2585	0.7922	0.6917	0.4697	0.3369	0.2807	0.2517	0.2280	0.2220	0.7947	0.7044	0.4646	0.3193	0.2599	0.2211	0.1878	0.1710	0.7735	0.6857	0.3988	0.2896	0.2389	0.1690	0.1536	0.1433	0.7618	0.6237	0.3197	0.2103	0.1518	0.1085	0.1059	0.0989	0.6405	0.2739	0.1121	0.0975	0.0941	0.0886	0.0883	0.0892	0.1414	0.0897	0.0874	0.0870	0.0876	0.0868	0.0877	0.0903	
0.8011	0.7162	0.5586	0.3677	0.3193	0.2824	0.2745	0.2702	0.8091	0.7075	0.4926	0.3541	0.3203	0.2970	0.2749	0.2607	0.7919	0.6894	0.4786	0.3413	0.2871	0.2577	0.2371	0.2305	0.7958	0.7088	0.4761	0.3268	0.2709	0.2302	0.1979	0.1783	0.7770	0.6912	0.4130	0.2979	0.2469	0.1794	0.1584	0.1476	0.7562	0.6409	0.3364	0.2197	0.1595	0.1111	0.1084	0.1016	0.6670	0.2964	0.1149	0.0996	0.0957	0.0890	0.0888	0.0881	0.1462	0.0895	0.0882	0.0874	0.0868	0.0885	0.0877	0.0896	
0.8005	0.7182	0.5628	0.3684	0.3248	0.2821	0.2760	0.2761	0.8113	0.7099	0.4938	0.3470	0.3251	0.3004	0.2812	0.2749	0.7980	0.6944	0.4861	0.3446	0.2966	0.2662	0.2455	0.2387	0.7955	0.7112	0.4854	0.3343	0.2764	0.2420	0.2074	0.1854	0.7769	0.6929	0.4277	0.3075	0.2563	0.1867	0.1676	0.1561	0.7625	0.6603	0.3459	0.2325	0.1668	0.1137	0.1091	0.1022	0.6949	0.3217	0.1181	0.1004	0.0951	0.0888	0.0884	0.0882	0.1589	0.0892	0.0879	0.0870	0.0865	0.0869	0.0867	0.0894	
0.8063	0.7179	0.5677	0.3693	0.3255	0.2857	0.2801	0.2835	0.8165	0.7158	0.5008	0.3531	0.3243	0.3028	0.2845	0.2758	0.7969	0.6966	0.4931	0.3512	0.2955	0.2738	0.2555	0.2453	0.7973	0.7096	0.4933	0.3412	0.2819	0.2524	0.2180	0.1991	0.7817	0.6935	0.4421	0.3100	0.2667	0.1961	0.1768	0.1613	0.7574	0.6773	0.3604	0.2458	0.1752	0.1176	0.1119	0.1025	0.7100	0.3461	0.1232	0.1032	0.0985	0.0894	0.0894	0.0897	0.1682	0.0904	0.0898	0.0869	0.0866	0.0872	0.0875	0.0904	
0.8044	0.7265	0.5731	0.3720	0.3260	0.2896	0.2838	0.2885	0.8168	0.7142	0.5039	0.3498	0.3321	0.3099	0.2924	0.2877	0.8067	0.7002	0.4948	0.3502	0.3027	0.2818	0.2675	0.2536	0.7998	0.7154	0.5050	0.3506	0.2923	0.2619	0.2266	0.2085	0.7802	0.6981	0.4588	0.3188	0.2751	0.2069	0.1840	0.1685	0.7631	0.6885	0.3777	0.2615	0.1864	0.1210	0.1165	0.1044	0.7230	0.3722	0.1283	0.1057	0.0991	0.0889	0.0888	0.0889	0.1799	0.0912	0.0867	0.0876	0.0860	0.0869	0.0874	0.0891	
0.8063	0.7261	0.5745	0.3702	0.3216	0.2869	0.2846	0.2910	0.8171	0.7152	0.5060	0.3527	0.3278	0.3086	0.2962	0.2893	0.7996	0.7003	0.4978	0.3494	0.3037	0.2818	0.2696	0.2597	0.7994	0.7154	0.5114	0.3441	0.2982	0.2655	0.2356	0.2143	0.7772	0.6962	0.4697	0.3223	0.2802	0.2170	0.1947	0.1791	0.7624	0.6945	0.3920	0.2719	0.1964	0.1270	0.1195	0.1058	0.7217	0.3954	0.1348	0.1065	0.0977	0.0885	0.0882	0.0884	0.1927	0.0914	0.0878	0.0867	0.0866	0.0863	0.0883	0.0883	
0.8128	0.7230	0.5754	0.3685	0.3216	0.2853	0.2883	0.2881	0.8224	0.7194	0.5067	0.3502	0.3233	0.3079	0.2925	0.2956	0.8061	0.6992	0.5007	0.3480	0.3023	0.2849	0.2783	0.2661	0.8055	0.7194	0.5124	0.3469	0.2989	0.2723	0.2443	0.2277	0.7764	0.6969	0.4839	0.3303	0.2871	0.2253	0.2021	0.1870	0.7695	0.6964	0.4031	0.2838	0.2065	0.1308	0.1226	0.1070	0.7248	0.4252	0.1417	0.1105	0.1002	0.0895	0.0882	0.0889	0.2068	0.0932	0.0885	0.0887	0.0876	0.0890	0.0892	0.0916	
0.8149	0.7282	0.5806	0.3657	0.3180	0.2861	0.2845	0.2903	0.8181	0.7165	0.5085	0.3460	0.3217	0.3033	0.2943	0.2955	0.7981	0.7055	0.5063	0.3455	0.3039	0.2860	0.2811	0.2702	0.8001	0.7162	0.5172	0.3532	0.3006	0.2791	0.2534	0.2337	0.7819	0.6986	0.4887	0.3320	0.2914	0.2315	0.2129	0.1957	0.7710	0.6962	0.4149	0.2940	0.2140	0.1352	0.1273	0.1091	0.7260	0.4491	0.1462	0.1123	0.1006	0.0894	0.0888	0.0890	0.2227	0.0923	0.0876	0.0874	0.0858	0.0862	0.0885	0.0891	
0.8203	0.7349	0.5887	0.3707	0.3229	0.2887	0.2858	0.2911	0.8234	0.7213	0.5140	0.3442	0.3216	0.3076	0.2982	0.2963	0.8030	0.7036	0.5081	0.3471	0.3074	0.2885	0.2884	0.2742	0.8027	0.7188	0.5266	0.3451	0.3039	0.2833	0.2601	0.2410	0.7841	0.7018	0.4938	0.3354	0.2932	0.2373	0.2212	0.2031	0.7717	0.6992	0.4280	0.3042	0.2292	0.1425	0.1316	0.1116	0.7294	0.4799	0.1562	0.1172	0.1052	0.0900	0.0888	0.0885	0.2423	0.0941	0.0875	0.0884	0.0866	0.0872	0.0880	0.0895	
0.8241	0.7333	0.5902	0.3675	0.3157	0.2791	0.2821	0.2889	0.8243	0.7223	0.5149	0.3441	0.3180	0.3001	0.2941	0.2935	0.8119	0.7081	0.5137	0.3471	0.3003	0.2928	0.2868	0.2729	0.8105	0.7209	0.5226	0.3473	0.3048	0.2875	0.2651	0.2470	0.7868	0.7035	0.5072	0.3359	0.2978	0.2476	0.2298	0.2106	0.7734	0.6994	0.4410	0.3154	0.2361	0.1473	0.1356	0.1130	0.7339	0.5069	0.1621	0.1199	0.1037	0.0886	0.0881	0.0897	0.2599	0.0941	0.0855	0.0859	0.0859	0.0857	0.0879	0.0884	
0.8216	0.7409	0.5952	0.3685	0.3195	0.2797	0.2842	0.2877	0.8193	0.7250	0.5216	0.3467	0.3220	0.3003	0.2977	0.2937	0.8109	0.7064	0.5166	0.3460	0.3041	0.2896	0.2937	0.2757	0.8072	0.7215	0.5325	0.3485	0.3069	0.2888	0.2730	0.2532	0.7896	0.7037	0.5073	0.3405	0.2946	0.2541	0.2419	0.2192	0.7739	0.7013	0.4524	0.3292	0.2553	0.1569	0.1438	0.1177	0.7356	0.5324	0.1755	0.1257	0.1077	0.0908	0.0891	0.0893	0.2816	0.0951	0.0876	0.0878	0.0860	0.0880	0.0877	0.0898	
0.8231	0.7375	0.5955	0.3665	0.3166	0.2759	0.2794	0.2886	0.8208	0.7255	0.5241	0.3434	0.3176	0.2988	0.2898	0.2922	0.8060	0.7099	0.5167	0.3470	0.3035	0.2904	0.2909	0.2794	0.8078	0.7248	0.5354	0.3446	0.3059	0.2931	0.2715	0.2564	0.7944	0.7062	0.5124	0.3388	0.3102	0.2589	0.2447	0.2273	0.7810	0.7032	0.4660	0.3362	0.2666	0.1632	0.1506	0.1210	0.7437	0.5538	0.1868	0.1299	0.1101	0.0906	0.0895	0.0895	0.3034	0.0966	0.0878	0.0883	0.0858	0.0877	0.0871	0.0895	
0.8263	0.7442	0.6031	0.3644	0.3147	0.2734	0.2769	0.2841	0.8266	0.7299	0.5263	0.3429	0.3141	0.2981	0.2882	0.2908	0.8041	0.7079	0.5207	0.3444	0.2989	0.2843	0.2878	0.2741	0.8136	0.7275	0.5346	0.3495	0.3021	0.2885	0.2724	0.2626	0.7990	0.7115	0.5126	0.3389	0.3066	0.2588	0.2533	0.2339	0.7880	0.7053	0.4773	0.3402	0.2782	0.1700	0.1573	0.1253	0.7415	0.5788	0.1944	0.1355	0.1121	0.0913	0.0884	0.0900	0.3259	0.0973	0.0871	0.0873	0.0867	0.0871	0.0868	0.0899	
