0.0907	0.0902	0.0914	0.0942	0.0968	0.0941	0.0928	0.0920	0.0912	0.0917	0.0910	0.0921	0.0915	0.0919	0.0928	0.0974	0.0903	0.0908	0.0909	0.0910	0.0907	0.0914	0.0921	0.0919	0.0922	0.0928	0.0916	0.0917	0.0922	0.0929	0.0919	0.0929	0.0905	0.0906	0.0900	0.0919	0.0912	0.0914	0.0924	0.0927	0.0907	0.0912	0.0933	0.0923	0.0915	0.0917	0.0919	0.0916	0.0922	0.0900	0.0911	0.0908	0.0911	0.0918	0.0909	0.0916	0.0891	0.0912	0.0916	0.0923	0.0909	0.0924	0.0932	0.0926	
0.0913	0.0915	0.0913	0.0938	0.0961	0.0945	0.0931	0.0918	0.0917	0.0919	0.0920	0.0924	0.0919	0.0925	0.0927	0.0976	0.0935	0.0924	0.0914	0.0920	0.0918	0.0925	0.0926	0.0928	0.0913	0.0925	0.0917	0.0926	0.0921	0.0935	0.0919	0.0921	0.0918	0.0917	0.0898	0.0922	0.0917	0.0921	0.0918	0.0921	0.0905	0.0908	0.0917	0.0921	0.0912	0.0918	0.0925	0.0917	0.0908	0.0918	0.0992	0.0911	0.0917	0.0922	0.0907	0.0919	0.0904	0.0913	0.0917	0.0921	0.0921	0.0923	0.0920	0.0931	
0.0914	0.0917	0.0915	0.0939	0.0980	0.0940	0.0929	0.0922	0.0921	0.0920	0.0920	0.0923	0.0917	0.0921	0.0927	0.0979	0.0920	0.0921	0.0913	0.0918	0.0917	0.0916	0.0920	0.0923	0.0910	0.0925	0.0919	0.0922	0.0921	0.0932	0.0921	0.0926	0.0906	0.0914	0.0902	0.0915	0.0916	0.0922	0.0919	0.0922	0.0902	0.0909	0.0912	0.0919	0.0913	0.0920	0.0922	0.0919	0.0906	0.0914	0.0957	0.0909	0.0909	0.0921	0.0921	0.0918	0.0900	0.0912	0.0919	0.0917	0.0912	0.0919	0.0936	0.0924	
0.0916	0.0917	0.0916	0.0940	0.0978	0.0939	0.0927	0.0923	0.0917	0.0921	0.0922	0.0925	0.0918	0.0915	0.0924	0.0980	0.0943	0.0922	0.0911	0.0920	0.0910	0.0920	0.0921	0.0922	0.0914	0.0917	0.0917	0.0922	0.0916	0.0927	0.0916	0.0920	0.0914	0.0913	0.0895	0.0918	0.0913	0.0923	0.0919	0.0913	0.0899	0.0909	0.0912	0.0915	0.0912	0.0915	0.0921	0.0916	0.0909	0.0916	0.0918	0.0912	0.0912	0.0917	0.0917	0.0918	0.0896	0.0907	0.0920	0.0923	0.0918	0.0920	0.0924	0.0929	
0.0916	0.0917	0.0917	0.0942	0.0984	0.0940	0.0929	0.0922	0.0915	0.0918	0.0916	0.0922	0.0917	0.0921	0.0924	0.0978	0.0930	0.0927	0.0913	0.0918	0.0912	0.0921	0.0922	0.0925	0.0915	0.0922	0.0912	0.0924	0.0913	0.0924	0.0914	0.0921	0.0909	0.0919	0.0899	0.0923	0.0915	0.0923	0.0918	0.0918	0.0903	0.0911	0.0913	0.0920	0.0911	0.0913	0.0918	0.0915	0.0909	0.0916	0.0917	0.0915	0.0908	0.0918	0.0926	0.0924	0.0897	0.0917	0.0913	0.0921	0.0915	0.0920	0.0920	0.0927	
0.0918	0.0916	0.0916	0.0941	0.0988	0.0941	0.0930	0.0924	0.0920	0.0914	0.0919	0.0933	0.0918	0.0919	0.0960	0.0979	0.0942	0.0930	0.0916	0.0922	0.0914	0.0919	0.0922	0.0921	0.0915	0.0922	0.0916	0.0925	0.0916	0.0927	0.0915	0.0925	0.0906	0.0941	0.0900	0.0918	0.0916	0.0918	0.0916	0.0919	0.0901	0.0908	0.0912	0.0913	0.0909	0.0913	0.0924	0.0914	0.0904	0.0916	0.0949	0.0908	0.0913	0.0912	0.0915	0.0919	0.0897	0.0911	0.0918	0.0923	0.0923	0.0923	0.0920	0.0925	
0.0920	0.0916	0.0912	0.0939	0.0970	0.0938	0.0929	0.0921	0.0916	0.0914	0.0914	0.0923	0.0913	0.0917	0.0920	0.0976	0.0939	0.0918	0.0911	0.0917	0.0912	0.0919	0.0920	0.0922	0.0916	0.0917	0.0912	0.0921	0.0911	0.0922	0.0911	0.0919	0.0914	0.0915	0.0899	0.0915	0.0912	0.0917	0.0916	0.0916	0.0899	0.0908	0.0908	0.0914	0.0909	0.0913	0.0918	0.0911	0.0902	0.0918	0.0912	0.0910	0.0910	0.0917	0.0912	0.0916	0.0897	0.0908	0.0913	0.0916	0.0915	0.0917	0.0921	0.0926	
0.0919	0.0918	0.0916	0.0941	0.0979	0.0938	0.0929	0.0921	0.0914	0.0915	0.0916	0.0923	0.0911	0.0916	0.0927	0.0979	0.0943	0.0914	0.0912	0.0919	0.0913	0.0918	0.0924	0.0921	0.0915	0.0919	0.0914	0.0920	0.0914	0.0925	0.0915	0.0916	0.0902	0.0911	0.0896	0.0916	0.0914	0.0914	0.0917	0.0916	0.0899	0.0907	0.0911	0.0912	0.0908	0.0913	0.0918	0.0911	0.0904	0.0916	0.0931	0.0909	0.0912	0.0915	0.0909	0.0917	0.0895	0.0912	0.0911	0.0920	0.0928	0.0916	0.0920	0.0920	
0.0923	0.0922	0.0917	0.0945	0.0977	0.0938	0.0929	0.0924	0.0920	0.0920	0.0916	0.0923	0.0917	0.0920	0.0924	0.0978	0.0948	0.0930	0.0922	0.0917	0.0917	0.0921	0.0924	0.0921	0.0916	0.0923	0.0918	0.0924	0.0914	0.0927	0.0914	0.0921	0.0971	0.0917	0.0898	0.0921	0.0914	0.0916	0.0916	0.0916	0.0901	0.0911	0.0911	0.0914	0.0908	0.0914	0.0919	0.0917	0.0906	0.0916	0.0930	0.0913	0.0911	0.0918	0.0924	0.0919	0.0899	0.0911	0.0912	0.0922	0.0923	0.0917	0.0919	0.0927	
0.0923	0.0922	0.0917	0.0946	0.0978	0.0941	0.0928	0.0924	0.0920	0.0918	0.0921	0.0924	0.0916	0.0917	0.0927	0.0981	0.0946	0.0926	0.0910	0.0922	0.0913	0.0922	0.0919	0.0922	0.0920	0.0922	0.0915	0.0921	0.0914	0.0922	0.0913	0.0920	0.0908	0.0917	0.0897	0.0916	0.0916	0.0914	0.0918	0.0916	0.0899	0.0903	0.0912	0.0918	0.0912	0.0912	0.0918	0.0916	0.0903	0.0920	0.0918	0.0913	0.0910	0.0915	0.0913	0.0912	0.0900	0.0909	0.0913	0.0920	0.0919	0.0914	0.0925	0.0922	
0.0925	0.0923	0.0919	0.0948	0.0979	0.0938	0.0935	0.0924	0.0924	0.0923	0.0921	0.0925	0.0917	0.0915	0.0927	0.0980	0.0948	0.0931	0.0921	0.0924	0.0914	0.0923	0.0927	0.0922	0.0922	0.0926	0.0918	0.0928	0.0911	0.0929	0.0916	0.0916	0.0928	0.0916	0.0899	0.0922	0.0916	0.0918	0.0923	0.0914	0.0901	0.0907	0.0906	0.0921	0.0914	0.0915	0.0922	0.0914	0.0908	0.0917	0.0910	0.0911	0.0910	0.0914	0.0918	0.0915	0.0900	0.0922	0.0918	0.0928	0.0928	0.0925	0.0924	0.0926	
0.0931	0.0926	0.0923	0.0949	0.0984	0.0942	0.0934	0.0930	0.0926	0.0927	0.0928	0.0927	0.0916	0.0924	0.0930	0.0984	0.0955	0.0933	0.0916	0.0934	0.0922	0.0925	0.0926	0.0925	0.0928	0.0923	0.0919	0.0930	0.0916	0.0927	0.0917	0.0919	0.0918	0.0922	0.0901	0.0924	0.0921	0.0912	0.0919	0.0921	0.0906	0.0912	0.0914	0.0914	0.0914	0.0912	0.0923	0.0918	0.0909	0.0923	0.0911	0.0911	0.0919	0.0919	0.0924	0.0926	0.0901	0.0922	0.0913	0.0920	0.0927	0.0924	0.0920	0.0923	
0.0927	0.0936	0.0924	0.0954	0.0982	0.0947	0.0936	0.0927	0.0935	0.0932	0.0927	0.0931	0.0925	0.0924	0.0929	0.0987	0.0953	0.0931	0.0917	0.0931	0.0924	0.0926	0.0927	0.0931	0.0929	0.0924	0.0926	0.0934	0.0923	0.0932	0.0920	0.0927	0.0922	0.0928	0.0902	0.0925	0.0921	0.0923	0.0921	0.0919	0.0915	0.0918	0.0934	0.0922	0.0916	0.0917	0.0915	0.0921	0.0912	0.0925	0.0934	0.0918	0.0911	0.0923	0.0919	0.0926	0.0910	0.0910	0.0926	0.0925	0.0920	0.0924	0.0929	0.0929	
0.0931	0.0930	0.0928	0.0944	0.0983	0.0938	0.0930	0.0926	0.0925	0.0926	0.0925	0.0932	0.0918	0.0922	0.0925	0.0982	0.0950	0.0936	0.0917	0.0930	0.0918	0.0926	0.0923	0.0925	0.0990	0.0921	0.0923	0.0928	0.0916	0.0930	0.0917	0.0924	0.1009	0.0975	0.0959	0.0979	0.0936	0.0936	0.0953	0.0976	0.0905	0.0918	0.0916	0.0953	0.0920	0.0979	0.0955	0.0949	0.0911	0.0927	0.0958	0.0916	0.0910	0.0947	0.0940	0.0960	0.0905	0.0918	0.0928	0.0925	0.0967	0.0923	0.0953	0.0972	
0.0929	0.0933	0.0924	0.0947	0.0985	0.0937	0.0931	0.0922	0.0925	0.0920	0.0939	0.0925	0.0918	0.0916	0.0926	0.0975	0.0938	0.0934	0.0915	0.0914	0.0917	0.0922	0.0920	0.0916	0.0923	0.0922	0.0919	0.0926	0.0909	0.0923	0.0913	0.0915	0.0918	0.0918	0.0892	0.0916	0.0911	0.0918	0.0913	0.0910	0.0902	0.0910	0.0906	0.0913	0.0909	0.0913	0.0914	0.0908	0.0903	0.0916	0.0959	0.0909	0.0904	0.0913	0.0908	0.0915	0.0893	0.0911	0.0907	0.0924	0.0917	0.0918	0.0914	0.0922	
0.0946	0.0929	0.0928	0.0953	0.0987	0.0943	0.0940	0.0928	0.0929	0.0928	0.0938	0.0933	0.0924	0.0921	0.0932	0.0984	0.0939	0.0949	0.0922	0.0931	0.0921	0.0926	0.0924	0.0923	0.0958	0.0953	0.0940	0.0932	0.0914	0.0924	0.0919	0.0926	0.0952	0.1003	0.0956	0.0919	0.0928	0.0929	0.0971	0.0960	0.0904	0.0912	0.0910	0.0934	0.0948	0.0946	0.0937	0.0950	0.0913	0.0924	0.0929	0.0913	0.0914	0.0915	0.0914	0.0916	0.0903	0.0930	0.0920	0.0927	0.0914	0.0919	0.0924	0.0927	
0.0946	0.0939	0.0933	0.0956	0.0989	0.0943	0.0946	0.0925	0.0932	0.0935	0.0932	0.0936	0.0929	0.0927	0.0934	0.0984	0.0944	0.0937	0.0922	0.0928	0.0922	0.0926	0.0930	0.0926	0.0935	0.0928	0.0925	0.0932	0.0939	0.0932	0.0920	0.0924	0.0920	0.0924	0.0901	0.0930	0.0923	0.0924	0.0923	0.0921	0.0928	0.0976	0.0953	0.0944	0.0972	0.0974	0.0963	0.0959	0.0944	0.0988	0.0983	0.0946	0.0910	0.0918	0.0913	0.0917	0.0900	0.0919	0.0920	0.0923	0.0922	0.0920	0.0926	0.0927	
0.0960	0.0945	0.0932	0.0961	0.0990	0.0948	0.0941	0.0932	0.0940	0.0935	0.0933	0.0937	0.0927	0.0929	0.0935	0.0982	0.0958	0.0954	0.0927	0.0933	0.0923	0.0931	0.0928	0.0932	0.0935	0.0931	0.0933	0.0937	0.0918	0.0930	0.0919	0.0927	0.0917	0.0934	0.0906	0.0931	0.0920	0.0922	0.0917	0.0920	0.0915	0.0915	0.0923	0.0929	0.0916	0.0918	0.0918	0.0915	0.0909	0.0928	0.0930	0.0919	0.0913	0.0917	0.0917	0.0919	0.0909	0.0919	0.0923	0.0928	0.0923	0.0912	0.0926	0.0924	
0.0953	0.0942	0.0935	0.0959	0.0996	0.0947	0.0939	0.0928	0.0940	0.0936	0.0934	0.0939	0.0927	0.0928	0.0934	0.0985	0.0945	0.0948	0.0932	0.0932	0.0925	0.0931	0.0931	0.0927	0.0938	0.0931	0.0931	0.0939	0.0922	0.0927	0.0918	0.0939	0.0919	0.0929	0.0904	0.0933	0.0923	0.0923	0.0917	0.0915	0.0918	0.0919	0.0921	0.0922	0.0918	0.0920	0.0919	0.0916	0.0912	0.0920	0.0963	0.0917	0.0919	0.0917	0.0918	0.0923	0.0961	0.0940	0.0936	0.0936	0.0930	0.0916	0.0931	0.0941	
0.0952	0.0954	0.0939	0.0969	0.0996	0.0953	0.0932	0.0898	0.0948	0.0910	0.0930	0.0946	0.0936	0.0933	0.0940	0.0972	0.0959	0.0947	0.0934	0.0941	0.0896	0.0918	0.0935	0.0932	0.0875	0.0880	0.0919	0.0876	0.0892	0.0880	0.0885	0.0876	0.0866	0.0868	0.0853	0.0874	0.0863	0.0868	0.0865	0.0862	0.0863	0.0870	0.0867	0.0865	0.0864	0.0863	0.0867	0.0860	0.0856	0.0868	0.0868	0.0863	0.0859	0.0860	0.0859	0.0862	0.0853	0.0867	0.0870	0.0869	0.0876	0.0858	0.0861	0.0870	
0.0972	0.0954	0.0941	0.0971	0.1003	0.0955	0.0944	0.0928	0.0945	0.0944	0.0954	0.0945	0.0929	0.0934	0.0937	0.0983	0.0960	0.0953	0.0937	0.0941	0.0929	0.0933	0.0929	0.0928	0.0937	0.0954	0.0929	0.0938	0.0922	0.0930	0.0918	0.0924	0.0926	0.0934	0.0909	0.0931	0.0918	0.0925	0.0925	0.0920	0.0923	0.0920	0.0920	0.0923	0.0914	0.0920	0.0921	0.0911	0.0917	0.0928	0.0925	0.0913	0.0918	0.0918	0.0911	0.0926	0.0909	0.0919	0.0922	0.0920	0.0921	0.0924	0.0918	0.0919	
0.0974	0.0957	0.0944	0.0974	0.1006	0.0955	0.0947	0.0931	0.0946	0.0950	0.0947	0.0953	0.0937	0.0934	0.0940	0.0990	0.0966	0.0959	0.0940	0.0939	0.0935	0.0936	0.0930	0.0933	0.0943	0.0963	0.0933	0.0941	0.0926	0.0938	0.0914	0.0924	0.0929	0.0935	0.0908	0.0929	0.0917	0.0923	0.0921	0.0915	0.0924	0.0926	0.0926	0.0923	0.0920	0.0917	0.0920	0.0912	0.0918	0.0932	0.0926	0.0920	0.0909	0.0920	0.0920	0.0920	0.0910	0.0926	0.0920	0.0929	0.0933	0.0915	0.0916	0.0927	
0.0988	0.0967	0.0956	0.0976	0.1013	0.0963	0.0959	0.0944	0.0967	0.0958	0.0958	0.0952	0.0943	0.0942	0.0949	0.0992	0.0982	0.0965	0.0944	0.0947	0.0940	0.0939	0.0939	0.0933	0.0956	0.0960	0.0942	0.0947	0.0933	0.0940	0.0929	0.0934	0.0935	0.0946	0.0910	0.0941	0.0930	0.0935	0.0929	0.0917	0.0940	0.0934	0.0933	0.0935	0.0929	0.0923	0.0927	0.0921	0.0928	0.0937	0.0937	0.0928	0.0925	0.0920	0.0923	0.0923	0.0916	0.0929	0.0935	0.0931	0.0929	0.0922	0.0928	0.0924	
0.0996	0.0969	0.0958	0.0975	0.1009	0.0965	0.0952	0.0937	0.0966	0.0952	0.0956	0.0961	0.0936	0.0935	0.0938	0.0989	0.0973	0.0961	0.0939	0.0945	0.0936	0.0934	0.0931	0.0929	0.0957	0.0945	0.0940	0.0941	0.0928	0.0936	0.0923	0.0927	0.0936	0.0938	0.0910	0.0934	0.0923	0.0928	0.0923	0.0913	0.0921	0.0932	0.0920	0.0926	0.0920	0.0913	0.0911	0.0915	0.0917	0.0941	0.0948	0.0919	0.0914	0.0910	0.0918	0.0919	0.0910	0.0932	0.0928	0.0921	0.0920	0.0921	0.0921	0.0920	
0.1006	0.0980	0.0963	0.0980	0.1025	0.0969	0.0961	0.0941	0.0977	0.0972	0.0965	0.0968	0.0944	0.0942	0.0941	0.0994	0.0981	0.0974	0.0951	0.0947	0.0939	0.0942	0.0938	0.0937	0.0960	0.0960	0.0946	0.0952	0.0934	0.0941	0.0930	0.0933	0.0943	0.0943	0.0914	0.0934	0.0923	0.0932	0.0920	0.0917	0.0935	0.0936	0.0930	0.0935	0.0938	0.0923	0.0930	0.0916	0.0928	0.0938	0.0939	0.0921	0.0917	0.0916	0.0912	0.0919	0.0913	0.0933	0.0929	0.0945	0.0935	0.0929	0.0915	0.0924	
0.1014	0.0990	0.0968	0.0993	0.1022	0.0972	0.0958	0.0944	0.0986	0.0977	0.0969	0.0968	0.0954	0.0948	0.0947	0.0996	0.0979	0.0972	0.0949	0.0957	0.0942	0.0944	0.0945	0.0940	0.0965	0.0961	0.0946	0.0953	0.0932	0.0937	0.0929	0.0929	0.0938	0.0942	0.0912	0.0934	0.0930	0.0925	0.0921	0.0915	0.0936	0.0938	0.0927	0.0934	0.0926	0.0923	0.0924	0.0912	0.0923	0.0938	0.0958	0.0926	0.0916	0.0909	0.0919	0.0923	0.0920	0.0926	0.0933	0.0933	0.0922	0.0916	0.0919	0.0919	
0.1041	0.1001	0.0984	0.1007	0.1032	0.0976	0.0967	0.0952	0.1001	0.0982	0.0975	0.0979	0.0962	0.0957	0.0954	0.1004	0.0998	0.0994	0.0964	0.0959	0.0958	0.0956	0.0945	0.0942	0.0973	0.0969	0.0957	0.0958	0.0949	0.0951	0.0935	0.0940	0.0952	0.0962	0.0926	0.0955	0.0933	0.0944	0.0939	0.0925	0.0949	0.0948	0.0949	0.0942	0.0939	0.0934	0.0928	0.0920	0.0942	0.0954	0.0965	0.0929	0.0926	0.0922	0.0932	0.0921	0.0921	0.0951	0.0940	0.0942	0.0931	0.0934	0.0931	0.0933	
0.1055	0.1011	0.0990	0.1009	0.1048	0.0982	0.0974	0.0952	0.1004	0.0984	0.0990	0.0977	0.0969	0.0956	0.0958	0.1005	0.1008	0.0980	0.0963	0.0973	0.0951	0.0955	0.0947	0.0941	0.0978	0.0970	0.0960	0.0963	0.0945	0.0946	0.0939	0.0939	0.0960	0.0963	0.0922	0.0949	0.0938	0.0936	0.0932	0.0925	0.0955	0.0955	0.0945	0.0940	0.0934	0.0929	0.0933	0.0918	0.0940	0.0950	0.0945	0.0940	0.0927	0.0921	0.0956	0.0925	0.0931	0.0950	0.0953	0.0941	0.0936	0.0925	0.0926	0.0932	
0.1083	0.1023	0.0997	0.1012	0.1032	0.0988	0.0974	0.0952	0.1025	0.1003	0.0993	0.0986	0.0970	0.0957	0.0966	0.1009	0.1018	0.1006	0.0974	0.0968	0.0962	0.0955	0.0952	0.0946	0.0985	0.0978	0.0971	0.0972	0.0949	0.0956	0.0935	0.0943	0.0966	0.0966	0.0925	0.0954	0.0935	0.0945	0.0933	0.0933	0.0961	0.0950	0.0947	0.0951	0.0935	0.0938	0.0934	0.0920	0.0942	0.0953	0.0954	0.0938	0.0933	0.0921	0.0924	0.0933	0.0930	0.0953	0.0947	0.0942	0.0930	0.0930	0.0931	0.0929	
0.1094	0.1027	0.1010	0.1026	0.1048	0.0995	0.0975	0.0956	0.1035	0.1009	0.1002	0.0993	0.0974	0.0969	0.0961	0.1002	0.1023	0.0998	0.0972	0.0978	0.0966	0.0961	0.0948	0.0949	0.0993	0.0978	0.0970	0.0974	0.0948	0.0955	0.0939	0.0942	0.0971	0.0972	0.0929	0.0954	0.0936	0.0940	0.0932	0.0926	0.0970	0.0960	0.0957	0.0951	0.0942	0.0932	0.0933	0.0920	0.0950	0.0955	0.0944	0.0938	0.0928	0.0926	0.0919	0.0930	0.0933	0.0941	0.0951	0.0939	0.0934	0.0922	0.0952	0.0921	
0.1118	0.1045	0.1014	0.1025	0.1049	0.0994	0.0979	0.0963	0.1044	0.1015	0.1003	0.1002	0.0976	0.0970	0.0964	0.1007	0.1053	0.1022	0.0981	0.0980	0.0961	0.0959	0.0952	0.0946	0.0993	0.1010	0.0969	0.0969	0.0952	0.0952	0.0940	0.0941	0.0979	0.0977	0.0928	0.0956	0.0946	0.0934	0.0928	0.0918	0.0968	0.0976	0.0962	0.0969	0.0940	0.0933	0.0944	0.0921	0.0955	0.0962	0.0962	0.0942	0.0935	0.0924	0.0960	0.0934	0.0933	0.0956	0.0954	0.0944	0.0933	0.0927	0.0934	0.0930	
0.1148	0.1055	0.1023	0.1031	0.1058	0.1005	0.0984	0.0956	0.1056	0.1022	0.1012	0.1007	0.0977	0.0971	0.0969	0.1007	0.1030	0.1019	0.0983	0.0981	0.0969	0.0958	0.0953	0.0947	0.1005	0.0995	0.0977	0.0977	0.0954	0.0952	0.0940	0.0938	0.0975	0.0970	0.0927	0.0951	0.0942	0.0933	0.0930	0.0921	0.0968	0.0964	0.0945	0.0949	0.0935	0.0941	0.0926	0.0917	0.0948	0.0955	0.0946	0.0932	0.0924	0.0920	0.0928	0.0915	0.0930	0.0947	0.0943	0.0936	0.0927	0.0921	0.0926	0.0924	
0.1178	0.1077	0.1032	0.1044	0.1059	0.1006	0.0989	0.0961	0.1079	0.1035	0.1029	0.1020	0.0987	0.0979	0.0972	0.1016	0.1061	0.1032	0.0998	0.0995	0.0975	0.0970	0.0959	0.0950	0.1017	0.1013	0.0986	0.0985	0.0960	0.0962	0.0946	0.0950	0.0983	0.0983	0.0934	0.0962	0.0947	0.0940	0.0933	0.0928	0.0975	0.0971	0.0961	0.0954	0.0942	0.0943	0.0933	0.0921	0.0959	0.0964	0.0954	0.0941	0.0929	0.0928	0.0919	0.0924	0.0941	0.0956	0.0957	0.0941	0.0934	0.0926	0.0924	0.0929	
0.1214	0.1092	0.1051	0.1055	0.1072	0.1010	0.0995	0.0962	0.1080	0.1049	0.1030	0.1026	0.0996	0.0978	0.0979	0.1015	0.1058	0.1042	0.1008	0.0992	0.0979	0.0971	0.0958	0.0951	0.1028	0.1007	0.0995	0.0991	0.0964	0.0966	0.0951	0.0942	0.1008	0.0983	0.0940	0.0965	0.0948	0.0941	0.0937	0.0922	0.0980	0.0978	0.0959	0.0956	0.0943	0.0940	0.0933	0.0921	0.0960	0.0968	0.0954	0.0942	0.0932	0.0923	0.0932	0.0918	0.0937	0.0956	0.0957	0.0945	0.0930	0.0927	0.0924	0.0921	
0.1259	0.1118	0.1070	0.1069	0.1094	0.1023	0.1006	0.0967	0.1117	0.1068	0.1054	0.1037	0.1005	0.0991	0.0978	0.1019	0.1080	0.1046	0.1016	0.1004	0.0990	0.0975	0.0968	0.0957	0.1040	0.1020	0.1000	0.0999	0.0971	0.0972	0.0949	0.0947	0.1003	0.1001	0.0943	0.0968	0.0955	0.0949	0.0935	0.0932	0.0992	0.0989	0.0965	0.0965	0.0949	0.0943	0.0931	0.0921	0.0971	0.0977	0.0966	0.0947	0.0936	0.0929	0.0932	0.0919	0.0946	0.0966	0.0959	0.0949	0.0941	0.0925	0.0936	0.0928	
0.1323	0.1133	0.1080	0.1083	0.1096	0.1031	0.1014	0.0974	0.1136	0.1087	0.1071	0.1051	0.1016	0.1001	0.0987	0.1025	0.1101	0.1080	0.1027	0.1016	0.0997	0.0985	0.0968	0.0962	0.1060	0.1035	0.1008	0.1007	0.0976	0.0977	0.0963	0.0955	0.1016	0.1004	0.0949	0.0984	0.0960	0.0950	0.0940	0.0930	0.1009	0.0995	0.0978	0.0970	0.0949	0.0946	0.0942	0.0927	0.0980	0.0983	0.0978	0.0951	0.0944	0.0929	0.0929	0.0922	0.0949	0.0970	0.0961	0.0950	0.0950	0.0928	0.0929	0.0927	
0.1364	0.1147	0.1095	0.1097	0.1116	0.1038	0.1022	0.0978	0.1160	0.1098	0.1079	0.1069	0.1025	0.1001	0.0997	0.1023	0.1110	0.1096	0.1047	0.1022	0.1005	0.0993	0.0978	0.0966	0.1071	0.1047	0.1016	0.1012	0.0983	0.0974	0.0968	0.0954	0.1025	0.1016	0.0954	0.0988	0.0961	0.0956	0.0941	0.0933	0.1013	0.1002	0.0980	0.0972	0.0959	0.0941	0.0937	0.0923	0.0981	0.0989	0.0972	0.0952	0.0939	0.0928	0.0926	0.0922	0.0954	0.0978	0.0965	0.0958	0.0949	0.0933	0.0926	0.0925	
0.1434	0.1189	0.1113	0.1112	0.1124	0.1048	0.1035	0.0984	0.1193	0.1127	0.1097	0.1085	0.1035	0.1018	0.1000	0.1030	0.1134	0.1087	0.1052	0.1033	0.1008	0.0993	0.0971	0.0963	0.1085	0.1112	0.1023	0.1021	0.0987	0.0985	0.0966	0.0954	0.1037	0.1018	0.0964	0.0992	0.0967	0.0960	0.0943	0.0930	0.1023	0.1009	0.0988	0.0972	0.0968	0.0950	0.0940	0.0925	0.0994	0.0997	0.1034	0.0958	0.0950	0.0934	0.0927	0.0925	0.0961	0.0981	0.0975	0.0976	0.0943	0.0931	0.0935	0.0929	
0.1507	0.1220	0.1136	0.1127	0.1152	0.1057	0.1034	0.0986	0.1223	0.1141	0.1112	0.1085	0.1039	0.1018	0.1004	0.1032	0.1162	0.1102	0.1061	0.1036	0.1010	0.0998	0.0979	0.0968	0.1105	0.1055	0.1031	0.1028	0.0987	0.0983	0.0966	0.0953	0.1048	0.1022	0.0961	0.0983	0.0964	0.0954	0.0943	0.0927	0.1033	0.1020	0.0995	0.0976	0.0962	0.0950	0.0935	0.0918	0.1005	0.0997	0.0996	0.0954	0.0945	0.0927	0.0939	0.0923	0.0961	0.0990	0.0969	0.0958	0.0950	0.0926	0.0926	0.0929	
0.1594	0.1268	0.1174	0.1148	0.1151	0.1075	0.1047	0.0993	0.1275	0.1167	0.1144	0.1107	0.1053	0.1028	0.1016	0.1041	0.1183	0.1132	0.1081	0.1048	0.1031	0.1012	0.0992	0.0979	0.1126	0.1085	0.1057	0.1041	0.0998	0.0999	0.0974	0.0963	0.1060	0.1056	0.0982	0.1008	0.0987	0.0973	0.0964	0.0950	0.1061	0.1041	0.1044	0.0998	0.0974	0.0969	0.0956	0.0942	0.1019	0.1019	0.1066	0.0980	0.0954	0.0949	0.0939	0.0931	0.0981	0.1001	0.0994	0.0973	0.0954	0.0942	0.0942	0.0936	
0.1686	0.1292	0.1189	0.1165	0.1160	0.1086	0.1059	0.1002	0.1304	0.1191	0.1154	0.1116	0.1074	0.1050	0.1023	0.1048	0.1188	0.1149	0.1094	0.1065	0.1040	0.1017	0.0994	0.0983	0.1144	0.1101	0.1063	0.1056	0.1020	0.0999	0.0981	0.0964	0.1077	0.1056	0.0982	0.1018	0.0984	0.0971	0.0956	0.0937	0.1064	0.1039	0.1013	0.1002	0.0977	0.0963	0.0949	0.0926	0.1027	0.1023	0.0984	0.0981	0.0949	0.0943	0.0932	0.0924	0.0975	0.1000	0.0992	0.0988	0.0960	0.0936	0.0934	0.0925	
0.1805	0.1336	0.1208	0.1193	0.1174	0.1091	0.1070	0.1005	0.1353	0.1218	0.1177	0.1134	0.1084	0.1046	0.1030	0.1053	0.1249	0.1170	0.1105	0.1072	0.1040	0.1019	0.0997	0.0981	0.1154	0.1105	0.1081	0.1057	0.1024	0.1005	0.0980	0.0967	0.1097	0.1064	0.0979	0.1015	0.0986	0.0972	0.0952	0.0935	0.1076	0.1039	0.1016	0.0999	0.0975	0.0968	0.0943	0.0925	0.1032	0.1020	0.0995	0.0964	0.0948	0.0935	0.0946	0.0923	0.0978	0.1008	0.0993	0.0970	0.0960	0.0938	0.0933	0.0927	
0.1911	0.1394	0.1252	0.1219	0.1200	0.1116	0.1080	0.1016	0.1411	0.1252	0.1204	0.1159	0.1106	0.1070	0.1044	0.1060	0.1271	0.1195	0.1130	0.1091	0.1048	0.1035	0.1006	0.0998	0.1186	0.1135	0.1099	0.1069	0.1028	0.1023	0.1004	0.0980	0.1117	0.1082	0.0988	0.1020	0.1003	0.0978	0.0962	0.0943	0.1090	0.1066	0.1036	0.1006	0.0993	0.0969	0.0955	0.0930	0.1040	0.1044	0.1009	0.0998	0.0965	0.0957	0.0945	0.0931	0.0999	0.1028	0.1018	0.1004	0.0969	0.0947	0.0943	0.0937	
0.2056	0.1422	0.1272	0.1241	0.1214	0.1121	0.1099	0.1019	0.1461	0.1285	0.1223	0.1178	0.1110	0.1081	0.1047	0.1065	0.1321	0.1224	0.1151	0.1108	0.1065	0.1051	0.1016	0.0996	0.1200	0.1161	0.1122	0.1082	0.1034	0.1028	0.0998	0.0983	0.1157	0.1103	0.1001	0.1035	0.1002	0.0983	0.0960	0.0943	0.1107	0.1073	0.1040	0.1019	0.0988	0.0969	0.0961	0.0927	0.1056	0.1050	0.1017	0.0986	0.0965	0.0944	0.0938	0.0934	0.1000	0.1030	0.1013	0.0988	0.0961	0.0946	0.0934	0.0931	
0.2189	0.1485	0.1319	0.1268	0.1243	0.1138	0.1104	0.1032	0.1528	0.1322	0.1246	0.1192	0.1126	0.1089	0.1068	0.1066	0.1348	0.1244	0.1161	0.1116	0.1086	0.1049	0.1028	0.1010	0.1232	0.1178	0.1127	0.1103	0.1035	0.1033	0.1005	0.0987	0.1151	0.1138	0.1006	0.1036	0.1010	0.0992	0.0970	0.0943	0.1124	0.1094	0.1053	0.1032	0.1005	0.0978	0.0958	0.0937	0.1063	0.1055	0.1025	0.0983	0.0969	0.0947	0.0943	0.0935	0.1013	0.1022	0.1025	0.0992	0.0966	0.0949	0.0931	0.0930	
0.2332	0.1563	0.1350	0.1284	0.1249	0.1162	0.1118	0.1039	0.1574	0.1378	0.1286	0.1219	0.1156	0.1113	0.1079	0.1082	0.1373	0.1271	0.1177	0.1130	0.1098	0.1061	0.1026	0.1014	0.1258	0.1192	0.1146	0.1113	0.1060	0.1040	0.1020	0.0994	0.1173	0.1128	0.1013	0.1050	0.1018	0.0995	0.0979	0.0951	0.1136	0.1098	0.1063	0.1027	0.1016	0.0995	0.0957	0.0937	0.1077	0.1073	0.1086	0.0995	0.0976	0.0947	0.0952	0.0929	0.1015	0.1044	0.1026	0.0996	0.0974	0.0953	0.0938	0.0934	
0.2540	0.1630	0.1392	0.1330	0.1289	0.1172	0.1141	0.1044	0.1663	0.1411	0.1307	0.1244	0.1185	0.1115	0.1088	0.1092	0.1413	0.1309	0.1220	0.1153	0.1117	0.1076	0.1030	0.1020	0.1291	0.1219	0.1155	0.1129	0.1074	0.1049	0.1020	0.1001	0.1196	0.1147	0.1028	0.1069	0.1021	0.1000	0.0972	0.0964	0.1163	0.1127	0.1065	0.1042	0.1009	0.0992	0.0973	0.0941	0.1102	0.1084	0.1038	0.1014	0.0975	0.0952	0.0949	0.0927	0.1029	0.1063	0.1039	0.1005	0.0986	0.0950	0.0941	0.0933	
0.2735	0.1664	0.1443	0.1357	0.1305	0.1194	0.1148	0.1055	0.1740	0.1437	0.1339	0.1273	0.1195	0.1131	0.1109	0.1097	0.1449	0.1347	0.1228	0.1174	0.1132	0.1081	0.1048	0.1028	0.1325	0.1232	0.1181	0.1155	0.1084	0.1060	0.1039	0.1007	0.1280	0.1162	0.1039	0.1076	0.1041	0.1017	0.0986	0.0961	0.1180	0.1130	0.1096	0.1059	0.1028	0.0998	0.0972	0.0941	0.1115	0.1101	0.1048	0.1013	0.0988	0.0961	0.0952	0.0943	0.1034	0.1073	0.1057	0.1002	0.0989	0.0954	0.0948	0.0942	
0.2898	0.1776	0.1502	0.1406	0.1351	0.1232	0.1177	0.1084	0.1821	0.1493	0.1390	0.1307	0.1224	0.1163	0.1118	0.1116	0.1541	0.1381	0.1269	0.1198	0.1155	0.1107	0.1072	0.1046	0.1365	0.1279	0.1203	0.1177	0.1106	0.1075	0.1052	0.1014	0.1320	0.1202	0.1056	0.1097	0.1056	0.1020	0.0992	0.0962	0.1213	0.1155	0.1095	0.1063	0.1043	0.1019	0.0985	0.0953	0.1147	0.1111	0.1061	0.1021	0.0994	0.0969	0.0958	0.0946	0.1040	0.1078	0.1058	0.1022	0.0997	0.0963	0.0947	0.0940	
0.3094	0.1818	0.1533	0.1424	0.1365	0.1229	0.1187	0.1074	0.1895	0.1543	0.1421	0.1326	0.1239	0.1163	0.1128	0.1114	0.1540	0.1422	0.1279	0.1214	0.1163	0.1115	0.1069	0.1037	0.1394	0.1286	0.1224	0.1176	0.1103	0.1079	0.1049	0.1011	0.1277	0.1207	0.1055	0.1084	0.1051	0.1010	0.0989	0.0958	0.1216	0.1175	0.1120	0.1067	0.1040	0.1007	0.0977	0.0938	0.1142	0.1130	0.1062	0.1018	0.0997	0.0962	0.0952	0.0933	0.1056	0.1088	0.1053	0.1017	0.0992	0.0962	0.0933	0.0939	
0.3405	0.1932	0.1593	0.1487	0.1398	0.1272	0.1213	0.1095	0.2001	0.1594	0.1457	0.1366	0.1258	0.1192	0.1151	0.1127	0.1617	0.1467	0.1305	0.1237	0.1176	0.1125	0.1088	0.1054	0.1450	0.1327	0.1250	0.1204	0.1124	0.1089	0.1060	0.1026	0.1311	0.1230	0.1073	0.1107	0.1074	0.1033	0.0993	0.0963	0.1262	0.1198	0.1138	0.1090	0.1058	0.1009	0.0992	0.0955	0.1167	0.1146	0.1100	0.1037	0.1000	0.0978	0.0964	0.0936	0.1066	0.1097	0.1083	0.1032	0.0997	0.0975	0.0945	0.0933	
0.3692	0.2013	0.1640	0.1520	0.1429	0.1296	0.1225	0.1110	0.2135	0.1635	0.1542	0.1407	0.1283	0.1211	0.1153	0.1139	0.1676	0.1520	0.1354	0.1255	0.1196	0.1142	0.1095	0.1062	0.1476	0.1409	0.1265	0.1217	0.1144	0.1103	0.1072	0.1028	0.1333	0.1252	0.1078	0.1121	0.1086	0.1040	0.1001	0.0972	0.1282	0.1209	0.1143	0.1099	0.1064	0.1023	0.0990	0.0949	0.1179	0.1151	0.1091	0.1041	0.1001	0.0980	0.0956	0.0942	0.1073	0.1113	0.1079	0.1026	0.0997	0.0970	0.0965	0.0937	
0.3989	0.2108	0.1694	0.1550	0.1467	0.1313	0.1248	0.1112	0.2235	0.1697	0.1544	0.1442	0.1311	0.1222	0.1173	0.1147	0.1700	0.1560	0.1376	0.1282	0.1220	0.1155	0.1108	0.1071	0.1523	0.1431	0.1302	0.1233	0.1156	0.1113	0.1086	0.1030	0.1373	0.1276	0.1086	0.1126	0.1082	0.1037	0.1002	0.0962	0.1304	0.1227	0.1162	0.1102	0.1069	0.1021	0.0985	0.0948	0.1199	0.1168	0.1091	0.1045	0.1003	0.0973	0.0947	0.0937	0.1078	0.1122	0.1085	0.1036	0.1007	0.0962	0.0938	0.0931	
0.4271	0.2177	0.1760	0.1603	0.1493	0.1348	0.1255	0.1127	0.2335	0.1753	0.1599	0.1465	0.1339	0.1247	0.1191	0.1158	0.1741	0.1597	0.1402	0.1310	0.1225	0.1174	0.1116	0.1086	0.1570	0.1423	0.1331	0.1257	0.1166	0.1126	0.1096	0.1040	0.1399	0.1292	0.1101	0.1155	0.1095	0.1051	0.1011	0.0976	0.1332	0.1245	0.1173	0.1128	0.1087	0.1023	0.1000	0.0951	0.1210	0.1185	0.1108	0.1055	0.1013	0.0968	0.0968	0.0932	0.1100	0.1152	0.1109	0.1052	0.1020	0.0968	0.0963	0.0943	
0.4618	0.2300	0.1841	0.1639	0.1546	0.1361	0.1290	0.1142	0.2473	0.1828	0.1652	0.1503	0.1369	0.1273	0.1205	0.1171	0.1840	0.1660	0.1450	0.1333	0.1257	0.1185	0.1121	0.1090	0.1626	0.1456	0.1356	0.1272	0.1190	0.1138	0.1104	0.1050	0.1454	0.1331	0.1113	0.1167	0.1105	0.1057	0.1023	0.0983	0.1354	0.1286	0.1187	0.1136	0.1085	0.1041	0.1002	0.0952	0.1243	0.1200	0.1164	0.1068	0.1017	0.0981	0.0962	0.0936	0.1107	0.1156	0.1120	0.1065	0.1012	0.0966	0.0951	0.0935	
0.4917	0.2434	0.1891	0.1708	0.1565	0.1395	0.1307	0.1158	0.2646	0.1879	0.1695	0.1547	0.1396	0.1306	0.1230	0.1192	0.1902	0.1707	0.1483	0.1359	0.1267	0.1196	0.1144	0.1096	0.1664	0.1516	0.1387	0.1307	0.1206	0.1155	0.1117	0.1063	0.1503	0.1363	0.1128	0.1184	0.1123	0.1073	0.1023	0.0983	0.1383	0.1297	0.1215	0.1147	0.1109	0.1044	0.1004	0.0950	0.1267	0.1228	0.1187	0.1075	0.1027	0.0984	0.0963	0.0938	0.1111	0.1165	0.1125	0.1074	0.1019	0.0965	0.0987	0.0943	
0.5219	0.2601	0.1932	0.1761	0.1609	0.1426	0.1336	0.1182	0.2775	0.1968	0.1760	0.1573	0.1420	0.1331	0.1250	0.1197	0.1977	0.1760	0.1528	0.1381	0.1309	0.1227	0.1165	0.1113	0.1730	0.1537	0.1422	0.1331	0.1211	0.1170	0.1124	0.1078	0.1531	0.1383	0.1149	0.1191	0.1143	0.1091	0.1030	0.0989	0.1425	0.1334	0.1230	0.1155	0.1125	0.1059	0.1017	0.0962	0.1293	0.1232	0.1141	0.1093	0.1024	0.0986	0.0961	0.0938	0.1128	0.1185	0.1147	0.1077	0.1032	0.0975	0.0954	0.0935	
0.5504	0.2710	0.2031	0.1798	0.1660	0.1460	0.1366	0.1190	0.2929	0.2054	0.1816	0.1631	0.1461	0.1359	0.1266	0.1217	0.2068	0.1825	0.1571	0.1412	0.1329	0.1240	0.1168	0.1133	0.1797	0.1582	0.1436	0.1365	0.1245	0.1193	0.1143	0.1076	0.1591	0.1425	0.1163	0.1219	0.1157	0.1090	0.1042	0.0995	0.1461	0.1357	0.1254	0.1189	0.1130	0.1071	0.1018	0.0963	0.1313	0.1259	0.1161	0.1104	0.1039	0.1001	0.0977	0.0946	0.1142	0.1210	0.1161	0.1098	0.1043	0.0984	0.0958	0.0939	
0.5772	0.2862	0.2121	0.1862	0.1697	0.1478	0.1376	0.1199	0.3062	0.2088	0.1868	0.1674	0.1491	0.1369	0.1279	0.1222	0.2158	0.1886	0.1605	0.1443	0.1351	0.1250	0.1177	0.1135	0.1828	0.1615	0.1469	0.1368	0.1249	0.1197	0.1149	0.1079	0.1622	0.1442	0.1185	0.1226	0.1165	0.1088	0.1043	0.1000	0.1493	0.1391	0.1248	0.1192	0.1127	0.1066	0.1018	0.0973	0.1325	0.1283	0.1174	0.1101	0.1067	0.1012	0.0974	0.0950	0.1163	0.1222	0.1176	0.1099	0.1042	0.0986	0.1000	0.0939	
0.6073	0.3017	0.2194	0.1936	0.1743	0.1513	0.1413	0.1214	0.3253	0.2179	0.1923	0.1727	0.1516	0.1398	0.1303	0.1244	0.2253	0.1963	0.1639	0.1469	0.1379	0.1276	0.1203	0.1147	0.1908	0.1683	0.1526	0.1408	0.1277	0.1224	0.1180	0.1092	0.1714	0.1486	0.1201	0.1257	0.1189	0.1103	0.1051	0.0999	0.1514	0.1418	0.1318	0.1218	0.1156	0.1094	0.1027	0.0971	0.1368	0.1303	0.1256	0.1117	0.1051	0.1003	0.0999	0.0949	0.1178	0.1256	0.1177	0.1115	0.1043	0.0984	0.0959	0.0934	
0.6396	0.3173	0.2292	0.1993	0.1794	0.1554	0.1448	0.1240	0.3461	0.2276	0.1972	0.1761	0.1567	0.1430	0.1329	0.1258	0.2359	0.2016	0.1688	0.1516	0.1407	0.1302	0.1221	0.1164	0.1973	0.1694	0.1561	0.1447	0.1289	0.1240	0.1188	0.1112	0.1740	0.1508	0.1216	0.1282	0.1199	0.1119	0.1056	0.1012	0.1564	0.1456	0.1319	0.1231	0.1169	0.1087	0.1035	0.0968	0.1399	0.1348	0.1222	0.1136	0.1065	0.1020	0.0992	0.0947	0.1206	0.1256	0.1199	0.1140	0.1059	0.0991	0.0964	0.0940	
0.6611	0.3350	0.2401	0.2065	0.1833	0.1604	0.1469	0.1262	0.3593	0.2380	0.2043	0.1823	0.1618	0.1467	0.1351	0.1278	0.2486	0.2115	0.1741	0.1558	0.1448	0.1323	0.1238	0.1175	0.2038	0.1770	0.1596	0.1480	0.1330	0.1265	0.1204	0.1123	0.1800	0.1569	0.1243	0.1301	0.1220	0.1137	0.1072	0.1016	0.1617	0.1469	0.1341	0.1249	0.1198	0.1103	0.1052	0.0984	0.1441	0.1361	0.1229	0.1149	0.1076	0.1021	0.0998	0.0963	0.1221	0.1286	0.1222	0.1149	0.1069	0.0993	0.0967	0.0948	
0.6879	0.3474	0.2519	0.2134	0.1878	0.1628	0.1512	0.1285	0.3803	0.2491	0.2127	0.1864	0.1636	0.1499	0.1372	0.1294	0.2547	0.2183	0.1789	0.1572	0.1465	0.1335	0.1251	0.1196	0.2098	0.1799	0.1638	0.1496	0.1350	0.1270	0.1219	0.1126	0.1889	0.1585	0.1258	0.1311	0.1236	0.1145	0.1073	0.1024	0.1649	0.1520	0.1357	0.1264	0.1203	0.1118	0.1043	0.0983	0.1470	0.1384	0.1252	0.1154	0.1087	0.1033	0.0991	0.0964	0.1241	0.1303	0.1235	0.1151	0.1068	0.0994	0.0959	0.0941	
0.7109	0.3671	0.2626	0.2222	0.1936	0.1669	0.1529	0.1293	0.3954	0.2600	0.2245	0.1914	0.1681	0.1539	0.1401	0.1311	0.2663	0.2274	0.1847	0.1626	0.1506	0.1376	0.1277	0.1215	0.2185	0.1916	0.1695	0.1543	0.1379	0.1291	0.1241	0.1146	0.1960	0.1657	0.1280	0.1346	0.1274	0.1159	0.1086	0.1026	0.1695	0.1567	0.1410	0.1290	0.1222	0.1145	0.1061	0.0991	0.1502	0.1421	0.1265	0.1182	0.1106	0.1034	0.0996	0.0971	0.1258	0.1325	0.1256	0.1163	0.1079	0.1000	0.0963	0.0949	
0.7373	0.3850	0.2732	0.2310	0.1969	0.1710	0.1577	0.1317	0.4166	0.2684	0.2303	0.1991	0.1720	0.1547	0.1427	0.1326	0.2769	0.2369	0.1918	0.1675	0.1536	0.1389	0.1294	0.1216	0.2270	0.1925	0.1705	0.1575	0.1387	0.1313	0.1244	0.1149	0.1969	0.1663	0.1290	0.1373	0.1265	0.1165	0.1091	0.1025	0.1739	0.1586	0.1422	0.1299	0.1240	0.1126	0.1065	0.0990	0.1524	0.1433	0.1302	0.1179	0.1114	0.1045	0.1008	0.0956	0.1266	0.1347	0.1275	0.1146	0.1079	0.0995	0.1000	0.0938	
0.7504	0.4016	0.2830	0.2365	0.2055	0.1750	0.1597	0.1342	0.4361	0.2813	0.2390	0.2039	0.1756	0.1587	0.1455	0.1346	0.2855	0.2418	0.1958	0.1708	0.1565	0.1417	0.1308	0.1240	0.2338	0.2014	0.1756	0.1601	0.1416	0.1327	0.1279	0.1169	0.2062	0.1722	0.1322	0.1383	0.1285	0.1180	0.1103	0.1036	0.1792	0.1627	0.1453	0.1328	0.1242	0.1150	0.1071	0.0999	0.1557	0.1450	0.1313	0.1210	0.1113	0.1049	0.1008	0.0966	0.1302	0.1373	0.1320	0.1180	0.1109	0.1014	0.0966	0.0943	
0.7658	0.4235	0.2947	0.2488	0.2108	0.1803	0.1643	0.1377	0.4565	0.2944	0.2467	0.2100	0.1820	0.1631	0.1477	0.1369	0.2987	0.2503	0.2008	0.1756	0.1605	0.1443	0.1337	0.1255	0.2425	0.2049	0.1804	0.1636	0.1456	0.1360	0.1292	0.1177	0.2135	0.1772	0.1345	0.1405	0.1325	0.1200	0.1111	0.1046	0.1850	0.1668	0.1490	0.1347	0.1269	0.1155	0.1078	0.1005	0.1602	0.1486	0.1322	0.1216	0.1130	0.1038	0.1007	0.0958	0.1307	0.1393	0.1309	0.1171	0.1095	0.0997	0.0972	0.0946	
0.7708	0.4388	0.3078	0.2580	0.2163	0.1833	0.1676	0.1391	0.4785	0.3055	0.2534	0.2182	0.1873	0.1663	0.1509	0.1381	0.3116	0.2648	0.2081	0.1795	0.1652	0.1479	0.1354	0.1283	0.2496	0.2119	0.1835	0.1679	0.1476	0.1367	0.1314	0.1191	0.2189	0.1805	0.1365	0.1433	0.1338	0.1221	0.1119	0.1055	0.1874	0.1706	0.1508	0.1378	0.1279	0.1183	0.1083	0.1010	0.1673	0.1539	0.1350	0.1237	0.1144	0.1062	0.1008	0.0969	0.1338	0.1416	0.1333	0.1186	0.1115	0.1009	0.0973	0.0951	
0.7692	0.4618	0.3176	0.2644	0.2216	0.1904	0.1700	0.1411	0.4984	0.3191	0.2625	0.2252	0.1892	0.1683	0.1522	0.1407	0.3261	0.2692	0.2126	0.1853	0.1670	0.1506	0.1373	0.1291	0.2577	0.2181	0.1889	0.1701	0.1493	0.1391	0.1333	0.1203	0.2272	0.1852	0.1390	0.1459	0.1358	0.1258	0.1130	0.1053	0.1950	0.1754	0.1543	0.1399	0.1307	0.1181	0.1086	0.1005	0.1675	0.1550	0.1375	0.1262	0.1151	0.1065	0.1014	0.0973	0.1352	0.1447	0.1362	0.1209	0.1125	0.1023	0.0970	0.0942	
0.7744	0.4777	0.3296	0.2761	0.2270	0.1909	0.1739	0.1440	0.5189	0.3266	0.2724	0.2308	0.1946	0.1741	0.1562	0.1429	0.3335	0.2775	0.2176	0.1894	0.1708	0.1522	0.1395	0.1302	0.2676	0.2244	0.1950	0.1752	0.1534	0.1412	0.1357	0.1217	0.2341	0.1918	0.1418	0.1480	0.1385	0.1246	0.1137	0.1065	0.1964	0.1777	0.1564	0.1419	0.1316	0.1200	0.1105	0.1011	0.1735	0.1565	0.1421	0.1259	0.1145	0.1068	0.1026	0.0964	0.1377	0.1468	0.1414	0.1218	0.1121	0.1016	0.0972	0.0942	
0.7785	0.4982	0.3409	0.2837	0.2355	0.1989	0.1787	0.1457	0.5402	0.3418	0.2795	0.2371	0.2015	0.1767	0.1597	0.1450	0.3538	0.2903	0.2280	0.1951	0.1769	0.1571	0.1427	0.1332	0.2777	0.2324	0.2016	0.1783	0.1556	0.1453	0.1382	0.1239	0.2416	0.1958	0.1439	0.1509	0.1402	0.1253	0.1142	0.1076	0.2033	0.1843	0.1604	0.1431	0.1342	0.1218	0.1118	0.1021	0.1768	0.1618	0.1417	0.1276	0.1174	0.1080	0.1035	0.0972	0.1394	0.1508	0.1403	0.1238	0.1140	0.1019	0.0976	0.0958	
0.7814	0.5213	0.3557	0.2957	0.2412	0.2025	0.1819	0.1478	0.5614	0.3553	0.2898	0.2441	0.2063	0.1818	0.1649	0.1468	0.3661	0.2998	0.2342	0.1998	0.1792	0.1590	0.1449	0.1347	0.2852	0.2346	0.2065	0.1823	0.1592	0.1463	0.1383	0.1249	0.2507	0.2002	0.1469	0.1537	0.1420	0.1271	0.1160	0.1081	0.2074	0.1868	0.1631	0.1470	0.1363	0.1217	0.1122	0.1022	0.1814	0.1645	0.1460	0.1309	0.1180	0.1074	0.1038	0.0969	0.1415	0.1533	0.1429	0.1249	0.1141	0.1019	0.0978	0.0950	
0.7821	0.5371	0.3699	0.3052	0.2479	0.2074	0.1865	0.1507	0.5794	0.3670	0.2988	0.2507	0.2112	0.1858	0.1675	0.1490	0.3802	0.3139	0.2420	0.2037	0.1863	0.1607	0.1472	0.1353	0.2955	0.2469	0.2145	0.1857	0.1622	0.1483	0.1401	0.1260	0.2571	0.2053	0.1490	0.1559	0.1443	0.1280	0.1187	0.1083	0.2119	0.1920	0.1666	0.1495	0.1384	0.1235	0.1129	0.1030	0.1853	0.1671	0.1456	0.1318	0.1189	0.1098	0.1031	0.0973	0.1438	0.1558	0.1434	0.1255	0.1153	0.1032	0.0975	0.0954	
0.7809	0.5563	0.3828	0.3149	0.2542	0.2102	0.1899	0.1542	0.6045	0.3816	0.3118	0.2575	0.2186	0.1907	0.1699	0.1504	0.3945	0.3192	0.2518	0.2100	0.1895	0.1645	0.1490	0.1389	0.3041	0.2517	0.2180	0.1923	0.1653	0.1520	0.1438	0.1273	0.2669	0.2122	0.1534	0.1594	0.1481	0.1302	0.1188	0.1091	0.2190	0.1960	0.1697	0.1517	0.1413	0.1252	0.1138	0.1041	0.1905	0.1699	0.1491	0.1336	0.1197	0.1108	0.1037	0.0980	0.1477	0.1594	0.1487	0.1287	0.1166	0.1039	0.0993	0.0955	
0.7880	0.5772	0.3960	0.3246	0.2616	0.2172	0.1927	0.1565	0.6225	0.3945	0.3197	0.2689	0.2236	0.1949	0.1720	0.1540	0.4133	0.3316	0.2560	0.2151	0.1907	0.1692	0.1519	0.1401	0.3173	0.2607	0.2242	0.1965	0.1675	0.1538	0.1457	0.1294	0.2752	0.2177	0.1549	0.1627	0.1491	0.1311	0.1192	0.1099	0.2267	0.2003	0.1743	0.1544	0.1419	0.1269	0.1147	0.1032	0.1957	0.1730	0.1536	0.1359	0.1225	0.1103	0.1042	0.0980	0.1482	0.1603	0.1504	0.1288	0.1173	0.1037	0.0980	0.0945	
0.7869	0.5971	0.4086	0.3357	0.2691	0.2222	0.1965	0.1582	0.6371	0.4047	0.3263	0.2690	0.2255	0.1955	0.1742	0.1562	0.4197	0.3387	0.2627	0.2197	0.1969	0.1694	0.1542	0.1417	0.3225	0.2654	0.2280	0.1994	0.1713	0.1551	0.1481	0.1298	0.2842	0.2211	0.1579	0.1651	0.1514	0.1354	0.1196	0.1109	0.2316	0.2062	0.1771	0.1564	0.1440	0.1286	0.1160	0.1057	0.2012	0.1779	0.1613	0.1366	0.1226	0.1105	0.1050	0.0982	0.1497	0.1630	0.1512	0.1302	0.1186	0.1040	0.0986	0.0953	
0.7875	0.6126	0.4233	0.3438	0.2748	0.2268	0.2016	0.1602	0.6574	0.4184	0.3356	0.2772	0.2307	0.2014	0.1767	0.1567	0.4395	0.3484	0.2703	0.2243	0.1994	0.1728	0.1564	0.1434	0.3338	0.2738	0.2340	0.2037	0.1725	0.1566	0.1495	0.1307	0.2925	0.2265	0.1606	0.1677	0.1528	0.1351	0.1226	0.1125	0.2343	0.2093	0.1782	0.1580	0.1459	0.1296	0.1162	0.1047	0.2030	0.1804	0.1557	0.1394	0.1241	0.1127	0.1050	0.1002	0.1526	0.1660	0.1543	0.1308	0.1180	0.1037	0.0982	0.0952	
0.7882	0.6271	0.4385	0.3544	0.2824	0.2327	0.2053	0.1635	0.6659	0.4344	0.3475	0.2847	0.2364	0.2043	0.1812	0.1607	0.4546	0.3586	0.2753	0.2318	0.2045	0.1786	0.1593	0.1461	0.3455	0.2824	0.2400	0.2104	0.1788	0.1622	0.1524	0.1336	0.3055	0.2360	0.1641	0.1734	0.1577	0.1386	0.1238	0.1138	0.2449	0.2166	0.1855	0.1638	0.1504	0.1315	0.1184	0.1072	0.2106	0.1854	0.1596	0.1425	0.1269	0.1147	0.1072	0.1004	0.1573	0.1705	0.1572	0.1347	0.1217	0.1065	0.1006	0.0974	
0.7967	0.6428	0.4546	0.3683	0.2940	0.2375	0.2093	0.1672	0.6810	0.4484	0.3572	0.2941	0.2471	0.2121	0.1864	0.1616	0.4698	0.3725	0.2865	0.2369	0.2094	0.1817	0.1606	0.1481	0.3539	0.2912	0.2470	0.2144	0.1823	0.1636	0.1544	0.1356	0.3097	0.2397	0.1655	0.1750	0.1598	0.1384	0.1241	0.1139	0.2492	0.2203	0.1883	0.1657	0.1515	0.1333	0.1188	0.1069	0.2164	0.1891	0.1667	0.1442	0.1271	0.1144	0.1068	0.0996	0.1601	0.1735	0.1610	0.1343	0.1215	0.1059	0.0996	0.0959	
0.7911	0.6465	0.4664	0.3765	0.2961	0.2435	0.2138	0.1699	0.6810	0.4637	0.3659	0.3013	0.2497	0.2158	0.1887	0.1645	0.4796	0.3841	0.2936	0.2415	0.2124	0.1845	0.1642	0.1492	0.3647	0.2962	0.2505	0.2163	0.1840	0.1657	0.1559	0.1364	0.3190	0.2435	0.1701	0.1779	0.1617	0.1408	0.1254	0.1141	0.2515	0.2249	0.1902	0.1671	0.1523	0.1340	0.1198	0.1072	0.2187	0.1916	0.1617	0.1450	0.1295	0.1155	0.1075	0.1007	0.1616	0.1752	0.1610	0.1362	0.1233	0.1059	0.1009	0.0958	
0.7907	0.6547	0.4791	0.3861	0.3045	0.2479	0.2160	0.1730	0.6863	0.4741	0.3764	0.3085	0.2531	0.2173	0.1908	0.1670	0.4957	0.3921	0.3012	0.2459	0.2185	0.1873	0.1658	0.1509	0.3747	0.3023	0.2578	0.2254	0.1879	0.1678	0.1578	0.1376	0.3305	0.2518	0.1721	0.1829	0.1638	0.1406	0.1252	0.1148	0.2577	0.2298	0.1958	0.1693	0.1551	0.1352	0.1198	0.1073	0.2251	0.1950	0.1679	0.1472	0.1298	0.1155	0.1105	0.1005	0.1633	0.1788	0.1641	0.1369	0.1233	0.1062	0.1003	0.0960	
0.7976	0.6608	0.4937	0.3972	0.3109	0.2520	0.2233	0.1749	0.6896	0.4884	0.3855	0.3147	0.2588	0.2218	0.1938	0.1697	0.5122	0.4080	0.3084	0.2535	0.2226	0.1902	0.1689	0.1531	0.3849	0.3111	0.2629	0.2280	0.1929	0.1699	0.1600	0.1399	0.3392	0.2559	0.1757	0.1859	0.1671	0.1433	0.1276	0.1145	0.2659	0.2326	0.1986	0.1729	0.1576	0.1365	0.1217	0.1080	0.2302	0.1995	0.1789	0.1496	0.1306	0.1159	0.1087	0.1011	0.1668	0.1819	0.1647	0.1397	0.1247	0.1062	0.0997	0.0970	
0.8034	0.6651	0.5057	0.4109	0.3196	0.2589	0.2277	0.1781	0.6891	0.5027	0.3988	0.3289	0.2674	0.2291	0.2000	0.1717	0.5277	0.4213	0.3201	0.2622	0.2302	0.1960	0.1726	0.1569	0.3945	0.3219	0.2727	0.2331	0.1967	0.1727	0.1634	0.1407	0.3503	0.2643	0.1765	0.1892	0.1691	0.1451	0.1290	0.1165	0.2747	0.2410	0.2036	0.1762	0.1615	0.1384	0.1223	0.1091	0.2351	0.2047	0.1719	0.1521	0.1333	0.1186	0.1088	0.1005	0.1699	0.1853	0.1696	0.1410	0.1261	0.1076	0.0998	0.0967	
0.8007	0.6618	0.5153	0.4204	0.3265	0.2646	0.2316	0.1802	0.6887	0.5132	0.4087	0.3337	0.2745	0.2334	0.2024	0.1732	0.5368	0.4301	0.3272	0.2656	0.2333	0.1980	0.1731	0.1585	0.4049	0.3285	0.2771	0.2374	0.1974	0.1773	0.1654	0.1417	0.3533	0.2688	0.1804	0.1906	0.1729	0.1477	0.1289	0.1176	0.2793	0.2457	0.2068	0.1787	0.1623	0.1413	0.1240	0.1096	0.2418	0.2079	0.1781	0.1542	0.1345	0.1186	0.1093	0.1017	0.1723	0.1887	0.1705	0.1426	0.1262	0.1080	0.1006	0.0973	
0.8046	0.6622	0.5290	0.4346	0.3338	0.2689	0.2358	0.1833	0.6908	0.5281	0.4195	0.3384	0.2782	0.2378	0.2062	0.1760	0.5565	0.4385	0.3362	0.2715	0.2398	0.2018	0.1765	0.1608	0.4141	0.3359	0.2799	0.2413	0.2002	0.1783	0.1663	0.1439	0.3648	0.2725	0.1849	0.1944	0.1744	0.1473	0.1316	0.1179	0.2829	0.2504	0.2097	0.1811	0.1642	0.1411	0.1234	0.1093	0.2451	0.2105	0.1780	0.1553	0.1352	0.1185	0.1094	0.1010	0.1744	0.1908	0.1737	0.1430	0.1264	0.1085	0.1025	0.0962	
0.8071	0.6652	0.5399	0.4416	0.3414	0.2736	0.2392	0.1855	0.6931	0.5379	0.4277	0.3480	0.2839	0.2409	0.2087	0.1772	0.5634	0.4458	0.3386	0.2747	0.2422	0.2038	0.1816	0.1615	0.4241	0.3430	0.2862	0.2466	0.2049	0.1809	0.1688	0.1464	0.3725	0.2790	0.1869	0.1976	0.1776	0.1494	0.1318	0.1187	0.2928	0.2560	0.2132	0.1867	0.1669	0.1425	0.1254	0.1102	0.2492	0.2140	0.1787	0.1569	0.1375	0.1191	0.1109	0.1011	0.1758	0.1938	0.1743	0.1455	0.1283	0.1092	0.1006	0.0961	
0.8120	0.6636	0.5519	0.4556	0.3506	0.2804	0.2436	0.1892	0.6909	0.5490	0.4399	0.3600	0.2929	0.2470	0.2138	0.1816	0.5756	0.4594	0.3503	0.2803	0.2480	0.2106	0.1805	0.1642	0.4360	0.3495	0.2926	0.2515	0.2100	0.1840	0.1708	0.1476	0.3842	0.2868	0.1903	0.2002	0.1814	0.1528	0.1338	0.1190	0.2984	0.2608	0.2157	0.1859	0.1706	0.1442	0.1268	0.1110	0.2569	0.2191	0.1824	0.1602	0.1394	0.1219	0.1126	0.1028	0.1815	0.1987	0.1785	0.1474	0.1306	0.1098	0.1014	0.0970	
0.8082	0.6616	0.5548	0.4603	0.3542	0.2856	0.2472	0.1910	0.6920	0.5614	0.4474	0.3626	0.2942	0.2505	0.2158	0.1838	0.5825	0.4670	0.3583	0.2868	0.2503	0.2113	0.1849	0.1654	0.4428	0.3600	0.2997	0.2565	0.2123	0.1872	0.1721	0.1479	0.3924	0.2925	0.1950	0.2044	0.1823	0.1546	0.1349	0.1203	0.3012	0.2639	0.2212	0.1900	0.1733	0.1456	0.1277	0.1125	0.2609	0.2231	0.1840	0.1634	0.1401	0.1226	0.1116	0.1019	0.1827	0.1998	0.1823	0.1488	0.1313	0.1094	0.1009	0.0967	
0.8139	0.6632	0.5615	0.4760	0.3617	0.2882	0.2528	0.1950	0.6945	0.5683	0.4543	0.3705	0.3010	0.2556	0.2200	0.1856	0.5885	0.4770	0.3676	0.2921	0.2576	0.2149	0.1871	0.1681	0.4523	0.3643	0.3044	0.2607	0.2143	0.1901	0.1752	0.1496	0.3999	0.3015	0.1964	0.2077	0.1856	0.1562	0.1378	0.1211	0.3080	0.2721	0.2267	0.1960	0.1754	0.1468	0.1280	0.1124	0.2677	0.2278	0.1880	0.1634	0.1411	0.1229	0.1127	0.1016	0.1846	0.2045	0.1838	0.1508	0.1319	0.1105	0.1021	0.0969	
0.8202	0.6638	0.5702	0.4832	0.3695	0.2977	0.2562	0.1973	0.6946	0.5750	0.4688	0.3781	0.3082	0.2589	0.2227	0.1879	0.5982	0.4838	0.3706	0.2987	0.2612	0.2188	0.1881	0.1721	0.4635	0.3693	0.3076	0.2636	0.2176	0.1923	0.1772	0.1510	0.4111	0.3049	0.2014	0.2112	0.1886	0.1583	0.1363	0.1209	0.3140	0.2729	0.2297	0.1976	0.1783	0.1483	0.1293	0.1131	0.2712	0.2311	0.1905	0.1656	0.1432	0.1239	0.1124	0.1030	0.1873	0.2066	0.1857	0.1522	0.1324	0.1106	0.1021	0.0975	
0.8200	0.6651	0.5671	0.4892	0.3768	0.2993	0.2602	0.2010	0.6936	0.5789	0.4784	0.3826	0.3102	0.2631	0.2252	0.1914	0.5921	0.4930	0.3790	0.3040	0.2647	0.2221	0.1941	0.1741	0.4702	0.3796	0.3144	0.2684	0.2237	0.1946	0.1806	0.1522	0.4163	0.3110	0.2038	0.2129	0.1904	0.1591	0.1383	0.1226	0.3194	0.2786	0.2327	0.2001	0.1793	0.1493	0.1290	0.1134	0.2791	0.2334	0.1928	0.1674	0.1444	0.1244	0.1127	0.1027	0.1899	0.2093	0.1883	0.1537	0.1338	0.1112	0.1022	0.0981	
0.8254	0.6653	0.5701	0.4996	0.3858	0.3083	0.2638	0.2025	0.6943	0.5827	0.4860	0.3929	0.3194	0.2667	0.2300	0.1924	0.5981	0.5018	0.3887	0.3098	0.2691	0.2259	0.1956	0.1768	0.4806	0.3904	0.3230	0.2740	0.2246	0.1979	0.1824	0.1542	0.4325	0.3168	0.2049	0.2179	0.1932	0.1610	0.1395	0.1231	0.3262	0.2822	0.2353	0.2020	0.1806	0.1502	0.1310	0.1145	0.2845	0.2402	0.1957	0.1701	0.1451	0.1250	0.1160	0.1027	0.1927	0.2120	0.1899	0.1536	0.1350	0.1121	0.1020	0.0977	
0.8249	0.6664	0.5695	0.5070	0.3895	0.3088	0.2667	0.2062	0.6955	0.5826	0.4935	0.3969	0.3224	0.2715	0.2315	0.1946	0.5872	0.4997	0.3954	0.3132	0.2744	0.2272	0.1976	0.1760	0.4894	0.3925	0.3268	0.2774	0.2287	0.1998	0.1840	0.1548	0.4345	0.3196	0.2103	0.2184	0.1963	0.1628	0.1414	0.1233	0.3296	0.2906	0.2386	0.2050	0.1825	0.1536	0.1323	0.1146	0.2869	0.2418	0.2031	0.1725	0.1478	0.1256	0.1146	0.1038	0.1946	0.2145	0.1935	0.1562	0.1354	0.1130	0.1040	0.0975	
0.8304	0.6672	0.5686	0.5137	0.3993	0.3156	0.2730	0.2095	0.7006	0.5858	0.4982	0.4055	0.3290	0.2745	0.2371	0.1962	0.5958	0.5092	0.4042	0.3220	0.2823	0.2336	0.2014	0.1792	0.5010	0.4009	0.3329	0.2845	0.2330	0.2024	0.1855	0.1574	0.4422	0.3263	0.2121	0.2233	0.1987	0.1634	0.1411	0.1248	0.3416	0.2972	0.2428	0.2082	0.1857	0.1538	0.1328	0.1159	0.2960	0.2461	0.2005	0.1733	0.1476	0.1259	0.1145	0.1036	0.1998	0.2183	0.1952	0.1596	0.1376	0.1134	0.1036	0.0968	
0.8294	0.6652	0.5687	0.5158	0.4058	0.3217	0.2781	0.2107	0.6963	0.5807	0.5033	0.4097	0.3339	0.2788	0.2395	0.1985	0.5921	0.5112	0.4101	0.3277	0.2854	0.2374	0.2043	0.1816	0.5041	0.4092	0.3384	0.2868	0.2361	0.2049	0.1888	0.1594	0.4528	0.3353	0.2163	0.2267	0.2021	0.1670	0.1426	0.1256	0.3468	0.3012	0.2491	0.2135	0.1906	0.1575	0.1341	0.1165	0.2986	0.2514	0.2034	0.1772	0.1503	0.1293	0.1170	0.1042	0.2006	0.2217	0.2008	0.1597	0.1388	0.1143	0.1035	0.0978	
0.8296	0.6635	0.5684	0.5170	0.4100	0.3242	0.2809	0.2155	0.7005	0.5838	0.5085	0.4182	0.3385	0.2830	0.2436	0.2017	0.5939	0.5165	0.4181	0.3332	0.2903	0.2414	0.2070	0.1833	0.5099	0.4149	0.3431	0.2913	0.2393	0.2063	0.1913	0.1605	0.4564	0.3383	0.2186	0.2297	0.2031	0.1676	0.1446	0.1259	0.3472	0.3010	0.2483	0.2116	0.1896	0.1549	0.1338	0.1165	0.3061	0.2507	0.2077	0.1786	0.1512	0.1275	0.1164	0.1039	0.2055	0.2250	0.2028	0.1616	0.1395	0.1151	0.1036	0.0974	
