0.0896	0.0914	0.0896	0.0925	0.0920	0.0972	0.0942	0.1034	0.0899	0.0914	0.0893	0.0924	0.0914	0.0942	0.0959	0.1020	0.0895	0.0923	0.0893	0.0920	0.0919	0.0952	0.0916	0.1063	0.0898	0.0898	0.0907	0.0902	0.0927	0.0932	0.0955	0.0987	0.0914	0.0955	0.0904	0.0938	0.0896	0.0917	0.0945	0.1039	0.0904	0.0925	0.0895	0.0965	0.0885	0.0925	0.0902	0.1000	0.0917	0.0953	0.0897	0.0936	0.0894	0.0928	0.0924	0.1003	0.0886	0.0983	0.0885	0.0938	0.0892	0.0952	0.0908	0.0975	
0.0917	0.0928	0.0911	0.0954	0.0920	0.0915	0.0914	0.0950	0.0913	0.1010	0.0909	0.0943	0.0908	0.0954	0.0909	0.0940	0.0915	0.0969	0.0905	0.1033	0.0905	0.0997	0.0909	0.0957	0.0919	0.0899	0.0919	0.0896	0.0904	0.0891	0.0910	0.0906	0.0900	0.0910	0.0915	0.0915	0.0913	0.0907	0.0924	0.0904	0.0893	0.0909	0.0892	0.0910	0.0899	0.0912	0.0896	0.0915	0.0903	0.0914	0.0902	0.0911	0.0898	0.0909	0.0899	0.0905	0.0894	0.0907	0.0902	0.0908	0.0899	0.0904	0.0894	0.0907	
0.0915	0.0915	0.0910	0.0917	0.0917	0.0910	0.0915	0.0923	0.0912	0.0960	0.0905	0.0924	0.0905	0.0917	0.0912	0.0915	0.0912	0.0930	0.0904	0.0910	0.0908	0.0914	0.0915	0.0926	0.0918	0.0905	0.0923	0.0896	0.0909	0.0898	0.0918	0.0912	0.0847	0.0835	0.0843	0.0838	0.0833	0.0826	0.0848	0.0844	0.0834	0.0822	0.0834	0.0846	0.0840	0.0826	0.0841	0.0836	0.0843	0.0832	0.0839	0.0824	0.0837	0.0830	0.0846	0.0825	0.0837	0.0832	0.0837	0.0824	0.0840	0.0820	0.0838	0.0827	
0.0908	0.0914	0.0908	0.0915	0.0923	0.0915	0.0913	0.0922	0.0912	0.0917	0.0909	0.0921	0.0909	0.0917	0.0913	0.0921	0.0912	0.0914	0.0909	0.0912	0.0905	0.0910	0.0912	0.0920	0.0919	0.0907	0.0919	0.0904	0.0907	0.0905	0.0912	0.0914	0.0882	0.0877	0.0872	0.0877	0.0863	0.0867	0.0881	0.0881	0.0880	0.0871	0.0884	0.0880	0.0890	0.0875	0.0882	0.0870	0.0886	0.0874	0.0889	0.0866	0.0889	0.0872	0.0884	0.0863	0.0882	0.0871	0.0881	0.0868	0.0890	0.0868	0.0867	0.0868	
0.0910	0.0915	0.0905	0.0922	0.0922	0.0915	0.0913	0.0926	0.0911	0.0914	0.0906	0.0922	0.0908	0.0919	0.0914	0.0913	0.0911	0.0908	0.0907	0.0911	0.0905	0.0914	0.0912	0.0917	0.0918	0.0905	0.0914	0.0901	0.0901	0.0898	0.0915	0.0916	0.0891	0.0898	0.0885	0.0899	0.0886	0.0882	0.0895	0.0899	0.0886	0.0889	0.0893	0.0890	0.0890	0.0892	0.0897	0.0881	0.0890	0.0895	0.0898	0.0884	0.0894	0.0891	0.0894	0.0890	0.0888	0.0890	0.0884	0.0875	0.0891	0.0883	0.0888	0.0884	
0.0910	0.0915	0.0906	0.0919	0.0924	0.0913	0.0914	0.0923	0.0915	0.0915	0.0907	0.0925	0.0912	0.0921	0.0918	0.0922	0.0913	0.0912	0.0907	0.0912	0.0906	0.0911	0.0909	0.0924	0.0915	0.0904	0.0916	0.0902	0.0907	0.0902	0.0917	0.0919	0.0897	0.0901	0.0902	0.0906	0.0895	0.0898	0.0906	0.0907	0.0893	0.0895	0.0895	0.0900	0.0895	0.0899	0.0898	0.0902	0.0899	0.0912	0.0900	0.0899	0.0902	0.0899	0.0892	0.0892	0.0894	0.0898	0.0887	0.0894	0.0894	0.0895	0.0891	0.0893	
0.0912	0.0915	0.0906	0.0920	0.0924	0.0918	0.0918	0.0928	0.0916	0.0917	0.0913	0.0927	0.0912	0.0921	0.0920	0.0919	0.0917	0.1024	0.0910	0.0912	0.0911	0.0914	0.0912	0.0924	0.0919	0.0910	0.0919	0.0905	0.0912	0.0903	0.0919	0.0920	0.0893	0.0905	0.0906	0.0908	0.0898	0.0903	0.0909	0.0901	0.0891	0.0913	0.0892	0.0905	0.0889	0.0901	0.0896	0.0901	0.0893	0.0919	0.0898	0.0897	0.0894	0.0894	0.0887	0.0891	0.0888	0.0915	0.0886	0.0895	0.0891	0.0895	0.0872	0.0889	
0.0911	0.0917	0.0907	0.0921	0.0929	0.0917	0.0920	0.0929	0.0914	0.0915	0.0908	0.0925	0.0920	0.0922	0.0920	0.0923	0.0913	0.0912	0.0905	0.0911	0.0916	0.0920	0.0919	0.0920	0.0917	0.0909	0.0916	0.0905	0.0931	0.0910	0.0917	0.0919	0.0882	0.0873	0.0890	0.0878	0.0885	0.0858	0.0885	0.0863	0.0866	0.0862	0.0863	0.0874	0.0856	0.0858	0.0861	0.0870	0.0878	0.0871	0.0867	0.0864	0.0862	0.0860	0.0864	0.0867	0.0872	0.0869	0.0867	0.0864	0.0869	0.0861	0.0857	0.0856	
0.0912	0.0918	0.0911	0.0923	0.0929	0.0917	0.0918	0.0930	0.0914	0.0915	0.0912	0.0928	0.0914	0.0920	0.0919	0.0921	0.0915	0.0918	0.0911	0.0917	0.0910	0.0915	0.0918	0.0927	0.0919	0.0909	0.0919	0.0907	0.0909	0.0906	0.0921	0.0918	0.0876	0.0874	0.0879	0.0882	0.0868	0.0869	0.0875	0.0875	0.0883	0.0869	0.0886	0.0876	0.0880	0.0870	0.0888	0.0871	0.0884	0.0875	0.0885	0.0862	0.0886	0.0868	0.0883	0.0868	0.0885	0.0869	0.0878	0.0866	0.0884	0.0863	0.0867	0.0874	
0.0915	0.0919	0.0911	0.0925	0.0928	0.0919	0.0921	0.0938	0.0917	0.0917	0.0909	0.0927	0.0913	0.0922	0.0922	0.0920	0.0915	0.0919	0.0911	0.0909	0.0913	0.0920	0.0911	0.0923	0.0921	0.0908	0.0922	0.0904	0.0913	0.0907	0.0926	0.0917	0.0897	0.0896	0.0897	0.0907	0.0892	0.0888	0.0897	0.0901	0.0891	0.0900	0.0892	0.0896	0.0896	0.0900	0.0896	0.0900	0.0899	0.0904	0.0904	0.0891	0.0900	0.0899	0.0895	0.0892	0.0895	0.0899	0.0893	0.0896	0.0894	0.0889	0.0890	0.0897	
0.0920	0.0924	0.0917	0.0941	0.0934	0.0930	0.0929	0.0938	0.0922	0.0922	0.0921	0.0931	0.0922	0.0932	0.0927	0.0928	0.0920	0.0918	0.0915	0.0922	0.0919	0.0922	0.0924	0.0931	0.0922	0.0918	0.0924	0.0918	0.0913	0.0911	0.0922	0.0925	0.0906	0.0905	0.0909	0.0917	0.0902	0.0898	0.0917	0.0906	0.0899	0.0910	0.0895	0.0905	0.0903	0.0903	0.0904	0.0907	0.0907	0.0917	0.0902	0.0893	0.0903	0.0902	0.0906	0.0893	0.0902	0.0908	0.0898	0.0908	0.0895	0.0902	0.0896	0.0908	
0.0923	0.0925	0.0920	0.0933	0.0935	0.0930	0.0923	0.0937	0.0919	0.0924	0.0916	0.0936	0.0923	0.0932	0.0934	0.0927	0.0920	0.0916	0.0916	0.0921	0.0918	0.0927	0.0924	0.0930	0.0923	0.0912	0.0931	0.0914	0.0914	0.0910	0.0929	0.0926	0.0904	0.0913	0.0910	0.0917	0.0906	0.0899	0.0903	0.0915	0.0903	0.0912	0.0900	0.0911	0.0897	0.0899	0.0900	0.0899	0.0901	0.0921	0.0903	0.0894	0.0898	0.0901	0.0889	0.0897	0.0901	0.0915	0.0896	0.0898	0.0888	0.0901	0.0885	0.0897	
0.0923	0.0925	0.0920	0.0933	0.0939	0.0927	0.0931	0.0941	0.0925	0.0924	0.0923	0.0938	0.0921	0.0926	0.0926	0.0929	0.0922	0.0918	0.0913	0.0920	0.0926	0.0935	0.0926	0.0929	0.0925	0.0918	0.0928	0.0915	0.0919	0.0914	0.0926	0.0925	0.0917	0.0927	0.0932	0.0919	0.0932	0.0917	0.0932	0.0926	0.0910	0.0923	0.0906	0.0928	0.0913	0.0921	0.0908	0.0984	0.0916	0.0924	0.0916	0.0925	0.0905	0.0916	0.0903	0.0918	0.0914	0.0922	0.0914	0.0921	0.0907	0.0923	0.0901	0.0922	
0.0929	0.0928	0.0926	0.0934	0.0941	0.0932	0.0923	0.0937	0.0925	0.0926	0.0919	0.0936	0.0922	0.0935	0.0930	0.0936	0.0924	0.0925	0.0915	0.0919	0.0918	0.0926	0.0923	0.0934	0.0929	0.0919	0.0932	0.0917	0.0919	0.0911	0.0928	0.0919	0.0893	0.0889	0.0905	0.0887	0.0898	0.0882	0.0913	0.0884	0.0879	0.0878	0.0878	0.0892	0.0880	0.0885	0.0869	0.1279	0.0892	0.0889	0.0885	0.0876	0.0882	0.0871	0.0875	0.0877	0.0884	0.0879	0.0879	0.0881	0.0876	0.0875	0.0872	0.0879	
0.0934	0.0939	0.0931	0.0938	0.0942	0.0936	0.0935	0.0945	0.0936	0.0930	0.0925	0.0937	0.0927	0.0940	0.0935	0.0940	0.0929	0.0928	0.0922	0.0924	0.0920	0.0933	0.0926	0.0936	0.0930	0.0920	0.0932	0.0918	0.0922	0.0919	0.0931	0.0925	0.0867	0.0853	0.0855	0.0857	0.0856	0.0850	0.0853	0.0859	0.0858	0.0848	0.0866	0.0860	0.0863	0.0851	0.0868	0.0855	0.0914	0.0854	0.0872	0.0841	0.0864	0.0855	0.0865	0.0839	0.0867	0.0853	0.0859	0.0846	0.0865	0.0840	0.0852	0.0847	
0.0939	0.0947	0.0930	0.0947	0.0947	0.0935	0.0937	0.0948	0.0934	0.0930	0.0927	0.0937	0.0929	0.0933	0.0929	0.0935	0.0928	0.0928	0.0923	0.0925	0.0916	0.0934	0.0932	0.0928	0.0934	0.0919	0.0939	0.0921	0.0926	0.0927	0.0932	0.0928	0.0898	0.0893	0.0887	0.0895	0.0882	0.0886	0.0888	0.0892	0.0889	0.0889	0.0894	0.0894	0.0887	0.0883	0.0898	0.1186	0.0897	0.0894	0.0901	0.0881	0.0890	0.0885	0.0887	0.0876	0.0884	0.0889	0.0895	0.0878	0.0889	0.0887	0.0883	0.0882	
0.0944	0.0950	0.0930	0.0948	0.0953	0.0946	0.0942	0.0949	0.0938	0.0933	0.0927	0.0941	0.0928	0.0938	0.0936	0.0934	0.0930	0.0970	0.0920	0.0928	0.0931	0.0929	0.0930	0.0935	0.0936	0.0928	0.0932	0.0919	0.0924	0.0920	0.0932	0.0927	0.0910	0.0915	0.0908	0.0909	0.0898	0.0902	0.0914	0.0908	0.0904	0.0907	0.0907	0.0907	0.0904	0.0900	0.0904	0.0909	0.0911	0.0910	0.0911	0.0896	0.0904	0.0902	0.0908	0.0889	0.0902	0.0907	0.0905	0.0893	0.0901	0.0900	0.0894	0.0894	
0.0950	0.0955	0.0937	0.0953	0.0955	0.0941	0.0942	0.0952	0.0941	0.0937	0.0929	0.0946	0.0930	0.0940	0.0937	0.0936	0.0934	0.0932	0.0923	0.0934	0.0927	0.0930	0.0932	0.0935	0.0939	0.0926	0.0940	0.0926	0.0923	0.0922	0.0936	0.0930	0.0917	0.0916	0.0921	0.0919	0.0904	0.0912	0.0920	0.0912	0.0912	0.0916	0.0908	0.0915	0.0908	0.0908	0.0910	0.0911	0.0914	0.0920	0.0912	0.0913	0.0907	0.0908	0.0898	0.0896	0.0906	0.0918	0.0903	0.0909	0.0894	0.0907	0.0895	0.0907	
0.0959	0.0958	0.0944	0.0956	0.0960	0.0950	0.0943	0.0952	0.0945	0.0942	0.0935	0.0950	0.0935	0.0944	0.0940	0.0943	0.0943	0.0937	0.0929	0.0935	0.0929	0.0940	0.0937	0.0937	0.0943	0.0933	0.0940	0.0926	0.0929	0.0925	0.0936	0.0944	0.0936	0.0944	0.0954	0.0945	0.0939	0.0938	0.0956	0.0941	0.0927	0.0943	0.0926	0.0953	0.0926	0.0935	0.0920	0.0939	0.0938	0.0950	0.0931	0.0937	0.0915	0.0938	0.0918	0.0928	0.0928	0.0947	0.0927	0.0939	0.0918	0.0936	0.0913	0.0926	
0.0964	0.0967	0.0948	0.0968	0.0963	0.0956	0.0946	0.0963	0.0950	0.0946	0.0939	0.0955	0.0939	0.0948	0.0939	0.0948	0.0950	0.0940	0.0931	0.0939	0.0940	0.0948	0.0935	0.0946	0.0950	0.0953	0.0942	0.0927	0.0928	0.0922	0.0940	0.0940	0.0873	0.0864	0.0860	0.0868	0.0851	0.0858	0.0871	0.0869	0.0870	0.0860	0.0873	0.0862	0.0875	0.0860	0.0883	0.0859	0.0882	0.0866	0.0885	0.0850	0.0874	0.0855	0.0873	0.0858	0.0878	0.0865	0.0868	0.0854	0.0868	0.0852	0.0865	0.0862	
0.0974	0.0973	0.0954	0.0970	0.0969	0.0954	0.0955	0.0966	0.0954	0.0947	0.0937	0.0956	0.0942	0.0958	0.0945	0.0948	0.0948	0.0949	0.0934	0.0939	0.0937	0.0940	0.0941	0.0949	0.0952	0.0939	0.0948	0.0928	0.0931	0.0929	0.0940	0.0936	0.0918	0.0916	0.0908	0.0924	0.0908	0.0911	0.0915	0.0908	0.0910	0.0913	0.0905	0.0905	0.0906	0.0911	0.0914	0.0916	0.0914	0.0921	0.0908	0.0909	0.0906	0.0906	0.0896	0.0901	0.0909	0.0907	0.0909	0.0902	0.0903	0.0901	0.0891	0.0896	
0.0979	0.0979	0.0956	0.0972	0.0979	0.0964	0.0955	0.0960	0.0961	0.0952	0.0935	0.0960	0.0948	0.0947	0.0948	0.0951	0.0952	0.0944	0.0937	0.0940	0.0937	0.0956	0.0933	0.0948	0.0961	0.0940	0.0952	0.0932	0.0935	0.0928	0.0945	0.0938	0.0927	0.0927	0.0927	0.0930	0.0923	0.0918	0.0930	0.0935	0.0923	0.0935	0.0916	0.0922	0.0908	0.0918	0.0911	0.0916	0.0921	0.0935	0.0915	0.0921	0.0914	0.0923	0.0901	0.0901	0.0912	0.0928	0.0906	0.0911	0.0907	0.0913	0.0897	0.0917	
0.0989	0.0994	0.0972	0.0984	0.0983	0.0978	0.0962	0.0970	0.0972	0.0956	0.0944	0.0968	0.0952	0.0956	0.0958	0.0946	0.0959	0.0955	0.0950	0.0952	0.0944	0.0947	0.0945	0.0951	0.0964	0.0950	0.0955	0.0936	0.0944	0.0934	0.0944	0.0950	0.0881	0.0868	0.0876	0.0876	0.0866	0.0844	0.0872	0.0868	0.0867	0.0859	0.0863	0.0872	0.0856	0.0858	0.0860	0.0856	0.0875	0.0865	0.0860	0.0851	0.0864	0.0858	0.0853	0.0842	0.0868	0.0856	0.0865	0.0848	0.0853	0.0862	0.0848	0.0856	
0.0994	0.0998	0.0972	0.0991	0.0980	0.0962	0.0959	0.0974	0.0977	0.0961	0.0946	0.0964	0.0948	0.0957	0.0953	0.0955	0.0957	0.0951	0.0947	0.0944	0.0939	0.0950	0.0941	0.0946	0.0964	0.0943	0.0955	0.0935	0.0943	0.0926	0.0945	0.0945	0.0926	0.0927	0.0916	0.0932	0.0917	0.0911	0.0921	0.0929	0.0923	0.0931	0.0917	0.0923	0.0921	0.0909	0.0915	0.0921	0.0927	0.0928	0.0922	0.0910	0.0920	0.0932	0.0915	0.0906	0.0924	0.0918	0.0908	0.0907	0.0915	0.0920	0.0902	0.0913	
0.1011	0.1016	0.0982	0.0996	0.0993	0.0978	0.0969	0.0988	0.0989	0.0968	0.0949	0.0974	0.0950	0.0969	0.0957	0.0957	0.0973	0.0962	0.0947	0.0955	0.0949	0.0955	0.0950	0.0963	0.0974	0.0961	0.0959	0.0941	0.0944	0.0939	0.0953	0.0944	0.0936	0.0941	0.0937	0.0945	0.0931	0.0930	0.0936	0.0935	0.0925	0.0939	0.0924	0.0936	0.0917	0.0922	0.0913	0.0975	0.0933	0.0946	0.0927	0.0921	0.0916	0.0925	0.0913	0.0915	0.0926	0.0938	0.0914	0.0920	0.0897	0.0917	0.0904	0.0914	
0.1026	0.1028	0.0992	0.1012	0.1008	0.0991	0.0977	0.0986	0.0996	0.0969	0.0960	0.0976	0.0954	0.0974	0.0962	0.0963	0.0976	0.1054	0.0954	0.0953	0.0949	0.0959	0.0954	0.0956	0.0979	0.0956	0.0970	0.0943	0.0950	0.0941	0.0955	0.0947	0.0906	0.0891	0.0898	0.0893	0.0898	0.0865	0.0901	0.0880	0.0890	0.0882	0.0883	0.0886	0.0868	0.0872	0.0870	0.1160	0.0896	0.0884	0.0880	0.0874	0.0872	0.0875	0.0880	0.0873	0.0890	0.0878	0.0880	0.0871	0.0873	0.0870	0.0862	0.0866	
0.1043	0.1047	0.1001	0.1028	0.1018	0.1004	0.0980	0.0998	0.1019	0.0985	0.0966	0.0978	0.0965	0.0974	0.0970	0.0965	0.0988	0.0972	0.0956	0.0963	0.0954	0.0958	0.0953	0.0965	0.0991	0.0968	0.0974	0.0958	0.0955	0.0940	0.0966	0.0949	0.0933	0.0919	0.0915	0.0919	0.0899	0.0903	0.0918	0.0907	0.0928	0.0912	0.0916	0.0913	0.0920	0.0909	0.0918	0.0904	0.0930	0.0917	0.0921	0.0898	0.0914	0.0901	0.0905	0.0899	0.0918	0.0906	0.0906	0.0897	0.0902	0.0904	0.0896	0.0895	
0.1068	0.1067	0.1015	0.1039	0.1026	0.1001	0.0986	0.1001	0.1014	0.0983	0.0975	0.0983	0.0972	0.0974	0.0963	0.0969	0.0995	0.0981	0.0964	0.0961	0.0961	0.0965	0.0958	0.0959	0.0989	0.0967	0.0971	0.0956	0.0960	0.0946	0.0959	0.0954	0.0949	0.0939	0.0928	0.0938	0.0922	0.0927	0.0936	0.0934	0.0938	0.0933	0.0929	0.0927	0.0929	0.0927	0.0923	0.0924	0.0938	0.0944	0.0927	0.0919	0.0923	0.0932	0.0911	0.0913	0.0935	0.0930	0.0922	0.0930	0.0923	0.0915	0.0912	0.0913	
0.1083	0.1078	0.1024	0.1047	0.1033	0.1014	0.0999	0.1017	0.1025	0.0991	0.0975	0.0990	0.0968	0.0978	0.0968	0.0976	0.1003	0.0984	0.0963	0.0969	0.0960	0.0961	0.0962	0.0981	0.1001	0.0969	0.0981	0.0956	0.0963	0.0949	0.0963	0.0952	0.0954	0.0963	0.0954	0.0957	0.0930	0.0945	0.0936	0.0935	0.0941	0.0967	0.0924	0.0941	0.0926	0.0939	0.0914	0.0929	0.0942	0.0966	0.0931	0.0938	0.0921	0.0940	0.0905	0.0919	0.0932	0.0957	0.0919	0.0944	0.0919	0.0921	0.0900	0.0923	
0.1112	0.1113	0.1047	0.1070	0.1052	0.1033	0.1008	0.1019	0.1045	0.1009	0.0987	0.1004	0.0977	0.0991	0.0973	0.0974	0.1017	0.0993	0.0972	0.0974	0.0961	0.0975	0.0966	0.0979	0.1009	0.0980	0.0987	0.0962	0.0973	0.0954	0.0977	0.0956	0.0947	0.0930	0.0941	0.0930	0.0932	0.0915	0.0948	0.0915	0.0927	0.0924	0.0910	0.0919	0.0904	0.0915	0.0907	0.0911	0.0937	0.0928	0.0902	0.0912	0.0905	0.0904	0.0900	0.0902	0.0929	0.0926	0.0914	0.0915	0.0909	0.0913	0.0890	0.0906	
0.1138	0.1126	0.1064	0.1095	0.1057	0.1043	0.1020	0.1018	0.1058	0.1020	0.0990	0.1004	0.0980	0.0986	0.0984	0.0980	0.1029	0.0997	0.0973	0.0980	0.0974	0.0968	0.0973	0.0976	0.1024	0.0988	0.0990	0.0966	0.0967	0.0956	0.0970	0.0964	0.0933	0.0908	0.0898	0.0915	0.0886	0.0898	0.0897	0.0899	0.0920	0.0902	0.0905	0.0900	0.0903	0.0893	0.0895	0.0889	0.0926	0.0907	0.0913	0.0887	0.0894	0.0894	0.0897	0.0880	0.0914	0.0899	0.0899	0.0890	0.0900	0.0885	0.0885	0.0884	
0.1163	0.1161	0.1078	0.1100	0.1083	0.1052	0.1021	0.1031	0.1073	0.1027	0.0996	0.1011	0.0986	0.1004	0.0977	0.0987	0.1035	0.1011	0.0981	0.0987	0.0973	0.0979	0.0964	0.0973	0.1034	0.0992	0.0997	0.0972	0.0968	0.0965	0.0970	0.0962	0.0962	0.0951	0.0925	0.0949	0.0921	0.0922	0.0929	0.0921	0.0953	0.0945	0.0933	0.0938	0.0929	0.0921	0.0926	0.0960	0.0951	0.0946	0.0926	0.0916	0.0924	0.0921	0.0912	0.0908	0.0942	0.0938	0.0921	0.0923	0.0916	0.0914	0.0914	0.0913	
0.1194	0.1191	0.1098	0.1127	0.1098	0.1061	0.1035	0.1042	0.1093	0.1032	0.1007	0.1018	0.1004	0.1006	0.0992	0.0992	0.1056	0.1109	0.0988	0.0988	0.0983	0.0983	0.0976	0.0984	0.1041	0.1001	0.1007	0.0980	0.0979	0.0962	0.0975	0.0965	0.0978	0.0966	0.0953	0.0955	0.0943	0.0939	0.0940	0.0941	0.0969	0.0958	0.0944	0.0953	0.0942	0.0941	0.0940	0.0945	0.0956	0.0964	0.0944	0.0937	0.0928	0.0932	0.0928	0.0925	0.0952	0.0953	0.0934	0.0947	0.0927	0.0934	0.0922	0.0924	
0.1231	0.1216	0.1121	0.1149	0.1110	0.1081	0.1051	0.1052	0.1109	0.1045	0.1016	0.1039	0.1002	0.1008	0.0997	0.0996	0.1065	0.1021	0.0997	0.0993	0.0978	0.0985	0.0978	0.0985	0.1051	0.1008	0.1008	0.0984	0.0984	0.0969	0.0979	0.0969	0.1008	0.1004	0.0989	0.1000	0.0984	0.0982	0.0987	0.0978	0.0994	0.1004	0.0972	0.0984	0.0957	0.0983	0.0953	0.0973	0.0992	0.0994	0.0968	0.0980	0.0956	0.0979	0.0951	0.0964	0.0979	0.0987	0.0970	0.0982	0.0955	0.0972	0.0944	0.0961	
0.1282	0.1266	0.1141	0.1173	0.1136	0.1100	0.1064	0.1057	0.1139	0.1052	0.1021	0.1037	0.1012	0.1016	0.0993	0.1000	0.1084	0.1037	0.1000	0.1002	0.0978	0.0988	0.0981	0.0986	0.1066	0.1016	0.1023	0.0989	0.0991	0.0978	0.0978	0.0968	0.0959	0.0913	0.0900	0.0920	0.0889	0.0901	0.0899	0.0903	0.0942	0.0914	0.0917	0.0910	0.0912	0.0896	0.0904	0.0898	0.0945	0.0909	0.0919	0.0886	0.0904	0.0894	0.0902	0.0875	0.0935	0.0904	0.0905	0.0893	0.0906	0.0894	0.0896	0.0883	
0.1327	0.1296	0.1169	0.1206	0.1148	0.1128	0.1070	0.1073	0.1166	0.1075	0.1035	0.1047	0.1015	0.1026	0.1005	0.0999	0.1092	0.1040	0.1003	0.1004	0.0987	0.0993	0.0981	0.0989	0.1070	0.1026	0.1021	0.0990	0.0998	0.0976	0.0973	0.0971	0.0994	0.0960	0.0937	0.0951	0.0923	0.0939	0.0927	0.0943	0.0976	0.0955	0.0942	0.0936	0.0940	0.0935	0.0937	0.0966	0.1006	0.0956	0.0943	0.0928	0.0930	0.0925	0.0930	0.0922	0.0957	0.0945	0.0927	0.0930	0.0927	0.0918	0.0916	0.0919	
0.1378	0.1341	0.1205	0.1239	0.1178	0.1123	0.1070	0.1079	0.1191	0.1085	0.1044	0.1049	0.1024	0.1030	0.0999	0.1001	0.1111	0.1043	0.1010	0.1012	0.0990	0.0998	0.0986	0.1003	0.1103	0.1028	0.1033	0.0999	0.0993	0.0979	0.0981	0.0980	0.1001	0.0975	0.0952	0.0964	0.0935	0.0942	0.0944	0.0952	0.0983	0.0970	0.0942	0.0952	0.0939	0.0936	0.0936	0.1096	0.0977	0.0962	0.0950	0.0939	0.0937	0.0935	0.0931	0.0926	0.0967	0.0956	0.0939	0.0940	0.0928	0.0932	0.0918	0.0922	
0.1441	0.1410	0.1228	0.1261	0.1193	0.1157	0.1086	0.1088	0.1215	0.1091	0.1049	0.1063	0.1030	0.1035	0.1006	0.1003	0.1122	0.1056	0.1021	0.1015	0.0991	0.0997	0.0984	0.1003	0.1102	0.1039	0.1032	0.1002	0.0992	0.0983	0.0983	0.0975	0.1016	0.0973	0.0952	0.0973	0.0944	0.0946	0.0951	0.0953	0.1005	0.0974	0.0952	0.0962	0.0949	0.0949	0.0942	0.0940	0.0993	0.0975	0.0952	0.0943	0.0947	0.0946	0.0934	0.0935	0.0982	0.0964	0.0941	0.0948	0.0926	0.0937	0.0928	0.0930	
0.1519	0.1484	0.1267	0.1317	0.1235	0.1169	0.1097	0.1105	0.1242	0.1113	0.1066	0.1069	0.1038	0.1045	0.1004	0.1012	0.1155	0.1168	0.1028	0.1026	0.1000	0.1001	0.0987	0.0997	0.1119	0.1044	0.1048	0.1012	0.1002	0.0990	0.0989	0.0980	0.1028	0.0991	0.0968	0.0981	0.0954	0.0951	0.0955	0.0956	0.1008	0.0979	0.0958	0.0969	0.0952	0.0953	0.0943	0.0959	0.1002	0.0984	0.0955	0.0953	0.0950	0.0941	0.0940	0.0931	0.0986	0.0969	0.0942	0.0949	0.0937	0.0950	0.0935	0.0932	
0.1596	0.1549	0.1317	0.1369	0.1267	0.1200	0.1124	0.1128	0.1285	0.1121	0.1077	0.1084	0.1045	0.1047	0.1022	0.1019	0.1171	0.1078	0.1037	0.1027	0.1006	0.1012	0.1000	0.1003	0.1154	0.1054	0.1055	0.1022	0.1005	0.0997	0.0993	0.0989	0.1045	0.0995	0.0976	0.0988	0.0961	0.0966	0.0978	0.0969	0.1019	0.0987	0.0965	0.0974	0.0954	0.0962	0.0955	0.1029	0.1030	0.0997	0.0963	0.0956	0.0951	0.0957	0.0944	0.0940	0.0992	0.0977	0.0951	0.0959	0.0948	0.0947	0.0933	0.0944	
0.1701	0.1636	0.1378	0.1416	0.1300	0.1237	0.1143	0.1134	0.1341	0.1144	0.1084	0.1089	0.1061	0.1060	0.1026	0.1013	0.1205	0.1088	0.1037	0.1040	0.1010	0.1022	0.0998	0.1007	0.1167	0.1070	0.1062	0.1037	0.1017	0.0999	0.0999	0.0988	0.1066	0.1019	0.0999	0.0996	0.0976	0.0978	0.0974	0.0976	0.1035	0.1011	0.0970	0.0983	0.0963	0.0967	0.0951	0.1115	0.1021	0.1005	0.0963	0.0974	0.0955	0.0962	0.0948	0.0953	0.0999	0.0991	0.0956	0.0965	0.0950	0.0967	0.0936	0.0945	
0.1770	0.1714	0.1423	0.1470	0.1338	0.1258	0.1158	0.1169	0.1379	0.1160	0.1100	0.1104	0.1066	0.1058	0.1031	0.1024	0.1232	0.1107	0.1046	0.1042	0.1017	0.1018	0.0999	0.1013	0.1185	0.1074	0.1071	0.1036	0.1025	0.0998	0.0998	0.0993	0.1080	0.1027	0.1016	0.1012	0.1005	0.1007	0.1004	0.0995	0.1049	0.1030	0.0983	0.1009	0.0974	0.0988	0.0973	0.0987	0.1044	0.1025	0.0989	0.0997	0.0977	0.0992	0.0963	0.0974	0.1024	0.1012	0.0975	0.0998	0.0969	0.0989	0.0955	0.0971	
0.1918	0.1809	0.1479	0.1542	0.1379	0.1287	0.1179	0.1169	0.1420	0.1183	0.1113	0.1117	0.1078	0.1073	0.1030	0.1034	0.1268	0.1210	0.1058	0.1056	0.1022	0.1045	0.1007	0.1011	0.1209	0.1088	0.1081	0.1054	0.1035	0.1011	0.1007	0.0991	0.1053	0.0984	0.0978	0.0962	0.0961	0.0953	0.0957	0.0939	0.1022	0.0976	0.0943	0.0961	0.0945	0.0952	0.0931	0.0997	0.1011	0.0965	0.0943	0.0941	0.0933	0.0943	0.0923	0.0921	0.0988	0.0959	0.0935	0.0946	0.0926	0.0941	0.0919	0.0927	
0.2038	0.1918	0.1549	0.1605	0.1424	0.1323	0.1201	0.1193	0.1493	0.1200	0.1128	0.1129	0.1083	0.1080	0.1040	0.1030	0.1294	0.1222	0.1071	0.1053	0.1034	0.1033	0.1009	0.1018	0.1238	0.1091	0.1079	0.1060	0.1030	0.1013	0.1009	0.0996	0.1128	0.0951	0.0924	0.0948	0.0903	0.0917	0.0912	0.0915	0.1011	0.0945	0.0929	0.0926	0.0924	0.0913	0.0917	0.1213	0.1003	0.0940	0.0924	0.0908	0.0922	0.0901	0.0898	0.0889	0.0982	0.0924	0.0914	0.0908	0.0909	0.0905	0.0898	0.0883	
0.2192	0.2031	0.1634	0.1711	0.1480	0.1358	0.1232	0.1205	0.1546	0.1218	0.1133	0.1144	0.1093	0.1096	0.1045	0.1039	0.1322	0.1240	0.1078	0.1063	0.1043	0.1037	0.1019	0.1016	0.1259	0.1105	0.1096	0.1061	0.1040	0.1015	0.1011	0.1006	0.1089	0.1002	0.0967	0.0979	0.0941	0.0951	0.0950	0.0947	0.1050	0.0983	0.0957	0.0963	0.0952	0.0943	0.0949	0.0942	0.1041	0.0975	0.0956	0.0947	0.0950	0.0939	0.0936	0.0927	0.1014	0.0957	0.0943	0.0943	0.0941	0.0930	0.0923	0.0929	
0.2401	0.2167	0.1712	0.1762	0.1536	0.1411	0.1265	0.1225	0.1598	0.1253	0.1156	0.1147	0.1104	0.1097	0.1063	0.1044	0.1354	0.1252	0.1077	0.1063	0.1041	0.1045	0.1020	0.1016	0.1278	0.1108	0.1101	0.1060	0.1043	0.1021	0.1020	0.0996	0.1117	0.1016	0.0990	0.1002	0.0969	0.0974	0.0973	0.0968	0.1082	0.1017	0.0982	0.0988	0.0965	0.0969	0.0961	0.0983	0.1060	0.1006	0.0974	0.0967	0.0964	0.0958	0.0949	0.0944	0.1029	0.0989	0.0965	0.0966	0.0953	0.0954	0.0938	0.0946	
0.2532	0.2334	0.1790	0.1847	0.1597	0.1442	0.1287	0.1243	0.1656	0.1270	0.1171	0.1172	0.1122	0.1104	0.1066	0.1052	0.1400	0.1250	0.1089	0.1070	0.1056	0.1041	0.1023	0.1025	0.1314	0.1121	0.1107	0.1078	0.1048	0.1029	0.1021	0.1000	0.1134	0.1036	0.1002	0.1015	0.0973	0.0992	0.0978	0.0975	0.1089	0.1033	0.0973	0.0995	0.0961	0.0972	0.0955	0.0960	0.1064	0.1023	0.0971	0.0980	0.0959	0.0980	0.0946	0.0954	0.1034	0.1004	0.0964	0.0978	0.0946	0.0974	0.0937	0.0935	
0.2764	0.2511	0.1901	0.1954	0.1680	0.1501	0.1307	0.1265	0.1749	0.1292	0.1178	0.1175	0.1132	0.1114	0.1064	0.1048	0.1462	0.1191	0.1100	0.1082	0.1061	0.1053	0.1021	0.1024	0.1346	0.1132	0.1118	0.1084	0.1062	0.1028	0.1015	0.0994	0.1097	0.0961	0.0937	0.0947	0.0920	0.0911	0.0909	0.0918	0.1037	0.0948	0.0928	0.0932	0.0916	0.0913	0.0907	0.0942	0.1014	0.0944	0.0917	0.0913	0.0914	0.0904	0.0893	0.0896	0.0992	0.0927	0.0913	0.0911	0.0900	0.0897	0.0892	0.0879	
0.2990	0.2666	0.2022	0.2093	0.1762	0.1565	0.1358	0.1296	0.1814	0.1318	0.1192	0.1185	0.1137	0.1123	0.1087	0.1063	0.1493	0.1201	0.1112	0.1091	0.1080	0.1076	0.1060	0.1029	0.1383	0.1142	0.1136	0.1096	0.1074	0.1041	0.1030	0.1005	0.1166	0.1022	0.0981	0.0995	0.0963	0.0973	0.0961	0.0960	0.1108	0.1011	0.0979	0.0980	0.0961	0.0965	0.0957	0.0951	0.1075	0.1003	0.0969	0.0967	0.0957	0.0955	0.0946	0.0939	0.1044	0.0985	0.0960	0.0953	0.0941	0.0955	0.0936	0.0937	
0.3230	0.2859	0.2151	0.2202	0.1835	0.1614	0.1376	0.1328	0.1909	0.1342	0.1208	0.1202	0.1148	0.1131	0.1073	0.1062	0.1530	0.1216	0.1119	0.1099	0.1075	0.1070	0.1033	0.1033	0.1406	0.1160	0.1137	0.1096	0.1072	0.1043	0.1026	0.1005	0.1200	0.1046	0.1011	0.1024	0.0986	0.0997	0.0989	0.0987	0.1138	0.1038	0.0988	0.1008	0.0981	0.0989	0.0974	0.0975	0.1104	0.1031	0.0987	0.0985	0.0969	0.0986	0.0964	0.0960	0.1076	0.1008	0.0976	0.0981	0.0966	0.0973	0.0949	0.0951	
0.3529	0.3141	0.2284	0.2335	0.1916	0.1678	0.1426	0.1351	0.2016	0.1368	0.1234	0.1218	0.1162	0.1148	0.1091	0.1079	0.1603	0.1236	0.1126	0.1102	0.1093	0.1075	0.1038	0.1038	0.1454	0.1165	0.1144	0.1110	0.1078	0.1054	0.1040	0.1011	0.1172	0.1013	0.0993	0.0986	0.0972	0.0963	0.0971	0.0960	0.1110	0.0993	0.0962	0.0976	0.0952	0.0958	0.0939	0.0951	0.1082	0.0987	0.0954	0.0961	0.0941	0.0944	0.0924	0.0933	0.1045	0.0969	0.0956	0.0958	0.0942	0.0941	0.0921	0.0926	
0.3828	0.3367	0.2412	0.2467	0.2023	0.1750	0.1466	0.1382	0.2122	0.1381	0.1250	0.1223	0.1174	0.1152	0.1103	0.1074	0.1643	0.1259	0.1135	0.1115	0.1099	0.1076	0.1048	0.1039	0.1491	0.1176	0.1151	0.1118	0.1085	0.1055	0.1038	0.1015	0.1212	0.1027	0.0990	0.1004	0.0966	0.0969	0.0963	0.0962	0.1138	0.1023	0.0984	0.0984	0.0980	0.0961	0.0964	0.0967	0.1109	0.1001	0.0980	0.0960	0.0969	0.0952	0.0947	0.0927	0.1068	0.0978	0.0964	0.0957	0.0946	0.0952	0.0933	0.0929	
0.4169	0.3694	0.2588	0.2645	0.2140	0.1821	0.1516	0.1412	0.2228	0.1436	0.1264	0.1241	0.1191	0.1159	0.1118	0.1077	0.1706	0.1267	0.1139	0.1116	0.1105	0.1083	0.1053	0.1035	0.1528	0.1185	0.1160	0.1120	0.1089	0.1063	0.1038	0.1016	0.1258	0.1055	0.1015	0.1030	0.0986	0.1000	0.0994	0.0983	0.1178	0.1048	0.0996	0.1015	0.0989	0.0989	0.0981	0.0976	0.1135	0.1027	0.0986	0.0994	0.0976	0.0978	0.0960	0.0952	0.1088	0.1011	0.0980	0.0990	0.0966	0.0976	0.0947	0.0947	
0.4531	0.3987	0.2733	0.2819	0.2238	0.1904	0.1538	0.1449	0.2352	0.1452	0.1275	0.1252	0.1201	0.1177	0.1120	0.1087	0.1767	0.1283	0.1156	0.1129	0.1107	0.1090	0.1055	0.1046	0.1572	0.1195	0.1173	0.1128	0.1096	0.1063	0.1054	0.1015	0.1276	0.1080	0.1041	0.1035	0.1015	0.1029	0.1012	0.1005	0.1191	0.1072	0.1008	0.1032	0.0992	0.1012	0.0978	0.1002	0.1146	0.1054	0.1001	0.1014	0.0982	0.0999	0.0973	0.0978	0.1097	0.1041	0.0993	0.1015	0.0969	0.0994	0.0957	0.0961	
0.4894	0.4239	0.2919	0.2982	0.2374	0.1997	0.1605	0.1496	0.2468	0.1489	0.1293	0.1261	0.1217	0.1182	0.1126	0.1090	0.1832	0.1289	0.1158	0.1129	0.1119	0.1098	0.1057	0.1045	0.1607	0.1205	0.1178	0.1137	0.1106	0.1075	0.1052	0.1018	0.1256	0.0996	0.0960	0.0980	0.0940	0.0948	0.0935	0.0932	0.1158	0.0984	0.0954	0.0961	0.0946	0.0933	0.0924	0.0921	0.1105	0.0968	0.0950	0.0934	0.0937	0.0920	0.0918	0.0906	0.1056	0.0949	0.0937	0.0924	0.0925	0.0912	0.0911	0.0900	
0.5247	0.4505	0.3130	0.3158	0.2503	0.2080	0.1677	0.1538	0.2622	0.1510	0.1315	0.1279	0.1226	0.1195	0.1138	0.1102	0.1919	0.1306	0.1164	0.1140	0.1127	0.1099	0.1072	0.1047	0.1665	0.1220	0.1187	0.1143	0.1106	0.1071	0.1060	0.1014	0.1311	0.1048	0.1005	0.1020	0.0981	0.0994	0.0978	0.0973	0.1213	0.1033	0.0996	0.0991	0.0988	0.0976	0.0967	0.1026	0.1155	0.1018	0.0987	0.0977	0.0975	0.0963	0.0958	0.0941	0.1102	0.1000	0.0970	0.0970	0.0954	0.0956	0.0945	0.0926	
0.5575	0.4854	0.3332	0.3359	0.2620	0.2185	0.1721	0.1580	0.2762	0.1533	0.1326	0.1286	0.1233	0.1208	0.1143	0.1118	0.1980	0.1321	0.1177	0.1147	0.1131	0.1108	0.1068	0.1056	0.1721	0.1227	0.1193	0.1145	0.1114	0.1077	0.1058	0.1020	0.1354	0.1066	0.1034	0.1041	0.1010	0.1010	0.0998	0.0994	0.1239	0.1052	0.1009	0.1015	0.0995	0.0997	0.0981	0.0987	0.1188	0.1048	0.1001	0.1000	0.0982	0.0989	0.0967	0.0963	0.1126	0.1022	0.0984	0.0994	0.0976	0.0983	0.0951	0.0955	
0.5903	0.5133	0.3576	0.3582	0.2775	0.2289	0.1796	0.1631	0.2906	0.1584	0.1340	0.1301	0.1250	0.1218	0.1157	0.1116	0.2047	0.1348	0.1182	0.1154	0.1136	0.1113	0.1071	0.1053	0.1777	0.1235	0.1205	0.1160	0.1117	0.1084	0.1054	0.1032	0.1303	0.0999	0.0982	0.0976	0.0961	0.0953	0.0961	0.0941	0.1192	0.0980	0.0952	0.0962	0.0945	0.0946	0.0929	0.0934	0.1128	0.0966	0.0947	0.0944	0.0932	0.0927	0.0925	0.0911	0.1073	0.0951	0.0940	0.0945	0.0923	0.0924	0.0910	0.0906	
0.6156	0.5401	0.3804	0.3813	0.2931	0.2408	0.1863	0.1676	0.3047	0.1598	0.1361	0.1309	0.1249	0.1228	0.1164	0.1134	0.2138	0.1344	0.1185	0.1165	0.1149	0.1123	0.1082	0.1061	0.1829	0.1246	0.1214	0.1168	0.1123	0.1091	0.1062	0.1030	0.1387	0.1059	0.1010	0.1032	0.0994	0.1004	0.0990	0.0986	0.1268	0.1050	0.1005	0.1012	0.0993	0.0983	0.0983	0.0977	0.1190	0.1027	0.0995	0.0984	0.0980	0.0979	0.0967	0.0954	0.1135	0.1005	0.0981	0.0983	0.0972	0.0974	0.0947	0.0943	
0.6367	0.5686	0.4065	0.4050	0.3106	0.2508	0.1938	0.1717	0.3184	0.1616	0.1370	0.1325	0.1262	0.1234	0.1169	0.1123	0.2216	0.1472	0.1189	0.1163	0.1148	0.1125	0.1083	0.1059	0.1872	0.1245	0.1215	0.1170	0.1132	0.1094	0.1066	0.1036	0.1414	0.1090	0.1052	0.1053	0.1023	0.1032	0.1019	0.1004	0.1286	0.1081	0.1020	0.1045	0.0999	0.1019	0.0986	0.0997	0.1216	0.1059	0.1012	0.1023	0.0989	0.1016	0.0972	0.0972	0.1148	0.1039	0.1005	0.1020	0.0981	0.1005	0.0963	0.0971	
0.6635	0.5914	0.4299	0.4259	0.3267	0.2644	0.2007	0.1773	0.3346	0.1651	0.1381	0.1335	0.1274	0.1242	0.1182	0.1135	0.2291	0.1365	0.1197	0.1162	0.1157	0.1131	0.1078	0.1060	0.1937	0.1262	0.1229	0.1176	0.1141	0.1101	0.1069	0.1034	0.1439	0.1044	0.1000	0.1028	0.0983	0.0992	0.1003	0.0989	0.1305	0.1023	0.1006	0.1007	0.0997	0.0983	0.0985	0.0989	0.1248	0.1010	0.1017	0.0984	0.0979	0.0970	0.0965	0.0959	0.1159	0.0986	0.0985	0.0979	0.0975	0.0960	0.0944	0.0948	
0.6889	0.6176	0.4500	0.4477	0.3431	0.2768	0.2055	0.1820	0.3519	0.1670	0.1383	0.1336	0.1280	0.1251	0.1182	0.1138	0.2378	0.1379	0.1206	0.1174	0.1170	0.1136	0.1087	0.1075	0.1987	0.1267	0.1234	0.1184	0.1139	0.1101	0.1073	0.1039	0.1482	0.1065	0.1026	0.1044	0.1014	0.1008	0.1017	0.0997	0.1325	0.1053	0.1003	0.1029	0.1001	0.1002	0.0979	0.0980	0.1239	0.1040	0.1006	0.1002	0.0981	0.0989	0.0971	0.0964	0.1169	0.1019	0.0987	0.0991	0.0973	0.0984	0.0949	0.0972	
0.7149	0.6445	0.4812	0.4747	0.3646	0.2921	0.2176	0.1866	0.3705	0.1704	0.1395	0.1353	0.1295	0.1252	0.1192	0.1149	0.2463	0.1387	0.1214	0.1182	0.1167	0.1137	0.1083	0.1071	0.2019	0.1276	0.1248	0.1189	0.1146	0.1111	0.1074	0.1044	0.1522	0.1099	0.1076	0.1070	0.1055	0.1054	0.1040	0.1032	0.1360	0.1085	0.1038	0.1063	0.1030	0.1042	0.1006	0.1025	0.1273	0.1076	0.1028	0.1048	0.1009	0.1037	0.0994	0.1000	0.1190	0.1052	0.1017	0.1046	0.1006	0.1026	0.0984	0.1003	
0.7370	0.6699	0.5010	0.4959	0.3800	0.3056	0.2261	0.1923	0.3876	0.1732	0.1414	0.1354	0.1299	0.1262	0.1194	0.1146	0.2560	0.1482	0.1209	0.1188	0.1176	0.1145	0.1098	0.1069	0.2088	0.1283	0.1246	0.1192	0.1145	0.1115	0.1080	0.1042	0.1494	0.1017	0.0977	0.0991	0.0954	0.0963	0.0951	0.0949	0.1322	0.0985	0.0965	0.0978	0.0965	0.0950	0.0946	0.0931	0.1220	0.0978	0.0965	0.0955	0.0947	0.0931	0.0941	0.0899	0.1139	0.0956	0.0950	0.0948	0.0940	0.0927	0.0913	0.0897	
0.7473	0.6921	0.5250	0.5215	0.4017	0.3198	0.2348	0.1998	0.4048	0.1764	0.1425	0.1372	0.1305	0.1274	0.1212	0.1165	0.2635	0.1487	0.1219	0.1189	0.1182	0.1149	0.1095	0.1074	0.2158	0.1291	0.1253	0.1208	0.1153	0.1123	0.1090	0.1049	0.1571	0.1074	0.1028	0.1044	0.0999	0.1018	0.1004	0.0992	0.1384	0.1048	0.1010	0.1020	0.1012	0.1002	0.0992	0.0984	0.1273	0.1035	0.1007	0.1004	0.0994	0.0995	0.0973	0.0966	0.1187	0.1015	0.0994	0.0998	0.0981	0.0988	0.0960	0.0951	
0.7612	0.7100	0.5502	0.5435	0.4212	0.3363	0.2440	0.2059	0.4228	0.1773	0.1431	0.1370	0.1315	0.1280	0.1223	0.1164	0.2751	0.1505	0.1224	0.1200	0.1194	0.1162	0.1101	0.1082	0.2212	0.1309	0.1269	0.1217	0.1164	0.1122	0.1089	0.1058	0.1564	0.1094	0.1060	0.1072	0.1045	0.1051	0.1046	0.1025	0.1396	0.1079	0.1026	0.1053	0.1026	0.1034	0.1002	0.1014	0.1288	0.1061	0.1033	0.1043	0.1004	0.1020	0.0995	0.0995	0.1201	0.1044	0.1015	0.1032	0.1008	0.1021	0.0979	0.0982	
0.7623	0.7328	0.5693	0.5657	0.4397	0.3525	0.2550	0.2130	0.4418	0.1802	0.1432	0.1375	0.1318	0.1285	0.1218	0.1169	0.2824	0.1511	0.1234	0.1199	0.1198	0.1159	0.1103	0.1081	0.2282	0.1310	0.1267	0.1207	0.1167	0.1131	0.1089	0.1054	0.1609	0.1045	0.1007	0.1026	0.0985	0.0989	0.0980	0.0974	0.1410	0.1019	0.1002	0.1003	0.0994	0.0984	0.0972	0.1271	0.1291	0.1008	0.0998	0.0975	0.0983	0.0969	0.0967	0.0934	0.1198	0.0985	0.0980	0.0972	0.0972	0.0966	0.0936	0.0929	
0.7642	0.7427	0.5912	0.5843	0.4600	0.3670	0.2650	0.2185	0.4586	0.1801	0.1448	0.1389	0.1327	0.1292	0.1229	0.1177	0.2963	0.1521	0.1239	0.1206	0.1203	0.1170	0.1113	0.1088	0.2335	0.1320	0.1268	0.1220	0.1175	0.1132	0.1096	0.1056	0.1665	0.1072	0.1036	0.1055	0.1020	0.1022	0.1010	0.1007	0.1463	0.1058	0.1018	0.1033	0.1024	0.1017	0.0986	0.1003	0.1323	0.1044	0.1009	0.1018	0.1001	0.1001	0.0981	0.0972	0.1224	0.1019	0.1000	0.1007	0.0985	0.0991	0.0956	0.0962	
0.7675	0.7569	0.6135	0.6062	0.4822	0.3828	0.2771	0.2255	0.4728	0.1820	0.1459	0.1392	0.1334	0.1304	0.1237	0.1186	0.3040	0.1548	0.1245	0.1215	0.1210	0.1172	0.1116	0.1097	0.2413	0.1331	0.1282	0.1233	0.1213	0.1139	0.1101	0.1062	0.1677	0.1084	0.1068	0.1057	0.1048	0.1052	0.1047	0.1029	0.1458	0.1064	0.1025	0.1058	0.1028	0.1040	0.1008	0.1453	0.1330	0.1053	0.1026	0.1039	0.1014	0.1023	0.0994	0.0992	0.1227	0.1035	0.1012	0.1040	0.1007	0.1025	0.0978	0.0975	
0.7708	0.7632	0.6315	0.6278	0.5025	0.4001	0.2860	0.2318	0.4939	0.1859	0.1460	0.1399	0.1347	0.1309	0.1244	0.1195	0.3095	0.1552	0.1254	0.1219	0.1208	0.1175	0.1128	0.1092	0.2469	0.1334	0.1288	0.1230	0.1188	0.1145	0.1103	0.1070	0.1716	0.1051	0.1016	0.1045	0.1000	0.1010	0.0993	0.1002	0.1481	0.1028	0.1011	0.1018	0.1025	0.0999	0.0996	0.0984	0.1334	0.1016	0.1005	0.1001	0.1001	0.0994	0.0980	0.0954	0.1222	0.0995	0.0993	0.0985	0.0988	0.0972	0.0966	0.0941	
0.7698	0.7724	0.6486	0.6515	0.5212	0.4146	0.3000	0.2412	0.5123	0.1885	0.1475	0.1410	0.1354	0.1321	0.1251	0.1202	0.3238	0.1574	0.1259	0.1227	0.1215	0.1180	0.1122	0.1099	0.2515	0.1348	0.1295	0.1241	0.1191	0.1149	0.1103	0.1068	0.1766	0.1075	0.1044	0.1052	0.1030	0.1035	0.1014	0.1002	0.1515	0.1053	0.1016	0.1038	0.1022	0.1026	0.1007	0.0995	0.1353	0.1040	0.1019	0.1022	0.1011	0.1015	0.0982	0.0970	0.1245	0.1019	0.1004	0.1012	0.0985	0.1013	0.0960	0.0963	
0.7801	0.7770	0.6676	0.6653	0.5392	0.4318	0.3121	0.2476	0.5290	0.1889	0.1480	0.1412	0.1352	0.1320	0.1259	0.1201	0.3317	0.1588	0.1267	0.1231	0.1225	0.1186	0.1134	0.1101	0.2585	0.1362	0.1309	0.1254	0.1195	0.1149	0.1114	0.1071	0.1705	0.1016	0.1008	0.0995	0.0979	0.0974	0.0976	0.0956	0.1454	0.0996	0.0969	0.0985	0.0972	0.0964	0.0957	0.0954	0.1304	0.0979	0.0963	0.0973	0.0956	0.0961	0.0936	0.0924	0.1194	0.0962	0.0958	0.0959	0.0940	0.0949	0.0919	0.0916	
0.7785	0.7798	0.6785	0.6831	0.5576	0.4485	0.3182	0.2559	0.5454	0.1925	0.1484	0.1419	0.1365	0.1328	0.1260	0.1214	0.3432	0.1599	0.1268	0.1238	0.1226	0.1187	0.1127	0.1101	0.2645	0.1370	0.1313	0.1251	0.1201	0.1161	0.1110	0.1072	0.1806	0.1047	0.1008	0.1032	0.0995	0.1005	0.0995	0.0978	0.1532	0.1031	0.0999	0.1014	0.0997	0.0996	0.0979	0.1007	0.1364	0.1010	0.1001	0.0992	0.0991	0.0977	0.0967	0.0950	0.1246	0.0990	0.0990	0.0997	0.0977	0.0979	0.0949	0.0942	
0.7803	0.7785	0.6937	0.6999	0.5744	0.4658	0.3329	0.2653	0.5630	0.1937	0.1491	0.1418	0.1363	0.1334	0.1258	0.1213	0.3534	0.1490	0.1278	0.1240	0.1228	0.1196	0.1137	0.1103	0.2725	0.1372	0.1316	0.1258	0.1212	0.1169	0.1120	0.1076	0.1845	0.1074	0.1047	0.1066	0.1025	0.1042	0.1021	0.1010	0.1563	0.1059	0.1017	0.1044	0.1022	0.1031	0.1003	0.1002	0.1388	0.1043	0.1018	0.1023	0.1010	0.1014	0.0989	0.0971	0.1269	0.1023	0.1005	0.1015	0.0998	0.1009	0.0969	0.0961	
0.7843	0.7863	0.7039	0.7172	0.5908	0.4867	0.3485	0.2729	0.5857	0.1935	0.1504	0.1429	0.1372	0.1333	0.1268	0.1219	0.3649	0.1478	0.1286	0.1245	0.1239	0.1202	0.1128	0.1106	0.2789	0.1381	0.1327	0.1257	0.1209	0.1163	0.1116	0.1081	0.1812	0.0996	0.0982	0.0989	0.0960	0.0967	0.0971	0.0932	0.1519	0.0972	0.0964	0.0973	0.0960	0.0950	0.0946	0.0935	0.1342	0.0961	0.0958	0.0956	0.0946	0.0940	0.0932	0.0900	0.1210	0.0943	0.0944	0.0950	0.0942	0.0934	0.0916	0.0903	
0.7836	0.7861	0.7168	0.7352	0.6051	0.4987	0.3617	0.2786	0.6023	0.1960	0.1512	0.1442	0.1377	0.1341	0.1269	0.1231	0.3725	0.1459	0.1285	0.1248	0.1239	0.1206	0.1139	0.1110	0.2829	0.1391	0.1334	0.1270	0.1211	0.1165	0.1121	0.1084	0.1900	0.1026	0.1002	0.1022	0.0987	0.1005	0.0987	0.0974	0.1591	0.1007	0.0994	0.0998	0.1005	0.0982	0.0987	0.0969	0.1398	0.0995	0.0999	0.0984	0.0992	0.0979	0.0964	0.0936	0.1267	0.0975	0.0986	0.0974	0.0975	0.0960	0.0951	0.0923	
0.7900	0.7887	0.7153	0.7417	0.6190	0.5135	0.3709	0.2867	0.6191	0.1964	0.1521	0.1447	0.1386	0.1343	0.1275	0.1231	0.3861	0.1464	0.1292	0.1253	0.1248	0.1208	0.1144	0.1117	0.2897	0.1402	0.1335	0.1270	0.1215	0.1171	0.1125	0.1083	0.1960	0.1036	0.1008	0.1047	0.1000	0.1014	0.0991	0.1006	0.1619	0.1022	0.1013	0.1024	0.1010	0.1002	0.0998	0.0990	0.1409	0.1008	0.1007	0.1003	0.0997	0.0995	0.0979	0.0952	0.1285	0.0996	0.0997	0.0997	0.0987	0.0982	0.0965	0.0939	
0.7930	0.7895	0.7201	0.7539	0.6326	0.5268	0.3824	0.2931	0.6374	0.1984	0.1531	0.1449	0.1393	0.1350	0.1281	0.1226	0.3962	0.1476	0.1297	0.1257	0.1250	0.1206	0.1146	0.1112	0.2963	0.1403	0.1346	0.1270	0.1214	0.1174	0.1125	0.1092	0.1969	0.1040	0.1008	0.1028	0.0998	0.1016	0.0991	0.0981	0.1634	0.1022	0.1003	0.1012	0.1007	0.1001	0.0976	0.0974	0.1419	0.1014	0.1000	0.0995	0.0993	0.0996	0.0969	0.0945	0.1283	0.0995	0.0986	0.0988	0.0981	0.0984	0.0948	0.0938	
0.7938	0.7867	0.7203	0.7562	0.6407	0.5423	0.3958	0.3032	0.6463	0.1998	0.1534	0.1453	0.1398	0.1357	0.1285	0.1244	0.4038	0.1480	0.1311	0.1267	0.1259	0.1218	0.1157	0.1121	0.3031	0.1415	0.1350	0.1280	0.1226	0.1180	0.1127	0.1093	0.2014	0.1062	0.1027	0.1058	0.1021	0.1031	0.1028	0.1008	0.1664	0.1041	0.1011	0.1039	0.1018	0.1023	0.1003	0.0984	0.1441	0.1030	0.1015	0.1019	0.1008	0.1001	0.0989	0.0968	0.1302	0.1011	0.0999	0.1011	0.1000	0.0999	0.0968	0.0961	
0.7980	0.7992	0.7228	0.7577	0.6561	0.5590	0.4071	0.3148	0.6602	0.2014	0.1540	0.1459	0.1400	0.1363	0.1289	0.1241	0.4158	0.1478	0.1306	0.1265	0.1262	0.1217	0.1156	0.1116	0.3091	0.1419	0.1357	0.1282	0.1224	0.1183	0.1136	0.1091	0.2006	0.1072	0.1051	0.1062	0.1052	0.1052	0.1043	0.1020	0.1652	0.1055	0.1019	0.1053	0.1022	0.1033	0.1007	0.1008	0.1440	0.1042	0.1017	0.1037	0.1008	0.1017	0.0987	0.0989	0.1304	0.1026	0.1008	0.1030	0.1010	0.1006	0.0976	0.0973	
0.8011	0.7971	0.7206	0.7659	0.6628	0.5615	0.4163	0.3220	0.6637	0.2030	0.1553	0.1466	0.1409	0.1360	0.1291	0.1259	0.4250	0.1501	0.1323	0.1272	0.1266	0.1215	0.1152	0.1120	0.3127	0.1425	0.1360	0.1287	0.1227	0.1179	0.1132	0.1093	0.2034	0.1011	0.0987	0.1006	0.0965	0.0981	0.0971	0.0956	0.1648	0.0986	0.0977	0.0982	0.0989	0.0971	0.0976	0.0941	0.1427	0.0977	0.0977	0.0970	0.0966	0.0960	0.0949	0.0917	0.1286	0.0954	0.0968	0.0950	0.0958	0.0947	0.0928	0.0902	
0.8018	0.7971	0.7232	0.7641	0.6709	0.5730	0.4272	0.3265	0.6650	0.2038	0.1546	0.1456	0.1397	0.1345	0.1273	0.1237	0.4315	0.1485	0.1305	0.1261	0.1251	0.1209	0.1145	0.1113	0.3180	0.1426	0.1355	0.1278	0.1218	0.1173	0.1125	0.1079	0.2103	0.1063	0.1035	0.1054	0.1027	0.1024	0.1029	0.0998	0.1717	0.1042	0.1018	0.1033	0.1029	0.1023	0.1012	0.0997	0.1482	0.1035	0.1017	0.1018	0.1007	0.1004	0.0983	0.0968	0.1336	0.1012	0.1011	0.1008	0.0998	0.1006	0.0968	0.0957	
0.8018	0.7980	0.7232	0.7680	0.6783	0.5810	0.4338	0.3326	0.6669	0.2044	0.1566	0.1477	0.1417	0.1365	0.1295	0.1248	0.4431	0.1508	0.1328	0.1284	0.1275	0.1218	0.1154	0.1126	0.3217	0.1437	0.1371	0.1279	0.1231	0.1185	0.1140	0.1094	0.2124	0.1091	0.1070	0.1089	0.1057	0.1067	0.1062	0.1040	0.1737	0.1076	0.1036	0.1067	0.1044	0.1063	0.1024	0.1033	0.1489	0.1067	0.1036	0.1061	0.1028	0.1045	0.1007	0.1006	0.1343	0.1053	0.1031	0.1054	0.1029	0.1038	0.0996	0.1000	
0.8126	0.8030	0.7284	0.7695	0.7018	0.6044	0.4420	0.3411	0.6682	0.2112	0.1586	0.1487	0.1431	0.1370	0.1298	0.1260	0.4499	0.1507	0.1329	0.1283	0.1275	0.1239	0.1158	0.1131	0.3282	0.1443	0.1374	0.1302	0.1238	0.1198	0.1145	0.1106	0.2104	0.1004	0.0977	0.1004	0.0965	0.0990	0.0968	0.0958	0.1684	0.0984	0.0972	0.0988	0.0983	0.0984	0.0966	0.0947	0.1447	0.0977	0.0971	0.0964	0.0971	0.0964	0.0955	0.0913	0.1293	0.0954	0.0963	0.0956	0.0957	0.0955	0.0932	0.0893	
0.8151	0.8029	0.7256	0.7681	0.7146	0.6193	0.4510	0.3470	0.6701	0.2114	0.1591	0.1496	0.1434	0.1378	0.1305	0.1257	0.4632	0.1519	0.1337	0.1291	0.1276	0.1221	0.1154	0.1126	0.3340	0.1452	0.1373	0.1307	0.1236	0.1192	0.1139	0.1100	0.2191	0.1059	0.1034	0.1053	0.1026	0.1031	0.1022	0.1005	0.1798	0.1041	0.1013	0.1034	0.1020	0.1030	0.1005	0.1047	0.1509	0.1030	0.1008	0.1018	0.1006	0.1009	0.0990	0.0973	0.1345	0.1008	0.1011	0.0999	0.0995	0.0999	0.0961	0.0953	
0.8184	0.8033	0.7266	0.7699	0.7191	0.6339	0.4704	0.3530	0.6663	0.2068	0.1599	0.1501	0.1432	0.1379	0.1313	0.1273	0.4694	0.1523	0.1342	0.1292	0.1281	0.1232	0.1172	0.1135	0.3377	0.1468	0.1384	0.1308	0.1242	0.1195	0.1150	0.1106	0.2196	0.1103	0.1073	0.1081	0.1065	0.1071	0.1051	0.1037	0.1765	0.1086	0.1039	0.1081	0.1045	0.1058	0.1021	0.1127	0.1517	0.1072	0.1039	0.1059	0.1026	0.1043	0.1008	0.1005	0.1359	0.1055	0.1029	0.1054	0.1014	0.1045	0.0996	0.0995	
0.8151	0.8046	0.7297	0.7721	0.7229	0.6465	0.4815	0.3627	0.6691	0.2090	0.1596	0.1501	0.1444	0.1382	0.1310	0.1262	0.4831	0.1532	0.1343	0.1293	0.1281	0.1229	0.1163	0.1127	0.3411	0.1461	0.1382	0.1307	0.1240	0.1194	0.1142	0.1103	0.2220	0.1024	0.0991	0.1018	0.0970	0.0990	0.0973	0.0970	0.1758	0.1002	0.0988	0.1005	0.0996	0.0981	0.0981	0.1020	0.1487	0.0980	0.0988	0.0973	0.0971	0.0964	0.0956	0.0923	0.1337	0.0966	0.0980	0.0968	0.0966	0.0947	0.0931	0.0914	
0.8195	0.8127	0.7318	0.7715	0.7250	0.6568	0.4925	0.3674	0.6704	0.2115	0.1606	0.1513	0.1450	0.1387	0.1312	0.1269	0.4966	0.1545	0.1354	0.1298	0.1285	0.1233	0.1167	0.1133	0.3438	0.1466	0.1389	0.1308	0.1237	0.1196	0.1142	0.1100	0.2284	0.1056	0.1030	0.1045	0.1018	0.1027	0.1015	0.1008	0.1810	0.1043	0.1014	0.1030	0.1024	0.1019	0.0999	0.1004	0.1534	0.1026	0.1015	0.1014	0.1007	0.1006	0.0986	0.0962	0.1369	0.1004	0.1006	0.1004	0.0992	0.1001	0.0968	0.0947	
0.8244	0.8073	0.7311	0.7725	0.7273	0.6721	0.5112	0.3786	0.6654	0.2130	0.1629	0.1520	0.1456	0.1383	0.1316	0.1271	0.5035	0.1546	0.1350	0.1303	0.1288	0.1240	0.1166	0.1134	0.3509	0.1481	0.1398	0.1314	0.1249	0.1200	0.1147	0.1106	0.2335	0.1076	0.1047	0.1063	0.1029	0.1052	0.1049	0.1022	0.1833	0.1059	0.1018	0.1052	0.1029	0.1034	0.1029	0.1016	0.1557	0.1047	0.1023	0.1031	0.1016	0.1037	0.1013	0.0986	0.1390	0.1026	0.1014	0.1017	0.1010	0.1020	0.0991	0.0962	
0.8256	0.8132	0.7313	0.7759	0.7256	0.6715	0.5200	0.3848	0.6692	0.2117	0.1671	0.1530	0.1463	0.1390	0.1320	0.1276	0.5153	0.1552	0.1361	0.1306	0.1288	0.1237	0.1173	0.1134	0.3556	0.1480	0.1393	0.1322	0.1244	0.1203	0.1148	0.1105	0.2333	0.1079	0.1041	0.1062	0.1024	0.1038	0.1032	0.1009	0.1845	0.1058	0.1019	0.1047	0.1021	0.1030	0.1017	0.1005	0.1554	0.1049	0.1021	0.1027	0.1011	0.1018	0.0979	0.0981	0.1374	0.1025	0.1010	0.1010	0.1000	0.1005	0.0970	0.0957	
0.8322	0.8171	0.7339	0.7746	0.7271	0.6747	0.5362	0.3934	0.6735	0.2141	0.1634	0.1535	0.1469	0.1393	0.1320	0.1281	0.5261	0.1562	0.1364	0.1302	0.1295	0.1232	0.1168	0.1132	0.3620	0.1490	0.1402	0.1315	0.1249	0.1201	0.1147	0.1110	0.2367	0.1090	0.1072	0.1095	0.1058	0.1066	0.1054	0.1041	0.1853	0.1087	0.1030	0.1075	0.1041	0.1054	0.1028	0.1020	0.1573	0.1068	0.1039	0.1059	0.1024	0.1039	0.1000	0.1003	0.1388	0.1055	0.1033	0.1050	0.1023	0.1046	0.0993	0.0990	
0.8342	0.8119	0.7355	0.7762	0.7283	0.6815	0.5497	0.4000	0.6682	0.2154	0.1638	0.1539	0.1481	0.1396	0.1333	0.1279	0.5364	0.1580	0.1376	0.1316	0.1298	0.1237	0.1176	0.1138	0.3661	0.1495	0.1403	0.1319	0.1254	0.1202	0.1150	0.1112	0.2376	0.1074	0.1049	0.1059	0.1044	0.1042	0.1045	0.1029	0.1840	0.1060	0.1019	0.1056	0.1027	0.1036	0.1018	0.1016	0.1547	0.1044	0.1023	0.1042	0.1014	0.1019	0.0994	0.0976	0.1373	0.1031	0.1017	0.1034	0.1007	0.1021	0.0978	0.0970	
0.8393	0.8160	0.7368	0.7787	0.7283	0.6809	0.5703	0.4154	0.6710	0.2141	0.1650	0.1545	0.1477	0.1394	0.1325	0.1273	0.5412	0.1573	0.1375	0.1315	0.1297	0.1238	0.1176	0.1133	0.3697	0.1504	0.1414	0.1331	0.1255	0.1213	0.1159	0.1114	0.2384	0.1026	0.0990	0.1017	0.0972	0.0990	0.0975	0.0970	0.1823	0.0990	0.0981	0.1001	0.0995	0.0978	0.0973	0.0949	0.1541	0.0988	0.0989	0.0976	0.0976	0.0962	0.0966	0.0926	0.1356	0.0969	0.0984	0.0972	0.0972	0.0966	0.0947	0.0909	
0.8407	0.8192	0.7342	0.7760	0.7320	0.6803	0.5781	0.4187	0.6695	0.2182	0.1659	0.1549	0.1486	0.1404	0.1329	0.1288	0.5497	0.1671	0.1379	0.1316	0.1308	0.1240	0.1185	0.1138	0.3723	0.1510	0.1414	0.1328	0.1258	0.1206	0.1153	0.1111	0.2453	0.1071	0.1030	0.1064	0.1020	0.1031	0.1028	0.1006	0.1895	0.1052	0.1018	0.1049	0.1027	0.1030	0.1016	0.1037	0.1589	0.1043	0.1020	0.1035	0.1013	0.1015	0.1003	0.0971	0.1400	0.1014	0.1013	0.1021	0.0996	0.1004	0.0970	0.0959	
0.8488	0.8187	0.7354	0.7772	0.7299	0.6816	0.5939	0.4257	0.6708	0.2171	0.1666	0.1555	0.1494	0.1405	0.1327	0.1282	0.5463	0.1595	0.1380	0.1320	0.1302	0.1239	0.1175	0.1139	0.3782	0.1515	0.1414	0.1336	0.1263	0.1211	0.1157	0.1113	0.2448	0.1104	0.1071	0.1083	0.1059	0.1064	0.1069	0.1031	0.1886	0.1086	0.1030	0.1078	0.1043	0.1052	0.1020	0.1030	0.1586	0.1071	0.1044	0.1055	0.1021	0.1049	0.1007	0.0995	0.1413	0.1057	0.1031	0.1051	0.1010	0.1036	0.0982	0.0993	
0.8455	0.8245	0.7373	0.7761	0.7296	0.6777	0.6090	0.4345	0.6701	0.2186	0.1669	0.1562	0.1503	0.1411	0.1327	0.1295	0.5495	0.1596	0.1383	0.1322	0.1307	0.1243	0.1175	0.1141	0.3837	0.1515	0.1413	0.1336	0.1258	0.1210	0.1155	0.1114	0.2441	0.1013	0.0983	0.1008	0.0970	0.0969	0.0966	0.0942	0.1862	0.0988	0.0974	0.0993	0.0977	0.0974	0.0969	0.0949	0.1552	0.0971	0.0973	0.0979	0.0966	0.0948	0.0947	0.0921	0.1369	0.0960	0.0969	0.0959	0.0953	0.0945	0.0930	0.0910	
