0.0853	0.0834	0.0832	0.0829	0.0853	0.0845	0.0837	0.0834	0.0954	0.0849	0.0870	0.0826	0.0820	0.0823	0.0837	0.0848	0.0806	0.0830	0.0836	0.0839	0.0842	0.0836	0.0836	0.0857	0.0805	0.0844	0.0844	0.0825	0.0848	0.0862	0.0824	0.0902	0.0818	0.0837	0.0817	0.0796	0.0841	0.0847	0.0859	0.0845	0.0813	0.0819	0.0795	0.0793	0.0826	0.0826	0.0857	0.0873	0.0813	0.0822	0.0944	0.0811	0.0828	0.0840	0.0851	0.0863	0.1014	0.0841	0.0815	0.0808	0.0851	0.0854	0.0838	0.0885	
0.0835	0.0818	0.0807	0.0816	0.0882	0.0896	0.0871	0.0882	0.0889	0.0815	0.0829	0.0816	0.0870	0.0862	0.0874	0.0897	0.0808	0.0814	0.0813	0.0809	0.0875	0.0881	0.0866	0.0892	0.0803	0.0807	0.0801	0.0806	0.0854	0.0873	0.0871	0.0935	0.0802	0.0819	0.0804	0.0797	0.0874	0.0874	0.0876	0.0875	0.0806	0.0812	0.0870	0.0799	0.0874	0.0870	0.0880	0.0896	0.0802	0.0826	0.0922	0.0811	0.0861	0.0880	0.0870	0.0870	0.0914	0.0803	0.0818	0.0818	0.0876	0.0878	0.0870	0.0919	
0.0836	0.0819	0.0814	0.0823	0.0891	0.0897	0.0875	0.0879	0.0892	0.0817	0.0830	0.0818	0.0882	0.0882	0.0890	0.0900	0.0808	0.0809	0.0816	0.0813	0.0881	0.0884	0.0880	0.0897	0.0812	0.0809	0.0799	0.0805	0.0873	0.0914	0.0878	0.0952	0.0804	0.0813	0.0801	0.0808	0.0888	0.0887	0.0884	0.0873	0.0805	0.0815	0.0804	0.0795	0.0887	0.0885	0.0889	0.0910	0.0801	0.0818	0.0922	0.0810	0.0872	0.0881	0.0872	0.0880	0.0866	0.0804	0.0815	0.0805	0.0888	0.0897	0.0887	0.0919	
0.0847	0.0818	0.0811	0.0817	0.0903	0.0907	0.0890	0.0895	0.0888	0.0816	0.0833	0.0817	0.0900	0.0897	0.0908	0.0917	0.0811	0.0809	0.0813	0.0816	0.0890	0.0899	0.0892	0.0915	0.0806	0.0806	0.0796	0.0801	0.0884	0.0896	0.0895	0.0952	0.0806	0.0815	0.0801	0.0798	0.0894	0.0903	0.0893	0.0892	0.0800	0.0815	0.0801	0.0802	0.0899	0.0899	0.0910	0.0909	0.0804	0.0823	0.0926	0.0807	0.0895	0.0905	0.0887	0.0891	0.0896	0.0804	0.0814	0.0808	0.0914	0.0909	0.0894	0.0939	
0.0847	0.0819	0.0824	0.0827	0.0907	0.0912	0.0898	0.0902	0.0889	0.0818	0.0828	0.0817	0.0913	0.0908	0.0911	0.0921	0.0805	0.0813	0.0811	0.0811	0.0898	0.0900	0.0902	0.0918	0.0802	0.0801	0.0795	0.0801	0.0897	0.0915	0.0908	0.0968	0.0838	0.0807	0.0806	0.0805	0.0904	0.0919	0.0906	0.0899	0.0799	0.0816	0.0798	0.0797	0.0911	0.0901	0.0925	0.0927	0.0809	0.0818	0.0923	0.0805	0.0898	0.0907	0.0896	0.0897	0.0896	0.0808	0.0811	0.0804	0.0914	0.0916	0.0904	0.0947	
0.0842	0.0818	0.0812	0.0823	0.0908	0.0914	0.0900	0.0904	0.0895	0.0817	0.0825	0.0843	0.0918	0.0919	0.0921	0.0907	0.0809	0.0806	0.0818	0.0815	0.0898	0.0902	0.0905	0.0917	0.0809	0.0805	0.0804	0.0801	0.0894	0.0910	0.0914	0.0958	0.0812	0.0810	0.0806	0.0801	0.0905	0.0908	0.0909	0.0898	0.0797	0.0812	0.0800	0.0795	0.0916	0.0910	0.0915	0.0928	0.0804	0.0822	0.0915	0.0811	0.0894	0.0901	0.0900	0.0898	0.0887	0.0805	0.0815	0.0819	0.0914	0.0914	0.0904	0.0948	
0.0852	0.0827	0.0825	0.0829	0.0899	0.0900	0.0894	0.0902	0.0895	0.0817	0.0833	0.0815	0.0915	0.0911	0.0916	0.0901	0.0815	0.0817	0.0823	0.0819	0.0893	0.0911	0.0900	0.0914	0.0812	0.0812	0.0803	0.0801	0.0893	0.0909	0.0903	0.0947	0.0811	0.0817	0.0800	0.0804	0.0901	0.0904	0.0899	0.0900	0.0799	0.0822	0.0800	0.0796	0.0910	0.0904	0.0916	0.0923	0.0804	0.0831	0.0915	0.0810	0.0888	0.0900	0.0894	0.0898	0.0879	0.0811	0.0824	0.0808	0.0912	0.0902	0.0904	0.0919	
0.0853	0.0829	0.0819	0.0828	0.0905	0.0915	0.0900	0.0904	0.0893	0.0812	0.0833	0.0826	0.0924	0.0916	0.0922	0.0909	0.0806	0.0811	0.0822	0.0815	0.0908	0.0900	0.0902	0.0919	0.0804	0.0809	0.0798	0.0804	0.0903	0.0915	0.0923	0.0943	0.0801	0.0812	0.0804	0.0814	0.0899	0.0909	0.0905	0.0902	0.0806	0.0809	0.0802	0.0801	0.0913	0.0917	0.0926	0.0924	0.0806	0.0825	0.0931	0.0808	0.0894	0.0894	0.0899	0.0899	0.0896	0.0812	0.0809	0.0820	0.0912	0.0914	0.0910	0.0941	
0.0861	0.0836	0.0829	0.0842	0.0904	0.0911	0.0898	0.0899	0.0899	0.0824	0.0848	0.0824	0.0922	0.0915	0.0915	0.0892	0.0819	0.0824	0.0831	0.0818	0.0903	0.0900	0.0902	0.0918	0.0823	0.0822	0.0814	0.0807	0.0887	0.0902	0.0902	0.0932	0.0819	0.0827	0.0815	0.0820	0.0895	0.0902	0.0903	0.0900	0.0813	0.0817	0.0810	0.0803	0.0913	0.0906	0.0918	0.0916	0.0826	0.0828	0.0944	0.0821	0.0897	0.0889	0.0896	0.0892	0.0891	0.0822	0.0826	0.0820	0.0902	0.0893	0.0889	0.0908	
0.0856	0.0833	0.0827	0.0836	0.0902	0.0912	0.0894	0.0901	0.0892	0.0816	0.0833	0.0818	0.0921	0.0912	0.0916	0.0898	0.0810	0.0821	0.0829	0.0821	0.0893	0.0900	0.0903	0.0918	0.0809	0.0806	0.0806	0.0807	0.0879	0.0921	0.0892	0.0947	0.0803	0.0818	0.0814	0.0815	0.0897	0.0895	0.0908	0.0894	0.0796	0.0821	0.0807	0.0798	0.0905	0.0897	0.0914	0.0904	0.0808	0.0838	0.0925	0.0823	0.0882	0.0885	0.0885	0.0884	0.0892	0.0809	0.0818	0.0826	0.0891	0.0887	0.0883	0.0906	
0.0851	0.0825	0.0816	0.0830	0.0897	0.0898	0.0889	0.0893	0.0882	0.0808	0.0824	0.0809	0.0908	0.0897	0.0898	0.0893	0.0792	0.0814	0.0821	0.0812	0.0898	0.0895	0.0889	0.0908	0.0794	0.0800	0.0791	0.0791	0.0877	0.0888	0.0888	0.0945	0.0796	0.0818	0.0803	0.0800	0.0884	0.0888	0.0891	0.0886	0.0794	0.0813	0.0793	0.0787	0.0891	0.0893	0.0899	0.0910	0.0796	0.0816	0.0922	0.0813	0.0873	0.0880	0.0873	0.0878	0.0890	0.0795	0.0815	0.0810	0.0880	0.0877	0.0877	0.0914	
0.0850	0.0819	0.0817	0.0829	0.0893	0.0899	0.0888	0.0898	0.0880	0.0798	0.0820	0.0809	0.0911	0.0899	0.0898	0.0895	0.0791	0.0810	0.0821	0.0810	0.0885	0.0892	0.0885	0.0905	0.0802	0.0803	0.0796	0.0789	0.0873	0.0885	0.0885	0.0941	0.0792	0.0819	0.0807	0.0813	0.0891	0.0881	0.0885	0.0886	0.0790	0.0811	0.0801	0.0778	0.0893	0.0885	0.0892	0.0890	0.0791	0.0824	0.0935	0.0809	0.0870	0.0872	0.0872	0.0874	0.0903	0.0798	0.0797	0.0804	0.0883	0.0873	0.0862	0.0899	
0.0839	0.0815	0.0816	0.0825	0.0887	0.0896	0.0884	0.0890	0.0875	0.0801	0.0812	0.0799	0.0910	0.0898	0.0897	0.0901	0.0790	0.0809	0.0819	0.0811	0.0892	0.0895	0.0892	0.0906	0.0795	0.0794	0.0794	0.0791	0.0863	0.0888	0.0879	0.0942	0.0792	0.0817	0.0806	0.0808	0.0884	0.0877	0.0881	0.0875	0.0794	0.0805	0.0786	0.0784	0.0894	0.0879	0.0902	0.0898	0.0787	0.0814	0.0928	0.0811	0.0871	0.0876	0.0877	0.0873	0.0902	0.0802	0.0811	0.0804	0.0884	0.0873	0.0872	0.0899	
0.0834	0.0808	0.0825	0.0814	0.0900	0.0903	0.0888	0.0900	0.0874	0.0788	0.0804	0.0795	0.0907	0.0903	0.0896	0.0907	0.0777	0.0802	0.0806	0.0805	0.0891	0.0888	0.0885	0.0904	0.0781	0.0789	0.0780	0.0783	0.0875	0.0885	0.0879	0.0946	0.0784	0.0819	0.0796	0.0800	0.0887	0.0889	0.0882	0.0880	0.0775	0.0799	0.0784	0.0774	0.0891	0.0880	0.0893	0.0905	0.0778	0.0807	0.0908	0.0803	0.0874	0.0866	0.0870	0.0868	0.0907	0.0791	0.0788	0.0802	0.0866	0.0867	0.0875	0.0899	
0.0840	0.0815	0.0811	0.0823	0.0903	0.0904	0.0885	0.0892	0.0869	0.0796	0.0817	0.0799	0.0907	0.0896	0.0898	0.0911	0.0790	0.0812	0.0813	0.0807	0.0896	0.0886	0.0886	0.0910	0.0802	0.0799	0.0787	0.0783	0.0879	0.0890	0.0880	0.0946	0.0789	0.0823	0.0799	0.0802	0.0884	0.0887	0.0886	0.0877	0.0782	0.0804	0.0790	0.0773	0.0896	0.0892	0.0899	0.0900	0.0781	0.0821	0.0913	0.0801	0.0872	0.0878	0.0876	0.0870	0.0911	0.0799	0.0807	0.0796	0.0884	0.0876	0.0881	0.0896	
0.0843	0.0819	0.0815	0.0821	0.0904	0.0907	0.0892	0.0898	0.0879	0.0803	0.0812	0.0840	0.0915	0.0898	0.0905	0.0907	0.0792	0.0805	0.0814	0.0804	0.0891	0.0893	0.0897	0.0906	0.0804	0.0792	0.0788	0.0786	0.0881	0.0895	0.0892	0.0944	0.0809	0.0818	0.0813	0.0806	0.0893	0.0894	0.0887	0.0880	0.0793	0.0803	0.0785	0.0779	0.0896	0.0887	0.0899	0.0916	0.0780	0.0822	0.0924	0.0810	0.0875	0.0882	0.0882	0.0881	0.0906	0.0792	0.0804	0.0810	0.0877	0.0876	0.0870	0.0901	
0.0838	0.0810	0.0805	0.0818	0.0901	0.0906	0.0888	0.0894	0.0879	0.0795	0.0805	0.0790	0.0913	0.0900	0.0898	0.0906	0.0789	0.0801	0.0810	0.0800	0.0893	0.0892	0.0886	0.0907	0.0792	0.0790	0.0785	0.0793	0.0871	0.0896	0.0883	0.0940	0.0821	0.0810	0.0802	0.0799	0.0884	0.0885	0.0889	0.0875	0.0784	0.0796	0.0784	0.0767	0.0899	0.0891	0.0903	0.0913	0.0792	0.0811	0.0909	0.0798	0.0870	0.0880	0.0879	0.0880	0.0914	0.0797	0.0799	0.0798	0.0889	0.0887	0.0887	0.0901	
0.0824	0.0797	0.0807	0.0800	0.0902	0.0912	0.0894	0.0900	0.0860	0.0788	0.0805	0.0789	0.0921	0.0901	0.0900	0.0912	0.0792	0.0792	0.0800	0.0784	0.0894	0.0893	0.0892	0.0900	0.0787	0.0787	0.0771	0.0781	0.0877	0.0904	0.0892	0.0949	0.0794	0.0808	0.0783	0.0788	0.0890	0.0894	0.0887	0.0876	0.0776	0.0791	0.0776	0.0766	0.0893	0.0895	0.0905	0.0899	0.0788	0.0802	0.0903	0.0789	0.0872	0.0887	0.0882	0.0886	0.0918	0.0779	0.0790	0.0785	0.0888	0.0886	0.0884	0.0905	
0.0841	0.0810	0.0810	0.0819	0.0896	0.0904	0.0885	0.0893	0.0882	0.0802	0.0817	0.0800	0.0910	0.0900	0.0899	0.0904	0.0813	0.0802	0.0807	0.0797	0.0886	0.0886	0.0886	0.0899	0.0806	0.0803	0.0793	0.0786	0.0872	0.0894	0.0887	0.0940	0.0818	0.0811	0.0807	0.0797	0.0888	0.0889	0.0879	0.0887	0.0791	0.0801	0.0785	0.0779	0.0895	0.0894	0.0893	0.0897	0.0815	0.0809	0.0914	0.0801	0.0882	0.0879	0.0877	0.0882	0.0917	0.0797	0.0799	0.0805	0.0883	0.0882	0.0874	0.0900	
0.0847	0.0814	0.0816	0.0816	0.0903	0.0913	0.0890	0.0898	0.0896	0.0811	0.0830	0.0808	0.0919	0.0908	0.0906	0.0898	0.0818	0.0809	0.0809	0.0799	0.0888	0.0890	0.0885	0.0903	0.0810	0.0812	0.0796	0.0797	0.0876	0.0901	0.0890	0.0946	0.0830	0.0829	0.0802	0.0811	0.0896	0.0889	0.0884	0.0880	0.0802	0.0820	0.0804	0.0784	0.0901	0.0889	0.0906	0.0907	0.0826	0.0820	0.0933	0.0813	0.0885	0.0887	0.0884	0.0875	0.0928	0.0816	0.0811	0.0812	0.0890	0.0883	0.0881	0.0904	
0.0869	0.0843	0.0839	0.0849	0.0898	0.0907	0.0884	0.0890	0.0913	0.0831	0.0847	0.0835	0.0904	0.0897	0.0895	0.0901	0.0850	0.0832	0.0831	0.0825	0.0885	0.0885	0.0876	0.0893	0.0829	0.0838	0.0825	0.0819	0.0876	0.0885	0.0885	0.0935	0.0854	0.0841	0.0821	0.0825	0.0890	0.0881	0.0881	0.0874	0.0830	0.0840	0.0826	0.0803	0.0891	0.0890	0.0897	0.0887	0.0851	0.0846	0.0923	0.0827	0.0874	0.0874	0.0877	0.0870	0.0926	0.0837	0.0828	0.0837	0.0890	0.0876	0.0883	0.0889	
0.0887	0.0853	0.0858	0.0856	0.0901	0.0910	0.0881	0.0888	0.0923	0.0849	0.0865	0.0847	0.0910	0.0905	0.0902	0.0893	0.0861	0.0842	0.0843	0.0836	0.0888	0.0888	0.0889	0.0894	0.0840	0.0842	0.0829	0.0836	0.0879	0.0890	0.0884	0.0937	0.0870	0.0850	0.0836	0.0841	0.0892	0.0895	0.0888	0.0875	0.0846	0.0854	0.0827	0.0813	0.0906	0.0888	0.0903	0.0901	0.0872	0.0856	0.0944	0.0837	0.0871	0.0879	0.0874	0.0871	0.0950	0.0841	0.0845	0.0846	0.0889	0.0889	0.0876	0.0905	
0.0897	0.0863	0.0865	0.0858	0.0904	0.0906	0.0884	0.0888	0.0934	0.0855	0.0874	0.0848	0.0910	0.0902	0.0897	0.0892	0.0867	0.0849	0.0856	0.0840	0.0893	0.0885	0.0881	0.0904	0.0860	0.0844	0.0854	0.0838	0.0876	0.0888	0.0887	0.0922	0.0956	0.0861	0.0845	0.0831	0.0886	0.0883	0.0886	0.0871	0.0849	0.0857	0.0836	0.0822	0.0896	0.0891	0.0904	0.0892	0.0874	0.0865	0.0959	0.0837	0.0878	0.0878	0.0871	0.0871	0.0940	0.0851	0.0847	0.0849	0.0889	0.0875	0.0868	0.0895	
0.0914	0.0884	0.0875	0.0878	0.0902	0.0914	0.0885	0.0898	0.0955	0.0880	0.0887	0.0873	0.0914	0.0904	0.0903	0.0904	0.0888	0.0868	0.0870	0.0853	0.0893	0.0888	0.0885	0.0898	0.0874	0.0871	0.0859	0.0855	0.0878	0.0897	0.0905	0.0939	0.0889	0.0867	0.0858	0.0853	0.0895	0.0891	0.0888	0.0882	0.0867	0.0877	0.0852	0.0844	0.0903	0.0897	0.0907	0.0885	0.0897	0.0881	0.0977	0.0850	0.0886	0.0882	0.0881	0.0873	0.0924	0.0848	0.0862	0.0867	0.0889	0.0888	0.0890	0.0897	
0.0905	0.0881	0.0879	0.0878	0.0900	0.0901	0.0881	0.0878	0.0954	0.0873	0.0894	0.0870	0.0917	0.0893	0.0891	0.0885	0.0890	0.0861	0.0869	0.0853	0.0890	0.0880	0.0872	0.0889	0.0877	0.0868	0.0866	0.0858	0.0880	0.0893	0.0879	0.0924	0.0894	0.0880	0.0854	0.0848	0.0891	0.0884	0.0872	0.0873	0.0865	0.0871	0.0842	0.0846	0.0896	0.0888	0.0892	0.0889	0.0891	0.0870	0.0960	0.0844	0.0876	0.0877	0.0871	0.0869	0.0956	0.0857	0.0849	0.0865	0.0883	0.0870	0.0878	0.0891	
0.0916	0.0897	0.0886	0.0891	0.0901	0.0909	0.0883	0.0898	0.0971	0.0887	0.0904	0.0875	0.0920	0.0903	0.0896	0.0894	0.0902	0.0883	0.0882	0.0862	0.0892	0.0889	0.0889	0.0900	0.0889	0.0879	0.0866	0.0864	0.0880	0.0897	0.0891	0.0927	0.0895	0.0885	0.0863	0.0844	0.0896	0.0883	0.0884	0.0874	0.0880	0.0891	0.0860	0.0851	0.0901	0.0893	0.0891	0.0887	0.0920	0.0866	0.0977	0.0850	0.0874	0.0874	0.0869	0.0869	0.0947	0.0872	0.0869	0.0863	0.0894	0.0879	0.0876	0.0894	
0.0929	0.0898	0.0894	0.0896	0.0901	0.0912	0.0883	0.0888	0.0980	0.0897	0.0916	0.0898	0.0916	0.0897	0.0897	0.0883	0.0914	0.0882	0.0886	0.0862	0.0887	0.0895	0.0879	0.0904	0.0886	0.0890	0.0874	0.0869	0.0876	0.0890	0.0887	0.0922	0.0900	0.0895	0.0867	0.0862	0.0885	0.0884	0.0876	0.0876	0.0887	0.0881	0.0862	0.0856	0.0895	0.0882	0.0896	0.0927	0.0904	0.0888	0.0979	0.0849	0.0877	0.0877	0.0875	0.0871	0.0960	0.0872	0.0873	0.0860	0.0892	0.0871	0.0881	0.0893	
0.0946	0.0907	0.0902	0.0904	0.0909	0.0911	0.0880	0.0888	0.0995	0.0914	0.0926	0.0909	0.0917	0.0903	0.0900	0.0889	0.0911	0.0896	0.0894	0.0869	0.0893	0.0897	0.0886	0.0894	0.0913	0.0900	0.0886	0.0870	0.0880	0.0889	0.0891	0.0921	0.0957	0.0899	0.0875	0.0857	0.0893	0.0887	0.0878	0.0873	0.0895	0.0900	0.0860	0.0858	0.0896	0.0885	0.0893	0.0880	0.0918	0.0896	0.0996	0.0862	0.0874	0.0881	0.0875	0.0876	0.0954	0.0869	0.0873	0.0870	0.0889	0.0865	0.0876	0.0887	
0.0946	0.0921	0.0911	0.0907	0.0904	0.0914	0.0888	0.0893	0.1003	0.0923	0.0932	0.0901	0.0910	0.0899	0.0892	0.0880	0.0924	0.0903	0.0900	0.0874	0.0888	0.0884	0.0884	0.0895	0.0908	0.0912	0.0889	0.0908	0.0880	0.0885	0.0887	0.0916	0.0919	0.0903	0.0873	0.0865	0.0889	0.0884	0.0885	0.0866	0.0901	0.0895	0.0869	0.0868	0.0898	0.0879	0.0902	0.0877	0.0918	0.0897	0.0972	0.0847	0.0873	0.0873	0.0864	0.0868	0.0989	0.0874	0.0898	0.0857	0.0884	0.0876	0.0876	0.0886	
0.0961	0.0932	0.0921	0.0911	0.0920	0.0919	0.0895	0.0899	0.1019	0.0935	0.0953	0.0912	0.0922	0.0912	0.0907	0.0898	0.0930	0.0915	0.0904	0.0875	0.0899	0.0888	0.0890	0.0894	0.0925	0.0924	0.0893	0.0883	0.0892	0.0905	0.0898	0.0931	0.0924	0.0922	0.0874	0.0863	0.0901	0.0901	0.0892	0.0872	0.0903	0.0902	0.0871	0.0863	0.0907	0.0889	0.0907	0.0890	0.0924	0.0900	0.0985	0.0864	0.0891	0.0883	0.0881	0.0875	0.0971	0.0884	0.0877	0.0865	0.0899	0.0881	0.0883	0.0892	
0.0984	0.0946	0.0941	0.0928	0.0919	0.0919	0.0895	0.0899	0.1036	0.0954	0.0961	0.0919	0.0930	0.0914	0.0901	0.0882	0.0948	0.0929	0.0917	0.0898	0.0895	0.0894	0.0880	0.0897	0.0936	0.0932	0.0909	0.0886	0.0895	0.0893	0.0890	0.0922	0.0941	0.0915	0.0885	0.0873	0.0896	0.0890	0.0888	0.0878	0.0925	0.0913	0.0877	0.0872	0.0915	0.0895	0.0904	0.0881	0.0930	0.0914	0.1007	0.0872	0.0894	0.0886	0.0882	0.0872	0.0979	0.0896	0.0880	0.0873	0.0891	0.0877	0.0877	0.0885	
0.0998	0.0966	0.0952	0.0938	0.0914	0.0920	0.0883	0.0890	0.1051	0.0973	0.0972	0.0923	0.0927	0.0903	0.0905	0.0886	0.0964	0.0943	0.0930	0.0896	0.0889	0.0892	0.0879	0.0896	0.0957	0.0955	0.0914	0.0886	0.0885	0.0895	0.0894	0.0922	0.1046	0.0931	0.0891	0.0870	0.0898	0.0892	0.0879	0.0875	0.0938	0.0924	0.0886	0.0878	0.0902	0.0889	0.0903	0.0891	0.0934	0.0919	0.1012	0.0870	0.0888	0.0887	0.0877	0.0871	0.1000	0.0896	0.0915	0.0878	0.0897	0.0882	0.0888	0.0895	
0.1001	0.0978	0.0956	0.0941	0.0924	0.0933	0.0893	0.0909	0.1068	0.0987	0.0987	0.0941	0.0934	0.0915	0.0906	0.0888	0.0971	0.0950	0.0928	0.0891	0.0913	0.0903	0.0889	0.0900	0.0964	0.0947	0.0910	0.0894	0.0903	0.0901	0.0895	0.0924	0.0957	0.0938	0.0892	0.0874	0.0904	0.0901	0.0897	0.0880	0.0943	0.0923	0.0880	0.0874	0.0917	0.0901	0.0911	0.0889	0.0936	0.0907	0.0985	0.0859	0.0899	0.0890	0.0883	0.0885	0.1011	0.0893	0.0883	0.0871	0.0904	0.0886	0.0882	0.0893	
0.1031	0.1009	0.0982	0.0955	0.0932	0.0934	0.0898	0.0903	0.1097	0.1012	0.1012	0.0947	0.0943	0.0925	0.0912	0.0898	0.1000	0.0972	0.0946	0.0903	0.0917	0.0900	0.0888	0.0904	0.0990	0.0983	0.0945	0.0904	0.0903	0.0903	0.0897	0.0918	0.0971	0.0948	0.0895	0.0881	0.0908	0.0900	0.0889	0.0876	0.0968	0.0931	0.0873	0.0886	0.0918	0.0904	0.0921	0.0889	0.0960	0.0921	0.1008	0.0863	0.0895	0.0895	0.0886	0.0886	0.1021	0.0904	0.0900	0.0878	0.0897	0.0888	0.0878	0.0888	
0.1051	0.1033	0.0995	0.0964	0.0928	0.0943	0.0895	0.0899	0.1119	0.1041	0.1022	0.0964	0.0953	0.0930	0.0914	0.0888	0.1015	0.0988	0.0967	0.0914	0.0916	0.0895	0.0887	0.0898	0.1010	0.0993	0.0944	0.0901	0.0909	0.0924	0.0906	0.0930	0.1020	0.0965	0.0913	0.0881	0.0910	0.0908	0.0888	0.0883	0.0975	0.0939	0.0891	0.0884	0.0915	0.0902	0.0905	0.0892	0.0970	0.0935	0.1007	0.0866	0.0891	0.0891	0.0881	0.0871	0.1009	0.0901	0.0886	0.0884	0.0910	0.0897	0.0888	0.0899	
0.1081	0.1060	0.1015	0.0979	0.0939	0.0939	0.0900	0.0917	0.1148	0.1061	0.1056	0.0975	0.0955	0.0925	0.0919	0.0898	0.1039	0.1023	0.0975	0.0926	0.0913	0.0908	0.0894	0.0905	0.1030	0.1018	0.0952	0.0921	0.0917	0.0915	0.0910	0.0928	0.1006	0.0992	0.0918	0.0892	0.0911	0.0913	0.0897	0.0889	0.1000	0.0954	0.0897	0.0898	0.0925	0.0903	0.0924	0.0894	0.0966	0.0938	0.1013	0.0872	0.0899	0.0892	0.0886	0.0881	0.1035	0.0915	0.0887	0.0874	0.0894	0.0893	0.0891	0.0889	
0.1108	0.1085	0.1033	0.0990	0.0941	0.0937	0.0900	0.0915	0.1188	0.1098	0.1080	0.0973	0.0949	0.0925	0.0915	0.0895	0.1070	0.1032	0.0990	0.0922	0.0917	0.0906	0.0889	0.0903	0.1047	0.1037	0.0954	0.0919	0.0909	0.0917	0.0900	0.0931	0.1007	0.1004	0.0921	0.0888	0.0915	0.0915	0.0889	0.0883	0.1004	0.0959	0.0899	0.0895	0.0919	0.0891	0.0911	0.0892	0.0993	0.0942	0.0996	0.0866	0.0891	0.0899	0.0887	0.0873	0.1048	0.0917	0.0892	0.0879	0.0897	0.0888	0.0893	0.0887	
0.1150	0.1138	0.1067	0.1011	0.0933	0.0935	0.0899	0.0902	0.1213	0.1140	0.1105	0.1001	0.0961	0.0931	0.0913	0.0899	0.1106	0.1074	0.1013	0.0932	0.0919	0.0905	0.0889	0.0907	0.1096	0.1076	0.0987	0.0930	0.0912	0.0954	0.0904	0.0921	0.1047	0.1027	0.0929	0.0886	0.0918	0.0906	0.0892	0.0885	0.1039	0.0972	0.0920	0.0913	0.0933	0.0906	0.0919	0.0894	0.1015	0.0954	0.1011	0.0881	0.0897	0.0886	0.0880	0.0882	0.1049	0.0912	0.0928	0.0891	0.0906	0.0899	0.0887	0.0893	
0.1193	0.1178	0.1088	0.1016	0.0947	0.0944	0.0902	0.0912	0.1268	0.1177	0.1127	0.1012	0.0959	0.0938	0.0921	0.0896	0.1127	0.1103	0.1032	0.0953	0.0923	0.0916	0.0898	0.0905	0.1126	0.1097	0.1007	0.0937	0.0915	0.0915	0.0912	0.0925	0.1123	0.1042	0.0933	0.0900	0.0920	0.0915	0.0893	0.0887	0.1050	0.0980	0.0923	0.0911	0.0926	0.0904	0.0925	0.0894	0.1017	0.0969	0.1025	0.0884	0.0903	0.0893	0.0888	0.0882	0.1074	0.0925	0.0905	0.0885	0.0898	0.0894	0.0905	0.0892	
0.1233	0.1216	0.1122	0.1041	0.0969	0.0959	0.0916	0.0920	0.1318	0.1215	0.1154	0.1034	0.0969	0.0946	0.0931	0.0903	0.1180	0.1131	0.1055	0.0968	0.0936	0.0923	0.0899	0.0907	0.1159	0.1140	0.1022	0.0956	0.0922	0.0925	0.0907	0.0930	0.1097	0.1054	0.0950	0.0916	0.0925	0.0917	0.0901	0.0897	0.1086	0.1002	0.0923	0.0923	0.0930	0.0913	0.0925	0.0892	0.1028	0.0976	0.1029	0.0881	0.0898	0.0900	0.0884	0.0876	0.1074	0.0936	0.0910	0.0897	0.0919	0.0890	0.0896	0.0896	
0.1280	0.1266	0.1150	0.1061	0.0963	0.0965	0.0915	0.0939	0.1358	0.1275	0.1201	0.1071	0.0973	0.0956	0.0923	0.0906	0.1211	0.1178	0.1068	0.0967	0.0927	0.0918	0.0897	0.0915	0.1197	0.1156	0.1038	0.0955	0.0918	0.0924	0.0910	0.0939	0.1199	0.1083	0.0956	0.0922	0.0920	0.0912	0.0898	0.0885	0.1118	0.1000	0.0927	0.0926	0.0938	0.0907	0.0913	0.0891	0.1040	0.0986	0.1024	0.0885	0.0904	0.0899	0.0892	0.0887	0.1079	0.0938	0.0904	0.0891	0.0909	0.0900	0.0899	0.0884	
0.1346	0.1336	0.1206	0.1078	0.0962	0.0972	0.0919	0.0936	0.1421	0.1329	0.1253	0.1074	0.0989	0.0964	0.0941	0.0917	0.1272	0.1216	0.1101	0.0988	0.0944	0.0928	0.0906	0.0913	0.1274	0.1215	0.1057	0.0970	0.0922	0.0951	0.0913	0.0950	0.1156	0.1100	0.0970	0.0916	0.0939	0.0931	0.0913	0.0895	0.1146	0.1012	0.0932	0.0939	0.0942	0.0923	0.0923	0.0906	0.1060	0.0992	0.1027	0.0888	0.0897	0.0902	0.0887	0.0896	0.1103	0.0944	0.0921	0.0891	0.0927	0.0907	0.0896	0.0907	
0.1419	0.1398	0.1251	0.1107	0.0976	0.0979	0.0918	0.0924	0.1494	0.1408	0.1283	0.1100	0.0985	0.0965	0.0947	0.0911	0.1318	0.1276	0.1125	0.0996	0.0949	0.0932	0.0906	0.0918	0.1314	0.1259	0.1084	0.0975	0.0936	0.0935	0.0919	0.0940	0.1219	0.1136	0.0980	0.0915	0.0928	0.0924	0.0909	0.0900	0.1196	0.1030	0.0942	0.0949	0.0940	0.0922	0.0934	0.0900	0.1088	0.1018	0.1036	0.0895	0.0905	0.0893	0.0897	0.0879	0.1110	0.0950	0.0919	0.0903	0.0924	0.0901	0.0903	0.0886	
0.1486	0.1458	0.1304	0.1134	0.0990	0.0993	0.0924	0.0932	0.1568	0.1475	0.1333	0.1124	0.1001	0.0968	0.0943	0.0915	0.1381	0.1312	0.1153	0.1009	0.0950	0.0944	0.0906	0.0923	0.1366	0.1305	0.1107	0.1001	0.0927	0.0936	0.0910	0.0938	0.1230	0.1156	0.0985	0.0921	0.0939	0.0933	0.0901	0.0896	0.1225	0.1037	0.0940	0.0947	0.0945	0.0918	0.0921	0.0924	0.1085	0.1018	0.1043	0.0896	0.0896	0.0918	0.0899	0.0884	0.1124	0.0958	0.0925	0.0895	0.0917	0.0904	0.0888	0.0889	
0.1566	0.1557	0.1351	0.1170	0.0993	0.0991	0.0924	0.0926	0.1638	0.1562	0.1402	0.1145	0.0998	0.0970	0.0945	0.0917	0.1470	0.1390	0.1176	0.1021	0.0948	0.0937	0.0912	0.0920	0.1440	0.1365	0.1132	0.0991	0.0928	0.0935	0.0938	0.0946	0.1286	0.1199	0.0996	0.0938	0.0934	0.0919	0.0900	0.0889	0.1267	0.1061	0.0950	0.0970	0.0942	0.0924	0.0920	0.0895	0.1125	0.1026	0.1043	0.0898	0.0910	0.0899	0.0903	0.0887	0.1135	0.0953	0.0924	0.0903	0.0917	0.0905	0.0886	0.0893	
0.1670	0.1667	0.1430	0.1199	0.0992	0.0994	0.0935	0.0929	0.1749	0.1645	0.1455	0.1192	0.1013	0.0972	0.0943	0.0922	0.1542	0.1461	0.1224	0.1048	0.0953	0.0948	0.0913	0.0925	0.1514	0.1409	0.1155	0.1018	0.0936	0.0939	0.0920	0.0944	0.1389	0.1234	0.1010	0.0932	0.0941	0.0931	0.0905	0.0906	0.1317	0.1065	0.0960	0.0969	0.0947	0.0925	0.0928	0.0913	0.1168	0.1034	0.1058	0.0902	0.0912	0.0907	0.0899	0.0891	0.1148	0.0971	0.0937	0.0902	0.0918	0.0908	0.0902	0.0897	
0.1776	0.1764	0.1497	0.1232	0.1004	0.1015	0.0937	0.0943	0.1851	0.1747	0.1526	0.1219	0.1026	0.0988	0.0955	0.0928	0.1641	0.1546	0.1272	0.1063	0.0965	0.0948	0.0933	0.0927	0.1603	0.1505	0.1200	0.1033	0.0952	0.0946	0.0925	0.0949	0.1389	0.1280	0.1020	0.0939	0.0958	0.0931	0.0909	0.0901	0.1377	0.1083	0.0968	0.0977	0.0948	0.0916	0.0936	0.0895	0.1174	0.1050	0.1062	0.0891	0.0914	0.0905	0.0901	0.0890	0.1152	0.0991	0.0937	0.0908	0.0926	0.0915	0.0898	0.0892	
0.1894	0.1897	0.1558	0.1271	0.1024	0.1025	0.0940	0.0977	0.1955	0.1846	0.1606	0.1256	0.1041	0.1001	0.0970	0.0931	0.1741	0.1630	0.1316	0.1080	0.0968	0.0955	0.0931	0.0928	0.1668	0.1590	0.1224	0.1049	0.0955	0.0953	0.0934	0.0950	0.1442	0.1309	0.1036	0.0954	0.0954	0.0952	0.0920	0.0897	0.1436	0.1090	0.0980	0.0988	0.0954	0.0936	0.0935	0.0913	0.1192	0.1064	0.1077	0.0913	0.0919	0.0912	0.0902	0.0896	0.1160	0.0979	0.0928	0.0909	0.0926	0.0919	0.0907	0.0902	
0.2029	0.2028	0.1645	0.1311	0.1019	0.1022	0.0935	0.0959	0.2104	0.1970	0.1676	0.1291	0.1041	0.0998	0.0965	0.0926	0.1845	0.1730	0.1365	0.1091	0.0975	0.0947	0.0917	0.0914	0.1790	0.1651	0.1254	0.1058	0.0963	0.0946	0.0932	0.0944	0.1518	0.1357	0.1061	0.0963	0.0948	0.0945	0.0916	0.0902	0.1492	0.1118	0.0972	0.0983	0.0957	0.0931	0.0942	0.0903	0.1231	0.1074	0.1065	0.0907	0.0915	0.0911	0.0898	0.0891	0.1190	0.0987	0.0906	0.0900	0.0922	0.0898	0.0910	0.0912	
0.2195	0.2178	0.1759	0.1350	0.1049	0.1036	0.0953	0.0955	0.2255	0.2133	0.1787	0.1339	0.1052	0.1012	0.0976	0.0943	0.1974	0.1858	0.1427	0.1131	0.0977	0.0966	0.0929	0.0935	0.1886	0.1744	0.1306	0.1068	0.0972	0.0966	0.0933	0.0951	0.1576	0.1414	0.1077	0.0979	0.0955	0.0945	0.0920	0.0902	0.1569	0.1136	0.0995	0.1005	0.0964	0.0928	0.0944	0.0911	0.1270	0.1100	0.1080	0.0919	0.0921	0.0924	0.0905	0.0899	0.1188	0.1006	0.0933	0.0910	0.0922	0.0907	0.0910	0.0900	
0.2344	0.2344	0.1867	0.1427	0.1058	0.1053	0.0960	0.0960	0.2419	0.2280	0.1890	0.1413	0.1066	0.1031	0.0975	0.0933	0.2117	0.1949	0.1490	0.1158	0.0984	0.0966	0.0934	0.0930	0.2022	0.1880	0.1351	0.1096	0.0972	0.0965	0.0938	0.0956	0.1658	0.1488	0.1096	0.0977	0.0963	0.0949	0.0916	0.0904	0.1633	0.1156	0.0999	0.1028	0.0959	0.0932	0.0938	0.0902	0.1306	0.1102	0.1089	0.0921	0.0916	0.0908	0.0912	0.0890	0.1216	0.1010	0.0933	0.0910	0.0930	0.0911	0.0911	0.0897	
0.2491	0.2506	0.1986	0.1460	0.1056	0.1061	0.0954	0.0968	0.2586	0.2435	0.1986	0.1443	0.1074	0.1013	0.0973	0.0938	0.2259	0.2079	0.1544	0.1182	0.0988	0.0965	0.0929	0.0944	0.2143	0.1955	0.1376	0.1113	0.0971	0.1004	0.0937	0.0952	0.1745	0.1515	0.1093	0.0976	0.0965	0.0958	0.0921	0.0906	0.1716	0.1161	0.0998	0.1032	0.0958	0.0926	0.0943	0.0910	0.1326	0.1123	0.1092	0.0925	0.0915	0.0916	0.0906	0.0882	0.1213	0.1001	0.0938	0.0926	0.0926	0.0906	0.0914	0.0893	
0.2694	0.2688	0.2099	0.1534	0.1062	0.1071	0.0967	0.0955	0.2769	0.2607	0.2123	0.1500	0.1082	0.1043	0.0975	0.0943	0.2423	0.2231	0.1628	0.1215	0.0976	0.0968	0.0926	0.0930	0.2281	0.2090	0.1425	0.1123	0.0971	0.0997	0.0938	0.0949	0.1852	0.1592	0.1112	0.0991	0.0971	0.0951	0.0920	0.0901	0.1799	0.1175	0.1018	0.1047	0.0968	0.0929	0.0948	0.0914	0.1345	0.1131	0.1091	0.0932	0.0919	0.0915	0.0902	0.0892	0.1240	0.1005	0.0934	0.0902	0.0934	0.0921	0.0911	0.0906	
0.2923	0.2955	0.2297	0.1628	0.1084	0.1092	0.0982	0.0972	0.2996	0.2831	0.2274	0.1583	0.1107	0.1049	0.0991	0.0946	0.2621	0.2418	0.1726	0.1254	0.1004	0.0986	0.0948	0.0935	0.2466	0.2203	0.1506	0.1173	0.0994	0.0991	0.0947	0.0964	0.1931	0.1656	0.1136	0.1000	0.0981	0.0954	0.0931	0.0915	0.1927	0.1190	0.1021	0.1057	0.0978	0.0940	0.0947	0.0924	0.1409	0.1150	0.1108	0.0923	0.0936	0.0918	0.0910	0.0888	0.1230	0.1010	0.0943	0.0930	0.0937	0.0919	0.0916	0.0908	
0.3147	0.3165	0.2441	0.1718	0.1096	0.1101	0.0977	0.0989	0.3212	0.3014	0.2421	0.1650	0.1123	0.1066	0.0997	0.0942	0.2824	0.2544	0.1811	0.1293	0.1011	0.0985	0.0937	0.0937	0.2649	0.2362	0.1554	0.1174	0.0987	0.0978	0.0944	0.0967	0.2070	0.1733	0.1160	0.1006	0.0972	0.0968	0.0926	0.0908	0.2023	0.1228	0.1038	0.1076	0.0982	0.0945	0.0952	0.0912	0.1437	0.1172	0.1126	0.0932	0.0925	0.0907	0.0907	0.0896	0.1259	0.1039	0.0966	0.0923	0.0930	0.0919	0.0908	0.0900	
0.3349	0.3378	0.2614	0.1789	0.1115	0.1126	0.0976	0.1038	0.3364	0.3220	0.2572	0.1750	0.1135	0.1072	0.0999	0.0958	0.2998	0.2719	0.1900	0.1322	0.1021	0.0988	0.0941	0.0952	0.2742	0.2490	0.1621	0.1201	0.1006	0.0999	0.0949	0.0961	0.2170	0.1800	0.1167	0.1012	0.0977	0.0972	0.0929	0.0905	0.2118	0.1236	0.1034	0.1079	0.0972	0.0937	0.0955	0.0921	0.1480	0.1188	0.1126	0.0935	0.0933	0.0927	0.0915	0.0904	0.1261	0.1035	0.0948	0.0916	0.0951	0.0928	0.0920	0.0906	
0.3594	0.3626	0.2786	0.1878	0.1119	0.1131	0.0974	0.0984	0.3590	0.3420	0.2726	0.1811	0.1169	0.1089	0.1008	0.0958	0.3211	0.2849	0.2011	0.1372	0.1022	0.0996	0.0952	0.0948	0.2963	0.2640	0.1696	0.1223	0.1003	0.0989	0.0952	0.0970	0.2375	0.1884	0.1206	0.1024	0.0988	0.0953	0.0930	0.0912	0.2225	0.1259	0.1050	0.1095	0.0984	0.0941	0.0950	0.0929	0.1502	0.1189	0.1118	0.0936	0.0933	0.0934	0.0912	0.0902	0.1277	0.1058	0.0952	0.0930	0.0937	0.0917	0.0905	0.0909	
0.3912	0.3911	0.3022	0.2026	0.1145	0.1160	0.0996	0.0995	0.3893	0.3687	0.2957	0.1915	0.1169	0.1098	0.1009	0.0955	0.3455	0.3120	0.2188	0.1425	0.1031	0.1000	0.0954	0.0945	0.3201	0.2873	0.1798	0.1253	0.1018	0.1004	0.0945	0.0969	0.2446	0.2059	0.1234	0.1038	0.0991	0.0969	0.0932	0.0914	0.2370	0.1279	0.1061	0.1122	0.0988	0.0956	0.0956	0.0915	0.1585	0.1222	0.1132	0.0935	0.0943	0.0930	0.0916	0.0903	0.1303	0.1043	0.0952	0.0927	0.0928	0.0923	0.0912	0.0915	
0.4159	0.4211	0.3271	0.2161	0.1169	0.1181	0.0999	0.1000	0.4139	0.3933	0.3150	0.2032	0.1187	0.1112	0.1019	0.0954	0.3735	0.3387	0.2288	0.1486	0.1038	0.1000	0.0949	0.0946	0.3415	0.3028	0.1861	0.1291	0.1017	0.1005	0.0960	0.0961	0.2605	0.2091	0.1260	0.1043	0.0993	0.0978	0.0934	0.0915	0.2531	0.1300	0.1073	0.1133	0.0985	0.0941	0.0963	0.0928	0.1643	0.1228	0.1141	0.0944	0.0933	0.0917	0.0910	0.0888	0.1280	0.1055	0.0947	0.0935	0.0949	0.0922	0.0906	0.0905	
0.4364	0.4386	0.3451	0.2262	0.1172	0.1186	0.1004	0.1001	0.4281	0.4057	0.3251	0.2106	0.1208	0.1126	0.1020	0.0966	0.3908	0.3564	0.2394	0.1517	0.1053	0.1014	0.0950	0.0945	0.3671	0.3200	0.1961	0.1319	0.1020	0.1015	0.0959	0.0966	0.2741	0.2203	0.1287	0.1065	0.1003	0.0974	0.0938	0.0903	0.2661	0.1323	0.1079	0.1145	0.0993	0.0946	0.0956	0.0928	0.1685	0.1277	0.1141	0.0946	0.0931	0.0934	0.0915	0.0900	0.1295	0.1058	0.0961	0.0936	0.0952	0.0923	0.0915	0.0902	
0.4703	0.4684	0.3731	0.2426	0.1198	0.1218	0.1019	0.1007	0.4627	0.4421	0.3498	0.2255	0.1239	0.1151	0.1041	0.0970	0.4188	0.3842	0.2547	0.1600	0.1053	0.1021	0.0960	0.0954	0.3871	0.3371	0.2061	0.1363	0.1029	0.1004	0.0964	0.0987	0.2918	0.2316	0.1320	0.1068	0.1004	0.0980	0.0933	0.0907	0.2802	0.1343	0.1082	0.1155	0.0990	0.0949	0.0964	0.0909	0.1742	0.1277	0.1131	0.0953	0.0934	0.0914	0.0915	0.0904	0.1324	0.1064	0.0965	0.0946	0.0945	0.0917	0.0916	0.0906	
0.4853	0.4914	0.3978	0.2587	0.1230	0.1253	0.1029	0.1026	0.4870	0.4621	0.3726	0.2405	0.1288	0.1149	0.1045	0.0985	0.4413	0.4063	0.2699	0.1652	0.1086	0.1022	0.0959	0.0956	0.4166	0.3532	0.2182	0.1385	0.1050	0.1020	0.0965	0.0972	0.3100	0.2437	0.1338	0.1081	0.1010	0.0988	0.0938	0.0918	0.2991	0.1365	0.1088	0.1185	0.0997	0.0957	0.0957	0.0929	0.1772	0.1283	0.1162	0.0961	0.0944	0.0936	0.0914	0.0899	0.1336	0.1069	0.0966	0.0939	0.0947	0.0924	0.0920	0.0912	
0.5100	0.5126	0.4234	0.2808	0.1250	0.1298	0.1045	0.1032	0.5199	0.4997	0.4043	0.2563	0.1278	0.1190	0.1049	0.0982	0.4674	0.4400	0.2937	0.1748	0.1084	0.1041	0.0962	0.0954	0.4339	0.3720	0.2302	0.1424	0.1047	0.1035	0.0974	0.0970	0.3297	0.2551	0.1353	0.1095	0.1008	0.0995	0.0936	0.0920	0.3142	0.1418	0.1123	0.1201	0.0995	0.0957	0.0941	0.0911	0.1877	0.1320	0.1170	0.0965	0.0941	0.0933	0.0917	0.0899	0.1358	0.1076	0.0981	0.0942	0.0943	0.0934	0.0925	0.0901	
0.5350	0.5392	0.4503	0.2982	0.1300	0.1312	0.1046	0.1045	0.5441	0.5220	0.4277	0.2718	0.1316	0.1194	0.1064	0.1004	0.4915	0.4647	0.3149	0.1843	0.1104	0.1046	0.0976	0.0965	0.4608	0.3925	0.2396	0.1475	0.1061	0.1036	0.1001	0.0984	0.3481	0.2697	0.1406	0.1103	0.1026	0.0995	0.0949	0.0922	0.3342	0.1422	0.1130	0.1221	0.1003	0.0959	0.0966	0.0921	0.1939	0.1329	0.1180	0.0971	0.0945	0.0935	0.0922	0.0900	0.1359	0.1085	0.0983	0.0945	0.0954	0.0924	0.0921	0.0909	
0.5593	0.5637	0.4740	0.3185	0.1315	0.1350	0.1052	0.1055	0.5688	0.5444	0.4522	0.2891	0.1350	0.1232	0.1057	0.0999	0.5145	0.4879	0.3311	0.1897	0.1094	0.1053	0.0975	0.0959	0.4812	0.4210	0.2517	0.1520	0.1069	0.1081	0.0980	0.1006	0.3662	0.2793	0.1433	0.1129	0.1020	0.0998	0.0952	0.0913	0.3486	0.1448	0.1108	0.1231	0.1010	0.0966	0.0963	0.0938	0.1988	0.1359	0.1182	0.0961	0.0956	0.0941	0.0920	0.0911	0.1351	0.1083	0.0986	0.0946	0.0954	0.0925	0.0919	0.0918	
0.5799	0.5826	0.4971	0.3408	0.1357	0.1390	0.1075	0.1074	0.5947	0.5729	0.4858	0.3076	0.1396	0.1228	0.1086	0.1000	0.5385	0.5156	0.3568	0.2005	0.1129	0.1066	0.0976	0.0972	0.5088	0.4482	0.2632	0.1536	0.1081	0.1064	0.0994	0.1005	0.3899	0.2928	0.1451	0.1130	0.1029	0.1000	0.0949	0.0922	0.3657	0.1466	0.1152	0.1247	0.1010	0.0964	0.0966	0.0935	0.2078	0.1374	0.1177	0.0974	0.0947	0.0944	0.0925	0.0907	0.1374	0.1078	0.0971	0.0940	0.0958	0.0936	0.0927	0.0911	
0.5993	0.6025	0.5202	0.3618	0.1407	0.1433	0.1085	0.1083	0.6094	0.5910	0.5022	0.3254	0.1397	0.1275	0.1138	0.0996	0.5550	0.5357	0.3774	0.2110	0.1129	0.1084	0.0986	0.0974	0.5300	0.4755	0.2745	0.1586	0.1116	0.1106	0.1001	0.0981	0.4038	0.3064	0.1492	0.1139	0.1033	0.1013	0.0955	0.0932	0.3890	0.1504	0.1202	0.1264	0.1010	0.0956	0.0969	0.0935	0.2148	0.1390	0.1186	0.0973	0.0964	0.0945	0.0927	0.0906	0.1385	0.1077	0.0975	0.0955	0.0953	0.0931	0.0921	0.0903	
0.6190	0.6197	0.5432	0.3895	0.1445	0.1464	0.1083	0.1083	0.6361	0.6207	0.5314	0.3424	0.1451	0.1288	0.1104	0.1010	0.5852	0.5637	0.4024	0.2217	0.1148	0.1065	0.1001	0.0960	0.5539	0.5024	0.2826	0.1653	0.1107	0.1074	0.1006	0.1003	0.4316	0.3235	0.1531	0.1154	0.1036	0.1016	0.0949	0.0928	0.4075	0.1513	0.1168	0.1272	0.1014	0.0958	0.0967	0.0930	0.2202	0.1404	0.1193	0.0977	0.0954	0.0938	0.0917	0.0900	0.1413	0.1103	0.0971	0.0939	0.0969	0.0936	0.0921	0.0900	
0.6296	0.6260	0.5660	0.4127	0.1487	0.1508	0.1109	0.1089	0.6472	0.6378	0.5528	0.3590	0.1483	0.1335	0.1095	0.1022	0.6073	0.5835	0.4235	0.2346	0.1144	0.1083	0.0994	0.0972	0.5808	0.5338	0.3000	0.1705	0.1128	0.1080	0.1011	0.1004	0.4546	0.3370	0.1590	0.1157	0.1037	0.1020	0.0954	0.0920	0.4346	0.1548	0.1176	0.1309	0.1029	0.0972	0.0977	0.0929	0.2272	0.1429	0.1218	0.0985	0.0960	0.0945	0.0917	0.0903	0.1449	0.1120	0.0982	0.0952	0.0967	0.0941	0.0923	0.0912	
0.6362	0.6316	0.5880	0.4366	0.1563	0.1583	0.1134	0.1128	0.6465	0.6408	0.5736	0.3750	0.1553	0.1367	0.1131	0.1022	0.6218	0.5991	0.4505	0.2453	0.1179	0.1098	0.0984	0.0977	0.5981	0.5556	0.3132	0.1764	0.1151	0.1094	0.1017	0.1020	0.4721	0.3487	0.1627	0.1184	0.1046	0.1026	0.0944	0.0920	0.4568	0.1533	0.1189	0.1319	0.1022	0.0966	0.0975	0.0947	0.2369	0.1449	0.1205	0.0979	0.0962	0.0947	0.0924	0.0908	0.1433	0.1105	0.0999	0.0952	0.0962	0.0940	0.0922	0.0907	
0.6432	0.6390	0.6081	0.4639	0.1602	0.1638	0.1148	0.1110	0.6693	0.6579	0.6166	0.4156	0.1607	0.1386	0.1137	0.1050	0.6375	0.6156	0.4879	0.2654	0.1190	0.1113	0.0994	0.0980	0.6103	0.5787	0.3303	0.1851	0.1183	0.1110	0.1038	0.1011	0.5011	0.3694	0.1648	0.1193	0.1062	0.1033	0.0961	0.0926	0.4777	0.1575	0.1213	0.1338	0.1026	0.0971	0.0982	0.0943	0.2446	0.1474	0.1235	0.0988	0.0964	0.0950	0.0926	0.0901	0.1435	0.1125	0.1001	0.0952	0.0966	0.0945	0.0928	0.0902	
0.6484	0.6425	0.6185	0.4885	0.1653	0.1703	0.1163	0.1147	0.6639	0.6547	0.6265	0.4304	0.1657	0.1425	0.1158	0.1056	0.6448	0.6192	0.5073	0.2764	0.1219	0.1137	0.1009	0.0985	0.6182	0.5965	0.3466	0.1892	0.1175	0.1176	0.1045	0.1021	0.5212	0.3897	0.1696	0.1201	0.1067	0.1040	0.0956	0.0937	0.5011	0.1608	0.1205	0.1357	0.1046	0.0978	0.0977	0.0928	0.2570	0.1501	0.1234	0.1005	0.0972	0.0962	0.0935	0.0905	0.1440	0.1136	0.1004	0.0958	0.0980	0.0936	0.0925	0.0917	
0.6407	0.6391	0.6174	0.5080	0.1726	0.1759	0.1180	0.1156	0.6534	0.6489	0.6255	0.4461	0.1690	0.1456	0.1179	0.1053	0.6377	0.6136	0.5241	0.2933	0.1228	0.1140	0.1005	0.0995	0.6182	0.5837	0.3660	0.1935	0.1191	0.1165	0.1045	0.1036	0.5392	0.4049	0.1711	0.1214	0.1077	0.1051	0.0959	0.0931	0.5195	0.1613	0.1214	0.1380	0.1043	0.0963	0.0975	0.0938	0.2658	0.1503	0.1232	0.0988	0.0958	0.0940	0.0931	0.0902	0.1470	0.1129	0.1000	0.0957	0.0972	0.0936	0.0929	0.0908	
0.6450	0.6414	0.6221	0.5315	0.1813	0.1833	0.1208	0.1184	0.6597	0.6521	0.6318	0.4771	0.1781	0.1509	0.1176	0.1057	0.6475	0.6196	0.5532	0.3143	0.1259	0.1162	0.1024	0.1003	0.6223	0.5942	0.3957	0.2001	0.1239	0.1210	0.1056	0.1058	0.5658	0.4366	0.1756	0.1227	0.1068	0.1044	0.0960	0.0933	0.5416	0.1666	0.1240	0.1405	0.1050	0.0979	0.0984	0.0942	0.2804	0.1546	0.1223	0.1001	0.0970	0.0944	0.0927	0.0903	0.1458	0.1120	0.1001	0.0952	0.0974	0.0942	0.0934	0.0916	
0.6478	0.6465	0.6272	0.5567	0.1891	0.1924	0.1258	0.1215	0.6654	0.6584	0.6403	0.5050	0.1814	0.1532	0.1199	0.1061	0.6526	0.6237	0.5755	0.3317	0.1279	0.1161	0.1015	0.0977	0.6256	0.5953	0.4115	0.2064	0.1256	0.1189	0.1068	0.1068	0.5707	0.4494	0.1823	0.1239	0.1070	0.1053	0.0971	0.0932	0.5587	0.1695	0.1239	0.1420	0.1035	0.0990	0.0985	0.0937	0.2863	0.1559	0.1246	0.1005	0.0968	0.0951	0.0921	0.0903	0.1469	0.1132	0.1014	0.0960	0.0971	0.0944	0.0930	0.0910	
0.6536	0.6471	0.6318	0.5787	0.1977	0.2026	0.1235	0.1237	0.6722	0.6657	0.6506	0.5436	0.1896	0.1677	0.1240	0.1092	0.6527	0.6313	0.5927	0.3575	0.1309	0.1187	0.1041	0.0996	0.6338	0.5971	0.4424	0.2157	0.1301	0.1259	0.1110	0.1070	0.5819	0.4676	0.1872	0.1255	0.1083	0.1072	0.0977	0.0931	0.5683	0.1701	0.1254	0.1430	0.1061	0.0985	0.0984	0.0938	0.2972	0.1583	0.1259	0.0998	0.0969	0.0974	0.0933	0.0910	0.1464	0.1151	0.1019	0.0965	0.0974	0.0935	0.0930	0.0911	
0.6554	0.6528	0.6354	0.5987	0.2083	0.2089	0.1266	0.1234	0.6779	0.6677	0.6526	0.5660	0.1983	0.1643	0.1258	0.1097	0.6613	0.6348	0.6006	0.3812	0.1310	0.1198	0.1044	0.0998	0.6227	0.6022	0.4628	0.2251	0.1315	0.1311	0.1128	0.1068	0.5958	0.4878	0.1907	0.1281	0.1098	0.1073	0.0965	0.0950	0.5777	0.1744	0.1282	0.1470	0.1068	0.0987	0.0987	0.0940	0.3073	0.1617	0.1269	0.1018	0.0980	0.0954	0.0941	0.0913	0.1463	0.1154	0.1036	0.0966	0.0968	0.0948	0.0929	0.0920	
0.6564	0.6480	0.6319	0.6027	0.2163	0.2217	0.1289	0.1274	0.6700	0.6589	0.6387	0.5847	0.2059	0.1705	0.1252	0.1134	0.6584	0.6283	0.5940	0.3888	0.1354	0.1226	0.1061	0.1007	0.6303	0.6060	0.4914	0.2324	0.1369	0.1305	0.1163	0.1087	0.5928	0.5094	0.1941	0.1296	0.1094	0.1080	0.0968	0.0936	0.5812	0.1758	0.1272	0.1483	0.1074	0.0983	0.0999	0.0952	0.3175	0.1635	0.1257	0.0999	0.0990	0.0955	0.0931	0.0906	0.1454	0.1152	0.1011	0.0962	0.0986	0.0944	0.0933	0.0916	
0.6588	0.6544	0.6367	0.6185	0.2307	0.2308	0.1336	0.1367	0.6815	0.6737	0.6563	0.6127	0.2148	0.1782	0.1275	0.1116	0.6635	0.6383	0.6030	0.4191	0.1369	0.1223	0.1051	0.1008	0.6347	0.6052	0.5094	0.2421	0.1367	0.1333	0.1170	0.1144	0.5934	0.5279	0.1990	0.1322	0.1114	0.1088	0.0985	0.0943	0.5851	0.1786	0.1289	0.1500	0.1067	0.1003	0.1005	0.0963	0.3330	0.1640	0.1272	0.1022	0.0991	0.0948	0.0937	0.0919	0.1486	0.1147	0.1022	0.0955	0.0984	0.0945	0.0930	0.0921	
0.6607	0.6541	0.6421	0.6210	0.2434	0.2444	0.1355	0.1327	0.6873	0.6742	0.6556	0.6275	0.2270	0.1856	0.1326	0.1132	0.6676	0.6428	0.6103	0.4396	0.1385	0.1251	0.1049	0.1022	0.6389	0.6146	0.5351	0.2537	0.1406	0.1379	0.1239	0.1127	0.5973	0.5471	0.2056	0.1343	0.1114	0.1099	0.0973	0.0943	0.5933	0.1829	0.1309	0.1520	0.1088	0.1007	0.1000	0.0957	0.3456	0.1690	0.1284	0.1025	0.0983	0.0952	0.0936	0.0903	0.1472	0.1168	0.1011	0.0974	0.0986	0.0944	0.0938	0.0922	
0.6586	0.6541	0.6387	0.6186	0.2568	0.2570	0.1412	0.1358	0.6795	0.6658	0.6461	0.6290	0.2384	0.1917	0.1348	0.1156	0.6636	0.6328	0.5991	0.4625	0.1441	0.1287	0.1073	0.1017	0.6223	0.6108	0.5452	0.2582	0.1503	0.1412	0.1216	0.1158	0.5944	0.5501	0.2046	0.1344	0.1138	0.1105	0.0974	0.0933	0.5811	0.1877	0.1313	0.1555	0.1083	0.1013	0.1016	0.0970	0.3477	0.1718	0.1297	0.1007	0.1000	0.0952	0.0938	0.0915	0.1534	0.1165	0.1009	0.0970	0.0998	0.0952	0.0936	0.0919	
0.6611	0.6548	0.6394	0.6229	0.2741	0.2720	0.1430	0.1398	0.6817	0.6669	0.6477	0.6313	0.2502	0.1997	0.1356	0.1157	0.6683	0.6342	0.6062	0.4873	0.1465	0.1304	0.1072	0.1031	0.6317	0.6112	0.5556	0.2667	0.1477	0.1479	0.1251	0.1181	0.5966	0.5560	0.2095	0.1361	0.1127	0.1116	0.0978	0.0940	0.5855	0.1869	0.1316	0.1549	0.1100	0.1001	0.1008	0.0959	0.3612	0.1747	0.1286	0.1029	0.0987	0.0960	0.0917	0.0915	0.1519	0.1163	0.1012	0.0961	0.1007	0.0965	0.0938	0.0907	
0.6630	0.6594	0.6432	0.6257	0.2852	0.2872	0.1474	0.1439	0.6946	0.6816	0.6653	0.6424	0.2592	0.2061	0.1388	0.1174	0.6703	0.6411	0.6144	0.5194	0.1464	0.1324	0.1104	0.1025	0.6445	0.6228	0.5679	0.2741	0.1589	0.1498	0.1280	0.1188	0.6066	0.5559	0.2177	0.1374	0.1138	0.1118	0.0985	0.0945	0.5899	0.1918	0.1331	0.1600	0.1089	0.1003	0.1007	0.0967	0.3761	0.1755	0.1295	0.1032	0.1007	0.0960	0.0935	0.0917	0.1527	0.1176	0.1020	0.0975	0.1014	0.0951	0.0936	0.0922	
0.6695	0.6644	0.6471	0.6309	0.3015	0.3031	0.1501	0.1475	0.6896	0.6738	0.6540	0.6384	0.2739	0.2141	0.1427	0.1196	0.6763	0.6435	0.6096	0.5412	0.1540	0.1345	0.1093	0.1040	0.6467	0.6246	0.5510	0.2863	0.1578	0.1542	0.1328	0.1229	0.6099	0.5559	0.2263	0.1387	0.1145	0.1118	0.0991	0.0952	0.5993	0.1946	0.1369	0.1610	0.1112	0.1009	0.1004	0.0955	0.3947	0.1788	0.1301	0.1031	0.1008	0.0968	0.0939	0.0926	0.1524	0.1174	0.1008	0.0968	0.1026	0.0952	0.0940	0.0925	
0.6669	0.6610	0.6447	0.6238	0.3204	0.3246	0.1601	0.1529	0.6858	0.6672	0.6481	0.6311	0.2933	0.2288	0.1489	0.1235	0.6752	0.6413	0.6070	0.5528	0.1560	0.1383	0.1129	0.1045	0.6492	0.6276	0.5524	0.2943	0.1715	0.1662	0.1364	0.1340	0.6079	0.5499	0.2279	0.1426	0.1182	0.1145	0.0995	0.0956	0.5926	0.1958	0.1349	0.1629	0.1123	0.1019	0.1027	0.0986	0.4039	0.1803	0.1321	0.1034	0.1021	0.0978	0.0960	0.0931	0.1538	0.1190	0.1020	0.0983	0.1024	0.0973	0.0960	0.0931	
0.6672	0.6636	0.6443	0.6278	0.3478	0.3426	0.1628	0.1567	0.6886	0.6744	0.6543	0.6401	0.3069	0.2329	0.1505	0.1243	0.6767	0.6460	0.6111	0.5664	0.1614	0.1396	0.1142	0.1047	0.6533	0.6284	0.5488	0.3010	0.1715	0.1663	0.1379	0.1355	0.6137	0.5573	0.2322	0.1413	0.1162	0.1163	0.0987	0.0955	0.6009	0.2000	0.1375	0.1657	0.1118	0.1018	0.1027	0.0975	0.4198	0.1851	0.1304	0.1035	0.1023	0.0956	0.0938	0.0930	0.1566	0.1186	0.1022	0.0976	0.1033	0.0958	0.0949	0.0919	
0.6744	0.6706	0.6509	0.6368	0.3658	0.3681	0.1693	0.1647	0.7055	0.6880	0.6677	0.6519	0.3253	0.2477	0.1568	0.1274	0.6832	0.6563	0.6252	0.5816	0.1637	0.1443	0.1164	0.1061	0.6504	0.6302	0.5617	0.3149	0.1758	0.1735	0.1461	0.1428	0.6101	0.5656	0.2405	0.1457	0.1197	0.1174	0.0995	0.0958	0.6012	0.2065	0.1391	0.1698	0.1141	0.1032	0.1031	0.0992	0.4342	0.1875	0.1328	0.1043	0.1039	0.0980	0.0943	0.0934	0.1527	0.1193	0.1017	0.0970	0.1028	0.0960	0.0956	0.0928	
0.6728	0.6711	0.6530	0.6316	0.3870	0.3819	0.1759	0.1686	0.7034	0.6813	0.6607	0.6399	0.3402	0.2599	0.1566	0.1309	0.6848	0.6538	0.6171	0.5742	0.1700	0.1478	0.1185	0.1058	0.6637	0.6410	0.5708	0.3231	0.1818	0.1818	0.1483	0.1399	0.6148	0.5662	0.2360	0.1460	0.1195	0.1181	0.0997	0.0964	0.6082	0.2058	0.1390	0.1673	0.1131	0.1027	0.1029	0.0997	0.4495	0.1898	0.1332	0.1043	0.1050	0.0969	0.0951	0.0938	0.1511	0.1178	0.1017	0.0983	0.1045	0.0969	0.0956	0.0926	
0.6763	0.6687	0.6505	0.6340	0.4113	0.4080	0.1823	0.1747	0.6997	0.6798	0.6613	0.6446	0.3608	0.2743	0.1654	0.1328	0.6843	0.6535	0.6142	0.5767	0.1757	0.1482	0.1189	0.1071	0.6516	0.6368	0.5604	0.3294	0.1986	0.1861	0.1534	0.1444	0.6133	0.5637	0.2420	0.1447	0.1207	0.1192	0.1022	0.0956	0.6001	0.2084	0.1396	0.1710	0.1158	0.1037	0.1040	0.1020	0.4589	0.1909	0.1324	0.1034	0.1053	0.0988	0.0949	0.0942	0.1546	0.1186	0.1032	0.0982	0.1069	0.0990	0.0973	0.0937	
0.6757	0.6733	0.6546	0.6364	0.4373	0.4307	0.1918	0.1810	0.7069	0.6862	0.6665	0.6491	0.3855	0.2898	0.1716	0.1365	0.6878	0.6584	0.6219	0.5815	0.1813	0.1541	0.1209	0.1092	0.6601	0.6402	0.5662	0.3390	0.1949	0.1953	0.1614	0.1476	0.6143	0.5694	0.2511	0.1470	0.1237	0.1224	0.1014	0.0977	0.6109	0.2142	0.1422	0.1732	0.1178	0.1050	0.1073	0.1014	0.4768	0.1961	0.1324	0.1044	0.1068	0.0978	0.0962	0.0954	0.1541	0.1193	0.1021	0.0974	0.1071	0.0967	0.0962	0.0951	
0.6873	0.6806	0.6598	0.6402	0.4660	0.4539	0.2040	0.1900	0.7168	0.6961	0.6752	0.6586	0.4021	0.3023	0.1771	0.1377	0.6960	0.6641	0.6288	0.5911	0.1878	0.1573	0.1205	0.1091	0.6644	0.6473	0.5716	0.3520	0.2098	0.2074	0.1698	0.1545	0.6250	0.5731	0.2589	0.1523	0.1230	0.1229	0.1007	0.0968	0.6077	0.2145	0.1428	0.1734	0.1180	0.1064	0.1063	0.1020	0.4910	0.1978	0.1343	0.1045	0.1090	0.0993	0.0961	0.0954	0.1568	0.1195	0.1037	0.0988	0.1087	0.0977	0.0970	0.0933	
0.6827	0.6805	0.6586	0.6383	0.4940	0.4851	0.2100	0.1987	0.7109	0.6870	0.6674	0.6475	0.4311	0.3203	0.1831	0.1416	0.6950	0.6606	0.6221	0.5802	0.1937	0.1599	0.1228	0.1112	0.6604	0.6439	0.5700	0.3627	0.2151	0.2094	0.1752	0.1612	0.6188	0.5709	0.2597	0.1493	0.1256	0.1251	0.1009	0.0988	0.6102	0.2195	0.1414	0.1748	0.1210	0.1053	0.1099	0.1044	0.5050	0.1995	0.1339	0.1047	0.1097	0.0990	0.0964	0.0951	0.1571	0.1212	0.1039	0.0977	0.1099	0.0990	0.0983	0.0952	
0.6839	0.6843	0.6634	0.6427	0.5132	0.5093	0.2141	0.2047	0.7182	0.6922	0.6713	0.6530	0.4490	0.3360	0.1850	0.1450	0.6964	0.6644	0.6269	0.5879	0.1992	0.1650	0.1244	0.1102	0.6684	0.6495	0.5787	0.3894	0.2257	0.2188	0.1877	0.1687	0.6291	0.5739	0.2736	0.1531	0.1249	0.1263	0.1026	0.0982	0.6149	0.2226	0.1428	0.1787	0.1195	0.1064	0.1083	0.1037	0.5167	0.2012	0.1359	0.1066	0.1117	0.0985	0.0963	0.0971	0.1577	0.1196	0.1028	0.0969	0.1118	0.1002	0.0982	0.0957	
0.6895	0.6849	0.6629	0.6430	0.5457	0.5287	0.2278	0.2156	0.7221	0.6995	0.6787	0.6569	0.4764	0.3548	0.1969	0.1481	0.7022	0.6715	0.6360	0.5934	0.2053	0.1708	0.1261	0.1109	0.6664	0.6529	0.5757	0.4067	0.2326	0.2282	0.1959	0.1741	0.6247	0.5776	0.2826	0.1529	0.1279	0.1302	0.1019	0.0992	0.6201	0.2246	0.1435	0.1793	0.1210	0.1077	0.1080	0.1063	0.5335	0.2003	0.1356	0.1056	0.1130	0.1004	0.0976	0.0963	0.1525	0.1187	0.1030	0.0976	0.1133	0.0996	0.0979	0.0956	
0.6903	0.6886	0.6677	0.6477	0.5676	0.5522	0.2390	0.2251	0.7283	0.7039	0.6805	0.6632	0.4967	0.3699	0.2023	0.1514	0.7094	0.6737	0.6362	0.5903	0.2124	0.1738	0.1320	0.1132	0.6704	0.6582	0.5800	0.4230	0.2457	0.2403	0.1999	0.1821	0.6213	0.5781	0.2903	0.1563	0.1288	0.1297	0.1037	0.0995	0.6203	0.2282	0.1455	0.1824	0.1232	0.1081	0.1116	0.1063	0.5344	0.2070	0.1352	0.1056	0.1170	0.1004	0.0984	0.0977	0.1547	0.1206	0.1030	0.0982	0.1161	0.1010	0.0995	0.0969	
0.6974	0.6927	0.6703	0.6478	0.5971	0.5774	0.2525	0.2379	0.7294	0.7000	0.6762	0.6572	0.5261	0.3974	0.2120	0.1562	0.7039	0.6736	0.6346	0.5916	0.2222	0.1795	0.1341	0.1155	0.6708	0.6598	0.5840	0.4419	0.2540	0.2638	0.2143	0.1976	0.6322	0.5814	0.2930	0.1569	0.1307	0.1351	0.1025	0.0990	0.6194	0.2329	0.1476	0.1856	0.1263	0.1085	0.1103	0.1102	0.5343	0.2111	0.1387	0.1062	0.1209	0.1020	0.0980	0.0991	0.1554	0.1230	0.1058	0.0994	0.1190	0.1016	0.0989	0.0968	
