0.0856	0.0861	0.0880	0.0877	0.0894	0.0897	0.0905	0.0908	0.0991	0.0894	0.0955	0.0914	0.0932	0.0922	0.1002	0.0901	0.0893	0.0914	0.0901	0.0914	0.0901	0.0888	0.0870	0.0884	0.0900	0.0891	0.0887	0.0880	0.0888	0.0910	0.0961	0.0912	0.0878	0.0901	0.0896	0.0906	0.0906	0.0921	0.0962	0.0827	0.0892	0.1242	0.0912	0.0912	0.0930	0.0931	0.0877	0.0848	0.1036	0.0912	0.0978	0.0897	0.0933	0.0901	0.0918	0.0901	0.0894	0.0908	0.0902	0.0903	0.0903	0.0877	0.0916	0.0993	
0.0891	0.0875	0.0882	0.0929	0.0903	0.0880	0.0921	0.0895	0.0992	0.0890	0.0948	0.0926	0.0919	0.0926	0.0966	0.0896	0.0897	0.0950	0.0914	0.0923	0.0891	0.0888	0.0883	0.0889	0.0884	0.0883	0.0895	0.0878	0.0890	0.0884	0.0927	0.0895	0.0889	0.0894	0.0901	0.0895	0.0903	0.0918	0.0950	0.0870	0.0872	0.1102	0.0904	0.0883	0.0942	0.0886	0.0881	0.0864	0.1053	0.0900	0.0986	0.0913	0.0922	0.0902	0.0920	0.0912	0.0870	0.0892	0.0902	0.0903	0.0925	0.0915	0.0910	0.0958	
0.0892	0.0877	0.0904	0.0933	0.0910	0.0887	0.0923	0.0897	0.0934	0.0883	0.0949	0.0922	0.0930	0.0929	0.0972	0.0902	0.0890	0.1121	0.0906	0.0964	0.0898	0.0893	0.0887	0.0896	0.0895	0.0884	0.0888	0.0883	0.0893	0.0901	0.0935	0.0926	0.0866	0.0900	0.0897	0.0898	0.0909	0.0909	0.0946	0.0864	0.0886	0.1123	0.0911	0.0895	0.0954	0.0900	0.0870	0.0866	0.1063	0.0911	0.0992	0.0925	0.0921	0.0904	0.0902	0.0911	0.0878	0.0895	0.0907	0.0904	0.0921	0.0919	0.0910	0.0953	
0.0904	0.0885	0.0916	0.0903	0.0918	0.0901	0.0918	0.0919	0.0970	0.0901	0.0951	0.0936	0.0945	0.0941	0.0986	0.0915	0.0911	0.0924	0.0921	0.0928	0.0903	0.0892	0.0896	0.0889	0.0883	0.0883	0.0910	0.0893	0.0926	0.0914	0.0962	0.0936	0.0886	0.0908	0.0914	0.0906	0.0934	0.0926	0.0969	0.0863	0.0900	0.1109	0.0924	0.0906	0.0970	0.0913	0.0862	0.0863	0.1074	0.0929	0.1013	0.0946	0.0933	0.0923	0.0929	0.0922	0.0894	0.0896	0.0929	0.0897	0.0936	0.0932	0.0915	0.0966	
0.0904	0.0902	0.0905	0.0928	0.0921	0.0901	0.0921	0.0920	0.0953	0.0906	0.0957	0.0925	0.0932	0.0939	0.0985	0.0913	0.0905	0.0912	0.0922	0.0926	0.0911	0.0896	0.0892	0.0886	0.0896	0.0907	0.0909	0.0898	0.0909	0.0912	0.0949	0.0945	0.0873	0.0911	0.0910	0.0906	0.0927	0.0924	0.0964	0.0858	0.0897	0.1096	0.0917	0.0911	0.0960	0.0906	0.0863	0.0855	0.1061	0.0920	0.1000	0.0932	0.0935	0.0916	0.0928	0.0925	0.0895	0.0907	0.0914	0.0915	0.0942	0.0923	0.0920	0.0970	
0.0892	0.0869	0.0908	0.0899	0.0908	0.0909	0.0896	0.0897	0.0940	0.0869	0.0941	0.0917	0.0921	0.0924	0.0969	0.0895	0.0883	0.0891	0.0906	0.0908	0.0877	0.0884	0.0881	0.0884	0.0889	0.0876	0.0884	0.0869	0.0896	0.0899	0.0927	0.0904	0.0863	0.0894	0.0892	0.0882	0.0899	0.0900	0.0940	0.0858	0.0880	0.1082	0.0903	0.0883	0.0933	0.0882	0.0843	0.0842	0.1047	0.0905	0.0989	0.0923	0.0914	0.0899	0.0914	0.0904	0.0879	0.0884	0.0892	0.0882	0.0914	0.0908	0.0905	0.0941	
0.0892	0.0872	0.0886	0.0901	0.0896	0.0888	0.0885	0.0888	0.0945	0.0877	0.0931	0.0905	0.0923	0.0928	0.0976	0.0902	0.0895	0.0896	0.0908	0.0910	0.0886	0.0881	0.0881	0.0883	0.0888	0.0888	0.0883	0.0873	0.0890	0.0898	0.0939	0.0897	0.0874	0.0893	0.0903	0.0893	0.0905	0.0908	0.0950	0.0856	0.0884	0.1087	0.0903	0.0894	0.0950	0.0885	0.0845	0.0840	0.1060	0.0902	0.0993	0.0919	0.0922	0.0890	0.0906	0.0898	0.0876	0.0891	0.0894	0.0895	0.0919	0.0900	0.0911	0.0944	
0.0894	0.0881	0.0895	0.0899	0.0893	0.0894	0.0903	0.0899	0.0953	0.0899	0.0946	0.0919	0.0918	0.0932	0.0973	0.0902	0.0895	0.0892	0.0894	0.0906	0.0890	0.0880	0.0884	0.0883	0.0889	0.0888	0.0879	0.0864	0.0885	0.0898	0.0927	0.0900	0.0874	0.0898	0.0897	0.0887	0.0905	0.0911	0.0951	0.0858	0.0876	0.1066	0.0896	0.0894	0.0948	0.0897	0.0844	0.0834	0.1038	0.0904	0.0979	0.0915	0.0915	0.0906	0.0917	0.0914	0.0889	0.0891	0.0886	0.0885	0.0916	0.0915	0.0911	0.0960	
0.0899	0.0882	0.0896	0.0913	0.0898	0.0904	0.0942	0.0909	0.0932	0.0896	0.0944	0.0916	0.0908	0.0926	0.0962	0.0902	0.0877	0.0882	0.0892	0.0914	0.0884	0.0887	0.0887	0.0882	0.0877	0.0875	0.0879	0.0878	0.0895	0.0905	0.0933	0.0892	0.0863	0.0898	0.0896	0.0895	0.0912	0.0907	0.0951	0.0848	0.0883	0.1083	0.0905	0.0901	0.0935	0.0891	0.0843	0.0835	0.1045	0.0906	0.0996	0.0928	0.0915	0.0903	0.0922	0.0902	0.0878	0.0899	0.0897	0.0890	0.0919	0.0895	0.0903	0.0955	
0.0917	0.0898	0.0907	0.0929	0.0928	0.0931	0.0943	0.0927	0.0948	0.0903	0.0950	0.0945	0.0927	0.0950	0.0993	0.0916	0.0895	0.0918	0.0913	0.0930	0.0907	0.0909	0.0910	0.0902	0.0901	0.0911	0.0910	0.0896	0.0908	0.0904	0.0943	0.0922	0.0883	0.0915	0.0931	0.0912	0.0925	0.0922	0.0964	0.0843	0.0905	0.1103	0.0925	0.0913	0.0962	0.0906	0.0835	0.0837	0.1083	0.0925	0.1008	0.0927	0.0929	0.0908	0.0923	0.0928	0.0905	0.0916	0.0911	0.0927	0.0945	0.0890	0.0917	0.0955	
0.0918	0.0893	0.0930	0.0926	0.0918	0.0907	0.0949	0.0916	0.0940	0.0903	0.0953	0.0928	0.0916	0.0937	0.0980	0.0911	0.0892	0.0907	0.0917	0.0923	0.0906	0.0888	0.0893	0.0893	0.0891	0.0894	0.0890	0.0890	0.0894	0.0905	0.0934	0.0986	0.0868	0.0911	0.0912	0.0893	0.0920	0.0921	0.0951	0.0842	0.0887	0.1102	0.0915	0.0894	0.0959	0.0910	0.0839	0.0833	0.1063	0.0921	0.1001	0.0940	0.0917	0.0915	0.0922	0.0917	0.0884	0.0908	0.0912	0.0904	0.0935	0.0888	0.0917	0.0958	
0.0932	0.0903	0.0915	0.0913	0.0923	0.0907	0.0918	0.0912	0.0952	0.0909	0.0968	0.0936	0.0924	0.0947	0.0987	0.0913	0.0905	0.0915	0.0927	0.0934	0.0914	0.0911	0.0909	0.0897	0.0905	0.0910	0.0905	0.0902	0.0911	0.0911	0.0958	0.0909	0.0890	0.0931	0.0906	0.0898	0.0918	0.0917	0.0957	0.0837	0.0877	0.1095	0.0917	0.0917	0.0965	0.0902	0.0830	0.0826	0.1063	0.0923	0.1013	0.0940	0.0930	0.0919	0.0932	0.0925	0.0905	0.0911	0.0914	0.0932	0.0929	0.0903	0.0918	0.0963	
0.0924	0.0894	0.0926	0.0926	0.0916	0.0897	0.0940	0.0902	0.0950	0.0914	0.0960	0.0939	0.0928	0.0949	0.0996	0.0913	0.0896	0.0912	0.0936	0.0923	0.0908	0.0912	0.0905	0.0912	0.0908	0.0907	0.0906	0.0904	0.0922	0.0920	0.0955	0.0957	0.0889	0.0945	0.0918	0.0903	0.0929	0.0925	0.0970	0.0842	0.0898	0.1104	0.0931	0.0909	0.0968	0.0909	0.0837	0.0828	0.1078	0.0927	0.1011	0.0951	0.0933	0.0925	0.0924	0.0931	0.0917	0.0910	0.0914	0.0974	0.0925	0.0896	0.0915	0.0964	
0.0927	0.0892	0.0914	0.0925	0.0918	0.0901	0.0915	0.0911	0.0948	0.0902	0.0958	0.0931	0.0920	0.0941	0.0993	0.0905	0.0889	0.0909	0.0918	0.0926	0.0891	0.0889	0.0901	0.0899	0.0900	0.0905	0.0900	0.0908	0.0906	0.0909	0.0945	0.0910	0.0881	0.0938	0.0915	0.0899	0.0917	0.0921	0.0957	0.0842	0.0901	0.1098	0.0924	0.0898	0.0966	0.0901	0.0828	0.0834	0.1075	0.0920	0.0998	0.0937	0.0921	0.0915	0.0918	0.0931	0.0899	0.0907	0.0914	0.0908	0.0934	0.0892	0.0908	0.0956	
0.0912	0.0889	0.0923	0.0932	0.0918	0.0912	0.0958	0.0918	0.0952	0.0903	0.0954	0.0936	0.0919	0.0942	0.0997	0.0901	0.0906	0.0902	0.0924	0.0919	0.0904	0.0897	0.0906	0.0895	0.0899	0.0902	0.0906	0.0897	0.0911	0.0910	0.0952	0.0975	0.0879	0.0918	0.0914	0.0918	0.0926	0.0918	0.0956	0.0836	0.0894	0.1099	0.0910	0.0915	0.0962	0.0889	0.0834	0.0824	0.1061	0.0924	0.1004	0.0934	0.0932	0.0907	0.0912	0.0917	0.0896	0.0908	0.0905	0.0911	0.0935	0.0891	0.0914	0.0964	
0.0940	0.0924	0.0915	0.0941	0.0927	0.0916	0.0939	0.0932	0.0976	0.0934	0.0989	0.0961	0.0955	0.0966	0.1019	0.0937	0.0912	0.0937	0.0940	0.0942	0.0918	0.0915	0.0914	0.0909	0.0933	0.0931	0.0924	0.0907	0.0932	0.0938	0.0971	0.0974	0.0911	0.0946	0.0941	0.0945	0.0957	0.0942	0.0984	0.0839	0.0919	0.1110	0.0940	0.0925	0.0968	0.0920	0.0825	0.0831	0.1093	0.0942	0.1036	0.0960	0.0936	0.0932	0.0948	0.0939	0.0919	0.0922	0.0917	0.0934	0.0950	0.0881	0.0935	0.0974	
0.0937	0.0922	0.0953	0.0974	0.0953	0.0929	0.0976	0.0941	0.0977	0.0935	0.0987	0.0963	0.0953	0.0967	0.1023	0.0930	0.0922	0.0941	0.0947	0.0953	0.0926	0.0922	0.0933	0.0920	0.0924	0.0935	0.0933	0.0923	0.0943	0.0940	0.0979	0.0989	0.0910	0.0971	0.0934	0.0928	0.0955	0.0936	0.0990	0.0842	0.0918	0.1124	0.0949	0.0939	0.0984	0.0930	0.0833	0.0834	0.1096	0.0949	0.1015	0.0951	0.0931	0.0929	0.0942	0.0927	0.0926	0.0922	0.0936	0.0927	0.0960	0.0883	0.0937	0.0983	
0.0943	0.0921	0.0933	0.0963	0.0965	0.0947	0.0965	0.0947	0.0987	0.0943	0.0986	0.0950	0.0943	0.0957	0.1021	0.0949	0.0927	0.0951	0.0952	0.1039	0.0962	0.0924	0.0935	0.0930	0.0942	0.0938	0.0937	0.0939	0.0950	0.0941	0.0977	0.1010	0.0914	0.0977	0.0946	0.0971	0.0960	0.0955	0.0998	0.0840	0.0936	0.1134	0.0946	0.0931	0.0983	0.0937	0.0829	0.0828	0.1097	0.0944	0.1040	0.0960	0.0955	0.0943	0.0948	0.0941	0.0936	0.0947	0.0939	0.0939	0.0960	0.0874	0.0933	0.0979	
0.0956	0.0924	0.0946	0.0934	0.0957	0.0946	0.0965	0.0940	0.0986	0.0931	0.0987	0.0956	0.0950	0.0969	0.1026	0.0938	0.0921	0.0941	0.0940	0.0950	0.0914	0.0932	0.0926	0.0918	0.0921	0.0928	0.0937	0.0927	0.0939	0.0943	0.0960	0.0911	0.0911	0.0964	0.0940	0.0928	0.0949	0.0933	0.0978	0.0843	0.0930	0.1137	0.0940	0.0927	0.0978	0.0917	0.0835	0.0838	0.1095	0.0951	0.1035	0.0957	0.0946	0.0937	0.0946	0.0925	0.0937	0.0942	0.0930	0.0933	0.0963	0.0887	0.0932	0.0976	
0.0958	0.0922	0.0950	0.0964	0.0954	0.0945	0.0958	0.0944	0.0986	0.0934	0.0990	0.0956	0.0955	0.0965	0.1022	0.0934	0.0927	0.0941	0.0939	0.0956	0.0935	0.0928	0.0919	0.0918	0.0928	0.0927	0.0932	0.0923	0.0939	0.0937	0.0958	0.0924	0.0932	0.0964	0.0940	0.0925	0.0940	0.0943	0.0986	0.0843	0.0917	0.1135	0.0946	0.0924	0.0977	0.0919	0.0838	0.0838	0.1076	0.0943	0.1005	0.0955	0.0928	0.0941	0.0933	0.0923	0.0929	0.0932	0.0926	0.0921	0.0939	0.0896	0.0936	0.0975	
0.0952	0.0930	0.0950	0.0959	0.0955	0.0939	0.0987	0.0939	0.0991	0.0931	0.0995	0.0971	0.0946	0.0975	0.1025	0.0930	0.0928	0.0950	0.0957	0.0955	0.0937	0.0922	0.0921	0.0915	0.0938	0.0937	0.0933	0.0928	0.0934	0.0928	0.0965	0.0933	0.0935	0.0969	0.0945	0.0930	0.0949	0.0937	0.0972	0.0844	0.0929	0.1122	0.0947	0.0914	0.0970	0.0921	0.0836	0.0837	0.1088	0.0936	0.1027	0.0956	0.0933	0.0927	0.0939	0.0926	0.0923	0.0924	0.0929	0.0929	0.0940	0.0906	0.0932	0.0967	
0.0971	0.0942	0.0975	0.0970	0.0971	0.0972	0.0974	0.0968	0.1009	0.0948	0.1007	0.0981	0.0969	0.0986	0.1048	0.0951	0.0943	0.0964	0.0976	0.1041	0.0949	0.0936	0.0937	0.0936	0.0940	0.0958	0.0956	0.0943	0.0955	0.0950	0.0987	0.1056	0.0942	0.0979	0.0940	0.0940	0.0948	0.0950	0.0991	0.0851	0.0951	0.1159	0.0970	0.0940	0.0996	0.0928	0.0834	0.0832	0.1112	0.0957	0.1035	0.0963	0.0960	0.0955	0.0943	0.0941	0.0948	0.0949	0.0932	0.0944	0.0960	0.0904	0.0951	0.0987	
0.0991	0.0967	0.0995	0.0974	0.0974	0.0951	0.0961	0.0955	0.1018	0.0958	0.1015	0.0985	0.0974	0.0989	0.1046	0.0952	0.0956	0.0977	0.0993	0.0973	0.0942	0.0947	0.0926	0.0930	0.0953	0.0965	0.0957	0.0949	0.0952	0.0950	0.0970	0.0943	0.0956	0.0977	0.0959	0.0956	0.0950	0.0947	0.0984	0.0849	0.0946	0.1143	0.0961	0.0931	0.0986	0.0927	0.0832	0.0836	0.1097	0.0969	0.1041	0.0971	0.0961	0.0940	0.0949	0.0934	0.0940	0.0957	0.0956	0.0940	0.0966	0.0894	0.0935	0.0986	
0.0979	0.0981	0.0969	0.0984	0.1010	0.0972	0.0981	0.0968	0.1022	0.0987	0.1032	0.0996	0.0992	0.0992	0.1050	0.0944	0.0969	0.0984	0.0980	0.0979	0.0952	0.0944	0.0945	0.0946	0.0965	0.0958	0.0955	0.0962	0.0961	0.0953	0.0983	0.0936	0.0952	0.0987	0.0953	0.0958	0.0970	0.0955	0.0996	0.0847	0.0962	0.1157	0.0967	0.0949	0.1005	0.0939	0.0831	0.0838	0.1122	0.0958	0.1046	0.0972	0.0964	0.0944	0.0936	0.0945	0.0949	0.0946	0.0945	0.0939	0.0971	0.0887	0.0947	0.0980	
0.1012	0.0983	0.1009	0.1006	0.1007	0.0983	0.1018	0.0986	0.1044	0.0993	0.1038	0.1011	0.1002	0.1020	0.1060	0.0969	0.0971	0.0983	0.0985	0.1005	0.0969	0.0959	0.0948	0.0955	0.0989	0.0986	0.0973	0.0971	0.0971	0.0973	0.0988	0.0962	0.0982	0.1006	0.0969	0.0961	0.0967	0.0964	0.1000	0.0854	0.0981	0.1186	0.0966	0.0957	0.1013	0.0943	0.0841	0.0848	0.1132	0.0978	0.1056	0.0983	0.0976	0.0958	0.0951	0.0950	0.0980	0.0972	0.0958	0.0946	0.0989	0.0898	0.0952	0.0996	
0.1003	0.0978	0.0988	0.1029	0.1012	0.0987	0.0979	0.0986	0.1042	0.0980	0.1035	0.1014	0.0996	0.1009	0.1052	0.0960	0.0972	0.0996	0.0994	0.0988	0.0975	0.0960	0.0941	0.0948	0.0992	0.0987	0.0980	0.0961	0.0969	0.0975	0.1001	0.0954	0.0973	0.1007	0.0964	0.0966	0.0966	0.0948	0.0989	0.0854	0.0964	0.1169	0.0962	0.0956	0.0991	0.0940	0.0837	0.0843	0.1143	0.0993	0.1048	0.0969	0.0961	0.0933	0.0937	0.0924	0.0967	0.0969	0.0943	0.0934	0.0974	0.0879	0.0952	0.0979	
0.1037	0.1014	0.1013	0.1038	0.1030	0.1000	0.0996	0.0987	0.1070	0.1018	0.1059	0.1031	0.1013	0.1011	0.1087	0.0964	0.0997	0.1012	0.1023	0.1014	0.0991	0.0956	0.0957	0.0946	0.1018	0.1014	0.0995	0.0972	0.0981	0.0967	0.0993	0.0947	0.0995	0.1017	0.0983	0.0970	0.1004	0.0971	0.0999	0.0858	0.0978	0.1192	0.0984	0.0979	0.1002	0.0942	0.0840	0.0858	0.1146	0.1020	0.1067	0.0974	0.0966	0.0959	0.0950	0.0966	0.0968	0.0979	0.0965	0.0953	0.0990	0.0902	0.0954	0.0991	
0.1044	0.1041	0.1036	0.1039	0.1051	0.1015	0.1011	0.1004	0.1074	0.1012	0.1059	0.1029	0.1012	0.1001	0.1077	0.0965	0.1015	0.1023	0.1019	0.1016	0.0988	0.0976	0.0953	0.0951	0.1016	0.1009	0.0983	0.0972	0.0992	0.0969	0.0992	0.0980	0.1001	0.1022	0.0994	0.0975	0.0991	0.0961	0.1014	0.0859	0.0979	0.1162	0.0990	0.0967	0.1015	0.0949	0.0844	0.0846	0.1144	0.1040	0.1069	0.0992	0.0978	0.0957	0.0950	0.0956	0.0964	0.0965	0.0955	0.0952	0.0978	0.0891	0.0950	0.0990	
0.1068	0.1055	0.1052	0.1064	0.1061	0.1010	0.1024	0.0990	0.1080	0.1045	0.1094	0.1045	0.1030	0.1031	0.1072	0.0972	0.1021	0.1028	0.1027	0.1062	0.0982	0.0974	0.0948	0.0935	0.1028	0.1023	0.0996	0.0970	0.0986	0.0970	0.1004	0.0941	0.1007	0.1024	0.0981	0.0985	0.0980	0.0954	0.1006	0.0854	0.1006	0.1185	0.0986	0.0959	0.1005	0.0944	0.0842	0.0856	0.1159	0.0990	0.1054	0.0981	0.0965	0.0949	0.0947	0.0941	0.0982	0.0977	0.0965	0.0950	0.0985	0.0886	0.0944	0.0987	
0.1086	0.1093	0.1074	0.1092	0.1072	0.1037	0.1035	0.1018	0.1123	0.1056	0.1110	0.1071	0.1050	0.1030	0.1085	0.0976	0.1027	0.1040	0.1038	0.1025	0.0991	0.0974	0.0952	0.0956	0.1048	0.1031	0.1001	0.0979	0.0987	0.0965	0.0995	0.0977	0.1020	0.1032	0.1002	0.0982	0.0982	0.0960	0.0992	0.0849	0.0999	0.1197	0.0999	0.0964	0.1016	0.0941	0.0827	0.0850	0.1165	0.1006	0.1067	0.0972	0.0958	0.0937	0.0945	0.0940	0.0985	0.0971	0.0958	0.0958	0.0976	0.0872	0.0932	0.0975	
0.1134	0.1101	0.1092	0.1112	0.1110	0.1055	0.1053	0.1018	0.1172	0.1079	0.1125	0.1068	0.1047	0.1031	0.1091	0.0986	0.1069	0.1091	0.1058	0.1052	0.0998	0.0977	0.0967	0.0969	0.1079	0.1069	0.1028	0.1010	0.0995	0.0994	0.1017	0.1001	0.1046	0.1066	0.1020	0.1001	0.1005	0.0966	0.1007	0.0848	0.1020	0.1213	0.1005	0.0976	0.1023	0.0961	0.0841	0.0852	0.1189	0.1039	0.1062	0.0985	0.0959	0.0938	0.0937	0.0930	0.0993	0.0984	0.0977	0.0964	0.0980	0.0884	0.0943	0.0981	
0.1164	0.1135	0.1115	0.1133	0.1103	0.1074	0.1053	0.1029	0.1182	0.1111	0.1156	0.1102	0.1084	0.1051	0.1100	0.0990	0.1129	0.1101	0.1085	0.1054	0.1017	0.0985	0.0960	0.0955	0.1097	0.1082	0.1036	0.1015	0.1002	0.0986	0.0996	0.0964	0.1078	0.1066	0.1026	0.1015	0.1004	0.0981	0.1024	0.0849	0.1046	0.1215	0.1019	0.0976	0.1018	0.0957	0.0840	0.0852	0.1199	0.1014	0.1085	0.0983	0.0963	0.0946	0.0953	0.0946	0.1000	0.0974	0.0957	0.0942	0.0980	0.0893	0.0948	0.0982	
0.1184	0.1163	0.1158	0.1168	0.1160	0.1090	0.1084	0.1035	0.1206	0.1131	0.1182	0.1124	0.1108	0.1082	0.1115	0.0998	0.1126	0.1129	0.1101	0.1064	0.1028	0.1001	0.0995	0.0990	0.1139	0.1104	0.1060	0.1040	0.1031	0.1003	0.1024	0.1034	0.1107	0.1084	0.1049	0.1021	0.1017	0.0994	0.1025	0.0852	0.1081	0.1277	0.1034	0.0991	0.1031	0.0975	0.0847	0.0862	0.1222	0.1024	0.1097	0.1009	0.0988	0.0978	0.0964	0.0948	0.1030	0.1010	0.0992	0.0973	0.1003	0.0906	0.0965	0.1002	
0.1223	0.1190	0.1170	0.1220	0.1167	0.1098	0.1083	0.1035	0.1225	0.1170	0.1187	0.1116	0.1105	0.1065	0.1111	0.0988	0.1134	0.1156	0.1110	0.1070	0.1022	0.0994	0.0978	0.0999	0.1134	0.1121	0.1055	0.1022	0.1026	0.1001	0.1013	0.0981	0.1112	0.1097	0.1030	0.1011	0.1013	0.0964	0.1012	0.0853	0.1074	0.1231	0.1034	0.0989	0.1017	0.0941	0.0856	0.0860	0.1222	0.1025	0.1085	0.1007	0.0973	0.0954	0.0964	0.0947	0.1040	0.0992	0.0983	0.0961	0.0989	0.0888	0.0948	0.0977	
0.1286	0.1262	0.1243	0.1226	0.1221	0.1139	0.1139	0.1066	0.1307	0.1227	0.1242	0.1174	0.1156	0.1103	0.1134	0.1016	0.1182	0.1195	0.1143	0.1146	0.1047	0.1014	0.0981	0.0964	0.1201	0.1160	0.1108	0.1058	0.1055	0.1020	0.1033	0.0984	0.1140	0.1105	0.1042	0.1032	0.1029	0.1008	0.1040	0.0843	0.1119	0.1266	0.1049	0.1023	0.1049	0.0981	0.0837	0.0848	0.1256	0.1050	0.1115	0.1042	0.1000	0.0982	0.0984	0.0968	0.1039	0.1015	0.0977	0.0979	0.0998	0.0869	0.0983	0.1000	
0.1322	0.1296	0.1262	0.1279	0.1227	0.1139	0.1120	0.1054	0.1333	0.1242	0.1277	0.1175	0.1163	0.1091	0.1138	0.1000	0.1227	0.1215	0.1165	0.1128	0.1053	0.1017	0.0993	0.0973	0.1228	0.1173	0.1093	0.1066	0.1044	0.1005	0.1018	0.0978	0.1163	0.1121	0.1067	0.1019	0.0999	0.0989	0.1018	0.0856	0.1109	0.1278	0.1039	0.1001	0.1036	0.0960	0.0834	0.0851	0.1250	0.1042	0.1106	0.1006	0.0988	0.0967	0.0964	0.0947	0.1035	0.1015	0.0982	0.0966	0.0998	0.0869	0.0959	0.0996	
0.1403	0.1358	0.1326	0.1343	0.1278	0.1166	0.1119	0.1062	0.1384	0.1300	0.1319	0.1202	0.1178	0.1097	0.1135	0.1002	0.1252	0.1246	0.1185	0.1129	0.1055	0.1035	0.0996	0.0981	0.1257	0.1199	0.1127	0.1056	0.1057	0.1011	0.1027	0.0977	0.1202	0.1146	0.1069	0.1040	0.1032	0.0993	0.1021	0.0837	0.1146	0.1279	0.1040	0.1019	0.1037	0.0959	0.0841	0.0848	0.1276	0.1043	0.1108	0.1013	0.0994	0.0978	0.0962	0.0958	0.1062	0.1023	0.0983	0.0972	0.1001	0.0889	0.0963	0.0995	
0.1449	0.1423	0.1385	0.1345	0.1323	0.1192	0.1162	0.1089	0.1428	0.1339	0.1350	0.1242	0.1186	0.1099	0.1148	0.1028	0.1326	0.1305	0.1221	0.1203	0.1095	0.1044	0.1015	0.0988	0.1304	0.1230	0.1150	0.1075	0.1063	0.1022	0.1033	0.0990	0.1228	0.1170	0.1077	0.1059	0.1040	0.1000	0.1025	0.0825	0.1178	0.1292	0.1062	0.1018	0.1053	0.0979	0.0831	0.0840	0.1285	0.1055	0.1119	0.1023	0.1001	0.0986	0.0975	0.0980	0.1056	0.1014	0.0997	0.0987	0.1007	0.0878	0.0981	0.1006	
0.1572	0.1505	0.1443	0.1425	0.1380	0.1220	0.1154	0.1084	0.1535	0.1420	0.1407	0.1286	0.1235	0.1129	0.1165	0.1028	0.1394	0.1342	0.1274	0.1162	0.1102	0.1050	0.1009	0.1003	0.1363	0.1280	0.1177	0.1097	0.1070	0.1035	0.1036	0.1025	0.1276	0.1189	0.1114	0.1057	0.1050	0.1008	0.1043	0.0813	0.1207	0.1310	0.1085	0.1034	0.1057	0.0984	0.0825	0.0841	0.1311	0.1073	0.1128	0.1032	0.1022	0.0991	0.0980	0.0974	0.1088	0.1048	0.0997	0.0985	0.1011	0.0862	0.0973	0.0997	
0.1657	0.1592	0.1530	0.1517	0.1440	0.1262	0.1195	0.1104	0.1631	0.1497	0.1491	0.1337	0.1284	0.1149	0.1179	0.1028	0.1446	0.1437	0.1327	0.1201	0.1120	0.1069	0.1027	0.1000	0.1440	0.1319	0.1205	0.1121	0.1094	0.1046	0.1049	0.1055	0.1335	0.1240	0.1137	0.1089	0.1064	0.1016	0.1050	0.0818	0.1253	0.1379	0.1080	0.1043	0.1068	0.1002	0.0832	0.0836	0.1322	0.1081	0.1132	0.1047	0.1018	0.0991	0.0989	0.0979	0.1114	0.1065	0.1018	0.1006	0.1023	0.0873	0.0979	0.1017	
0.1726	0.1662	0.1586	0.1557	0.1481	0.1284	0.1206	0.1124	0.1684	0.1550	0.1528	0.1366	0.1301	0.1154	0.1174	0.1029	0.1504	0.1476	0.1330	0.1226	0.1119	0.1074	0.1012	0.0999	0.1487	0.1349	0.1217	0.1110	0.1085	0.1052	0.1038	0.0988	0.1364	0.1242	0.1137	0.1085	0.1058	0.1026	0.1037	0.0825	0.1262	0.1348	0.1089	0.1035	0.1064	0.0976	0.0842	0.0834	0.1354	0.1095	0.1126	0.1047	0.1004	0.0982	0.0983	0.0972	0.1117	0.1056	0.1010	0.1004	0.1029	0.0898	0.0980	0.1009	
0.1841	0.1767	0.1665	0.1615	0.1551	0.1308	0.1214	0.1116	0.1793	0.1644	0.1624	0.1399	0.1316	0.1168	0.1179	0.1024	0.1590	0.1546	0.1382	0.1230	0.1112	0.1071	0.1014	0.0996	0.1542	0.1385	0.1222	0.1135	0.1101	0.1030	0.1037	0.1082	0.1413	0.1259	0.1133	0.1074	0.1048	0.1005	0.1036	0.0828	0.1292	0.1331	0.1099	0.1074	0.1066	0.0979	0.0841	0.0852	0.1349	0.1080	0.1130	0.1030	0.1015	0.0979	0.0968	0.0958	0.1127	0.1054	0.1013	0.0991	0.1009	0.0899	0.0969	0.0984	
0.1977	0.1869	0.1778	0.1720	0.1603	0.1312	0.1207	0.1109	0.1893	0.1723	0.1674	0.1436	0.1344	0.1166	0.1185	0.1025	0.1700	0.1611	0.1408	0.1260	0.1135	0.1078	0.1020	0.0989	0.1626	0.1415	0.1251	0.1127	0.1102	0.1038	0.1031	0.0997	0.1472	0.1273	0.1140	0.1084	0.1050	0.1008	0.1047	0.0841	0.1338	0.1356	0.1089	0.1029	0.1050	0.0976	0.0862	0.0872	0.1359	0.1082	0.1134	0.1037	0.0995	0.0971	0.0972	0.0953	0.1118	0.1059	0.1017	0.0984	0.1009	0.0910	0.0946	0.0988	
0.2090	0.2007	0.1864	0.1780	0.1665	0.1350	0.1244	0.1130	0.1984	0.1803	0.1754	0.1453	0.1372	0.1162	0.1159	0.1008	0.1777	0.1663	0.1446	0.1255	0.1158	0.1067	0.1014	0.0999	0.1697	0.1463	0.1262	0.1130	0.1079	0.1014	0.1025	0.0995	0.1505	0.1290	0.1154	0.1081	0.1041	0.0974	0.1018	0.0859	0.1361	0.1364	0.1097	0.1029	0.1053	0.0963	0.0866	0.0881	0.1390	0.1083	0.1131	0.1041	0.0998	0.0979	0.0968	0.0957	0.1125	0.1042	0.1000	0.0979	0.1013	0.0929	0.0951	0.0985	
0.2269	0.2165	0.2003	0.1912	0.1768	0.1395	0.1250	0.1153	0.2177	0.1979	0.1893	0.1536	0.1412	0.1202	0.1199	0.1047	0.1912	0.1822	0.1561	0.1303	0.1175	0.1098	0.1044	0.1018	0.1823	0.1537	0.1297	0.1168	0.1119	0.1056	0.1049	0.1041	0.1621	0.1347	0.1192	0.1108	0.1077	0.1027	0.1052	0.0871	0.1428	0.1382	0.1129	0.1052	0.1066	0.0969	0.0882	0.0883	0.1435	0.1125	0.1151	0.1027	0.1013	0.0980	0.0979	0.0968	0.1170	0.1086	0.1023	0.0999	0.1025	0.0937	0.0979	0.1010	
0.2438	0.2328	0.2195	0.2025	0.1853	0.1437	0.1298	0.1159	0.2347	0.2065	0.1969	0.1614	0.1459	0.1218	0.1206	0.1049	0.2034	0.1932	0.1587	0.1335	0.1168	0.1115	0.1047	0.1022	0.1927	0.1583	0.1317	0.1188	0.1130	0.1064	0.1052	0.1008	0.1669	0.1367	0.1200	0.1123	0.1072	0.1014	0.1063	0.0874	0.1469	0.1411	0.1129	0.1072	0.1077	0.1002	0.0890	0.0892	0.1448	0.1133	0.1162	0.1052	0.1012	0.1007	0.0990	0.0965	0.1193	0.1068	0.1040	0.1017	0.1028	0.0946	0.0982	0.1022	
0.2625	0.2535	0.2313	0.2104	0.1920	0.1458	0.1276	0.1157	0.2459	0.2234	0.2053	0.1624	0.1475	0.1219	0.1216	0.1037	0.2168	0.1956	0.1627	0.1385	0.1169	0.1091	0.1029	0.1009	0.2050	0.1639	0.1340	0.1169	0.1113	0.1033	0.1041	0.0993	0.1742	0.1385	0.1201	0.1117	0.1082	0.1012	0.1035	0.0891	0.1505	0.1425	0.1125	0.1047	0.1070	0.0992	0.0888	0.0899	0.1452	0.1103	0.1159	0.1024	0.0995	0.0973	0.0970	0.0960	0.1189	0.1072	0.1020	0.0992	0.1013	0.0936	0.0966	0.1001	
0.2855	0.2708	0.2524	0.2333	0.2035	0.1490	0.1300	0.1172	0.2702	0.2368	0.2194	0.1704	0.1513	0.1208	0.1201	0.1033	0.2331	0.2101	0.1706	0.1373	0.1194	0.1103	0.1032	0.0994	0.2182	0.1703	0.1380	0.1190	0.1129	0.1047	0.1043	0.0982	0.1841	0.1427	0.1215	0.1116	0.1065	0.1006	0.1045	0.0888	0.1547	0.1419	0.1127	0.1045	0.1063	0.0983	0.0898	0.0906	0.1484	0.1176	0.1145	0.1034	0.1023	0.0977	0.0958	0.0952	0.1186	0.1076	0.1013	0.0986	0.1015	0.0962	0.0962	0.0997	
0.3055	0.2895	0.2695	0.2427	0.2156	0.1534	0.1287	0.1153	0.2886	0.2553	0.2360	0.1763	0.1573	0.1235	0.1217	0.1042	0.2511	0.2274	0.1771	0.1460	0.1207	0.1096	0.1036	0.1013	0.2350	0.1779	0.1396	0.1219	0.1141	0.1050	0.1043	0.1012	0.1959	0.1462	0.1234	0.1131	0.1069	0.1020	0.1049	0.0899	0.1604	0.1440	0.1140	0.1063	0.1079	0.0990	0.0901	0.0908	0.1517	0.1127	0.1153	0.1037	0.1013	0.0978	0.0958	0.0961	0.1208	0.1075	0.1011	0.1001	0.1025	0.0949	0.0976	0.1008	
0.3314	0.3166	0.2922	0.2577	0.2267	0.1566	0.1325	0.1200	0.3102	0.2710	0.2488	0.1811	0.1608	0.1244	0.1222	0.1045	0.2747	0.2397	0.1797	0.1423	0.1212	0.1117	0.1037	0.1011	0.2452	0.1868	0.1427	0.1237	0.1143	0.1053	0.1050	0.0993	0.2040	0.1488	0.1245	0.1135	0.1081	0.1026	0.1056	0.0905	0.1670	0.1451	0.1145	0.1055	0.1066	0.0994	0.0920	0.0913	0.1524	0.1134	0.1146	0.1036	0.1028	0.1000	0.0982	0.0963	0.1202	0.1084	0.1025	0.1002	0.1030	0.0970	0.0975	0.1003	
0.3618	0.3461	0.3166	0.2786	0.2398	0.1610	0.1333	0.1176	0.3387	0.2980	0.2658	0.1901	0.1649	0.1262	0.1216	0.1044	0.2961	0.2588	0.1968	0.1443	0.1232	0.1124	0.1031	0.1023	0.2653	0.1978	0.1438	0.1232	0.1152	0.1050	0.1038	0.0981	0.2180	0.1533	0.1265	0.1149	0.1082	0.1016	0.1052	0.0908	0.1725	0.1473	0.1137	0.1059	0.1068	0.0971	0.0916	0.0908	0.1576	0.1135	0.1150	0.1045	0.1022	0.0978	0.0970	0.0945	0.1237	0.1083	0.1017	0.0993	0.1013	0.0981	0.0959	0.0984	
0.3845	0.3676	0.3384	0.2945	0.2513	0.1645	0.1379	0.1199	0.3634	0.3145	0.2816	0.1981	0.1697	0.1282	0.1249	0.1072	0.3195	0.2698	0.2004	0.1490	0.1251	0.1133	0.1057	0.1025	0.2872	0.2025	0.1493	0.1265	0.1162	0.1081	0.1065	0.1009	0.2264	0.1556	0.1295	0.1141	0.1083	0.1032	0.1065	0.0910	0.1782	0.1500	0.1163	0.1066	0.1097	0.1005	0.0917	0.0913	0.1580	0.1150	0.1182	0.1059	0.1048	0.1009	0.0997	0.0974	0.1248	0.1108	0.1033	0.1007	0.1040	0.0972	0.0992	0.1016	
0.4125	0.3956	0.3652	0.3093	0.2650	0.1668	0.1395	0.1186	0.3929	0.3398	0.2982	0.2059	0.1733	0.1287	0.1225	0.1058	0.3435	0.2887	0.2086	0.1495	0.1239	0.1122	0.1034	0.1022	0.3011	0.2107	0.1498	0.1242	0.1147	0.1044	0.1041	0.1125	0.2363	0.1586	0.1291	0.1139	0.1082	0.1023	0.1045	0.0913	0.1851	0.1509	0.1169	0.1075	0.1084	0.0984	0.0918	0.0910	0.1616	0.1166	0.1161	0.1053	0.1013	0.0985	0.0985	0.0968	0.1261	0.1101	0.1060	0.0998	0.1030	0.0972	0.0971	0.0999	
0.4452	0.4259	0.3973	0.3388	0.2858	0.1731	0.1398	0.1205	0.4258	0.3670	0.3205	0.2169	0.1788	0.1297	0.1235	0.1054	0.3666	0.3106	0.2201	0.1561	0.1264	0.1139	0.1046	0.1011	0.3200	0.2200	0.1531	0.1251	0.1175	0.1063	0.1045	0.0996	0.2545	0.1642	0.1313	0.1174	0.1084	0.1029	0.1047	0.0917	0.1932	0.1498	0.1170	0.1077	0.1085	0.0977	0.0927	0.0922	0.1663	0.1127	0.1169	0.1038	0.1013	0.0971	0.0964	0.0941	0.1263	0.1099	0.1039	0.1001	0.1020	0.0975	0.0972	0.0989	
0.4762	0.4551	0.4249	0.3612	0.2993	0.1785	0.1393	0.1222	0.4609	0.3928	0.3459	0.2249	0.1849	0.1300	0.1252	0.1064	0.3995	0.3359	0.2320	0.1575	0.1263	0.1151	0.1055	0.1010	0.3410	0.2331	0.1541	0.1265	0.1162	0.1045	0.1043	0.1053	0.2702	0.1690	0.1316	0.1171	0.1089	0.1022	0.1061	0.0917	0.1993	0.1513	0.1160	0.1065	0.1078	0.0986	0.0927	0.0915	0.1669	0.1154	0.1168	0.1050	0.1018	0.0996	0.0987	0.0956	0.1277	0.1124	0.1034	0.1002	0.1020	0.0977	0.0978	0.1005	
0.5017	0.4791	0.4527	0.3820	0.3157	0.1808	0.1403	0.1227	0.4850	0.4171	0.3651	0.2313	0.1891	0.1298	0.1242	0.1054	0.4168	0.3570	0.2393	0.1613	0.1285	0.1152	0.1052	0.1024	0.3644	0.2441	0.1585	0.1305	0.1169	0.1065	0.1035	0.1027	0.2812	0.1700	0.1337	0.1184	0.1091	0.1014	0.1051	0.0925	0.2051	0.1538	0.1158	0.1055	0.1062	0.0989	0.0928	0.0909	0.1698	0.1152	0.1184	0.1039	0.1030	0.0989	0.0991	0.0969	0.1294	0.1103	0.1023	0.0996	0.1019	0.0989	0.0973	0.1003	
0.5262	0.5080	0.4831	0.4087	0.3357	0.1841	0.1491	0.1232	0.5157	0.4487	0.3914	0.2478	0.1951	0.1308	0.1245	0.1061	0.4442	0.3830	0.2512	0.1679	0.1297	0.1151	0.1045	0.1022	0.3824	0.2519	0.1632	0.1310	0.1177	0.1072	0.1037	0.1003	0.2996	0.1747	0.1363	0.1205	0.1086	0.1025	0.1046	0.0924	0.2169	0.1565	0.1189	0.1091	0.1094	0.0980	0.0933	0.0910	0.1716	0.1159	0.1178	0.1050	0.1022	0.0985	0.0978	0.0967	0.1298	0.1108	0.1038	0.1000	0.1030	0.0980	0.0973	0.0982	
0.5506	0.5369	0.5111	0.4294	0.3543	0.1908	0.1455	0.1248	0.5456	0.4745	0.4188	0.2553	0.2006	0.1325	0.1248	0.1066	0.4806	0.4087	0.2633	0.1718	0.1319	0.1153	0.1054	0.1025	0.4111	0.2627	0.1675	0.1334	0.1188	0.1071	0.1059	0.0988	0.3118	0.1797	0.1382	0.1186	0.1097	0.1023	0.1046	0.0920	0.2226	0.1571	0.1189	0.1094	0.1087	0.0996	0.0931	0.0910	0.1765	0.1178	0.1178	0.1052	0.1030	0.0993	0.0989	0.0958	0.1314	0.1104	0.1031	0.1002	0.1025	0.0995	0.0979	0.0997	
0.5746	0.5585	0.5383	0.4475	0.3686	0.1957	0.1450	0.1220	0.5717	0.4953	0.4391	0.2576	0.2057	0.1322	0.1268	0.1042	0.4940	0.4300	0.2685	0.1724	0.1328	0.1155	0.1048	0.1021	0.4314	0.2776	0.1679	0.1323	0.1181	0.1068	0.1048	0.1104	0.3343	0.1828	0.1381	0.1172	0.1095	0.1021	0.1058	0.0926	0.2306	0.1583	0.1199	0.1067	0.1077	0.0982	0.0928	0.0908	0.1786	0.1199	0.1164	0.1040	0.1019	0.0968	0.0986	0.0968	0.1300	0.1092	0.1030	0.1000	0.1019	0.0974	0.0960	0.0993	
0.5975	0.5828	0.5650	0.4742	0.3901	0.1974	0.1486	0.1243	0.6006	0.5249	0.4664	0.2746	0.2096	0.1339	0.1274	0.1077	0.5352	0.4543	0.2906	0.1754	0.1348	0.1166	0.1061	0.1034	0.4660	0.2901	0.1746	0.1352	0.1213	0.1086	0.1065	0.1011	0.3550	0.1873	0.1411	0.1216	0.1113	0.1038	0.1050	0.0923	0.2435	0.1601	0.1232	0.1083	0.1098	0.1002	0.0934	0.0910	0.1857	0.1218	0.1202	0.1069	0.1038	0.1018	0.1003	0.0973	0.1357	0.1128	0.1048	0.1020	0.1042	0.0982	0.0999	0.1020	
0.6188	0.6074	0.5946	0.5090	0.4043	0.2022	0.1505	0.1261	0.6283	0.5543	0.4879	0.2829	0.2129	0.1334	0.1259	0.1052	0.5527	0.4785	0.2963	0.1753	0.1331	0.1160	0.1054	0.1031	0.4838	0.3000	0.1730	0.1344	0.1198	0.1067	0.1048	0.1011	0.3725	0.1901	0.1407	0.1188	0.1098	0.1033	0.1052	0.0927	0.2502	0.1615	0.1205	0.1073	0.1083	0.0995	0.0927	0.0914	0.1882	0.1198	0.1179	0.1053	0.1026	0.0996	0.0988	0.0970	0.1344	0.1119	0.1036	0.1001	0.1038	0.0968	0.0982	0.1003	
0.6494	0.6369	0.6299	0.5321	0.4313	0.2095	0.1521	0.1271	0.6609	0.5836	0.5161	0.2993	0.2237	0.1368	0.1285	0.1073	0.5855	0.5115	0.3153	0.1856	0.1369	0.1195	0.1071	0.1047	0.5174	0.3157	0.1812	0.1400	0.1224	0.1105	0.1080	0.1024	0.4017	0.1971	0.1449	0.1209	0.1129	0.1049	0.1075	0.0936	0.2609	0.1633	0.1222	0.1102	0.1104	0.1004	0.0924	0.0908	0.1909	0.1204	0.1210	0.1078	0.1044	0.1008	0.1004	0.0982	0.1365	0.1147	0.1047	0.1028	0.1049	0.0970	0.0991	0.1017	
0.6762	0.6606	0.6582	0.5549	0.4465	0.2079	0.1471	0.1230	0.6902	0.6062	0.5424	0.3056	0.2248	0.1337	0.1250	0.1052	0.6098	0.5328	0.3282	0.1829	0.1360	0.1157	0.1041	0.1024	0.5360	0.3208	0.1797	0.1368	0.1203	0.1059	0.1048	0.1030	0.4145	0.1971	0.1434	0.1191	0.1110	0.1026	0.1045	0.0928	0.2678	0.1587	0.1188	0.1098	0.1080	0.0990	0.0919	0.0900	0.1923	0.1191	0.1175	0.1056	0.1015	0.0986	0.0971	0.0963	0.1362	0.1108	0.1030	0.0999	0.1026	0.0973	0.0963	0.0998	
0.6969	0.6889	0.6852	0.5795	0.4637	0.2097	0.1496	0.1251	0.7137	0.6330	0.5682	0.3189	0.2336	0.1354	0.1266	0.1054	0.6386	0.5561	0.3394	0.1864	0.1351	0.1178	0.1058	0.1030	0.5624	0.3340	0.1835	0.1378	0.1207	0.1068	0.1039	0.0994	0.4286	0.2017	0.1439	0.1188	0.1087	0.1010	0.1028	0.0960	0.2748	0.1612	0.1195	0.1079	0.1076	0.0973	0.0935	0.0916	0.1977	0.1195	0.1170	0.1031	0.1028	0.0978	0.0978	0.0952	0.1350	0.1122	0.1020	0.0979	0.1029	0.0972	0.0968	0.0994	
0.7216	0.7129	0.7018	0.6058	0.4917	0.2183	0.1524	0.1268	0.7453	0.6674	0.5953	0.3344	0.2379	0.1388	0.1260	0.1071	0.6628	0.5861	0.3558	0.1922	0.1379	0.1193	0.1066	0.1043	0.5916	0.3503	0.1863	0.1396	0.1239	0.1096	0.1071	0.1058	0.4571	0.2059	0.1464	0.1213	0.1107	0.1048	0.1069	0.0929	0.2849	0.1663	0.1223	0.1095	0.1115	0.1003	0.0920	0.0897	0.2002	0.1211	0.1206	0.1069	0.1039	0.1011	0.1005	0.0982	0.1385	0.1143	0.1054	0.1016	0.1062	0.0951	0.0994	0.1026	
0.7383	0.7279	0.7243	0.6331	0.5112	0.2227	0.1545	0.1259	0.7432	0.6941	0.6219	0.3420	0.2466	0.1385	0.1270	0.1079	0.6858	0.6104	0.3740	0.2020	0.1394	0.1196	0.1049	0.1036	0.6217	0.3685	0.1897	0.1399	0.1217	0.1067	0.1058	0.1012	0.4748	0.2146	0.1481	0.1222	0.1107	0.1034	0.1060	0.0930	0.2982	0.1665	0.1227	0.1103	0.1085	0.1004	0.0911	0.0900	0.2047	0.1216	0.1188	0.1062	0.1043	0.0999	0.0991	0.0974	0.1410	0.1144	0.1023	0.0993	0.1027	0.0953	0.0991	0.1011	
0.7379	0.7323	0.7219	0.6651	0.5399	0.2233	0.1544	0.1267	0.7503	0.7072	0.6473	0.3579	0.2475	0.1385	0.1275	0.1075	0.7057	0.6389	0.3849	0.2047	0.1372	0.1197	0.1070	0.1021	0.6409	0.3806	0.1916	0.1395	0.1230	0.1075	0.1032	0.0980	0.4956	0.2130	0.1470	0.1220	0.1114	0.1030	0.1064	0.0929	0.3037	0.1654	0.1223	0.1072	0.1070	0.0986	0.0909	0.0896	0.2036	0.1205	0.1190	0.1059	0.1029	0.0991	0.0989	0.0975	0.1402	0.1117	0.1035	0.1010	0.1031	0.0944	0.0983	0.1023	
0.7479	0.7404	0.7299	0.6844	0.5572	0.2310	0.1560	0.1264	0.7533	0.7202	0.6714	0.3682	0.2574	0.1390	0.1283	0.1056	0.7118	0.6658	0.4014	0.2007	0.1386	0.1180	0.1053	0.1031	0.6728	0.3948	0.1939	0.1399	0.1213	0.1084	0.1050	0.1009	0.5222	0.2199	0.1505	0.1219	0.1094	0.1013	0.1053	0.0933	0.3118	0.1676	0.1211	0.1090	0.1064	0.0986	0.0908	0.0898	0.2062	0.1203	0.1184	0.1048	0.1020	0.1006	0.0977	0.0954	0.1399	0.1123	0.1034	0.1001	0.1031	0.0936	0.0969	0.1001	
0.7508	0.7411	0.7321	0.6913	0.5758	0.2334	0.1566	0.1269	0.7524	0.7256	0.6895	0.3786	0.2584	0.1384	0.1279	0.1061	0.7198	0.6807	0.4203	0.2021	0.1397	0.1183	0.1060	0.1033	0.6889	0.4076	0.1952	0.1395	0.1235	0.1079	0.1050	0.1027	0.5401	0.2249	0.1509	0.1209	0.1098	0.1038	0.1059	0.0931	0.3212	0.1668	0.1210	0.1096	0.1082	0.0996	0.0907	0.0897	0.2075	0.1208	0.1177	0.1043	0.1026	0.0977	0.0964	0.0940	0.1405	0.1123	0.1046	0.1003	0.1036	0.0954	0.0971	0.1010	
0.7493	0.7409	0.7360	0.6990	0.6014	0.2340	0.1538	0.1265	0.7601	0.7265	0.6978	0.3900	0.2610	0.1377	0.1280	0.1060	0.7165	0.6873	0.4306	0.2032	0.1400	0.1174	0.1061	0.1029	0.7039	0.4193	0.1996	0.1406	0.1219	0.1081	0.1056	0.0989	0.5651	0.2238	0.1512	0.1217	0.1108	0.1032	0.1055	0.0938	0.3319	0.1661	0.1220	0.1075	0.1073	0.0982	0.0916	0.0900	0.2082	0.1211	0.1180	0.1054	0.1018	0.0986	0.0987	0.0958	0.1436	0.1141	0.1043	0.1031	0.1033	0.0961	0.0977	0.1000	
0.7470	0.7440	0.7364	0.7038	0.6265	0.2363	0.1572	0.1273	0.7602	0.7318	0.7063	0.3980	0.2610	0.1394	0.1276	0.1060	0.7236	0.6940	0.4456	0.2007	0.1394	0.1189	0.1047	0.1013	0.7110	0.4320	0.2003	0.1405	0.1227	0.1088	0.1059	0.0999	0.5747	0.2293	0.1509	0.1221	0.1115	0.1021	0.1047	0.0943	0.3347	0.1666	0.1202	0.1083	0.1085	0.0997	0.0910	0.0903	0.2127	0.1215	0.1181	0.1035	0.1032	0.0979	0.0976	0.0969	0.1438	0.1128	0.1024	0.1015	0.1042	0.0960	0.0974	0.1011	
0.7527	0.7513	0.7476	0.7097	0.6452	0.2443	0.1638	0.1274	0.7592	0.7383	0.7116	0.4139	0.2719	0.1398	0.1281	0.1066	0.7233	0.7024	0.4681	0.2118	0.1416	0.1194	0.1055	0.1028	0.7154	0.4585	0.2020	0.1438	0.1230	0.1074	0.1036	0.1010	0.6107	0.2353	0.1544	0.1206	0.1103	0.1026	0.1050	0.0942	0.3424	0.1682	0.1218	0.1088	0.1092	0.1010	0.0915	0.0895	0.2147	0.1223	0.1188	0.1048	0.1022	0.0990	0.0990	0.0963	0.1399	0.1118	0.1019	0.1022	0.1038	0.0956	0.0985	0.1013	
0.7527	0.7524	0.7497	0.7157	0.6646	0.2471	0.1589	0.1277	0.7626	0.7374	0.7162	0.4287	0.2780	0.1408	0.1296	0.1076	0.7304	0.7026	0.4834	0.2131	0.1396	0.1185	0.1068	0.1041	0.7235	0.4732	0.2022	0.1417	0.1215	0.1082	0.1061	0.1104	0.6321	0.2379	0.1536	0.1223	0.1114	0.1033	0.1065	0.0943	0.3568	0.1717	0.1240	0.1122	0.1097	0.1002	0.0906	0.0897	0.2130	0.1244	0.1233	0.1050	0.1027	0.0992	0.0989	0.0964	0.1428	0.1128	0.1019	0.1007	0.1026	0.0956	0.0984	0.1031	
0.7578	0.7550	0.7519	0.7130	0.6798	0.2494	0.1627	0.1273	0.7624	0.7375	0.7240	0.4494	0.2858	0.1416	0.1289	0.1073	0.7375	0.7122	0.5003	0.2189	0.1435	0.1185	0.1045	0.1046	0.7225	0.4857	0.2118	0.1458	0.1231	0.1084	0.1056	0.1021	0.6567	0.2435	0.1594	0.1232	0.1123	0.1036	0.1063	0.0938	0.3672	0.1712	0.1232	0.1105	0.1087	0.0999	0.0910	0.0892	0.2174	0.1236	0.1210	0.1066	0.1029	0.0993	0.0996	0.0965	0.1451	0.1147	0.1038	0.1032	0.1040	0.0963	0.0983	0.1024	
0.7599	0.7548	0.7532	0.7199	0.6850	0.2543	0.1601	0.1273	0.7637	0.7466	0.7193	0.4536	0.2862	0.1420	0.1280	0.1072	0.7322	0.7112	0.5117	0.2153	0.1434	0.1197	0.1058	0.1038	0.7262	0.5025	0.2117	0.1435	0.1232	0.1086	0.1061	0.1004	0.6755	0.2438	0.1545	0.1231	0.1114	0.1030	0.1058	0.0946	0.3697	0.1731	0.1254	0.1089	0.1094	0.0997	0.0913	0.0895	0.2208	0.1232	0.1183	0.1057	0.1029	0.0993	0.1005	0.0983	0.1461	0.1151	0.1033	0.1011	0.1048	0.0968	0.0976	0.1025	
0.7595	0.7609	0.7558	0.7214	0.6872	0.2575	0.1597	0.1274	0.7712	0.7489	0.7241	0.4778	0.2934	0.1401	0.1292	0.1056	0.7379	0.7160	0.5303	0.2231	0.1442	0.1203	0.1047	0.1033	0.7254	0.5145	0.2129	0.1444	0.1239	0.1079	0.1056	0.1014	0.6796	0.2518	0.1550	0.1211	0.1091	0.1030	0.1051	0.0947	0.3784	0.1736	0.1266	0.1088	0.1084	0.0986	0.0914	0.0898	0.2202	0.1257	0.1186	0.1048	0.1026	0.0998	0.1009	0.0988	0.1431	0.1151	0.1032	0.1028	0.1066	0.0954	0.0983	0.1026	
0.7574	0.7574	0.7545	0.7253	0.6953	0.2653	0.1646	0.1287	0.7678	0.7475	0.7294	0.4896	0.3045	0.1433	0.1325	0.1081	0.7350	0.7221	0.5505	0.2376	0.1426	0.1194	0.1059	0.1043	0.7287	0.5308	0.2186	0.1479	0.1252	0.1088	0.1069	0.1016	0.6800	0.2595	0.1590	0.1246	0.1114	0.1041	0.1069	0.0944	0.3946	0.1771	0.1273	0.1102	0.1107	0.1016	0.0917	0.0892	0.2290	0.1265	0.1205	0.1074	0.1042	0.1004	0.0994	0.0967	0.1468	0.1164	0.1042	0.1044	0.1067	0.0964	0.0994	0.1032	
0.7573	0.7560	0.7570	0.7235	0.6913	0.2640	0.1578	0.1250	0.7725	0.7462	0.7275	0.4953	0.3003	0.1390	0.1312	0.1062	0.7376	0.7137	0.5674	0.2205	0.1426	0.1194	0.1052	0.1037	0.7308	0.5462	0.2189	0.1448	0.1235	0.1076	0.1059	0.0990	0.6822	0.2548	0.1568	0.1225	0.1103	0.1035	0.1051	0.0948	0.4053	0.1796	0.1238	0.1084	0.1087	0.0976	0.0917	0.0900	0.2281	0.1230	0.1180	0.1048	0.1017	0.0977	0.0991	0.0978	0.1470	0.1153	0.1031	0.1011	0.1055	0.0962	0.0982	0.1021	
0.7676	0.7635	0.7662	0.7302	0.7025	0.2684	0.1620	0.1259	0.7738	0.7559	0.7358	0.5167	0.3109	0.1411	0.1325	0.1074	0.7460	0.7262	0.5866	0.2273	0.1446	0.1195	0.1062	0.1036	0.7328	0.5599	0.2176	0.1449	0.1232	0.1078	0.1076	0.1046	0.6912	0.2605	0.1565	0.1226	0.1109	0.1023	0.1053	0.0950	0.4144	0.1734	0.1244	0.1085	0.1087	0.1003	0.0918	0.0903	0.2268	0.1239	0.1181	0.1042	0.1038	0.0984	0.1020	0.0994	0.1459	0.1152	0.1030	0.1032	0.1059	0.0964	0.0973	0.1045	
0.7621	0.7617	0.7618	0.7288	0.6965	0.2697	0.1650	0.1277	0.7781	0.7519	0.7343	0.5370	0.3178	0.1392	0.1345	0.1089	0.7366	0.7254	0.6021	0.2282	0.1458	0.1199	0.1047	0.1038	0.7326	0.5772	0.2211	0.1455	0.1244	0.1073	0.1064	0.1088	0.6933	0.2640	0.1587	0.1237	0.1098	0.1036	0.1061	0.0958	0.4261	0.1741	0.1253	0.1089	0.1073	0.0972	0.0922	0.0894	0.2264	0.1257	0.1194	0.1057	0.1041	0.0989	0.1024	0.0980	0.1469	0.1167	0.1046	0.1052	0.1074	0.0959	0.0988	0.1061	
0.7672	0.7650	0.7736	0.7385	0.7054	0.2739	0.1699	0.1271	0.7849	0.7587	0.7370	0.5478	0.3150	0.1411	0.1357	0.1080	0.7481	0.7279	0.6115	0.2311	0.1440	0.1182	0.1055	0.1044	0.7381	0.5912	0.2227	0.1463	0.1247	0.1077	0.1079	0.1078	0.7014	0.2670	0.1580	0.1227	0.1121	0.1034	0.1044	0.0956	0.4374	0.1730	0.1255	0.1092	0.1078	0.0987	0.0920	0.0901	0.2308	0.1253	0.1193	0.1054	0.1046	0.0993	0.1037	0.0992	0.1447	0.1179	0.1032	0.1049	0.1091	0.0956	0.0971	0.1063	
0.7733	0.7717	0.7799	0.7343	0.7055	0.2743	0.1627	0.1271	0.7880	0.7595	0.7461	0.5647	0.3222	0.1445	0.1382	0.1082	0.7502	0.7341	0.6351	0.2338	0.1439	0.1201	0.1046	0.1047	0.7444	0.6036	0.2245	0.1465	0.1243	0.1079	0.1061	0.0985	0.6978	0.2782	0.1606	0.1224	0.1104	0.1016	0.1046	0.0959	0.4442	0.1720	0.1252	0.1098	0.1076	0.0986	0.0906	0.0896	0.2342	0.1266	0.1186	0.1047	0.1053	0.0992	0.1037	0.0973	0.1480	0.1165	0.1024	0.1044	0.1078	0.0971	0.0972	0.1058	
0.7723	0.7667	0.7758	0.7353	0.7028	0.2772	0.1740	0.1290	0.7861	0.7559	0.7491	0.5857	0.3307	0.1424	0.1421	0.1114	0.7593	0.7376	0.6476	0.2340	0.1475	0.1207	0.1056	0.1076	0.7392	0.6198	0.2250	0.1484	0.1217	0.1088	0.1079	0.1104	0.7026	0.2738	0.1619	0.1245	0.1109	0.1037	0.1063	0.0965	0.4594	0.1766	0.1246	0.1103	0.1087	0.1000	0.0914	0.0903	0.2332	0.1284	0.1212	0.1053	0.1064	0.1000	0.1043	0.1017	0.1512	0.1186	0.1047	0.1070	0.1108	0.0979	0.0985	0.1092	
0.7702	0.7740	0.7846	0.7433	0.7074	0.2782	0.1625	0.1267	0.7963	0.7663	0.7481	0.5943	0.3260	0.1422	0.1422	0.1117	0.7621	0.7371	0.6488	0.2345	0.1450	0.1189	0.1061	0.1062	0.7417	0.6299	0.2259	0.1434	0.1236	0.1064	0.1071	0.1007	0.6980	0.2702	0.1572	0.1205	0.1094	0.1015	0.1039	0.0972	0.4705	0.1729	0.1234	0.1083	0.1080	0.0994	0.0913	0.0907	0.2387	0.1279	0.1183	0.1052	0.1047	0.0987	0.1089	0.1003	0.1497	0.1182	0.1027	0.1071	0.1117	0.0977	0.0977	0.1091	
0.7759	0.7746	0.7875	0.7492	0.7087	0.2825	0.1620	0.1246	0.8026	0.7691	0.7482	0.6066	0.3384	0.1436	0.1468	0.1102	0.7573	0.7386	0.6532	0.2371	0.1439	0.1174	0.1057	0.1057	0.7496	0.6376	0.2280	0.1454	0.1232	0.1081	0.1068	0.0991	0.7073	0.2814	0.1603	0.1225	0.1092	0.1035	0.1062	0.0965	0.4800	0.1749	0.1241	0.1094	0.1075	0.0982	0.0926	0.0896	0.2380	0.1284	0.1156	0.1033	0.1050	0.0990	0.1065	0.1007	0.1480	0.1186	0.1039	0.1077	0.1128	0.0973	0.0986	0.1107	
0.7801	0.7828	0.8009	0.7424	0.7129	0.2804	0.1655	0.1278	0.8061	0.7688	0.7551	0.6315	0.3462	0.1439	0.1560	0.1152	0.7656	0.7472	0.6538	0.2385	0.1462	0.1203	0.1069	0.1110	0.7540	0.6392	0.2312	0.1482	0.1248	0.1077	0.1094	0.1046	0.7019	0.2876	0.1612	0.1228	0.1128	0.1036	0.1067	0.0982	0.4973	0.1778	0.1241	0.1076	0.1068	0.0975	0.0925	0.0899	0.2411	0.1296	0.1174	0.1059	0.1068	0.0998	0.1086	0.1022	0.1497	0.1224	0.1024	0.1094	0.1143	0.0955	0.0986	0.1136	
0.7815	0.7803	0.7945	0.7560	0.7134	0.2839	0.1645	0.1277	0.8077	0.7709	0.7573	0.6451	0.3474	0.1434	0.1601	0.1151	0.7669	0.7543	0.6583	0.2453	0.1467	0.1186	0.1065	0.1103	0.7536	0.6505	0.2342	0.1471	0.1228	0.1052	0.1105	0.0999	0.7071	0.2936	0.1592	0.1230	0.1118	0.1032	0.1055	0.0980	0.5106	0.1773	0.1271	0.1089	0.1087	0.0989	0.0922	0.0905	0.2463	0.1330	0.1193	0.1065	0.1080	0.0987	0.1094	0.1022	0.1499	0.1223	0.1035	0.1111	0.1177	0.0986	0.0986	0.1151	
0.7835	0.7817	0.7976	0.7526	0.7164	0.2872	0.1623	0.1262	0.8198	0.7727	0.7555	0.6499	0.3561	0.1434	0.1686	0.1182	0.7686	0.7588	0.6557	0.2414	0.1430	0.1181	0.1049	0.1121	0.7589	0.6530	0.2355	0.1491	0.1234	0.1089	0.1102	0.1022	0.7123	0.2889	0.1628	0.1237	0.1107	0.1030	0.1056	0.1002	0.5223	0.1791	0.1267	0.1103	0.1079	0.0992	0.0918	0.0908	0.2397	0.1312	0.1175	0.1070	0.1105	0.1001	0.1124	0.1049	0.1512	0.1243	0.1037	0.1152	0.1208	0.0987	0.0987	0.1187	
0.7931	0.7904	0.8119	0.7620	0.7228	0.2915	0.1697	0.1292	0.8178	0.7781	0.7645	0.6548	0.3587	0.1431	0.1804	0.1204	0.7795	0.7646	0.6609	0.2467	0.1478	0.1220	0.1061	0.1154	0.7627	0.6570	0.2363	0.1492	0.1240	0.1088	0.1130	0.1012	0.7184	0.3005	0.1647	0.1244	0.1121	0.1046	0.1064	0.0996	0.5416	0.1799	0.1277	0.1108	0.1091	0.0991	0.0924	0.0908	0.2453	0.1338	0.1202	0.1077	0.1134	0.1003	0.1178	0.1082	0.1523	0.1265	0.1055	0.1185	0.1257	0.0991	0.1023	0.1259	
0.7889	0.7881	0.8092	0.7603	0.7222	0.2971	0.1702	0.1254	0.8281	0.7806	0.7640	0.6540	0.3634	0.1422	0.1927	0.1200	0.7706	0.7644	0.6623	0.2476	0.1458	0.1174	0.1052	0.1180	0.7666	0.6626	0.2347	0.1461	0.1236	0.1074	0.1127	0.1071	0.7201	0.2986	0.1617	0.1219	0.1099	0.1031	0.1051	0.1015	0.5494	0.1759	0.1248	0.1098	0.1087	0.0990	0.0931	0.0902	0.2474	0.1336	0.1177	0.1066	0.1119	0.0978	0.1171	0.1072	0.1535	0.1291	0.1027	0.1226	0.1286	0.0987	0.1006	0.1274	
0.7891	0.7890	0.8203	0.7603	0.7221	0.3105	0.1660	0.1270	0.8292	0.7797	0.7678	0.6645	0.3777	0.1425	0.2097	0.1237	0.7763	0.7720	0.6635	0.2517	0.1464	0.1196	0.1050	0.1218	0.7675	0.6635	0.2401	0.1480	0.1241	0.1075	0.1146	0.1071	0.7084	0.3073	0.1647	0.1246	0.1112	0.1026	0.1056	0.1022	0.5663	0.1790	0.1263	0.1086	0.1084	0.0997	0.0935	0.0910	0.2479	0.1375	0.1184	0.1080	0.1163	0.0987	0.1216	0.1107	0.1532	0.1294	0.1047	0.1281	0.1343	0.0999	0.1020	0.1338	
0.7934	0.7906	0.8257	0.7703	0.7237	0.3089	0.1703	0.1258	0.8345	0.7844	0.7671	0.6596	0.3763	0.1426	0.2269	0.1291	0.7773	0.7753	0.6664	0.2533	0.1469	0.1175	0.1026	0.1229	0.7687	0.6608	0.2427	0.1460	0.1232	0.1063	0.1143	0.0996	0.7206	0.3064	0.1596	0.1210	0.1083	0.1006	0.1031	0.1034	0.5763	0.1766	0.1236	0.1067	0.1068	0.0978	0.0928	0.0906	0.2482	0.1367	0.1168	0.1071	0.1177	0.0975	0.1238	0.1126	0.1546	0.1333	0.1030	0.1336	0.1375	0.1009	0.1005	0.1379	
0.7934	0.7922	0.8275	0.7702	0.7288	0.3133	0.1656	0.1264	0.8424	0.7842	0.7690	0.6595	0.3818	0.1407	0.2499	0.1325	0.7779	0.7808	0.6629	0.2561	0.1464	0.1183	0.1049	0.1303	0.7696	0.6642	0.2405	0.1491	0.1245	0.1079	0.1191	0.1075	0.7219	0.3100	0.1589	0.1217	0.1098	0.1030	0.1052	0.1062	0.5915	0.1782	0.1239	0.1091	0.1084	0.0988	0.0933	0.0923	0.2528	0.1379	0.1185	0.1087	0.1230	0.1015	0.1293	0.1183	0.1589	0.1374	0.1056	0.1425	0.1451	0.1012	0.1035	0.1476	
0.8007	0.7977	0.8340	0.7656	0.7346	0.3176	0.1677	0.1276	0.8468	0.7853	0.7789	0.6647	0.3920	0.1455	0.2775	0.1389	0.7872	0.7953	0.6696	0.2556	0.1462	0.1196	0.1069	0.1382	0.7804	0.6675	0.2446	0.1503	0.1252	0.1084	0.1233	0.1050	0.7279	0.3218	0.1635	0.1250	0.1110	0.1032	0.1072	0.1061	0.6016	0.1798	0.1254	0.1094	0.1094	0.1009	0.0946	0.0922	0.2528	0.1397	0.1194	0.1110	0.1284	0.1000	0.1361	0.1225	0.1580	0.1425	0.1031	0.1520	0.1520	0.1016	0.1045	0.1574	
0.8039	0.7993	0.8392	0.7813	0.7327	0.3186	0.1656	0.1261	0.8520	0.7901	0.7828	0.6595	0.3926	0.1422	0.3070	0.1464	0.7827	0.7953	0.6755	0.2547	0.1443	0.1181	0.1052	0.1434	0.7803	0.6665	0.2468	0.1485	0.1234	0.1085	0.1262	0.1008	0.7233	0.3169	0.1616	0.1220	0.1097	0.1024	0.1046	0.1093	0.6087	0.1749	0.1227	0.1077	0.1086	0.0993	0.0944	0.0924	0.2593	0.1413	0.1188	0.1123	0.1311	0.0987	0.1402	0.1280	0.1581	0.1473	0.1014	0.1617	0.1592	0.1019	0.1058	0.1683	
0.8012	0.7985	0.8461	0.7821	0.7320	0.3211	0.1681	0.1243	0.8569	0.7901	0.7796	0.6662	0.3992	0.1417	0.3369	0.1523	0.7866	0.8014	0.6720	0.2605	0.1421	0.1176	0.1041	0.1519	0.7778	0.6665	0.2435	0.1458	0.1219	0.1056	0.1288	0.1004	0.7295	0.3270	0.1624	0.1215	0.1079	0.1004	0.1029	0.1106	0.6243	0.1745	0.1237	0.1086	0.1067	0.0979	0.0946	0.0918	0.2604	0.1435	0.1171	0.1116	0.1354	0.0974	0.1338	0.1321	0.1627	0.1525	0.1017	0.1739	0.1685	0.1041	0.1068	0.1767	
