0.0852	0.0845	0.0886	0.0863	0.0893	0.0884	0.0878	0.0999	0.0861	0.0860	0.0919	0.0850	0.1102	0.0951	0.0984	0.1049	0.0866	0.0847	0.0871	0.0861	0.0909	0.1137	0.0929	0.0907	0.0972	0.0854	0.0850	0.0854	0.0923	0.1339	0.0996	0.1356	0.0856	0.0871	0.0861	0.0870	0.1586	0.0948	0.1162	0.1025	0.1069	0.1081	0.0916	0.0868	0.0883	0.0910	0.0924	0.0925	0.0872	0.0894	0.0879	0.0895	0.0869	0.0895	0.0989	0.0928	0.1003	0.1155	0.0944	0.0860	0.0895	0.0935	0.1278	0.1267	
0.0857	0.0861	0.0896	0.0868	0.0878	0.0865	0.0874	0.1022	0.0880	0.0860	0.0913	0.0884	0.1092	0.0897	0.0926	0.0915	0.0867	0.0860	0.0892	0.0876	0.0909	0.1123	0.0921	0.0886	0.0854	0.0870	0.0869	0.0867	0.0888	0.1087	0.0928	0.0932	0.0861	0.0866	0.0859	0.0873	0.1591	0.0936	0.1175	0.1024	0.0869	0.0888	0.0883	0.0885	0.0870	0.0898	0.0906	0.0893	0.0880	0.0884	0.0885	0.0888	0.0948	0.0887	0.0973	0.0909	0.0869	0.0871	0.0893	0.0873	0.0899	0.0892	0.0892	0.0900	
0.0868	0.0863	0.0898	0.0878	0.0875	0.0860	0.0846	0.1007	0.0890	0.0859	0.0921	0.0876	0.1078	0.0899	0.0932	0.0918	0.0870	0.0864	0.0897	0.0883	0.0910	0.1095	0.0901	0.0882	0.0858	0.0872	0.0877	0.0863	0.0890	0.1059	0.0920	0.0920	0.0874	0.0869	0.0867	0.0865	0.1718	0.0942	0.1152	0.0997	0.0870	0.0892	0.0871	0.0885	0.0860	0.0885	0.0891	0.0885	0.0872	0.0877	0.0886	0.0889	0.0841	0.0842	0.0968	0.0880	0.0863	0.0871	0.0895	0.0877	0.0865	0.0861	0.0856	0.0892	
0.0859	0.0865	0.0904	0.0873	0.0892	0.0883	0.0906	0.1018	0.0887	0.0860	0.0934	0.0891	0.1106	0.0914	0.0942	0.0934	0.0862	0.0858	0.0885	0.0875	0.0907	0.1116	0.0934	0.0888	0.0874	0.0868	0.0868	0.0860	0.0894	0.1080	0.0947	0.0951	0.0863	0.0866	0.0866	0.0864	0.1781	0.0969	0.1195	0.1015	0.0870	0.0880	0.0871	0.0881	0.0873	0.0916	0.0910	0.0901	0.0881	0.0872	0.0889	0.0872	0.0874	0.0890	0.0984	0.0947	0.0867	0.0870	0.0886	0.0875	0.0893	0.0902	0.0906	0.0923	
0.0862	0.0872	0.0900	0.0870	0.0877	0.0878	0.0884	0.1016	0.0889	0.0862	0.0947	0.0878	0.1072	0.0895	0.1001	0.0915	0.0862	0.0864	0.0889	0.0878	0.0886	0.1096	0.0904	0.0867	0.0861	0.0873	0.0869	0.0867	0.0890	0.1047	0.0954	0.0908	0.0870	0.0875	0.0880	0.0866	0.1794	0.0962	0.1180	0.0992	0.0883	0.0883	0.0873	0.0888	0.0847	0.0878	0.0891	0.0872	0.0891	0.0874	0.0887	0.0872	0.0847	0.0872	0.0952	0.0896	0.0868	0.0874	0.0897	0.0884	0.0857	0.0868	0.0862	0.0883	
0.0863	0.0869	0.0910	0.0868	0.0855	0.0878	0.0879	0.0998	0.0883	0.0862	0.0925	0.0876	0.1053	0.0873	0.0917	0.0908	0.0860	0.0858	0.0888	0.0872	0.0889	0.1085	0.0892	0.0875	0.0859	0.0871	0.0868	0.0863	0.0871	0.1052	0.0906	0.0930	0.0866	0.0869	0.0866	0.0869	0.1792	0.0905	0.1171	0.0969	0.0877	0.0885	0.0873	0.0882	0.0831	0.0876	0.0873	0.0865	0.0884	0.0879	0.0887	0.0885	0.0852	0.0875	0.0944	0.0884	0.0870	0.0872	0.0885	0.0878	0.0850	0.0886	0.0854	0.0863	
0.0865	0.0866	0.0904	0.0873	0.0894	0.0875	0.0881	0.1018	0.0891	0.0868	0.0928	0.0885	0.1090	0.0902	0.0950	0.0922	0.0868	0.0862	0.0890	0.0877	0.0918	0.1124	0.0930	0.0881	0.0871	0.0910	0.0871	0.0865	0.0888	0.1064	0.0924	0.0932	0.0868	0.0873	0.0868	0.0869	0.1818	0.0952	0.1178	0.1004	0.0870	0.0882	0.0873	0.0884	0.0904	0.0892	0.0907	0.0888	0.0874	0.0873	0.0887	0.0879	0.0898	0.0879	0.0985	0.0902	0.0871	0.0871	0.0895	0.0882	0.0914	0.0921	0.0913	0.0933	
0.0872	0.0869	0.0899	0.0871	0.0880	0.0883	0.0884	0.1034	0.0897	0.0870	0.0926	0.0882	0.1096	0.0916	0.0935	0.0949	0.0873	0.0867	0.0890	0.0880	0.0911	0.1120	0.0933	0.0891	0.0863	0.0875	0.0870	0.0875	0.0892	0.1079	0.0942	0.0928	0.0867	0.0874	0.0871	0.0880	0.1841	0.0960	0.1182	0.0993	0.0869	0.0884	0.0876	0.0887	0.0852	0.0892	0.0902	0.0895	0.0867	0.0880	0.0889	0.0876	0.0877	0.0865	0.0960	0.0897	0.0866	0.0886	0.0895	0.0875	0.0893	0.0884	0.0882	0.0892	
0.0865	0.0864	0.0904	0.0865	0.0925	0.0883	0.0870	0.1024	0.0886	0.0866	0.0927	0.0880	0.1090	0.0892	0.0930	0.0915	0.0862	0.0864	0.0885	0.0880	0.0908	0.1107	0.0932	0.0882	0.0865	0.0928	0.0870	0.0861	0.0887	0.1055	0.0931	0.0929	0.0864	0.0869	0.0870	0.0867	0.1864	0.0926	0.1193	0.1005	0.0865	0.0877	0.0877	0.0878	0.0866	0.0906	0.0898	0.0862	0.0858	0.0874	0.0884	0.0877	0.0853	0.0882	0.0971	0.0901	0.0864	0.0866	0.0883	0.0874	0.0888	0.0888	0.0867	0.0922	
0.0871	0.0872	0.0907	0.0871	0.0891	0.0891	0.0908	0.1035	0.0904	0.0869	0.0927	0.0894	0.1099	0.0915	0.0941	0.0935	0.0863	0.0867	0.0893	0.0878	0.0920	0.1109	0.0931	0.0879	0.0866	0.0891	0.0871	0.0873	0.0886	0.1088	0.0941	0.0933	0.0894	0.0879	0.0875	0.0874	0.1853	0.0944	0.1190	0.0994	0.0876	0.0888	0.0877	0.0885	0.0860	0.0895	0.0882	0.0890	0.0875	0.0880	0.0892	0.0880	0.0863	0.0873	0.0977	0.0907	0.0877	0.0879	0.0893	0.0877	0.0868	0.0861	0.0861	0.0892	
0.0874	0.0874	0.0909	0.0876	0.0909	0.0904	0.0893	0.1053	0.0906	0.0871	0.0935	0.0889	0.1114	0.0894	0.0959	0.0943	0.0866	0.0870	0.0894	0.0879	0.0931	0.1129	0.0922	0.0884	0.0869	0.0883	0.0876	0.0874	0.0897	0.1085	0.0933	0.0934	0.0873	0.0875	0.0877	0.0873	0.1797	0.0952	0.1197	0.1016	0.0878	0.0886	0.0887	0.0889	0.0861	0.0890	0.0895	0.0895	0.0877	0.0889	0.0891	0.0880	0.0858	0.0894	0.0958	0.0914	0.0873	0.0875	0.0899	0.0886	0.0912	0.0928	0.0925	0.0933	
0.0863	0.0872	0.0904	0.0870	0.0912	0.0895	0.0899	0.1012	0.0889	0.0867	0.0933	0.0886	0.1069	0.0880	0.0899	0.0918	0.0870	0.0865	0.0890	0.0870	0.0903	0.1108	0.0893	0.0870	0.0859	0.0895	0.0868	0.0866	0.0867	0.1051	0.0902	0.0882	0.0867	0.0867	0.0870	0.0861	0.1793	0.0914	0.1161	0.0978	0.0867	0.0880	0.0869	0.0880	0.0833	0.0849	0.0854	0.0846	0.0884	0.0867	0.0890	0.0867	0.0841	0.0842	0.0928	0.0861	0.0865	0.0867	0.0892	0.0877	0.0839	0.0847	0.0839	0.0855	
0.0871	0.0878	0.0909	0.0874	0.0922	0.0872	0.0926	0.1044	0.0901	0.0874	0.1025	0.0884	0.1099	0.0903	0.0917	0.0933	0.0863	0.0869	0.0912	0.0876	0.0916	0.1100	0.0935	0.0878	0.0862	0.0879	0.0882	0.0869	0.0896	0.1067	0.0937	0.0920	0.0872	0.0873	0.0873	0.0876	0.1859	0.0948	0.1177	0.1007	0.0878	0.0890	0.0878	0.0895	0.0862	0.0926	0.0902	0.0888	0.0873	0.0877	0.0889	0.0880	0.0865	0.0909	0.1003	0.0912	0.0871	0.0875	0.0895	0.0880	0.0875	0.0889	0.0889	0.0894	
0.0889	0.0890	0.0920	0.0886	0.0913	0.0904	0.0909	0.1062	0.0923	0.0882	0.0944	0.0897	0.1076	0.0890	0.0963	0.0959	0.0874	0.0880	0.0905	0.0886	0.0911	0.1117	0.0945	0.0906	0.0879	0.0924	0.0886	0.0882	0.0894	0.1078	0.0942	0.0940	0.0883	0.0889	0.0880	0.0883	0.1833	0.0954	0.1169	0.1007	0.0888	0.0898	0.0887	0.0896	0.0926	0.0953	0.0900	0.0890	0.0896	0.0934	0.0903	0.0885	0.0923	0.0923	0.0997	0.0932	0.0886	0.0883	0.0905	0.0889	0.0889	0.0888	0.0885	0.0895	
0.0884	0.0887	0.0927	0.0890	0.0902	0.0881	0.0904	0.1031	0.0918	0.0893	0.0952	0.0919	0.1104	0.0915	0.1003	0.0937	0.0880	0.0881	0.0912	0.0895	0.0922	0.1120	0.0952	0.0899	0.0884	0.0898	0.0893	0.0886	0.0897	0.1099	0.0945	0.0945	0.0892	0.0892	0.0887	0.0892	0.1866	0.0953	0.1191	0.1018	0.0893	0.0903	0.0894	0.0904	0.0891	0.0943	0.0923	0.0899	0.0902	0.0893	0.0907	0.0892	0.0892	0.0900	0.0972	0.0939	0.0894	0.0897	0.0909	0.0897	0.0895	0.0894	0.0887	0.0907	
0.0880	0.0886	0.0935	0.0885	0.0923	0.0891	0.0931	0.1030	0.0910	0.0887	0.0944	0.0896	0.1113	0.0908	0.0921	0.0937	0.0883	0.0880	0.0905	0.0883	0.0926	0.1118	0.0941	0.0912	0.0877	0.0889	0.0890	0.0880	0.0900	0.1086	0.0942	0.0945	0.0878	0.0885	0.0886	0.0876	0.1818	0.0963	0.1181	0.1004	0.0888	0.0898	0.0890	0.0888	0.0886	0.0904	0.0900	0.0891	0.0890	0.0894	0.0904	0.0885	0.0883	0.0902	0.0974	0.0907	0.0885	0.0889	0.0905	0.0888	0.0868	0.0874	0.0849	0.0865	
0.0899	0.0915	0.0939	0.0901	0.0933	0.0911	0.0924	0.1032	0.0928	0.0904	0.1040	0.0907	0.1105	0.0928	0.0949	0.0958	0.0885	0.0894	0.0918	0.0903	0.0952	0.1127	0.0945	0.0909	0.0898	0.0924	0.0908	0.0895	0.0925	0.1097	0.0957	0.0962	0.0901	0.0944	0.0897	0.0891	0.1902	0.0967	0.1213	0.1020	0.0904	0.0918	0.0906	0.0965	0.0904	0.0938	0.0930	0.0913	0.0894	0.0903	0.0919	0.0905	0.0965	0.0920	0.1007	0.0925	0.0890	0.0904	0.0934	0.0907	0.0915	0.0916	0.0903	0.0908	
0.0906	0.0903	0.0938	0.0897	0.0932	0.0926	0.0929	0.1071	0.0937	0.0908	0.0971	0.0910	0.1141	0.0963	0.0958	0.0972	0.0893	0.0896	0.0922	0.0900	0.0953	0.1127	0.0953	0.0941	0.0896	0.0927	0.0905	0.0893	0.0943	0.1126	0.0955	0.0955	0.0900	0.0904	0.0897	0.0894	0.1850	0.0994	0.1208	0.1027	0.0906	0.0919	0.0907	0.1060	0.0915	0.0934	0.0946	0.0918	0.0899	0.0908	0.0919	0.0902	0.0950	0.0937	0.1016	0.0964	0.0897	0.0907	0.0922	0.0898	0.0919	0.0922	0.0935	0.0907	
0.0899	0.0919	0.0941	0.0899	0.0874	0.0879	0.0864	0.1014	0.0931	0.0908	0.0965	0.0911	0.1107	0.0870	0.0908	0.0899	0.0888	0.0899	0.0926	0.0900	0.0908	0.1116	0.0917	0.0875	0.0892	0.0955	0.0906	0.0889	0.0873	0.1063	0.0894	0.0904	0.0909	0.0903	0.0903	0.0890	0.1823	0.0897	0.1166	0.0969	0.0908	0.0910	0.0904	0.0912	0.0850	0.0880	0.0867	0.0852	0.0910	0.0917	0.0932	0.0911	0.0837	0.0844	0.0939	0.0860	0.0915	0.0914	0.0929	0.0903	0.0848	0.0875	0.0844	0.0862	
0.0914	0.0915	0.0946	0.0915	0.0913	0.0899	0.0893	0.1041	0.0944	0.0919	0.0975	0.0921	0.1138	0.0919	0.0957	0.0960	0.0902	0.0909	0.0932	0.0912	0.0928	0.1122	0.0944	0.0929	0.0909	0.0941	0.0917	0.0904	0.0912	0.1082	0.0944	0.0966	0.0910	0.0918	0.0911	0.0903	0.1824	0.0959	0.1171	0.1022	0.0919	0.0924	0.0917	0.0914	0.0883	0.0921	0.0928	0.0902	0.0909	0.0908	0.0930	0.0910	0.0900	0.0903	0.0987	0.0915	0.0908	0.0920	0.0932	0.0912	0.0903	0.0899	0.0897	0.0902	
0.0917	0.0928	0.0963	0.0921	0.0905	0.0911	0.0924	0.1030	0.0955	0.0937	0.0985	0.0924	0.1103	0.0926	0.0946	0.0929	0.0914	0.0917	0.0941	0.0914	0.0944	0.1135	0.0942	0.0898	0.0918	0.0934	0.0932	0.0917	0.0933	0.1078	0.0966	0.0940	0.0920	0.0921	0.0913	0.0905	0.1839	0.0946	0.1200	0.1014	0.0923	0.0942	0.0919	0.0920	0.0909	0.0928	0.0916	0.0900	0.0928	0.0923	0.0937	0.0909	0.0910	0.0925	0.0994	0.0927	0.0923	0.0922	0.0936	0.0918	0.0903	0.0901	0.0909	0.0911	
0.0930	0.0926	0.0971	0.0926	0.0934	0.0910	0.0911	0.1026	0.0965	0.0940	0.0995	0.0934	0.1126	0.0915	0.0938	0.0935	0.0917	0.0928	0.0951	0.0922	0.0956	0.1125	0.0937	0.0907	0.0925	0.0974	0.0934	0.0921	0.0911	0.1092	0.0959	0.0954	0.0931	0.0929	0.0925	0.0910	0.1875	0.0966	0.1198	0.1021	0.0932	0.0948	0.0933	0.0925	0.0885	0.0923	0.0899	0.0894	0.0934	0.0926	0.0940	0.0918	0.0944	0.0897	0.1001	0.0923	0.0928	0.0929	0.0949	0.0919	0.0909	0.0901	0.0891	0.0918	
0.0944	0.0940	0.0983	0.0932	0.0913	0.0906	0.0907	0.1028	0.0975	0.0951	0.1007	0.0936	0.1125	0.0932	0.0933	0.0939	0.0927	0.0933	0.0960	0.0921	0.0949	0.1132	0.0900	0.0869	0.0935	0.0957	0.0945	0.0922	0.0916	0.1101	0.0945	0.0949	0.0937	0.0947	0.0928	0.0918	0.1821	0.0948	0.1169	0.1009	0.0939	0.0952	0.0937	0.0929	0.0895	0.0912	0.0923	0.0902	0.0980	0.0940	0.0948	0.0928	0.0957	0.0911	0.0984	0.0929	0.0935	0.0940	0.0957	0.0926	0.0924	0.0912	0.0904	0.0908	
0.0947	0.0956	0.0994	0.0938	0.0942	0.0915	0.0896	0.1060	0.0981	0.0961	0.1017	0.0947	0.1144	0.0948	0.0931	0.0947	0.0933	0.0941	0.0961	0.0929	0.0954	0.1155	0.0935	0.0899	0.0949	0.1005	0.0945	0.0926	0.0910	0.1114	0.0957	0.0922	0.0946	0.0945	0.0942	0.0923	0.1849	0.0956	0.1188	0.1017	0.0950	0.0959	0.0970	0.0933	0.0886	0.0912	0.0929	0.0879	0.0942	0.0939	0.0952	0.0926	0.0890	0.0894	0.0994	0.0904	0.0930	0.0936	0.0966	0.0935	0.0911	0.0896	0.0893	0.0882	
0.0970	0.0971	0.1009	0.0960	0.0934	0.0937	0.0917	0.1041	0.1008	0.0985	0.1030	0.0953	0.1136	0.0948	0.0945	0.0952	0.0954	0.0959	0.0983	0.0939	0.0939	0.1133	0.0939	0.0908	0.0963	0.1005	0.0971	0.0937	0.0921	0.1093	0.0958	0.0927	0.0957	0.0963	0.0960	0.0927	0.1816	0.0936	0.1181	0.0986	0.0964	0.0975	0.0954	0.0943	0.0890	0.0900	0.0906	0.0885	0.0960	0.0953	0.0970	0.0934	0.0924	0.0879	0.0970	0.0923	0.0952	0.0957	0.0975	0.0944	0.0886	0.0885	0.0849	0.0882	
0.0981	0.0984	0.1027	0.0962	0.0954	0.0936	0.0906	0.1051	0.1017	0.0997	0.1049	0.0965	0.1163	0.0948	0.0952	0.0911	0.0966	0.0961	0.0997	0.0949	0.0982	0.1143	0.0936	0.0884	0.0972	0.0998	0.0980	0.0947	0.0932	0.1124	0.0957	0.0927	0.0968	0.0976	0.0960	0.0942	0.1863	0.0974	0.1195	0.1043	0.0976	0.0981	0.0963	0.0948	0.0903	0.0914	0.0904	0.0902	0.0997	0.0959	0.0978	0.0940	0.0918	0.0901	0.0970	0.0926	0.0966	0.0973	0.0988	0.0947	0.0898	0.0898	0.0869	0.0883	
0.0999	0.1003	0.1037	0.0979	0.0938	0.0927	0.0916	0.1057	0.1044	0.1020	0.1063	0.0971	0.1148	0.0930	0.0924	0.0923	0.0979	0.0984	0.1008	0.0974	0.0944	0.1120	0.0928	0.0869	0.0993	0.1012	0.0993	0.0958	0.0910	0.1091	0.0940	0.0925	0.0984	0.0988	0.0969	0.0953	0.1822	0.0942	0.1191	0.0985	0.0982	0.1000	0.0980	0.0956	0.0882	0.0904	0.0881	0.0891	0.0975	0.0971	0.0992	0.0950	0.0874	0.0892	0.0963	0.0892	0.0979	0.0981	0.0999	0.0948	0.0900	0.0887	0.0895	0.0889	
0.1015	0.1030	0.1069	0.1002	0.0943	0.0902	0.0871	0.1056	0.1058	0.1052	0.1084	0.0989	0.1173	0.0944	0.0942	0.0964	0.0991	0.0998	0.1030	0.0980	0.0966	0.1097	0.0952	0.0882	0.1017	0.1049	0.1011	0.0974	0.0901	0.1056	0.0940	0.0927	0.1003	0.1001	0.0996	0.0958	0.1859	0.0923	0.1149	0.0970	0.0995	0.1017	0.0997	0.0965	0.0891	0.0923	0.0898	0.0895	0.1030	0.0989	0.1000	0.0957	0.0919	0.0879	0.0982	0.0886	0.0988	0.0994	0.1009	0.0975	0.0907	0.0887	0.0879	0.0877	
0.1036	0.1048	0.1087	0.1022	0.0965	0.0922	0.0911	0.1023	0.1085	0.1057	0.1107	0.1007	0.1162	0.0930	0.0940	0.0937	0.1018	0.1017	0.1046	0.0992	0.0967	0.1125	0.0906	0.0890	0.1045	0.1046	0.1034	0.0985	0.0942	0.1121	0.0958	0.0934	0.1029	0.1024	0.1014	0.0968	0.1869	0.0971	0.1199	0.1020	0.1007	0.1031	0.1009	0.1032	0.0904	0.0925	0.0916	0.0875	0.1015	0.0998	0.1018	0.0960	0.0899	0.0918	0.0985	0.0895	0.1006	0.0998	0.1022	0.0967	0.0946	0.0887	0.0868	0.0883	
0.1058	0.1071	0.1128	0.1033	0.0978	0.0939	0.0920	0.1068	0.1122	0.1104	0.1140	0.1007	0.1189	0.0949	0.0964	0.0946	0.1043	0.1041	0.1067	0.1006	0.0984	0.1147	0.0935	0.0899	0.1052	0.1090	0.1052	0.0994	0.0977	0.1104	0.1039	0.0927	0.1034	0.1032	0.1029	0.0975	0.1919	0.0957	0.1188	0.0969	0.1025	0.1056	0.1029	0.0982	0.0917	0.0912	0.0903	0.0879	0.1053	0.1011	0.1029	0.0975	0.0910	0.0891	0.0982	0.0917	0.1013	0.1015	0.1034	0.0969	0.0925	0.0889	0.0878	0.0874	
0.1086	0.1097	0.1147	0.1051	0.0985	0.0939	0.0921	0.1036	0.1153	0.1129	0.1176	0.1031	0.1173	0.0939	0.0944	0.0926	0.1068	0.1065	0.1105	0.1025	0.1002	0.1158	0.0934	0.0881	0.1088	0.1128	0.1084	0.1013	0.0964	0.1091	0.0965	0.0948	0.1061	0.1065	0.1054	0.0991	0.1908	0.0952	0.1183	0.0994	0.1078	0.1072	0.1045	0.0993	0.0901	0.0942	0.0902	0.0906	0.1047	0.1025	0.1044	0.0991	0.0935	0.0897	0.0964	0.0907	0.1034	0.1028	0.1048	0.0992	0.0953	0.0891	0.0871	0.0863	
0.1126	0.1125	0.1172	0.1078	0.1000	0.0969	0.0928	0.1084	0.1172	0.1159	0.1197	0.1044	0.1210	0.0954	0.0973	0.0947	0.1094	0.1096	0.1128	0.1045	0.0999	0.1157	0.0964	0.0903	0.1132	0.1162	0.1111	0.1028	0.0995	0.1151	0.0984	0.0948	0.1082	0.1080	0.1063	0.1008	0.1863	0.0990	0.1191	0.1037	0.1067	0.1085	0.1060	0.1007	0.0954	0.0966	0.0950	0.0926	0.1046	0.1042	0.1065	0.1004	0.0943	0.0943	0.1005	0.0901	0.1050	0.1043	0.1068	0.1010	0.0980	0.0925	0.0882	0.0910	
0.1153	0.1152	0.1228	0.1104	0.1011	0.0951	0.0935	0.1061	0.1210	0.1186	0.1239	0.1071	0.1220	0.0967	0.0963	0.0956	0.1121	0.1125	0.1155	0.1063	0.1009	0.1154	0.0949	0.0906	0.1133	0.1177	0.1142	0.1045	0.0988	0.1137	0.0942	0.0942	0.1106	0.1116	0.1092	0.1019	0.1925	0.0992	0.1210	0.1021	0.1084	0.1119	0.1094	0.1016	0.0938	0.0936	0.0901	0.0866	0.1058	0.1058	0.1080	0.1010	0.0950	0.0908	0.0976	0.0908	0.1057	0.1057	0.1078	0.0994	0.0958	0.0904	0.0869	0.0871	
0.1198	0.1226	0.1274	0.1147	0.1008	0.0950	0.0938	0.1045	0.1263	0.1256	0.1289	0.1085	0.1237	0.0977	0.0973	0.0969	0.1167	0.1164	0.1194	0.1106	0.1007	0.1183	0.0973	0.0944	0.1208	0.1231	0.1190	0.1084	0.1028	0.1124	0.0987	0.0974	0.1151	0.1143	0.1113	0.1050	0.1927	0.1005	0.1231	0.1025	0.1117	0.1161	0.1128	0.1034	0.0997	0.0976	0.0946	0.0903	0.1077	0.1080	0.1093	0.1018	0.1018	0.0929	0.1019	0.0925	0.1097	0.1080	0.1113	0.1034	0.0998	0.0951	0.0908	0.0919	
0.1248	0.1260	0.1317	0.1185	0.1045	0.0988	0.0955	0.1070	0.1317	0.1325	0.1355	0.1125	0.1247	0.0969	0.0989	0.0964	0.1209	0.1210	0.1230	0.1120	0.1042	0.1161	0.0945	0.0910	0.1223	0.1264	0.1232	0.1101	0.1003	0.1141	0.0961	0.0958	0.1193	0.1187	0.1151	0.1070	0.1938	0.0976	0.1192	0.1026	0.1167	0.1192	0.1155	0.1060	0.0985	0.0950	0.0921	0.0874	0.1131	0.1097	0.1129	0.1050	0.0946	0.0907	0.1011	0.0908	0.1114	0.1093	0.1128	0.1053	0.1011	0.0923	0.0884	0.0874	
0.1291	0.1328	0.1361	0.1227	0.1096	0.1004	0.0952	0.1088	0.1386	0.1363	0.1384	0.1140	0.1269	0.0980	0.0944	0.0927	0.1247	0.1260	0.1274	0.1146	0.1040	0.1156	0.0952	0.0882	0.1278	0.1320	0.1285	0.1133	0.1031	0.1137	0.0966	0.0936	0.1223	0.1230	0.1189	0.1086	0.1974	0.0985	0.1198	0.1005	0.1176	0.1199	0.1170	0.1062	0.0980	0.0961	0.0931	0.0907	0.1159	0.1121	0.1139	0.1061	0.1002	0.0914	0.0995	0.0924	0.1128	0.1105	0.1140	0.1057	0.0994	0.0923	0.0890	0.0891	
0.1361	0.1393	0.1440	0.1266	0.1128	0.1028	0.0979	0.1094	0.1438	0.1412	0.1462	0.1176	0.1306	0.1011	0.0962	0.0989	0.1305	0.1294	0.1334	0.1180	0.1086	0.1211	0.0971	0.0922	0.1313	0.1365	0.1321	0.1158	0.1065	0.1150	0.0994	0.0955	0.1256	0.1249	0.1233	0.1115	0.1991	0.1022	0.1226	0.1029	0.1215	0.1254	0.1206	0.1084	0.1016	0.0969	0.0942	0.0914	0.1181	0.1141	0.1170	0.1064	0.1005	0.0950	0.1017	0.0932	0.1146	0.1125	0.1167	0.1047	0.1015	0.0952	0.0907	0.0904	
0.1430	0.1458	0.1523	0.1320	0.1129	0.1005	0.0940	0.1065	0.1508	0.1497	0.1513	0.1312	0.1320	0.1008	0.0988	0.0954	0.1371	0.1378	0.1401	0.1228	0.1119	0.1200	0.0988	0.0915	0.1390	0.1437	0.1383	0.1199	0.1062	0.1156	0.0987	0.0970	0.1304	0.1343	0.1278	0.1149	0.1982	0.1014	0.1230	0.1045	0.1243	0.1297	0.1236	0.1113	0.1029	0.0985	0.0985	0.0943	0.1204	0.1177	0.1217	0.1088	0.1042	0.0968	0.1019	0.0943	0.1193	0.1147	0.1190	0.1069	0.1051	0.0968	0.0921	0.0922	
0.1503	0.1543	0.1599	0.1377	0.1117	0.1023	0.1003	0.1073	0.1607	0.1574	0.1610	0.1245	0.1342	0.1037	0.0962	0.0934	0.1446	0.1444	0.1463	0.1284	0.1102	0.1187	0.0984	0.0894	0.1440	0.1551	0.1441	0.1232	0.1080	0.1141	0.0970	0.0971	0.1367	0.1366	0.1315	0.1177	0.1981	0.1021	0.1228	0.1004	0.1297	0.1349	0.1269	0.1172	0.1011	0.0959	0.0925	0.0894	0.1236	0.1207	0.1231	0.1106	0.0990	0.0917	0.1007	0.0920	0.1215	0.1167	0.1222	0.1082	0.1013	0.0915	0.0866	0.0915	
0.1610	0.1644	0.1698	0.1458	0.1183	0.1080	0.0974	0.1092	0.1694	0.1692	0.1698	0.1313	0.1420	0.1050	0.1012	0.0958	0.1532	0.1518	0.1542	0.1326	0.1188	0.1236	0.1011	0.0930	0.1544	0.1586	0.1522	0.1283	0.1129	0.1208	0.1017	0.0968	0.1440	0.1426	0.1382	0.1218	0.2032	0.1024	0.1260	0.0998	0.1314	0.1378	0.1332	0.1158	0.1065	0.0986	0.0966	0.0910	0.1260	0.1256	0.1241	0.1140	0.1022	0.0961	0.1015	0.0909	0.1250	0.1190	0.1232	0.1092	0.1037	0.0936	0.0910	0.0925	
0.1744	0.1753	0.1805	0.1541	0.1254	0.1087	0.0980	0.1094	0.1820	0.1808	0.1812	0.1364	0.1456	0.1050	0.1028	0.0958	0.1608	0.1591	0.1621	0.1385	0.1176	0.1212	0.0981	0.0925	0.1629	0.1679	0.1619	0.1354	0.1147	0.1210	0.1020	0.0980	0.1509	0.1484	0.1440	0.1261	0.2001	0.1027	0.1253	0.1038	0.1385	0.1442	0.1366	0.1173	0.1072	0.0990	0.0967	0.1020	0.1301	0.1279	0.1285	0.1158	0.1039	0.0946	0.1006	0.0925	0.1289	0.1214	0.1260	0.1128	0.1074	0.0955	0.0908	0.0908	
0.1830	0.1892	0.1930	0.1625	0.1294	0.1129	0.0995	0.1099	0.1923	0.1888	0.1937	0.1427	0.1483	0.1102	0.1037	0.0966	0.1727	0.1697	0.1722	0.1444	0.1228	0.1234	0.1022	0.0928	0.1736	0.1798	0.1712	0.1396	0.1179	0.1232	0.1028	0.0990	0.1581	0.1567	0.1514	0.1283	0.2017	0.1067	0.1234	0.1029	0.1445	0.1502	0.1416	0.1215	0.1088	0.1018	0.0983	0.0934	0.1357	0.1306	0.1332	0.1165	0.1076	0.0973	0.1043	0.0945	0.1308	0.1240	0.1298	0.1128	0.1116	0.0965	0.0924	0.0917	
0.1958	0.2013	0.2072	0.1747	0.1332	0.1123	0.0994	0.1094	0.2077	0.2068	0.2061	0.1491	0.1519	0.1119	0.1050	0.0982	0.1826	0.1817	0.1827	0.1534	0.1250	0.1249	0.1003	0.0930	0.1844	0.1906	0.1785	0.1466	0.1311	0.1216	0.1015	0.0962	0.1691	0.1661	0.1581	0.1339	0.2060	0.1041	0.1246	0.1008	0.1459	0.1546	0.1458	0.1242	0.1123	0.1002	0.0946	0.0908	0.1380	0.1344	0.1370	0.1187	0.1077	0.0978	0.1012	0.0930	0.1336	0.1266	0.1324	0.1141	0.1112	0.0949	0.0903	0.0893	
0.2093	0.2157	0.2216	0.1825	0.1392	0.1169	0.1002	0.1111	0.2247	0.2223	0.2234	0.1577	0.1596	0.1126	0.1036	0.0977	0.1955	0.1921	0.1962	0.1620	0.1290	0.1254	0.1007	0.0948	0.1939	0.2073	0.1891	0.1545	0.1236	0.1232	0.1021	0.0997	0.1762	0.1733	0.1657	0.1400	0.2079	0.1079	0.1259	0.1032	0.1530	0.1607	0.1508	0.1265	0.1145	0.1041	0.0975	0.0958	0.1411	0.1389	0.1407	0.1241	0.1121	0.1010	0.1019	0.0934	0.1409	0.1279	0.1334	0.1184	0.1161	0.0975	0.0920	0.0936	
0.2285	0.2367	0.2386	0.1971	0.1469	0.1197	0.1045	0.1125	0.2403	0.2380	0.2392	0.1653	0.1659	0.1202	0.1040	0.1025	0.2123	0.2091	0.2107	0.1704	0.1412	0.1317	0.1029	0.0973	0.2084	0.2173	0.2044	0.1610	0.1316	0.1262	0.1169	0.0970	0.1869	0.1855	0.1776	0.1467	0.2116	0.1104	0.1247	0.1030	0.1598	0.1705	0.1577	0.1321	0.1167	0.1027	0.0971	0.0915	0.1463	0.1465	0.1456	0.1255	0.1113	0.0990	0.1025	0.0928	0.1428	0.1326	0.1373	0.1177	0.1165	0.0980	0.0915	0.0906	
0.2493	0.2540	0.2563	0.2120	0.1520	0.1244	0.1042	0.1125	0.2579	0.2568	0.2553	0.1750	0.1769	0.1239	0.1111	0.1049	0.2275	0.2231	0.2239	0.1805	0.1442	0.1379	0.1063	0.1004	0.2270	0.2303	0.2177	0.1687	0.1390	0.1275	0.1063	0.1012	0.1997	0.1931	0.1858	0.1515	0.2218	0.1146	0.1276	0.1075	0.1643	0.1789	0.1639	0.1358	0.1296	0.1145	0.1039	0.0993	0.1500	0.1462	0.1482	0.1283	0.1227	0.1038	0.1082	0.0967	0.1442	0.1332	0.1399	0.1219	0.1236	0.1039	0.0950	0.0928	
0.2687	0.2768	0.2815	0.2265	0.1563	0.1228	0.1014	0.1111	0.2789	0.2781	0.2718	0.1893	0.1758	0.1157	0.1003	0.0947	0.2443	0.2410	0.2422	0.1942	0.1431	0.1328	0.0979	0.0920	0.2376	0.2490	0.2336	0.1811	0.1375	0.1240	0.1005	0.0942	0.2116	0.2066	0.1940	0.1613	0.2229	0.1088	0.1217	0.1004	0.1742	0.1863	0.1743	0.1378	0.1209	0.1026	0.0965	0.0924	0.1591	0.1531	0.1541	0.1317	0.1146	0.0985	0.1043	0.0946	0.1510	0.1366	0.1442	0.1234	0.1197	0.0990	0.0896	0.0885	
0.2885	0.2980	0.2991	0.2408	0.1676	0.1294	0.1050	0.1130	0.3000	0.2962	0.2981	0.2023	0.1924	0.1262	0.1075	0.0996	0.2645	0.2581	0.2574	0.2048	0.1538	0.1358	0.1066	0.0952	0.2550	0.2745	0.2507	0.1916	0.1505	0.1327	0.1044	0.0988	0.2254	0.2181	0.2084	0.1666	0.2285	0.1132	0.1301	0.1040	0.1804	0.1954	0.1769	0.1465	0.1272	0.1078	0.0985	0.0932	0.1629	0.1567	0.1573	0.1351	0.1194	0.1021	0.1041	0.0929	0.1564	0.1401	0.1463	0.1234	0.1233	0.1002	0.0930	0.0905	
0.3142	0.3187	0.3234	0.2601	0.1792	0.1329	0.1055	0.1130	0.3293	0.3243	0.3182	0.2140	0.1992	0.1287	0.1081	0.0979	0.2836	0.2784	0.2807	0.2191	0.1593	0.1397	0.1046	0.0961	0.2746	0.2888	0.2655	0.2065	0.1529	0.1326	0.1064	0.0982	0.2412	0.2308	0.2205	0.1769	0.2347	0.1133	0.1267	0.1050	0.1874	0.2028	0.1866	0.1477	0.1325	0.1107	0.0989	0.0968	0.1690	0.1599	0.1605	0.1381	0.1228	0.1019	0.1047	0.0970	0.1603	0.1418	0.1477	0.1285	0.1282	0.1014	0.0929	0.0925	
0.3423	0.3505	0.3508	0.2825	0.1906	0.1395	0.1080	0.1154	0.3554	0.3511	0.3451	0.2347	0.2116	0.1348	0.1115	0.1010	0.3047	0.3016	0.3054	0.2370	0.1715	0.1404	0.1059	0.0945	0.2978	0.3104	0.2876	0.2185	0.1637	0.1369	0.1067	0.0993	0.2551	0.2503	0.2316	0.1868	0.2370	0.1191	0.1265	0.1070	0.1959	0.2144	0.1962	0.1535	0.1395	0.1158	0.1038	0.0962	0.1770	0.1646	0.1678	0.1445	0.1324	0.1044	0.1066	0.0967	0.1654	0.1439	0.1511	0.1295	0.1301	0.1007	0.0925	0.0930	
0.3679	0.3776	0.3756	0.3010	0.2045	0.1503	0.1117	0.1142	0.3787	0.3750	0.3744	0.2473	0.2241	0.1412	0.1146	0.1022	0.3311	0.3253	0.3185	0.2517	0.1815	0.1480	0.1098	0.0965	0.3203	0.3348	0.3084	0.2312	0.1742	0.1418	0.1102	0.1014	0.2712	0.2644	0.2497	0.1972	0.2532	0.1244	0.1322	0.1086	0.2028	0.2221	0.2042	0.1595	0.1518	0.1197	0.1058	0.0991	0.1886	0.1735	0.1720	0.1487	0.1404	0.1116	0.1108	0.1000	0.1696	0.1475	0.1558	0.1351	0.1387	0.1058	0.0983	0.0958	
0.3957	0.4045	0.4054	0.3257	0.2232	0.1575	0.1163	0.1166	0.4086	0.4020	0.3971	0.2675	0.2430	0.1509	0.1205	0.1053	0.3602	0.3506	0.3473	0.2745	0.1986	0.1545	0.1110	0.1000	0.3354	0.3562	0.3282	0.2463	0.1852	0.1450	0.1134	0.1020	0.2888	0.2790	0.2616	0.2089	0.2548	0.1228	0.1350	0.1099	0.2128	0.2360	0.2121	0.1649	0.1546	0.1211	0.1089	0.0992	0.1895	0.1786	0.1765	0.1503	0.1440	0.1133	0.1122	0.0985	0.1774	0.1520	0.1619	0.1371	0.1399	0.1046	0.0962	0.0944	
0.4299	0.4322	0.4335	0.3504	0.2310	0.1557	0.1068	0.1110	0.4415	0.4388	0.4267	0.2895	0.2511	0.1481	0.1126	0.0987	0.3850	0.3821	0.3751	0.2964	0.2000	0.1512	0.1044	0.0922	0.3654	0.3831	0.3548	0.2636	0.1866	0.1367	0.1068	0.0969	0.3109	0.2971	0.2796	0.2220	0.2565	0.1208	0.1279	0.1032	0.2226	0.2509	0.2205	0.1716	0.1520	0.1131	0.0983	0.0917	0.1961	0.1829	0.1819	0.1551	0.1384	0.1017	0.1059	0.0917	0.1800	0.1523	0.1608	0.1370	0.1364	0.0989	0.0993	0.0883	
0.4593	0.4626	0.4627	0.3810	0.2444	0.1645	0.1160	0.1139	0.4706	0.4646	0.4608	0.3163	0.2646	0.1572	0.1177	0.1021	0.4118	0.4079	0.3973	0.3167	0.2124	0.1568	0.1113	0.0946	0.3906	0.4125	0.3747	0.2849	0.2010	0.1471	0.1137	0.0990	0.3286	0.3154	0.2948	0.2356	0.2617	0.1272	0.1313	0.1047	0.2395	0.2617	0.2315	0.1761	0.1617	0.1186	0.1028	0.0949	0.2018	0.1903	0.1881	0.1596	0.1491	0.1097	0.1075	0.0943	0.1859	0.1580	0.1652	0.1395	0.1460	0.1032	0.0921	0.0911	
0.4864	0.4880	0.4819	0.4059	0.2699	0.1731	0.1151	0.1173	0.4999	0.4913	0.4882	0.3374	0.2921	0.1685	0.1183	0.1000	0.4401	0.4307	0.4209	0.3397	0.2344	0.1650	0.1128	0.0956	0.4192	0.4396	0.4027	0.3063	0.2142	0.1492	0.1132	0.0999	0.3482	0.3345	0.3140	0.2495	0.2798	0.1295	0.1316	0.1063	0.2420	0.2667	0.2437	0.1859	0.1676	0.1227	0.1048	0.0933	0.2185	0.1957	0.1935	0.1675	0.1482	0.1096	0.1088	0.0955	0.1893	0.1595	0.1706	0.1407	0.1459	0.1042	0.0915	0.0906	
0.5169	0.5147	0.5169	0.4351	0.2884	0.1864	0.1183	0.1159	0.5287	0.5187	0.5219	0.3721	0.3063	0.1743	0.1247	0.1034	0.4682	0.4567	0.4546	0.3633	0.2470	0.1686	0.1137	0.0960	0.4470	0.4674	0.4293	0.3242	0.2280	0.1563	0.1137	0.1040	0.3741	0.3549	0.3328	0.2621	0.2850	0.1349	0.1331	0.1067	0.2557	0.2804	0.2491	0.1917	0.1704	0.1231	0.1030	0.0925	0.2224	0.2013	0.2011	0.1698	0.1506	0.1093	0.1072	0.0951	0.1978	0.1604	0.1731	0.1432	0.1475	0.1052	0.0925	0.0897	
0.5443	0.5364	0.5395	0.4663	0.3058	0.1963	0.1221	0.1181	0.5577	0.5442	0.5324	0.3920	0.3271	0.1865	0.1250	0.1044	0.4977	0.4897	0.4840	0.3879	0.2651	0.1769	0.1170	0.0977	0.4741	0.4863	0.4559	0.3488	0.2454	0.1649	0.1196	0.1030	0.3946	0.3756	0.3518	0.2787	0.2947	0.1406	0.1335	0.1106	0.2642	0.2977	0.2613	0.2064	0.1807	0.1317	0.1097	0.0956	0.2238	0.2087	0.2052	0.1735	0.1567	0.1139	0.1120	0.0963	0.2038	0.1654	0.1779	0.1449	0.1551	0.1032	0.0945	0.0907	
0.5743	0.5669	0.5551	0.4873	0.3331	0.2125	0.1279	0.1206	0.5830	0.5741	0.5649	0.4300	0.3558	0.2041	0.1323	0.1056	0.5214	0.5183	0.5109	0.4143	0.2890	0.1876	0.1218	0.1003	0.5046	0.5162	0.4829	0.3776	0.2668	0.1742	0.1212	0.1059	0.4230	0.3885	0.3761	0.2962	0.3130	0.1488	0.1393	0.1109	0.2762	0.3092	0.2715	0.2132	0.1980	0.1361	0.1121	0.1016	0.2354	0.2146	0.2096	0.1787	0.1658	0.1196	0.1141	0.0993	0.2088	0.1718	0.1768	0.1434	0.1644	0.1094	0.0980	0.0946	
0.5940	0.5889	0.5828	0.5156	0.3583	0.2332	0.1293	0.1208	0.6076	0.5950	0.5825	0.4490	0.3774	0.2137	0.1381	0.1043	0.5533	0.5413	0.5336	0.4409	0.3050	0.1971	0.1217	0.0981	0.5291	0.5449	0.5068	0.4005	0.2818	0.1765	0.1211	0.1041	0.4426	0.4127	0.3885	0.3159	0.3217	0.1480	0.1384	0.1096	0.2875	0.3259	0.2876	0.2155	0.2071	0.1380	0.1103	0.0965	0.2461	0.2235	0.2194	0.1852	0.1691	0.1188	0.1137	0.0986	0.2135	0.1743	0.1847	0.1462	0.1656	0.1077	0.0963	0.0934	
0.6243	0.6122	0.6112	0.5462	0.3792	0.2420	0.1354	0.1232	0.6353	0.6221	0.6185	0.4927	0.4053	0.2258	0.1383	0.1085	0.5783	0.5664	0.5628	0.4693	0.3291	0.2011	0.1247	0.0995	0.5576	0.5701	0.5359	0.4260	0.2974	0.1861	0.1274	0.1062	0.4669	0.4294	0.4031	0.3279	0.3405	0.1572	0.1407	0.1112	0.3030	0.3430	0.2946	0.2256	0.2164	0.1405	0.1124	0.0960	0.2573	0.2324	0.2260	0.1919	0.1765	0.1207	0.1121	0.0971	0.2185	0.1753	0.1869	0.1542	0.1752	0.1083	0.0977	0.0941	
0.6459	0.6333	0.6291	0.5648	0.4038	0.2625	0.1416	0.1221	0.6591	0.6496	0.6456	0.5154	0.4267	0.2382	0.1434	0.1087	0.6104	0.5971	0.5889	0.4951	0.3424	0.2183	0.1319	0.1046	0.5839	0.6044	0.5611	0.4461	0.3164	0.1923	0.1284	0.1077	0.4907	0.4525	0.4291	0.3456	0.3537	0.1626	0.1430	0.1118	0.3168	0.3592	0.3116	0.2332	0.2288	0.1461	0.1162	0.0991	0.2624	0.2396	0.2329	0.1946	0.1867	0.1265	0.1145	0.0971	0.2293	0.1790	0.1915	0.1546	0.1790	0.1108	0.0966	0.0944	
0.6691	0.6586	0.6522	0.5810	0.4240	0.2736	0.1474	0.1244	0.6873	0.6784	0.6716	0.5407	0.4497	0.2622	0.1525	0.1100	0.6380	0.6243	0.6093	0.5170	0.3702	0.2244	0.1355	0.1010	0.6105	0.6302	0.5824	0.4718	0.3363	0.1966	0.1324	0.1071	0.5176	0.4759	0.4517	0.3692	0.3714	0.1683	0.1431	0.1114	0.3248	0.3700	0.3241	0.2431	0.2350	0.1501	0.1143	0.0970	0.2704	0.2489	0.2342	0.2007	0.1899	0.1251	0.1150	0.0972	0.2290	0.1802	0.1948	0.1525	0.1791	0.1097	0.0973	0.0919	
0.7033	0.6819	0.6769	0.6114	0.4585	0.3027	0.1516	0.1273	0.7094	0.6994	0.6966	0.5674	0.4820	0.2764	0.1562	0.1102	0.6647	0.6460	0.6339	0.5513	0.3983	0.2387	0.1358	0.1002	0.6428	0.6627	0.6194	0.4934	0.3690	0.2093	0.1363	0.1083	0.5402	0.4982	0.4727	0.3938	0.3902	0.1761	0.1487	0.1125	0.3424	0.3884	0.3352	0.2543	0.2573	0.1587	0.1175	0.0998	0.2785	0.2543	0.2397	0.2081	0.2046	0.1306	0.1166	0.0979	0.2373	0.1844	0.1951	0.1586	0.1886	0.1127	0.0975	0.0948	
0.7228	0.7022	0.7011	0.6341	0.4733	0.3262	0.1621	0.1289	0.7378	0.7221	0.7150	0.5918	0.4987	0.3006	0.1666	0.1135	0.6935	0.6721	0.6706	0.5823	0.4178	0.2522	0.1414	0.1038	0.6668	0.6845	0.6443	0.5221	0.3892	0.2238	0.1412	0.1101	0.5697	0.5250	0.4920	0.4154	0.4073	0.1830	0.1512	0.1156	0.3544	0.4074	0.3484	0.2648	0.2683	0.1656	0.1212	0.0993	0.2922	0.2609	0.2516	0.2137	0.2100	0.1324	0.1212	0.1016	0.2442	0.1881	0.2005	0.1583	0.1950	0.1150	0.0997	0.0940	
0.7324	0.7164	0.7177	0.6552	0.5045	0.3442	0.1665	0.1292	0.7493	0.7428	0.7362	0.6134	0.5173	0.3216	0.1733	0.1136	0.7086	0.6968	0.6856	0.6020	0.4468	0.2681	0.1467	0.1046	0.6963	0.7084	0.6676	0.5418	0.4087	0.2371	0.1434	0.1136	0.5829	0.5439	0.5111	0.4326	0.4246	0.1958	0.1531	0.1172	0.3716	0.4166	0.3570	0.2715	0.2827	0.1696	0.1209	0.1004	0.2982	0.2688	0.2513	0.2206	0.2241	0.1389	0.1209	0.1031	0.2479	0.1900	0.2051	0.1589	0.2027	0.1140	0.0977	0.0963	
0.7351	0.7231	0.7297	0.6793	0.5147	0.3649	0.1755	0.1278	0.7499	0.7479	0.7512	0.6401	0.5383	0.3402	0.1812	0.1174	0.7232	0.7100	0.7033	0.6257	0.4731	0.2950	0.1522	0.1037	0.7146	0.7249	0.6969	0.5694	0.4301	0.2439	0.1469	0.1105	0.6087	0.5715	0.5371	0.4551	0.4388	0.1977	0.1547	0.1151	0.3840	0.4345	0.3764	0.2862	0.2956	0.1769	0.1228	0.1012	0.3060	0.2741	0.2601	0.2258	0.2228	0.1399	0.1217	0.0979	0.2553	0.1933	0.2058	0.1633	0.2051	0.1132	0.0988	0.0924	
0.7328	0.7252	0.7298	0.7023	0.5403	0.3961	0.1846	0.1334	0.7520	0.7509	0.7482	0.6620	0.5704	0.3639	0.1867	0.1154	0.7225	0.7203	0.7211	0.6505	0.4993	0.3055	0.1561	0.1021	0.7306	0.7319	0.7161	0.5947	0.4594	0.2607	0.1551	0.1131	0.6357	0.5908	0.5590	0.4919	0.4600	0.2165	0.1604	0.1151	0.4043	0.4590	0.3926	0.3023	0.3127	0.1792	0.1239	0.0988	0.3201	0.2891	0.2692	0.2339	0.2410	0.1407	0.1222	0.1046	0.2644	0.1980	0.2114	0.1665	0.2164	0.1180	0.1010	0.0971	
0.7410	0.7285	0.7335	0.7167	0.5667	0.4137	0.1942	0.1340	0.7556	0.7500	0.7583	0.6918	0.5951	0.3936	0.2006	0.1191	0.7260	0.7184	0.7203	0.6728	0.5153	0.3237	0.1668	0.1048	0.7403	0.7404	0.7341	0.6079	0.4849	0.2763	0.1583	0.1133	0.6593	0.6198	0.5837	0.5140	0.4849	0.2266	0.1614	0.1176	0.4205	0.4726	0.4053	0.3033	0.3288	0.1908	0.1288	0.0995	0.3271	0.2943	0.2743	0.2440	0.2443	0.1430	0.1234	0.0996	0.2649	0.1992	0.2112	0.1659	0.2166	0.1147	0.0970	0.0925	
0.7393	0.7275	0.7373	0.7317	0.5868	0.4368	0.2045	0.1413	0.7617	0.7551	0.7627	0.7127	0.6156	0.4173	0.2169	0.1230	0.7317	0.7239	0.7300	0.6983	0.5407	0.3375	0.1734	0.1103	0.7467	0.7477	0.7486	0.6378	0.5047	0.2937	0.1653	0.1187	0.6923	0.6410	0.6123	0.5374	0.5059	0.2348	0.1670	0.1198	0.4422	0.4976	0.4211	0.3127	0.3460	0.1966	0.1322	0.1047	0.3387	0.3010	0.2795	0.2479	0.2548	0.1505	0.1262	0.1048	0.2721	0.1981	0.2193	0.1670	0.2241	0.1186	0.0992	0.0952	
0.7533	0.7348	0.7439	0.7371	0.5998	0.4594	0.2171	0.1422	0.7718	0.7625	0.7595	0.7349	0.6293	0.4304	0.2217	0.1235	0.7322	0.7226	0.7326	0.7098	0.5599	0.3558	0.1801	0.1112	0.7517	0.7503	0.7408	0.6604	0.5189	0.3103	0.1738	0.1172	0.7015	0.6575	0.6376	0.5727	0.5206	0.2473	0.1710	0.1208	0.4574	0.5178	0.4393	0.3386	0.3521	0.2042	0.1332	0.1025	0.3547	0.3120	0.2901	0.2586	0.2610	0.1506	0.1252	0.1016	0.2745	0.2061	0.2200	0.1684	0.2257	0.1162	0.0986	0.0925	
0.7450	0.7358	0.7398	0.7402	0.6254	0.4864	0.2369	0.1416	0.7660	0.7594	0.7540	0.7399	0.6541	0.4606	0.2404	0.1260	0.7272	0.7238	0.7387	0.7174	0.5776	0.3795	0.1899	0.1117	0.7466	0.7467	0.7508	0.6709	0.5448	0.3282	0.1801	0.1179	0.7058	0.6788	0.6412	0.5858	0.5416	0.2585	0.1741	0.1187	0.4675	0.5316	0.4535	0.3347	0.3787	0.2141	0.1412	0.1068	0.3637	0.3179	0.2931	0.2647	0.2791	0.1615	0.1307	0.1050	0.2844	0.2066	0.2245	0.1706	0.2383	0.1184	0.0981	0.0951	
0.7457	0.7354	0.7403	0.7422	0.6439	0.5040	0.2539	0.1521	0.7694	0.7587	0.7579	0.7492	0.6848	0.4801	0.2594	0.1338	0.7332	0.7281	0.7411	0.7303	0.6097	0.4091	0.2047	0.1199	0.7453	0.7479	0.7581	0.7063	0.5698	0.3491	0.1910	0.1232	0.7109	0.6877	0.6594	0.6009	0.5565	0.2797	0.1799	0.1246	0.4820	0.5471	0.4653	0.3387	0.3902	0.2254	0.1454	0.1058	0.3687	0.3260	0.3001	0.2694	0.2791	0.1582	0.1318	0.1049	0.2917	0.2089	0.2266	0.1737	0.2425	0.1231	0.1012	0.0955	
0.7480	0.7376	0.7402	0.7428	0.6616	0.5216	0.2591	0.1486	0.7678	0.7630	0.7653	0.7556	0.6918	0.5049	0.2724	0.1306	0.7359	0.7335	0.7486	0.7383	0.6351	0.4240	0.2072	0.1124	0.7497	0.7536	0.7580	0.7267	0.5999	0.3798	0.2007	0.1208	0.7205	0.6939	0.6807	0.6333	0.5855	0.2924	0.1837	0.1262	0.5079	0.5670	0.4919	0.3727	0.4104	0.2402	0.1471	0.1055	0.3832	0.3342	0.3072	0.2810	0.2936	0.1624	0.1302	0.1029	0.2994	0.2147	0.2334	0.1756	0.2511	0.1223	0.0986	0.0919	
0.7413	0.7347	0.7437	0.7415	0.6745	0.5406	0.2770	0.1556	0.7600	0.7605	0.7705	0.7481	0.6994	0.5324	0.2919	0.1348	0.7354	0.7400	0.7440	0.7321	0.6556	0.4454	0.2211	0.1127	0.7588	0.7556	0.7541	0.7360	0.6201	0.4001	0.2181	0.1259	0.7139	0.6944	0.6957	0.6518	0.6056	0.3042	0.1907	0.1256	0.5130	0.5942	0.5076	0.3652	0.4273	0.2456	0.1489	0.1067	0.3974	0.3543	0.3135	0.2855	0.3096	0.1676	0.1327	0.1042	0.3041	0.2136	0.2326	0.1772	0.2570	0.1220	0.0988	0.0932	
0.7529	0.7441	0.7529	0.7534	0.6811	0.5643	0.3007	0.1614	0.7784	0.7698	0.7634	0.7602	0.7023	0.5539	0.3130	0.1394	0.7400	0.7387	0.7432	0.7395	0.6668	0.4700	0.2390	0.1202	0.7610	0.7623	0.7655	0.7388	0.6398	0.4192	0.2230	0.1311	0.7238	0.7080	0.6988	0.6543	0.6314	0.3269	0.2032	0.1298	0.5349	0.6193	0.5251	0.3735	0.4518	0.2586	0.1537	0.1108	0.4066	0.3529	0.3201	0.2916	0.3190	0.1767	0.1375	0.1053	0.3022	0.2148	0.2326	0.1775	0.2668	0.1233	0.1003	0.0964	
0.7589	0.7470	0.7604	0.7556	0.6874	0.5901	0.3272	0.1694	0.7770	0.7717	0.7756	0.7826	0.7073	0.5710	0.3345	0.1447	0.7466	0.7343	0.7490	0.7471	0.6845	0.4984	0.2542	0.1205	0.7620	0.7698	0.7644	0.7356	0.6611	0.4449	0.2411	0.1335	0.7327	0.7154	0.7093	0.6722	0.6524	0.3425	0.2080	0.1334	0.5564	0.6328	0.5513	0.3960	0.4614	0.2731	0.1585	0.1104	0.4243	0.3615	0.3285	0.3038	0.3325	0.1790	0.1373	0.1075	0.3115	0.2151	0.2374	0.1808	0.2790	0.1252	0.1020	0.0938	
0.7528	0.7421	0.7469	0.7507	0.6912	0.6136	0.3427	0.1677	0.7745	0.7679	0.7576	0.7556	0.7142	0.5975	0.3535	0.1462	0.7465	0.7452	0.7638	0.7469	0.6852	0.5133	0.2598	0.1228	0.7646	0.7668	0.7734	0.7512	0.6685	0.4631	0.2419	0.1363	0.7350	0.7113	0.7065	0.6626	0.6753	0.3658	0.2076	0.1331	0.5546	0.6394	0.5519	0.4016	0.4938	0.2853	0.1627	0.1099	0.4246	0.3645	0.3237	0.3076	0.3474	0.1836	0.1365	0.1054	0.3103	0.2174	0.2379	0.1769	0.2940	0.1290	0.1051	0.0992	
0.7646	0.7464	0.7531	0.7578	0.6876	0.6308	0.3629	0.1775	0.7796	0.7777	0.7745	0.7663	0.7092	0.6161	0.3780	0.1533	0.7542	0.7426	0.7516	0.7484	0.6890	0.5347	0.2867	0.1235	0.7757	0.7732	0.7716	0.7412	0.6727	0.4843	0.2641	0.1400	0.7391	0.7234	0.7226	0.6827	0.6933	0.3774	0.2234	0.1330	0.5859	0.6637	0.5835	0.4205	0.4972	0.2981	0.1674	0.1104	0.4395	0.3776	0.3303	0.3191	0.3527	0.1881	0.1380	0.1032	0.3230	0.2121	0.2392	0.1818	0.2882	0.1236	0.0985	0.0939	
0.7646	0.7531	0.7661	0.7598	0.6950	0.6549	0.3910	0.1852	0.7824	0.7736	0.7802	0.7761	0.7158	0.6344	0.3946	0.1582	0.7617	0.7445	0.7685	0.7534	0.6944	0.5649	0.3001	0.1261	0.7697	0.7692	0.7762	0.7483	0.6826	0.5054	0.2773	0.1436	0.7410	0.7208	0.7170	0.6828	0.7008	0.4059	0.2339	0.1396	0.5888	0.6665	0.5876	0.4332	0.5207	0.3156	0.1714	0.1117	0.4569	0.3914	0.3471	0.3260	0.3698	0.2006	0.1441	0.1121	0.3269	0.2229	0.2381	0.1827	0.2998	0.1255	0.1000	0.0961	
0.7699	0.7491	0.7618	0.7550	0.6988	0.6676	0.4103	0.1917	0.7834	0.7775	0.7839	0.7638	0.7172	0.6515	0.4217	0.1629	0.7571	0.7483	0.7637	0.7507	0.7015	0.5877	0.3201	0.1321	0.7770	0.7748	0.7760	0.7510	0.6974	0.5292	0.2926	0.1463	0.7431	0.7261	0.7243	0.6890	0.7360	0.4407	0.2480	0.1505	0.6028	0.6775	0.6104	0.4509	0.5491	0.3286	0.1735	0.1120	0.4764	0.3976	0.3506	0.3347	0.3832	0.1985	0.1463	0.1091	0.3333	0.2155	0.2482	0.1821	0.3074	0.1268	0.1009	0.0934	
0.7652	0.7544	0.7581	0.7549	0.6973	0.6798	0.4351	0.2060	0.7806	0.7804	0.7836	0.7699	0.7179	0.6649	0.4431	0.1748	0.7564	0.7582	0.7670	0.7560	0.7053	0.6140	0.3422	0.1383	0.7752	0.7737	0.7819	0.7618	0.6919	0.5536	0.3141	0.1543	0.7409	0.7225	0.7196	0.6928	0.7153	0.4445	0.2525	0.1465	0.6146	0.6876	0.6230	0.4616	0.5729	0.3430	0.1833	0.1153	0.4817	0.4057	0.3549	0.3415	0.3960	0.2136	0.1528	0.1113	0.3429	0.2247	0.2484	0.1872	0.3215	0.1301	0.1027	0.0972	
0.7753	0.7606	0.7635	0.7623	0.6914	0.6802	0.4595	0.2133	0.7869	0.7820	0.7777	0.7764	0.7175	0.6744	0.4687	0.1799	0.7644	0.7561	0.7685	0.7584	0.7009	0.6322	0.3664	0.1414	0.7864	0.7857	0.7876	0.7578	0.6987	0.5741	0.3320	0.1550	0.7520	0.7376	0.7317	0.6950	0.7251	0.4665	0.2612	0.1441	0.6206	0.6798	0.6342	0.4888	0.5963	0.3596	0.1873	0.1151	0.4937	0.4106	0.3648	0.3637	0.4033	0.2214	0.1529	0.1121	0.3524	0.2238	0.2469	0.1883	0.3264	0.1291	0.1008	0.0943	
0.7739	0.7565	0.7648	0.7622	0.6989	0.6762	0.4728	0.2205	0.7934	0.7890	0.7811	0.7761	0.7210	0.6761	0.4897	0.1826	0.7664	0.7634	0.7730	0.7600	0.7063	0.6469	0.3792	0.1448	0.7857	0.7884	0.7957	0.7694	0.6897	0.5976	0.3485	0.1583	0.7505	0.7306	0.7271	0.6840	0.7267	0.4738	0.2709	0.1469	0.6221	0.6887	0.6373	0.4826	0.5985	0.3739	0.1928	0.1180	0.4986	0.4164	0.3668	0.3608	0.4233	0.2265	0.1502	0.1091	0.3501	0.2243	0.2503	0.1896	0.3308	0.1309	0.1007	0.0946	
0.7831	0.7621	0.7681	0.7636	0.7079	0.6881	0.4992	0.2300	0.7935	0.7933	0.7884	0.7830	0.7265	0.6806	0.5207	0.1951	0.7695	0.7615	0.7772	0.7643	0.7126	0.6747	0.4067	0.1511	0.7868	0.7943	0.7937	0.7641	0.7060	0.6239	0.3743	0.1717	0.7568	0.7403	0.7353	0.6968	0.7288	0.5096	0.2800	0.1566	0.6352	0.6871	0.6460	0.5030	0.6172	0.3945	0.2003	0.1190	0.5126	0.4295	0.3718	0.3733	0.4452	0.2318	0.1541	0.1141	0.3625	0.2215	0.2517	0.1895	0.3493	0.1335	0.1035	0.0964	
0.7842	0.7669	0.7760	0.7726	0.7050	0.6849	0.5161	0.2484	0.7929	0.7896	0.8016	0.7947	0.7210	0.6880	0.5376	0.2009	0.7737	0.7667	0.7780	0.7750	0.7071	0.6705	0.4265	0.1537	0.7896	0.7894	0.7898	0.7700	0.6967	0.6436	0.3963	0.1754	0.7549	0.7338	0.7302	0.7091	0.7338	0.5237	0.2965	0.1578	0.6554	0.6958	0.6639	0.5309	0.6179	0.4075	0.2111	0.1194	0.5404	0.4446	0.3900	0.3843	0.4538	0.2390	0.1635	0.1109	0.3679	0.2271	0.2602	0.1917	0.3475	0.1356	0.1064	0.0968	
0.7872	0.7673	0.7732	0.7748	0.7051	0.6918	0.5411	0.2607	0.7959	0.7946	0.7948	0.7980	0.7245	0.6882	0.5632	0.2182	0.7792	0.7753	0.7772	0.7690	0.7088	0.6854	0.4562	0.1643	0.7989	0.7944	0.7958	0.7783	0.7003	0.6570	0.4191	0.1857	0.7608	0.7432	0.7402	0.7096	0.7318	0.5505	0.3130	0.1642	0.6565	0.6953	0.6595	0.5514	0.6332	0.4167	0.2183	0.1243	0.5468	0.4498	0.3948	0.4030	0.4709	0.2474	0.1664	0.1152	0.3694	0.2285	0.2608	0.1880	0.3572	0.1367	0.1057	0.0995	
0.7900	0.7700	0.7749	0.7736	0.7058	0.6981	0.5650	0.2729	0.8006	0.7952	0.7969	0.7964	0.7280	0.6855	0.5737	0.2259	0.7741	0.7745	0.7897	0.7817	0.7122	0.6910	0.4681	0.1638	0.7914	0.8001	0.8033	0.7773	0.7079	0.6684	0.4318	0.1879	0.7610	0.7461	0.7380	0.7061	0.7375	0.5709	0.3207	0.1658	0.6542	0.6975	0.6608	0.5560	0.6374	0.4455	0.2240	0.1216	0.5531	0.4656	0.3991	0.3998	0.4955	0.2533	0.1641	0.1132	0.3814	0.2299	0.2603	0.1901	0.3722	0.1349	0.1026	0.0947	
0.7976	0.7699	0.7794	0.7741	0.7074	0.6943	0.5818	0.2902	0.8047	0.8002	0.8033	0.7985	0.7285	0.6904	0.6074	0.2446	0.7780	0.7772	0.7853	0.7738	0.7149	0.6972	0.4905	0.1756	0.8029	0.7973	0.8046	0.7809	0.7193	0.6828	0.4588	0.2030	0.7637	0.7514	0.7498	0.7188	0.7397	0.5934	0.3428	0.1785	0.6564	0.6971	0.6707	0.5726	0.6411	0.4561	0.2384	0.1300	0.5766	0.4776	0.4046	0.4150	0.4979	0.2671	0.1744	0.1200	0.3888	0.2323	0.2601	0.1911	0.3842	0.1396	0.1077	0.0999	
0.7969	0.7682	0.7736	0.7785	0.7074	0.6991	0.6129	0.3124	0.8046	0.8038	0.7943	0.7948	0.7391	0.6912	0.6194	0.2559	0.7831	0.7837	0.7939	0.7835	0.7149	0.6899	0.5133	0.1819	0.8042	0.8069	0.8034	0.7791	0.7099	0.6955	0.4865	0.2127	0.7660	0.7552	0.7447	0.7169	0.7419	0.6060	0.3609	0.1808	0.6574	0.6930	0.6593	0.5994	0.6347	0.4753	0.2493	0.1292	0.5841	0.4839	0.4177	0.4301	0.5054	0.2736	0.1790	0.1196	0.3938	0.2328	0.2622	0.1922	0.3844	0.1385	0.1074	0.0972	
0.8051	0.7708	0.7760	0.7779	0.7153	0.7000	0.6276	0.3263	0.8082	0.8026	0.7919	0.8059	0.7419	0.6940	0.6381	0.2680	0.7863	0.7855	0.7950	0.7837	0.7267	0.6942	0.5297	0.1918	0.8104	0.8040	0.8090	0.7899	0.7202	0.6961	0.5024	0.2153	0.7715	0.7568	0.7545	0.7186	0.7447	0.6201	0.3779	0.1846	0.6470	0.6890	0.6638	0.6092	0.6442	0.4976	0.2557	0.1278	0.5975	0.4922	0.4177	0.4376	0.5401	0.2822	0.1739	0.1179	0.3980	0.2346	0.2664	0.1932	0.4020	0.1407	0.1048	0.0970	
0.8127	0.7781	0.7899	0.7895	0.7190	0.6960	0.6413	0.3514	0.8060	0.8029	0.8100	0.8186	0.7340	0.6972	0.6659	0.2879	0.7892	0.7809	0.7959	0.7852	0.7201	0.7043	0.5580	0.1986	0.8112	0.8051	0.8089	0.7845	0.7233	0.6941	0.5234	0.2317	0.7730	0.7576	0.7507	0.7247	0.7471	0.6400	0.3900	0.1906	0.6642	0.6990	0.6662	0.6264	0.6516	0.5223	0.2667	0.1368	0.6149	0.5041	0.4333	0.4419	0.5682	0.2983	0.1798	0.1239	0.4111	0.2382	0.2685	0.1935	0.4151	0.1423	0.1043	0.0986	
0.8096	0.7803	0.7932	0.7868	0.7150	0.7004	0.6520	0.3665	0.8093	0.8035	0.8129	0.8257	0.7441	0.7080	0.6700	0.2965	0.7911	0.7826	0.8026	0.7943	0.7236	0.7057	0.5766	0.2089	0.8053	0.8013	0.8100	0.7949	0.7159	0.6939	0.5485	0.2434	0.7732	0.7579	0.7467	0.7196	0.7495	0.6390	0.4065	0.1959	0.6534	0.6950	0.6538	0.6262	0.6479	0.5453	0.2763	0.1361	0.6197	0.5181	0.4421	0.4552	0.5620	0.3012	0.1839	0.1218	0.4203	0.2366	0.2685	0.1941	0.4194	0.1398	0.1044	0.0961	
0.8089	0.7767	0.7913	0.7892	0.7175	0.7015	0.6612	0.3882	0.8082	0.8037	0.8070	0.8271	0.7414	0.7039	0.6786	0.3204	0.7896	0.7816	0.8032	0.7921	0.7294	0.7031	0.6042	0.2226	0.8036	0.8075	0.8074	0.7943	0.7245	0.7036	0.5769	0.2597	0.7696	0.7540	0.7471	0.7184	0.7550	0.6418	0.4304	0.2040	0.6579	0.6908	0.6568	0.6332	0.6502	0.5573	0.2902	0.1350	0.6208	0.5169	0.4522	0.4673	0.5698	0.3083	0.1882	0.1223	0.4261	0.2396	0.2691	0.1976	0.4291	0.1431	0.1066	0.0969	
0.8164	0.7811	0.7956	0.7961	0.7288	0.7099	0.6641	0.4126	0.8121	0.8089	0.8178	0.8347	0.7481	0.7013	0.6751	0.3377	0.7945	0.7862	0.8025	0.7964	0.7286	0.7088	0.6245	0.2359	0.8102	0.8101	0.8127	0.7936	0.7215	0.7030	0.6069	0.2713	0.7713	0.7555	0.7538	0.7306	0.7544	0.6453	0.4441	0.2134	0.6646	0.7035	0.6691	0.6372	0.6552	0.5765	0.2979	0.1373	0.6233	0.5283	0.4588	0.4822	0.5810	0.3165	0.1898	0.1220	0.4387	0.2425	0.2728	0.1974	0.4361	0.1445	0.1047	0.0950	
0.8261	0.7836	0.7885	0.7930	0.7219	0.7072	0.6744	0.4353	0.8130	0.8113	0.8090	0.8342	0.7465	0.7028	0.6807	0.3628	0.7945	0.7878	0.7981	0.7957	0.7332	0.7118	0.6424	0.2461	0.8170	0.8191	0.8249	0.8012	0.7241	0.7016	0.6152	0.2922	0.7813	0.7675	0.7616	0.7374	0.7631	0.6497	0.4671	0.2195	0.6613	0.6990	0.6683	0.6479	0.6582	0.5871	0.3050	0.1403	0.6294	0.5533	0.4666	0.4963	0.5824	0.3265	0.1957	0.1264	0.4397	0.2387	0.2669	0.1977	0.4470	0.1420	0.1042	0.0952	
0.8370	0.7875	0.7913	0.7899	0.7282	0.7087	0.6710	0.4527	0.8238	0.8233	0.8107	0.8371	0.7550	0.7090	0.6791	0.3825	0.7984	0.7896	0.8076	0.8021	0.7357	0.7145	0.6481	0.2563	0.8179	0.8210	0.8248	0.8026	0.7393	0.7066	0.6296	0.3020	0.7902	0.7721	0.7631	0.7311	0.7607	0.6606	0.4803	0.2275	0.6572	0.6982	0.6676	0.6371	0.6634	0.6137	0.3228	0.1432	0.6236	0.5520	0.4593	0.5083	0.6045	0.3385	0.2023	0.1281	0.4587	0.2375	0.2713	0.1944	0.4608	0.1496	0.1093	0.1018	
