0.1584	0.1409	0.1609	0.1473	0.1479	0.1417	0.1436	0.1391	0.1591	0.1398	0.1560	0.1430	0.1475	0.1459	0.1503	0.1438	0.1485	0.1511	0.1591	0.1162	0.1505	0.1357	0.1446	0.1303	0.1534	0.1554	0.1419	0.1470	0.1479	0.1192	0.1290	0.1432	0.1580	0.1547	0.1473	0.1364	0.1540	0.1421	0.1463	0.1216	0.1633	0.1561	0.1582	0.1569	0.1551	0.1518	0.1485	0.1354	0.1578	0.1583	0.1653	0.1571	0.1608	0.1555	0.1517	0.1235	0.1589	0.1653	0.1468	0.1528	0.1662	0.1594	0.1585	0.1258	
0.0910	0.0900	0.0888	0.0900	0.0886	0.0891	0.0892	0.0905	0.0898	0.0901	0.0904	0.0896	0.0900	0.0895	0.0904	0.0915	0.0899	0.0893	0.0896	0.0908	0.0911	0.0890	0.0901	0.0915	0.0895	0.0896	0.0988	0.0919	0.0896	0.0898	0.0898	0.0907	0.0896	0.0898	0.0892	0.0898	0.0898	0.0905	0.0898	0.0912	0.0901	0.0902	0.0897	0.0897	0.0898	0.0900	0.0905	0.0918	0.0904	0.0907	0.0897	0.0906	0.0902	0.0902	0.0894	0.0909	0.0898	0.0897	0.0895	0.0904	0.0903	0.0902	0.0895	0.0913	
0.0914	0.0898	0.0895	0.0900	0.0891	0.0897	0.0899	0.0910	0.0907	0.0905	0.0909	0.0901	0.0899	0.0899	0.0910	0.0920	0.0904	0.0896	0.0902	0.0912	0.0916	0.0893	0.0903	0.0916	0.0897	0.0900	0.0991	0.0921	0.0901	0.0899	0.0898	0.0912	0.0902	0.0897	0.0895	0.0895	0.0901	0.0906	0.0904	0.0918	0.0900	0.0903	0.0898	0.0897	0.0900	0.0902	0.0910	0.0923	0.0912	0.0902	0.0897	0.0909	0.0901	0.0899	0.0897	0.0916	0.0901	0.0898	0.0900	0.0906	0.0906	0.0906	0.0898	0.0917	
0.0913	0.0900	0.0892	0.0905	0.0894	0.0894	0.0901	0.0917	0.0908	0.0905	0.0910	0.0902	0.0901	0.0899	0.0913	0.0924	0.0905	0.0901	0.0904	0.0914	0.0914	0.0896	0.0901	0.0918	0.0898	0.0899	0.0996	0.0922	0.0900	0.0904	0.0902	0.0912	0.0903	0.0900	0.0893	0.0896	0.0905	0.0904	0.0904	0.0924	0.0902	0.0905	0.0901	0.0902	0.0904	0.0900	0.0909	0.0926	0.0913	0.0905	0.0896	0.0908	0.0906	0.0901	0.0899	0.0915	0.0898	0.0897	0.0899	0.0906	0.0902	0.0920	0.0898	0.0922	
0.0910	0.0898	0.0894	0.0901	0.0896	0.0892	0.0891	0.0914	0.0904	0.0904	0.0906	0.0900	0.0901	0.0896	0.0908	0.0922	0.0901	0.0897	0.0902	0.0912	0.0911	0.0892	0.0903	0.0919	0.0897	0.0897	0.0989	0.0921	0.0898	0.0899	0.0899	0.0916	0.0903	0.0893	0.0894	0.0895	0.0901	0.0900	0.0901	0.0923	0.0900	0.0904	0.0895	0.0895	0.0901	0.0901	0.0907	0.0922	0.0906	0.0903	0.0893	0.0907	0.0898	0.0897	0.0899	0.0918	0.0898	0.0896	0.0899	0.0906	0.0904	0.0920	0.0897	0.0919	
0.0916	0.0899	0.0894	0.0903	0.0897	0.0900	0.0905	0.0919	0.0906	0.0908	0.0910	0.0906	0.0906	0.0901	0.0910	0.0924	0.0905	0.0903	0.0904	0.0917	0.0912	0.0898	0.0904	0.0922	0.0898	0.0901	0.0992	0.0921	0.0900	0.0905	0.0902	0.0916	0.0902	0.0899	0.0892	0.0900	0.0902	0.0908	0.0902	0.0925	0.0903	0.0908	0.0901	0.0899	0.0905	0.0908	0.0910	0.0924	0.0907	0.0905	0.0897	0.0910	0.0904	0.0905	0.0900	0.0922	0.0899	0.0894	0.0901	0.0906	0.0909	0.0910	0.0903	0.0923	
0.0913	0.0901	0.0895	0.0906	0.0897	0.0899	0.0904	0.0914	0.0903	0.0909	0.0910	0.0905	0.0901	0.0900	0.0914	0.0927	0.0907	0.0898	0.0904	0.0919	0.0914	0.0896	0.0906	0.0928	0.0899	0.0902	0.0998	0.0921	0.0901	0.0901	0.0911	0.0916	0.0902	0.0899	0.0892	0.0901	0.0903	0.0913	0.0904	0.0924	0.0903	0.0908	0.0899	0.0901	0.0906	0.0911	0.0909	0.0923	0.0906	0.0904	0.0898	0.0911	0.0903	0.0905	0.0909	0.0920	0.0899	0.0900	0.0901	0.0908	0.0909	0.0916	0.0908	0.0923	
0.0918	0.0904	0.0896	0.0907	0.0897	0.0904	0.0907	0.0917	0.0907	0.0909	0.0912	0.0906	0.0903	0.0907	0.0918	0.0922	0.0909	0.0902	0.0904	0.0915	0.0921	0.0899	0.0907	0.0928	0.0900	0.0903	0.0994	0.0925	0.0902	0.0907	0.0913	0.0922	0.0906	0.0904	0.0895	0.0900	0.0909	0.0912	0.0906	0.0923	0.0904	0.0906	0.0899	0.0903	0.0908	0.0907	0.0912	0.0928	0.0909	0.0909	0.0906	0.0914	0.0904	0.0907	0.0901	0.0922	0.0901	0.0903	0.0901	0.0912	0.0912	0.0916	0.0903	0.0922	
0.0917	0.0910	0.0897	0.0908	0.0894	0.0904	0.0911	0.0921	0.0909	0.0916	0.0918	0.0911	0.0907	0.0904	0.0918	0.0934	0.0912	0.0904	0.0910	0.0920	0.0917	0.0902	0.0914	0.0931	0.0904	0.0905	0.0999	0.0926	0.0905	0.0914	0.0911	0.0922	0.0910	0.0910	0.0901	0.0900	0.0912	0.0914	0.0913	0.0925	0.0910	0.0910	0.0906	0.0906	0.0912	0.0910	0.0918	0.0929	0.0912	0.0910	0.0907	0.0917	0.0910	0.0913	0.0906	0.0922	0.0907	0.0904	0.0903	0.0917	0.0913	0.0929	0.0909	0.0927	
0.0918	0.0909	0.0896	0.0912	0.0895	0.0905	0.0902	0.0925	0.0911	0.0914	0.0914	0.0916	0.0906	0.0903	0.0922	0.0927	0.0911	0.0906	0.0908	0.0920	0.0916	0.0903	0.0913	0.0932	0.0905	0.0907	0.0999	0.0927	0.0909	0.0912	0.0909	0.0926	0.0909	0.0904	0.0903	0.0907	0.0915	0.0914	0.0915	0.0926	0.0909	0.0909	0.0909	0.0907	0.0912	0.0914	0.0919	0.0932	0.0915	0.0910	0.0907	0.0913	0.0912	0.0914	0.0909	0.0930	0.0905	0.0906	0.0908	0.0917	0.0914	0.0919	0.0905	0.0925	
0.0920	0.0910	0.0899	0.0911	0.0899	0.0914	0.0908	0.0927	0.0909	0.0913	0.0918	0.0913	0.0909	0.0906	0.0927	0.0927	0.0915	0.0909	0.0911	0.0922	0.0921	0.0904	0.0916	0.0935	0.0910	0.0909	0.1003	0.0928	0.0909	0.0914	0.0918	0.0924	0.0909	0.0908	0.0900	0.0909	0.0909	0.0920	0.0921	0.0928	0.0910	0.0916	0.0907	0.0908	0.0917	0.0911	0.0913	0.0928	0.0918	0.0913	0.0913	0.0913	0.0912	0.0915	0.0909	0.0922	0.0907	0.0906	0.0910	0.0912	0.0917	0.0914	0.0907	0.0928	
0.0924	0.0916	0.0901	0.0914	0.0904	0.0914	0.0905	0.0926	0.0915	0.0922	0.0920	0.0915	0.0910	0.0908	0.0923	0.0932	0.0917	0.0915	0.0915	0.0925	0.0922	0.0906	0.0919	0.0936	0.0913	0.0912	0.1003	0.0933	0.0914	0.0915	0.0914	0.0924	0.0915	0.0911	0.0908	0.0910	0.0915	0.0922	0.0915	0.0929	0.0911	0.0918	0.0911	0.0910	0.0912	0.0918	0.0919	0.0928	0.0919	0.0918	0.0912	0.0914	0.0911	0.0915	0.0913	0.0923	0.0912	0.0910	0.0920	0.0917	0.0919	0.0917	0.0911	0.0926	
0.0929	0.0915	0.0905	0.0919	0.0903	0.0915	0.0911	0.0927	0.0918	0.0918	0.0921	0.0919	0.0914	0.0914	0.0924	0.0932	0.0922	0.0915	0.0916	0.0930	0.0927	0.0910	0.0922	0.0938	0.0915	0.0912	0.1008	0.0933	0.0913	0.0918	0.0919	0.0927	0.0918	0.0916	0.0903	0.0909	0.0920	0.0919	0.0922	0.0929	0.0914	0.0917	0.0915	0.0910	0.0914	0.0915	0.0922	0.0932	0.0923	0.0915	0.0917	0.0918	0.0918	0.0910	0.0910	0.0920	0.0915	0.0910	0.0910	0.0916	0.0920	0.0911	0.0909	0.0928	
0.0932	0.0923	0.0907	0.0922	0.0906	0.0913	0.0914	0.0927	0.0922	0.0923	0.0927	0.0921	0.0917	0.0920	0.0928	0.0936	0.0923	0.0919	0.0917	0.0934	0.0927	0.0914	0.0930	0.0940	0.0916	0.0915	0.1006	0.0934	0.0913	0.0919	0.0920	0.0929	0.0919	0.0918	0.0910	0.0914	0.0921	0.0923	0.0923	0.0930	0.0918	0.0921	0.0912	0.0913	0.0919	0.0914	0.0923	0.0934	0.0924	0.0918	0.0909	0.0919	0.0914	0.0912	0.0911	0.0923	0.0914	0.0916	0.0915	0.0917	0.0925	0.0918	0.0910	0.0926	
0.0932	0.0922	0.0910	0.0922	0.0909	0.0918	0.0915	0.0931	0.0924	0.0925	0.0926	0.0923	0.0919	0.0917	0.0931	0.0936	0.0928	0.0923	0.0920	0.0934	0.0930	0.0912	0.0923	0.0936	0.0920	0.0921	0.1012	0.0940	0.0918	0.0921	0.0917	0.0925	0.0922	0.0919	0.0911	0.0916	0.0920	0.0922	0.0927	0.0925	0.0919	0.0920	0.0915	0.0912	0.0918	0.0917	0.0924	0.0933	0.0930	0.0921	0.0916	0.0920	0.0916	0.0915	0.0909	0.0921	0.0917	0.0912	0.0917	0.0920	0.0923	0.0919	0.0915	0.0929	
0.0937	0.0954	0.0927	0.0924	0.0906	0.0919	0.0913	0.0938	0.0929	0.0956	0.0957	0.0922	0.0920	0.0918	0.0929	0.0936	0.0929	0.0954	0.0942	0.0932	0.0929	0.0914	0.0928	0.0935	0.0924	0.0951	0.1040	0.0940	0.0916	0.0918	0.0921	0.0924	0.0927	0.0942	0.0933	0.0916	0.0918	0.0921	0.0920	0.0933	0.0926	0.0943	0.0925	0.0913	0.0920	0.0915	0.0921	0.0926	0.0931	0.0943	0.0928	0.0919	0.0918	0.0914	0.0912	0.0922	0.0919	0.0940	0.0927	0.0918	0.0921	0.0917	0.0912	0.0925	
0.0938	0.0932	0.0915	0.0927	0.0912	0.0927	0.0917	0.0940	0.0931	0.0935	0.0935	0.0930	0.0924	0.0922	0.0934	0.0932	0.0935	0.0927	0.0924	0.0938	0.0930	0.0919	0.0926	0.0935	0.0926	0.0923	0.1013	0.0943	0.0925	0.0920	0.0923	0.0923	0.0931	0.0922	0.0912	0.0918	0.0922	0.0925	0.0927	0.0930	0.0928	0.0921	0.0920	0.0914	0.0921	0.0919	0.0923	0.0928	0.0931	0.0922	0.0911	0.0918	0.0917	0.0911	0.0913	0.0925	0.0924	0.0915	0.0914	0.0922	0.0923	0.0919	0.0914	0.0928	
0.0946	0.0935	0.0920	0.0934	0.0918	0.0925	0.0916	0.0940	0.0936	0.0941	0.0936	0.0933	0.0930	0.0930	0.0936	0.0949	0.0942	0.0934	0.0928	0.0943	0.0936	0.0920	0.0928	0.0941	0.0930	0.0927	0.1021	0.0947	0.0926	0.0922	0.0924	0.0926	0.0940	0.0923	0.0913	0.0921	0.0926	0.0929	0.0925	0.0932	0.0933	0.0925	0.0920	0.0916	0.0921	0.0919	0.0924	0.0928	0.0941	0.0925	0.0920	0.0923	0.0917	0.0915	0.0919	0.0928	0.0928	0.0916	0.0919	0.0924	0.0925	0.0925	0.0912	0.0927	
0.0954	0.0941	0.0924	0.0939	0.0918	0.0928	0.0923	0.0942	0.0942	0.0948	0.0942	0.0936	0.0931	0.0936	0.0937	0.0941	0.0943	0.0940	0.0935	0.0944	0.0940	0.0924	0.0930	0.0947	0.0938	0.0932	0.1018	0.0945	0.0927	0.0919	0.0925	0.0930	0.0943	0.0925	0.0917	0.0923	0.0926	0.0927	0.0926	0.0927	0.0934	0.0931	0.0917	0.0918	0.0924	0.0920	0.0925	0.0929	0.0944	0.0930	0.0920	0.0920	0.0919	0.0919	0.0917	0.0921	0.0932	0.0916	0.0923	0.0922	0.0926	0.0918	0.0914	0.0927	
0.0960	0.0947	0.0932	0.0940	0.0924	0.0935	0.0924	0.0950	0.0948	0.0950	0.0948	0.0937	0.0932	0.0931	0.0944	0.0946	0.0953	0.0945	0.0937	0.0947	0.0945	0.0929	0.0932	0.0942	0.0943	0.0939	0.1020	0.0948	0.0925	0.0932	0.0926	0.0934	0.0947	0.0928	0.0919	0.0925	0.0930	0.0930	0.0925	0.0932	0.0938	0.0932	0.0923	0.0917	0.0926	0.0917	0.0924	0.0928	0.0944	0.0926	0.0922	0.0922	0.0922	0.0918	0.0913	0.0921	0.0936	0.0919	0.0920	0.0922	0.0924	0.0926	0.0912	0.0928	
0.0967	0.0961	0.0940	0.0949	0.0931	0.0947	0.0930	0.0958	0.0957	0.0958	0.0959	0.0949	0.0941	0.0941	0.0950	0.0944	0.0963	0.0952	0.0947	0.0959	0.0945	0.0930	0.0936	0.0946	0.0955	0.0944	0.1030	0.0955	0.0934	0.0931	0.0938	0.0932	0.0957	0.0935	0.0926	0.0929	0.0929	0.0932	0.0940	0.0932	0.0945	0.0938	0.0927	0.0922	0.0927	0.0925	0.0939	0.0925	0.0952	0.0929	0.0923	0.0925	0.0924	0.0917	0.0929	0.0929	0.0938	0.0922	0.0922	0.0926	0.0928	0.0918	0.0920	0.0928	
0.0975	0.0967	0.0945	0.0957	0.0938	0.0949	0.0935	0.0953	0.0963	0.0964	0.0958	0.0955	0.0940	0.0940	0.0946	0.0952	0.0970	0.0959	0.0944	0.0957	0.0949	0.0933	0.0938	0.0944	0.0955	0.0948	0.1028	0.0953	0.0929	0.0933	0.0930	0.0929	0.0961	0.0938	0.0925	0.0925	0.0932	0.0933	0.0926	0.0931	0.0951	0.0937	0.0928	0.0922	0.0927	0.0924	0.0925	0.0928	0.0952	0.0934	0.0924	0.0922	0.0921	0.0915	0.0918	0.0924	0.0945	0.0922	0.0923	0.0923	0.0927	0.0926	0.0914	0.0925	
0.0988	0.0974	0.0957	0.0967	0.0944	0.0955	0.0937	0.0960	0.0971	0.0976	0.0966	0.0955	0.0948	0.0944	0.0959	0.0954	0.0978	0.0965	0.0951	0.0960	0.0947	0.0934	0.0936	0.0945	0.0971	0.0954	0.1034	0.0959	0.0934	0.0931	0.0928	0.0934	0.0970	0.0943	0.0927	0.0931	0.0931	0.0929	0.0929	0.0932	0.0959	0.0942	0.0928	0.0924	0.0927	0.0920	0.0923	0.0930	0.0964	0.0933	0.0921	0.0932	0.0924	0.0922	0.0916	0.0924	0.0950	0.0926	0.0922	0.0926	0.0932	0.0925	0.0916	0.0929	
0.0999	0.0979	0.0959	0.0972	0.0944	0.0956	0.0949	0.0960	0.0982	0.0986	0.0972	0.0966	0.0954	0.0948	0.0960	0.0959	0.0989	0.0975	0.0958	0.0964	0.0956	0.0938	0.0938	0.0946	0.0977	0.0967	0.1036	0.0963	0.0938	0.0937	0.0932	0.0931	0.0975	0.0947	0.0929	0.0935	0.0933	0.0936	0.0934	0.0930	0.0968	0.0947	0.0932	0.0924	0.0931	0.0923	0.0925	0.0930	0.0966	0.0941	0.0925	0.0929	0.0920	0.0919	0.0917	0.0926	0.0956	0.0924	0.0930	0.0926	0.0930	0.0930	0.0916	0.0928	
0.1008	0.0997	0.0968	0.0977	0.0950	0.0964	0.0953	0.0965	0.0992	0.0992	0.0981	0.0969	0.0958	0.0952	0.0964	0.0958	0.1003	0.0982	0.0961	0.0965	0.0954	0.0937	0.0945	0.0949	0.0987	0.0967	0.1040	0.0961	0.0935	0.0936	0.0933	0.0932	0.0984	0.0952	0.0928	0.0928	0.0931	0.0932	0.0927	0.0933	0.0971	0.0944	0.0934	0.0922	0.0927	0.0926	0.0925	0.0933	0.0975	0.0940	0.0925	0.0928	0.0922	0.0919	0.0921	0.0927	0.0960	0.0926	0.0927	0.0924	0.0927	0.0926	0.0915	0.0929	
0.1030	0.1010	0.0979	0.0991	0.0962	0.0973	0.0957	0.0973	0.1010	0.1011	0.0986	0.0983	0.0965	0.0963	0.0963	0.0955	0.1011	0.0998	0.0967	0.0972	0.0956	0.0946	0.0949	0.0950	0.0999	0.0986	0.1045	0.0966	0.0945	0.0937	0.0944	0.0934	0.0995	0.0956	0.0933	0.0934	0.0935	0.0943	0.0926	0.0931	0.0980	0.0950	0.0933	0.0926	0.0928	0.0928	0.0930	0.0930	0.0979	0.0940	0.0928	0.0925	0.0921	0.0922	0.0917	0.0921	0.0963	0.0925	0.0931	0.0924	0.0927	0.0916	0.0913	0.0928	
0.1048	0.1016	0.0986	0.0997	0.0967	0.0973	0.0965	0.0983	0.1014	0.1013	0.0999	0.0981	0.0967	0.0960	0.0963	0.0962	0.1018	0.1000	0.0973	0.0969	0.0960	0.0944	0.0946	0.0948	0.1012	0.0977	0.1045	0.0966	0.0939	0.0937	0.0933	0.0932	0.1002	0.0964	0.0934	0.0929	0.0933	0.0927	0.0930	0.0930	0.0985	0.0951	0.0933	0.0925	0.0926	0.0924	0.0922	0.0929	0.0988	0.0940	0.0928	0.0927	0.0923	0.0924	0.0918	0.0925	0.0970	0.0931	0.0925	0.0922	0.0927	0.0927	0.0913	0.0929	
0.1056	0.1035	0.1002	0.1008	0.0975	0.0981	0.0958	0.0980	0.1036	0.1031	0.1006	0.0987	0.0968	0.0964	0.0972	0.0961	0.1034	0.1012	0.0976	0.0981	0.0964	0.0937	0.0945	0.0947	0.1020	0.0989	0.1055	0.0966	0.0938	0.0931	0.0938	0.0931	0.1015	0.0966	0.0936	0.0928	0.0932	0.0933	0.0924	0.0933	0.1000	0.0956	0.0935	0.0926	0.0931	0.0921	0.0928	0.0930	0.0993	0.0948	0.0927	0.0929	0.0921	0.0917	0.0915	0.0925	0.0976	0.0924	0.0928	0.0926	0.0930	0.0917	0.0913	0.0923	
0.1093	0.1053	0.1017	0.1020	0.0988	0.0996	0.0982	0.0991	0.1054	0.1049	0.1023	0.0999	0.0983	0.0970	0.0974	0.0962	0.1056	0.1026	0.0989	0.0987	0.0968	0.0944	0.0939	0.0949	0.1043	0.1002	0.1054	0.0972	0.0946	0.0938	0.0932	0.0936	0.1025	0.0969	0.0944	0.0938	0.0938	0.0935	0.0929	0.0931	0.1002	0.0960	0.0938	0.0928	0.0926	0.0927	0.0921	0.0932	0.1003	0.0949	0.0927	0.0929	0.0926	0.0919	0.0915	0.0920	0.0984	0.0932	0.0928	0.0926	0.0930	0.0927	0.0913	0.0928	
0.1109	0.1074	0.1033	0.1033	0.0993	0.1003	0.0981	0.1001	0.1071	0.1056	0.1033	0.1006	0.0987	0.0975	0.0977	0.0965	0.1074	0.1040	0.0991	0.0988	0.0964	0.0943	0.0948	0.0946	0.1060	0.1014	0.1059	0.0975	0.0942	0.0940	0.0932	0.0931	0.1039	0.0978	0.0946	0.0932	0.0936	0.0937	0.0932	0.0930	0.1011	0.0965	0.0939	0.0926	0.0929	0.0927	0.0926	0.0928	0.1011	0.0956	0.0925	0.0928	0.0923	0.0918	0.0912	0.0926	0.0986	0.0938	0.0928	0.0926	0.0928	0.0927	0.0914	0.0927	
0.1135	0.1089	0.1055	0.1043	0.1011	0.1011	0.0981	0.1004	0.1099	0.1074	0.1051	0.1014	0.0993	0.0977	0.0975	0.0966	0.1095	0.1052	0.1000	0.0993	0.0968	0.0947	0.0948	0.0948	0.1077	0.1021	0.1065	0.0972	0.0940	0.0937	0.0932	0.0940	0.1063	0.0981	0.0946	0.0938	0.0936	0.0935	0.0928	0.0935	0.1026	0.0966	0.0941	0.0929	0.0929	0.0921	0.0924	0.0928	0.1018	0.0958	0.0930	0.0930	0.0925	0.0921	0.0914	0.0923	0.0996	0.0939	0.0932	0.0927	0.0926	0.0928	0.0914	0.0930	
0.1159	0.1107	0.1071	0.1063	0.1022	0.1018	0.0993	0.1004	0.1119	0.1096	0.1065	0.1029	0.0998	0.0981	0.0981	0.0963	0.1121	0.1069	0.1004	0.0996	0.0974	0.0942	0.0944	0.0951	0.1097	0.1031	0.1075	0.0974	0.0941	0.0934	0.0933	0.0933	0.1075	0.0989	0.0946	0.0934	0.0939	0.0933	0.0934	0.0930	0.1031	0.0969	0.0942	0.0929	0.0931	0.0921	0.0929	0.0924	0.1026	0.0958	0.0929	0.0931	0.0920	0.0918	0.0915	0.0921	0.0999	0.0935	0.0928	0.0925	0.0927	0.0928	0.0918	0.0923	
0.1204	0.1138	0.1087	0.1076	0.1031	0.1035	0.0997	0.1010	0.1148	0.1116	0.1073	0.1040	0.1005	0.0983	0.0981	0.0973	0.1134	0.1083	0.1016	0.0995	0.0971	0.0946	0.0944	0.0951	0.1119	0.1037	0.1068	0.0974	0.0944	0.0935	0.0937	0.0927	0.1084	0.0994	0.0949	0.0934	0.0934	0.0925	0.0929	0.0931	0.1039	0.0976	0.0938	0.0926	0.0929	0.0919	0.0925	0.0932	0.1042	0.0957	0.0929	0.0929	0.0924	0.0922	0.0918	0.0923	0.1003	0.0944	0.0929	0.0925	0.0929	0.0924	0.0914	0.0921	
0.1240	0.1173	0.1118	0.1097	0.1050	0.1046	0.1010	0.1025	0.1180	0.1151	0.1092	0.1052	0.1015	0.0992	0.0991	0.0967	0.1174	0.1114	0.1024	0.1006	0.0975	0.0951	0.0950	0.0946	0.1144	0.1050	0.1074	0.0978	0.0944	0.0934	0.0933	0.0934	0.1110	0.0997	0.0946	0.0937	0.0933	0.0936	0.0927	0.0929	0.1057	0.0973	0.0940	0.0926	0.0928	0.0920	0.0922	0.0928	0.1044	0.0958	0.0932	0.0927	0.0923	0.0913	0.0916	0.0920	0.1013	0.0941	0.0926	0.0924	0.0929	0.0920	0.0915	0.0920	
0.1283	0.1199	0.1143	0.1126	0.1066	0.1058	0.1019	0.1026	0.1219	0.1181	0.1117	0.1071	0.1024	0.0996	0.0990	0.0974	0.1210	0.1131	0.1036	0.1012	0.0983	0.0949	0.0949	0.0951	0.1175	0.1062	0.1068	0.0984	0.0942	0.0934	0.0939	0.0934	0.1132	0.1009	0.0955	0.0936	0.0937	0.0931	0.0929	0.0932	0.1067	0.0978	0.0946	0.0930	0.0930	0.0919	0.0924	0.0927	0.1048	0.0963	0.0934	0.0928	0.0921	0.0916	0.0916	0.0926	0.1023	0.0944	0.0927	0.0925	0.0926	0.0921	0.0918	0.0923	
0.1321	0.1243	0.1174	0.1151	0.1081	0.1065	0.1025	0.1044	0.1257	0.1215	0.1138	0.1077	0.1028	0.1001	0.0986	0.0971	0.1247	0.1157	0.1045	0.1013	0.0977	0.0949	0.0947	0.0948	0.1218	0.1071	0.1083	0.0985	0.0944	0.0938	0.0938	0.0934	0.1158	0.1010	0.0959	0.0938	0.0934	0.0934	0.0925	0.0932	0.1078	0.0983	0.0941	0.0930	0.0930	0.0924	0.0920	0.0926	0.1066	0.0961	0.0943	0.0929	0.0923	0.0918	0.0914	0.0921	0.1032	0.0945	0.0933	0.0926	0.0928	0.0923	0.0906	0.0921	
0.1388	0.1295	0.1216	0.1171	0.1097	0.1083	0.1039	0.1051	0.1315	0.1244	0.1164	0.1094	0.1039	0.1002	0.0993	0.0976	0.1297	0.1172	0.1047	0.1013	0.0984	0.0951	0.0951	0.0953	0.1240	0.1082	0.1084	0.0987	0.0950	0.0940	0.0936	0.0937	0.1172	0.1025	0.0961	0.0943	0.0935	0.0933	0.0929	0.0929	0.1088	0.0984	0.0945	0.0930	0.0930	0.0924	0.0922	0.0925	0.1067	0.0966	0.0934	0.0933	0.0921	0.0915	0.0920	0.0919	0.1035	0.0950	0.0935	0.0928	0.0930	0.0924	0.0910	0.0923	
0.1446	0.1332	0.1242	0.1208	0.1118	0.1094	0.1052	0.1058	0.1355	0.1281	0.1186	0.1103	0.1050	0.1011	0.0990	0.0975	0.1353	0.1201	0.1053	0.1017	0.0978	0.0953	0.0948	0.0951	0.1274	0.1096	0.1092	0.0985	0.0946	0.0941	0.0932	0.0934	0.1201	0.1017	0.0961	0.0939	0.0940	0.0938	0.0928	0.0927	0.1112	0.0985	0.0947	0.0931	0.0932	0.0921	0.0923	0.0927	0.1084	0.0971	0.0934	0.0931	0.0924	0.0917	0.0917	0.0922	0.1035	0.0942	0.0930	0.0928	0.0926	0.0923	0.0911	0.0920	
0.1529	0.1388	0.1293	0.1241	0.1147	0.1124	0.1060	0.1075	0.1420	0.1340	0.1221	0.1127	0.1063	0.1014	0.0998	0.0976	0.1399	0.1250	0.1072	0.1028	0.0987	0.0952	0.0949	0.0952	0.1327	0.1112	0.1091	0.0992	0.0953	0.0936	0.0936	0.0932	0.1234	0.1026	0.0964	0.0943	0.0938	0.0941	0.0928	0.0930	0.1127	0.0997	0.0949	0.0933	0.0933	0.0927	0.0927	0.0928	0.1093	0.0976	0.0935	0.0930	0.0924	0.0918	0.0913	0.0919	0.1047	0.0954	0.0934	0.0926	0.0933	0.0923	0.0912	0.0923	
0.1589	0.1439	0.1323	0.1278	0.1162	0.1125	0.1071	0.1069	0.1475	0.1382	0.1257	0.1136	0.1060	0.1026	0.0999	0.0974	0.1452	0.1282	0.1079	0.1025	0.0986	0.0950	0.0950	0.0952	0.1371	0.1122	0.1096	0.0985	0.0949	0.0936	0.0935	0.0934	0.1259	0.1032	0.0961	0.0941	0.0938	0.0936	0.0929	0.0930	0.1132	0.0993	0.0944	0.0929	0.0928	0.0923	0.0924	0.0924	0.1096	0.0970	0.0934	0.0929	0.0921	0.0912	0.0914	0.0919	0.1052	0.0950	0.0933	0.0926	0.0928	0.0921	0.0912	0.0924	
0.1691	0.1522	0.1370	0.1321	0.1195	0.1151	0.1089	0.1091	0.1572	0.1440	0.1282	0.1163	0.1077	0.1015	0.1001	0.0983	0.1531	0.1303	0.1094	0.1028	0.0987	0.0948	0.0951	0.0942	0.1426	0.1135	0.1102	0.0989	0.0949	0.0941	0.0939	0.0933	0.1289	0.1031	0.0963	0.0946	0.0937	0.0936	0.0934	0.0929	0.1162	0.0993	0.0954	0.0931	0.0932	0.0921	0.0924	0.0927	0.1112	0.0978	0.0938	0.0928	0.0923	0.0917	0.0916	0.0921	0.1061	0.0950	0.0931	0.0925	0.0929	0.0922	0.0909	0.0921	
0.1796	0.1592	0.1444	0.1365	0.1227	0.1167	0.1089	0.1097	0.1658	0.1506	0.1330	0.1182	0.1091	0.1030	0.1008	0.0980	0.1613	0.1364	0.1100	0.1033	0.0987	0.0955	0.0953	0.0950	0.1501	0.1146	0.1102	0.0994	0.0955	0.0947	0.0939	0.0935	0.1337	0.1038	0.0968	0.0948	0.0940	0.0935	0.0933	0.0930	0.1178	0.1004	0.0950	0.0929	0.0933	0.0920	0.0925	0.0924	0.1119	0.0986	0.0940	0.0932	0.0924	0.0916	0.0916	0.0920	0.1072	0.0957	0.0933	0.0929	0.0929	0.0925	0.0911	0.0920	
0.1894	0.1695	0.1482	0.1409	0.1252	0.1180	0.1109	0.1097	0.1735	0.1575	0.1390	0.1199	0.1087	0.1031	0.1004	0.0979	0.1678	0.1400	0.1108	0.1035	0.0985	0.0954	0.0951	0.0950	0.1555	0.1165	0.1105	0.0993	0.0950	0.0936	0.0945	0.0931	0.1354	0.1046	0.0971	0.0940	0.0937	0.0933	0.0932	0.0926	0.1178	0.1002	0.0947	0.0934	0.0928	0.0916	0.0923	0.0928	0.1133	0.0981	0.0935	0.0929	0.0923	0.0918	0.0913	0.0915	0.1073	0.0952	0.0931	0.0927	0.0928	0.0919	0.0910	0.0921	
0.2018	0.1780	0.1564	0.1460	0.1279	0.1201	0.1123	0.1125	0.1847	0.1652	0.1415	0.1226	0.1102	0.1041	0.1007	0.0983	0.1790	0.1439	0.1123	0.1042	0.0987	0.0954	0.0954	0.0950	0.1628	0.1185	0.1110	0.0997	0.0950	0.0945	0.0932	0.0936	0.1414	0.1044	0.0974	0.0946	0.0939	0.0934	0.0933	0.0925	0.1204	0.1007	0.0950	0.0932	0.0929	0.0922	0.0923	0.0925	0.1144	0.0979	0.0937	0.0931	0.0924	0.0916	0.0915	0.0919	0.1078	0.0959	0.0936	0.0924	0.0932	0.0917	0.0908	0.0916	
0.2158	0.1881	0.1644	0.1532	0.1324	0.1229	0.1148	0.1128	0.1993	0.1723	0.1478	0.1248	0.1118	0.1039	0.1002	0.0980	0.1875	0.1474	0.1130	0.1038	0.0987	0.0953	0.0950	0.0947	0.1719	0.1179	0.1114	0.0993	0.0952	0.0943	0.0936	0.0930	0.1439	0.1050	0.0973	0.0943	0.0935	0.0935	0.0931	0.0929	0.1210	0.1008	0.0949	0.0934	0.0929	0.0919	0.0918	0.0923	0.1146	0.0974	0.0938	0.0933	0.0922	0.0914	0.0914	0.0915	0.1086	0.0952	0.0934	0.0925	0.0926	0.0912	0.0910	0.0920	
0.2339	0.2000	0.1740	0.1592	0.1373	0.1264	0.1160	0.1139	0.2121	0.1844	0.1532	0.1276	0.1129	0.1054	0.1008	0.0986	0.2022	0.1533	0.1135	0.1049	0.0990	0.0962	0.0952	0.0950	0.1795	0.1210	0.1113	0.1000	0.0955	0.0941	0.0934	0.0936	0.1497	0.1052	0.0975	0.0945	0.0938	0.0931	0.0930	0.0928	0.1240	0.1012	0.0953	0.0932	0.0926	0.0923	0.0922	0.0929	0.1157	0.0980	0.0941	0.0936	0.0924	0.0911	0.0909	0.0918	0.1084	0.0963	0.0940	0.0925	0.0921	0.0918	0.0907	0.0919	
0.2507	0.2141	0.1834	0.1655	0.1408	0.1276	0.1178	0.1161	0.2267	0.1952	0.1597	0.1301	0.1144	0.1046	0.1014	0.0983	0.2160	0.1611	0.1143	0.1052	0.0997	0.0961	0.0956	0.0953	0.1916	0.1224	0.1112	0.1002	0.0955	0.0938	0.0938	0.0934	0.1532	0.1066	0.0979	0.0950	0.0937	0.0939	0.0927	0.0927	0.1278	0.1012	0.0954	0.0930	0.0928	0.0923	0.0922	0.0932	0.1178	0.0993	0.0937	0.0929	0.0925	0.0915	0.0918	0.0918	0.1103	0.0957	0.0940	0.0926	0.0928	0.0921	0.0909	0.0924	
0.2675	0.2289	0.1932	0.1742	0.1458	0.1299	0.1182	0.1159	0.2420	0.2054	0.1678	0.1324	0.1151	0.1051	0.1007	0.0980	0.2299	0.1670	0.1162	0.1048	0.0993	0.0953	0.0953	0.0945	0.2003	0.1232	0.1111	0.1000	0.0950	0.0934	0.0931	0.0933	0.1590	0.1057	0.0975	0.0940	0.0938	0.0932	0.0928	0.0923	0.1287	0.1011	0.0951	0.0925	0.0925	0.0920	0.0915	0.0921	0.1180	0.0981	0.0938	0.0928	0.0917	0.0913	0.0910	0.0924	0.1108	0.0952	0.0930	0.0920	0.0927	0.0909	0.0906	0.0917	
0.2910	0.2436	0.2053	0.1830	0.1518	0.1329	0.1218	0.1186	0.2623	0.2184	0.1741	0.1360	0.1167	0.1054	0.1009	0.0980	0.2465	0.1738	0.1164	0.1050	0.0996	0.0956	0.0952	0.0942	0.2109	0.1245	0.1114	0.0996	0.0952	0.0940	0.0933	0.0925	0.1626	0.1063	0.0971	0.0942	0.0934	0.0936	0.0924	0.0925	0.1306	0.1013	0.0955	0.0928	0.0932	0.0914	0.0918	0.0919	0.1191	0.0980	0.0937	0.0931	0.0923	0.0912	0.0909	0.0913	0.1104	0.0957	0.0933	0.0924	0.0922	0.0914	0.0904	0.0918	
0.3144	0.2631	0.2170	0.1935	0.1572	0.1364	0.1228	0.1186	0.2850	0.2370	0.1837	0.1398	0.1172	0.1053	0.1012	0.0979	0.2668	0.1843	0.1176	0.1055	0.0996	0.0958	0.0951	0.0947	0.2292	0.1273	0.1121	0.1008	0.0955	0.0942	0.0934	0.0931	0.1717	0.1066	0.0980	0.0945	0.0937	0.0930	0.0926	0.0927	0.1344	0.1016	0.0955	0.0932	0.0930	0.0917	0.0919	0.0925	0.1211	0.0986	0.0939	0.0935	0.0917	0.0917	0.0915	0.0916	0.1114	0.0962	0.0937	0.0927	0.0924	0.0914	0.0909	0.0918	
0.3385	0.2816	0.2282	0.2034	0.1626	0.1399	0.1246	0.1209	0.3055	0.2478	0.1913	0.1427	0.1198	0.1058	0.1011	0.0983	0.2861	0.1888	0.1193	0.1053	0.0994	0.0952	0.0957	0.0950	0.2418	0.1280	0.1123	0.1002	0.0955	0.0940	0.0933	0.0930	0.1765	0.1075	0.0975	0.0943	0.0937	0.0931	0.0925	0.0923	0.1355	0.1021	0.0956	0.0937	0.0925	0.0917	0.0922	0.0923	0.1202	0.0986	0.0937	0.0935	0.0924	0.0916	0.0909	0.0917	0.1128	0.0960	0.0935	0.0923	0.0923	0.0913	0.0904	0.0920	
0.3624	0.3056	0.2478	0.2133	0.1709	0.1428	0.1266	0.1214	0.3290	0.2694	0.2062	0.1471	0.1205	0.1063	0.1009	0.0985	0.3076	0.1993	0.1191	0.1051	0.0987	0.0958	0.0959	0.0949	0.2577	0.1299	0.1127	0.1001	0.0958	0.0941	0.0933	0.0929	0.1862	0.1082	0.0977	0.0942	0.0933	0.0937	0.0930	0.0924	0.1386	0.1017	0.0958	0.0934	0.0928	0.0920	0.0920	0.0922	0.1217	0.0985	0.0941	0.0930	0.0920	0.0916	0.0912	0.0915	0.1126	0.0958	0.0939	0.0922	0.0925	0.0934	0.0908	0.0920	
0.3912	0.3383	0.2712	0.2295	0.1844	0.1503	0.1345	0.1237	0.3547	0.2972	0.2217	0.1571	0.1294	0.1089	0.1072	0.0988	0.3318	0.2177	0.1261	0.1092	0.1004	0.0972	0.0953	0.0952	0.2747	0.1383	0.1230	0.1075	0.1017	0.0976	0.0989	0.0934	0.1918	0.1167	0.1075	0.0994	0.0966	0.0982	0.0953	0.0930	0.1414	0.1116	0.1001	0.0958	0.0937	0.0926	0.0966	0.0927	0.1232	0.1085	0.0961	0.0961	0.0982	0.0990	0.1020	0.0926	0.1134	0.1058	0.1005	0.0994	0.0956	0.0945	0.0938	0.0922	
0.4246	0.3512	0.2741	0.2385	0.1842	0.1500	0.1320	0.1244	0.3858	0.3096	0.2230	0.1547	0.1230	0.1068	0.1024	0.0985	0.3564	0.2184	0.1218	0.1063	0.0998	0.0960	0.0950	0.0943	0.2942	0.1327	0.1127	0.1001	0.0962	0.0937	0.0934	0.0927	0.1969	0.1081	0.0982	0.0945	0.0936	0.0931	0.0923	0.0924	0.1443	0.1019	0.0961	0.0937	0.0932	0.0922	0.0911	0.0925	0.1251	0.0990	0.0944	0.0929	0.0924	0.0913	0.0910	0.0913	0.1131	0.0971	0.0938	0.0922	0.0924	0.0918	0.0906	0.0918	
0.4512	0.3775	0.2986	0.2518	0.1931	0.1557	0.1339	0.1267	0.4160	0.3274	0.2396	0.1581	0.1236	0.1073	0.1014	0.0980	0.3853	0.2278	0.1217	0.1062	0.0998	0.0954	0.0948	0.0945	0.3155	0.1336	0.1123	0.0994	0.0954	0.0931	0.0931	0.0925	0.2079	0.1080	0.0978	0.0946	0.0938	0.0929	0.0920	0.0921	0.1457	0.1020	0.0957	0.0930	0.0942	0.0914	0.0915	0.0921	0.1245	0.0993	0.0939	0.0929	0.0917	0.0906	0.0909	0.0915	0.1142	0.0960	0.0934	0.0916	0.0926	0.0910	0.0912	0.0915	
0.4857	0.4036	0.3187	0.2666	0.2025	0.1599	0.1374	0.1284	0.4453	0.3560	0.2514	0.1633	0.1263	0.1074	0.1016	0.0986	0.4123	0.2371	0.1238	0.1055	0.0990	0.0953	0.0955	0.0954	0.3335	0.1346	0.1125	0.0998	0.0957	0.0934	0.0932	0.0934	0.2132	0.1077	0.0977	0.0942	0.0939	0.0933	0.0925	0.0926	0.1476	0.1021	0.0959	0.0931	0.0929	0.0916	0.0921	0.0917	0.1255	0.0993	0.0937	0.0928	0.0918	0.0910	0.0907	0.0916	0.1136	0.0957	0.0936	0.0924	0.0921	0.0910	0.0905	0.0918	
0.5221	0.4304	0.3409	0.2827	0.2142	0.1674	0.1413	0.1306	0.4844	0.3803	0.2702	0.1693	0.1279	0.1083	0.1027	0.0991	0.4495	0.2559	0.1244	0.1078	0.1002	0.0965	0.0961	0.0950	0.3640	0.1367	0.1130	0.1007	0.0952	0.0937	0.0933	0.0931	0.2251	0.1075	0.0985	0.0944	0.0942	0.0935	0.0927	0.0924	0.1506	0.1024	0.0962	0.0928	0.0927	0.0922	0.0920	0.0919	0.1278	0.0995	0.0941	0.0936	0.0922	0.0912	0.0910	0.0915	0.1150	0.0963	0.0937	0.0922	0.0926	0.0918	0.0907	0.0916	
0.5501	0.4620	0.3624	0.3011	0.2244	0.1708	0.1427	0.1321	0.5156	0.4071	0.2811	0.1730	0.1280	0.1080	0.1012	0.0980	0.4779	0.2639	0.1242	0.1066	0.0995	0.0958	0.0952	0.0945	0.3821	0.1365	0.1123	0.1001	0.0957	0.0937	0.0933	0.0928	0.2327	0.1090	0.0981	0.0944	0.0935	0.0930	0.0921	0.0920	0.1528	0.1021	0.0956	0.0927	0.0926	0.0914	0.0920	0.0918	0.1276	0.0993	0.0936	0.0929	0.0916	0.0911	0.0906	0.0916	0.1146	0.0961	0.0932	0.0921	0.0924	0.0910	0.0909	0.0914	
0.5802	0.4950	0.3870	0.3176	0.2368	0.1782	0.1490	0.1328	0.5527	0.4332	0.3007	0.1786	0.1301	0.1080	0.1022	0.0982	0.5114	0.2807	0.1257	0.1073	0.1002	0.0963	0.0956	0.0947	0.4090	0.1396	0.1133	0.1007	0.0956	0.0941	0.0932	0.0930	0.2459	0.1082	0.0981	0.0944	0.0937	0.0934	0.0924	0.0924	0.1583	0.1017	0.0961	0.0933	0.0928	0.0916	0.0922	0.0921	0.1289	0.0994	0.0941	0.0929	0.0917	0.0914	0.0910	0.0916	0.1153	0.0959	0.0943	0.0921	0.0920	0.0915	0.0908	0.0915	
0.6066	0.5246	0.4080	0.3355	0.2461	0.1829	0.1520	0.1368	0.5828	0.4640	0.3205	0.1830	0.1317	0.1091	0.1025	0.0985	0.5441	0.2928	0.1264	0.1065	0.1001	0.0960	0.0954	0.0946	0.4389	0.1396	0.1135	0.1007	0.0960	0.0942	0.0929	0.0927	0.2546	0.1087	0.0986	0.0948	0.0941	0.0933	0.0928	0.0922	0.1600	0.1020	0.0962	0.0932	0.0927	0.0917	0.0917	0.0920	0.1304	0.0995	0.0941	0.0932	0.0920	0.0909	0.0913	0.0910	0.1156	0.0965	0.0940	0.0925	0.0921	0.0909	0.0908	0.0924	
0.6291	0.5573	0.4336	0.3549	0.2600	0.1913	0.1556	0.1404	0.6152	0.4940	0.3399	0.1875	0.1331	0.1101	0.1024	0.1002	0.5770	0.3067	0.1258	0.1069	0.1003	0.0962	0.0955	0.0968	0.4646	0.1429	0.1136	0.1014	0.0959	0.0940	0.0932	0.0946	0.2662	0.1097	0.0990	0.0947	0.0940	0.0934	0.0923	0.0940	0.1627	0.1030	0.0960	0.0931	0.0928	0.0915	0.0915	0.0942	0.1322	0.0991	0.0944	0.0932	0.0919	0.0910	0.0908	0.0930	0.1156	0.0967	0.0941	0.0920	0.0924	0.0914	0.0908	0.0938	
0.6520	0.5808	0.4592	0.3736	0.2733	0.1974	0.1605	0.1408	0.6431	0.5271	0.3573	0.1952	0.1350	0.1089	0.1016	0.0974	0.6146	0.3211	0.1270	0.1067	0.1001	0.0952	0.0954	0.0940	0.4927	0.1437	0.1142	0.1002	0.0955	0.0941	0.0925	0.0924	0.2747	0.1096	0.0986	0.0945	0.0939	0.0929	0.0923	0.0924	0.1665	0.1023	0.0961	0.0929	0.0928	0.0919	0.0919	0.0917	0.1324	0.0991	0.0943	0.0931	0.0921	0.0912	0.0909	0.0902	0.1162	0.0965	0.0939	0.0923	0.0922	0.0914	0.0904	0.0910	
0.6742	0.6063	0.4815	0.3984	0.2892	0.2066	0.1648	0.1426	0.6667	0.5527	0.3778	0.2009	0.1368	0.1099	0.1025	0.0984	0.6465	0.3391	0.1289	0.1079	0.0995	0.0953	0.0945	0.0936	0.5245	0.1433	0.1128	0.1001	0.0959	0.0941	0.0931	0.0924	0.2858	0.1088	0.0983	0.0944	0.0940	0.0923	0.0920	0.0916	0.1678	0.1017	0.0950	0.0930	0.0930	0.0912	0.0913	0.0909	0.1314	0.0997	0.0941	0.0922	0.0921	0.0907	0.0905	0.0906	0.1140	0.0959	0.0928	0.0923	0.0924	0.0911	0.0908	0.0912	
0.6991	0.6315	0.5059	0.4124	0.3080	0.2129	0.1684	0.1447	0.6974	0.5878	0.4009	0.2048	0.1374	0.1087	0.1023	0.0985	0.6748	0.3483	0.1290	0.1076	0.0995	0.0955	0.0952	0.0944	0.5564	0.1457	0.1137	0.1003	0.0955	0.0932	0.0932	0.0923	0.3008	0.1095	0.0982	0.0944	0.0937	0.0930	0.0919	0.0922	0.1696	0.1025	0.0963	0.0929	0.0927	0.0914	0.0919	0.0916	0.1322	0.0993	0.0945	0.0926	0.0916	0.0908	0.0909	0.0917	0.1170	0.0969	0.0937	0.0920	0.0922	0.0914	0.0905	0.0919	
0.7174	0.6556	0.5383	0.4383	0.3181	0.2206	0.1732	0.1469	0.7167	0.6163	0.4194	0.2147	0.1397	0.1093	0.1022	0.0981	0.6976	0.3685	0.1288	0.1065	0.1002	0.0955	0.0948	0.0942	0.5876	0.1447	0.1133	0.0999	0.0950	0.0937	0.0927	0.0929	0.3102	0.1092	0.0985	0.0947	0.0939	0.0933	0.0920	0.0919	0.1719	0.1020	0.0963	0.0930	0.0923	0.0914	0.0916	0.0920	0.1343	0.0990	0.0940	0.0925	0.0919	0.0912	0.0904	0.0918	0.1166	0.0961	0.0945	0.0917	0.0924	0.0910	0.0905	0.0913	
0.7300	0.6772	0.5594	0.4613	0.3348	0.2292	0.1801	0.1502	0.7369	0.6453	0.4437	0.2192	0.1403	0.1104	0.1017	0.0988	0.7181	0.3851	0.1290	0.1075	0.0999	0.0960	0.0951	0.0945	0.6201	0.1443	0.1137	0.1004	0.0957	0.0932	0.0922	0.0923	0.3247	0.1089	0.0981	0.0942	0.0939	0.0927	0.0916	0.0917	0.1750	0.1023	0.0959	0.0926	0.0924	0.0914	0.0912	0.0913	0.1337	0.0996	0.0939	0.0927	0.0913	0.0906	0.0904	0.0909	0.1162	0.0960	0.0937	0.0915	0.0915	0.0911	0.0901	0.0913	
0.7367	0.6968	0.5883	0.4823	0.3514	0.2401	0.1847	0.1539	0.7412	0.6731	0.4688	0.2281	0.1429	0.1098	0.1023	0.0984	0.7392	0.4076	0.1312	0.1083	0.0998	0.0964	0.0945	0.0945	0.6465	0.1480	0.1142	0.1010	0.0957	0.0942	0.0931	0.0929	0.3365	0.1087	0.0983	0.0947	0.0934	0.0929	0.0922	0.0919	0.1803	0.1020	0.0966	0.0930	0.0926	0.0914	0.0913	0.0918	0.1354	0.0990	0.0945	0.0931	0.0919	0.0921	0.0908	0.0915	0.1168	0.0960	0.0932	0.0925	0.0922	0.0914	0.0907	0.0920	
0.7426	0.7138	0.6095	0.5004	0.3686	0.2500	0.1917	0.1575	0.7464	0.7020	0.4940	0.2345	0.1430	0.1105	0.1021	0.0982	0.7479	0.4263	0.1311	0.1069	0.1001	0.0961	0.0948	0.0941	0.6692	0.1466	0.1136	0.0999	0.0957	0.0941	0.0931	0.0922	0.3568	0.1086	0.0990	0.0940	0.0936	0.0932	0.0916	0.0912	0.1833	0.1020	0.0959	0.0924	0.0924	0.0912	0.0913	0.0917	0.1357	0.0988	0.0944	0.0923	0.0914	0.0909	0.0903	0.0908	0.1168	0.0963	0.0939	0.0915	0.0921	0.0908	0.0901	0.0915	
0.7489	0.7330	0.6370	0.5276	0.3837	0.2571	0.1964	0.1611	0.7475	0.7218	0.5134	0.2406	0.1438	0.1107	0.1025	0.0981	0.7439	0.4394	0.1313	0.1077	0.0999	0.0956	0.0942	0.0944	0.6840	0.1474	0.1136	0.1007	0.0956	0.0934	0.0926	0.0927	0.3645	0.1098	0.0984	0.0945	0.0931	0.0929	0.0920	0.0917	0.1823	0.1012	0.0962	0.0929	0.0923	0.0915	0.0918	0.0920	0.1348	0.0992	0.0940	0.0927	0.0916	0.0903	0.0904	0.0912	0.1167	0.0964	0.0935	0.0919	0.0917	0.0916	0.0899	0.0912	
0.7631	0.7508	0.6637	0.5505	0.3979	0.2699	0.2026	0.1653	0.7586	0.7462	0.5412	0.2515	0.1470	0.1117	0.1023	0.0987	0.7496	0.4619	0.1323	0.1079	0.0996	0.0952	0.0953	0.0942	0.6973	0.1490	0.1136	0.0999	0.0959	0.0933	0.0926	0.0924	0.3772	0.1096	0.0987	0.0944	0.0937	0.0934	0.0922	0.0918	0.1864	0.1025	0.0957	0.0926	0.0926	0.0917	0.0914	0.0916	0.1372	0.0990	0.0940	0.0926	0.0919	0.0907	0.0905	0.0908	0.1184	0.0961	0.0936	0.0921	0.0923	0.0912	0.0904	0.0915	
0.7532	0.7592	0.6792	0.5706	0.4186	0.2748	0.2083	0.1681	0.7569	0.7602	0.5690	0.2552	0.1468	0.1098	0.1017	0.0977	0.7544	0.4771	0.1328	0.1075	0.0995	0.0954	0.0949	0.0943	0.7094	0.1504	0.1143	0.1009	0.0951	0.0937	0.0931	0.0920	0.3893	0.1095	0.0982	0.0947	0.0936	0.0928	0.0922	0.0916	0.1882	0.1023	0.0961	0.0926	0.0921	0.0916	0.0912	0.0918	0.1372	0.0989	0.0942	0.0932	0.0912	0.0906	0.0906	0.0906	0.1181	0.0968	0.0938	0.0917	0.0916	0.0910	0.0908	0.0914	
0.7646	0.7701	0.6970	0.5891	0.4348	0.2879	0.2165	0.1743	0.7628	0.7702	0.5916	0.2677	0.1489	0.1106	0.1023	0.0987	0.7610	0.5030	0.1323	0.1075	0.1000	0.0960	0.0948	0.0941	0.7189	0.1506	0.1134	0.1007	0.0961	0.0936	0.0922	0.0926	0.4069	0.1089	0.0989	0.0949	0.0935	0.0930	0.0918	0.0922	0.1907	0.1016	0.0966	0.0927	0.0927	0.0912	0.0916	0.0914	0.1390	0.0994	0.0940	0.0930	0.0920	0.0907	0.0904	0.0908	0.1177	0.0957	0.0934	0.0915	0.0919	0.0910	0.0905	0.0916	
0.7632	0.7719	0.7164	0.6158	0.4568	0.2985	0.2226	0.1768	0.7641	0.7763	0.6127	0.2747	0.1490	0.1113	0.1021	0.0980	0.7626	0.5171	0.1324	0.1084	0.0995	0.0959	0.0945	0.0947	0.7182	0.1515	0.1142	0.1009	0.0955	0.0936	0.0926	0.0921	0.4217	0.1088	0.0985	0.0943	0.0940	0.0923	0.0923	0.0913	0.1917	0.1027	0.0962	0.0928	0.0927	0.0914	0.0913	0.0915	0.1394	0.0996	0.0943	0.0927	0.0917	0.0912	0.0907	0.0913	0.1182	0.0959	0.0931	0.0920	0.0917	0.0909	0.0902	0.0912	
0.7699	0.7740	0.7330	0.6352	0.4746	0.3073	0.2288	0.1805	0.7669	0.7827	0.6380	0.2806	0.1492	0.1111	0.1024	0.0983	0.7626	0.5337	0.1331	0.1078	0.1000	0.0959	0.0950	0.0944	0.7284	0.1517	0.1134	0.1010	0.0952	0.0931	0.0926	0.0923	0.4318	0.1096	0.0984	0.0946	0.0936	0.0929	0.0919	0.0919	0.1955	0.1023	0.0964	0.0928	0.0924	0.0910	0.0910	0.0914	0.1396	0.0998	0.0941	0.0927	0.0914	0.0907	0.0904	0.0912	0.1178	0.0960	0.0935	0.0919	0.0917	0.0909	0.0905	0.0920	
0.7668	0.7772	0.7431	0.6518	0.4937	0.3173	0.2357	0.1836	0.7696	0.7872	0.6579	0.2895	0.1515	0.1110	0.1020	0.0977	0.7613	0.5473	0.1331	0.1082	0.1000	0.0965	0.0945	0.0938	0.7318	0.1531	0.1138	0.1005	0.0952	0.0929	0.0927	0.0927	0.4445	0.1095	0.0983	0.0938	0.0932	0.0926	0.0918	0.0913	0.1947	0.1020	0.0960	0.0925	0.0921	0.0912	0.0913	0.0914	0.1386	0.0988	0.0943	0.0922	0.0911	0.0912	0.0905	0.0914	0.1167	0.0959	0.0933	0.0913	0.0916	0.0913	0.0906	0.0910	
0.7734	0.7781	0.7528	0.6705	0.5056	0.3255	0.2419	0.1891	0.7752	0.7901	0.6809	0.3015	0.1519	0.1106	0.1023	0.0992	0.7709	0.5736	0.1335	0.1079	0.1004	0.0961	0.0943	0.0942	0.7307	0.1534	0.1136	0.1008	0.0960	0.0934	0.0927	0.0923	0.4643	0.1100	0.0986	0.0945	0.0938	0.0924	0.0920	0.0916	0.1997	0.1020	0.0961	0.0927	0.0924	0.0916	0.0915	0.0913	0.1389	0.0995	0.0941	0.0925	0.0914	0.0903	0.0905	0.0909	0.1175	0.0964	0.0934	0.0917	0.0921	0.0912	0.0902	0.0912	
0.7697	0.7800	0.7518	0.6906	0.5279	0.3362	0.2480	0.1921	0.7758	0.7937	0.7056	0.3101	0.1542	0.1119	0.1029	0.0982	0.7774	0.5904	0.1348	0.1075	0.1010	0.0958	0.0951	0.0940	0.7369	0.1540	0.1136	0.0999	0.0957	0.0931	0.0919	0.0920	0.4784	0.1088	0.0983	0.0940	0.0934	0.0926	0.0911	0.0913	0.2017	0.1021	0.0960	0.0924	0.0924	0.0916	0.0913	0.0917	0.1410	0.0990	0.0941	0.0929	0.0918	0.0907	0.0902	0.0908	0.1183	0.0960	0.0930	0.0917	0.0917	0.0910	0.0899	0.0910	
0.7798	0.7831	0.7664	0.7070	0.5510	0.3480	0.2620	0.1977	0.7822	0.7936	0.7088	0.3197	0.1562	0.1134	0.1029	0.0983	0.7815	0.6138	0.1346	0.1080	0.1004	0.0964	0.0950	0.0944	0.7404	0.1565	0.1138	0.1010	0.0958	0.0934	0.0931	0.0922	0.5751	0.1091	0.0995	0.0944	0.0935	0.0931	0.0913	0.0922	0.2046	0.1020	0.0961	0.0928	0.0925	0.0919	0.0913	0.0918	0.1410	0.0995	0.0945	0.0929	0.0916	0.0910	0.0908	0.0913	0.1205	0.0967	0.0936	0.0917	0.0918	0.0915	0.0904	0.0912	
0.7794	0.7830	0.7543	0.7129	0.5625	0.3622	0.2643	0.2008	0.7799	0.7967	0.7226	0.3242	0.1555	0.1116	0.1026	0.0977	0.7804	0.6276	0.1337	0.1070	0.0999	0.0955	0.0939	0.0937	0.7378	0.1545	0.1135	0.1007	0.0958	0.0934	0.0926	0.0921	0.5821	0.1090	0.0983	0.0940	0.0933	0.0925	0.0917	0.0915	0.2028	0.1011	0.0958	0.0928	0.0916	0.0910	0.0909	0.0916	0.1410	0.0990	0.0940	0.0923	0.0913	0.0905	0.0905	0.0912	0.1172	0.0962	0.0930	0.0921	0.0916	0.0907	0.0902	0.0909	
0.7850	0.7831	0.7620	0.7276	0.5824	0.3744	0.2718	0.2017	0.7855	0.7989	0.7349	0.3389	0.1570	0.1124	0.1026	0.0980	0.7857	0.6387	0.1355	0.1078	0.0992	0.0955	0.0946	0.0939	0.7463	0.1559	0.1134	0.1002	0.0949	0.0936	0.0923	0.0925	0.5196	0.1090	0.0985	0.0941	0.0931	0.0929	0.0918	0.0917	0.2075	0.1019	0.0963	0.0929	0.0916	0.0909	0.0913	0.0915	0.1417	0.0989	0.0942	0.0928	0.0912	0.0904	0.0905	0.0911	0.1184	0.0958	0.0933	0.0919	0.0917	0.0910	0.0901	0.0915	
0.7883	0.7861	0.7639	0.7371	0.6014	0.3827	0.2799	0.2102	0.7946	0.8025	0.7411	0.3520	0.1576	0.1125	0.1021	0.0984	0.7957	0.6663	0.1343	0.1089	0.1006	0.0954	0.0942	0.0940	0.7550	0.1564	0.1137	0.1009	0.0956	0.0928	0.0926	0.0923	0.5407	0.1094	0.0985	0.0943	0.0937	0.0928	0.0914	0.0917	0.2103	0.1021	0.0963	0.0929	0.0923	0.0909	0.0912	0.0915	0.1446	0.0993	0.0942	0.0927	0.0915	0.0906	0.0905	0.0908	0.1193	0.0963	0.0932	0.0917	0.0916	0.0907	0.0900	0.0909	
0.7842	0.7871	0.7529	0.7380	0.6148	0.3960	0.2890	0.2111	0.7910	0.8066	0.7406	0.3586	0.1589	0.1120	0.1027	0.0982	0.7960	0.6730	0.1342	0.1075	0.1006	0.0956	0.0941	0.0934	0.7543	0.1581	0.1134	0.1001	0.0950	0.0930	0.0925	0.0920	0.5557	0.1088	0.0987	0.0941	0.0928	0.0928	0.0911	0.0912	0.2088	0.1022	0.0961	0.0925	0.0923	0.0909	0.0907	0.0913	0.1421	0.0984	0.0937	0.0927	0.0911	0.0907	0.0903	0.0910	0.1196	0.0959	0.0931	0.0916	0.0920	0.0907	0.0902	0.0911	
0.7857	0.7856	0.7588	0.7390	0.6335	0.4027	0.2985	0.2178	0.7974	0.8084	0.7420	0.3673	0.1619	0.1125	0.1021	0.0983	0.7956	0.6892	0.1351	0.1083	0.1003	0.0958	0.0940	0.0936	0.7531	0.1582	0.1142	0.1002	0.0951	0.0927	0.0922	0.0922	0.5667	0.1092	0.0988	0.0943	0.0929	0.0926	0.0915	0.0917	0.2113	0.1019	0.0957	0.0922	0.0919	0.0911	0.0908	0.0909	0.1431	0.0990	0.0939	0.0920	0.0907	0.0905	0.0902	0.0906	0.1170	0.0961	0.0930	0.0917	0.0916	0.0903	0.0897	0.0908	
0.7977	0.7931	0.7586	0.7408	0.6521	0.4132	0.3054	0.2181	0.8021	0.8109	0.7456	0.3781	0.1632	0.1125	0.1028	0.0982	0.8024	0.6972	0.1352	0.1082	0.1003	0.0962	0.0945	0.0937	0.7589	0.1596	0.1132	0.1006	0.0952	0.0937	0.0925	0.0925	0.5866	0.1099	0.0991	0.0945	0.0930	0.0925	0.0920	0.0917	0.2159	0.1023	0.0963	0.0921	0.0921	0.0911	0.0910	0.0910	0.1436	0.0987	0.0944	0.0928	0.0912	0.0906	0.0903	0.0907	0.1183	0.0964	0.0932	0.0917	0.0919	0.0905	0.0903	0.0920	
0.7971	0.7907	0.7678	0.7441	0.6667	0.4300	0.3154	0.2241	0.8026	0.8128	0.7461	0.3906	0.1627	0.1118	0.1026	0.0978	0.8080	0.7001	0.1351	0.1070	0.0997	0.0950	0.0941	0.0935	0.7638	0.1575	0.1133	0.1004	0.0950	0.0931	0.0921	0.0922	0.6006	0.1083	0.0982	0.0941	0.0931	0.0920	0.0914	0.0914	0.2163	0.1020	0.0957	0.0925	0.0920	0.0905	0.0907	0.0914	0.1437	0.0983	0.0936	0.0921	0.0912	0.0903	0.0898	0.0902	0.1194	0.0956	0.0931	0.0913	0.0915	0.0902	0.0896	0.0915	
0.8058	0.7952	0.7677	0.7444	0.6800	0.4336	0.3180	0.2255	0.8125	0.8179	0.7519	0.4001	0.1648	0.1122	0.1020	0.0978	0.8138	0.7104	0.1362	0.1084	0.1007	0.0957	0.0940	0.0937	0.7667	0.1610	0.1133	0.1012	0.0954	0.0932	0.0924	0.0921	0.6983	0.1081	0.0984	0.0944	0.0932	0.0927	0.0915	0.0915	0.2142	0.1020	0.0965	0.0922	0.0921	0.0906	0.0911	0.0914	0.1438	0.0987	0.0937	0.0924	0.0911	0.0905	0.0902	0.0908	0.1175	0.0963	0.0930	0.0916	0.0921	0.0909	0.0902	0.0911	
0.8087	0.7931	0.7624	0.7399	0.6900	0.4520	0.3262	0.2323	0.8164	0.8186	0.7595	0.4103	0.1664	0.1138	0.1025	0.0989	0.8126	0.7122	0.1359	0.1082	0.1005	0.0957	0.0939	0.0935	0.7751	0.1602	0.1131	0.1011	0.0954	0.0930	0.0924	0.0919	0.6289	0.1095	0.0993	0.0945	0.0936	0.0928	0.0916	0.0917	0.2203	0.1020	0.0957	0.0924	0.0918	0.0912	0.0911	0.0913	0.1440	0.0989	0.0946	0.0926	0.0911	0.0906	0.0902	0.0908	0.1182	0.0964	0.0928	0.0911	0.0915	0.0905	0.0907	0.0911	
0.7975	0.7949	0.7549	0.7398	0.7042	0.4588	0.3328	0.2376	0.8141	0.8189	0.7513	0.4214	0.1670	0.1124	0.1023	0.0977	0.8128	0.7098	0.1361	0.1074	0.0999	0.0952	0.0942	0.0940	0.7726	0.1617	0.1125	0.1003	0.0946	0.0925	0.0920	0.0917	0.6399	0.1085	0.0981	0.0936	0.0929	0.0924	0.0912	0.0911	0.2164	0.1014	0.0959	0.0922	0.0919	0.0910	0.0909	0.0916	0.1439	0.0987	0.0936	0.0922	0.0909	0.0902	0.0901	0.0907	0.1181	0.0956	0.0926	0.0910	0.0920	0.0904	0.0899	0.0909	
0.8099	0.7964	0.7682	0.7351	0.7005	0.4673	0.3441	0.2385	0.8175	0.8238	0.7632	0.4348	0.1690	0.1126	0.1025	0.0982	0.8210	0.7120	0.1353	0.1082	0.1004	0.0960	0.0940	0.0933	0.7785	0.1628	0.1129	0.1001	0.0951	0.0930	0.0920	0.0926	0.6530	0.1081	0.0980	0.0942	0.0928	0.0927	0.0916	0.0913	0.2229	0.1017	0.0960	0.0921	0.0916	0.0911	0.0911	0.0914	0.1444	0.0991	0.0939	0.0918	0.0907	0.0900	0.0903	0.0902	0.1190	0.0959	0.0931	0.0909	0.0916	0.0906	0.0899	0.0913	
0.8062	0.7980	0.7694	0.7393	0.7006	0.4782	0.3546	0.2456	0.8181	0.8244	0.7580	0.4468	0.1676	0.1120	0.1025	0.0974	0.8263	0.7139	0.1354	0.1082	0.0996	0.0947	0.0942	0.0938	0.7837	0.1624	0.1129	0.1004	0.0948	0.0928	0.0917	0.0920	0.6547	0.1083	0.0985	0.0937	0.0930	0.0925	0.0915	0.0914	0.2243	0.1018	0.0954	0.0919	0.0918	0.0907	0.0906	0.0914	0.1458	0.0983	0.0935	0.0923	0.0909	0.0899	0.0897	0.0904	0.1177	0.0963	0.0930	0.0910	0.0915	0.0908	0.0897	0.0908	
0.8222	0.7984	0.7714	0.7356	0.6958	0.4955	0.3696	0.2460	0.8292	0.8273	0.7669	0.4536	0.1679	0.1123	0.1027	0.0976	0.8264	0.7165	0.1364	0.1073	0.0994	0.0951	0.0942	0.0939	0.7874	0.1635	0.1127	0.1005	0.0948	0.0928	0.0922	0.0916	0.6568	0.1092	0.0981	0.0936	0.0927	0.0922	0.0914	0.0910	0.2269	0.1016	0.0954	0.0919	0.0918	0.0912	0.0908	0.0910	0.1459	0.0982	0.0935	0.0925	0.0909	0.0902	0.0899	0.0905	0.1180	0.0954	0.0929	0.0910	0.0914	0.0906	0.0899	0.0907	
0.8225	0.8064	0.7731	0.7356	0.6935	0.5067	0.3678	0.2487	0.8246	0.8330	0.7736	0.4626	0.1686	0.1127	0.1027	0.0983	0.8316	0.7189	0.1362	0.1081	0.1000	0.0950	0.0939	0.0932	0.7920	0.1636	0.1135	0.1000	0.0955	0.0932	0.0925	0.0921	0.6559	0.1085	0.0982	0.0936	0.0927	0.0927	0.0915	0.0914	0.2282	0.1017	0.0957	0.0919	0.0917	0.0912	0.0909	0.0916	0.1459	0.0992	0.0933	0.0926	0.0908	0.0901	0.0899	0.0908	0.1179	0.0962	0.0925	0.0915	0.0915	0.0907	0.0902	0.0910	
0.8235	0.8010	0.7756	0.7372	0.6998	0.5176	0.3785	0.2564	0.8326	0.8357	0.7671	0.4731	0.1713	0.1117	0.1018	0.0973	0.8371	0.7166	0.1356	0.1079	0.1005	0.0950	0.0937	0.0935	0.7996	0.1633	0.1136	0.1008	0.0950	0.0923	0.0923	0.0919	0.6570	0.1088	0.0985	0.0940	0.0930	0.0925	0.0917	0.0914	0.2329	0.1017	0.0960	0.0924	0.0918	0.0907	0.0912	0.0909	0.1473	0.0985	0.0934	0.0918	0.0911	0.0902	0.0899	0.0906	0.1190	0.0956	0.0929	0.0912	0.0918	0.0912	0.0895	0.0908	
0.8295	0.8009	0.7797	0.7360	0.6946	0.5305	0.3909	0.2579	0.8362	0.8302	0.7721	0.4838	0.1688	0.1132	0.1028	0.0970	0.8408	0.7184	0.1368	0.1083	0.1004	0.0946	0.0936	0.0932	0.8006	0.1638	0.1129	0.1001	0.0954	0.0926	0.0915	0.0914	0.6585	0.1083	0.0978	0.0938	0.0927	0.0923	0.0915	0.0911	0.2300	0.1015	0.0956	0.0920	0.0919	0.0907	0.0904	0.0910	0.1463	0.0987	0.0940	0.0917	0.0908	0.0900	0.0900	0.0908	0.1178	0.0957	0.0924	0.0907	0.0913	0.0909	0.0897	0.0906	
0.8287	0.8004	0.7726	0.7404	0.6969	0.5356	0.3969	0.2627	0.8373	0.8364	0.7678	0.4975	0.1698	0.1122	0.1018	0.0976	0.8436	0.7227	0.1357	0.1082	0.1004	0.0951	0.0934	0.0937	0.8037	0.1646	0.1129	0.1004	0.0949	0.0926	0.0918	0.0921	0.6643	0.1081	0.0989	0.0940	0.0928	0.0923	0.0912	0.0909	0.2340	0.1023	0.0954	0.0920	0.0920	0.0907	0.0910	0.0908	0.1454	0.0985	0.0932	0.0920	0.0909	0.0901	0.0904	0.0903	0.1183	0.0960	0.0927	0.0913	0.0917	0.0903	0.0899	0.0909	
0.8319	0.8009	0.7760	0.7376	0.6998	0.5475	0.4095	0.2676	0.8461	0.8392	0.7717	0.5041	0.1733	0.1143	0.1043	0.0974	0.8484	0.7272	0.1354	0.1082	0.1004	0.0963	0.0946	0.0934	0.8074	0.1648	0.1129	0.1008	0.0948	0.0940	0.0931	0.0919	0.6597	0.1080	0.0976	0.0934	0.0931	0.0934	0.0929	0.0911	0.2313	0.1014	0.0954	0.0917	0.0918	0.0914	0.0914	0.0913	0.1461	0.0984	0.0935	0.0921	0.0910	0.0899	0.0912	0.0907	0.1174	0.0957	0.0926	0.0913	0.0915	0.0906	0.0907	0.0914	
