0.0895	0.0877	0.0889	0.0908	0.0874	0.0992	0.0975	0.1025	0.0982	0.0932	0.0908	0.0987	0.0930	0.0885	0.0981	0.1041	0.0920	0.0907	0.0910	0.0951	0.0910	0.0914	0.0932	0.1005	0.1053	0.0905	0.0914	0.0924	0.0981	0.0986	0.0927	0.1054	0.0897	0.0898	0.0900	0.0917	0.0916	0.0968	0.0962	0.1021	0.0950	0.0911	0.0913	0.0902	0.0934	0.1030	0.0958	0.1009	0.0928	0.0893	0.0887	0.0896	0.0899	0.0883	0.0931	0.1035	0.1003	0.0972	0.0944	0.0916	0.0921	0.0931	0.1022	0.0991	
0.0892	0.0889	0.0881	0.0881	0.0892	0.0957	0.0978	0.1061	0.0895	0.0925	0.0890	0.1022	0.0899	0.0884	0.0961	0.1026	0.0907	0.0904	0.0909	0.0942	0.0896	0.0916	0.0948	0.1050	0.0884	0.0888	0.0899	0.0937	0.0975	0.0954	0.0911	0.1069	0.0894	0.0895	0.0919	0.0916	0.0930	0.0970	0.0977	0.1048	0.0903	0.0907	0.0896	0.0890	0.0910	0.0962	0.0947	0.1014	0.0923	0.0904	0.0889	0.0893	0.0917	0.0887	0.0940	0.1038	0.0897	0.0905	0.0903	0.0901	0.0906	0.0900	0.0959	0.0994	
0.0876	0.0862	0.0893	0.0867	0.0845	0.0971	0.0938	0.1070	0.0932	0.0877	0.0883	0.0949	0.0910	0.0881	0.0946	0.1110	0.0882	0.0899	0.0876	0.0926	0.0916	0.0916	0.0968	0.1023	0.0886	0.0885	0.0904	0.0916	0.0977	0.0966	0.0909	0.1056	0.0873	0.0867	0.0866	0.0884	0.0900	0.0975	0.0961	0.1054	0.0889	0.0908	0.0898	0.0881	0.0897	0.0911	0.0919	0.1032	0.0884	0.0872	0.0864	0.0857	0.0879	0.0855	0.0941	0.1023	0.0872	0.0863	0.0859	0.0884	0.0895	0.0933	0.0905	0.0962	
0.0939	0.0895	0.0890	0.0890	0.0903	0.0985	0.0989	0.1078	0.0898	0.0904	0.0889	0.0964	0.0930	0.0896	0.0977	0.1055	0.0918	0.0904	0.0906	0.0949	0.0938	0.0938	0.0965	0.1074	0.0918	0.0901	0.0907	0.0926	0.1002	0.0966	0.0914	0.1111	0.0910	0.0943	0.0901	0.0921	0.0923	0.0987	0.1009	0.1060	0.0915	0.0904	0.0890	0.0909	0.0967	0.0978	0.0971	0.1039	0.0936	0.0917	0.0923	0.0894	0.0906	0.0901	0.0972	0.1066	0.0907	0.0900	0.0897	0.0913	0.0894	0.0929	0.0944	0.1004	
0.0880	0.0855	0.0883	0.0895	0.0908	0.0954	0.0977	0.1065	0.0885	0.0900	0.0878	0.0942	0.0890	0.0889	0.0925	0.1042	0.0864	0.0883	0.0895	0.0920	0.0889	0.0894	0.0930	0.1066	0.0859	0.0868	0.0880	0.0903	0.0956	0.0953	0.0910	0.1066	0.0875	0.0880	0.0878	0.0903	0.0890	0.0952	0.0983	0.1115	0.0875	0.0895	0.0882	0.0878	0.0896	0.0940	0.0947	0.1002	0.0911	0.0868	0.0867	0.0873	0.0901	0.0869	0.0957	0.1057	0.0901	0.0879	0.0873	0.0878	0.0870	0.0906	0.0923	0.0958	
0.0897	0.0850	0.0867	0.0865	0.0865	0.0940	0.0973	0.1053	0.0862	0.0912	0.0877	0.0934	0.0880	0.0879	0.0930	0.1017	0.0879	0.0852	0.0869	0.0928	0.0892	0.0887	0.0927	0.1027	0.0873	0.0865	0.0885	0.0896	0.0948	0.0961	0.0878	0.1045	0.0870	0.0869	0.0889	0.0885	0.0883	0.0929	0.0952	0.1031	0.0887	0.0873	0.0857	0.0888	0.0913	0.0936	0.0931	0.1010	0.0895	0.0858	0.0853	0.0870	0.0893	0.0862	0.0970	0.1045	0.0879	0.0914	0.0877	0.0870	0.0871	0.0894	0.0902	0.0982	
0.0900	0.0880	0.0914	0.0879	0.0890	0.0969	0.0977	0.1067	0.0899	0.0905	0.0889	0.0945	0.0905	0.0888	0.0954	0.1051	0.0890	0.0889	0.0896	0.0936	0.0920	0.0929	0.1012	0.1076	0.0886	0.0888	0.0907	0.0918	0.1005	0.0990	0.0957	0.1088	0.0906	0.0899	0.0899	0.0927	0.0918	0.0970	0.0989	0.1049	0.0906	0.0897	0.0881	0.0900	0.0939	0.0954	0.0958	0.1018	0.0943	0.0873	0.0894	0.0920	0.0907	0.0909	0.0966	0.1066	0.0911	0.0918	0.0924	0.0968	0.0921	0.0941	0.0939	0.1020	
0.0908	0.0864	0.0888	0.0890	0.0888	0.0949	0.0979	0.1053	0.0954	0.0917	0.0883	0.0944	0.0912	0.0899	0.0983	0.1029	0.0891	0.0914	0.0911	0.0948	0.0914	0.0918	0.0944	0.1079	0.0886	0.0878	0.0915	0.0923	0.0978	0.0967	0.0923	0.1094	0.0905	0.0884	0.0883	0.0911	0.0907	0.0967	0.0983	0.1047	0.0903	0.0899	0.0862	0.0892	0.0911	0.0961	0.0969	0.1033	0.0935	0.0886	0.0873	0.0890	0.0901	0.0893	0.0934	0.1054	0.0898	0.0889	0.0885	0.0887	0.0888	0.0914	0.0911	0.0991	
0.0910	0.0880	0.0886	0.0872	0.0896	0.0974	0.0986	0.1063	0.0906	0.0909	0.0904	0.0954	0.0915	0.0893	0.0941	0.1049	0.0882	0.0884	0.0889	0.0945	0.0912	0.0897	0.0950	0.1055	0.0893	0.0881	0.0885	0.0910	0.0966	0.0954	0.0903	0.1075	0.0881	0.0878	0.0884	0.0910	0.0902	0.0949	0.0958	0.1197	0.0899	0.0895	0.0859	0.0894	0.0904	0.0949	0.0960	0.0999	0.0927	0.0877	0.0848	0.0872	0.0890	0.0859	0.0951	0.1031	0.0872	0.0882	0.0874	0.0920	0.0898	0.0922	0.0918	0.0992	
0.0911	0.0892	0.0868	0.0882	0.0894	0.0963	0.0967	0.1063	0.0908	0.0903	0.0895	0.0953	0.0908	0.0898	0.0942	0.1046	0.0891	0.0890	0.0881	0.0972	0.0916	0.0919	0.0959	0.1079	0.0884	0.0884	0.0903	0.0926	0.0985	0.0964	0.0913	0.1093	0.0872	0.0884	0.0881	0.0903	0.0911	0.0951	0.0975	0.1060	0.0888	0.0882	0.0867	0.0905	0.0920	0.0960	0.0950	0.1015	0.0918	0.0862	0.0880	0.0860	0.0897	0.0886	0.0947	0.1044	0.0908	0.0878	0.0874	0.0884	0.0878	0.0909	0.0900	0.0970	
0.0926	0.0904	0.0894	0.0892	0.0909	0.1024	0.0965	0.1061	0.0888	0.0911	0.0911	0.0969	0.0911	0.0905	0.0936	0.1030	0.0905	0.0911	0.0907	0.0944	0.0895	0.0906	0.0945	0.1058	0.0884	0.0902	0.0889	0.0944	0.0978	0.0970	0.0921	0.1066	0.0901	0.0903	0.0897	0.0905	0.0913	0.0955	0.0958	0.1059	0.0915	0.0911	0.0865	0.0889	0.0918	0.0948	0.0947	0.1035	0.0923	0.0875	0.0907	0.0920	0.0939	0.0932	0.0993	0.1078	0.0915	0.0933	0.0916	0.0930	0.0932	0.0935	0.0946	0.1015	
0.0917	0.0887	0.0885	0.0873	0.0895	0.0987	0.0973	0.1049	0.0869	0.0921	0.0878	0.0964	0.0904	0.0890	0.0945	0.1037	0.0877	0.0874	0.0901	0.0936	0.0882	0.0882	0.0950	0.1015	0.0841	0.0852	0.0851	0.0883	0.0931	0.0909	0.0882	0.1046	0.0860	0.0860	0.0850	0.0884	0.0869	0.0924	0.0937	0.0992	0.0865	0.0849	0.0838	0.0880	0.0873	0.0946	0.0899	0.0962	0.0875	0.0841	0.0845	0.0838	0.0856	0.0848	0.0908	0.1010	0.0850	0.0853	0.0851	0.0846	0.0851	0.0869	0.0888	0.0948	
0.0909	0.0884	0.0902	0.0904	0.0895	0.0968	0.0987	0.1077	0.0898	0.0936	0.0897	0.0958	0.0927	0.0922	0.0929	0.1050	0.0899	0.0884	0.0895	0.0960	0.0935	0.0906	0.0952	0.1062	0.0879	0.0878	0.0905	0.0934	0.0968	0.0981	0.0894	0.1064	0.0888	0.0953	0.0890	0.0909	0.0899	0.0954	0.0976	0.1052	0.0926	0.0884	0.0877	0.0886	0.0905	0.0959	0.0934	0.0995	0.0957	0.0865	0.0866	0.0882	0.0888	0.0877	0.0943	0.1040	0.0899	0.0891	0.0884	0.0886	0.0892	0.0915	0.0914	0.0980	
0.0941	0.0910	0.0917	0.0911	0.0893	0.0987	0.0979	0.1063	0.0899	0.0911	0.0921	0.0978	0.0905	0.0905	0.0931	0.1043	0.0901	0.0895	0.0914	0.0956	0.0919	0.0924	0.0962	0.1120	0.0905	0.0914	0.0926	0.0924	0.1013	0.0958	0.0914	0.1064	0.0899	0.0887	0.0896	0.0910	0.0905	0.0999	0.0980	0.1031	0.0911	0.0888	0.0868	0.0884	0.0904	0.0951	0.0949	0.1003	0.0959	0.0928	0.0910	0.0900	0.0919	0.0911	0.0965	0.1059	0.0910	0.0903	0.0898	0.0893	0.0902	0.0919	0.0947	0.0987	
0.0921	0.0892	0.0897	0.0899	0.0903	0.0973	0.0985	0.1049	0.0965	0.0919	0.0902	0.0956	0.0917	0.0898	0.0946	0.1038	0.0897	0.0902	0.0915	0.0952	0.0923	0.0917	0.0973	0.1057	0.0892	0.0891	0.0910	0.0933	0.0990	0.0982	0.0936	0.1075	0.0923	0.0896	0.0901	0.0920	0.0922	0.0972	0.0992	0.1040	0.0912	0.0902	0.0887	0.0905	0.0933	0.0959	0.0964	0.1054	0.0924	0.0894	0.0896	0.0897	0.0900	0.0912	0.0986	0.1063	0.0914	0.0918	0.0885	0.0908	0.0900	0.0906	0.0920	0.0981	
0.0907	0.0891	0.0915	0.0921	0.0894	0.0973	0.0989	0.1064	0.0912	0.0920	0.0895	0.0945	0.0942	0.0922	0.0931	0.1046	0.0903	0.0886	0.0897	0.0946	0.0931	0.0911	0.0937	0.1051	0.0891	0.0892	0.0893	0.0909	0.1007	0.0974	0.0914	0.1064	0.0909	0.0892	0.0897	0.0927	0.0941	0.0983	0.0995	0.1026	0.0926	0.0931	0.0869	0.0921	0.0930	0.0968	0.0948	0.0995	0.0946	0.0898	0.0886	0.0901	0.0919	0.0898	0.0928	0.1025	0.0880	0.0869	0.0873	0.0887	0.0877	0.0906	0.0910	0.0952	
0.0944	0.0911	0.0932	0.0916	0.0917	0.0995	0.0992	0.1065	0.0932	0.0940	0.0915	0.0964	0.0936	0.0911	0.0932	0.1042	0.0914	0.0919	0.0925	0.0963	0.0929	0.0936	0.0976	0.1093	0.0916	0.0919	0.0943	0.0949	0.1002	0.0983	0.0930	0.1084	0.0921	0.0925	0.0918	0.0937	0.0960	0.0994	0.0991	0.1063	0.0969	0.0926	0.0909	0.0928	0.0939	0.0980	0.0969	0.1045	0.0958	0.0916	0.0910	0.0929	0.0928	0.0913	0.0986	0.1072	0.0936	0.0934	0.0918	0.0922	0.0936	0.0927	0.0939	0.1006	
0.0965	0.0935	0.0928	0.0925	0.0916	0.0998	0.1019	0.1067	0.0963	0.0949	0.0945	0.0974	0.0938	0.0929	0.0963	0.1067	0.0942	0.0951	0.0945	0.0977	0.0955	0.0936	0.0979	0.1088	0.0930	0.0933	0.0964	0.0950	0.1005	0.0999	0.0954	0.1082	0.0951	0.0936	0.0948	0.0961	0.0953	0.1017	0.1029	0.1061	0.0943	0.0948	0.0928	0.0925	0.0953	0.0996	0.1000	0.1036	0.0982	0.0916	0.0917	0.0946	0.0925	0.0924	0.0988	0.1070	0.0932	0.0942	0.0921	0.0932	0.0933	0.0961	0.0949	0.1030	
0.0889	0.0892	0.0912	0.0866	0.0874	0.0949	0.0926	0.0994	0.0902	0.0933	0.0889	0.0935	0.0913	0.0880	0.0914	0.0988	0.0869	0.0860	0.0869	0.0906	0.0871	0.0874	0.0916	0.1045	0.0866	0.0874	0.0872	0.0913	0.0952	0.0918	0.0894	0.1026	0.0864	0.0863	0.0870	0.0863	0.0880	0.0941	0.0928	0.0986	0.0890	0.0878	0.0845	0.0870	0.0890	0.0925	0.0902	0.0982	0.0914	0.0849	0.0844	0.0854	0.0861	0.0865	0.0898	0.1000	0.0884	0.0864	0.0859	0.0857	0.0860	0.0876	0.0880	0.0958	
0.0946	0.0928	0.0925	0.0917	0.0936	0.0986	0.0989	0.1047	0.0938	0.0944	0.0924	0.0983	0.0917	0.0920	0.0932	0.1034	0.0923	0.0909	0.0930	0.0956	0.0947	0.0938	0.0985	0.1073	0.0923	0.0975	0.0931	0.0944	0.0994	0.0980	0.0915	0.1113	0.0935	0.0920	0.0904	0.0924	0.0916	0.0993	0.0963	0.1048	0.0966	0.0923	0.0905	0.0908	0.0932	0.0981	0.0979	0.1041	0.0944	0.0914	0.0897	0.0914	0.0939	0.0901	0.0962	0.1066	0.0935	0.0929	0.0914	0.0911	0.0904	0.0942	0.0947	0.0987	
0.0947	0.0947	0.0911	0.0909	0.0916	0.0988	0.0982	0.1048	0.0938	0.0934	0.0904	0.1012	0.0948	0.0928	0.0954	0.1027	0.0945	0.0968	0.0926	0.0966	0.0950	0.0931	0.0966	0.1065	0.0936	0.0893	0.0922	0.0957	0.1010	0.0967	0.0935	0.1069	0.0903	0.0913	0.0919	0.0931	0.0920	0.0990	0.0977	0.1039	0.0959	0.0910	0.0930	0.0917	0.0948	0.0964	0.0986	0.1036	0.0954	0.0902	0.0932	0.0899	0.0919	0.0897	0.0956	0.1060	0.0923	0.0937	0.0918	0.0918	0.0911	0.0915	0.0904	0.0982	
0.0966	0.0928	0.0925	0.0920	0.0926	0.0989	0.0982	0.1054	0.0986	0.0948	0.0930	0.0990	0.0941	0.0929	0.0953	0.1010	0.0941	0.0932	0.0941	0.0960	0.0939	0.0938	0.0981	0.1053	0.0937	0.0924	0.0937	0.0982	0.0989	0.0985	0.0939	0.1077	0.0955	0.0935	0.0935	0.0947	0.0924	0.1009	0.1004	0.1042	0.0950	0.0946	0.0911	0.0924	0.0945	0.0969	0.0964	0.1031	0.0964	0.0912	0.0909	0.0915	0.0921	0.0902	0.0939	0.1058	0.0945	0.0930	0.0926	0.0917	0.0904	0.0951	0.0908	0.1000	
0.0957	0.0925	0.0929	0.0918	0.0922	0.0983	0.0978	0.1041	0.0952	0.0937	0.0935	0.0983	0.0942	0.0923	0.0927	0.1070	0.0902	0.0901	0.0897	0.0925	0.0896	0.0914	0.0919	0.1024	0.0970	0.0957	0.0969	0.0998	0.1009	0.0945	0.0921	0.1073	0.0941	0.0942	0.0896	0.0947	0.0933	0.0999	0.0991	0.1052	0.0955	0.0937	0.0913	0.0930	0.0944	0.0979	0.0968	0.1039	0.0971	0.0930	0.0913	0.0922	0.0932	0.0917	0.1046	0.1048	0.0945	0.0934	0.0901	0.0932	0.0902	0.0966	0.0969	0.1000	
0.0971	0.0941	0.0926	0.0943	0.0942	0.0995	0.0990	0.1049	0.0957	0.0965	0.0951	0.1002	0.0934	0.0933	0.0948	0.1020	0.0951	0.0923	0.0935	0.0977	0.0922	0.0941	0.0966	0.1067	0.0931	0.0923	0.0934	0.0941	0.0985	0.0964	0.0932	0.1065	0.0931	0.0916	0.0919	0.0945	0.0968	0.1014	0.0970	0.1127	0.0952	0.0915	0.0890	0.0928	0.0939	0.0979	0.0967	0.1005	0.0963	0.0888	0.0880	0.0917	0.0935	0.0908	0.0964	0.1036	0.0936	0.0927	0.0907	0.0909	0.0891	0.0914	0.0910	0.0978	
0.0966	0.0925	0.0940	0.0922	0.0951	0.1011	0.0979	0.1061	0.0963	0.0962	0.0936	0.1056	0.0945	0.0910	0.0951	0.1028	0.0935	0.0904	0.0938	0.0972	0.0927	0.0913	0.0941	0.1069	0.0943	0.0914	0.0938	0.0947	0.0999	0.0987	0.0926	0.1052	0.0941	0.0913	0.0939	0.0948	0.0937	0.0981	0.0979	0.1014	0.0957	0.0921	0.0907	0.0928	0.0927	0.0966	0.0971	0.1004	0.0960	0.0953	0.0898	0.0897	0.0909	0.0888	0.0949	0.1037	0.0944	0.0925	0.0911	0.0898	0.0898	0.0900	0.0903	0.0987	
0.0990	0.0970	0.0962	0.0956	0.0953	0.1015	0.0993	0.1079	0.1007	0.0983	0.0957	0.1000	0.0970	0.0941	0.0960	0.1045	0.0964	0.0963	0.0944	0.0982	0.0945	0.0939	0.0970	0.1088	0.0959	0.0959	0.0977	0.0989	0.1044	0.1005	0.0968	0.1104	0.0988	0.0931	0.0969	0.0969	0.0982	0.1008	0.0991	0.1095	0.0999	0.0954	0.0902	0.0909	0.0938	0.0972	0.1009	0.1038	0.0972	0.0913	0.0907	0.0914	0.0937	0.0912	0.0946	0.1040	0.0946	0.0918	0.0914	0.0906	0.0903	0.0911	0.0942	0.0977	
0.0992	0.0946	0.0934	0.0927	0.0936	0.0997	0.0989	0.1005	0.0975	0.0947	0.0943	0.0987	0.0942	0.0897	0.0956	0.1007	0.0962	0.0922	0.0932	0.0975	0.0949	0.0945	0.0965	0.1037	0.0982	0.0923	0.0942	0.0943	0.0997	0.0961	0.0911	0.1055	0.0954	0.0933	0.0916	0.0942	0.0932	0.0967	0.0956	0.1082	0.0955	0.0946	0.0897	0.0902	0.0918	0.0952	0.0946	0.0994	0.0966	0.0909	0.0904	0.0911	0.0907	0.0889	0.0906	0.1024	0.0926	0.0921	0.0912	0.0895	0.0907	0.0900	0.0906	0.0959	
0.0995	0.0954	0.0932	0.0929	0.0955	0.1009	0.1000	0.1051	0.1006	0.0993	0.0963	0.0998	0.0953	0.0902	0.0936	0.1024	0.0955	0.0977	0.0955	0.0983	0.1014	0.0906	0.0926	0.1050	0.0936	0.0931	0.0991	0.0967	0.1011	0.0971	0.0932	0.1036	0.0945	0.0914	0.0952	0.0949	0.0912	0.0957	0.0930	0.1023	0.0961	0.0940	0.0888	0.0922	0.0929	0.0934	0.0930	0.1019	0.0997	0.0893	0.0935	0.0904	0.0915	0.0894	0.0935	0.1031	0.0953	0.0927	0.0898	0.0900	0.0887	0.0918	0.0951	0.0980	
0.1028	0.0991	0.0986	0.0961	0.0957	0.1025	0.0978	0.1017	0.1042	0.0988	0.0960	0.0997	0.0960	0.0919	0.0986	0.1047	0.0996	0.0967	0.0965	0.1008	0.0957	0.0952	0.0987	0.1072	0.0981	0.0964	0.0978	0.0976	0.1039	0.0995	0.0942	0.1059	0.0995	0.0962	0.0954	0.0984	0.0974	0.0997	0.0980	0.1041	0.1000	0.0972	0.0912	0.0921	0.0965	0.0961	0.0963	0.1026	0.1000	0.0911	0.0915	0.0933	0.0945	0.0902	0.0937	0.1048	0.0965	0.0950	0.0937	0.0915	0.0899	0.0925	0.0927	0.0985	
0.1049	0.0992	0.0987	0.0981	0.0968	0.1034	0.1018	0.1056	0.1025	0.1012	0.0988	0.1035	0.0986	0.0944	0.0965	0.1041	0.0991	0.0950	0.0959	0.1026	0.0983	0.0974	0.0996	0.1068	0.0998	0.0974	0.0989	0.1008	0.1036	0.0959	0.0956	0.1072	0.0984	0.0957	0.0921	0.0982	0.0950	0.0962	0.0986	0.1047	0.0985	0.0955	0.0958	0.0941	0.0943	0.0991	0.0985	0.1029	0.1037	0.0937	0.0910	0.0912	0.0969	0.0925	0.0953	0.1058	0.0960	0.0943	0.0918	0.0908	0.0899	0.0936	0.0910	0.0977	
0.1069	0.0997	0.0998	0.0996	0.0972	0.1040	0.0992	0.1065	0.1064	0.1025	0.0978	0.1031	0.0981	0.0949	0.0964	0.1038	0.1033	0.0978	0.0959	0.0998	0.0972	0.0962	0.0964	0.1077	0.1002	0.0979	0.0945	0.1009	0.1064	0.1005	0.0962	0.1091	0.1037	0.0941	0.0954	0.0951	0.0936	0.0993	0.0967	0.1034	0.1003	0.0971	0.0956	0.0955	0.0971	0.0982	0.0963	0.1025	0.1006	0.0938	0.0930	0.0946	0.0953	0.0911	0.0935	0.1044	0.1001	0.0949	0.0942	0.0938	0.0927	0.0913	0.0914	0.0970	
0.1094	0.1045	0.1007	0.0993	0.0978	0.1054	0.1005	0.1053	0.1096	0.1050	0.1018	0.1081	0.1002	0.0975	0.0982	0.1051	0.1080	0.1008	0.0989	0.1039	0.0981	0.0959	0.1004	0.1085	0.1068	0.1011	0.1003	0.1027	0.1075	0.1011	0.0980	0.1095	0.1050	0.0977	0.0962	0.1010	0.1014	0.1017	0.1008	0.1062	0.1076	0.0999	0.0955	0.1002	0.0971	0.1020	0.0988	0.1037	0.1070	0.1001	0.0955	0.0945	0.0975	0.0931	0.0965	0.1061	0.1056	0.0980	0.0955	0.0941	0.0939	0.0954	0.0933	0.0996	
0.1132	0.1052	0.1029	0.1000	0.1015	0.1053	0.1012	0.1054	0.1189	0.1058	0.1013	0.1073	0.1010	0.0956	0.0971	0.1044	0.1075	0.1029	0.1010	0.1045	0.0990	0.0970	0.0982	0.1061	0.1100	0.1011	0.1005	0.1009	0.1066	0.1031	0.0982	0.1088	0.1095	0.0988	0.0994	0.0983	0.0989	0.0995	0.0983	0.1054	0.1066	0.0990	0.0969	0.0982	0.0977	0.1012	0.0965	0.1006	0.1100	0.0957	0.0937	0.0952	0.0926	0.0915	0.0939	0.1041	0.1012	0.0946	0.0947	0.0934	0.0920	0.0921	0.0923	0.0978	
0.1173	0.1058	0.1058	0.1010	0.1035	0.1052	0.1007	0.1060	0.1165	0.1082	0.1049	0.1073	0.1015	0.0974	0.0961	0.1031	0.1108	0.1046	0.1032	0.1078	0.1021	0.0965	0.1003	0.1070	0.1128	0.1036	0.1043	0.1043	0.1107	0.1029	0.1004	0.1121	0.1107	0.1027	0.1028	0.1022	0.1024	0.1025	0.1042	0.1247	0.1133	0.1026	0.1001	0.1021	0.0985	0.1036	0.1005	0.1059	0.1096	0.0989	0.0983	0.0999	0.0968	0.0957	0.0976	0.1094	0.1086	0.0998	0.0995	0.0984	0.0973	0.0985	0.0961	0.1022	
0.1196	0.1091	0.1064	0.1050	0.1041	0.1077	0.1023	0.1056	0.1192	0.1087	0.1068	0.1088	0.1086	0.0956	0.0966	0.1042	0.1146	0.1055	0.1033	0.1068	0.1038	0.1001	0.1003	0.1074	0.1139	0.1040	0.1008	0.1040	0.1094	0.1019	0.0992	0.1099	0.1122	0.1030	0.1006	0.1028	0.1003	0.1033	0.1014	0.1053	0.1114	0.1018	0.0997	0.0963	0.0992	0.1015	0.0989	0.1052	0.1115	0.1000	0.0956	0.0961	0.0976	0.0921	0.0981	0.1061	0.1065	0.0976	0.0983	0.0978	0.0943	0.0941	0.0946	0.1004	
0.1255	0.1151	0.1100	0.1078	0.1068	0.1100	0.1042	0.1063	0.1221	0.1133	0.1076	0.1121	0.1059	0.1023	0.1003	0.1121	0.1177	0.1086	0.1045	0.1066	0.1025	0.0982	0.0964	0.1062	0.1188	0.1061	0.1030	0.1068	0.1098	0.1015	0.0977	0.1076	0.1148	0.1016	0.1019	0.1020	0.0999	0.1031	0.1019	0.1151	0.1153	0.1052	0.1015	0.0997	0.0994	0.1005	0.0989	0.1043	0.1128	0.0999	0.0968	0.0982	0.0961	0.0943	0.0959	0.1092	0.1107	0.1007	0.0972	0.0964	0.0965	0.0951	0.0960	0.0985	
0.1304	0.1163	0.1117	0.1089	0.1075	0.1123	0.1067	0.1105	0.1265	0.1157	0.1121	0.1132	0.1070	0.1006	0.0993	0.1068	0.1234	0.1136	0.1082	0.1123	0.1037	0.1023	0.1015	0.1124	0.1197	0.1109	0.1094	0.1089	0.1130	0.1066	0.0992	0.1108	0.1210	0.1065	0.1049	0.1048	0.1030	0.1051	0.1028	0.1084	0.1193	0.1075	0.1016	0.1012	0.1015	0.1022	0.1013	0.1053	0.1189	0.1037	0.0995	0.0995	0.1120	0.0957	0.0973	0.1095	0.1114	0.1041	0.0996	0.0979	0.0966	0.0976	0.0958	0.1015	
0.1357	0.1173	0.1147	0.1096	0.1068	0.1109	0.1029	0.1075	0.1315	0.1160	0.1096	0.1138	0.1069	0.1001	0.0982	0.1055	0.1258	0.1135	0.1097	0.1127	0.1061	0.1024	0.1020	0.1102	0.1264	0.1130	0.1095	0.1080	0.1140	0.1046	0.1013	0.1095	0.1225	0.1089	0.1045	0.1076	0.1051	0.1053	0.1039	0.1083	0.1275	0.1082	0.1021	0.1023	0.1027	0.1055	0.1015	0.1060	0.1196	0.1054	0.1005	0.0997	0.0988	0.0965	0.0992	0.1112	0.1155	0.1033	0.0993	0.1002	0.0974	0.0983	0.0969	0.1043	
0.1399	0.1221	0.1137	0.1098	0.1064	0.1156	0.1055	0.1058	0.1343	0.1192	0.1130	0.1139	0.1057	0.1011	0.0977	0.1035	0.1313	0.1144	0.1070	0.1128	0.1061	0.0991	0.1013	0.1067	0.1311	0.1127	0.1108	0.1108	0.1134	0.1061	0.0991	0.1107	0.1245	0.1085	0.1051	0.1053	0.1045	0.1015	0.1000	0.1064	0.1219	0.1070	0.0999	0.1015	0.1042	0.1026	0.0994	0.1055	0.1263	0.1026	0.0968	0.0972	0.0968	0.0949	0.0969	0.1075	0.1124	0.1006	0.1002	0.0954	0.0934	0.0979	0.0954	0.0986	
0.1491	0.1288	0.1223	0.1158	0.1133	0.1147	0.1074	0.1089	0.1458	0.1242	0.1173	0.1182	0.1113	0.1062	0.1021	0.1081	0.1376	0.1197	0.1128	0.1166	0.1115	0.1050	0.1052	0.1122	0.1340	0.1177	0.1147	0.1148	0.1167	0.1080	0.1025	0.1095	0.1304	0.1139	0.1067	0.1082	0.1069	0.1051	0.1037	0.1098	0.1286	0.1135	0.1054	0.1045	0.1018	0.1043	0.1020	0.1073	0.1274	0.1126	0.1011	0.1000	0.1005	0.0997	0.0975	0.1079	0.1207	0.1039	0.1002	0.0982	0.0986	0.0982	0.0967	0.1028	
0.1546	0.1307	0.1218	0.1173	0.1145	0.1163	0.1080	0.1090	0.1496	0.1295	0.1194	0.1215	0.1135	0.1060	0.1024	0.1088	0.1436	0.1228	0.1187	0.1171	0.1110	0.1060	0.1058	0.1126	0.1427	0.1174	0.1141	0.1131	0.1143	0.1083	0.1036	0.1106	0.1388	0.1156	0.1095	0.1126	0.1073	0.1075	0.1048	0.1064	0.1356	0.1144	0.1071	0.1094	0.1041	0.1033	0.1018	0.1063	0.1303	0.1081	0.1039	0.1038	0.1001	0.0969	0.0998	0.1107	0.1233	0.1067	0.1024	0.1013	0.0976	0.0990	0.0970	0.1038	
0.1659	0.1404	0.1286	0.1246	0.1195	0.1156	0.1082	0.1097	0.1594	0.1347	0.1224	0.1260	0.1188	0.1074	0.1057	0.1093	0.1512	0.1290	0.1234	0.1230	0.1141	0.1051	0.1075	0.1107	0.1502	0.1245	0.1224	0.1190	0.1208	0.1089	0.1068	0.1115	0.1467	0.1180	0.1137	0.1137	0.1139	0.1092	0.1062	0.1089	0.1425	0.1195	0.1093	0.1084	0.1063	0.1068	0.1036	0.1092	0.1382	0.1128	0.1039	0.1043	0.1045	0.1021	0.1029	0.1107	0.1293	0.1134	0.1055	0.1021	0.1009	0.1013	0.0987	0.1077	
0.1764	0.1438	0.1317	0.1254	0.1209	0.1195	0.1078	0.1110	0.1675	0.1389	0.1260	0.1271	0.1177	0.1100	0.1046	0.1092	0.1623	0.1316	0.1241	0.1237	0.1157	0.1052	0.1063	0.1154	0.1566	0.1271	0.1232	0.1196	0.1202	0.1099	0.1048	0.1129	0.1489	0.1179	0.1129	0.1117	0.1081	0.1066	0.1052	0.1140	0.1444	0.1171	0.1088	0.1080	0.1053	0.1067	0.1015	0.1067	0.1372	0.1106	0.1055	0.1046	0.1022	0.0978	0.0988	0.1092	0.1287	0.1081	0.1035	0.1013	0.0975	0.0984	0.0972	0.1020	
0.1840	0.1499	0.1386	0.1300	0.1262	0.1223	0.1106	0.1097	0.1773	0.1421	0.1305	0.1300	0.1205	0.1092	0.1045	0.1086	0.1679	0.1378	0.1272	0.1283	0.1178	0.1111	0.1078	0.1142	0.1686	0.1323	0.1261	0.1207	0.1241	0.1112	0.1066	0.1140	0.1608	0.1237	0.1211	0.1197	0.1127	0.1115	0.1064	0.1131	0.1503	0.1233	0.1153	0.1142	0.1106	0.1102	0.1065	0.1077	0.1460	0.1129	0.1046	0.1046	0.1033	0.1000	0.1009	0.1114	0.1316	0.1085	0.1036	0.1040	0.0996	0.0999	0.0989	0.1018	
0.2039	0.1595	0.1493	0.1368	0.1291	0.1247	0.1151	0.1134	0.1932	0.1534	0.1355	0.1351	0.1259	0.1124	0.1089	0.1113	0.1792	0.1422	0.1290	0.1309	0.1231	0.1113	0.1102	0.1139	0.1756	0.1383	0.1273	0.1250	0.1265	0.1125	0.1106	0.1143	0.1713	0.1275	0.1236	0.1195	0.1116	0.1129	0.1127	0.1093	0.1597	0.1255	0.1145	0.1130	0.1097	0.1090	0.1039	0.1082	0.1545	0.1156	0.1075	0.1057	0.1040	0.0987	0.1039	0.1107	0.1369	0.1104	0.1052	0.1019	0.1005	0.1009	0.0993	0.1031	
0.2140	0.1716	0.1483	0.1413	0.1356	0.1306	0.1178	0.1154	0.2107	0.1628	0.1422	0.1419	0.1348	0.1151	0.1091	0.1194	0.1924	0.1528	0.1406	0.1407	0.1295	0.1186	0.1136	0.1180	0.1897	0.1473	0.1365	0.1308	0.1324	0.1165	0.1127	0.1180	0.1774	0.1341	0.1249	0.1239	0.1159	0.1152	0.1129	0.1160	0.1709	0.1312	0.1184	0.1186	0.1155	0.1142	0.1078	0.1127	0.1628	0.1208	0.1131	0.1121	0.1088	0.1021	0.1167	0.1146	0.1434	0.1160	0.1101	0.1168	0.1039	0.1035	0.1040	0.1069	
0.2228	0.1721	0.1527	0.1434	0.1354	0.1263	0.1109	0.1115	0.2193	0.1616	0.1401	0.1395	0.1286	0.1119	0.1020	0.1083	0.1989	0.1525	0.1386	0.1331	0.1249	0.1100	0.1069	0.1143	0.1948	0.1474	0.1337	0.1263	0.1291	0.1127	0.1096	0.1098	0.1816	0.1330	0.1221	0.1234	0.1179	0.1109	0.1045	0.1088	0.1751	0.1292	0.1169	0.1140	0.1098	0.1105	0.1051	0.1068	0.1624	0.1167	0.1089	0.1069	0.1018	0.0991	0.1002	0.1071	0.1418	0.1104	0.1048	0.1005	0.0978	0.1018	0.0987	0.1018	
0.2433	0.1841	0.1614	0.1484	0.1404	0.1313	0.1109	0.1119	0.2371	0.1729	0.1501	0.1489	0.1367	0.1206	0.1077	0.1121	0.2183	0.1625	0.1442	0.1437	0.1329	0.1161	0.1118	0.1176	0.2131	0.1585	0.1418	0.1314	0.1343	0.1201	0.1096	0.1121	0.1983	0.1411	0.1265	0.1254	0.1194	0.1139	0.1072	0.1107	0.1890	0.1371	0.1208	0.1173	0.1118	0.1123	0.1044	0.1177	0.1700	0.1239	0.1099	0.1110	0.1058	0.0994	0.1035	0.1099	0.1475	0.1131	0.1062	0.1037	0.1014	0.1010	0.0994	0.1044	
0.2679	0.1954	0.1699	0.1577	0.1490	0.1354	0.1159	0.1129	0.2479	0.1830	0.1589	0.1600	0.1408	0.1213	0.1104	0.1127	0.2336	0.1703	0.1503	0.1484	0.1347	0.1190	0.1144	0.1162	0.2239	0.1649	0.1505	0.1401	0.1410	0.1197	0.1122	0.1177	0.2086	0.1437	0.1318	0.1292	0.1204	0.1143	0.1131	0.1147	0.1950	0.1412	0.1258	0.1307	0.1171	0.1135	0.1054	0.1109	0.1793	0.1227	0.1137	0.1130	0.1067	0.1004	0.1039	0.1107	0.1530	0.1162	0.1090	0.1057	0.1016	0.1019	0.1023	0.1059	
0.2931	0.2077	0.1784	0.1682	0.1565	0.1404	0.1178	0.1116	0.2718	0.1937	0.1647	0.1635	0.1453	0.1249	0.1107	0.1141	0.2518	0.1803	0.1541	0.1555	0.1395	0.1189	0.1157	0.1163	0.2451	0.1745	0.1547	0.1428	0.1401	0.1200	0.1175	0.1181	0.2265	0.1538	0.1374	0.1311	0.1239	0.1166	0.1144	0.1141	0.2119	0.1486	0.1298	0.1304	0.1202	0.1190	0.1065	0.1114	0.1914	0.1291	0.1136	0.1124	0.1080	0.1025	0.1015	0.1155	0.1602	0.1195	0.1123	0.1084	0.1049	0.1050	0.1049	0.1061	
0.3070	0.2227	0.1896	0.1797	0.1594	0.1438	0.1223	0.1167	0.2972	0.2058	0.1744	0.1704	0.1491	0.1297	0.1146	0.1169	0.2740	0.1973	0.1701	0.1617	0.1479	0.1255	0.1193	0.1226	0.2638	0.1850	0.1597	0.1515	0.1487	0.1272	0.1210	0.1202	0.2395	0.1622	0.1468	0.1399	0.1320	0.1241	0.1140	0.1362	0.2256	0.1573	0.1363	0.1317	0.1267	0.1232	0.1127	0.1136	0.2039	0.1354	0.1179	0.1185	0.1141	0.1095	0.1078	0.1186	0.1689	0.1228	0.1145	0.1111	0.1075	0.1066	0.1093	0.1132	
0.3351	0.2413	0.2019	0.1887	0.1706	0.1515	0.1246	0.1192	0.3227	0.2231	0.1849	0.1766	0.1585	0.1379	0.1165	0.1197	0.2955	0.2086	0.1750	0.1707	0.1566	0.1298	0.1218	0.1256	0.2890	0.1964	0.1717	0.1579	0.1554	0.1283	0.1252	0.1210	0.2623	0.1698	0.1488	0.1445	0.1329	0.1229	0.1169	0.1356	0.2355	0.1610	0.1363	0.1352	0.1240	0.1219	0.1119	0.1191	0.2147	0.1376	0.1206	0.1181	0.1134	0.1081	0.1152	0.1222	0.1728	0.1231	0.1159	0.1125	0.1094	0.1069	0.1054	0.1129	
0.3578	0.2501	0.2066	0.1874	0.1704	0.1499	0.1199	0.1097	0.3385	0.2281	0.1855	0.1855	0.1601	0.1272	0.1133	0.1111	0.3095	0.2097	0.1735	0.1688	0.1528	0.1251	0.1125	0.1155	0.2952	0.1995	0.1691	0.1556	0.1528	0.1236	0.1177	0.1156	0.2737	0.1663	0.1463	0.1407	0.1276	0.1147	0.1103	0.1110	0.2376	0.1566	0.1319	0.1290	0.1157	0.1134	0.1055	0.1098	0.2197	0.1325	0.1152	0.1203	0.1048	0.0997	0.1025	0.1094	0.1680	0.1171	0.1069	0.1047	0.0994	0.0975	0.0975	0.1016	
0.3861	0.2702	0.2258	0.2047	0.1836	0.1572	0.1245	0.1139	0.3647	0.2416	0.1999	0.1950	0.1692	0.1380	0.1153	0.1177	0.3405	0.2280	0.1897	0.1832	0.1604	0.1316	0.1209	0.1211	0.3242	0.2098	0.1777	0.1670	0.1629	0.1303	0.1235	0.1176	0.2855	0.1815	0.1547	0.1494	0.1319	0.1178	0.1163	0.1133	0.2639	0.1674	0.1365	0.1345	0.1232	0.1167	0.1085	0.1136	0.2280	0.1353	0.1159	0.1175	0.1112	0.1031	0.1030	0.1124	0.1825	0.1228	0.1130	0.1087	0.1044	0.1052	0.0993	0.1044	
0.4138	0.2895	0.2337	0.2132	0.1933	0.1618	0.1279	0.1174	0.3971	0.2633	0.2121	0.2029	0.1779	0.1433	0.1179	0.1212	0.3644	0.2441	0.1951	0.1888	0.1699	0.1341	0.1249	0.1232	0.3476	0.2237	0.1891	0.1724	0.1657	0.1318	0.1224	0.1201	0.3125	0.1916	0.1595	0.1516	0.1380	0.1218	0.1157	0.1230	0.2791	0.1746	0.1447	0.1386	0.1282	0.1216	0.1118	0.1141	0.2411	0.1411	0.1204	0.1204	0.1096	0.1048	0.1020	0.1140	0.1834	0.1233	0.1136	0.1078	0.1068	0.1033	0.1040	0.1048	
0.4404	0.3034	0.2436	0.2306	0.1988	0.1665	0.1289	0.1180	0.4159	0.2775	0.2257	0.2149	0.1853	0.1470	0.1243	0.1220	0.3897	0.2553	0.2059	0.1992	0.1757	0.1397	0.1264	0.1244	0.3708	0.2386	0.2027	0.1856	0.1688	0.1339	0.1256	0.1202	0.3305	0.2001	0.1702	0.1611	0.1378	0.1216	0.1177	0.1179	0.2925	0.1812	0.1433	0.1378	0.1249	0.1196	0.1121	0.1126	0.2560	0.1427	0.1194	0.1180	0.1112	0.1029	0.1048	0.1129	0.1877	0.1231	0.1122	0.1070	0.1020	0.1012	0.1006	0.1054	
0.4600	0.3258	0.2602	0.2437	0.2118	0.1730	0.1311	0.1194	0.4462	0.2975	0.2410	0.2215	0.1945	0.1543	0.1242	0.1232	0.4131	0.2670	0.2201	0.2098	0.1802	0.1416	0.1277	0.1251	0.3923	0.2561	0.2120	0.1892	0.1728	0.1361	0.1302	0.1214	0.3556	0.2088	0.1713	0.1635	0.1413	0.1248	0.1204	0.1311	0.3093	0.1877	0.1497	0.1424	0.1295	0.1229	0.1146	0.1164	0.2706	0.1511	0.1197	0.1235	0.1107	0.1068	0.1021	0.1144	0.1993	0.1272	0.1138	0.1090	0.1039	0.1021	0.1004	0.1056	
0.4904	0.3530	0.2848	0.2553	0.2264	0.1836	0.1365	0.1214	0.4784	0.3262	0.2579	0.2441	0.2083	0.1616	0.1255	0.1255	0.4366	0.2941	0.2365	0.2211	0.1959	0.1480	0.1329	0.1269	0.4301	0.2759	0.2256	0.1999	0.1871	0.1423	0.1358	0.1237	0.3828	0.2278	0.1836	0.1719	0.1491	0.1295	0.1235	0.1271	0.3342	0.2008	0.1581	0.1504	0.1349	0.1322	0.1161	0.1196	0.2899	0.1547	0.1274	0.1253	0.1173	0.1099	0.1118	0.1210	0.2106	0.1312	0.1211	0.1149	0.1101	0.1099	0.1066	0.1131	
0.5191	0.3823	0.3030	0.2738	0.2438	0.1902	0.1402	0.1246	0.5087	0.3416	0.2684	0.2520	0.2145	0.1682	0.1322	0.1276	0.4681	0.3170	0.2509	0.2286	0.2030	0.1565	0.1342	0.1298	0.4501	0.2890	0.2356	0.2133	0.1953	0.1439	0.1453	0.1266	0.4080	0.2380	0.1905	0.1753	0.1522	0.1302	0.1228	0.1272	0.3511	0.2052	0.1591	0.1529	0.1346	0.1270	0.1159	0.1200	0.3031	0.1611	0.1278	0.1291	0.1176	0.1092	0.1087	0.1185	0.2131	0.1309	0.1205	0.1126	0.1079	0.1073	0.1054	0.1090	
0.5446	0.4067	0.3286	0.2961	0.2531	0.1978	0.1436	0.1267	0.5245	0.3655	0.2881	0.2724	0.2300	0.1738	0.1297	0.1309	0.4837	0.3336	0.2615	0.2490	0.2156	0.1588	0.1374	0.1432	0.4666	0.3110	0.2506	0.2192	0.2021	0.1467	0.1413	0.1261	0.4203	0.2495	0.1981	0.1856	0.1575	0.1315	0.1237	0.1228	0.3682	0.2136	0.1647	0.1554	0.1363	0.1268	0.1144	0.1208	0.3151	0.1595	0.1311	0.1270	0.1172	0.1071	0.1074	0.1176	0.2217	0.1316	0.1219	0.1128	0.1097	0.1065	0.1046	0.1099	
0.5689	0.4288	0.3519	0.3114	0.2685	0.2082	0.1455	0.1246	0.5577	0.3916	0.3052	0.2875	0.2461	0.1816	0.1339	0.1683	0.5089	0.3557	0.2788	0.2629	0.2214	0.1627	0.1407	0.1320	0.4965	0.3247	0.2654	0.2317	0.2123	0.1548	0.1424	0.1280	0.4480	0.2642	0.2080	0.1878	0.1581	0.1343	0.1261	0.1241	0.4004	0.2249	0.1701	0.1587	0.1423	0.1289	0.1151	0.1197	0.3338	0.1665	0.1303	0.1304	0.1171	0.1088	0.1092	0.1190	0.2287	0.1336	0.1202	0.1129	0.1096	0.1073	0.1037	0.1094	
0.5844	0.4546	0.3688	0.3312	0.2909	0.2177	0.1523	0.1295	0.5759	0.4162	0.3251	0.3077	0.2591	0.1875	0.1382	0.1342	0.5381	0.3791	0.2937	0.2793	0.2347	0.1712	0.1445	0.1308	0.5176	0.3427	0.2815	0.2436	0.2187	0.1536	0.1508	0.1270	0.4672	0.2760	0.2163	0.1946	0.1626	0.1359	0.1285	0.1267	0.4088	0.2311	0.1728	0.1639	0.1402	0.1312	0.1181	0.1196	0.3470	0.1681	0.1329	0.1305	0.1184	0.1089	0.1068	0.1176	0.2350	0.1327	0.1222	0.1147	0.1101	0.1059	0.1038	0.1080	
0.6137	0.4861	0.3912	0.3525	0.3119	0.2348	0.1568	0.1334	0.6023	0.4434	0.3454	0.3201	0.2709	0.1989	0.1414	0.1386	0.5656	0.4033	0.3135	0.2893	0.2511	0.1780	0.1483	0.1325	0.5474	0.3722	0.2952	0.2556	0.2323	0.1617	0.1586	0.1312	0.5005	0.2976	0.2279	0.2047	0.1687	0.1409	0.1278	0.1275	0.4390	0.2456	0.1791	0.1661	0.1435	0.1306	0.1173	0.1210	0.3674	0.1737	0.1345	0.1327	0.1201	0.1103	0.1106	0.1204	0.2426	0.1403	0.1226	0.1157	0.1093	0.1092	0.1055	0.1127	
0.6376	0.5118	0.4166	0.3698	0.3275	0.2439	0.1585	0.1341	0.6293	0.4665	0.3653	0.3445	0.2906	0.2101	0.1474	0.1395	0.5813	0.4214	0.3329	0.3137	0.2658	0.1850	0.1548	0.1366	0.5628	0.3889	0.3156	0.2716	0.2423	0.1661	0.1599	0.1327	0.5183	0.3117	0.2418	0.2179	0.1752	0.1428	0.1321	0.1312	0.4480	0.2581	0.1870	0.1726	0.1466	0.1343	0.1231	0.1210	0.3884	0.1784	0.1365	0.1365	0.1215	0.1128	0.1097	0.1222	0.2546	0.1431	0.1250	0.1165	0.1112	0.1090	0.1078	0.1103	
0.6588	0.5374	0.4416	0.3988	0.3526	0.2543	0.1676	0.1369	0.6576	0.4942	0.3936	0.3604	0.3060	0.2222	0.1499	0.1474	0.6156	0.4495	0.3556	0.3303	0.2815	0.1941	0.1575	0.1375	0.5917	0.4158	0.3372	0.2874	0.2495	0.1708	0.1604	0.1351	0.5404	0.3315	0.2511	0.2251	0.1827	0.1445	0.1336	0.1316	0.4733	0.2701	0.1926	0.1787	0.1517	0.1334	0.1178	0.1248	0.4059	0.1811	0.1383	0.1366	0.1250	0.1108	0.1094	0.1214	0.2658	0.1448	0.1244	0.1180	0.1094	0.1095	0.1069	0.1134	
0.6798	0.5563	0.4656	0.4218	0.3752	0.2698	0.1680	0.1377	0.6740	0.5171	0.4091	0.3793	0.3234	0.2297	0.1542	0.1487	0.6322	0.4687	0.3786	0.3470	0.2963	0.2023	0.1630	0.1519	0.6194	0.4423	0.3556	0.3070	0.2643	0.1766	0.1621	0.1351	0.5542	0.3468	0.2578	0.2271	0.1828	0.1459	0.1348	0.1302	0.4994	0.2807	0.1952	0.1794	0.1515	0.1325	0.1181	0.1217	0.4170	0.1866	0.1367	0.1374	0.1204	0.1119	0.1094	0.1197	0.2748	0.1434	0.1260	0.1134	0.1076	0.1066	0.1089	0.1095	
0.6921	0.5876	0.4897	0.4453	0.3898	0.2816	0.1728	0.1384	0.6871	0.5407	0.4357	0.4014	0.3362	0.2415	0.1563	0.1467	0.6513	0.5016	0.3980	0.3707	0.3104	0.2081	0.1671	0.1417	0.6430	0.4604	0.3714	0.3223	0.2780	0.1821	0.1720	0.1343	0.5850	0.3679	0.2756	0.2420	0.1896	0.1456	0.1346	0.1317	0.5149	0.2931	0.2001	0.1828	0.1535	0.1351	0.1192	0.1219	0.4349	0.1962	0.1448	0.1424	0.1251	0.1137	0.1123	0.1234	0.2848	0.1471	0.1277	0.1194	0.1110	0.1098	0.1101	0.1123	
0.6983	0.6167	0.5186	0.4729	0.4227	0.3012	0.1805	0.1410	0.7015	0.5777	0.4608	0.4277	0.3640	0.2611	0.1649	0.1561	0.6707	0.5266	0.4189	0.3852	0.3298	0.2203	0.1748	0.1456	0.6622	0.4813	0.3938	0.3353	0.2913	0.1881	0.1821	0.1393	0.6091	0.3934	0.2865	0.2476	0.1955	0.1496	0.1355	0.1359	0.5481	0.3127	0.2080	0.1916	0.1580	0.1390	0.1216	0.1254	0.4627	0.1976	0.1411	0.1415	0.1225	0.1121	0.1097	0.1237	0.2857	0.1434	0.1294	0.1179	0.1101	0.1073	0.1073	0.1112	
0.7059	0.6447	0.5412	0.5056	0.4497	0.3159	0.1897	0.1467	0.7037	0.6060	0.4885	0.4521	0.3875	0.2687	0.1686	0.1646	0.6797	0.5557	0.4455	0.4073	0.3489	0.2306	0.1805	0.1536	0.6794	0.5104	0.4249	0.3549	0.3077	0.1935	0.1874	0.1438	0.6369	0.4124	0.2988	0.2624	0.2038	0.1537	0.1383	0.1372	0.5688	0.3252	0.2166	0.1927	0.1598	0.1437	0.1238	0.1286	0.4754	0.2014	0.1458	0.1440	0.1261	0.1145	0.1118	0.1244	0.2992	0.1486	0.1301	0.1181	0.1111	0.1099	0.1087	0.1115	
0.7126	0.6699	0.5718	0.5237	0.4646	0.3289	0.1951	0.1459	0.7107	0.6233	0.5135	0.4748	0.4040	0.2851	0.1730	0.1636	0.6783	0.5817	0.4682	0.4319	0.3634	0.2379	0.1862	0.1521	0.6803	0.5293	0.4453	0.3755	0.3170	0.2005	0.1874	0.1430	0.6514	0.4313	0.3128	0.2701	0.2085	0.1516	0.1416	0.1371	0.5752	0.3311	0.2273	0.2006	0.1620	0.1408	0.1227	0.1254	0.4909	0.2048	0.1451	0.1431	0.1227	0.1122	0.1106	0.1214	0.3031	0.1472	0.1295	0.1165	0.1103	0.1088	0.1070	0.1105	
0.7042	0.6933	0.5922	0.5519	0.4993	0.3550	0.2080	0.1532	0.7058	0.6495	0.5406	0.5051	0.4312	0.3019	0.1845	0.1708	0.6906	0.6058	0.5015	0.4561	0.3875	0.2526	0.1934	0.1573	0.6868	0.5548	0.4677	0.3926	0.3372	0.2078	0.1994	0.1468	0.6475	0.4524	0.3288	0.2882	0.2104	0.1556	0.1416	0.1434	0.6106	0.3559	0.2326	0.2098	0.1681	0.1466	0.1230	0.1296	0.5245	0.2179	0.1517	0.1466	0.1281	0.1184	0.1096	0.1232	0.3137	0.1531	0.1292	0.1180	0.1134	0.1097	0.1087	0.1132	
0.7118	0.7152	0.6169	0.5751	0.5249	0.3745	0.2156	0.1593	0.7134	0.6880	0.5616	0.5375	0.4550	0.3234	0.1882	0.1785	0.6936	0.6501	0.5274	0.4884	0.4129	0.2717	0.2035	0.1634	0.6966	0.5930	0.4899	0.4246	0.3649	0.2183	0.2083	0.1536	0.6603	0.4856	0.3562	0.3047	0.2236	0.1638	0.1505	0.1486	0.6220	0.3702	0.2403	0.2155	0.1725	0.1530	0.1266	0.1362	0.5330	0.2194	0.1514	0.1513	0.1280	0.1159	0.1178	0.1246	0.3192	0.1533	0.1328	0.1208	0.1132	0.1103	0.1113	0.1135	
0.7083	0.7194	0.6440	0.5959	0.5418	0.3931	0.2210	0.1599	0.7113	0.7049	0.5861	0.5541	0.4809	0.3381	0.1937	0.1774	0.6891	0.6706	0.5401	0.5025	0.4297	0.2818	0.2056	0.1637	0.6995	0.6206	0.5147	0.4393	0.3708	0.2282	0.2247	0.1525	0.6672	0.5015	0.3567	0.3073	0.2261	0.1614	0.1440	0.1460	0.6440	0.3820	0.2478	0.2190	0.1702	0.1479	0.1277	0.1283	0.5588	0.2211	0.1481	0.1461	0.1248	0.1151	0.1088	0.1242	0.3308	0.1523	0.1302	0.1183	0.1116	0.1086	0.1075	0.1129	
0.7108	0.7247	0.6758	0.6266	0.5741	0.4134	0.2305	0.1670	0.7098	0.7254	0.6208	0.5793	0.5019	0.3608	0.2064	0.1924	0.7022	0.6879	0.5651	0.5264	0.4540	0.2949	0.2129	0.1667	0.6995	0.6512	0.5455	0.4635	0.3937	0.2354	0.2222	0.1562	0.6745	0.5152	0.3755	0.3227	0.2338	0.1637	0.1481	0.1578	0.6516	0.3997	0.2573	0.2246	0.1772	0.1527	0.1252	0.1326	0.5764	0.2232	0.1513	0.1506	0.1269	0.1140	0.1125	0.1249	0.3415	0.1543	0.1310	0.1186	0.1115	0.1094	0.1077	0.1125	
0.7121	0.7267	0.7022	0.6591	0.6073	0.4445	0.2447	0.1710	0.7151	0.7254	0.6533	0.6107	0.5294	0.3823	0.2178	0.1979	0.7015	0.7055	0.5945	0.5590	0.4780	0.3082	0.2285	0.1872	0.7006	0.6716	0.5706	0.4929	0.4163	0.2476	0.2403	0.1606	0.6718	0.5450	0.4030	0.3442	0.2422	0.1749	0.1553	0.1546	0.6653	0.4203	0.2656	0.2340	0.1819	0.1579	0.1305	0.1345	0.5978	0.2372	0.1590	0.1580	0.1289	0.1193	0.1163	0.1260	0.3523	0.1598	0.1359	0.1218	0.1138	0.1107	0.1090	0.1141	
0.7215	0.7345	0.7274	0.6961	0.6359	0.4700	0.2589	0.1765	0.7209	0.7274	0.6856	0.6445	0.5557	0.4053	0.2282	0.2076	0.7029	0.7064	0.6249	0.5807	0.4992	0.3311	0.2408	0.1948	0.7073	0.6921	0.5976	0.5139	0.4354	0.2534	0.2442	0.1655	0.6812	0.5634	0.4165	0.3560	0.2534	0.1737	0.1570	0.1546	0.6673	0.4420	0.2701	0.2359	0.1810	0.1581	0.1297	0.1313	0.6189	0.2407	0.1623	0.1562	0.1315	0.1184	0.1164	0.1258	0.3603	0.1592	0.1346	0.1222	0.1123	0.1101	0.1090	0.1145	
0.7163	0.7381	0.7329	0.7124	0.6608	0.4906	0.2707	0.1797	0.7221	0.7332	0.7062	0.6684	0.5792	0.4241	0.2341	0.2167	0.7032	0.7140	0.6429	0.6009	0.5237	0.3418	0.2441	0.1900	0.7106	0.7036	0.6118	0.5337	0.4544	0.2678	0.2540	0.1674	0.6795	0.5965	0.4333	0.3595	0.2530	0.1745	0.1513	0.1578	0.6810	0.4573	0.2742	0.2380	0.1797	0.1536	0.1280	0.1331	0.6302	0.2483	0.1574	0.1562	0.1311	0.1168	0.1151	0.1277	0.3715	0.1586	0.1342	0.1216	0.1152	0.1089	0.1089	0.1142	
0.7164	0.7351	0.7378	0.7337	0.6962	0.5240	0.2905	0.1901	0.7235	0.7271	0.7222	0.6981	0.6145	0.4498	0.2477	0.2517	0.7023	0.7136	0.6710	0.6322	0.5509	0.3641	0.2645	0.2027	0.7118	0.7062	0.6446	0.5628	0.4751	0.2786	0.2719	0.1678	0.6830	0.6129	0.4525	0.3833	0.2637	0.1803	0.1551	0.1593	0.6726	0.4760	0.2864	0.2507	0.1836	0.1557	0.1240	0.1342	0.6295	0.2464	0.1575	0.1550	0.1292	0.1150	0.1111	0.1235	0.3755	0.1556	0.1323	0.1183	0.1091	0.1068	0.1057	0.1087	
0.7235	0.7444	0.7436	0.7344	0.7218	0.5461	0.3054	0.1970	0.7291	0.7319	0.7249	0.7229	0.6421	0.4765	0.2660	0.2417	0.7002	0.7226	0.7027	0.6583	0.5743	0.3898	0.2792	0.2046	0.7150	0.7109	0.6670	0.5858	0.4983	0.2904	0.2809	0.1756	0.6866	0.6424	0.4808	0.4002	0.2716	0.1821	0.1658	0.1620	0.6804	0.4987	0.2990	0.2527	0.1898	0.1574	0.1288	0.1339	0.6448	0.2575	0.1618	0.1600	0.1314	0.1197	0.1168	0.1272	0.3827	0.1678	0.1365	0.1218	0.1164	0.1117	0.1106	0.1164	
0.7237	0.7450	0.7461	0.7444	0.7399	0.5699	0.3124	0.2018	0.7260	0.7364	0.7305	0.7363	0.6690	0.4994	0.2777	0.2494	0.7083	0.7267	0.7097	0.6863	0.6007	0.4048	0.2836	0.2068	0.7190	0.7135	0.6863	0.6073	0.5165	0.3007	0.2878	0.1813	0.7004	0.6668	0.5105	0.4200	0.2864	0.1884	0.1636	0.1637	0.6892	0.5149	0.3053	0.2580	0.1926	0.1595	0.1304	0.1351	0.6514	0.2611	0.1612	0.1589	0.1298	0.1179	0.1142	0.1257	0.3914	0.1636	0.1365	0.1198	0.1116	0.1097	0.1102	0.1150	
0.7262	0.7506	0.7489	0.7463	0.7498	0.6037	0.3352	0.2107	0.7316	0.7386	0.7337	0.7428	0.7015	0.5288	0.2909	0.2683	0.7100	0.7305	0.7217	0.7135	0.6316	0.4326	0.3030	0.2186	0.7259	0.7176	0.7037	0.6361	0.5416	0.3168	0.3050	0.1884	0.6880	0.6690	0.5229	0.4348	0.2921	0.1987	0.1751	0.1719	0.6866	0.5401	0.3157	0.2743	0.2022	0.1652	0.1328	0.1390	0.6438	0.2708	0.1667	0.1644	0.1339	0.1211	0.1180	0.1286	0.4029	0.1683	0.1403	0.1256	0.1132	0.1106	0.1111	0.1166	
0.7257	0.7472	0.7524	0.7491	0.7467	0.6252	0.3500	0.2213	0.7293	0.7371	0.7385	0.7470	0.7215	0.5571	0.3061	0.2840	0.7145	0.7321	0.7199	0.7235	0.6569	0.4536	0.3186	0.2274	0.7248	0.7198	0.7104	0.6622	0.5669	0.3321	0.3251	0.1942	0.6874	0.6704	0.5373	0.4461	0.2980	0.1986	0.1724	0.1694	0.6887	0.5635	0.3246	0.2769	0.2021	0.1629	0.1341	0.1422	0.6448	0.2730	0.1718	0.1647	0.1336	0.1215	0.1162	0.1271	0.4198	0.1681	0.1400	0.1253	0.1121	0.1095	0.1091	0.1146	
0.7308	0.7436	0.7448	0.7498	0.7487	0.6463	0.3648	0.2269	0.7309	0.7388	0.7420	0.7443	0.7266	0.5748	0.3136	0.3046	0.7132	0.7258	0.7138	0.7251	0.6865	0.4705	0.3301	0.2324	0.7185	0.7257	0.7140	0.6786	0.5799	0.3418	0.3338	0.1937	0.6952	0.6623	0.5536	0.4601	0.3065	0.1936	0.1699	0.1717	0.6882	0.5836	0.3318	0.2764	0.1992	0.1646	0.1305	0.1356	0.6479	0.2775	0.1631	0.1640	0.1307	0.1162	0.1138	0.1252	0.4253	0.1643	0.1356	0.1214	0.1108	0.1085	0.1088	0.1118	
0.7353	0.7522	0.7506	0.7521	0.7533	0.6773	0.3901	0.2380	0.7344	0.7416	0.7435	0.7480	0.7409	0.6090	0.3353	0.3184	0.7232	0.7426	0.7297	0.7324	0.7128	0.4998	0.3534	0.2431	0.7340	0.7367	0.7188	0.7063	0.6142	0.3631	0.3548	0.2045	0.7037	0.6804	0.5784	0.4816	0.3168	0.2044	0.1751	0.1744	0.6934	0.6127	0.3440	0.2861	0.2066	0.1691	0.1354	0.1419	0.6546	0.2853	0.1700	0.1682	0.1361	0.1220	0.1192	0.1292	0.4416	0.1724	0.1407	0.1242	0.1190	0.1169	0.1140	0.1182	
0.7361	0.7436	0.7510	0.7624	0.7533	0.7083	0.4147	0.2529	0.7344	0.7459	0.7475	0.7564	0.7422	0.6281	0.3497	0.3514	0.7210	0.7290	0.7240	0.7318	0.7196	0.5228	0.3715	0.2521	0.7313	0.7286	0.7202	0.7093	0.6348	0.3757	0.3703	0.2131	0.7036	0.6736	0.5997	0.4997	0.3312	0.2036	0.1795	0.1806	0.6963	0.6246	0.3580	0.2944	0.2062	0.1708	0.1359	0.1446	0.6579	0.2856	0.1702	0.1680	0.1345	0.1214	0.1139	0.1282	0.4403	0.1693	0.1400	0.1229	0.1124	0.1150	0.1111	0.1160	
0.7355	0.7514	0.7539	0.7595	0.7595	0.7288	0.4290	0.2645	0.7344	0.7480	0.7531	0.7602	0.7442	0.6592	0.3723	0.3726	0.7252	0.7389	0.7330	0.7383	0.7294	0.5492	0.3877	0.2632	0.7284	0.7355	0.7264	0.7247	0.6604	0.3947	0.3837	0.2196	0.6987	0.6810	0.6260	0.5244	0.3372	0.2107	0.1875	0.2003	0.6946	0.6484	0.3633	0.3077	0.2168	0.1749	0.1380	0.1428	0.6475	0.2951	0.1771	0.1728	0.1402	0.1250	0.1198	0.1303	0.4626	0.1708	0.1439	0.1273	0.1160	0.1148	0.1142	0.1191	
0.7387	0.7574	0.7586	0.7539	0.7552	0.7515	0.4502	0.2732	0.7433	0.7464	0.7455	0.7557	0.7462	0.6914	0.3966	0.4012	0.7250	0.7403	0.7249	0.7281	0.7245	0.5635	0.4002	0.2720	0.7398	0.7363	0.7219	0.7168	0.6767	0.4112	0.4029	0.2217	0.7004	0.6894	0.6413	0.5331	0.3427	0.2148	0.1854	0.1885	0.6970	0.6594	0.3748	0.3071	0.2140	0.1739	0.1353	0.1426	0.6557	0.3025	0.1736	0.1694	0.1357	0.1209	0.1153	0.1280	0.4705	0.1717	0.1392	0.1243	0.1110	0.1108	0.1116	0.1145	
0.7386	0.7493	0.7553	0.7637	0.7578	0.7603	0.4795	0.2888	0.7487	0.7504	0.7505	0.7623	0.7498	0.7150	0.4162	0.4370	0.7303	0.7416	0.7293	0.7342	0.7321	0.5988	0.4276	0.2880	0.7481	0.7418	0.7329	0.7226	0.6987	0.4348	0.4242	0.2351	0.7135	0.6836	0.6471	0.5594	0.3614	0.2226	0.1956	0.1965	0.7060	0.6637	0.3852	0.3200	0.2227	0.1851	0.1403	0.1459	0.6619	0.3114	0.1834	0.1760	0.1397	0.1272	0.1216	0.1326	0.4785	0.1743	0.1454	0.1292	0.1175	0.1158	0.1169	0.1190	
0.7387	0.7546	0.7581	0.7650	0.7542	0.7589	0.4972	0.3022	0.7534	0.7568	0.7527	0.7636	0.7568	0.7399	0.4338	0.4580	0.7310	0.7399	0.7304	0.7385	0.7326	0.6227	0.4519	0.3038	0.7423	0.7441	0.7392	0.7342	0.7045	0.4558	0.4446	0.2429	0.7122	0.6856	0.6498	0.5710	0.3651	0.2206	0.1950	0.2003	0.6998	0.6714	0.3948	0.3276	0.2267	0.1882	0.1400	0.1459	0.6584	0.3170	0.1800	0.1739	0.1374	0.1253	0.1197	0.1316	0.4828	0.1740	0.1465	0.1280	0.1173	0.1145	0.1178	0.1186	
0.7459	0.7592	0.7551	0.7563	0.7597	0.7651	0.5230	0.3169	0.7563	0.7569	0.7488	0.7654	0.7572	0.7510	0.4634	0.4988	0.7385	0.7454	0.7292	0.7380	0.7372	0.6434	0.4701	0.3135	0.7515	0.7464	0.7361	0.7254	0.7057	0.4735	0.4662	0.2500	0.7213	0.6879	0.6517	0.5898	0.3785	0.2278	0.2006	0.2122	0.7067	0.6779	0.4113	0.3343	0.2261	0.1810	0.1454	0.1471	0.6745	0.3285	0.1790	0.1735	0.1380	0.1227	0.1167	0.1296	0.4878	0.1716	0.1423	0.1241	0.1124	0.1101	0.1107	0.1175	
0.7526	0.7572	0.7580	0.7707	0.7633	0.7759	0.5542	0.3398	0.7531	0.7566	0.7572	0.7707	0.7607	0.7534	0.4850	0.5358	0.7379	0.7561	0.7371	0.7396	0.7389	0.6778	0.5039	0.3305	0.7556	0.7495	0.7407	0.7334	0.7172	0.4896	0.4890	0.2616	0.7163	0.6998	0.6600	0.6033	0.3856	0.2351	0.2035	0.2089	0.7170	0.6713	0.4195	0.3400	0.2337	0.1853	0.1433	0.1494	0.6729	0.3409	0.1819	0.1783	0.1428	0.1254	0.1168	0.1297	0.5171	0.1749	0.1450	0.1286	0.1136	0.1155	0.1194	0.1167	
0.7529	0.7662	0.7626	0.7675	0.7683	0.7671	0.5738	0.3458	0.7572	0.7643	0.7599	0.7643	0.7577	0.7523	0.5006	0.5637	0.7446	0.7524	0.7345	0.7424	0.7441	0.6990	0.5164	0.3478	0.7488	0.7497	0.7391	0.7315	0.7057	0.5070	0.5007	0.2685	0.7278	0.6960	0.6609	0.6234	0.4018	0.2363	0.2029	0.2170	0.7113	0.6873	0.4390	0.3451	0.2325	0.1832	0.1383	0.1471	0.6814	0.3445	0.1822	0.1800	0.1422	0.1220	0.1170	0.1306	0.5241	0.1721	0.1434	0.1260	0.1136	0.1110	0.1120	0.1154	
0.7520	0.7641	0.7651	0.7705	0.7689	0.7701	0.6056	0.3671	0.7557	0.7616	0.7598	0.7678	0.7551	0.7573	0.5357	0.6057	0.7458	0.7521	0.7378	0.7507	0.7434	0.7245	0.5397	0.3684	0.7544	0.7500	0.7448	0.7373	0.7232	0.5230	0.5249	0.2816	0.7261	0.6945	0.6603	0.6369	0.4126	0.2396	0.2122	0.2198	0.7135	0.6828	0.4394	0.3582	0.2359	0.1871	0.1407	0.1487	0.6755	0.3512	0.1860	0.1814	0.1388	0.1231	0.1210	0.1297	0.5438	0.1788	0.1461	0.1285	0.1152	0.1126	0.1126	0.1162	
0.7584	0.7700	0.7665	0.7699	0.7732	0.7795	0.6299	0.3885	0.7617	0.7659	0.7664	0.7649	0.7557	0.7570	0.5584	0.6472	0.7434	0.7480	0.7390	0.7451	0.7389	0.7386	0.5703	0.3806	0.7508	0.7512	0.7447	0.7381	0.7180	0.5437	0.5466	0.2932	0.7331	0.6957	0.6666	0.6462	0.4223	0.2457	0.2151	0.2362	0.7150	0.6867	0.4522	0.3671	0.2400	0.1924	0.1424	0.1511	0.6857	0.3614	0.1852	0.1815	0.1373	0.1243	0.1197	0.1294	0.5458	0.1777	0.1432	0.1242	0.1135	0.1105	0.1124	0.1156	
0.7561	0.7640	0.7755	0.7771	0.7707	0.7757	0.6564	0.4055	0.7603	0.7643	0.7635	0.7767	0.7721	0.7564	0.5797	0.6798	0.7419	0.7569	0.7496	0.7488	0.7443	0.7419	0.5937	0.3989	0.7581	0.7555	0.7477	0.7412	0.7222	0.5708	0.5676	0.2993	0.7269	0.7028	0.6683	0.6473	0.4304	0.2597	0.2207	0.2298	0.7202	0.6842	0.4660	0.3753	0.2448	0.1921	0.1448	0.1520	0.6751	0.3766	0.1854	0.1815	0.1370	0.1233	0.1178	0.1281	0.5686	0.1769	0.1429	0.1259	0.1136	0.1112	0.1128	0.1138	
0.7584	0.7719	0.7687	0.7709	0.7806	0.7776	0.6746	0.4237	0.7673	0.7683	0.7641	0.7717	0.7655	0.7614	0.6095	0.6906	0.7472	0.7658	0.7452	0.7486	0.7469	0.7448	0.6149	0.4110	0.7675	0.7622	0.7508	0.7392	0.7234	0.5949	0.5911	0.3142	0.7299	0.7099	0.6741	0.6435	0.4404	0.2572	0.2245	0.2288	0.7220	0.6921	0.4877	0.3852	0.2504	0.1969	0.1476	0.1540	0.6897	0.3822	0.1895	0.1873	0.1442	0.1258	0.1210	0.1342	0.5797	0.1820	0.1499	0.1297	0.1173	0.1135	0.1145	0.1168	
