0.0890	0.0889	0.0887	0.0884	0.0892	0.0961	0.0915	0.1003	0.1093	0.0981	0.0994	0.0882	0.0876	0.0931	0.0946	0.0954	0.0895	0.0877	0.0889	0.0886	0.0862	0.0902	0.0895	0.0873	0.1001	0.0948	0.1212	0.0859	0.1033	0.0891	0.1007	0.0900	0.1011	0.0972	0.0896	0.0922	0.0852	0.0951	0.0879	0.0930	0.0932	0.0955	0.0991	0.0911	0.0992	0.0863	0.0901	0.0896	0.0886	0.0881	0.0901	0.0909	0.0895	0.0961	0.0903	0.0939	0.1060	0.1027	0.1031	0.0891	0.0921	0.0943	0.1038	0.0984	
0.0883	0.0868	0.0880	0.0879	0.0886	0.0877	0.0930	0.0934	0.0876	0.0904	0.0877	0.0875	0.0844	0.0917	0.0879	0.0888	0.0886	0.0874	0.0867	0.0887	0.0855	0.0864	0.0874	0.0913	0.0900	0.0936	0.0943	0.0889	0.0883	0.0853	0.0903	0.0908	0.1021	0.0966	0.0890	0.0934	0.0849	0.0903	0.0875	0.0898	0.0884	0.0875	0.0891	0.0889	0.0860	0.0845	0.0903	0.0880	0.0867	0.0866	0.0888	0.0918	0.0820	0.0864	0.0892	0.0874	0.0940	0.0876	0.0882	0.0880	0.0856	0.0864	0.0865	0.0891	
0.0882	0.0872	0.0877	0.0877	0.0806	0.0841	0.0883	0.0905	0.0872	0.0904	0.0873	0.0877	0.0849	0.0889	0.0867	0.0851	0.0878	0.0866	0.0872	0.0886	0.0810	0.0841	0.0801	0.0853	0.0889	0.0936	0.0896	0.0891	0.0801	0.0800	0.0823	0.0832	0.1013	0.0954	0.0883	0.0933	0.0807	0.0853	0.0837	0.0835	0.0886	0.0868	0.0887	0.0890	0.0807	0.0808	0.0834	0.0848	0.0869	0.0863	0.0902	0.0907	0.0792	0.0809	0.0836	0.0821	0.0868	0.0879	0.0882	0.0886	0.0806	0.0889	0.0827	0.0839	
0.0882	0.0864	0.0880	0.0876	0.0868	0.0875	0.0899	0.0946	0.0872	0.0902	0.0879	0.0877	0.0889	0.0909	0.0899	0.0883	0.0883	0.0872	0.0868	0.0897	0.0863	0.0885	0.0881	0.0885	0.0893	0.0934	0.0907	0.0879	0.0876	0.0875	0.0895	0.0899	0.1008	0.0958	0.0885	0.0942	0.0887	0.0914	0.0895	0.0902	0.0877	0.0862	0.0882	0.0889	0.0899	0.0888	0.0908	0.0928	0.0872	0.0861	0.0890	0.0901	0.0863	0.0898	0.0896	0.0901	0.0865	0.0865	0.0893	0.0892	0.0880	0.0922	0.0909	0.0916	
0.0882	0.0870	0.0870	0.0867	0.0891	0.0906	0.0920	0.0938	0.0886	0.0898	0.0871	0.0870	0.0865	0.0905	0.0896	0.0911	0.0876	0.0858	0.0877	0.0875	0.0854	0.0861	0.0876	0.0880	0.0896	0.0939	0.0902	0.0878	0.0925	0.0852	0.0898	0.0890	0.1013	0.0951	0.0877	0.0920	0.0846	0.0898	0.0895	0.0887	0.0883	0.0869	0.0869	0.0881	0.0895	0.0910	0.0923	0.0917	0.0870	0.0864	0.0890	0.0910	0.0892	0.0908	0.0907	0.0910	0.0931	0.0873	0.0892	0.0879	0.0912	0.0909	0.0908	0.0924	
0.0885	0.0873	0.0879	0.0876	0.0877	0.0858	0.0838	0.0879	0.0885	0.0903	0.0877	0.0874	0.0811	0.0836	0.0825	0.0803	0.0882	0.0879	0.0872	0.0882	0.0780	0.0825	0.0831	0.0828	0.0888	0.0944	0.0903	0.0874	0.0793	0.0800	0.0823	0.0813	0.1004	0.0949	0.0883	0.0933	0.0794	0.0860	0.0826	0.0832	0.0885	0.0869	0.0873	0.0893	0.0776	0.0809	0.0823	0.0808	0.0874	0.0876	0.0888	0.0913	0.0766	0.0784	0.0805	0.0783	0.0864	0.0877	0.0886	0.0887	0.0781	0.0851	0.0798	0.0792	
0.0882	0.0881	0.0872	0.0877	0.0874	0.0877	0.0902	0.0952	0.0877	0.0904	0.0874	0.0879	0.0872	0.0921	0.0885	0.0883	0.0880	0.0883	0.0861	0.0879	0.0872	0.0853	0.0872	0.0876	0.0891	0.0944	0.0909	0.0874	0.0852	0.0843	0.0876	0.0867	0.1007	0.0954	0.0879	0.0936	0.0840	0.0896	0.0886	0.0866	0.0883	0.0875	0.0877	0.0885	0.0958	0.0962	0.0902	0.0866	0.0874	0.0864	0.0890	0.0908	0.0943	0.0962	0.0962	0.0856	0.0876	0.0878	0.0888	0.0882	0.0860	0.0861	0.0868	0.0873	
0.0880	0.0869	0.0881	0.0878	0.0897	0.0891	0.0892	0.0917	0.0884	0.0905	0.0878	0.0879	0.0855	0.0883	0.0859	0.0872	0.0885	0.0867	0.0872	0.0870	0.0829	0.0847	0.0871	0.0849	0.0901	0.0941	0.0897	0.0882	0.0850	0.0866	0.0864	0.0872	0.1013	0.0948	0.0889	0.0931	0.0870	0.0909	0.0873	0.0890	0.0875	0.0871	0.0876	0.0894	0.0833	0.0847	0.0851	0.0850	0.0872	0.0867	0.0896	0.0906	0.0830	0.0847	0.0876	0.0883	0.0877	0.0883	0.0893	0.0881	0.0855	0.0853	0.0867	0.0882	
0.0886	0.0872	0.0876	0.0876	0.0871	0.0924	0.0940	0.0979	0.0886	0.0903	0.0877	0.0874	0.0875	0.0913	0.0907	0.0896	0.0887	0.0874	0.0868	0.0888	0.0855	0.0871	0.0902	0.0869	0.0891	0.0935	0.0903	0.0873	0.0849	0.0844	0.0883	0.0863	0.1022	0.0951	0.0896	0.0929	0.0872	0.0904	0.0909	0.0911	0.0883	0.0869	0.0881	0.0887	0.0872	0.0855	0.0889	0.0878	0.0864	0.0869	0.0893	0.0915	0.0859	0.0883	0.0875	0.0872	0.0884	0.0878	0.0891	0.0888	0.0855	0.0845	0.0855	0.0865	
0.0885	0.0869	0.0876	0.0872	0.0891	0.0900	0.0935	0.0973	0.0880	0.0910	0.0884	0.0866	0.0922	0.0922	0.0870	0.0875	0.0895	0.0868	0.0870	0.0886	0.0849	0.0885	0.0880	0.0856	0.0892	0.0937	0.0901	0.0861	0.0840	0.0862	0.0869	0.0869	0.1013	0.0951	0.0889	0.0930	0.0861	0.0910	0.0879	0.0872	0.0875	0.0870	0.0880	0.0892	0.0851	0.0868	0.0878	0.0851	0.0865	0.0877	0.0894	0.0912	0.0844	0.0857	0.0903	0.0863	0.0893	0.0871	0.0886	0.0888	0.0880	0.0868	0.0871	0.0870	
0.0885	0.0879	0.0885	0.0879	0.0866	0.0868	0.0889	0.0921	0.0882	0.0905	0.0884	0.0875	0.0857	0.0907	0.0860	0.0874	0.0878	0.0874	0.0866	0.0873	0.0852	0.0885	0.0896	0.0888	0.0894	0.0941	0.0911	0.0866	0.0886	0.0884	0.0895	0.0880	0.1012	0.0965	0.0897	0.0926	0.0859	0.0942	0.0900	0.0904	0.0882	0.0880	0.0884	0.0904	0.0874	0.0890	0.0898	0.0893	0.0877	0.0870	0.0897	0.0917	0.0869	0.0903	0.0916	0.0914	0.0968	0.0883	0.0887	0.0884	0.0891	0.0900	0.0914	0.0905	
0.0893	0.0883	0.0893	0.0877	0.0868	0.0871	0.0914	0.0949	0.0893	0.0910	0.0884	0.0882	0.0876	0.0907	0.0888	0.0874	0.0887	0.0883	0.0876	0.0889	0.0869	0.0871	0.0885	0.0870	0.0907	0.0951	0.0909	0.0860	0.0869	0.0867	0.0885	0.0882	0.1018	0.0971	0.0897	0.0937	0.0879	0.0918	0.0877	0.0873	0.0884	0.0879	0.0892	0.0895	0.0853	0.0831	0.0848	0.0842	0.0879	0.0873	0.0894	0.0906	0.0821	0.0834	0.0851	0.0840	0.0871	0.0886	0.0883	0.0891	0.0848	0.0918	0.0862	0.0856	
0.0898	0.0888	0.0887	0.0878	0.0877	0.0874	0.0907	0.0923	0.0893	0.0905	0.0886	0.0876	0.0850	0.0903	0.0877	0.0866	0.0899	0.0867	0.0876	0.0880	0.0840	0.0859	0.0875	0.0873	0.0906	0.0939	0.0911	0.0854	0.0865	0.0843	0.0887	0.0853	0.1021	0.0968	0.0883	0.0936	0.0849	0.0919	0.0868	0.0865	0.0884	0.0881	0.0891	0.0895	0.0843	0.0852	0.0860	0.0857	0.0878	0.0876	0.0891	0.0910	0.0848	0.0848	0.0863	0.0862	0.0884	0.0883	0.0889	0.0893	0.0877	0.0873	0.0871	0.0887	
0.0911	0.0891	0.0889	0.0887	0.0884	0.0884	0.0903	0.0944	0.0895	0.0911	0.0894	0.0890	0.0882	0.0954	0.0883	0.0885	0.0894	0.0880	0.0884	0.0886	0.0870	0.0896	0.0884	0.0895	0.0906	0.0946	0.0923	0.0849	0.0879	0.0875	0.0886	0.0889	0.1035	0.0963	0.0892	0.0938	0.0871	0.0930	0.0899	0.0888	0.0897	0.0887	0.0891	0.0912	0.0874	0.0875	0.0890	0.0880	0.0889	0.0874	0.0909	0.0924	0.0858	0.0922	0.0907	0.0878	0.0884	0.0901	0.0908	0.0890	0.0895	0.0894	0.0898	0.0902	
0.0901	0.0887	0.0890	0.0885	0.0883	0.0881	0.0905	0.0941	0.0899	0.0906	0.0885	0.0887	0.0885	0.0923	0.0886	0.0887	0.0892	0.0876	0.0881	0.0889	0.0865	0.0875	0.0884	0.0883	0.0911	0.0949	0.0920	0.0844	0.0880	0.0872	0.0886	0.0883	0.1024	0.0963	0.0901	0.0942	0.0871	0.0924	0.0888	0.0892	0.0899	0.0889	0.0902	0.0898	0.0867	0.0868	0.0884	0.0871	0.0895	0.0882	0.0906	0.0928	0.0858	0.0877	0.0891	0.0876	0.0897	0.0886	0.0906	0.0895	0.0885	0.0874	0.0888	0.0888	
0.0902	0.0882	0.0881	0.0876	0.0866	0.0869	0.0869	0.0938	0.0900	0.0911	0.0883	0.0879	0.0870	0.0906	0.0852	0.0877	0.0896	0.0874	0.0884	0.0883	0.0859	0.0856	0.0864	0.0868	0.0917	0.0948	0.0912	0.0842	0.0876	0.0848	0.0918	0.0893	0.1018	0.0957	0.0886	0.0941	0.0848	0.0906	0.0879	0.0866	0.0899	0.0880	0.0882	0.0903	0.0851	0.0851	0.0859	0.0859	0.0881	0.0863	0.0887	0.0918	0.0836	0.0861	0.0865	0.0861	0.1023	0.0884	0.0907	0.0886	0.0860	0.0860	0.0866	0.0871	
0.0914	0.0895	0.0896	0.0888	0.0889	0.0890	0.0906	0.0940	0.0907	0.0911	0.0903	0.0878	0.0878	0.0923	0.0881	0.0882	0.0901	0.0887	0.0883	0.0896	0.0871	0.0889	0.0886	0.0883	0.0928	0.0943	0.0926	0.0844	0.0877	0.0873	0.0885	0.0887	0.1032	0.0973	0.0905	0.0951	0.0873	0.0924	0.0897	0.0892	0.0917	0.0898	0.0909	0.0908	0.0875	0.0868	0.0886	0.0918	0.0899	0.0888	0.0916	0.0927	0.0854	0.0878	0.0889	0.0889	0.0984	0.0902	0.0913	0.0903	0.0876	0.0894	0.0890	0.0910	
0.0916	0.0895	0.0891	0.0885	0.0935	0.0893	0.0917	0.0974	0.0912	0.0916	0.0892	0.0886	0.0895	0.0934	0.0888	0.0913	0.0907	0.0881	0.0881	0.0893	0.0904	0.0930	0.0917	0.0932	0.0921	0.0945	0.0921	0.0842	0.0889	0.0900	0.0898	0.0900	0.1037	0.0959	0.0891	0.0940	0.0900	0.0996	0.0961	0.0926	0.0911	0.0889	0.0890	0.0896	0.0893	0.0920	0.0931	0.0916	0.0894	0.0882	0.0901	0.0921	0.0916	0.0905	0.0956	0.0941	0.0900	0.0896	0.0901	0.0892	0.0943	0.0952	0.0950	0.0975	
0.0923	0.0896	0.0897	0.0886	0.0837	0.0867	0.0932	0.0930	0.0920	0.0915	0.0894	0.0889	0.0862	0.0888	0.0857	0.0863	0.0919	0.0881	0.0881	0.0892	0.0856	0.0876	0.0871	0.0891	0.0928	0.0948	0.0919	0.0844	0.0878	0.0902	0.0855	0.0870	0.1042	0.0967	0.0894	0.0942	0.0848	0.0884	0.0887	0.0879	0.0914	0.0885	0.0889	0.0902	0.0898	0.0903	0.0890	0.0885	0.0900	0.0882	0.0906	0.0919	0.0837	0.0840	0.0880	0.0880	0.0946	0.0892	0.0901	0.0898	0.0865	0.0850	0.0898	0.0866	
0.0928	0.0896	0.0898	0.0900	0.0897	0.0864	0.0887	0.0949	0.0925	0.0921	0.0897	0.0896	0.0901	0.0919	0.0888	0.0872	0.0932	0.0888	0.0885	0.0893	0.0858	0.0882	0.0873	0.0862	0.0935	0.0949	0.0929	0.0845	0.0878	0.0898	0.0892	0.0898	0.1040	0.0970	0.0895	0.0952	0.0860	0.0937	0.0882	0.0877	0.0933	0.0892	0.0902	0.0908	0.0884	0.0850	0.0917	0.0864	0.0915	0.0882	0.0908	0.0931	0.0848	0.0897	0.0887	0.0903	0.0941	0.0900	0.0913	0.0890	0.0905	0.0867	0.0900	0.0904	
0.0949	0.0904	0.0902	0.0892	0.0869	0.0864	0.0913	0.0959	0.0945	0.0926	0.0899	0.0898	0.0854	0.0891	0.0865	0.0907	0.0947	0.0895	0.0889	0.0890	0.0856	0.0893	0.0918	0.0845	0.0942	0.0962	0.0931	0.0836	0.0831	0.0839	0.0865	0.0871	0.1067	0.0974	0.0905	0.0954	0.0852	0.0908	0.0883	0.0890	0.0932	0.0892	0.0903	0.0903	0.0849	0.0842	0.0884	0.0914	0.0934	0.0900	0.0912	0.0926	0.0806	0.0897	0.0860	0.0839	0.1022	0.0943	0.0941	0.0939	0.0849	0.0856	0.0863	0.0892	
0.0946	0.0908	0.0898	0.0899	0.0873	0.0893	0.0887	0.0958	0.0941	0.0927	0.0897	0.0886	0.0847	0.0909	0.0891	0.0885	0.0940	0.0890	0.0873	0.0886	0.0861	0.0866	0.0891	0.0865	0.0951	0.0955	0.0929	0.0842	0.0837	0.0828	0.0841	0.0857	0.1066	0.0974	0.0903	0.0943	0.0842	0.0909	0.0874	0.0886	0.0939	0.0885	0.0897	0.0908	0.0826	0.0870	0.0898	0.0872	0.0923	0.0893	0.0915	0.0933	0.0836	0.0810	0.0834	0.0860	0.1005	0.0894	0.0895	0.0892	0.0850	0.0871	0.0864	0.0886	
0.0965	0.0919	0.0901	0.0900	0.0915	0.0900	0.0915	0.0966	0.0953	0.0924	0.0899	0.0894	0.0906	0.0926	0.0919	0.0919	0.0949	0.0881	0.0881	0.0899	0.0859	0.0888	0.0852	0.0877	0.0956	0.0958	0.0924	0.0835	0.0860	0.0884	0.1030	0.0902	0.1082	0.0968	0.0888	0.0939	0.0897	0.0913	0.0891	0.0898	0.0950	0.0884	0.0889	0.0894	0.0875	0.0914	0.0857	0.0847	0.0922	0.0889	0.0909	0.0928	0.0882	0.0906	0.0900	0.0898	0.0930	0.0901	0.0912	0.0895	0.0857	0.0890	0.0879	0.0882	
0.0965	0.0932	0.0904	0.0901	0.0928	0.0919	0.0988	0.0984	0.0969	0.0930	0.0900	0.0894	0.0873	0.0970	0.0887	0.0886	0.0963	0.0888	0.0884	0.0906	0.0877	0.0905	0.0908	0.0895	0.0972	0.0952	0.0916	0.0833	0.0891	0.0870	0.0904	0.0881	0.1075	0.0972	0.0907	0.0956	0.0879	0.0965	0.0914	0.0930	0.0967	0.0897	0.0894	0.0903	0.0886	0.0881	0.0891	0.0895	0.0938	0.0893	0.0917	0.0926	0.0875	0.0871	0.0897	0.0918	0.0946	0.0901	0.0910	0.0900	0.0931	0.0904	0.0905	0.0911	
0.0988	0.0927	0.0906	0.0901	0.0857	0.0916	0.0930	0.0937	0.0982	0.0925	0.0891	0.0893	0.0851	0.0923	0.0885	0.0881	0.0971	0.0881	0.0873	0.0907	0.0840	0.0892	0.0880	0.0897	0.0971	0.0949	0.0927	0.0836	0.0826	0.0851	0.0853	0.0901	0.1111	0.0971	0.0903	0.0946	0.0837	0.0943	0.0870	0.0892	0.0959	0.0890	0.0893	0.0906	0.0839	0.0877	0.0867	0.0846	0.0939	0.0877	0.0901	0.0928	0.0838	0.0855	0.0856	0.0852	0.0943	0.0940	0.0903	0.0901	0.0852	0.0854	0.0859	0.0860	
0.0982	0.0935	0.0898	0.0892	0.0860	0.0871	0.0872	0.0910	0.0997	0.0931	0.0897	0.0886	0.0831	0.0879	0.0830	0.0856	0.0985	0.0894	0.0878	0.0903	0.0819	0.0829	0.0857	0.0828	0.0985	0.0949	0.0925	0.0827	0.0842	0.0858	0.0866	0.0853	0.1104	0.0959	0.0903	0.0934	0.0877	0.0946	0.0873	0.0878	0.0993	0.0907	0.0888	0.0890	0.0869	0.0865	0.0891	0.0867	0.0958	0.0886	0.0905	0.0923	0.0843	0.0861	0.0857	0.0887	0.0961	0.0908	0.0894	0.0890	0.0888	0.0912	0.0894	0.0890	
0.1019	0.0945	0.0912	0.0895	0.0895	0.0876	0.0902	0.0941	0.1008	0.0942	0.0907	0.0890	0.0847	0.0890	0.0850	0.0875	0.1010	0.0900	0.0887	0.0894	0.0847	0.0842	0.0861	0.0873	0.1023	0.0959	0.0938	0.0829	0.0918	0.0824	0.0841	0.0844	0.1123	0.0972	0.0912	0.0949	0.0845	0.0898	0.0851	0.0881	0.1009	0.0901	0.0898	0.0902	0.0856	0.0827	0.0872	0.0862	0.0973	0.0884	0.0914	0.0927	0.0820	0.0869	0.0845	0.0852	0.1040	0.0993	0.0905	0.0909	0.0877	0.0860	0.0850	0.0871	
0.1037	0.0959	0.0913	0.0900	0.0888	0.0868	0.0922	0.0959	0.1038	0.0941	0.0892	0.0881	0.0861	0.0919	0.0864	0.0900	0.1006	0.0895	0.0879	0.0896	0.0875	0.0895	0.0907	0.0895	0.1025	0.0967	0.0931	0.0824	0.0869	0.0888	0.0864	0.0855	0.1131	0.0978	0.0893	0.0951	0.0888	0.0935	0.0901	0.0896	0.1000	0.0892	0.0904	0.0908	0.0862	0.0865	0.0873	0.0855	0.0977	0.0879	0.0906	0.0934	0.0862	0.0853	0.0870	0.0852	0.1035	0.0912	0.0910	0.0892	0.0856	0.0873	0.0866	0.0869	
0.1056	0.0974	0.0915	0.0902	0.0905	0.0924	0.0923	0.0996	0.1050	0.0940	0.0911	0.0885	0.0906	0.0927	0.0892	0.0890	0.1039	0.0897	0.0882	0.0902	0.0886	0.0889	0.0894	0.0928	0.1038	0.0969	0.0909	0.0819	0.0866	0.0858	0.0852	0.0864	0.1139	0.0978	0.0891	0.0943	0.0844	0.0905	0.0873	0.0856	0.1032	0.0891	0.0892	0.0921	0.0849	0.0847	0.0884	0.0877	0.0990	0.0899	0.0920	0.0924	0.0847	0.0864	0.0892	0.0872	0.0975	0.0901	0.0901	0.0899	0.0890	0.0897	0.0909	0.0917	
0.1079	0.0991	0.0912	0.0904	0.0878	0.0934	0.0909	0.0988	0.1091	0.0954	0.0901	0.0888	0.0878	0.0922	0.0873	0.0876	0.1065	0.0907	0.0876	0.0908	0.0887	0.0870	0.0879	0.0874	0.1087	0.0965	0.0931	0.0806	0.0869	0.0880	0.0870	0.0915	0.1176	0.0975	0.0895	0.0949	0.0892	0.0964	0.0898	0.0895	0.1062	0.0899	0.0907	0.0907	0.0869	0.0890	0.0913	0.0872	0.1016	0.0891	0.0903	0.0928	0.0876	0.0903	0.0917	0.0902	0.1000	0.0942	0.0918	0.0903	0.0891	0.0878	0.0886	0.0889	
0.1104	0.1006	0.0923	0.0922	0.0957	0.0968	0.0933	0.0995	0.1128	0.0961	0.0909	0.0892	0.0907	0.0977	0.0899	0.0900	0.1105	0.0900	0.0894	0.0896	0.0896	0.0881	0.0935	0.0890	0.1089	0.0967	0.0923	0.0813	0.0929	0.0870	0.0919	0.0894	0.1202	0.0984	0.0912	0.0954	0.0882	0.0940	0.0947	0.0920	0.1074	0.0919	0.0896	0.0918	0.0888	0.0905	0.0926	0.0895	0.1047	0.0886	0.0921	0.0927	0.0877	0.0894	0.0882	0.0884	0.1020	0.0916	0.0912	0.0901	0.0989	0.0983	0.0981	0.1002	
0.1127	0.1022	0.0928	0.0912	0.0887	0.0874	0.0907	0.0953	0.1142	0.0971	0.0890	0.0884	0.0854	0.0840	0.0803	0.0812	0.1112	0.0907	0.0874	0.0890	0.0783	0.0809	0.0800	0.0831	0.1120	0.0960	0.0910	0.0815	0.0797	0.0802	0.0809	0.0802	0.1227	0.0984	0.0889	0.0942	0.0823	0.0881	0.0843	0.0838	0.1094	0.0887	0.0913	0.0912	0.0796	0.0794	0.0802	0.0810	0.1040	0.0878	0.0898	0.0920	0.0838	0.0827	0.0826	0.0819	0.1067	0.0906	0.0906	0.0892	0.0808	0.0811	0.0819	0.0818	
0.1174	0.1034	0.0934	0.0912	0.0869	0.0913	0.0910	0.0924	0.1182	0.0972	0.0900	0.0881	0.0861	0.0880	0.0891	0.0861	0.1144	0.0915	0.0897	0.0899	0.0864	0.0863	0.0896	0.0909	0.1153	0.0961	0.0931	0.0817	0.0852	0.0870	0.0912	0.0910	0.1246	0.0979	0.0900	0.0947	0.0864	0.0914	0.0895	0.0861	0.1106	0.0906	0.0904	0.0921	0.0843	0.0874	0.0872	0.0876	0.1068	0.0897	0.0925	0.0941	0.0843	0.0900	0.0867	0.0878	0.1131	0.0915	0.0915	0.0915	0.0885	0.0878	0.0886	0.0895	
0.1220	0.1067	0.0939	0.0910	0.0933	0.0918	0.0916	0.0997	0.1231	0.0984	0.0907	0.0885	0.0894	0.0952	0.0874	0.0908	0.1174	0.0907	0.0880	0.0902	0.0878	0.0917	0.0923	0.0916	0.1169	0.0977	0.0921	0.0821	0.0920	0.0903	0.0905	0.0925	0.1270	0.0998	0.0895	0.0940	0.0883	0.0961	0.0924	0.0919	0.1136	0.0891	0.0893	0.0914	0.0860	0.0934	0.0914	0.0877	0.1092	0.0892	0.0895	0.0923	0.0878	0.0887	0.0967	0.0904	0.1060	0.0929	0.0897	0.0895	0.0905	0.0898	0.0911	0.0904	
0.1255	0.1097	0.0948	0.0923	0.0877	0.0912	0.0877	0.0955	0.1267	0.0989	0.0919	0.0888	0.0860	0.0910	0.0851	0.0851	0.1230	0.0923	0.0901	0.0909	0.0864	0.0881	0.0876	0.0869	0.1226	0.0990	0.0928	0.0796	0.0856	0.0861	0.0850	0.0864	0.1311	0.0982	0.0889	0.0962	0.0894	0.0936	0.0884	0.0888	0.1186	0.0896	0.0894	0.0900	0.0913	0.0899	0.0919	0.0901	0.1133	0.0882	0.0916	0.0930	0.0887	0.0925	0.0928	0.0884	0.1078	0.0910	0.0901	0.0904	0.0868	0.0875	0.0858	0.0866	
0.1314	0.1119	0.0948	0.0924	0.0826	0.0877	0.0872	0.0885	0.1337	0.1000	0.0899	0.0891	0.0839	0.0829	0.0843	0.0845	0.1261	0.0909	0.0887	0.0884	0.0847	0.0824	0.0803	0.0846	0.1261	0.0970	0.0928	0.0789	0.0847	0.0833	0.0848	0.0807	0.1335	0.0994	0.0899	0.0946	0.0835	0.0856	0.0865	0.0857	0.1221	0.0922	0.0897	0.0914	0.0824	0.0826	0.0837	0.0798	0.1133	0.0891	0.0895	0.0930	0.0808	0.0857	0.0848	0.0827	0.1093	0.0911	0.0911	0.0912	0.0840	0.0824	0.0818	0.0818	
0.1364	0.1145	0.0956	0.0926	0.0887	0.0932	0.0883	0.0922	0.1366	0.1015	0.0902	0.0890	0.0901	0.0969	0.0883	0.0886	0.1302	0.0915	0.0891	0.0889	0.0855	0.0882	0.0887	0.0847	0.1290	0.0980	0.0928	0.0800	0.0884	0.0899	0.0909	0.0917	0.1391	0.0997	0.0889	0.0939	0.0896	0.0923	0.0921	0.0901	0.1242	0.0907	0.0903	0.0916	0.0867	0.0851	0.0856	0.0863	0.1169	0.0899	0.0899	0.0932	0.0858	0.0874	0.0927	0.0921	0.1154	0.0911	0.0906	0.0900	0.0891	0.0893	0.0917	0.0899	
0.1451	0.1218	0.0988	0.0946	0.0915	0.0931	0.0922	0.0972	0.1489	0.1037	0.0921	0.0891	0.0965	0.0957	0.0917	0.0943	0.1377	0.0939	0.0899	0.0910	0.0896	0.0910	0.0917	0.0909	0.1389	0.0981	0.0929	0.0789	0.0917	0.0881	0.0933	0.0923	0.1459	0.0998	0.0903	0.0949	0.0905	0.0985	0.0916	0.0886	0.1320	0.0917	0.0918	0.0919	0.0869	0.0866	0.0928	0.0938	0.1218	0.0907	0.0928	0.0942	0.0868	0.0943	0.0897	0.0915	0.1217	0.0921	0.0920	0.0915	0.0933	0.0953	0.0882	0.0870	
0.1493	0.1236	0.0981	0.0938	0.0928	0.0923	0.0927	0.0939	0.1527	0.1033	0.0902	0.0883	0.0892	0.0934	0.0913	0.0881	0.1415	0.0915	0.0882	0.0890	0.0886	0.0913	0.0903	0.0887	0.1409	0.0984	0.0916	0.0783	0.0925	0.0925	0.0903	0.0909	0.1498	0.1002	0.0893	0.0931	0.0896	0.0983	0.0937	0.0917	0.1330	0.0905	0.0890	0.0895	0.0949	0.0969	0.0937	0.0966	0.1223	0.0899	0.0911	0.0921	0.0933	0.0940	0.0971	0.0955	0.1157	0.0924	0.0907	0.0894	0.0977	0.0923	0.0921	0.0983	
0.1604	0.1283	0.1006	0.0958	0.0881	0.0905	0.0935	0.0906	0.1654	0.1061	0.0910	0.0893	0.0872	0.0867	0.0887	0.0876	0.1527	0.0933	0.0888	0.0893	0.0864	0.0885	0.0861	0.0876	0.1528	0.0998	0.0930	0.0795	0.0850	0.0832	0.0883	0.0852	0.1577	0.0997	0.0904	0.0951	0.0822	0.0909	0.0859	0.0865	0.1415	0.0913	0.0909	0.0916	0.0832	0.0856	0.0865	0.0835	0.1282	0.0906	0.0912	0.0932	0.0830	0.0871	0.0839	0.0835	0.1175	0.0915	0.0920	0.0910	0.0850	0.0856	0.0872	0.0865	
0.1689	0.1344	0.1013	0.0957	0.0868	0.0890	0.0878	0.0940	0.1739	0.1077	0.0896	0.0882	0.0865	0.0923	0.0866	0.0840	0.1591	0.0946	0.0889	0.0884	0.0837	0.0843	0.0843	0.0870	0.1589	0.1006	0.0924	0.0814	0.0852	0.0845	0.0843	0.0859	0.1627	0.0992	0.0892	0.0943	0.0842	0.0882	0.0859	0.0863	0.1463	0.0913	0.0904	0.0905	0.0840	0.0841	0.0868	0.0848	0.1326	0.0900	0.0905	0.0932	0.0843	0.0862	0.0847	0.0846	0.1187	0.0927	0.0898	0.0902	0.0846	0.0858	0.0870	0.0846	
0.1811	0.1421	0.1034	0.0990	0.0881	0.0957	0.0916	0.0956	0.1847	0.1100	0.0903	0.0896	0.0896	0.0928	0.0878	0.0917	0.1679	0.0959	0.0903	0.0906	0.0861	0.0890	0.0941	0.0898	0.1718	0.1003	0.0928	0.0821	0.0876	0.0867	0.0898	0.0857	0.1719	0.1003	0.0902	0.0958	0.0869	0.0942	0.0907	0.0902	0.1533	0.0934	0.0905	0.0911	0.0882	0.0884	0.0920	0.0927	0.1379	0.0903	0.0912	0.0921	0.0892	0.0907	0.0921	0.0866	0.1276	0.0930	0.0917	0.0904	0.0901	0.0908	0.0902	0.0922	
0.1934	0.1477	0.1043	0.0986	0.0961	0.0970	0.0947	0.0961	0.1994	0.1129	0.0906	0.0886	0.0870	0.0931	0.0882	0.0889	0.1817	0.0943	0.0890	0.0888	0.0879	0.0869	0.0885	0.0892	0.1829	0.0992	0.0919	0.0830	0.0920	0.0865	0.0895	0.0883	0.1813	0.0987	0.0898	0.0949	0.0931	0.1005	0.0938	0.0931	0.1613	0.0913	0.0897	0.0900	0.0879	0.0929	0.0910	0.0895	0.1427	0.0894	0.0908	0.0926	0.0856	0.0900	0.0919	0.0934	0.1261	0.0918	0.0910	0.0899	0.0918	0.0881	0.0873	0.0884	
0.2060	0.1569	0.1075	0.1002	0.0880	0.0884	0.0910	0.0909	0.2105	0.1179	0.0912	0.0888	0.0880	0.0875	0.0863	0.0865	0.1941	0.0970	0.0884	0.0911	0.0870	0.0877	0.0860	0.0892	0.1930	0.1007	0.0933	0.0856	0.0857	0.0892	0.0877	0.0874	0.1916	0.1015	0.0911	0.0948	0.0877	0.0941	0.0929	0.0897	0.1692	0.0925	0.0917	0.0914	0.0880	0.0854	0.0922	0.0871	0.1487	0.0908	0.0918	0.0926	0.0858	0.0871	0.0875	0.0866	0.1287	0.0933	0.0912	0.0904	0.0891	0.0876	0.0866	0.0883	
0.2233	0.1651	0.1101	0.1007	0.0940	0.0951	0.0892	0.0943	0.2261	0.1195	0.0910	0.0892	0.0910	0.0933	0.0904	0.0881	0.2063	0.0975	0.0905	0.0897	0.0903	0.0872	0.0906	0.0914	0.2059	0.1015	0.0936	0.0865	0.0899	0.0892	0.0935	0.0910	0.2015	0.1026	0.0908	0.0951	0.0905	0.0949	0.0921	0.0910	0.1741	0.0925	0.0911	0.0915	0.0894	0.0899	0.0918	0.0894	0.1563	0.0921	0.0915	0.0928	0.0882	0.0885	0.0902	0.0908	0.1276	0.0925	0.0907	0.0896	0.0909	0.0916	0.0927	0.0901	
0.2391	0.1749	0.1125	0.1019	0.0928	0.0906	0.0918	0.0979	0.2456	0.1246	0.0914	0.0884	0.0878	0.0918	0.0906	0.0928	0.2171	0.0976	0.0870	0.0876	0.0897	0.0893	0.0906	0.0890	0.2137	0.0998	0.0911	0.0870	0.0871	0.0879	0.0881	0.0896	0.2116	0.0990	0.0876	0.0927	0.0891	0.0953	0.0895	0.0911	0.1824	0.0901	0.0887	0.0881	0.0912	0.0877	0.0931	0.0902	0.1578	0.0891	0.0895	0.0910	0.0909	0.0891	0.0905	0.0926	0.1274	0.0926	0.0888	0.0894	0.0907	0.0915	0.0922	0.0893	
0.2602	0.1888	0.1177	0.1045	0.0937	0.0936	0.0910	0.0940	0.2653	0.1282	0.0925	0.0888	0.0881	0.0908	0.0878	0.0885	0.2387	0.0997	0.0882	0.0894	0.0942	0.0895	0.0888	0.0952	0.2367	0.1028	0.0930	0.0876	0.0942	0.0910	0.0892	0.0891	0.2269	0.1026	0.0905	0.0942	0.0907	0.0986	0.0913	0.0884	0.1960	0.0928	0.0914	0.0917	0.0882	0.0872	0.0882	0.0923	0.1676	0.0922	0.0920	0.0939	0.0891	0.0898	0.0908	0.0928	0.1327	0.0931	0.0920	0.0912	0.0884	0.0895	0.0928	0.0915	
0.2794	0.2026	0.1204	0.1080	0.0978	0.0955	0.0886	0.0962	0.2889	0.1341	0.0927	0.0886	0.0833	0.0869	0.0831	0.0835	0.2554	0.1034	0.0892	0.0892	0.0832	0.0859	0.0862	0.0855	0.2484	0.1039	0.0931	0.0874	0.0870	0.0832	0.0844	0.0852	0.2378	0.1030	0.0893	0.0960	0.0854	0.0905	0.0880	0.0849	0.2077	0.0939	0.0912	0.0915	0.0866	0.0877	0.0853	0.0868	0.1772	0.0925	0.0926	0.0943	0.0844	0.0884	0.0916	0.0881	0.1370	0.0927	0.0908	0.0900	0.0850	0.0912	0.0875	0.0907	
0.3031	0.2157	0.1254	0.1074	0.0950	0.0936	0.0901	0.0963	0.3071	0.1408	0.0910	0.0876	0.0905	0.0925	0.0884	0.0887	0.2774	0.1045	0.0886	0.0894	0.0884	0.0887	0.0895	0.0895	0.2716	0.1042	0.0922	0.0882	0.0890	0.0870	0.0915	0.0928	0.2563	0.1025	0.0892	0.0959	0.0901	0.0971	0.0926	0.0904	0.2209	0.0923	0.0906	0.0901	0.0889	0.0884	0.0886	0.0889	0.1836	0.0945	0.0915	0.0931	0.0872	0.0905	0.0889	0.0910	0.1384	0.0953	0.0906	0.0900	0.0889	0.0904	0.0911	0.0920	
0.3269	0.2385	0.1305	0.1108	0.0967	0.0994	0.0926	0.0974	0.3343	0.1504	0.0923	0.0883	0.0900	0.0917	0.0891	0.0899	0.2974	0.1073	0.0886	0.0899	0.0892	0.0912	0.0914	0.0913	0.2885	0.1057	0.0929	0.0890	0.0948	0.0946	0.0962	0.0967	0.2767	0.1020	0.0911	0.0943	0.0941	0.1004	0.0956	0.0923	0.2331	0.0935	0.0907	0.0907	0.0884	0.0917	0.0898	0.0890	0.1960	0.0921	0.0922	0.0932	0.0896	0.0922	0.0915	0.0887	0.1438	0.0956	0.0934	0.0904	0.0907	0.0916	0.0919	0.0901	
0.3486	0.2544	0.1355	0.1149	0.0946	0.0968	0.0960	0.0923	0.3557	0.1577	0.0916	0.0890	0.0910	0.0915	0.0869	0.0890	0.3205	0.1089	0.0889	0.0896	0.0860	0.0887	0.0912	0.0922	0.3069	0.1072	0.0929	0.0896	0.0877	0.0876	0.0888	0.0880	0.2871	0.1034	0.0892	0.0938	0.0874	0.0924	0.0893	0.0891	0.2513	0.0941	0.0912	0.0901	0.0873	0.0867	0.0862	0.0876	0.2037	0.0934	0.0910	0.0935	0.0877	0.0916	0.0909	0.0873	0.1450	0.0936	0.0914	0.0906	0.0883	0.0899	0.0881	0.0896	
0.3740	0.2733	0.1433	0.1178	0.0997	0.1012	0.0990	0.1026	0.3822	0.1683	0.0923	0.0890	0.0929	0.0941	0.0928	0.0929	0.3447	0.1134	0.0894	0.0905	0.0919	0.0919	0.0930	0.0992	0.3317	0.1080	0.0932	0.0887	0.0909	0.0902	0.0933	0.0914	0.3108	0.1056	0.0890	0.0959	0.0912	0.1012	0.0931	0.0962	0.2673	0.0948	0.0922	0.0902	0.0936	0.0962	0.0969	0.0961	0.2143	0.0927	0.0913	0.0935	0.0953	0.0970	0.0941	0.0978	0.1505	0.0949	0.0913	0.0898	0.0956	0.0994	0.0948	0.0962	
0.4034	0.2950	0.1483	0.1204	0.0955	0.0976	0.0924	0.0985	0.4083	0.1807	0.0917	0.0897	0.0894	0.0972	0.0910	0.0881	0.3693	0.1180	0.0891	0.0907	0.0907	0.0913	0.0916	0.0906	0.3492	0.1106	0.0929	0.0890	0.0881	0.0888	0.0896	0.0921	0.3291	0.1052	0.0912	0.0957	0.0905	0.0972	0.0913	0.0916	0.2866	0.0928	0.0902	0.0912	0.0891	0.0905	0.0892	0.0898	0.2241	0.0932	0.0902	0.0942	0.0872	0.0934	0.0926	0.0939	0.1517	0.0944	0.0925	0.0911	0.0905	0.0889	0.0893	0.0896	
0.4274	0.3217	0.1565	0.1238	0.1009	0.0953	0.0906	0.0956	0.4342	0.1931	0.0913	0.0898	0.0845	0.0907	0.0878	0.0877	0.3966	0.1209	0.0894	0.0893	0.0876	0.0882	0.0900	0.0878	0.3723	0.1120	0.0944	0.0898	0.0916	0.0861	0.0885	0.0897	0.3472	0.1033	0.0891	0.0949	0.0895	0.0938	0.0921	0.0875	0.3004	0.0956	0.0910	0.0900	0.0897	0.0887	0.0866	0.0885	0.2401	0.0921	0.0908	0.0939	0.0852	0.0870	0.0915	0.0918	0.1544	0.0936	0.0915	0.0910	0.0874	0.0888	0.0872	0.0898	
0.4595	0.3429	0.1671	0.1281	0.1028	0.1007	0.0923	0.0971	0.4602	0.2058	0.0923	0.0886	0.0873	0.0930	0.0899	0.0903	0.4256	0.1255	0.0888	0.0903	0.0857	0.0911	0.0883	0.0906	0.3992	0.1152	0.0931	0.0893	0.0891	0.0872	0.0909	0.0892	0.3656	0.1043	0.0904	0.0948	0.0916	0.0927	0.0923	0.0912	0.3181	0.0943	0.0904	0.0919	0.0897	0.0869	0.0879	0.0859	0.2498	0.0928	0.0902	0.0926	0.0872	0.0869	0.0885	0.0897	0.1617	0.0948	0.0905	0.0901	0.0931	0.0899	0.0907	0.0910	
0.4890	0.3704	0.1774	0.1351	0.0977	0.1024	0.0910	0.0966	0.4962	0.2214	0.0933	0.0894	0.0856	0.0900	0.0874	0.0859	0.4491	0.1302	0.0900	0.0901	0.0824	0.0894	0.0862	0.0885	0.4242	0.1171	0.0940	0.0900	0.0881	0.0835	0.0862	0.0873	0.3881	0.1057	0.0899	0.0958	0.0865	0.0913	0.0916	0.0865	0.3393	0.0960	0.0904	0.0916	0.0895	0.0887	0.0876	0.0847	0.2596	0.0944	0.0928	0.0953	0.0850	0.0875	0.0878	0.0866	0.1645	0.0965	0.0934	0.0906	0.0885	0.0865	0.0860	0.0888	
0.5172	0.3931	0.1869	0.1403	0.1032	0.1040	0.0947	0.1009	0.5189	0.2386	0.0931	0.0889	0.0911	0.0941	0.0927	0.0900	0.4814	0.1370	0.0895	0.0896	0.0887	0.0945	0.0922	0.0917	0.4507	0.1183	0.0931	0.0900	0.0918	0.0888	0.0879	0.0924	0.4115	0.1056	0.0895	0.0944	0.0897	0.0969	0.0940	0.0921	0.3560	0.0949	0.0900	0.0906	0.0909	0.0903	0.0904	0.0911	0.2707	0.0938	0.0912	0.0936	0.0893	0.0906	0.0898	0.0905	0.1668	0.1042	0.0920	0.0900	0.0942	0.0923	0.0933	0.0927	
0.5458	0.4229	0.2003	0.1495	0.1023	0.0992	0.0926	0.0975	0.5539	0.2584	0.0940	0.0902	0.0870	0.0897	0.0883	0.0871	0.5094	0.1438	0.0898	0.0901	0.0852	0.0905	0.0863	0.0907	0.4766	0.1227	0.0941	0.0898	0.0854	0.0875	0.0873	0.0895	0.4355	0.1054	0.0893	0.0952	0.0866	0.0927	0.0854	0.0890	0.3870	0.0962	0.0923	0.0899	0.0855	0.0885	0.0897	0.0866	0.2883	0.0940	0.0914	0.0942	0.0853	0.0879	0.0885	0.0884	0.1681	0.0969	0.0932	0.0912	0.0888	0.0896	0.0884	0.0899	
0.5733	0.4482	0.2106	0.1551	0.1038	0.0995	0.0920	0.0977	0.5871	0.2835	0.0942	0.0900	0.0853	0.0903	0.0860	0.0843	0.5308	0.1514	0.0913	0.0914	0.0832	0.0864	0.0947	0.0895	0.5095	0.1253	0.0940	0.0893	0.0847	0.0859	0.0848	0.0868	0.4616	0.1071	0.0901	0.0945	0.0865	0.0941	0.0895	0.0889	0.4051	0.0957	0.0903	0.0906	0.0851	0.0839	0.0843	0.0855	0.3018	0.0940	0.0923	0.0940	0.0821	0.0854	0.0903	0.0896	0.1705	0.0962	0.0932	0.0915	0.0881	0.0894	0.0856	0.0881	
0.5902	0.4714	0.2276	0.1637	0.1073	0.1023	0.0903	0.0958	0.6037	0.3010	0.0952	0.0894	0.0817	0.0917	0.0910	0.0881	0.5607	0.1604	0.0903	0.0907	0.0821	0.0851	0.0874	0.0896	0.5330	0.1290	0.0935	0.0893	0.0865	0.0879	0.0845	0.0869	0.4892	0.1082	0.0895	0.0951	0.0851	0.0880	0.0900	0.0850	0.4253	0.0970	0.0917	0.0907	0.0861	0.0863	0.0855	0.0892	0.3174	0.0944	0.0920	0.0941	0.0855	0.0886	0.0905	0.0882	0.1772	0.0960	0.0919	0.0909	0.0910	0.0882	0.0863	0.0862	
0.6144	0.4978	0.2449	0.1743	0.1111	0.1093	0.0957	0.1002	0.6290	0.3227	0.0945	0.0893	0.0849	0.0871	0.0830	0.0840	0.5909	0.1702	0.0897	0.0906	0.0823	0.0835	0.0885	0.0841	0.5650	0.1317	0.0930	0.0900	0.0866	0.0831	0.0829	0.0831	0.5154	0.1093	0.0884	0.0949	0.0841	0.0882	0.0876	0.0870	0.4412	0.0964	0.0910	0.0915	0.0869	0.0884	0.0894	0.0869	0.3321	0.0946	0.0917	0.0935	0.0860	0.0885	0.0886	0.0868	0.1813	0.0954	0.0923	0.0901	0.0900	0.0898	0.0895	0.0899	
0.6428	0.5174	0.2573	0.1831	0.1123	0.1124	0.0962	0.1046	0.6603	0.3482	0.0952	0.0894	0.0886	0.0937	0.0927	0.0897	0.6087	0.1799	0.0893	0.0901	0.0891	0.0924	0.0892	0.0906	0.5985	0.1348	0.0937	0.0884	0.0921	0.0873	0.0910	0.0915	0.5383	0.1102	0.0899	0.0950	0.0908	0.0957	0.0936	0.0918	0.4724	0.0969	0.0894	0.0900	0.0909	0.0892	0.0901	0.0914	0.3395	0.0941	0.0906	0.0935	0.0891	0.0927	0.0915	0.0903	0.1840	0.0975	0.0909	0.0903	0.0926	0.0946	0.0920	0.0937	
0.6670	0.5381	0.2755	0.1929	0.1170	0.1141	0.0992	0.1043	0.6823	0.3717	0.0954	0.0890	0.0872	0.0921	0.0894	0.0899	0.6414	0.1932	0.0897	0.0902	0.0887	0.0900	0.0909	0.0903	0.6279	0.1391	0.0934	0.0885	0.0927	0.0888	0.0891	0.0909	0.5644	0.1119	0.0892	0.0947	0.0907	0.0950	0.0914	0.0911	0.4891	0.0974	0.0900	0.0896	0.0868	0.0910	0.0911	0.0910	0.3593	0.0955	0.0918	0.0927	0.0880	0.0910	0.0902	0.0929	0.1883	0.0961	0.0919	0.0894	0.0935	0.0918	0.0961	0.0922	
0.6873	0.5553	0.2919	0.2065	0.1184	0.1155	0.0967	0.1078	0.7055	0.3989	0.0961	0.0901	0.0879	0.0872	0.0849	0.0843	0.6735	0.2088	0.0909	0.0910	0.0862	0.0856	0.0865	0.0857	0.6580	0.1446	0.0939	0.0889	0.0860	0.0863	0.0881	0.0879	0.5986	0.1125	0.0904	0.0955	0.0873	0.0892	0.0861	0.0876	0.5250	0.0976	0.0917	0.0902	0.0878	0.0896	0.0895	0.0881	0.3763	0.0953	0.0922	0.0935	0.0892	0.0901	0.0911	0.0885	0.1927	0.0962	0.0923	0.0923	0.0904	0.0897	0.0904	0.0907	
0.7004	0.5699	0.3074	0.2220	0.1222	0.1208	0.1001	0.1087	0.7235	0.4276	0.0963	0.0897	0.0901	0.0933	0.0905	0.0897	0.6907	0.2219	0.0906	0.0914	0.0898	0.0912	0.0908	0.0912	0.6854	0.1528	0.0938	0.0886	0.0892	0.0886	0.0912	0.0917	0.6205	0.1142	0.0898	0.0942	0.0892	0.0973	0.0912	0.0929	0.5381	0.0988	0.0906	0.0906	0.0916	0.0891	0.0913	0.0915	0.3906	0.0956	0.0931	0.0932	0.0906	0.0906	0.0916	0.0907	0.1908	0.0966	0.0928	0.0908	0.0915	0.0911	0.0903	0.0892	
0.7153	0.5903	0.3264	0.2312	0.1307	0.1233	0.1078	0.1078	0.7234	0.4492	0.0976	0.0901	0.0919	0.0936	0.0914	0.0911	0.7082	0.2382	0.0900	0.0909	0.0915	0.0923	0.0947	0.0912	0.6996	0.1562	0.0931	0.0881	0.0948	0.0882	0.0938	0.0925	0.6450	0.1163	0.0885	0.0948	0.0924	0.0991	0.0952	0.0948	0.5652	0.0995	0.0900	0.0902	0.0942	0.0904	0.0933	0.0911	0.4143	0.0956	0.0910	0.0949	0.0900	0.0948	0.0906	0.0912	0.1889	0.0960	0.0926	0.0927	0.0951	0.0911	0.0927	0.0927	
0.7191	0.6055	0.3403	0.2459	0.1326	0.1271	0.1085	0.1110	0.7299	0.4779	0.0970	0.0901	0.0940	0.0937	0.0876	0.0857	0.7145	0.2509	0.0908	0.0896	0.0870	0.0924	0.0886	0.0935	0.7018	0.1627	0.0926	0.0878	0.0904	0.0879	0.0908	0.0902	0.6643	0.1142	0.0891	0.0958	0.0903	0.0962	0.0886	0.0897	0.5914	0.0988	0.0894	0.0901	0.0923	0.0962	0.0878	0.0887	0.4399	0.0952	0.0909	0.0921	0.0900	0.0905	0.0936	0.0870	0.1998	0.0959	0.0918	0.0896	0.0932	0.0905	0.0903	0.0883	
0.7195	0.6292	0.3551	0.2627	0.1407	0.1343	0.1104	0.1112	0.7315	0.5066	0.0987	0.0898	0.0886	0.0944	0.0931	0.0896	0.7224	0.2736	0.0917	0.0905	0.0902	0.0904	0.0940	0.0959	0.7154	0.1713	0.0944	0.0873	0.0867	0.0859	0.0894	0.0887	0.6721	0.1171	0.0908	0.0951	0.0881	0.0939	0.0912	0.0892	0.6081	0.1009	0.0909	0.0919	0.0915	0.0876	0.0885	0.0888	0.4456	0.0962	0.0930	0.0938	0.0886	0.0918	0.0963	0.0902	0.1983	0.0977	0.0912	0.0905	0.0910	0.0897	0.0930	0.0911	
0.7253	0.6509	0.3701	0.2776	0.1467	0.1399	0.1129	0.1132	0.7362	0.5328	0.0995	0.0896	0.0871	0.0912	0.0872	0.0885	0.7248	0.2897	0.0911	0.0904	0.0901	0.0903	0.0849	0.0920	0.7209	0.1794	0.0930	0.0871	0.0905	0.0846	0.0877	0.0872	0.6859	0.1188	0.0889	0.0930	0.0886	0.0962	0.0894	0.0868	0.6420	0.0993	0.0897	0.0905	0.0846	0.0830	0.0884	0.0861	0.4722	0.0951	0.0907	0.0917	0.0857	0.0863	0.0898	0.0875	0.1954	0.0946	0.0917	0.0897	0.0834	0.0907	0.0875	0.0866	
0.7283	0.6663	0.3771	0.2910	0.1528	0.1418	0.1124	0.1171	0.7384	0.5565	0.1000	0.0905	0.0870	0.0878	0.0844	0.0888	0.7198	0.3154	0.0914	0.0909	0.0852	0.0870	0.0854	0.0868	0.7226	0.1880	0.0951	0.0882	0.0861	0.0860	0.0870	0.0888	0.6949	0.1198	0.0894	0.0952	0.0858	0.0924	0.0849	0.0902	0.6642	0.1001	0.0918	0.0912	0.0886	0.0883	0.0880	0.0871	0.4993	0.0973	0.0924	0.0931	0.0853	0.0905	0.0894	0.0883	0.2131	0.0982	0.0925	0.0920	0.0856	0.0875	0.0868	0.0852	
0.7315	0.6819	0.3914	0.3074	0.1599	0.1460	0.1124	0.1216	0.7423	0.5778	0.1010	0.0905	0.0897	0.0878	0.0913	0.0864	0.7328	0.3343	0.0915	0.0910	0.0888	0.0932	0.0908	0.0902	0.7287	0.1980	0.0953	0.0880	0.0854	0.0859	0.0869	0.0934	0.6912	0.1220	0.0898	0.0944	0.0921	0.0930	0.0855	0.0874	0.6696	0.1009	0.0903	0.0905	0.0869	0.0855	0.0909	0.0891	0.5282	0.0976	0.0911	0.0929	0.0887	0.0900	0.0938	0.0895	0.2020	0.0964	0.0928	0.0907	0.0907	0.0838	0.0894	0.0895	
0.7310	0.6865	0.4038	0.3214	0.1663	0.1537	0.1209	0.1233	0.7506	0.5944	0.1007	0.0910	0.0903	0.0937	0.0927	0.0924	0.7334	0.3533	0.0910	0.0908	0.0899	0.0922	0.0902	0.0921	0.7396	0.2043	0.0947	0.0879	0.0914	0.0878	0.0888	0.0935	0.7022	0.1223	0.0899	0.0937	0.0889	0.0914	0.0934	0.0890	0.6867	0.1017	0.0893	0.0900	0.0903	0.0923	0.0931	0.0888	0.5456	0.0968	0.0920	0.0927	0.0880	0.0916	0.0911	0.0895	0.2068	0.0964	0.0905	0.0902	0.0884	0.0879	0.0908	0.0889	
0.7369	0.6906	0.4179	0.3285	0.1751	0.1634	0.1222	0.1250	0.7503	0.6199	0.1022	0.0900	0.0916	0.0924	0.0915	0.0908	0.7329	0.3807	0.0921	0.0907	0.0876	0.0890	0.0906	0.0906	0.7420	0.2153	0.0940	0.0874	0.0883	0.0900	0.0901	0.0873	0.7070	0.1254	0.0891	0.0940	0.0878	0.0949	0.0909	0.0899	0.6821	0.1027	0.0900	0.0895	0.0880	0.0864	0.0922	0.0885	0.5688	0.0977	0.0910	0.0937	0.0872	0.0878	0.0875	0.0898	0.2171	0.0965	0.0919	0.0909	0.0918	0.0938	0.0905	0.0885	
0.7367	0.6947	0.4295	0.3364	0.1842	0.1642	0.1245	0.1220	0.7493	0.6421	0.1056	0.0907	0.0897	0.0917	0.0850	0.0950	0.7402	0.4025	0.0920	0.0909	0.0840	0.0854	0.0830	0.0896	0.7377	0.2391	0.0943	0.0872	0.0860	0.0864	0.0862	0.0839	0.7063	0.1286	0.0905	0.0937	0.0873	0.0926	0.0890	0.0886	0.6996	0.1041	0.0903	0.0914	0.0870	0.0856	0.0862	0.0882	0.5852	0.0990	0.0925	0.0931	0.0865	0.0837	0.0888	0.0906	0.2144	0.0963	0.0918	0.0902	0.0867	0.0862	0.0885	0.0906	
0.7391	0.6959	0.4460	0.3499	0.1949	0.1772	0.1253	0.1276	0.7471	0.6600	0.1046	0.0906	0.0878	0.0894	0.0881	0.0858	0.7368	0.4262	0.0924	0.0913	0.0834	0.0894	0.0897	0.0881	0.7411	0.2440	0.0942	0.0875	0.0934	0.0839	0.0851	0.0868	0.7068	0.1295	0.0908	0.0941	0.0836	0.0932	0.0867	0.0900	0.6864	0.1031	0.0899	0.0893	0.0863	0.0841	0.0870	0.0840	0.6117	0.0969	0.0915	0.0932	0.0829	0.0875	0.0883	0.0845	0.2269	0.0951	0.0923	0.0907	0.0856	0.0841	0.0876	0.0936	
0.7427	0.6994	0.4587	0.3604	0.2058	0.1846	0.1348	0.1363	0.7567	0.6807	0.1063	0.0914	0.0898	0.0934	0.0893	0.0902	0.7405	0.4486	0.0930	0.0923	0.0865	0.0941	0.0887	0.0873	0.7501	0.2585	0.0940	0.0873	0.0931	0.0905	0.0902	0.0907	0.7169	0.1323	0.0903	0.0943	0.0910	0.0972	0.0922	0.0935	0.7013	0.1051	0.0908	0.0904	0.0888	0.0933	0.0940	0.0925	0.6226	0.0993	0.0917	0.0937	0.0877	0.0908	0.0905	0.0923	0.2323	0.0969	0.0919	0.0914	0.0892	0.0859	0.0866	0.0921	
0.7428	0.6985	0.4727	0.3710	0.2085	0.1909	0.1342	0.1341	0.7624	0.6960	0.1070	0.0911	0.0894	0.0881	0.0806	0.0823	0.7395	0.4725	0.0933	0.0901	0.0882	0.0899	0.0864	0.0848	0.7531	0.2719	0.0945	0.0863	0.0841	0.0803	0.0882	0.0832	0.7198	0.1347	0.0895	0.0944	0.0816	0.0890	0.0852	0.0856	0.7020	0.1060	0.0900	0.0898	0.0800	0.0849	0.0844	0.0823	0.6391	0.0987	0.0912	0.0942	0.0849	0.0854	0.0842	0.0838	0.2259	0.1063	0.0921	0.0920	0.0819	0.0939	0.0855	0.0824	
0.7400	0.7040	0.5095	0.3802	0.2286	0.1955	0.1400	0.1420	0.7552	0.7009	0.1094	0.0920	0.0867	0.0899	0.0881	0.0895	0.7451	0.4973	0.0931	0.0908	0.0842	0.0878	0.0857	0.0869	0.7461	0.2926	0.0952	0.0860	0.0907	0.0834	0.0882	0.0851	0.7199	0.1372	0.0907	0.0948	0.0868	0.0951	0.0900	0.0933	0.7075	0.1074	0.0908	0.0912	0.0931	0.0889	0.0886	0.0905	0.6413	0.0994	0.0912	0.0943	0.0882	0.0916	0.0904	0.0869	0.2180	0.0968	0.0919	0.0903	0.0953	0.0936	0.0895	0.0946	
0.7444	0.7032	0.5328	0.3873	0.2321	0.2108	0.1474	0.1483	0.7637	0.7065	0.1095	0.0916	0.0878	0.0907	0.0872	0.0899	0.7439	0.5146	0.0925	0.0912	0.0862	0.0888	0.0875	0.0871	0.7558	0.3060	0.0943	0.0861	0.0853	0.0840	0.0874	0.0849	0.7277	0.1390	0.0894	0.0940	0.0866	0.0898	0.0882	0.0851	0.7125	0.1062	0.0906	0.0913	0.0835	0.0845	0.0851	0.0840	0.6548	0.0995	0.0924	0.0944	0.0823	0.0856	0.0859	0.0839	0.2327	0.0992	0.0917	0.0906	0.0867	0.0844	0.0841	0.0869	
0.7492	0.7025	0.5553	0.3951	0.2482	0.2224	0.1574	0.1567	0.7659	0.7134	0.1107	0.0925	0.0906	0.0934	0.0893	0.0888	0.7527	0.5345	0.0937	0.0920	0.0885	0.0906	0.0900	0.0895	0.7514	0.3253	0.0939	0.0860	0.0900	0.0905	0.0894	0.0887	0.7312	0.1417	0.0895	0.0937	0.0897	0.0950	0.0918	0.0898	0.6989	0.1093	0.0905	0.0910	0.0878	0.0888	0.0921	0.0888	0.6535	0.1005	0.0918	0.0932	0.0883	0.0893	0.0900	0.0928	0.2325	0.0960	0.0930	0.0901	0.0910	0.0968	0.0934	0.0918	
0.7489	0.7056	0.5635	0.3977	0.2533	0.2288	0.1651	0.1631	0.7659	0.7108	0.1126	0.0913	0.0898	0.0914	0.0864	0.0877	0.7509	0.5524	0.0934	0.0895	0.0884	0.0884	0.0853	0.0902	0.7510	0.3471	0.0939	0.0851	0.0873	0.0837	0.0928	0.0833	0.7343	0.1437	0.0896	0.0939	0.0884	0.0904	0.0891	0.0900	0.7115	0.1077	0.0895	0.0897	0.0830	0.0827	0.0873	0.0843	0.6644	0.1001	0.0920	0.0930	0.0828	0.0863	0.0845	0.0840	0.2446	0.1006	0.0916	0.0899	0.0871	0.0862	0.0834	0.0882	
0.7509	0.7054	0.5730	0.4120	0.2621	0.2348	0.1733	0.1676	0.7694	0.7120	0.1148	0.0925	0.0862	0.0941	0.0919	0.0900	0.7528	0.5683	0.0934	0.0914	0.0894	0.0872	0.0885	0.0871	0.7675	0.3605	0.0953	0.0851	0.0865	0.0822	0.0862	0.0840	0.7316	0.1462	0.0890	0.0936	0.0889	0.0904	0.0899	0.0854	0.7173	0.1099	0.0912	0.0898	0.0877	0.0885	0.0888	0.0863	0.6651	0.1001	0.0924	0.0932	0.0845	0.0864	0.0891	0.0879	0.2497	0.0974	0.0907	0.0907	0.0897	0.0878	0.0875	0.0868	
0.7517	0.7069	0.5854	0.4124	0.2741	0.2457	0.1784	0.1809	0.7670	0.7178	0.1155	0.0926	0.0881	0.0929	0.0887	0.0879	0.7670	0.5898	0.0941	0.0918	0.0904	0.0913	0.0918	0.0885	0.7635	0.3823	0.0940	0.0857	0.0889	0.0844	0.0898	0.0878	0.7417	0.1546	0.0897	0.0942	0.0900	0.0931	0.0868	0.0891	0.7182	0.1111	0.0909	0.0892	0.0894	0.0866	0.0906	0.0881	0.6688	0.1015	0.0910	0.0913	0.0856	0.0881	0.0896	0.0898	0.2498	0.0972	0.0911	0.0888	0.0881	0.0890	0.0896	0.0916	
0.7579	0.7101	0.5954	0.4156	0.2800	0.2531	0.1845	0.1821	0.7767	0.7125	0.1187	0.0921	0.0903	0.0941	0.0893	0.0898	0.7626	0.6030	0.0938	0.0927	0.0884	0.0888	0.0897	0.0845	0.7625	0.4048	0.0942	0.0854	0.0877	0.0874	0.0886	0.0868	0.7457	0.1556	0.0897	0.0944	0.0842	0.0953	0.0923	0.0885	0.7170	0.1114	0.0896	0.0904	0.0841	0.0896	0.0855	0.0882	0.6684	0.1011	0.0922	0.0927	0.0857	0.0883	0.0875	0.0886	0.2411	0.0957	0.0923	0.0901	0.0872	0.0877	0.0876	0.0880	
0.7575	0.7101	0.5929	0.4184	0.2871	0.2673	0.1940	0.1938	0.7734	0.7156	0.1200	0.0923	0.0882	0.0962	0.0894	0.0896	0.7646	0.6176	0.0953	0.0916	0.0887	0.0880	0.0873	0.0880	0.7704	0.4306	0.0951	0.0851	0.0858	0.0850	0.0905	0.0848	0.7523	0.1586	0.0892	0.0935	0.0852	0.0911	0.0869	0.0875	0.7286	0.1117	0.0900	0.0897	0.0937	0.0871	0.0873	0.0882	0.6719	0.1015	0.0926	0.0922	0.0878	0.0864	0.0878	0.0861	0.2398	0.0984	0.0910	0.0896	0.0931	0.0899	0.0913	0.0944	
0.7603	0.7106	0.5970	0.4176	0.2895	0.2661	0.1999	0.2024	0.7788	0.7156	0.1223	0.0921	0.0875	0.0921	0.0887	0.0874	0.7586	0.6186	0.0939	0.0906	0.0854	0.0870	0.0861	0.0869	0.7702	0.4499	0.0935	0.0846	0.0848	0.0850	0.0864	0.0860	0.7562	0.1626	0.0884	0.0935	0.0859	0.0903	0.0890	0.0885	0.7333	0.1126	0.0890	0.0888	0.0857	0.0848	0.0868	0.0883	0.6813	0.1025	0.0912	0.0925	0.0871	0.0851	0.0890	0.0833	0.2575	0.0978	0.0921	0.0893	0.0856	0.0862	0.0876	0.0879	
0.7636	0.7155	0.5999	0.4182	0.2976	0.2717	0.2090	0.2086	0.7812	0.7210	0.1250	0.0934	0.0908	0.0956	0.0921	0.0936	0.7745	0.6280	0.0952	0.0912	0.0889	0.0890	0.0888	0.0880	0.7734	0.4755	0.0940	0.0855	0.0863	0.0876	0.0923	0.0865	0.7610	0.1684	0.0895	0.0938	0.0859	0.0936	0.0897	0.0874	0.7238	0.1131	0.0901	0.0901	0.0889	0.0877	0.0899	0.0886	0.6845	0.1023	0.0912	0.0938	0.0858	0.0882	0.0892	0.0900	0.2713	0.0975	0.0922	0.0897	0.0901	0.0881	0.0891	0.0915	
0.7641	0.7168	0.6025	0.4236	0.3007	0.2779	0.2107	0.2134	0.7824	0.7166	0.1276	0.0941	0.0908	0.0918	0.0891	0.0898	0.7746	0.6294	0.0961	0.0917	0.0912	0.0893	0.0900	0.0893	0.7839	0.4979	0.0955	0.0853	0.0893	0.0887	0.0907	0.0897	0.7557	0.1751	0.0909	0.0940	0.0889	0.0949	0.0913	0.0901	0.7302	0.1163	0.0900	0.0895	0.0893	0.0893	0.0905	0.0872	0.6809	0.1036	0.0921	0.0935	0.0881	0.0895	0.0898	0.0888	0.2585	0.0985	0.0917	0.0903	0.0902	0.0887	0.0882	0.0938	
0.7683	0.7198	0.6129	0.4201	0.3021	0.2809	0.2165	0.2189	0.7795	0.7224	0.1297	0.0953	0.0959	0.0928	0.0935	0.0918	0.7793	0.6303	0.0953	0.0915	0.0876	0.0906	0.0922	0.0897	0.7800	0.5202	0.0947	0.0853	0.0976	0.0970	0.0916	0.0870	0.7556	0.1770	0.0890	0.0935	0.0920	0.0979	0.0930	0.0883	0.7320	0.1181	0.0902	0.0904	0.0868	0.0881	0.0892	0.0890	0.6814	0.1032	0.0915	0.0932	0.0889	0.0882	0.0891	0.0887	0.2594	0.0973	0.0909	0.0896	0.0934	0.0940	0.0913	0.0949	
0.7702	0.7171	0.6140	0.4225	0.3015	0.2789	0.2172	0.2144	0.7864	0.7232	0.1338	0.0945	0.0904	0.0923	0.0878	0.0903	0.7828	0.6336	0.0963	0.0920	0.0907	0.0889	0.0880	0.0951	0.7894	0.5411	0.0946	0.0844	0.0904	0.0895	0.0897	0.0898	0.7624	0.1828	0.0900	0.0938	0.0903	0.0933	0.0882	0.0925	0.7418	0.1192	0.0909	0.0904	0.0877	0.0863	0.0897	0.0878	0.6842	0.1035	0.0908	0.0930	0.0912	0.0878	0.0922	0.0897	0.2781	0.0964	0.0923	0.0905	0.0878	0.0882	0.0886	0.0931	
0.7712	0.7240	0.6160	0.4223	0.3009	0.2832	0.2258	0.2311	0.7922	0.7220	0.1367	0.0941	0.0925	0.0930	0.0910	0.0939	0.7781	0.6342	0.0960	0.0921	0.0894	0.0921	0.0889	0.0900	0.7844	0.5564	0.0957	0.0859	0.0906	0.0888	0.0916	0.0881	0.7664	0.1887	0.0887	0.0942	0.0897	0.0989	0.0913	0.0884	0.7502	0.1203	0.0895	0.0895	0.0901	0.0910	0.0911	0.0887	0.6910	0.1037	0.0911	0.0931	0.0898	0.0890	0.0910	0.0896	0.2840	0.0976	0.0921	0.0892	0.0948	0.0919	0.0909	0.0954	
0.7736	0.7290	0.6243	0.4225	0.3020	0.2802	0.2243	0.2320	0.7884	0.7276	0.1425	0.0947	0.0875	0.0902	0.0867	0.0860	0.7829	0.6365	0.0969	0.0917	0.0891	0.0938	0.0918	0.0882	0.7856	0.5870	0.0960	0.0853	0.0866	0.0854	0.0870	0.0878	0.7740	0.1973	0.0899	0.0947	0.0871	0.0925	0.0880	0.0856	0.7429	0.1215	0.0913	0.0917	0.0836	0.0856	0.0865	0.0853	0.6807	0.1057	0.0914	0.0928	0.0857	0.0860	0.0861	0.0848	0.2961	0.0976	0.0918	0.0902	0.0916	0.0852	0.0873	0.0957	
0.7735	0.7298	0.6230	0.4166	0.3024	0.2855	0.2292	0.2348	0.7939	0.7312	0.1431	0.0951	0.0990	0.1009	0.0938	0.0974	0.7810	0.6401	0.0964	0.0927	0.0941	0.0964	0.0934	0.0948	0.7874	0.5992	0.0946	0.0858	0.0940	0.0953	0.0944	0.0959	0.7745	0.2004	0.0889	0.0940	0.0946	0.1026	0.0982	0.0975	0.7461	0.1207	0.0894	0.0894	0.0890	0.0936	0.0946	0.0921	0.6895	0.1052	0.0907	0.0927	0.0934	0.0950	0.0939	0.0939	0.2885	0.0971	0.0912	0.0898	0.0958	0.0952	0.0954	0.0994	
0.7772	0.7304	0.6248	0.4188	0.3059	0.2821	0.2317	0.2324	0.7978	0.7268	0.1487	0.0961	0.0883	0.0930	0.0904	0.0912	0.7843	0.6386	0.0975	0.0929	0.0889	0.0901	0.0917	0.0880	0.7895	0.6171	0.0963	0.0859	0.0835	0.0887	0.0909	0.0875	0.7804	0.2078	0.0892	0.0938	0.0847	0.0899	0.0871	0.0838	0.7515	0.1242	0.0910	0.0892	0.0853	0.0852	0.0839	0.0841	0.6925	0.1072	0.0908	0.0929	0.0861	0.0837	0.0866	0.0848	0.2974	0.0982	0.0919	0.0891	0.0878	0.0887	0.0848	0.0927	
0.7801	0.7301	0.6268	0.4238	0.2988	0.2801	0.2273	0.2401	0.7966	0.7319	0.1544	0.0960	0.0868	0.0940	0.0898	0.0902	0.7889	0.6477	0.0979	0.0937	0.0891	0.0901	0.0884	0.0890	0.7995	0.6344	0.0955	0.0862	0.0874	0.0876	0.0889	0.0888	0.7764	0.2151	0.0896	0.0933	0.0882	0.0929	0.0906	0.0862	0.7510	0.1264	0.0900	0.0900	0.0919	0.0877	0.0873	0.0865	0.7017	0.1072	0.0919	0.0924	0.0883	0.0873	0.0902	0.0855	0.2930	0.0977	0.0916	0.0897	0.0926	0.0866	0.0883	0.0971	
0.7811	0.7368	0.6359	0.4232	0.2970	0.2782	0.2283	0.2318	0.7966	0.7373	0.1588	0.0963	0.0909	0.0904	0.0907	0.0868	0.7942	0.6540	0.0979	0.0929	0.0870	0.0910	0.0889	0.0885	0.7927	0.6481	0.0960	0.0864	0.0879	0.0868	0.0879	0.0853	0.7791	0.2216	0.0888	0.0940	0.0846	0.0925	0.0890	0.0892	0.7535	0.1246	0.0895	0.0892	0.0864	0.0866	0.0892	0.0820	0.6961	0.1069	0.0911	0.0920	0.0847	0.0877	0.0861	0.0817	0.3000	0.0975	0.0910	0.0890	0.0856	0.0824	0.0859	0.0944	
