0.0878	0.0882	0.0876	0.0870	0.0892	0.0857	0.0892	0.0893	0.1001	0.0984	0.1161	0.0870	0.0843	0.0888	0.0864	0.0871	0.0891	0.0889	0.0891	0.0893	0.0842	0.0842	0.0849	0.0905	0.0909	0.0909	0.1107	0.0869	0.0848	0.0952	0.0880	0.0880	0.0881	0.0886	0.0891	0.0864	0.0847	0.0873	0.0869	0.0872	0.0992	0.0964	0.1069	0.0909	0.0904	0.0885	0.0860	0.0962	0.0880	0.0887	0.0893	0.0884	0.0904	0.0885	0.0860	0.0962	0.1152	0.0979	0.1043	0.0882	0.0858	0.0895	0.0839	0.0949	
0.0878	0.0881	0.0881	0.0878	0.0848	0.0866	0.0915	0.0898	0.0886	0.0889	0.0880	0.0874	0.0866	0.0888	0.0898	0.0857	0.0866	0.0873	0.0876	0.0884	0.0843	0.0841	0.0883	0.0854	0.0868	0.0888	0.0878	0.0867	0.0836	0.0844	0.0859	0.0843	0.0880	0.0881	0.0877	0.0876	0.0846	0.0874	0.0877	0.0846	0.0901	0.0872	0.0899	0.0908	0.0857	0.0830	0.0848	0.0845	0.0866	0.0879	0.0888	0.0880	0.0857	0.0830	0.0848	0.0845	0.0891	0.0901	0.0880	0.0882	0.0811	0.0828	0.0820	0.0861	
0.0868	0.0875	0.0867	0.0871	0.0923	0.0923	0.0908	0.0932	0.0869	0.0866	0.0857	0.0857	0.0912	0.0940	0.0938	0.0909	0.0855	0.0865	0.0857	0.0871	0.0919	0.0955	0.0898	0.0874	0.0862	0.0875	0.0864	0.0870	0.0926	0.0923	0.0906	0.0878	0.0858	0.0870	0.0856	0.0863	0.0854	0.0902	0.0930	0.0901	0.0859	0.0860	0.0890	0.0891	0.0854	0.0909	0.0915	0.0892	0.0862	0.0876	0.0877	0.0861	0.0854	0.0909	0.0915	0.0892	0.0869	0.0878	0.0868	0.0861	0.0916	0.0892	0.0899	0.0954	
0.0884	0.0887	0.0891	0.0884	0.0840	0.0885	0.0903	0.0896	0.0889	0.0878	0.0881	0.0881	0.0845	0.0850	0.0855	0.0863	0.0879	0.0889	0.0890	0.0885	0.0844	0.0867	0.0840	0.0857	0.0886	0.0891	0.0893	0.0878	0.0850	0.0853	0.0804	0.0811	0.0885	0.0892	0.0883	0.0867	0.0846	0.0829	0.0829	0.0832	0.0894	0.0880	0.0902	0.0924	0.0839	0.0829	0.0838	0.0839	0.0897	0.0886	0.0889	0.0873	0.0839	0.0829	0.0838	0.0839	0.0900	0.0898	0.0894	0.0897	0.0875	0.0858	0.0825	0.0905	
0.0892	0.0888	0.0883	0.0916	0.0863	0.0865	0.0861	0.0861	0.0889	0.0897	0.0888	0.0874	0.0849	0.0879	0.0869	0.0843	0.0880	0.0881	0.0884	0.0889	0.0857	0.0868	0.0844	0.0841	0.0885	0.0888	0.0882	0.0960	0.0840	0.0888	0.0839	0.0867	0.0877	0.0885	0.0880	0.0858	0.0832	0.0812	0.0843	0.0870	0.0887	0.0870	0.0912	0.0912	0.0833	0.0830	0.0841	0.0855	0.0886	0.0884	0.0893	0.0889	0.0833	0.0830	0.0841	0.0855	0.0899	0.0894	0.0883	0.0893	0.0853	0.0859	0.0845	0.0882	
0.0870	0.0888	0.0885	0.0915	0.0869	0.0855	0.0878	0.0882	0.0889	0.0886	0.0881	0.0888	0.0846	0.0867	0.0863	0.0855	0.0884	0.0884	0.0887	0.0884	0.0845	0.0865	0.0857	0.0872	0.0874	0.0889	0.0893	0.0881	0.0850	0.0854	0.0850	0.0861	0.0878	0.0890	0.0891	0.0856	0.0856	0.0842	0.0864	0.0857	0.0880	0.0884	0.0912	0.0913	0.0856	0.0854	0.0892	0.0870	0.0879	0.0885	0.0888	0.0890	0.0856	0.0854	0.0892	0.0870	0.0891	0.0895	0.0883	0.0904	0.0869	0.0889	0.0877	0.0904	
0.0876	0.0876	0.0874	0.0878	0.0917	0.0884	0.0860	0.0878	0.0885	0.0885	0.0886	0.0870	0.0847	0.0827	0.0903	0.0903	0.0868	0.0884	0.0876	0.0883	0.0860	0.0868	0.0879	0.0916	0.0875	0.0886	0.0885	0.0868	0.0839	0.0866	0.0875	0.0844	0.0865	0.0882	0.0884	0.0857	0.0832	0.0849	0.0873	0.0876	0.0870	0.0879	0.0906	0.0907	0.0844	0.0856	0.0852	0.0858	0.0881	0.0883	0.0891	0.0882	0.0844	0.0856	0.0852	0.0858	0.0897	0.0886	0.0884	0.0903	0.0862	0.0879	0.0917	0.0908	
0.0892	0.0889	0.0896	0.0891	0.0867	0.0858	0.0880	0.0853	0.0902	0.0904	0.0886	0.0884	0.0849	0.0847	0.0848	0.0858	0.0887	0.0894	0.0902	0.0900	0.0821	0.0880	0.0872	0.0887	0.0890	0.0904	0.0888	0.0886	0.0840	0.0832	0.0845	0.0843	0.0886	0.0892	0.0902	0.0852	0.0849	0.0818	0.0874	0.0827	0.0885	0.0883	0.0929	0.0913	0.0865	0.0856	0.0876	0.0883	0.0898	0.0893	0.0895	0.0890	0.0865	0.0856	0.0876	0.0883	0.0910	0.0901	0.0895	0.0898	0.0883	0.0849	0.0843	0.0932	
0.0889	0.0883	0.0892	0.0897	0.0854	0.0819	0.0889	0.0832	0.0899	0.0903	0.0886	0.0882	0.0836	0.0891	0.0856	0.0841	0.0884	0.0896	0.0906	0.0899	0.0842	0.0853	0.0843	0.0850	0.0891	0.0897	0.0896	0.0886	0.0813	0.0836	0.0841	0.0875	0.0882	0.0887	0.0896	0.0848	0.0826	0.0851	0.0840	0.0860	0.0907	0.0891	0.0918	0.0925	0.0860	0.0814	0.0873	0.0858	0.0893	0.0892	0.0902	0.0894	0.0860	0.0814	0.0873	0.0858	0.0909	0.0908	0.0904	0.0904	0.0855	0.0853	0.0854	0.0882	
0.0889	0.0887	0.0897	0.0923	0.0874	0.0852	0.0865	0.0894	0.0898	0.0894	0.0892	0.0882	0.0855	0.0916	0.0893	0.0871	0.0879	0.0902	0.0897	0.0888	0.0890	0.0851	0.0896	0.0923	0.0891	0.0904	0.0899	0.0883	0.0883	0.0866	0.0889	0.0894	0.0887	0.0887	0.0903	0.0832	0.0893	0.0843	0.0869	0.0868	0.0885	0.0883	0.0923	0.0906	0.0882	0.0883	0.0890	0.0891	0.0884	0.0886	0.0907	0.0890	0.0882	0.0883	0.0890	0.0891	0.0911	0.0901	0.0895	0.0896	0.0872	0.0891	0.0878	0.0921	
0.0889	0.0892	0.0888	0.0908	0.0866	0.0846	0.0854	0.0888	0.0907	0.0899	0.0897	0.0880	0.0848	0.0845	0.0866	0.0842	0.0885	0.0891	0.0899	0.0890	0.0831	0.0812	0.0857	0.0890	0.0885	0.0907	0.0892	0.0878	0.0846	0.0864	0.0879	0.0849	0.0895	0.0891	0.0896	0.0841	0.0797	0.0802	0.0804	0.0799	0.0902	0.0893	0.0917	0.0929	0.0806	0.0814	0.0817	0.0831	0.0893	0.0892	0.0898	0.0899	0.0806	0.0814	0.0817	0.0831	0.0907	0.0899	0.0899	0.0895	0.0817	0.0868	0.0843	0.0865	
0.0893	0.0891	0.0892	0.0889	0.0888	0.0898	0.0916	0.0891	0.0902	0.0900	0.0888	0.0882	0.0893	0.0922	0.0928	0.0924	0.0885	0.0895	0.0889	0.0893	0.0862	0.0922	0.0911	0.0919	0.0892	0.0904	0.0900	0.0888	0.0852	0.0868	0.0903	0.0883	0.0890	0.0886	0.0899	0.0841	0.0890	0.0872	0.0912	0.0896	0.0884	0.0900	0.0918	0.0925	0.0941	0.0881	0.0930	0.0949	0.0894	0.0893	0.0898	0.0889	0.0941	0.0881	0.0930	0.0949	0.0907	0.0914	0.0898	0.0900	0.0910	0.0905	0.0871	0.0925	
0.0901	0.0895	0.0905	0.0908	0.0923	0.0877	0.0895	0.0899	0.0909	0.0902	0.0899	0.0905	0.0860	0.0888	0.0891	0.0871	0.0898	0.0899	0.0906	0.0906	0.0929	0.0875	0.0875	0.0954	0.0898	0.0913	0.0910	0.0892	0.0894	0.0882	0.0898	0.0914	0.0901	0.0901	0.0906	0.0846	0.0928	0.0876	0.0896	0.0883	0.0898	0.0902	0.0929	0.0928	0.0886	0.0889	0.0933	0.0943	0.0895	0.0913	0.0904	0.0898	0.0886	0.0889	0.0933	0.0943	0.0916	0.0915	0.0897	0.0900	0.0917	0.0921	0.0924	0.0943	
0.0908	0.0904	0.0911	0.0957	0.0899	0.0874	0.0897	0.0938	0.0913	0.0914	0.0899	0.0900	0.0901	0.0888	0.0905	0.0924	0.0903	0.0906	0.0904	0.0913	0.0900	0.0897	0.0907	0.0925	0.0910	0.0911	0.0904	0.0893	0.0927	0.0913	0.0897	0.0914	0.0896	0.0900	0.0904	0.0837	0.0881	0.0921	0.0944	0.0921	0.0902	0.0903	0.0928	0.0937	0.0942	0.0887	0.0914	0.0893	0.0905	0.0899	0.0928	0.0905	0.0942	0.0887	0.0914	0.0893	0.0922	0.0911	0.0897	0.0913	0.0917	0.0917	0.0938	0.0957	
0.0911	0.0907	0.0903	0.0918	0.0940	0.0892	0.0872	0.0889	0.0919	0.0913	0.0897	0.0908	0.0866	0.0890	0.0891	0.0855	0.0896	0.0902	0.0899	0.0906	0.0876	0.0869	0.0872	0.0927	0.0900	0.0903	0.0905	0.0902	0.0870	0.0862	0.0876	0.0864	0.0912	0.0902	0.0904	0.0834	0.0848	0.0856	0.0864	0.0874	0.0911	0.0895	0.0929	0.0930	0.0876	0.0899	0.0899	0.0899	0.0899	0.0902	0.0920	0.0897	0.0876	0.0899	0.0899	0.0899	0.0915	0.0909	0.0894	0.0917	0.0889	0.0920	0.0924	0.0954	
0.0914	0.0897	0.0906	0.0901	0.0912	0.0854	0.0891	0.0866	0.0917	0.0906	0.0898	0.0896	0.0859	0.0897	0.0873	0.0905	0.0907	0.0899	0.0905	0.0899	0.0857	0.0878	0.0889	0.0898	0.0901	0.0906	0.0914	0.0885	0.0853	0.0887	0.0864	0.0897	0.0900	0.0894	0.0905	0.0839	0.0838	0.0847	0.0855	0.0858	0.0906	0.0903	0.0931	0.0922	0.0850	0.0843	0.0888	0.0855	0.0897	0.0892	0.0911	0.0902	0.0850	0.0843	0.0888	0.0855	0.0912	0.0919	0.0907	0.0911	0.0873	0.0878	0.0851	0.0894	
0.0912	0.0905	0.0904	0.0907	0.0907	0.0890	0.0905	0.0917	0.0929	0.0911	0.0897	0.0894	0.0875	0.0904	0.0873	0.0877	0.0908	0.0907	0.0909	0.0907	0.0853	0.0898	0.0875	0.0926	0.0923	0.0924	0.0914	0.0902	0.0904	0.0888	0.0880	0.0879	0.0908	0.0910	0.0906	0.0838	0.0864	0.0931	0.0887	0.0884	0.0914	0.0908	0.0922	0.0935	0.0907	0.0866	0.0918	0.0911	0.0921	0.0908	0.0912	0.0900	0.0907	0.0866	0.0918	0.0911	0.0932	0.0920	0.0919	0.0906	0.0893	0.0913	0.0910	0.0966	
0.0919	0.0907	0.0907	0.0932	0.0913	0.0857	0.0898	0.0895	0.0934	0.0918	0.0904	0.0903	0.0864	0.0856	0.0891	0.0872	0.0913	0.0907	0.0905	0.0914	0.0899	0.0858	0.0889	0.0873	0.0918	0.0929	0.0912	0.0895	0.0833	0.0923	0.0905	0.0864	0.0923	0.0902	0.0900	0.0844	0.0871	0.0865	0.0920	0.0871	0.0917	0.0900	0.0953	0.0939	0.0881	0.0911	0.0935	0.0885	0.0900	0.0913	0.0908	0.0902	0.0881	0.0911	0.0935	0.0885	0.0916	0.0921	0.0909	0.0903	0.0882	0.0914	0.0899	0.0928	
0.0924	0.0898	0.0906	0.0900	0.0885	0.0901	0.0963	0.0895	0.0942	0.0906	0.0903	0.0901	0.0898	0.0865	0.0898	0.0886	0.0919	0.0909	0.0905	0.0913	0.0857	0.0886	0.0879	0.0908	0.0922	0.0913	0.0911	0.0914	0.0874	0.0909	0.0876	0.0857	0.0911	0.0902	0.0911	0.0843	0.0844	0.0860	0.0878	0.0857	0.0922	0.0905	0.0927	0.0932	0.0847	0.0845	0.0870	0.0865	0.0923	0.0907	0.0906	0.0905	0.0847	0.0845	0.0870	0.0865	0.0920	0.0922	0.0904	0.0916	0.0879	0.0871	0.0835	0.0891	
0.0922	0.0898	0.0907	0.0903	0.0888	0.0869	0.0919	0.0889	0.0933	0.0911	0.0900	0.0896	0.0878	0.0877	0.0874	0.0884	0.0922	0.0910	0.0902	0.0915	0.0883	0.0902	0.0878	0.0909	0.0929	0.0916	0.0906	0.0885	0.0885	0.0870	0.0879	0.0885	0.0908	0.0905	0.0891	0.0841	0.0881	0.0885	0.0920	0.0895	0.0916	0.0910	0.0928	0.0925	0.0883	0.0908	0.0907	0.0894	0.0914	0.0894	0.0924	0.0913	0.0883	0.0908	0.0907	0.0894	0.0932	0.0913	0.0901	0.0894	0.0924	0.0904	0.0899	0.0909	
0.0928	0.0909	0.0910	0.0905	0.0901	0.0880	0.0897	0.0897	0.0942	0.0923	0.0908	0.0910	0.0891	0.0892	0.0879	0.0876	0.0923	0.0915	0.0917	0.0911	0.0910	0.0877	0.0885	0.0942	0.0929	0.0918	0.0920	0.0903	0.0924	0.0887	0.0901	0.0904	0.0922	0.0904	0.0905	0.0848	0.0866	0.0883	0.0903	0.0887	0.0933	0.0904	0.0942	0.0924	0.0907	0.0904	0.0943	0.0941	0.0938	0.0903	0.0922	0.0905	0.0907	0.0904	0.0943	0.0941	0.0938	0.0920	0.0897	0.0912	0.0916	0.0966	0.0897	0.0971	
0.0949	0.0913	0.0918	0.0912	0.0918	0.0886	0.0882	0.0882	0.0955	0.0926	0.0910	0.0897	0.0910	0.0907	0.0916	0.0892	0.0934	0.0915	0.0907	0.0911	0.0887	0.0892	0.0903	0.0932	0.0934	0.0926	0.0918	0.0929	0.0887	0.0897	0.0896	0.0910	0.0946	0.0914	0.0905	0.0852	0.0883	0.0878	0.0927	0.0904	0.0930	0.0913	0.0928	0.0933	0.0882	0.0900	0.0917	0.0899	0.0934	0.0903	0.0915	0.0911	0.0882	0.0900	0.0917	0.0899	0.0939	0.0910	0.0900	0.0911	0.0905	0.0931	0.0886	0.0930	
0.0947	0.0913	0.0925	0.0919	0.0926	0.0911	0.0910	0.0899	0.0966	0.0922	0.0915	0.0903	0.0908	0.0944	0.0925	0.0928	0.0939	0.0908	0.0917	0.0900	0.0893	0.0928	0.0906	0.0971	0.0945	0.0918	0.0913	0.0894	0.0903	0.0928	0.0912	0.0929	0.0935	0.0913	0.0900	0.0849	0.0880	0.0883	0.0894	0.0900	0.0932	0.0910	0.0927	0.0935	0.0912	0.0910	0.0912	0.0934	0.0922	0.0905	0.0917	0.0896	0.0912	0.0910	0.0912	0.0934	0.0940	0.0912	0.0911	0.0905	0.0923	0.0948	0.0887	0.0961	
0.0951	0.0909	0.0913	0.0905	0.0920	0.0885	0.0906	0.0906	0.0965	0.0915	0.0908	0.0903	0.0887	0.0881	0.0851	0.0881	0.0947	0.0922	0.0917	0.0926	0.0874	0.0860	0.0880	0.0892	0.0949	0.0909	0.0906	0.0898	0.0907	0.0867	0.0868	0.0866	0.0944	0.0905	0.0904	0.0847	0.0859	0.0882	0.0872	0.0863	0.0958	0.0897	0.0920	0.0919	0.0907	0.0872	0.0897	0.0877	0.0935	0.0896	0.0912	0.0911	0.0907	0.0872	0.0897	0.0877	0.0943	0.0906	0.0908	0.0896	0.0898	0.0885	0.0909	0.0930	
0.0979	0.0926	0.0928	0.0910	0.0923	0.0923	0.0960	0.0911	0.0984	0.0942	0.0912	0.0913	0.0960	0.0946	0.0914	0.0928	0.0966	0.0927	0.0919	0.0913	0.0901	0.0882	0.0914	0.0950	0.0973	0.0916	0.0913	0.0900	0.0922	0.0892	0.0911	0.0884	0.0948	0.0910	0.0908	0.0859	0.0906	0.0925	0.0942	0.0942	0.0956	0.0906	0.0938	0.0932	0.0929	0.0893	0.0951	0.0939	0.0946	0.0908	0.0922	0.0903	0.0929	0.0893	0.0951	0.0939	0.0971	0.0912	0.0912	0.0910	0.0925	0.0954	0.0902	0.0981	
0.0986	0.0939	0.0921	0.0920	0.0984	0.0916	0.0927	0.0950	0.1006	0.0925	0.0912	0.0910	0.0921	0.0959	0.0895	0.0894	0.0983	0.0925	0.0909	0.0916	0.0898	0.0868	0.0950	0.0956	0.0981	0.0924	0.0927	0.0895	0.0922	0.0920	0.0904	0.0897	0.0957	0.0914	0.0915	0.0853	0.0879	0.0919	0.0928	0.0921	0.0970	0.0920	0.0942	0.0937	0.0891	0.0882	0.0891	0.0897	0.0963	0.0907	0.0917	0.0900	0.0891	0.0882	0.0891	0.0897	0.0960	0.0923	0.0919	0.0922	0.0903	0.0915	0.0910	0.0948	
0.1001	0.0937	0.0927	0.0904	0.0890	0.0884	0.0881	0.0901	0.1016	0.0930	0.0912	0.0909	0.0853	0.0874	0.0863	0.0859	0.0978	0.0921	0.0906	0.0920	0.0865	0.0891	0.0868	0.0894	0.0992	0.0925	0.0918	0.1035	0.0881	0.0862	0.0877	0.0870	0.0966	0.0911	0.0904	0.0866	0.0870	0.0840	0.0850	0.0851	0.0981	0.0903	0.0935	0.0924	0.0908	0.0903	0.0907	0.0895	0.0954	0.0905	0.0909	0.0896	0.0908	0.0903	0.0907	0.0895	0.0960	0.0920	0.0909	0.0908	0.0832	0.0852	0.0839	0.0879	
0.1008	0.0930	0.0930	0.0918	0.0889	0.0920	0.0902	0.0959	0.1019	0.0926	0.0911	0.0903	0.0888	0.0947	0.0902	0.0906	0.0986	0.0927	0.0914	0.0904	0.0918	0.0900	0.0901	0.0933	0.1013	0.0918	0.0910	0.1003	0.0871	0.0921	0.0896	0.0890	0.0976	0.0911	0.0903	0.0866	0.0901	0.0886	0.0885	0.0901	0.0988	0.0894	0.0933	0.0920	0.0902	0.0902	0.0905	0.0905	0.0955	0.0898	0.0917	0.0902	0.0902	0.0902	0.0905	0.0905	0.0957	0.0917	0.0900	0.0907	0.0909	0.0919	0.0916	0.0940	
0.1029	0.0939	0.0950	0.0928	0.0917	0.0920	0.0861	0.0858	0.1051	0.0954	0.0922	0.0919	0.0888	0.0879	0.0843	0.0873	0.1019	0.0933	0.0919	0.0931	0.0828	0.0872	0.0895	0.0854	0.1029	0.0928	0.0929	0.0909	0.0852	0.0900	0.0870	0.0857	0.0991	0.0930	0.0911	0.0864	0.0817	0.0855	0.0894	0.0830	0.1005	0.0915	0.0936	0.0940	0.0868	0.0827	0.0852	0.0875	0.0981	0.0917	0.0921	0.0923	0.0868	0.0827	0.0852	0.0875	0.0996	0.0935	0.0919	0.0926	0.0857	0.0870	0.0839	0.0871	
0.1054	0.0946	0.0947	0.0932	0.0936	0.0914	0.0903	0.0908	0.1074	0.0947	0.0913	0.0907	0.0883	0.0892	0.0909	0.0897	0.1038	0.0933	0.0920	0.0923	0.0881	0.0912	0.0894	0.0937	0.1039	0.0939	0.0924	0.0905	0.0871	0.0920	0.0915	0.0929	0.1004	0.0924	0.0918	0.0864	0.0885	0.0886	0.0963	0.0895	0.1017	0.0903	0.0934	0.0934	0.0879	0.0887	0.0927	0.0916	0.0977	0.0898	0.0913	0.0910	0.0879	0.0887	0.0927	0.0916	0.0980	0.0920	0.0955	0.0917	0.0926	0.0923	0.0893	0.0957	
0.1076	0.0960	0.0953	0.0937	0.0865	0.0869	0.0909	0.0890	0.1094	0.0953	0.0931	0.0907	0.0851	0.0868	0.0872	0.0844	0.1044	0.0930	0.0915	0.0913	0.0853	0.0847	0.0854	0.0873	0.1063	0.0931	0.0917	0.0889	0.0874	0.0865	0.0840	0.0863	0.1018	0.0918	0.0911	0.0858	0.0864	0.0875	0.0886	0.0863	0.1030	0.0924	0.0934	0.0942	0.0862	0.0860	0.0874	0.0898	0.1015	0.0906	0.0932	0.0910	0.0862	0.0860	0.0874	0.0898	0.0992	0.0917	0.0908	0.0918	0.0872	0.0906	0.0844	0.0948	
0.1100	0.0960	0.0968	0.0927	0.0913	0.0966	0.0953	0.0943	0.1124	0.0959	0.0932	0.0918	0.0886	0.0889	0.0898	0.0898	0.1073	0.0938	0.0920	0.0926	0.0892	0.0912	0.0923	0.0916	0.1086	0.0941	0.0924	0.0903	0.0949	0.0950	0.0938	0.0924	0.1038	0.0924	0.0913	0.0861	0.0948	0.0962	0.0953	0.0933	0.1046	0.0911	0.0942	0.0938	0.0899	0.0945	0.0910	0.0939	0.1015	0.0910	0.0925	0.0914	0.0899	0.0945	0.0910	0.0939	0.1011	0.0931	0.0914	0.0912	0.0887	0.0942	0.0954	0.0938	
0.1133	0.0980	0.0970	0.0952	0.0921	0.0892	0.0888	0.0960	0.1171	0.0962	0.0924	0.0922	0.0898	0.0870	0.0877	0.0899	0.1100	0.0949	0.0927	0.0923	0.0859	0.0871	0.0900	0.0895	0.1101	0.0932	0.0922	0.0906	0.0881	0.0897	0.0890	0.0910	0.1051	0.0922	0.0913	0.0875	0.0849	0.0882	0.0915	0.0880	0.1056	0.0915	0.0934	0.0941	0.0884	0.0876	0.0916	0.0874	0.1020	0.0913	0.0927	0.0930	0.0884	0.0876	0.0916	0.0874	0.1014	0.0937	0.0915	0.0907	0.1000	0.0932	0.0931	0.0916	
0.1160	0.0988	0.0976	0.0963	0.0914	0.0958	0.0936	0.0901	0.1189	0.0954	0.0923	0.0916	0.0881	0.0895	0.0887	0.0892	0.1127	0.0944	0.0926	0.0926	0.0893	0.0893	0.0898	0.0912	0.1149	0.0943	0.0924	0.0912	0.0882	0.0895	0.0886	0.0889	0.1087	0.0931	0.0930	0.0882	0.0870	0.0883	0.0890	0.0893	0.1099	0.0924	0.0954	0.0956	0.0885	0.0884	0.0906	0.0908	0.1040	0.0919	0.0922	0.0917	0.0885	0.0884	0.0906	0.0908	0.1008	0.0935	0.0914	0.0932	0.0891	0.0901	0.0891	0.0920	
0.1187	0.0993	0.0993	0.0931	0.0910	0.0940	0.0901	0.0903	0.1228	0.0961	0.0917	0.0920	0.0878	0.0897	0.0888	0.0881	0.1150	0.0945	0.0926	0.0922	0.0876	0.0889	0.0891	0.0909	0.1161	0.0926	0.0924	0.0902	0.0884	0.0886	0.0880	0.0874	0.1091	0.0910	0.0909	0.0867	0.0876	0.0877	0.0885	0.0885	0.1089	0.0909	0.0938	0.0936	0.0877	0.0873	0.0901	0.0894	0.1047	0.0898	0.0935	0.0904	0.0877	0.0873	0.0901	0.0894	0.1027	0.0930	0.0915	0.0899	0.0868	0.0897	0.0889	0.0918	
0.1250	0.1013	0.0997	0.0951	0.0931	0.0902	0.0902	0.0909	0.1267	0.0976	0.0935	0.0921	0.0885	0.0892	0.0897	0.0893	0.1197	0.0957	0.0939	0.0927	0.0886	0.0891	0.0896	0.0954	0.1208	0.0942	0.0936	0.0910	0.0884	0.0890	0.0888	0.0883	0.1124	0.0929	0.0919	0.0852	0.0874	0.0884	0.0896	0.0889	0.1145	0.0923	0.0944	0.0936	0.0886	0.0888	0.0912	0.0903	0.1058	0.0915	0.0920	0.0910	0.0886	0.0888	0.0912	0.0903	0.1034	0.0933	0.0918	0.0916	0.0902	0.0915	0.0895	0.0932	
0.1282	0.1030	0.1008	0.0954	0.0932	0.0907	0.0904	0.0912	0.1318	0.0972	0.0926	0.0913	0.0885	0.0895	0.0894	0.0891	0.1223	0.0947	0.0924	0.0921	0.0883	0.0900	0.0895	0.0913	0.1239	0.0941	0.0922	0.0904	0.0878	0.0891	0.0878	0.0883	0.1141	0.0922	0.0910	0.0862	0.0872	0.0885	0.0891	0.0891	0.1135	0.0917	0.0939	0.0936	0.0881	0.0881	0.0902	0.0899	0.1075	0.0905	0.0919	0.0904	0.0881	0.0881	0.0902	0.0899	0.1045	0.0924	0.0920	0.0915	0.0887	0.0899	0.0875	0.0921	
0.1344	0.1041	0.1021	0.0950	0.0935	0.0902	0.0906	0.0908	0.1378	0.0978	0.0929	0.0920	0.0883	0.0888	0.0893	0.0891	0.1274	0.0945	0.0929	0.0925	0.0880	0.0892	0.0891	0.0914	0.1295	0.0942	0.0926	0.0907	0.0882	0.0885	0.0879	0.0883	0.1178	0.0932	0.0909	0.0846	0.0870	0.0885	0.0891	0.0886	0.1176	0.0924	0.0935	0.0934	0.0879	0.0873	0.0908	0.0899	0.1094	0.0913	0.0920	0.0914	0.0879	0.0873	0.0908	0.0899	0.1056	0.0935	0.0910	0.0911	0.0891	0.0908	0.0895	0.0978	
0.1399	0.1059	0.1071	0.0935	0.0933	0.0899	0.0883	0.0895	0.1434	0.0986	0.0933	0.0914	0.0891	0.0880	0.0886	0.0871	0.1322	0.0959	0.0931	0.0929	0.0887	0.0903	0.0897	0.0916	0.1339	0.0943	0.0927	0.0908	0.0897	0.0901	0.0901	0.0891	0.1210	0.0935	0.0915	0.0839	0.0879	0.0899	0.0906	0.0897	0.1202	0.0915	0.0939	0.0944	0.0896	0.0870	0.0899	0.0888	0.1098	0.0914	0.0932	0.0903	0.0896	0.0870	0.0899	0.0888	0.1063	0.0945	0.0905	0.0910	0.0899	0.0916	0.0892	0.0929	
0.1485	0.1088	0.1055	0.1000	0.0942	0.0919	0.0881	0.0906	0.1517	0.0986	0.0936	0.0911	0.0883	0.0886	0.0885	0.0883	0.1398	0.0959	0.0932	0.0924	0.0863	0.0899	0.0872	0.0911	0.1390	0.0942	0.0922	0.0900	0.0902	0.0886	0.0904	0.0900	0.1221	0.0929	0.0916	0.0837	0.0846	0.0869	0.0895	0.0882	0.1223	0.0920	0.0943	0.0939	0.0885	0.0883	0.0907	0.0902	0.1115	0.0907	0.0908	0.0918	0.0885	0.0883	0.0907	0.0902	0.1068	0.0935	0.0915	0.0915	0.0895	0.0917	0.0892	0.0949	
0.1536	0.1113	0.1091	0.0942	0.0964	0.0928	0.0899	0.0917	0.1563	0.1000	0.0930	0.0926	0.0898	0.0915	0.0900	0.0908	0.1449	0.0951	0.0924	0.0919	0.0933	0.0912	0.0925	0.0920	0.1459	0.0941	0.0926	0.0956	0.0906	0.0903	0.0901	0.0893	0.1296	0.0935	0.0911	0.0849	0.0884	0.0902	0.0907	0.0896	0.1263	0.0942	0.0939	0.0932	0.0893	0.0971	0.0929	0.0915	0.1151	0.0923	0.0915	0.0914	0.0893	0.0971	0.0929	0.0915	0.1061	0.0927	0.0911	0.0914	0.0904	0.0915	0.0904	0.0934	
0.1639	0.1156	0.1109	0.0945	0.0992	0.0933	0.0924	0.0905	0.1682	0.1016	0.0930	0.0919	0.0902	0.0902	0.0877	0.0906	0.1523	0.0969	0.0938	0.0911	0.0882	0.0908	0.0918	0.0913	0.1523	0.0948	0.0932	0.0917	0.0895	0.0898	0.0900	0.0895	0.1337	0.0942	0.0919	0.0848	0.0861	0.0898	0.0917	0.0897	0.1290	0.0923	0.0942	0.0938	0.0890	0.0889	0.0914	0.0906	0.1161	0.0918	0.0928	0.0913	0.0890	0.0889	0.0914	0.0906	0.1108	0.0929	0.0920	0.0912	0.0908	0.0907	0.0913	0.0926	
0.1748	0.1201	0.1140	0.0970	0.0902	0.0901	0.0890	0.0888	0.1780	0.1015	0.0941	0.0918	0.0861	0.0841	0.0857	0.0839	0.1586	0.0963	0.0932	0.0931	0.0829	0.0851	0.0840	0.0888	0.1609	0.0959	0.0928	0.0903	0.0842	0.0856	0.0869	0.0872	0.1386	0.0941	0.0926	0.0859	0.0844	0.0852	0.0851	0.0860	0.1350	0.0929	0.0947	0.0945	0.0849	0.0859	0.0856	0.0859	0.1177	0.0933	0.0933	0.0916	0.0849	0.0859	0.0856	0.0859	0.1114	0.0933	0.0916	0.0921	0.0874	0.0868	0.0835	0.0920	
0.1859	0.1243	0.1167	0.1016	0.1006	0.0912	0.0893	0.0913	0.1883	0.1027	0.0941	0.0918	0.0881	0.0911	0.0914	0.0895	0.1706	0.0964	0.0933	0.0923	0.0897	0.0909	0.0903	0.0949	0.1696	0.0958	0.0936	0.0907	0.0884	0.0901	0.0910	0.0881	0.1433	0.0925	0.0918	0.0871	0.0888	0.0873	0.0900	0.0911	0.1363	0.0919	0.0946	0.0934	0.0888	0.0891	0.0896	0.0882	0.1197	0.0913	0.0919	0.0926	0.0888	0.0891	0.0896	0.0882	0.1102	0.0932	0.0916	0.0912	0.0913	0.0917	0.0901	0.0944	
0.1975	0.1304	0.1215	0.0982	0.0948	0.0901	0.0890	0.0859	0.2021	0.1029	0.0942	0.0917	0.0847	0.0887	0.0884	0.0851	0.1801	0.0971	0.0929	0.0932	0.0841	0.0875	0.0891	0.0902	0.1821	0.0945	0.0932	0.0995	0.0893	0.0863	0.0863	0.0864	0.1505	0.0932	0.0911	0.0877	0.0852	0.0884	0.0855	0.0860	0.1480	0.0917	0.0938	0.0937	0.0895	0.0880	0.0866	0.0895	0.1227	0.0925	0.0921	0.0913	0.0895	0.0880	0.0866	0.0895	0.1125	0.0932	0.0913	0.0909	0.0864	0.0945	0.0887	0.0924	
0.2139	0.1375	0.1270	0.0993	0.0961	0.0916	0.0896	0.0906	0.2191	0.1039	0.0944	0.0923	0.0888	0.0875	0.0875	0.0866	0.1933	0.0970	0.0929	0.0927	0.0884	0.0892	0.0879	0.0903	0.1898	0.0969	0.0933	0.0926	0.0860	0.0885	0.0863	0.0900	0.1587	0.0932	0.0919	0.0893	0.0869	0.0852	0.0906	0.0878	0.1481	0.0922	0.0946	0.0945	0.0860	0.0853	0.0903	0.0896	0.1247	0.0919	0.0922	0.0907	0.0860	0.0853	0.0903	0.0896	0.1145	0.0939	0.0919	0.0921	0.0901	0.0891	0.0875	0.0894	
0.2283	0.1449	0.1309	0.0988	0.0992	0.0945	0.0904	0.0908	0.2341	0.1050	0.0938	0.0912	0.0893	0.0866	0.0862	0.0854	0.2037	0.0968	0.0928	0.0920	0.0885	0.0869	0.0876	0.0899	0.2058	0.0957	0.0927	0.0914	0.0904	0.0856	0.0872	0.0859	0.1640	0.0932	0.0920	0.0899	0.0873	0.0872	0.0894	0.0857	0.1502	0.0927	0.0946	0.0937	0.0832	0.0844	0.0861	0.0886	0.1269	0.0909	0.0929	0.0905	0.0832	0.0844	0.0861	0.0886	0.1149	0.0948	0.0907	0.0899	0.0838	0.0867	0.0857	0.0862	
0.2478	0.1544	0.1379	0.1019	0.1004	0.0939	0.0892	0.0918	0.2550	0.1055	0.0939	0.0916	0.0870	0.0874	0.0878	0.0879	0.2214	0.0974	0.0929	0.0925	0.0881	0.0895	0.0878	0.0898	0.2200	0.0964	0.0937	0.0940	0.0875	0.0885	0.0893	0.0900	0.1748	0.0939	0.0929	0.0900	0.0882	0.0902	0.0899	0.0879	0.1582	0.0935	0.0952	0.0932	0.0915	0.0889	0.0913	0.0927	0.1308	0.0925	0.0926	0.0916	0.0915	0.0889	0.0913	0.0927	0.1155	0.0928	0.0915	0.0930	0.0923	0.0912	0.0879	0.0915	
0.2684	0.1671	0.1467	0.1069	0.1012	0.0945	0.0868	0.0887	0.2709	0.1071	0.0954	0.0924	0.0849	0.0865	0.0880	0.0876	0.2372	0.0972	0.0936	0.0931	0.0858	0.0870	0.0863	0.0905	0.2309	0.0968	0.0940	0.0916	0.0854	0.0877	0.0887	0.0857	0.1822	0.0959	0.0925	0.0905	0.0840	0.0867	0.0874	0.0866	0.1619	0.0926	0.0938	0.0933	0.0897	0.0864	0.0886	0.0886	0.1339	0.0910	0.0945	0.0921	0.0897	0.0864	0.0886	0.0886	0.1149	0.0940	0.0920	0.0927	0.0881	0.0874	0.0900	0.0882	
0.2859	0.1812	0.1574	0.1069	0.1048	0.0933	0.0881	0.0885	0.2897	0.1068	0.0943	0.0918	0.0874	0.0891	0.0860	0.0878	0.2516	0.0980	0.0937	0.0919	0.0866	0.0859	0.0886	0.0889	0.2496	0.0972	0.0935	0.0913	0.0884	0.0866	0.0861	0.0885	0.1932	0.0934	0.0911	0.0909	0.0855	0.0865	0.0863	0.0860	0.1659	0.0929	0.0949	0.0937	0.0877	0.0875	0.0884	0.0867	0.1356	0.0911	0.0926	0.0910	0.0877	0.0875	0.0884	0.0867	0.1153	0.0935	0.0915	0.0915	0.0905	0.0912	0.0899	0.0896	
0.3097	0.1968	0.1700	0.1115	0.1054	0.0967	0.0913	0.0898	0.3169	0.1096	0.0947	0.0922	0.0880	0.0885	0.0893	0.0885	0.2744	0.1007	0.0941	0.0935	0.0880	0.0887	0.0895	0.0912	0.2666	0.0974	0.0935	0.0917	0.0880	0.0894	0.0894	0.0895	0.2008	0.0936	0.0931	0.0905	0.0911	0.0937	0.0885	0.0894	0.1747	0.0936	0.0955	0.0946	0.0897	0.0892	0.0914	0.0891	0.1395	0.0917	0.0928	0.0918	0.0897	0.0892	0.0914	0.0891	0.1184	0.0937	0.0922	0.0921	0.0917	0.0912	0.0900	0.0962	
0.3310	0.2130	0.1830	0.1157	0.1099	0.0979	0.0905	0.0895	0.3381	0.1092	0.0933	0.0902	0.0907	0.0881	0.0902	0.0902	0.2926	0.0973	0.0928	0.0921	0.0879	0.0880	0.0926	0.0919	0.2851	0.0955	0.0937	0.0903	0.0907	0.0877	0.0872	0.0896	0.2121	0.0936	0.0916	0.0912	0.0877	0.0901	0.0906	0.0891	0.1791	0.0928	0.0938	0.0934	0.0903	0.0916	0.0901	0.0939	0.1418	0.0915	0.0915	0.0912	0.0903	0.0916	0.0901	0.0939	0.1180	0.0939	0.0916	0.0910	0.0908	0.0905	0.0894	0.0921	
0.3592	0.2335	0.2041	0.1211	0.1032	0.0917	0.0829	0.0848	0.3633	0.1111	0.0946	0.0930	0.0853	0.0866	0.0808	0.0810	0.3144	0.0984	0.0936	0.0923	0.0808	0.0838	0.0839	0.0841	0.3046	0.0955	0.0940	0.0909	0.0813	0.0824	0.0836	0.0819	0.2259	0.0956	0.0916	0.0913	0.0841	0.0818	0.0829	0.0858	0.1860	0.0931	0.0945	0.0937	0.0813	0.0796	0.0872	0.0837	0.1415	0.0919	0.0926	0.0925	0.0813	0.0796	0.0872	0.0837	0.1209	0.0944	0.0932	0.0940	0.0849	0.0864	0.0839	0.0867	
0.3844	0.2530	0.2243	0.1301	0.1142	0.0982	0.0892	0.0884	0.3909	0.1129	0.0940	0.0917	0.0858	0.0870	0.0884	0.0867	0.3379	0.0986	0.0935	0.0929	0.0865	0.0873	0.0874	0.0939	0.3217	0.0953	0.0943	0.0900	0.0868	0.0897	0.0868	0.0872	0.2368	0.0938	0.0911	0.0920	0.0874	0.0864	0.0909	0.0890	0.1943	0.0926	0.0934	0.0934	0.0885	0.0905	0.0898	0.0888	0.1482	0.0923	0.0913	0.0915	0.0885	0.0905	0.0898	0.0888	0.1184	0.0926	0.0913	0.0899	0.0901	0.0930	0.0882	0.0912	
0.4116	0.2722	0.2520	0.1432	0.1162	0.1024	0.0903	0.0894	0.4178	0.1158	0.0955	0.0919	0.0859	0.0866	0.0890	0.0874	0.3639	0.0995	0.0932	0.0931	0.0859	0.0862	0.0861	0.0920	0.3416	0.0970	0.0931	0.0917	0.0866	0.0869	0.0859	0.0845	0.2521	0.0948	0.0921	0.0913	0.0836	0.0871	0.0852	0.0851	0.2023	0.0934	0.0942	0.0956	0.0894	0.0861	0.0879	0.0895	0.1502	0.0916	0.0924	0.0912	0.0894	0.0861	0.0879	0.0895	0.1224	0.0930	0.0913	0.0905	0.0857	0.0881	0.0863	0.0895	
0.4479	0.2993	0.2809	0.1556	0.1197	0.1026	0.0904	0.0923	0.4492	0.1182	0.0957	0.0933	0.0901	0.0887	0.0920	0.0877	0.3881	0.0992	0.0947	0.0936	0.0872	0.0906	0.0907	0.0927	0.3675	0.0963	0.0932	0.0923	0.0902	0.0920	0.0901	0.0873	0.2651	0.0935	0.0925	0.0922	0.0894	0.0887	0.0912	0.0922	0.2128	0.0936	0.0939	0.0943	0.0876	0.0896	0.0935	0.0899	0.1525	0.0923	0.0926	0.0916	0.0876	0.0896	0.0935	0.0899	0.1210	0.0944	0.0922	0.0914	0.0909	0.0933	0.0907	0.0936	
0.4660	0.3279	0.3284	0.1684	0.1243	0.1034	0.0903	0.0872	0.4758	0.1180	0.0945	0.0910	0.0871	0.0859	0.0854	0.0923	0.4168	0.0991	0.0927	0.0921	0.0846	0.0857	0.0896	0.0884	0.3909	0.0953	0.0936	0.0904	0.0854	0.0864	0.0852	0.0881	0.2782	0.0943	0.0920	0.0921	0.0863	0.0875	0.0869	0.0883	0.2185	0.0922	0.0936	0.0930	0.0878	0.0857	0.0889	0.0875	0.1533	0.0913	0.0916	0.0900	0.0878	0.0857	0.0889	0.0875	0.1205	0.0930	0.0911	0.0905	0.0888	0.0892	0.0889	0.0930	
0.4989	0.3535	0.3849	0.1947	0.1331	0.1079	0.0899	0.0901	0.5016	0.1217	0.0951	0.0919	0.0887	0.0887	0.0873	0.0915	0.4434	0.0996	0.0948	0.0935	0.0866	0.0865	0.0921	0.0931	0.4228	0.0964	0.0939	0.0915	0.0904	0.0876	0.0871	0.0870	0.2980	0.0953	0.0922	0.0924	0.0907	0.0888	0.0897	0.0880	0.2288	0.0934	0.0948	0.0944	0.0895	0.0913	0.0896	0.0945	0.1599	0.0924	0.0943	0.0930	0.0895	0.0913	0.0896	0.0945	0.1232	0.0938	0.0921	0.0917	0.0907	0.0927	0.0876	0.0924	
0.5266	0.3813	0.3612	0.2238	0.1389	0.1094	0.0889	0.0883	0.5290	0.1217	0.0946	0.0909	0.0855	0.0884	0.0883	0.0860	0.4698	0.1000	0.0934	0.0927	0.0866	0.0865	0.0865	0.0908	0.4478	0.0959	0.0924	0.0910	0.0865	0.0897	0.0896	0.0857	0.3138	0.0933	0.0915	0.0917	0.0887	0.0879	0.0895	0.0891	0.2323	0.0930	0.0951	0.0943	0.0859	0.0858	0.0873	0.0905	0.1566	0.0910	0.0924	0.0907	0.0859	0.0858	0.0873	0.0905	0.1228	0.0927	0.0916	0.0896	0.0922	0.0899	0.0936	0.0908	
0.5503	0.4071	0.3921	0.2504	0.1491	0.1123	0.0917	0.0932	0.5613	0.1254	0.0953	0.0919	0.0862	0.0873	0.0864	0.0862	0.4970	0.0991	0.0942	0.0930	0.0965	0.0870	0.0868	0.0917	0.4755	0.0972	0.0943	0.0901	0.0939	0.0909	0.0863	0.0874	0.3297	0.0944	0.0932	0.0913	0.0859	0.0875	0.0884	0.0870	0.2460	0.0933	0.0949	0.0933	0.0863	0.0882	0.0883	0.0901	0.1631	0.0919	0.0929	0.0919	0.0863	0.0882	0.0883	0.0901	0.1275	0.0940	0.0929	0.0907	0.0947	0.0998	0.0955	0.0926	
0.5707	0.4387	0.4242	0.2841	0.1614	0.1211	0.0934	0.0922	0.5884	0.1291	0.0963	0.0930	0.0954	0.0936	0.0910	0.0929	0.5241	0.1007	0.0955	0.0959	0.0908	0.0918	0.0916	0.0968	0.5113	0.0973	0.0943	0.0917	0.0913	0.0899	0.0874	0.0877	0.3524	0.0947	0.0927	0.0920	0.0870	0.0881	0.0934	0.0914	0.2509	0.0948	0.0946	0.0942	0.0911	0.0896	0.0945	0.0904	0.1653	0.0917	0.0933	0.0928	0.0911	0.0896	0.0945	0.0904	0.1256	0.0946	0.0926	0.0914	0.0920	0.0931	0.0892	0.0969	
0.6040	0.4591	0.4517	0.3152	0.1749	0.1238	0.0903	0.0901	0.6159	0.1321	0.0958	0.0922	0.0978	0.0959	0.0917	0.0987	0.5562	0.1011	0.0941	0.0920	0.0933	0.0937	0.0956	0.0977	0.5372	0.0967	0.0941	0.0922	0.0907	0.0907	0.0904	0.0911	0.3728	0.0939	0.0919	0.0926	0.0908	0.0900	0.0898	0.0912	0.2623	0.0934	0.0943	0.0937	0.0886	0.0910	0.0909	0.0923	0.1690	0.0924	0.0920	0.0907	0.0886	0.0910	0.0909	0.0923	0.1265	0.0928	0.0919	0.0920	0.0932	0.0949	0.0931	0.0982	
0.6274	0.4855	0.4817	0.3469	0.1992	0.1358	0.0923	0.0907	0.6460	0.1384	0.0958	0.0912	0.0929	0.0905	0.0906	0.0884	0.5790	0.1009	0.0961	0.0923	0.0881	0.0897	0.0878	0.0900	0.5665	0.0972	0.0953	0.0913	0.0874	0.0904	0.0905	0.0914	0.3920	0.0953	0.0916	0.0918	0.0888	0.0895	0.0911	0.0910	0.2747	0.0937	0.0950	0.0944	0.0902	0.0921	0.0930	0.0910	0.1710	0.0929	0.0930	0.0914	0.0902	0.0921	0.0930	0.0910	0.1276	0.0938	0.0913	0.0921	0.0919	0.0923	0.0895	0.0944	
0.6515	0.5044	0.5174	0.3802	0.2176	0.1380	0.0920	0.0897	0.6720	0.1388	0.0976	0.0918	0.0858	0.0874	0.0868	0.0865	0.6065	0.0997	0.0945	0.0957	0.0865	0.0887	0.0892	0.0909	0.5995	0.0964	0.0948	0.0916	0.0876	0.0860	0.0843	0.0865	0.4198	0.0963	0.0935	0.0921	0.0854	0.0864	0.0862	0.0871	0.2860	0.0943	0.0955	0.0947	0.0851	0.0867	0.0883	0.0889	0.1771	0.0927	0.0929	0.0915	0.0851	0.0867	0.0883	0.0889	0.1313	0.0948	0.0931	0.0925	0.0864	0.0870	0.0856	0.0892	
0.6719	0.5252	0.5493	0.4136	0.2419	0.1535	0.0917	0.0897	0.6956	0.1399	0.0951	0.0913	0.0881	0.0884	0.0884	0.0871	0.6257	0.1007	0.0935	0.0915	0.0873	0.0889	0.0873	0.0890	0.6204	0.0964	0.0928	0.0897	0.0855	0.0907	0.0854	0.0828	0.4334	0.0943	0.0909	0.0924	0.0844	0.0843	0.0861	0.0843	0.2959	0.0933	0.0942	0.0941	0.0843	0.0865	0.0850	0.0851	0.1784	0.0906	0.0910	0.0902	0.0843	0.0865	0.0850	0.0851	0.1288	0.0929	0.0912	0.0911	0.0850	0.0844	0.0846	0.0854	
0.7016	0.5479	0.5803	0.4422	0.2690	0.1709	0.0925	0.0900	0.7182	0.1434	0.0955	0.0923	0.0871	0.0885	0.0889	0.0884	0.6512	0.1011	0.0940	0.0927	0.0882	0.0891	0.0887	0.0920	0.6461	0.0970	0.0941	0.0921	0.0886	0.0883	0.0884	0.0885	0.4537	0.0946	0.0915	0.0920	0.0876	0.0903	0.0893	0.0890	0.3028	0.0918	0.0945	0.0937	0.0869	0.0872	0.0886	0.0870	0.1839	0.0920	0.0927	0.0905	0.0869	0.0872	0.0886	0.0870	0.1274	0.0941	0.0924	0.0911	0.0848	0.0872	0.0848	0.0865	
0.7124	0.5734	0.5936	0.4749	0.3002	0.1880	0.0953	0.0940	0.7335	0.1486	0.0971	0.0919	0.0881	0.0916	0.0892	0.0878	0.6766	0.1024	0.0936	0.0954	0.0924	0.0874	0.0881	0.0929	0.6677	0.0983	0.0949	0.0923	0.0854	0.0867	0.0862	0.0865	0.4713	0.0952	0.0931	0.0919	0.0847	0.0910	0.0883	0.0890	0.3177	0.0946	0.0957	0.0946	0.0877	0.0857	0.0883	0.0891	0.1890	0.0922	0.0938	0.0919	0.0877	0.0857	0.0883	0.0891	0.1304	0.0950	0.0920	0.0923	0.0901	0.0866	0.0875	0.0872	
0.7138	0.5990	0.6204	0.5077	0.3297	0.2112	0.0939	0.0917	0.7425	0.1547	0.0967	0.0937	0.0810	0.0840	0.0871	0.0866	0.6935	0.1005	0.0943	0.0938	0.0845	0.0858	0.0857	0.0880	0.6840	0.0969	0.0949	0.0922	0.0835	0.0839	0.0825	0.0828	0.4969	0.0954	0.0922	0.0913	0.0826	0.0819	0.0811	0.0806	0.3304	0.0944	0.0948	0.0940	0.0810	0.0806	0.0821	0.0842	0.1903	0.0927	0.0936	0.0919	0.0810	0.0806	0.0821	0.0842	0.1353	0.0936	0.0931	0.0934	0.0828	0.0842	0.0842	0.0869	
0.7229	0.6207	0.6487	0.5316	0.3585	0.2366	0.0951	0.0888	0.7495	0.1576	0.0955	0.0923	0.0851	0.0851	0.0843	0.0889	0.7095	0.1019	0.0946	0.0933	0.0860	0.0854	0.0870	0.0887	0.7092	0.0976	0.0941	0.0911	0.0881	0.0927	0.0879	0.0917	0.5183	0.0950	0.0923	0.0916	0.0839	0.0874	0.0856	0.0879	0.3437	0.0934	0.0939	0.0948	0.0829	0.0869	0.0845	0.0886	0.1913	0.0931	0.0929	0.0904	0.0829	0.0869	0.0845	0.0886	0.1322	0.0935	0.0930	0.0912	0.0835	0.0849	0.0829	0.0873	
0.7248	0.6405	0.6680	0.5573	0.3854	0.2753	0.0987	0.0926	0.7454	0.1632	0.0956	0.0914	0.0867	0.0836	0.0849	0.0888	0.7156	0.1010	0.0942	0.0941	0.0856	0.0889	0.0867	0.0884	0.7250	0.0978	0.0944	0.0898	0.0849	0.0898	0.0840	0.0880	0.5370	0.0961	0.0918	0.0928	0.0848	0.0817	0.0848	0.0817	0.3519	0.0922	0.0935	0.0926	0.0817	0.0849	0.0843	0.0830	0.1955	0.0916	0.0920	0.0895	0.0817	0.0849	0.0843	0.0830	0.1293	0.0932	0.0911	0.0905	0.0824	0.0839	0.0846	0.0884	
0.7306	0.6528	0.6770	0.5809	0.4214	0.3102	0.1019	0.0899	0.7591	0.1690	0.0972	0.0918	0.0912	0.0867	0.0880	0.0897	0.7147	0.1011	0.0936	0.0953	0.0911	0.0878	0.0908	0.0918	0.7367	0.0966	0.0947	0.0911	0.0841	0.0858	0.0827	0.0888	0.5626	0.0956	0.0921	0.0926	0.0874	0.0849	0.0882	0.0878	0.3719	0.0927	0.0942	0.0940	0.0853	0.0845	0.0851	0.0845	0.1986	0.0927	0.0933	0.0902	0.0853	0.0845	0.0851	0.0845	0.1324	0.0942	0.0943	0.0921	0.0841	0.0850	0.0858	0.0892	
0.7292	0.6607	0.6817	0.6027	0.4448	0.3456	0.0925	0.0909	0.7614	0.1744	0.0957	0.0929	0.0858	0.0834	0.0870	0.0865	0.7224	0.1014	0.0943	0.0963	0.0862	0.0862	0.0865	0.0853	0.7378	0.0975	0.0937	0.0907	0.0840	0.0870	0.0849	0.0868	0.5827	0.0943	0.0919	0.0918	0.0851	0.0833	0.0842	0.0854	0.3855	0.0931	0.0930	0.0937	0.0822	0.0849	0.0862	0.0843	0.2028	0.0920	0.0915	0.0907	0.0822	0.0849	0.0862	0.0843	0.1342	0.0931	0.0920	0.0913	0.0859	0.0835	0.0811	0.0881	
0.7297	0.6653	0.6899	0.6253	0.4772	0.3702	0.0911	0.0838	0.7577	0.1842	0.0951	0.0908	0.0838	0.0838	0.0877	0.0852	0.7263	0.1027	0.0934	0.0923	0.0801	0.0839	0.0831	0.0879	0.7466	0.0975	0.0937	0.0900	0.0787	0.0809	0.0816	0.0784	0.6001	0.0954	0.0915	0.0912	0.0835	0.0790	0.0859	0.0814	0.3946	0.0925	0.0942	0.0934	0.0830	0.0791	0.0837	0.0837	0.2025	0.0927	0.0922	0.0902	0.0830	0.0791	0.0837	0.0837	0.1327	0.0944	0.0926	0.0910	0.0802	0.0802	0.0791	0.0855	
0.7318	0.6664	0.6860	0.6441	0.5065	0.4060	0.1000	0.0913	0.7643	0.1866	0.0964	0.0920	0.0922	0.0913	0.0857	0.0867	0.7296	0.1025	0.0945	0.0957	0.0859	0.0894	0.0916	0.0883	0.7450	0.0987	0.0939	0.0916	0.0894	0.0851	0.0876	0.0900	0.6182	0.0954	0.0925	0.0919	0.0858	0.0913	0.0853	0.0878	0.4111	0.0940	0.0943	0.0943	0.0858	0.0874	0.0887	0.0903	0.2077	0.0925	0.0930	0.0910	0.0858	0.0874	0.0887	0.0903	0.1344	0.0951	0.0926	0.0924	0.0878	0.0878	0.0873	0.0928	
0.7339	0.6726	0.6819	0.6572	0.5239	0.4242	0.1026	0.0887	0.7608	0.1937	0.0953	0.0913	0.0849	0.0872	0.0850	0.0866	0.7247	0.1009	0.0934	0.0938	0.0852	0.0859	0.0836	0.0890	0.7475	0.0977	0.0936	0.0909	0.0853	0.0852	0.0863	0.0863	0.6423	0.0952	0.0914	0.0926	0.0847	0.0862	0.0817	0.0844	0.4263	0.0937	0.0941	0.0930	0.0863	0.0809	0.0842	0.0808	0.2132	0.0919	0.0919	0.0912	0.0863	0.0809	0.0842	0.0808	0.1329	0.0931	0.0919	0.0915	0.0846	0.0813	0.0820	0.0862	
0.7369	0.6721	0.6925	0.6598	0.5468	0.4581	0.1050	0.0934	0.7681	0.2013	0.0967	0.0919	0.0849	0.0865	0.0849	0.0874	0.7345	0.1025	0.0942	0.0952	0.0853	0.0918	0.0856	0.0905	0.7564	0.0967	0.0954	0.0930	0.0858	0.0851	0.0852	0.0852	0.6567	0.0964	0.0925	0.0924	0.0842	0.0825	0.0830	0.0876	0.4387	0.0937	0.0948	0.0936	0.0878	0.0857	0.0833	0.0871	0.2136	0.0917	0.0933	0.0907	0.0878	0.0857	0.0833	0.0871	0.1374	0.0950	0.0933	0.0917	0.0839	0.0838	0.0858	0.0866	
0.7422	0.6708	0.6983	0.6694	0.5718	0.4900	0.1051	0.0831	0.7681	0.2131	0.0966	0.0920	0.0809	0.0848	0.0874	0.0859	0.7333	0.1030	0.0946	0.0931	0.0818	0.0781	0.0913	0.0886	0.7586	0.0968	0.0944	0.0905	0.0816	0.0833	0.0793	0.0817	0.6660	0.0947	0.0927	0.0917	0.0829	0.0817	0.0819	0.0813	0.4582	0.0929	0.0948	0.0945	0.0853	0.0824	0.0814	0.0824	0.2200	0.0919	0.0916	0.0906	0.0853	0.0824	0.0814	0.0824	0.1362	0.0930	0.0913	0.0918	0.0816	0.0809	0.0821	0.0823	
0.7398	0.6745	0.6941	0.6710	0.6044	0.5218	0.1120	0.0929	0.7730	0.2180	0.0971	0.0907	0.0900	0.0880	0.0898	0.0915	0.7350	0.1018	0.0937	0.0914	0.0906	0.0885	0.0917	0.0915	0.7572	0.0978	0.0936	0.0902	0.0895	0.0876	0.0871	0.0881	0.6666	0.0963	0.0922	0.0925	0.0876	0.0873	0.0885	0.0903	0.4697	0.0923	0.0934	0.0927	0.0875	0.0870	0.0901	0.0875	0.2194	0.0920	0.0915	0.0915	0.0875	0.0870	0.0901	0.0875	0.1362	0.0931	0.0922	0.0914	0.0868	0.0894	0.0891	0.0945	
0.7435	0.6780	0.7085	0.6676	0.6206	0.5455	0.1127	0.0923	0.7765	0.2286	0.0954	0.0926	0.0868	0.0842	0.0858	0.0824	0.7384	0.1005	0.0937	0.0952	0.0823	0.0841	0.0814	0.0867	0.7620	0.0966	0.0938	0.0909	0.0841	0.0858	0.0809	0.0813	0.6698	0.0949	0.0930	0.0923	0.0832	0.0807	0.0839	0.0819	0.4756	0.0932	0.0934	0.0924	0.0825	0.0843	0.0852	0.0825	0.2229	0.0920	0.0919	0.0900	0.0825	0.0843	0.0852	0.0825	0.1362	0.0940	0.0910	0.0902	0.0812	0.0858	0.0848	0.0881	
0.7448	0.6801	0.7055	0.6675	0.6343	0.5688	0.1192	0.0907	0.7764	0.2368	0.0949	0.0909	0.0890	0.0902	0.0891	0.0900	0.7435	0.1011	0.0931	0.0938	0.0867	0.0878	0.0864	0.0922	0.7617	0.0967	0.0929	0.0900	0.0866	0.0833	0.0879	0.0830	0.6758	0.0937	0.0916	0.0929	0.0842	0.0880	0.0895	0.0890	0.4979	0.0929	0.0941	0.0918	0.0832	0.0874	0.0846	0.0873	0.2262	0.0920	0.0918	0.0903	0.0832	0.0874	0.0846	0.0873	0.1375	0.0925	0.0918	0.0917	0.0883	0.0865	0.0863	0.0931	
0.7481	0.6810	0.7029	0.6740	0.6424	0.5913	0.1236	0.0893	0.7791	0.2473	0.0958	0.0928	0.0843	0.0859	0.0886	0.0876	0.7465	0.1024	0.0947	0.0921	0.0821	0.0863	0.0822	0.0866	0.7649	0.0986	0.0940	0.0909	0.0844	0.0876	0.0878	0.0810	0.6800	0.0954	0.0920	0.0925	0.0844	0.0850	0.0882	0.0829	0.5107	0.0943	0.0951	0.0933	0.0828	0.0849	0.0868	0.0862	0.2328	0.0940	0.0934	0.0905	0.0828	0.0849	0.0868	0.0862	0.1365	0.0945	0.0921	0.0927	0.0838	0.0867	0.0842	0.0898	
0.7486	0.6853	0.7058	0.6751	0.6521	0.6106	0.1377	0.0913	0.7753	0.2589	0.0960	0.0913	0.0882	0.0850	0.0866	0.0873	0.7494	0.1023	0.0937	0.0925	0.0838	0.0845	0.0926	0.0849	0.7688	0.0972	0.0952	0.0900	0.0839	0.0865	0.0842	0.0848	0.6795	0.0947	0.0922	0.0920	0.0825	0.0889	0.0868	0.0846	0.5231	0.0952	0.0938	0.0941	0.0791	0.0813	0.0816	0.0816	0.2262	0.0919	0.0938	0.0914	0.0791	0.0813	0.0816	0.0816	0.1379	0.0931	0.0921	0.0912	0.0863	0.0860	0.0789	0.0875	
0.7532	0.6871	0.7044	0.6772	0.6540	0.6289	0.1522	0.0905	0.7808	0.2703	0.0967	0.0926	0.0841	0.0849	0.0849	0.0865	0.7540	0.1031	0.0949	0.0925	0.0839	0.0828	0.0851	0.0896	0.7762	0.0990	0.0939	0.0923	0.0848	0.0833	0.0817	0.0836	0.6875	0.0956	0.0930	0.0926	0.0843	0.0825	0.0873	0.0852	0.5419	0.0939	0.0942	0.0936	0.0846	0.0849	0.0809	0.0787	0.2366	0.0916	0.0921	0.0900	0.0846	0.0849	0.0809	0.0787	0.1383	0.0936	0.0919	0.0908	0.0803	0.0863	0.0800	0.0879	
0.7529	0.6853	0.7137	0.6762	0.6603	0.6473	0.1686	0.0915	0.7842	0.2875	0.0956	0.0919	0.0847	0.0870	0.0873	0.0858	0.7527	0.1033	0.0947	0.0934	0.0858	0.0874	0.0858	0.0917	0.7753	0.0974	0.0945	0.0910	0.0842	0.0839	0.0855	0.0803	0.6829	0.0950	0.0921	0.0935	0.0858	0.0862	0.0853	0.0805	0.5554	0.0936	0.0946	0.0927	0.0814	0.0859	0.0825	0.0844	0.2421	0.0928	0.0930	0.0907	0.0814	0.0859	0.0825	0.0844	0.1365	0.0932	0.0921	0.0905	0.0872	0.0881	0.0822	0.0843	
0.7554	0.6897	0.7165	0.6770	0.6585	0.6582	0.1837	0.0920	0.7885	0.2995	0.0969	0.0917	0.0918	0.0914	0.0888	0.0867	0.7614	0.1025	0.0943	0.0928	0.0897	0.0888	0.0886	0.0900	0.7846	0.0990	0.0947	0.0917	0.0906	0.0895	0.0891	0.0885	0.6858	0.0951	0.0926	0.0927	0.0844	0.0907	0.0897	0.0925	0.5801	0.0931	0.0946	0.0941	0.0864	0.0862	0.0908	0.0893	0.2460	0.0927	0.0927	0.0910	0.0864	0.0862	0.0908	0.0893	0.1387	0.0939	0.0912	0.0911	0.0906	0.0917	0.0915	0.0948	
0.7581	0.6878	0.7220	0.6734	0.6607	0.6646	0.2045	0.0910	0.7920	0.3121	0.0968	0.0925	0.0862	0.0861	0.0862	0.0827	0.7660	0.1029	0.0951	0.0938	0.0840	0.0864	0.0850	0.0888	0.7837	0.0997	0.0948	0.0913	0.0841	0.0843	0.0834	0.0853	0.6917	0.0970	0.0920	0.0941	0.0837	0.0797	0.0853	0.0844	0.5873	0.0945	0.0952	0.0959	0.0852	0.0874	0.0844	0.0814	0.2471	0.0930	0.0931	0.0914	0.0852	0.0874	0.0844	0.0814	0.1384	0.0949	0.0931	0.0926	0.0853	0.0879	0.0825	0.0825	
0.7619	0.6966	0.7255	0.6755	0.6690	0.6704	0.2284	0.0968	0.7940	0.3296	0.0961	0.0919	0.0930	0.0930	0.0924	0.0909	0.7673	0.1035	0.0944	0.0942	0.0910	0.0948	0.0943	0.0971	0.7853	0.0976	0.0954	0.0906	0.0923	0.0912	0.0918	0.0893	0.7008	0.0959	0.0919	0.0937	0.0901	0.0869	0.0933	0.0890	0.6084	0.0934	0.0939	0.0941	0.0912	0.0922	0.0931	0.0930	0.2446	0.0916	0.0921	0.0912	0.0912	0.0922	0.0931	0.0930	0.1377	0.0948	0.0922	0.0921	0.0900	0.0928	0.0928	0.0950	
0.7646	0.6968	0.7237	0.6779	0.6622	0.6671	0.2482	0.0911	0.7975	0.3450	0.0967	0.0918	0.0852	0.0887	0.0829	0.0861	0.7679	0.1026	0.0935	0.0936	0.0844	0.0879	0.0882	0.0867	0.7900	0.0972	0.0940	0.0907	0.0866	0.0850	0.0826	0.0849	0.6964	0.0960	0.0918	0.0947	0.0840	0.0841	0.0859	0.0838	0.6198	0.0937	0.0942	0.0933	0.0865	0.0859	0.0872	0.0863	0.2519	0.0916	0.0919	0.0898	0.0865	0.0859	0.0872	0.0863	0.1393	0.0936	0.0916	0.0913	0.0853	0.0841	0.0809	0.0822	
0.7595	0.7026	0.7360	0.6808	0.6649	0.6636	0.2701	0.0926	0.7954	0.3640	0.0956	0.0914	0.0878	0.0878	0.0861	0.0861	0.7687	0.1033	0.0937	0.0911	0.0848	0.0868	0.0902	0.0909	0.7905	0.0982	0.0934	0.0899	0.0851	0.0831	0.0823	0.0817	0.7020	0.0945	0.0915	0.0942	0.0825	0.0844	0.0835	0.0850	0.6236	0.0931	0.0935	0.0930	0.0857	0.0859	0.0867	0.0862	0.2497	0.0910	0.0913	0.0905	0.0857	0.0859	0.0867	0.0862	0.1385	0.0942	0.0916	0.0910	0.0855	0.0868	0.0820	0.0860	
0.7685	0.6997	0.7299	0.6845	0.6641	0.6708	0.2986	0.0929	0.7980	0.3803	0.0954	0.0908	0.0817	0.0874	0.0865	0.0853	0.7780	0.1036	0.0938	0.0941	0.0853	0.0861	0.0860	0.0898	0.7966	0.0976	0.0936	0.0906	0.0843	0.0824	0.0814	0.0847	0.6970	0.0952	0.0910	0.0947	0.0810	0.0819	0.0865	0.0837	0.6393	0.0921	0.0937	0.0932	0.0838	0.0829	0.0864	0.0861	0.2548	0.0913	0.0908	0.0904	0.0838	0.0829	0.0864	0.0861	0.1394	0.0923	0.0901	0.0908	0.0829	0.0845	0.0774	0.0860	
0.7702	0.7051	0.7365	0.6816	0.6627	0.6680	0.3228	0.0953	0.8044	0.4018	0.0968	0.0908	0.0848	0.0895	0.0888	0.0852	0.7790	0.1034	0.0948	0.0931	0.0874	0.0845	0.0882	0.0856	0.8007	0.0981	0.0940	0.0929	0.0840	0.0856	0.0865	0.0896	0.7078	0.0963	0.0919	0.0957	0.0862	0.0859	0.0895	0.0874	0.6478	0.0927	0.0935	0.0936	0.0822	0.0839	0.0868	0.0855	0.2624	0.0919	0.0923	0.0899	0.0822	0.0839	0.0868	0.0855	0.1403	0.0939	0.0908	0.0902	0.0854	0.0888	0.0853	0.0871	
0.7711	0.7100	0.7420	0.6892	0.6712	0.6728	0.3563	0.0962	0.7983	0.4222	0.0970	0.0922	0.0871	0.0898	0.0879	0.0867	0.7814	0.1052	0.0930	0.0945	0.0883	0.0890	0.0921	0.0918	0.8025	0.0990	0.0937	0.0912	0.0895	0.0871	0.0891	0.0875	0.7030	0.0958	0.0916	0.0952	0.0862	0.0884	0.0901	0.0905	0.6451	0.0923	0.0944	0.0929	0.0922	0.0899	0.0871	0.0901	0.2627	0.0914	0.0929	0.0914	0.0922	0.0899	0.0871	0.0901	0.1407	0.0938	0.0920	0.0910	0.0884	0.0905	0.0880	0.0914	
0.7793	0.7109	0.7403	0.6903	0.6615	0.6699	0.3826	0.0897	0.8074	0.4454	0.0964	0.0914	0.0878	0.0875	0.0850	0.0862	0.7813	0.1045	0.0945	0.0931	0.0851	0.0875	0.0874	0.0895	0.8070	0.0973	0.0935	0.0916	0.0840	0.0851	0.0846	0.0819	0.7109	0.0969	0.0919	0.0971	0.0837	0.0846	0.0842	0.0845	0.6455	0.0941	0.0938	0.0931	0.0853	0.0819	0.0854	0.0854	0.2648	0.0929	0.0920	0.0915	0.0853	0.0819	0.0854	0.0854	0.1402	0.0938	0.0918	0.0925	0.0851	0.0834	0.0831	0.0859	
0.7771	0.7180	0.7481	0.6904	0.6646	0.6707	0.4088	0.0964	0.8150	0.4661	0.0989	0.0927	0.0839	0.0893	0.0878	0.0811	0.7846	0.1062	0.0929	0.0929	0.0850	0.0880	0.0878	0.0874	0.8108	0.0983	0.0941	0.0946	0.0860	0.0862	0.0875	0.0868	0.7154	0.0959	0.0908	0.0974	0.0857	0.0842	0.0844	0.0862	0.6472	0.0932	0.0938	0.0926	0.0842	0.0858	0.0877	0.0871	0.2730	0.0918	0.0917	0.0899	0.0842	0.0858	0.0877	0.0871	0.1381	0.0940	0.0908	0.0905	0.0848	0.0862	0.0862	0.0880	
0.7782	0.7160	0.7402	0.6925	0.6722	0.6684	0.4385	0.0975	0.8143	0.4876	0.0986	0.0914	0.0854	0.0842	0.0858	0.0872	0.7858	0.1044	0.0943	0.0916	0.0858	0.0903	0.0844	0.0923	0.8158	0.0983	0.0946	0.0920	0.0862	0.0872	0.0862	0.0868	0.7164	0.0961	0.0912	0.0977	0.0844	0.0840	0.0890	0.0908	0.6520	0.0929	0.0935	0.0942	0.0881	0.0871	0.0885	0.0894	0.2756	0.0919	0.0924	0.0904	0.0881	0.0871	0.0885	0.0894	0.1390	0.0942	0.0918	0.0920	0.0883	0.0885	0.0827	0.0899	
0.7839	0.7236	0.7645	0.6937	0.6666	0.6704	0.4637	0.0955	0.8217	0.5152	0.0974	0.0923	0.0826	0.0850	0.0842	0.0880	0.7929	0.1052	0.0949	0.0927	0.0857	0.0872	0.0866	0.0896	0.8184	0.0984	0.0943	0.0907	0.0824	0.0864	0.0844	0.0846	0.7263	0.0955	0.0929	0.0983	0.0849	0.0865	0.0893	0.0855	0.6519	0.0937	0.0939	0.0933	0.0808	0.0806	0.0874	0.0889	0.2840	0.0914	0.0922	0.0908	0.0808	0.0806	0.0874	0.0889	0.1411	0.0959	0.0922	0.0922	0.0841	0.0880	0.0841	0.0870	
