0.0863	0.0868	0.0866	0.0869	0.0866	0.0850	0.0865	0.0860	0.0870	0.0866	0.0867	0.0853	0.0824	0.0807	0.0806	0.0796	0.0876	0.0859	0.0864	0.0864	0.0870	0.0833	0.0846	0.0832	0.0867	0.0883	0.0889	0.0854	0.0816	0.0808	0.0831	0.0823	0.0874	0.0864	0.0867	0.0881	0.0824	0.0830	0.0838	0.0833	0.0879	0.0882	0.0892	0.0870	0.0875	0.0823	0.0844	0.0834	0.0884	0.0873	0.0872	0.0872	0.0827	0.0845	0.0833	0.0833	0.0937	0.0932	0.1053	0.0864	0.0969	0.1267	0.1057	0.1098	
0.0862	0.0859	0.0860	0.0861	0.0870	0.0850	0.0856	0.0848	0.0863	0.0871	0.0865	0.0848	0.0864	0.0868	0.0873	0.0869	0.0869	0.0862	0.0871	0.0864	0.0916	0.0842	0.0846	0.0845	0.0882	0.0942	0.0842	0.0854	0.0862	0.0869	0.0874	0.0863	0.0882	0.0870	0.0866	0.0874	0.0880	0.0838	0.0852	0.0848	0.0893	0.0891	0.0880	0.0870	0.0865	0.0860	0.0874	0.0855	0.0938	0.0885	0.0892	0.0877	0.0882	0.0867	0.0846	0.0852	0.0965	0.0979	0.0902	0.0891	0.0856	0.0928	0.0882	0.0868	
0.0867	0.0864	0.0907	0.0858	0.0843	0.0830	0.0842	0.0832	0.0861	0.0863	0.0865	0.0848	0.0818	0.0821	0.0827	0.0820	0.0865	0.0861	0.0858	0.0861	0.0868	0.0830	0.0834	0.0826	0.0865	0.0863	0.0843	0.0854	0.0822	0.0831	0.0840	0.0829	0.0876	0.0867	0.0867	0.0898	0.0823	0.0830	0.0840	0.0832	0.0882	0.0873	0.0864	0.0859	0.0830	0.0830	0.0830	0.0828	0.0908	0.0878	0.0872	0.0880	0.0827	0.0839	0.0843	0.0839	0.0906	0.0916	0.0873	0.0855	0.0827	0.0884	0.0845	0.0833	
0.0868	0.0862	0.0868	0.0853	0.0880	0.0856	0.0865	0.0854	0.0861	0.0865	0.0861	0.0852	0.0851	0.0849	0.0856	0.0853	0.0867	0.0855	0.0857	0.0857	0.0914	0.0852	0.0853	0.0849	0.0865	0.0865	0.0870	0.0849	0.0855	0.0860	0.0862	0.0849	0.0870	0.0869	0.0871	0.0874	0.0870	0.0847	0.0855	0.0848	0.0867	0.0866	0.0866	0.0856	0.0850	0.0849	0.0858	0.0849	0.0877	0.0870	0.0872	0.0865	0.0872	0.0846	0.0850	0.0853	0.0875	0.0880	0.0869	0.0855	0.0846	0.0876	0.0867	0.0864	
0.0868	0.0865	0.0873	0.0861	0.0856	0.0840	0.0849	0.0836	0.0865	0.0885	0.0864	0.0853	0.0830	0.0833	0.0836	0.0830	0.0872	0.0859	0.0864	0.0866	0.0865	0.0842	0.0834	0.0841	0.0866	0.0868	0.0870	0.0849	0.0828	0.0845	0.0849	0.0834	0.0875	0.0870	0.0871	0.0874	0.0844	0.0839	0.0833	0.0845	0.0868	0.0862	0.0865	0.0861	0.0835	0.0829	0.0840	0.0825	0.0882	0.0878	0.0869	0.0874	0.0835	0.0848	0.0842	0.0840	0.0875	0.0876	0.0866	0.0856	0.0834	0.0851	0.0848	0.0846	
0.0867	0.0867	0.0887	0.0863	0.0860	0.0843	0.0849	0.0841	0.0863	0.0870	0.0865	0.0851	0.0848	0.0851	0.0853	0.0854	0.0869	0.0858	0.0859	0.0864	0.0886	0.0841	0.0835	0.0835	0.0871	0.0864	0.0878	0.0848	0.0836	0.0845	0.0866	0.0843	0.0876	0.0871	0.0872	0.0874	0.0857	0.0850	0.0846	0.0837	0.0874	0.0872	0.0866	0.0860	0.0837	0.0845	0.0838	0.0839	0.0872	0.0870	0.0871	0.0868	0.0845	0.0845	0.0855	0.0845	0.0879	0.0875	0.0868	0.0853	0.0827	0.0850	0.0859	0.0845	
0.0865	0.0868	0.0862	0.0858	0.0883	0.0859	0.0866	0.0861	0.0864	0.0869	0.0862	0.0855	0.0851	0.0851	0.0860	0.0851	0.0872	0.0857	0.0863	0.0864	0.0916	0.0858	0.0856	0.0848	0.0868	0.0866	0.0857	0.0850	0.0858	0.0866	0.0867	0.0867	0.0873	0.0871	0.0871	0.0880	0.0872	0.0857	0.0857	0.0847	0.0872	0.0868	0.0868	0.0855	0.0848	0.0846	0.0866	0.0851	0.0872	0.0872	0.0867	0.0877	0.0889	0.0859	0.0856	0.0852	0.0878	0.0880	0.0868	0.0857	0.0856	0.0859	0.0874	0.0849	
0.0863	0.0862	0.0881	0.0856	0.0861	0.0832	0.0841	0.0833	0.0860	0.0892	0.0858	0.0848	0.0826	0.0824	0.0831	0.0821	0.0863	0.0852	0.0864	0.0859	0.0867	0.0834	0.0842	0.0842	0.0865	0.0910	0.0867	0.0847	0.0821	0.0836	0.0846	0.0832	0.0868	0.0867	0.0862	0.0870	0.0822	0.0836	0.0842	0.0848	0.0861	0.0866	0.0864	0.0852	0.0828	0.0819	0.0821	0.0821	0.0891	0.0888	0.0886	0.0883	0.0824	0.0830	0.0850	0.0844	0.0893	0.0898	0.0885	0.0874	0.0830	0.0843	0.0875	0.0837	
0.0869	0.0864	0.0911	0.0866	0.0864	0.0841	0.0843	0.0837	0.0872	0.0922	0.0860	0.0864	0.0848	0.0851	0.0865	0.0853	0.0862	0.0854	0.0870	0.0862	0.0894	0.0832	0.0840	0.0835	0.0866	0.0861	0.0853	0.0846	0.0838	0.0850	0.0860	0.0850	0.0863	0.0864	0.0861	0.0865	0.0862	0.0828	0.0830	0.0829	0.0855	0.0858	0.0858	0.0847	0.0835	0.0847	0.0846	0.0836	0.0865	0.0867	0.0861	0.0857	0.0847	0.0825	0.0829	0.0820	0.0867	0.0892	0.0864	0.0848	0.0832	0.0867	0.0885	0.0868	
0.0869	0.0867	0.0866	0.0863	0.0829	0.0810	0.0819	0.0810	0.0861	0.0890	0.0861	0.0857	0.0799	0.0797	0.0801	0.0802	0.0870	0.0859	0.0863	0.0864	0.0840	0.0805	0.0801	0.0810	0.0867	0.0967	0.0886	0.0850	0.0809	0.0805	0.0824	0.0808	0.0871	0.0869	0.0869	0.0873	0.0800	0.0815	0.0818	0.0810	0.0871	0.0875	0.0864	0.0853	0.0800	0.0807	0.0820	0.0802	0.0870	0.0868	0.0862	0.0867	0.0801	0.0817	0.0813	0.0817	0.0875	0.0869	0.0868	0.0857	0.0807	0.0801	0.0824	0.0801	
0.0870	0.0868	0.0916	0.0864	0.0862	0.0845	0.0850	0.0844	0.0862	0.0866	0.0865	0.0857	0.0843	0.0846	0.0852	0.0845	0.0869	0.0860	0.0864	0.0865	0.0873	0.0840	0.0844	0.0835	0.0890	0.0863	0.0893	0.0853	0.0844	0.0859	0.0864	0.0851	0.0870	0.0871	0.0866	0.0877	0.0852	0.0838	0.0843	0.0845	0.0862	0.0870	0.0863	0.0857	0.0843	0.0843	0.0854	0.0849	0.0875	0.0878	0.0869	0.0869	0.0847	0.0842	0.0844	0.0843	0.0872	0.0876	0.0866	0.0860	0.0843	0.0851	0.0857	0.0844	
0.0875	0.0870	0.0868	0.0865	0.0904	0.0885	0.0889	0.0878	0.0867	0.0870	0.0865	0.0857	0.0893	0.0882	0.0889	0.0883	0.0871	0.0862	0.0863	0.0864	0.0940	0.0879	0.0879	0.0875	0.0894	0.0913	0.0855	0.0853	0.0882	0.0878	0.0892	0.0889	0.0874	0.0875	0.0865	0.0878	0.0903	0.0867	0.0881	0.0874	0.0865	0.0870	0.0869	0.0864	0.0882	0.0877	0.0883	0.0884	0.0877	0.0869	0.0870	0.0870	0.0908	0.0874	0.0878	0.0874	0.0876	0.0879	0.0866	0.0856	0.0889	0.0893	0.0912	0.0889	
0.0873	0.0873	0.0869	0.0862	0.0828	0.0822	0.0838	0.0821	0.0867	0.0870	0.0863	0.0856	0.0798	0.0801	0.0807	0.0802	0.0871	0.0858	0.0867	0.0859	0.0832	0.0821	0.0830	0.0826	0.0864	0.0910	0.0898	0.0849	0.0800	0.0808	0.0818	0.0809	0.0872	0.0869	0.0869	0.0872	0.0810	0.0819	0.0825	0.0824	0.0862	0.0872	0.0867	0.0856	0.0804	0.0806	0.0813	0.0800	0.0874	0.0868	0.0876	0.0874	0.0801	0.0833	0.0837	0.0821	0.0878	0.0875	0.0867	0.0853	0.0793	0.0809	0.0825	0.0808	
0.0877	0.0870	0.0870	0.0865	0.0851	0.0836	0.0843	0.0841	0.0864	0.0869	0.0864	0.0856	0.0832	0.0838	0.0835	0.0845	0.0868	0.0859	0.0864	0.0861	0.0875	0.0835	0.0837	0.0832	0.0870	0.0869	0.0864	0.0851	0.0832	0.0836	0.0853	0.0837	0.0870	0.0871	0.0865	0.0872	0.0837	0.0831	0.0848	0.0837	0.0866	0.0869	0.0867	0.0860	0.0838	0.0852	0.0854	0.0861	0.0870	0.0872	0.0870	0.0871	0.0828	0.0837	0.0837	0.0840	0.0874	0.0879	0.0872	0.0857	0.0827	0.0836	0.0850	0.0838	
0.0875	0.0871	0.0889	0.0864	0.0881	0.0862	0.0870	0.0862	0.0865	0.0872	0.0864	0.0859	0.0878	0.0873	0.0877	0.0876	0.0870	0.0857	0.0861	0.0863	0.0912	0.0851	0.0854	0.0853	0.0867	0.0868	0.0884	0.0847	0.0862	0.0875	0.0880	0.0875	0.0871	0.0866	0.0869	0.0873	0.0882	0.0837	0.0862	0.0855	0.0868	0.0866	0.0864	0.0858	0.0862	0.0881	0.0891	0.0885	0.0870	0.0869	0.0866	0.0871	0.0881	0.0847	0.0855	0.0848	0.0875	0.0878	0.0867	0.0853	0.0845	0.0862	0.0873	0.0870	
0.0875	0.0873	0.0882	0.0869	0.0831	0.0814	0.0827	0.0816	0.0870	0.0869	0.0864	0.0858	0.0812	0.0801	0.0811	0.0807	0.0872	0.0862	0.0862	0.0860	0.0853	0.0814	0.0811	0.0814	0.0865	0.0867	0.0860	0.0854	0.0808	0.0819	0.0845	0.0828	0.0875	0.0872	0.0867	0.0873	0.0814	0.0804	0.0812	0.0812	0.0864	0.0872	0.0864	0.0856	0.0805	0.0811	0.0811	0.0809	0.0891	0.0868	0.0866	0.0869	0.0801	0.0815	0.0810	0.0830	0.0875	0.0872	0.0865	0.0852	0.0844	0.0873	0.0837	0.0826	
0.0879	0.0872	0.0901	0.0866	0.0867	0.0847	0.0855	0.0846	0.0867	0.0869	0.0861	0.0858	0.0864	0.0863	0.0880	0.0869	0.0873	0.0859	0.0864	0.0862	0.0902	0.0843	0.0839	0.0838	0.0865	0.0862	0.0855	0.0849	0.0855	0.0870	0.0878	0.0865	0.0872	0.0867	0.0865	0.0877	0.0867	0.0831	0.0836	0.0842	0.0864	0.0866	0.0866	0.0855	0.0855	0.0869	0.0871	0.0871	0.0871	0.0874	0.0871	0.0867	0.0867	0.0836	0.0839	0.0835	0.0877	0.0870	0.0862	0.0855	0.0867	0.0887	0.0895	0.0894	
0.0880	0.0877	0.0908	0.0870	0.0848	0.0833	0.0851	0.0843	0.0870	0.0872	0.0870	0.0866	0.0819	0.0826	0.0831	0.0820	0.0873	0.0860	0.0867	0.0863	0.0861	0.0842	0.0847	0.0835	0.0869	0.0886	0.0860	0.0854	0.0826	0.0836	0.0846	0.0830	0.0871	0.0869	0.0867	0.0874	0.0821	0.0841	0.0846	0.0841	0.0867	0.0870	0.0865	0.0859	0.0831	0.0833	0.0827	0.0822	0.0881	0.0872	0.0874	0.0873	0.0813	0.0848	0.0839	0.0842	0.0870	0.0874	0.0868	0.0859	0.0830	0.0847	0.0842	0.0824	
0.0882	0.0877	0.0907	0.0873	0.0901	0.0878	0.0884	0.0877	0.0873	0.0872	0.0874	0.0864	0.0895	0.0890	0.0909	0.0892	0.0869	0.0859	0.0864	0.0866	0.0932	0.0879	0.0878	0.0918	0.0866	0.0866	0.0861	0.0849	0.0880	0.0890	0.0900	0.0885	0.0873	0.0871	0.0869	0.0877	0.0898	0.0864	0.0877	0.0875	0.0870	0.0872	0.0870	0.0857	0.0879	0.0891	0.0891	0.0876	0.0870	0.0870	0.0875	0.0870	0.0897	0.0864	0.0866	0.0868	0.0875	0.0876	0.0862	0.0854	0.0880	0.0899	0.0905	0.0887	
0.0886	0.0879	0.0876	0.0877	0.0848	0.0840	0.0856	0.0841	0.0874	0.0872	0.0869	0.0865	0.0837	0.0832	0.0850	0.0837	0.0874	0.0862	0.0862	0.0868	0.0852	0.0835	0.0842	0.0841	0.0870	0.0871	0.0859	0.0847	0.0830	0.0828	0.0849	0.0836	0.0870	0.0872	0.0865	0.0876	0.0829	0.0836	0.0844	0.0839	0.0867	0.0871	0.0871	0.0854	0.0830	0.0867	0.0847	0.0829	0.0872	0.0874	0.0871	0.0869	0.0825	0.0838	0.0844	0.0838	0.0875	0.0874	0.0867	0.0853	0.0825	0.0860	0.0873	0.0854	
0.0886	0.0883	0.0912	0.0875	0.0916	0.0894	0.0904	0.0889	0.0874	0.0876	0.0871	0.0867	0.0898	0.0898	0.0910	0.0907	0.0875	0.0866	0.0866	0.0868	0.0941	0.0887	0.0886	0.0888	0.0867	0.0945	0.0860	0.0851	0.0889	0.0896	0.0910	0.0899	0.0874	0.0869	0.0870	0.0874	0.0913	0.0880	0.0886	0.0884	0.0867	0.0869	0.0865	0.0856	0.0892	0.0901	0.0902	0.0908	0.0868	0.0870	0.0873	0.0873	0.0904	0.0884	0.0876	0.0881	0.0874	0.0870	0.0872	0.0852	0.0892	0.0908	0.0925	0.0912	
0.0888	0.0883	0.0921	0.0877	0.0851	0.0837	0.0854	0.0838	0.0869	0.0874	0.0872	0.0865	0.0842	0.0832	0.0843	0.0838	0.0878	0.0864	0.0864	0.0868	0.0864	0.0840	0.0841	0.0839	0.0871	0.0881	0.0884	0.0852	0.0836	0.0841	0.0856	0.0835	0.0869	0.0869	0.0869	0.0879	0.0820	0.0838	0.0850	0.0840	0.0866	0.0870	0.0865	0.0856	0.0835	0.0851	0.0865	0.0864	0.0870	0.0871	0.0869	0.0869	0.0816	0.0830	0.0835	0.0853	0.0876	0.0875	0.0866	0.0856	0.0829	0.0838	0.0845	0.0841	
0.0888	0.0885	0.0884	0.0880	0.0921	0.0905	0.0912	0.0901	0.0874	0.0876	0.0872	0.0866	0.0913	0.0898	0.0919	0.0900	0.0877	0.0864	0.0872	0.0872	0.0953	0.0884	0.0892	0.0888	0.0889	0.0909	0.0859	0.0853	0.0895	0.0900	0.0918	0.0911	0.0874	0.0874	0.0868	0.0877	0.0924	0.0889	0.0887	0.0894	0.0868	0.0871	0.0866	0.0857	0.0894	0.0903	0.0917	0.0922	0.0872	0.0878	0.0875	0.0875	0.0914	0.0880	0.0888	0.0886	0.0871	0.0873	0.0867	0.0854	0.0900	0.0921	0.0929	0.0927	
0.0892	0.0885	0.0884	0.0881	0.0859	0.0842	0.0858	0.0844	0.0877	0.0877	0.0879	0.0861	0.0842	0.0849	0.0849	0.0841	0.0877	0.0864	0.0871	0.0871	0.0887	0.0846	0.0852	0.0836	0.0870	0.0939	0.0863	0.0852	0.0842	0.0852	0.0871	0.0860	0.0874	0.0868	0.0872	0.0879	0.0825	0.0842	0.0844	0.0841	0.0869	0.0872	0.0873	0.0854	0.0843	0.0865	0.0870	0.0863	0.0872	0.0876	0.0868	0.0874	0.0829	0.0829	0.0826	0.0843	0.0870	0.0878	0.0868	0.0856	0.0824	0.0844	0.0849	0.0848	
0.0894	0.0886	0.0888	0.0883	0.0898	0.0866	0.0869	0.0875	0.0876	0.0885	0.0875	0.0871	0.0864	0.0860	0.0859	0.0861	0.0881	0.0868	0.0869	0.0877	0.0928	0.0861	0.0858	0.0858	0.0874	0.0908	0.0859	0.0856	0.0851	0.0855	0.0865	0.0863	0.0869	0.0869	0.0872	0.0879	0.0885	0.0856	0.0857	0.0852	0.0865	0.0873	0.0876	0.0856	0.0850	0.0859	0.0870	0.0866	0.0875	0.0878	0.0872	0.0873	0.0879	0.0840	0.0849	0.0836	0.0876	0.0882	0.0872	0.0858	0.0876	0.0883	0.0879	0.0878	
0.0901	0.0892	0.0941	0.0888	0.0870	0.0855	0.0870	0.0854	0.0883	0.0886	0.0882	0.0875	0.0852	0.0858	0.0857	0.0853	0.0880	0.0874	0.0872	0.0877	0.0887	0.0840	0.0843	0.0841	0.0875	0.0873	0.0871	0.0860	0.0851	0.0865	0.0880	0.0869	0.0878	0.0877	0.0873	0.0887	0.0848	0.0832	0.0845	0.0848	0.0867	0.0872	0.0871	0.0854	0.0846	0.0857	0.0871	0.0864	0.0877	0.0875	0.0874	0.0874	0.0835	0.0836	0.0841	0.0839	0.0879	0.0878	0.0869	0.0856	0.0842	0.0850	0.0858	0.0853	
0.0906	0.0895	0.0944	0.0891	0.0887	0.0863	0.0865	0.0860	0.0884	0.0886	0.0878	0.0874	0.0858	0.0849	0.0859	0.0849	0.0888	0.0875	0.0869	0.0878	0.0913	0.0839	0.0846	0.0843	0.0873	0.0877	0.0865	0.0857	0.0835	0.0863	0.0869	0.0865	0.0875	0.0879	0.0877	0.0882	0.0870	0.0833	0.0830	0.0834	0.0869	0.0870	0.0875	0.0860	0.0834	0.0843	0.0849	0.0845	0.0870	0.0874	0.0875	0.0876	0.0864	0.0821	0.0827	0.0824	0.0875	0.0874	0.0867	0.0857	0.0847	0.0862	0.0879	0.0870	
0.0907	0.0899	0.0945	0.0899	0.0872	0.0854	0.0870	0.0864	0.0890	0.0892	0.0883	0.0876	0.0857	0.0855	0.0860	0.0849	0.0887	0.0882	0.0876	0.0880	0.0883	0.0853	0.0850	0.0846	0.0877	0.0969	0.0864	0.0864	0.0844	0.0864	0.0867	0.0865	0.0877	0.0877	0.0877	0.0889	0.0842	0.0843	0.0836	0.0840	0.0874	0.0874	0.0886	0.0862	0.0836	0.0822	0.0845	0.0834	0.0873	0.0876	0.0878	0.0876	0.0830	0.0829	0.0836	0.0837	0.0875	0.0888	0.0875	0.0861	0.0838	0.0854	0.0867	0.0855	
0.0907	0.0907	0.0950	0.0900	0.0925	0.0905	0.0906	0.0897	0.0888	0.0896	0.0886	0.0882	0.0900	0.0891	0.0906	0.0897	0.0899	0.0878	0.0886	0.0881	0.0950	0.0883	0.0884	0.0883	0.0876	0.0994	0.0894	0.0857	0.0882	0.0889	0.0905	0.0893	0.0883	0.0881	0.0876	0.0883	0.0910	0.0876	0.0886	0.0890	0.0874	0.0874	0.0883	0.0857	0.0876	0.0885	0.0883	0.0881	0.0879	0.0882	0.0876	0.0879	0.0901	0.0869	0.0874	0.0869	0.0877	0.0881	0.0871	0.0863	0.0879	0.0891	0.0905	0.0896	
0.0921	0.0907	0.0907	0.0908	0.0875	0.0866	0.0881	0.0864	0.0894	0.0897	0.0889	0.0878	0.0855	0.0860	0.0871	0.0863	0.0883	0.0885	0.0882	0.0886	0.0890	0.0857	0.0859	0.0858	0.0881	0.0876	0.0896	0.0857	0.0852	0.0860	0.0878	0.0865	0.0882	0.0876	0.0876	0.0881	0.0842	0.0849	0.0852	0.0854	0.0869	0.0877	0.0878	0.0862	0.0840	0.0842	0.0858	0.0851	0.0874	0.0877	0.0877	0.0880	0.0822	0.0841	0.0847	0.0853	0.0874	0.0871	0.0874	0.0859	0.0858	0.0864	0.0867	0.0850	
0.0926	0.0921	0.0946	0.0912	0.0919	0.0905	0.0911	0.0900	0.0903	0.0931	0.0895	0.0886	0.0909	0.0907	0.0912	0.0905	0.0893	0.0882	0.0885	0.0887	0.0940	0.0886	0.0882	0.0878	0.0879	0.0885	0.0872	0.0865	0.0892	0.0892	0.0903	0.0902	0.0888	0.0890	0.0886	0.0896	0.0899	0.0865	0.0873	0.0870	0.0876	0.0873	0.0881	0.0867	0.0896	0.0895	0.0911	0.0915	0.0876	0.0887	0.0881	0.0886	0.0897	0.0861	0.0871	0.0856	0.0883	0.0882	0.0881	0.0867	0.0883	0.0891	0.0900	0.0880	
0.0926	0.0914	0.0943	0.0924	0.0877	0.0868	0.0879	0.0863	0.0900	0.0909	0.0902	0.0890	0.0860	0.0856	0.0865	0.0849	0.0891	0.0884	0.0890	0.0891	0.0875	0.0858	0.0860	0.0851	0.0883	0.0890	0.0880	0.0875	0.0851	0.0857	0.0877	0.0864	0.0880	0.0888	0.0882	0.0891	0.0840	0.0849	0.0857	0.0855	0.0871	0.0876	0.0876	0.0867	0.0844	0.0858	0.0857	0.0856	0.0873	0.0882	0.0877	0.0879	0.0831	0.0835	0.0847	0.0848	0.0874	0.0882	0.0865	0.0865	0.0858	0.0879	0.0893	0.0891	
0.0933	0.0924	0.0960	0.0922	0.0925	0.0897	0.0910	0.0898	0.0904	0.0907	0.0902	0.0892	0.0914	0.0905	0.0916	0.0906	0.0897	0.0890	0.0884	0.0892	0.0945	0.0881	0.0882	0.0878	0.0883	0.0885	0.0894	0.0869	0.0891	0.0894	0.0901	0.0898	0.0884	0.0882	0.0882	0.0891	0.0898	0.0867	0.0877	0.0872	0.0873	0.0877	0.0881	0.0858	0.0893	0.0899	0.0910	0.0903	0.0871	0.0877	0.0881	0.0877	0.0891	0.0852	0.0869	0.0868	0.0874	0.0883	0.0874	0.0862	0.0872	0.0874	0.0893	0.0883	
0.0942	0.0933	0.0957	0.0935	0.0890	0.0875	0.0893	0.0872	0.0910	0.0914	0.0904	0.0896	0.0868	0.0860	0.0869	0.0863	0.0901	0.0888	0.0894	0.0897	0.0883	0.0863	0.0866	0.0863	0.0886	0.0891	0.0870	0.0877	0.0838	0.0853	0.0861	0.0842	0.0897	0.0890	0.0885	0.0890	0.0835	0.0847	0.0859	0.0855	0.0874	0.0885	0.0882	0.0869	0.0841	0.0841	0.0856	0.0845	0.0878	0.0884	0.0881	0.0886	0.0824	0.0848	0.0848	0.0843	0.0871	0.0877	0.0873	0.0859	0.0857	0.0857	0.0862	0.0842	
0.0941	0.0934	0.0941	0.0933	0.0916	0.0896	0.0901	0.0891	0.0914	0.1001	0.0905	0.0901	0.0912	0.0899	0.0901	0.0901	0.0897	0.0892	0.0890	0.0900	0.0931	0.0868	0.0869	0.0860	0.0888	0.0893	0.0877	0.0869	0.0882	0.0873	0.0888	0.0876	0.0889	0.0889	0.0886	0.0896	0.0885	0.0853	0.0868	0.0862	0.0870	0.0881	0.0885	0.0865	0.0862	0.0874	0.0880	0.0874	0.0882	0.0888	0.0886	0.0883	0.0865	0.0839	0.0844	0.0844	0.0871	0.0872	0.0871	0.0858	0.0847	0.0868	0.0873	0.0868	
0.0952	0.0946	0.0969	0.0950	0.0892	0.0877	0.0881	0.0871	0.0920	0.0920	0.0923	0.0908	0.0861	0.0851	0.0860	0.0844	0.0906	0.0894	0.0899	0.0904	0.0868	0.0850	0.0849	0.0839	0.0891	0.0895	0.0881	0.0872	0.0835	0.0841	0.0856	0.0826	0.0893	0.0885	0.0893	0.0893	0.0822	0.0842	0.0848	0.0847	0.0878	0.0878	0.0881	0.0867	0.0824	0.0824	0.0827	0.0826	0.0878	0.0884	0.0883	0.0885	0.0813	0.0829	0.0834	0.0824	0.0873	0.0871	0.0870	0.0860	0.0815	0.0821	0.0846	0.0825	
0.0963	0.0960	0.0963	0.0956	0.0935	0.0906	0.0920	0.0900	0.0931	0.0934	0.0926	0.0915	0.0923	0.0924	0.0926	0.0913	0.0913	0.0902	0.0906	0.0914	0.0935	0.0882	0.0875	0.0866	0.0896	0.0914	0.0888	0.0879	0.0891	0.0900	0.0903	0.0898	0.0894	0.0901	0.0901	0.0904	0.0894	0.0862	0.0869	0.0862	0.0875	0.0887	0.0883	0.0876	0.0876	0.0868	0.0894	0.0883	0.0884	0.0891	0.0882	0.0888	0.0875	0.0844	0.0846	0.0847	0.0882	0.0877	0.0873	0.0864	0.0871	0.0860	0.0890	0.0870	
0.0980	0.0965	0.1003	0.0972	0.0893	0.0870	0.0877	0.0863	0.0931	0.0942	0.0932	0.0933	0.0871	0.0852	0.0856	0.0849	0.0926	0.0909	0.0911	0.0923	0.0866	0.0836	0.0834	0.0832	0.0898	0.0900	0.0895	0.0885	0.0844	0.0841	0.0845	0.0839	0.0898	0.0897	0.0898	0.0901	0.0817	0.0817	0.0818	0.0812	0.0878	0.0893	0.0895	0.0874	0.0836	0.0851	0.0862	0.0855	0.0882	0.0888	0.0896	0.0889	0.0820	0.0803	0.0812	0.0800	0.0876	0.0875	0.0872	0.0867	0.0840	0.0845	0.0875	0.0869	
0.0989	0.0983	0.1023	0.0986	0.0948	0.0912	0.0918	0.0902	0.0939	0.0945	0.0940	0.0929	0.0925	0.0914	0.0917	0.0907	0.0928	0.0909	0.0912	0.0922	0.0933	0.0876	0.0873	0.0862	0.0898	0.0915	0.0895	0.0883	0.0886	0.0887	0.0891	0.0882	0.0902	0.0901	0.0902	0.0899	0.0879	0.0845	0.0856	0.0849	0.0883	0.0888	0.0888	0.0875	0.0876	0.0894	0.0898	0.0901	0.0886	0.0894	0.0885	0.0894	0.0873	0.0839	0.0840	0.0839	0.0880	0.0877	0.0880	0.0871	0.0882	0.0907	0.0931	0.0870	
0.0994	0.0993	0.1042	0.0990	0.0920	0.0904	0.0913	0.0892	0.0943	0.0971	0.0945	0.0940	0.0890	0.0888	0.0886	0.0867	0.0923	0.0911	0.0918	0.0920	0.0882	0.0869	0.0865	0.0857	0.0902	0.0983	0.0892	0.0880	0.0847	0.0854	0.0872	0.0861	0.0903	0.0896	0.0907	0.0899	0.0843	0.0853	0.0850	0.0850	0.0878	0.0883	0.0888	0.0872	0.0859	0.0875	0.0881	0.0880	0.0877	0.0893	0.0887	0.0885	0.0822	0.0830	0.0844	0.0837	0.0877	0.0877	0.0878	0.0871	0.0821	0.0834	0.0852	0.0826	
0.1016	0.1012	0.1058	0.1014	0.0959	0.0938	0.0940	0.0910	0.0963	0.0964	0.0959	0.0947	0.0935	0.0933	0.0941	0.0915	0.0939	0.0934	0.0930	0.0939	0.0936	0.0882	0.0875	0.0867	0.0911	0.0943	0.0911	0.0891	0.0896	0.0907	0.0918	0.0895	0.0907	0.0914	0.0904	0.0915	0.0882	0.0859	0.0867	0.0864	0.0885	0.0895	0.0905	0.0882	0.0884	0.0896	0.0900	0.0889	0.0886	0.0892	0.0893	0.0888	0.0856	0.0843	0.0857	0.0851	0.0883	0.0882	0.0883	0.0874	0.0854	0.0860	0.0888	0.0867	
0.1032	0.1021	0.1057	0.1036	0.0941	0.0923	0.0927	0.0900	0.0970	0.0975	0.0972	0.0963	0.0906	0.0892	0.0895	0.0873	0.0947	0.0933	0.0938	0.0945	0.0898	0.0882	0.0861	0.0864	0.0914	0.0926	0.0902	0.0899	0.0862	0.0868	0.0878	0.0869	0.0911	0.0912	0.0907	0.0911	0.0847	0.0841	0.0844	0.0846	0.0891	0.0901	0.0899	0.0886	0.0827	0.0821	0.0843	0.0825	0.0891	0.0902	0.0900	0.0893	0.0822	0.0827	0.0844	0.0841	0.0879	0.0884	0.0884	0.0869	0.0845	0.0837	0.0852	0.0846	
0.1049	0.1050	0.1085	0.1045	0.0989	0.0968	0.0958	0.0937	0.0988	0.0989	0.0984	0.0971	0.0966	0.0958	0.0969	0.0937	0.0950	0.0939	0.0938	0.0950	0.0956	0.0897	0.0899	0.0884	0.0915	0.0968	0.0918	0.0905	0.0918	0.0922	0.0920	0.0904	0.0923	0.0909	0.0914	0.0920	0.0890	0.0868	0.0870	0.0866	0.0895	0.0900	0.0908	0.0889	0.0877	0.0887	0.0894	0.0891	0.0888	0.0902	0.0896	0.0888	0.0871	0.0829	0.0853	0.0855	0.0875	0.0884	0.0887	0.0872	0.0861	0.0867	0.0886	0.0863	
0.1064	0.1057	0.1083	0.1065	0.0970	0.0940	0.0936	0.0906	0.0995	0.0995	0.0988	0.0973	0.0923	0.0912	0.0911	0.0878	0.0957	0.0942	0.0957	0.0956	0.0910	0.0870	0.0868	0.0848	0.0919	0.1001	0.0915	0.0908	0.0859	0.0859	0.0867	0.0849	0.0925	0.0915	0.0919	0.0916	0.0839	0.0844	0.0846	0.0831	0.0891	0.0895	0.0903	0.0885	0.0838	0.0841	0.0870	0.0854	0.0883	0.0899	0.0894	0.0894	0.0814	0.0809	0.0819	0.0815	0.0877	0.0894	0.0872	0.0869	0.0823	0.0825	0.0854	0.0832	
0.1094	0.1088	0.1096	0.1100	0.1011	0.0985	0.0974	0.0956	0.1017	0.1047	0.1007	0.0993	0.0989	0.0983	0.0970	0.0945	0.0964	0.0956	0.0959	0.0961	0.0969	0.0907	0.0905	0.0892	0.0917	0.0941	0.0917	0.0913	0.0927	0.0918	0.0923	0.0903	0.0928	0.0915	0.0926	0.0930	0.0906	0.0868	0.0867	0.0868	0.0887	0.0903	0.0908	0.0885	0.0895	0.0905	0.0925	0.0895	0.0883	0.0897	0.0896	0.0888	0.0876	0.0837	0.0862	0.0859	0.0876	0.0884	0.0890	0.0877	0.0885	0.0890	0.0896	0.0887	
0.1120	0.1113	0.1140	0.1127	0.1007	0.0979	0.0975	0.0949	0.1035	0.1036	0.1031	0.1009	0.0947	0.0937	0.0943	0.0901	0.0982	0.0968	0.0967	0.0974	0.0925	0.0902	0.0889	0.0870	0.0934	0.0998	0.0943	0.0922	0.0883	0.0893	0.0890	0.0873	0.0934	0.0926	0.0923	0.0936	0.0859	0.0875	0.0871	0.0862	0.0889	0.0901	0.0913	0.0894	0.0854	0.0841	0.0851	0.0850	0.0891	0.0908	0.0905	0.0904	0.0827	0.0832	0.0864	0.0857	0.0879	0.0880	0.0889	0.0877	0.0829	0.0831	0.0872	0.0857	
0.1145	0.1145	0.1173	0.1155	0.1049	0.1022	0.1009	0.0970	0.1047	0.1048	0.1043	0.1030	0.1012	0.0996	0.0998	0.0946	0.0987	0.0981	0.0984	0.0992	0.0971	0.0932	0.0918	0.0901	0.0939	0.0955	0.0930	0.0925	0.0917	0.0918	0.0919	0.0889	0.0937	0.0934	0.0931	0.0938	0.0914	0.0867	0.0875	0.0866	0.0894	0.0903	0.0911	0.0889	0.0882	0.0878	0.0886	0.0871	0.0899	0.0911	0.0908	0.0900	0.0874	0.0852	0.0860	0.0865	0.0882	0.0888	0.0894	0.0885	0.0854	0.0855	0.0876	0.0864	
0.1176	0.1169	0.1207	0.1190	0.1047	0.1033	0.1014	0.0971	0.1067	0.1099	0.1063	0.1049	0.0985	0.0970	0.0957	0.0917	0.1012	0.0992	0.0993	0.1003	0.0933	0.0915	0.0907	0.0883	0.0942	0.1037	0.0924	0.0929	0.0899	0.0896	0.0900	0.0865	0.0957	0.0937	0.0940	0.0943	0.0875	0.0870	0.0872	0.0856	0.0899	0.0908	0.0915	0.0903	0.0867	0.0848	0.0868	0.0844	0.0897	0.0911	0.0907	0.0903	0.0819	0.0836	0.0860	0.0845	0.0891	0.0893	0.0888	0.0883	0.0829	0.0841	0.0873	0.0851	
0.1213	0.1211	0.1225	0.1228	0.1101	0.1078	0.1060	0.1000	0.1093	0.1099	0.1083	0.1074	0.1048	0.1027	0.1018	0.0969	0.1021	0.1012	0.1005	0.1018	0.1001	0.0946	0.0936	0.0912	0.0951	0.0969	0.0948	0.0944	0.0946	0.0938	0.0926	0.0908	0.0958	0.0939	0.0948	0.0946	0.0919	0.0890	0.0894	0.0881	0.0898	0.0915	0.0918	0.0909	0.0893	0.0889	0.0906	0.0887	0.0894	0.0909	0.0908	0.0903	0.0880	0.0860	0.0876	0.0870	0.0878	0.0887	0.0894	0.0894	0.0911	0.0932	0.0945	0.0939	
0.1260	0.1254	0.1264	0.1266	0.1113	0.1079	0.1048	0.0997	0.1111	0.1113	0.1108	0.1094	0.1040	0.1011	0.0996	0.0950	0.1034	0.1013	0.1028	0.1027	0.0984	0.0938	0.0921	0.0896	0.0960	0.0986	0.0972	0.0947	0.0936	0.0924	0.0909	0.0902	0.0959	0.0954	0.0955	0.0955	0.0902	0.0880	0.0882	0.0863	0.0905	0.0920	0.0924	0.0922	0.0872	0.0865	0.0876	0.0867	0.0909	0.0923	0.0912	0.0907	0.0856	0.0833	0.0844	0.0839	0.0881	0.0890	0.0897	0.0886	0.0850	0.0847	0.0887	0.0866	
0.1306	0.1295	0.1333	0.1339	0.1145	0.1111	0.1082	0.1003	0.1148	0.1147	0.1138	0.1121	0.1070	0.1045	0.1032	0.0969	0.1055	0.1030	0.1044	0.1050	0.1007	0.0941	0.0925	0.0904	0.0982	0.0991	0.0951	0.0966	0.0944	0.0935	0.0931	0.0909	0.0963	0.0971	0.0965	0.0963	0.0905	0.0896	0.0878	0.0875	0.0904	0.0924	0.0943	0.0920	0.0883	0.0896	0.0909	0.0899	0.0902	0.0928	0.0924	0.0922	0.0850	0.0839	0.0859	0.0848	0.0888	0.0891	0.0904	0.0903	0.0862	0.0857	0.0874	0.0867	
0.1348	0.1346	0.1400	0.1381	0.1170	0.1143	0.1103	0.1026	0.1176	0.1172	0.1166	0.1144	0.1079	0.1050	0.1043	0.0986	0.1069	0.1061	0.1056	0.1069	0.1033	0.0957	0.0946	0.0911	0.0989	0.1010	0.0979	0.0977	0.0951	0.0935	0.0929	0.0911	0.0990	0.0965	0.0981	0.0977	0.0938	0.0894	0.0896	0.0879	0.0918	0.0927	0.0942	0.0928	0.0907	0.0899	0.0917	0.0883	0.0908	0.0933	0.0923	0.0926	0.0891	0.0838	0.0861	0.0840	0.0888	0.0895	0.0904	0.0906	0.0866	0.0861	0.0885	0.0886	
0.1404	0.1397	0.1411	0.1439	0.1221	0.1185	0.1133	0.1046	0.1193	0.1204	0.1179	0.1184	0.1131	0.1095	0.1074	0.0991	0.1083	0.1063	0.1070	0.1074	0.1033	0.0987	0.0961	0.0920	0.0991	0.1043	0.0979	0.0985	0.0973	0.0950	0.0939	0.0904	0.0987	0.0972	0.0976	0.0980	0.0935	0.0903	0.0904	0.0890	0.0910	0.0929	0.0942	0.0922	0.0905	0.0909	0.0938	0.0916	0.0898	0.0919	0.0920	0.0913	0.0863	0.0851	0.0873	0.0860	0.0886	0.0884	0.0904	0.0900	0.0867	0.0857	0.0896	0.0876	
0.1469	0.1480	0.1486	0.1513	0.1258	0.1209	0.1165	0.1063	0.1241	0.1232	0.1231	0.1213	0.1143	0.1107	0.1093	0.0988	0.1115	0.1094	0.1104	0.1113	0.1044	0.0984	0.0956	0.0920	0.1013	0.1034	0.0997	0.0989	0.0970	0.0961	0.0934	0.0906	0.1011	0.0984	0.0988	0.0990	0.0946	0.0910	0.0898	0.0884	0.0927	0.0932	0.0957	0.0931	0.0897	0.0884	0.0902	0.0868	0.0915	0.0932	0.0935	0.0918	0.0891	0.0841	0.0871	0.0853	0.0889	0.0887	0.0909	0.0911	0.0867	0.0871	0.0899	0.0876	
0.1526	0.1549	0.1605	0.1581	0.1317	0.1270	0.1216	0.1096	0.1276	0.1271	0.1275	0.1252	0.1193	0.1143	0.1111	0.1020	0.1158	0.1113	0.1126	0.1136	0.1058	0.1014	0.0981	0.0931	0.1017	0.1057	0.0993	0.1004	0.1000	0.0976	0.0970	0.0920	0.1012	0.0997	0.1013	0.0996	0.0936	0.0913	0.0913	0.0894	0.0924	0.0941	0.0954	0.0941	0.0907	0.0883	0.0912	0.0876	0.0917	0.0942	0.0932	0.0916	0.0868	0.0849	0.0881	0.0868	0.0892	0.0890	0.0919	0.0910	0.0869	0.0879	0.0908	0.0885	
0.1599	0.1612	0.1679	0.1666	0.1344	0.1309	0.1243	0.1109	0.1322	0.1315	0.1296	0.1295	0.1207	0.1149	0.1128	0.1037	0.1165	0.1150	0.1147	0.1162	0.1090	0.1025	0.0980	0.0942	0.1039	0.1056	0.1013	0.1015	0.1015	0.0991	0.0965	0.0928	0.1033	0.1008	0.1013	0.1019	0.0970	0.0921	0.0916	0.0900	0.0931	0.0942	0.0972	0.0943	0.0920	0.0907	0.0932	0.0912	0.0922	0.0940	0.0945	0.0936	0.0908	0.0846	0.0879	0.0866	0.0889	0.0893	0.0916	0.0915	0.0896	0.0904	0.0932	0.0919	
0.1689	0.1717	0.1732	0.1775	0.1437	0.1378	0.1289	0.1153	0.1375	0.1370	0.1367	0.1350	0.1271	0.1222	0.1171	0.1056	0.1186	0.1164	0.1171	0.1196	0.1107	0.1056	0.1010	0.0954	0.1054	0.1077	0.1058	0.1023	0.1031	0.1001	0.0991	0.0939	0.1041	0.1022	0.1019	0.1023	0.0965	0.0928	0.0924	0.0898	0.0935	0.0951	0.0972	0.0958	0.0918	0.0907	0.0921	0.0889	0.0917	0.0951	0.0952	0.0930	0.0863	0.0855	0.0888	0.0869	0.0901	0.0889	0.0924	0.0918	0.0883	0.0873	0.0897	0.0873	
0.1793	0.1827	0.1883	0.1893	0.1460	0.1379	0.1314	0.1143	0.1421	0.1418	0.1412	0.1400	0.1285	0.1205	0.1167	0.1029	0.1227	0.1199	0.1207	0.1233	0.1111	0.1041	0.0980	0.0927	0.1076	0.1099	0.1072	0.1035	0.1018	0.0991	0.0967	0.0903	0.1054	0.1037	0.1032	0.1035	0.0948	0.0913	0.0899	0.0881	0.0936	0.0951	0.0978	0.0961	0.0912	0.0894	0.0925	0.0879	0.0916	0.0951	0.0954	0.0931	0.0862	0.0835	0.0857	0.0844	0.0897	0.0907	0.0919	0.0919	0.0844	0.0831	0.0872	0.0848	
0.1886	0.1946	0.1956	0.1995	0.1551	0.1491	0.1390	0.1196	0.1492	0.1481	0.1477	0.1460	0.1384	0.1290	0.1241	0.1098	0.1251	0.1240	0.1238	0.1278	0.1162	0.1088	0.1027	0.0963	0.1088	0.1120	0.1046	0.1061	0.1067	0.1027	0.1002	0.0949	0.1068	0.1049	0.1052	0.1062	0.0996	0.0945	0.0937	0.0916	0.0946	0.0964	0.0982	0.0961	0.0942	0.0928	0.0961	0.0915	0.0923	0.0963	0.0966	0.0949	0.0895	0.0866	0.0895	0.0873	0.0896	0.0897	0.0928	0.0937	0.0879	0.0853	0.0894	0.0865	
0.2029	0.2068	0.2081	0.2131	0.1627	0.1554	0.1459	0.1238	0.1556	0.1551	0.1547	0.1542	0.1393	0.1317	0.1270	0.1081	0.1302	0.1272	0.1282	0.1321	0.1168	0.1123	0.1057	0.0978	0.1108	0.1139	0.1080	0.1081	0.1072	0.1026	0.0999	0.0943	0.1105	0.1063	0.1063	0.1063	0.0985	0.0963	0.0947	0.0915	0.0952	0.0965	0.0994	0.0979	0.0939	0.0903	0.0932	0.0889	0.0930	0.0971	0.0971	0.0948	0.0877	0.0874	0.0916	0.0890	0.0895	0.0897	0.0930	0.0931	0.0879	0.0858	0.0893	0.0880	
0.2153	0.2200	0.2233	0.2261	0.1739	0.1660	0.1526	0.1270	0.1638	0.1626	0.1605	0.1604	0.1484	0.1391	0.1324	0.1140	0.1339	0.1310	0.1321	0.1361	0.1237	0.1147	0.1070	0.0993	0.1132	0.1159	0.1085	0.1098	0.1121	0.1076	0.1027	0.0971	0.1112	0.1074	0.1075	0.1082	0.1041	0.0964	0.0953	0.0927	0.0960	0.0976	0.1006	0.0990	0.0965	0.0933	0.0964	0.0913	0.0923	0.0977	0.0974	0.0956	0.0918	0.0876	0.0903	0.0895	0.0894	0.0904	0.0932	0.0941	0.0892	0.0881	0.0921	0.0906	
0.2305	0.2352	0.2375	0.2436	0.1813	0.1731	0.1581	0.1306	0.1701	0.1696	0.1686	0.1688	0.1526	0.1398	0.1326	0.1129	0.1367	0.1350	0.1353	0.1417	0.1227	0.1157	0.1075	0.0983	0.1146	0.1190	0.1130	0.1110	0.1109	0.1053	0.1017	0.0936	0.1128	0.1094	0.1094	0.1106	0.1000	0.0961	0.0957	0.0921	0.0965	0.0979	0.1009	0.1004	0.0937	0.0921	0.0955	0.0910	0.0937	0.0983	0.0974	0.0964	0.0863	0.0877	0.0893	0.0879	0.0899	0.0912	0.0948	0.0948	0.0893	0.0896	0.0898	0.0869	
0.2477	0.2539	0.2539	0.2610	0.1958	0.1852	0.1678	0.1362	0.1797	0.1785	0.1773	0.1786	0.1633	0.1501	0.1423	0.1194	0.1436	0.1404	0.1401	0.1476	0.1308	0.1206	0.1120	0.1009	0.1175	0.1221	0.1120	0.1151	0.1173	0.1110	0.1062	0.1002	0.1147	0.1115	0.1115	0.1125	0.1060	0.0982	0.0970	0.0937	0.0975	0.0988	0.1020	0.1005	0.0970	0.0924	0.0959	0.0908	0.0927	0.0992	0.0992	0.0971	0.0904	0.0874	0.0929	0.0895	0.0897	0.0943	0.0945	0.0962	0.0935	0.0943	0.0962	0.0946	
0.2678	0.2707	0.2756	0.2782	0.2058	0.1928	0.1734	0.1397	0.1870	0.1862	0.1869	0.1890	0.1680	0.1516	0.1439	0.1174	0.1474	0.1451	0.1461	0.1534	0.1320	0.1217	0.1127	0.1011	0.1208	0.1253	0.1150	0.1166	0.1183	0.1110	0.1055	0.0984	0.1193	0.1127	0.1146	0.1153	0.1057	0.0988	0.0961	0.0932	0.0974	0.0996	0.1033	0.1025	0.0972	0.0929	0.0963	0.0904	0.0939	0.0987	0.0998	0.0971	0.0914	0.0869	0.0905	0.0883	0.0902	0.0908	0.0947	0.0963	0.0895	0.0883	0.0927	0.0902	
0.2887	0.2899	0.2920	0.2985	0.2188	0.2074	0.1857	0.1480	0.1983	0.1971	0.1965	0.1997	0.1817	0.1613	0.1507	0.1226	0.1536	0.1488	0.1509	0.1613	0.1371	0.1272	0.1157	0.1037	0.1237	0.1272	0.1197	0.1190	0.1233	0.1150	0.1073	0.1011	0.1205	0.1144	0.1164	0.1172	0.1104	0.1018	0.0992	0.0949	0.0987	0.1008	0.1048	0.1043	0.0991	0.0946	0.0991	0.0915	0.0945	0.1016	0.1012	0.0991	0.0911	0.0872	0.0928	0.0899	0.0902	0.0901	0.0957	0.0965	0.0908	0.0898	0.0945	0.0914	
0.3136	0.3122	0.3162	0.3220	0.2293	0.2158	0.1918	0.1495	0.2100	0.2068	0.2070	0.2113	0.1832	0.1634	0.1518	0.1213	0.1617	0.1562	0.1573	0.1694	0.1387	0.1275	0.1148	0.1018	0.1264	0.1321	0.1207	0.1221	0.1209	0.1123	0.1045	0.0963	0.1239	0.1175	0.1205	0.1196	0.1083	0.0994	0.0967	0.0922	0.0996	0.1016	0.1072	0.1044	0.0961	0.0907	0.0962	0.0887	0.0949	0.1013	0.1029	0.0996	0.0886	0.0852	0.0904	0.0880	0.0906	0.0905	0.0965	0.0980	0.0904	0.0900	0.0941	0.0920	
0.3352	0.3370	0.3360	0.3437	0.2521	0.2329	0.2088	0.1603	0.2185	0.2176	0.2190	0.2229	0.2005	0.1755	0.1636	0.1290	0.1647	0.1617	0.1634	0.1773	0.1488	0.1352	0.1222	0.1058	0.1298	0.1360	0.1251	0.1254	0.1302	0.1191	0.1106	0.1010	0.1273	0.1206	0.1214	0.1226	0.1143	0.1026	0.1003	0.0945	0.1008	0.1026	0.1084	0.1058	0.1004	0.0955	0.0990	0.0907	0.0951	0.1024	0.1031	0.1002	0.0898	0.0881	0.0926	0.0898	0.0913	0.0910	0.0973	0.0998	0.0904	0.0875	0.0940	0.0900	
0.3643	0.3651	0.3654	0.3706	0.2637	0.2453	0.2177	0.1639	0.2347	0.2308	0.2341	0.2409	0.2098	0.1804	0.1665	0.1284	0.1748	0.1712	0.1703	0.1864	0.1504	0.1370	0.1240	0.1061	0.1339	0.1407	0.1315	0.1285	0.1325	0.1199	0.1110	0.1017	0.1291	0.1231	0.1233	0.1268	0.1160	0.1042	0.1014	0.0949	0.1019	0.1041	0.1100	0.1082	0.1014	0.0960	0.0995	0.0915	0.0965	0.1023	0.1042	0.1016	0.0932	0.0888	0.0930	0.0899	0.0907	0.0912	0.0981	0.1001	0.0906	0.0880	0.0946	0.0895	
0.3912	0.3897	0.3898	0.3946	0.2882	0.2674	0.2353	0.1747	0.2459	0.2416	0.2453	0.2514	0.2266	0.1932	0.1782	0.1356	0.1815	0.1758	0.1773	0.1969	0.1596	0.1449	0.1279	0.1088	0.1380	0.1438	0.1298	0.1323	0.1374	0.1242	0.1141	0.1032	0.1337	0.1252	0.1269	0.1299	0.1188	0.1060	0.1034	0.0972	0.1028	0.1057	0.1130	0.1101	0.1020	0.0967	0.1009	0.0912	0.0962	0.1028	0.1053	0.1013	0.0917	0.0874	0.0943	0.0916	0.0910	0.0911	0.0983	0.1013	0.0909	0.0874	0.0929	0.0890	
0.4230	0.4195	0.4162	0.4246	0.3078	0.2821	0.2453	0.1793	0.2609	0.2589	0.2612	0.2725	0.2360	0.2007	0.1837	0.1385	0.1899	0.1851	0.1863	0.2104	0.1670	0.1474	0.1315	0.1091	0.1419	0.1486	0.1343	0.1356	0.1417	0.1269	0.1147	0.1060	0.1384	0.1290	0.1308	0.1330	0.1226	0.1068	0.1037	0.0967	0.1038	0.1069	0.1139	0.1115	0.1033	0.0984	0.1034	0.0942	0.0976	0.1056	0.1076	0.1034	0.0957	0.0893	0.0951	0.0907	0.0912	0.0923	0.0992	0.1022	0.0907	0.0882	0.0958	0.0916	
0.4538	0.4493	0.4459	0.4542	0.3364	0.3073	0.2649	0.1929	0.2781	0.2738	0.2746	0.2885	0.2535	0.2134	0.1962	0.1436	0.1975	0.1946	0.1957	0.2207	0.1744	0.1551	0.1352	0.1122	0.1458	0.1530	0.1409	0.1384	0.1477	0.1301	0.1188	0.1064	0.1425	0.1320	0.1344	0.1393	0.1240	0.1093	0.1043	0.0979	0.1054	0.1091	0.1156	0.1148	0.1046	0.0983	0.1035	0.0932	0.0979	0.1073	0.1091	0.1052	0.0932	0.0885	0.0959	0.0907	0.0914	0.0924	0.1005	0.1045	0.0933	0.0911	0.0975	0.0940	
0.4846	0.4745	0.4721	0.4799	0.3528	0.3201	0.2761	0.1971	0.2920	0.2879	0.2915	0.3047	0.2628	0.2177	0.1966	0.1423	0.2057	0.2028	0.2048	0.2337	0.1801	0.1565	0.1358	0.1105	0.1488	0.1576	0.1400	0.1438	0.1496	0.1300	0.1171	0.1042	0.1456	0.1348	0.1354	0.1419	0.1230	0.1088	0.1036	0.0963	0.1062	0.1096	0.1180	0.1178	0.1042	0.0979	0.1025	0.0930	0.0983	0.1074	0.1085	0.1055	0.0915	0.0873	0.0932	0.0886	0.0912	0.0928	0.1005	0.1049	0.0906	0.0867	0.0944	0.0879	
0.5140	0.5061	0.5043	0.5080	0.3808	0.3498	0.3007	0.2146	0.3089	0.3046	0.3099	0.3251	0.2889	0.2367	0.2134	0.1521	0.2192	0.2109	0.2138	0.2458	0.1940	0.1681	0.1458	0.1151	0.1551	0.1643	0.1449	0.1471	0.1600	0.1393	0.1244	0.1102	0.1495	0.1384	0.1402	0.1463	0.1338	0.1131	0.1089	0.1009	0.1078	0.1114	0.1200	0.1173	0.1101	0.1029	0.1089	0.0958	0.0996	0.1104	0.1119	0.1075	0.0948	0.0911	0.0974	0.0922	0.0916	0.0930	0.1020	0.1068	0.0936	0.0873	0.0961	0.0915	
0.5443	0.5316	0.5354	0.5419	0.4043	0.3693	0.3176	0.2219	0.3272	0.3269	0.3298	0.3485	0.3050	0.2449	0.2204	0.1551	0.2274	0.2207	0.2233	0.2594	0.2009	0.1738	0.1474	0.1163	0.1603	0.1692	0.1486	0.1519	0.1639	0.1422	0.1261	0.1112	0.1562	0.1421	0.1459	0.1513	0.1337	0.1149	0.1094	0.0995	0.1094	0.1120	0.1230	0.1212	0.1087	0.0994	0.1063	0.0924	0.1001	0.1109	0.1120	0.1080	0.0925	0.0899	0.0971	0.0917	0.0918	0.0938	0.1023	0.1082	0.0911	0.0850	0.0946	0.0888	
0.5784	0.5600	0.5654	0.5687	0.4376	0.3983	0.3409	0.2369	0.3460	0.3438	0.3489	0.3708	0.3302	0.2634	0.2374	0.1632	0.2390	0.2315	0.2348	0.2759	0.2169	0.1825	0.1551	0.1197	0.1652	0.1750	0.1530	0.1582	0.1746	0.1470	0.1293	0.1119	0.1620	0.1465	0.1504	0.1582	0.1400	0.1182	0.1115	0.1014	0.1113	0.1154	0.1260	0.1235	0.1135	0.1037	0.1087	0.0950	0.1017	0.1113	0.1146	0.1098	0.0966	0.0899	0.0988	0.0936	0.0922	0.0935	0.1038	0.1107	0.0942	0.0872	0.0974	0.0902	
0.5996	0.5908	0.5918	0.5939	0.4700	0.4242	0.3630	0.2482	0.3646	0.3636	0.3682	0.3945	0.3456	0.2755	0.2482	0.1660	0.2483	0.2433	0.2474	0.2952	0.2227	0.1893	0.1583	0.1207	0.1704	0.1813	0.1627	0.1627	0.1795	0.1481	0.1321	0.1120	0.1652	0.1504	0.1544	0.1638	0.1414	0.1201	0.1128	0.1024	0.1122	0.1158	0.1285	0.1258	0.1138	0.1049	0.1118	0.0962	0.1014	0.1129	0.1158	0.1108	0.0942	0.0912	0.0993	0.0933	0.0923	0.0935	0.1036	0.1118	0.0927	0.0858	0.0957	0.0890	
0.6260	0.6177	0.6179	0.6188	0.4931	0.4491	0.3854	0.2624	0.3834	0.3870	0.3904	0.4154	0.3707	0.2876	0.2591	0.1738	0.2634	0.2519	0.2562	0.3150	0.2359	0.1962	0.1635	0.1243	0.1760	0.1940	0.1668	0.1674	0.1861	0.1562	0.1340	0.1162	0.1712	0.1550	0.1583	0.1694	0.1468	0.1220	0.1145	0.1032	0.1147	0.1164	0.1311	0.1300	0.1156	0.1054	0.1133	0.0973	0.1024	0.1158	0.1178	0.1127	0.0990	0.0906	0.0992	0.0939	0.0931	0.0943	0.1052	0.1129	0.0952	0.0862	0.0994	0.0915	
0.6501	0.6447	0.6453	0.6466	0.5186	0.4724	0.4082	0.2782	0.4019	0.4084	0.4112	0.4369	0.3926	0.2985	0.2704	0.1745	0.2761	0.2658	0.2721	0.3345	0.2477	0.2026	0.1680	0.1251	0.1813	0.1966	0.1744	0.1736	0.1929	0.1564	0.1329	0.1127	0.1761	0.1603	0.1640	0.1760	0.1478	0.1237	0.1150	0.1032	0.1154	0.1193	0.1349	0.1324	0.1155	0.1038	0.1117	0.0947	0.1040	0.1177	0.1198	0.1149	0.0936	0.0898	0.0989	0.0922	0.0929	0.0946	0.1074	0.1151	0.0915	0.0827	0.0954	0.0871	
0.6749	0.6716	0.6683	0.6729	0.5419	0.4997	0.4352	0.2964	0.4229	0.4273	0.4347	0.4646	0.4150	0.3179	0.2857	0.1852	0.2906	0.2793	0.2860	0.3563	0.2646	0.2133	0.1765	0.1293	0.1886	0.2017	0.1766	0.1835	0.2027	0.1642	0.1409	0.1208	0.1826	0.1645	0.1685	0.1841	0.1573	0.1286	0.1191	0.1048	0.1184	0.1219	0.1377	0.1353	0.1213	0.1074	0.1157	0.0979	0.1037	0.1169	0.1216	0.1153	0.1003	0.0920	0.1009	0.0937	0.0930	0.0962	0.1078	0.1168	0.0966	0.0872	0.0999	0.0909	
0.7008	0.6962	0.6945	0.6966	0.5687	0.5246	0.4586	0.3115	0.4460	0.4484	0.4593	0.4881	0.4341	0.3307	0.2968	0.1879	0.3071	0.2923	0.2990	0.3757	0.2754	0.2189	0.1798	0.1280	0.1970	0.2091	0.1834	0.1918	0.2081	0.1645	0.1400	0.1168	0.1898	0.1680	0.1742	0.1914	0.1588	0.1280	0.1181	0.1035	0.1194	0.1246	0.1411	0.1391	0.1194	0.1041	0.1127	0.0921	0.1051	0.1191	0.1231	0.1165	0.0943	0.0897	0.0999	0.0921	0.0940	0.0947	0.1096	0.1184	0.0929	0.0863	0.0972	0.0888	
0.7183	0.7198	0.7158	0.7172	0.5933	0.5557	0.4896	0.3379	0.4656	0.4675	0.4843	0.5128	0.4696	0.3524	0.3166	0.2025	0.3213	0.3063	0.3135	0.4003	0.2969	0.2356	0.1915	0.1339	0.2023	0.2185	0.1905	0.1923	0.2234	0.1762	0.1478	0.1234	0.1981	0.1740	0.1803	0.1976	0.1710	0.1362	0.1246	0.1089	0.1218	0.1262	0.1441	0.1413	0.1272	0.1123	0.1204	0.0981	0.1061	0.1203	0.1252	0.1180	0.1004	0.0934	0.1032	0.0960	0.0932	0.0954	0.1104	0.1196	0.0966	0.0863	0.1012	0.0929	
0.7306	0.7330	0.7341	0.7381	0.6233	0.5848	0.5192	0.3604	0.4882	0.4941	0.5086	0.5450	0.4966	0.3735	0.3335	0.2098	0.3350	0.3231	0.3275	0.4260	0.3117	0.2441	0.2001	0.1412	0.2121	0.2259	0.1980	0.2042	0.2335	0.1833	0.1520	0.1261	0.2033	0.1768	0.1837	0.2070	0.1763	0.1410	0.1266	0.1106	0.1224	0.1271	0.1467	0.1466	0.1305	0.1149	0.1233	0.0988	0.1068	0.1246	0.1278	0.1206	0.1055	0.0939	0.1053	0.0971	0.0939	0.0958	0.1121	0.1222	0.0983	0.0873	0.1023	0.0930	
0.7392	0.7433	0.7445	0.7501	0.6408	0.6038	0.5388	0.3779	0.5078	0.5167	0.5308	0.5676	0.5181	0.3890	0.3471	0.2141	0.3505	0.3352	0.3375	0.4470	0.3219	0.2498	0.2038	0.1376	0.2145	0.2335	0.1993	0.2114	0.2396	0.1856	0.1531	0.1249	0.2094	0.1829	0.1896	0.2169	0.1772	0.1390	0.1256	0.1082	0.1254	0.1286	0.1504	0.1478	0.1283	0.1104	0.1212	0.0963	0.1076	0.1254	0.1297	0.1219	0.0985	0.0911	0.1031	0.0946	0.0937	0.0955	0.1139	0.1259	0.0935	0.0831	0.0983	0.0884	
0.7414	0.7490	0.7510	0.7566	0.6545	0.6238	0.5699	0.4017	0.5289	0.5362	0.5559	0.5918	0.5457	0.4145	0.3692	0.2317	0.3659	0.3492	0.3550	0.4699	0.3497	0.2643	0.2189	0.1463	0.2217	0.2418	0.2092	0.2196	0.2580	0.2005	0.1635	0.1317	0.2177	0.1906	0.1966	0.2258	0.1909	0.1487	0.1335	0.1142	0.1281	0.1340	0.1553	0.1554	0.1387	0.1195	0.1311	0.1034	0.1090	0.1258	0.1320	0.1242	0.1052	0.0962	0.1091	0.0989	0.0938	0.0992	0.1136	0.1271	0.1015	0.0942	0.1087	0.0988	
0.7412	0.7509	0.7547	0.7612	0.6402	0.6278	0.5820	0.4194	0.5464	0.5595	0.5755	0.6163	0.5600	0.4247	0.3785	0.2335	0.3739	0.3624	0.3701	0.5005	0.3631	0.2734	0.2198	0.1462	0.2311	0.2508	0.2175	0.2279	0.2607	0.1976	0.1600	0.1277	0.2226	0.1931	0.1983	0.2321	0.1896	0.1447	0.1314	0.1104	0.1307	0.1339	0.1589	0.1585	0.1338	0.1139	0.1247	0.0962	0.1096	0.1259	0.1319	0.1245	0.0997	0.0920	0.1054	0.0943	0.0943	0.0958	0.1153	0.1276	0.0958	0.0815	0.0982	0.0882	
0.7370	0.7529	0.7573	0.7595	0.6583	0.6492	0.6153	0.4533	0.5704	0.5797	0.5916	0.6374	0.5993	0.4584	0.4075	0.2518	0.3944	0.3742	0.3830	0.5223	0.3898	0.2952	0.2367	0.1558	0.2369	0.2548	0.2199	0.2381	0.2837	0.2126	0.1755	0.1396	0.2338	0.2002	0.2060	0.2428	0.2064	0.1545	0.1390	0.1172	0.1324	0.1370	0.1627	0.1632	0.1466	0.1234	0.1329	0.1032	0.1118	0.1306	0.1357	0.1282	0.1075	0.0974	0.1106	0.1003	0.0950	0.0983	0.1160	0.1304	0.1020	0.0884	0.1073	0.0943	
0.7443	0.7580	0.7601	0.7676	0.6532	0.6459	0.6278	0.4699	0.5978	0.5966	0.6225	0.6690	0.6161	0.4676	0.4179	0.2579	0.4076	0.3848	0.3976	0.5508	0.4036	0.3002	0.2424	0.1562	0.2446	0.2636	0.2267	0.2445	0.2908	0.2151	0.1758	0.1405	0.2373	0.2034	0.2116	0.2544	0.2099	0.1593	0.1413	0.1179	0.1344	0.1397	0.1672	0.1672	0.1469	0.1227	0.1343	0.1026	0.1129	0.1305	0.1370	0.1301	0.1099	0.0972	0.1118	0.1007	0.0959	0.0970	0.1180	0.1332	0.1026	0.0882	0.1073	0.0965	
0.7498	0.7626	0.7653	0.7707	0.6606	0.6523	0.6376	0.4914	0.6171	0.6167	0.6426	0.6919	0.6187	0.4877	0.4361	0.2679	0.4288	0.4070	0.4142	0.5748	0.4240	0.3090	0.2488	0.1600	0.2531	0.2743	0.2330	0.2523	0.2995	0.2214	0.1778	0.1392	0.2473	0.2094	0.2168	0.2615	0.2164	0.1595	0.1423	0.1173	0.1378	0.1401	0.1720	0.1715	0.1489	0.1223	0.1358	0.1007	0.1141	0.1329	0.1417	0.1313	0.1061	0.0951	0.1105	0.0983	0.0952	0.0975	0.1199	0.1369	0.1001	0.0861	0.1058	0.0925	
0.7533	0.7634	0.7660	0.7742	0.6711	0.6637	0.6531	0.5201	0.6467	0.6471	0.6689	0.7015	0.6325	0.5105	0.4646	0.2830	0.4449	0.4227	0.4376	0.6010	0.4517	0.3274	0.2626	0.1682	0.2615	0.2810	0.2440	0.2617	0.3183	0.2306	0.1855	0.1423	0.2533	0.2138	0.2233	0.2730	0.2307	0.1654	0.1472	0.1202	0.1390	0.1442	0.1782	0.1762	0.1508	0.1244	0.1374	0.1020	0.1144	0.1357	0.1423	0.1327	0.1084	0.0961	0.1131	0.1016	0.0951	0.0987	0.1216	0.1406	0.1019	0.0858	0.1063	0.0940	
0.7537	0.7673	0.7698	0.7758	0.6656	0.6563	0.6487	0.5414	0.6617	0.6609	0.6887	0.7029	0.6375	0.5178	0.4782	0.2968	0.4554	0.4362	0.4470	0.6300	0.4667	0.3378	0.2713	0.1735	0.2702	0.2922	0.2491	0.2656	0.3327	0.2388	0.1940	0.1504	0.2618	0.2212	0.2283	0.2843	0.2343	0.1716	0.1516	0.1237	0.1429	0.1464	0.1834	0.1804	0.1571	0.1319	0.1472	0.1080	0.1150	0.1387	0.1460	0.1349	0.1136	0.0986	0.1159	0.1012	0.0965	0.0982	0.1231	0.1416	0.1059	0.0915	0.1133	0.0990	
0.7569	0.7698	0.7722	0.7773	0.6645	0.6596	0.6529	0.5664	0.6795	0.6879	0.6926	0.7087	0.6561	0.5417	0.4976	0.3075	0.4789	0.4551	0.4667	0.6580	0.4939	0.3569	0.2846	0.1766	0.2769	0.3000	0.2544	0.2748	0.3488	0.2438	0.1953	0.1500	0.2663	0.2238	0.2349	0.2959	0.2439	0.1788	0.1554	0.1246	0.1455	0.1496	0.1875	0.1853	0.1607	0.1320	0.1460	0.1065	0.1175	0.1398	0.1488	0.1376	0.1087	0.0993	0.1173	0.1030	0.0961	0.0985	0.1239	0.1446	0.1029	0.0853	0.1082	0.0945	
0.7606	0.7663	0.7773	0.7790	0.6736	0.6649	0.6610	0.5855	0.6794	0.6798	0.6904	0.7149	0.6529	0.5613	0.5168	0.3217	0.4880	0.4698	0.4849	0.6857	0.5115	0.3695	0.2975	0.1827	0.2853	0.3103	0.2683	0.2831	0.3626	0.2558	0.2052	0.1577	0.2763	0.2314	0.2403	0.3083	0.2565	0.1850	0.1596	0.1274	0.1466	0.1514	0.1932	0.1895	0.1673	0.1357	0.1504	0.1080	0.1184	0.1404	0.1494	0.1381	0.1155	0.0999	0.1194	0.1051	0.0959	0.1014	0.1254	0.1468	0.1067	0.0880	0.1137	0.0973	
0.7664	0.7729	0.7713	0.7803	0.6727	0.6690	0.6667	0.6062	0.6817	0.6894	0.6991	0.7131	0.6596	0.5846	0.5410	0.3371	0.5068	0.4837	0.4953	0.7043	0.5343	0.3894	0.3095	0.1884	0.2911	0.3178	0.2732	0.2937	0.3821	0.2626	0.2093	0.1552	0.2817	0.2359	0.2462	0.3179	0.2623	0.1885	0.1637	0.1281	0.1491	0.1540	0.1982	0.1956	0.1682	0.1354	0.1508	0.1046	0.1194	0.1427	0.1526	0.1411	0.1129	0.0996	0.1216	0.1050	0.0972	0.0993	0.1271	0.1505	0.1056	0.0852	0.1108	0.0941	
0.7660	0.7768	0.7809	0.7817	0.6805	0.6770	0.6714	0.6215	0.6841	0.6881	0.6942	0.7120	0.6718	0.6151	0.5698	0.3574	0.5159	0.4977	0.5098	0.6994	0.5555	0.4056	0.3246	0.1974	0.3006	0.3283	0.2794	0.3007	0.4014	0.2777	0.2237	0.1685	0.2899	0.2425	0.2505	0.3272	0.2763	0.1979	0.1707	0.1345	0.1531	0.1562	0.2004	0.2011	0.1777	0.1444	0.1568	0.1105	0.1201	0.1482	0.1550	0.1431	0.1180	0.1025	0.1241	0.1075	0.0970	0.0990	0.1285	0.1533	0.1105	0.0887	0.1171	0.0999	
0.7639	0.7814	0.7848	0.7866	0.6789	0.6686	0.6643	0.6182	0.6866	0.6865	0.7009	0.7127	0.6642	0.6093	0.5832	0.3681	0.5359	0.5106	0.5291	0.7042	0.5701	0.4088	0.3318	0.1997	0.3107	0.3351	0.2885	0.3090	0.4100	0.2778	0.2230	0.1649	0.2957	0.2496	0.2577	0.3408	0.2832	0.1968	0.1692	0.1310	0.1561	0.1618	0.2095	0.2064	0.1779	0.1405	0.1604	0.1080	0.1232	0.1477	0.1570	0.1474	0.1151	0.0993	0.1219	0.1061	0.0980	0.1006	0.1287	0.1562	0.1071	0.0845	0.1123	0.0946	
0.7733	0.7839	0.7892	0.7914	0.6840	0.6770	0.6726	0.6265	0.6874	0.6907	0.7023	0.7189	0.6667	0.6176	0.6102	0.3888	0.5526	0.5286	0.5469	0.7042	0.5905	0.4344	0.3490	0.2119	0.3122	0.3457	0.2990	0.3197	0.4315	0.2942	0.2348	0.1746	0.3091	0.2527	0.2611	0.3493	0.2955	0.2087	0.1782	0.1376	0.1578	0.1632	0.2090	0.2111	0.1852	0.1482	0.1652	0.1140	0.1249	0.1472	0.1616	0.1470	0.1200	0.1053	0.1272	0.1090	0.0979	0.1005	0.1299	0.1581	0.1120	0.0924	0.1201	0.1015	
