0.0946	0.0957	0.1034	0.1007	0.1020	0.1147	0.1130	0.1065	0.0973	0.0930	0.1020	0.1021	0.1028	0.1068	0.1153	0.1103	0.0979	0.0949	0.1001	0.1015	0.1005	0.1085	0.1159	0.1095	0.1032	0.1024	0.0998	0.0991	0.1011	0.1079	0.1095	0.1093	0.1169	0.1096	0.1258	0.1257	0.1370	0.1478	0.1385	0.1451	0.1144	0.1256	0.1309	0.1275	0.1318	0.1513	0.1325	0.1317	0.1277	0.1232	0.1279	0.1202	0.1186	0.1458	0.1373	0.1495	0.1229	0.1183	0.1327	0.1337	0.1304	0.1431	0.1411	0.1382	
0.0916	0.0935	0.0946	0.0930	0.0920	0.0930	0.0929	0.0960	0.0914	0.0910	0.0934	0.0920	0.0928	0.0917	0.0941	0.0953	0.0913	0.0914	0.0918	0.0925	0.0926	0.0928	0.0933	0.0980	0.0922	0.0909	0.0919	0.0923	0.0939	0.0921	0.0928	0.0950	0.0842	0.0842	0.0851	0.0856	0.0853	0.0842	0.0856	0.0868	0.0864	0.0841	0.0862	0.0850	0.0859	0.0844	0.0856	0.0869	0.0857	0.0859	0.0861	0.0843	0.0878	0.0851	0.0882	0.0881	0.0861	0.0846	0.0868	0.0864	0.0861	0.0853	0.0877	0.0884	
0.0922	0.0943	0.0947	0.0934	0.0928	0.0939	0.0938	0.0963	0.0921	0.0919	0.0939	0.0926	0.0937	0.0918	0.0949	0.0963	0.0923	0.0923	0.0920	0.0933	0.0929	0.0934	0.0942	0.0965	0.0925	0.0915	0.0925	0.0934	0.0940	0.0926	0.0935	0.0954	0.0859	0.0878	0.0881	0.0884	0.0881	0.0873	0.0877	0.0888	0.0871	0.0880	0.0867	0.0871	0.0869	0.0868	0.0868	0.0877	0.0864	0.0882	0.0870	0.0874	0.0880	0.0879	0.0877	0.0910	0.0864	0.0884	0.0872	0.0873	0.0872	0.0871	0.0885	0.0901	
0.0921	0.0943	0.0947	0.0933	0.0930	0.0933	0.0939	0.0965	0.0924	0.0922	0.0933	0.0928	0.0933	0.0920	0.0947	0.0958	0.0922	0.0923	0.0919	0.0931	0.0931	0.0932	0.0935	0.0958	0.0929	0.0913	0.0930	0.0934	0.0941	0.0924	0.0939	0.0959	0.0855	0.0853	0.0867	0.0870	0.0885	0.0850	0.0887	0.0899	0.0868	0.0852	0.0854	0.0867	0.0856	0.0853	0.0860	0.0886	0.0857	0.0856	0.0857	0.0863	0.0865	0.0859	0.0865	0.0911	0.0856	0.0856	0.0860	0.0858	0.0859	0.0867	0.0873	0.0912	
0.0927	0.0946	0.0951	0.0933	0.0934	0.0942	0.0939	0.0967	0.0926	0.0926	0.0942	0.0928	0.0940	0.0925	0.0950	0.0962	0.0928	0.0928	0.0924	0.0936	0.0933	0.0935	0.0940	0.0960	0.0934	0.0919	0.0929	0.0935	0.0944	0.0930	0.0935	0.0957	0.0845	0.0848	0.0853	0.0862	0.0852	0.0850	0.0857	0.0883	0.0861	0.0851	0.0857	0.0862	0.0858	0.0848	0.0852	0.0867	0.0857	0.0847	0.0860	0.0852	0.0870	0.0849	0.0863	0.0893	0.0854	0.0849	0.0868	0.0856	0.0864	0.0859	0.0867	0.0893	
0.0926	0.0944	0.0954	0.0936	0.0934	0.0937	0.0936	0.0961	0.0922	0.0921	0.0941	0.0930	0.0941	0.0923	0.0948	0.0957	0.0926	0.0925	0.0923	0.0935	0.0934	0.0934	0.0941	0.0957	0.0930	0.0922	0.0930	0.0943	0.0943	0.0926	0.0932	0.0955	0.0851	0.0872	0.0878	0.0882	0.0879	0.0867	0.0874	0.0892	0.0875	0.0869	0.0867	0.0871	0.0870	0.0868	0.0856	0.0883	0.0871	0.0874	0.0872	0.0867	0.0874	0.0866	0.0873	0.0905	0.0866	0.0869	0.0873	0.0867	0.0866	0.0872	0.0883	0.0909	
0.0931	0.0949	0.0960	0.0941	0.0940	0.0945	0.0941	0.0968	0.0930	0.0930	0.0945	0.0937	0.0948	0.0931	0.0952	0.0959	0.0933	0.0929	0.0930	0.0941	0.0944	0.0938	0.0945	0.0966	0.0938	0.0924	0.0938	0.0942	0.0948	0.0932	0.0940	0.0958	0.0890	0.0894	0.0915	0.0898	0.0915	0.0889	0.0917	0.0936	0.0900	0.0890	0.0892	0.0898	0.0896	0.0893	0.0884	0.0915	0.0899	0.0901	0.0896	0.0894	0.0898	0.0899	0.0895	0.0929	0.0889	0.0894	0.0900	0.0891	0.0890	0.0894	0.0896	0.0935	
0.0930	0.0947	0.0961	0.0941	0.0940	0.0944	0.0943	0.0964	0.0931	0.0928	0.0946	0.0937	0.0945	0.0928	0.0951	0.0961	0.0929	0.0927	0.0929	0.0942	0.0944	0.0939	0.0945	0.0961	0.0937	0.0921	0.0936	0.0938	0.0948	0.0929	0.0941	0.0955	0.0838	0.0852	0.0845	0.0849	0.0843	0.0843	0.0845	0.0873	0.0863	0.0843	0.0857	0.0851	0.0859	0.0831	0.0849	0.0866	0.0854	0.0838	0.0862	0.0851	0.0874	0.0844	0.0864	0.0887	0.0856	0.0836	0.0868	0.0854	0.0869	0.0846	0.0874	0.0882	
0.0931	0.0950	0.0960	0.0939	0.0941	0.0945	0.0941	0.0959	0.0930	0.0928	0.0944	0.0934	0.0942	0.0930	0.0945	0.0956	0.0928	0.0925	0.0927	0.0942	0.0940	0.0937	0.0939	0.0960	0.0936	0.0924	0.0934	0.0939	0.0945	0.0927	0.0936	0.0949	0.0847	0.0856	0.0856	0.0863	0.0861	0.0859	0.0860	0.0897	0.0874	0.0857	0.0863	0.0867	0.0859	0.0857	0.0862	0.0881	0.0858	0.0853	0.0869	0.0867	0.0869	0.0858	0.0870	0.0893	0.0857	0.0859	0.0866	0.0863	0.0869	0.0865	0.0874	0.0902	
0.0935	0.0951	0.0965	0.0940	0.0941	0.0946	0.0943	0.0963	0.0932	0.0927	0.0947	0.0937	0.0949	0.0929	0.0949	0.0955	0.0929	0.0928	0.0930	0.0938	0.0939	0.0938	0.0940	0.0959	0.0936	0.0922	0.0936	0.0941	0.0946	0.0931	0.0936	0.0953	0.0902	0.0922	0.0925	0.0925	0.0914	0.0920	0.0919	0.0944	0.0908	0.0919	0.0900	0.0915	0.0899	0.0917	0.0889	0.0921	0.0905	0.0920	0.0902	0.0917	0.0904	0.0924	0.0902	0.0933	0.0898	0.0922	0.0901	0.0919	0.0902	0.0917	0.0898	0.0942	
0.0938	0.0954	0.0965	0.0945	0.0943	0.0945	0.0944	0.0967	0.0935	0.0933	0.0948	0.0936	0.0949	0.0930	0.0948	0.0956	0.0933	0.0929	0.0929	0.0941	0.0942	0.0938	0.0943	0.0958	0.0939	0.0922	0.0935	0.0943	0.0947	0.0930	0.0938	0.0946	0.0835	0.0837	0.0836	0.0850	0.0844	0.0843	0.0837	0.0870	0.0853	0.0830	0.0848	0.0846	0.0852	0.0833	0.0851	0.0855	0.0844	0.0831	0.0850	0.0839	0.0864	0.0839	0.0859	0.0874	0.0839	0.0833	0.0857	0.0836	0.0854	0.0837	0.0869	0.0877	
0.0939	0.0955	0.0964	0.0946	0.0949	0.0952	0.0948	0.0964	0.0934	0.0929	0.0946	0.0936	0.0947	0.0931	0.0949	0.0961	0.0931	0.0927	0.0931	0.0940	0.0941	0.0940	0.0942	0.0957	0.0936	0.0925	0.0934	0.0944	0.0945	0.0931	0.0937	0.0940	0.0858	0.0871	0.0881	0.0870	0.0865	0.0870	0.0873	0.0902	0.0877	0.0864	0.0864	0.0878	0.0874	0.0924	0.0866	0.0887	0.0865	0.0868	0.0870	0.0872	0.0883	0.0871	0.0875	0.0902	0.0863	0.0867	0.0872	0.0873	0.0868	0.0869	0.0874	0.0907	
0.0940	0.0954	0.0966	0.0944	0.0948	0.0944	0.0944	0.0961	0.0937	0.0930	0.0946	0.0933	0.0945	0.0929	0.0945	0.0953	0.0930	0.0927	0.0926	0.0938	0.0939	0.0933	0.0939	0.0956	0.0936	0.0917	0.0932	0.0941	0.0947	0.0928	0.0934	0.0946	0.0918	0.0930	0.0942	0.0941	0.0933	0.0927	0.0937	0.0969	0.0929	0.0927	0.0907	0.0934	0.0924	0.0969	0.0912	0.0947	0.0921	0.0930	0.0926	0.0935	0.0925	0.0932	0.0918	0.0957	0.0915	0.0927	0.0918	0.0928	0.0923	0.0936	0.0919	0.0967	
0.0950	0.0963	0.0972	0.0949	0.0956	0.0953	0.0951	0.0968	0.0939	0.0937	0.0953	0.0941	0.0953	0.0935	0.0949	0.0957	0.0936	0.0933	0.0933	0.0945	0.0946	0.0941	0.0948	0.0959	0.0940	0.0925	0.0936	0.0940	0.0950	0.0928	0.0938	0.0950	0.0837	0.0845	0.0834	0.0844	0.0840	0.0842	0.0844	0.0871	0.0858	0.0830	0.0847	0.0843	0.0854	0.0843	0.0854	0.0854	0.0852	0.0833	0.0863	0.0840	0.0865	0.0839	0.0859	0.0877	0.0841	0.0827	0.0858	0.0839	0.0852	0.0839	0.0869	0.0880	
0.0951	0.0964	0.0974	0.0948	0.0953	0.0953	0.0950	0.0966	0.0942	0.0934	0.0952	0.0940	0.0952	0.0933	0.0951	0.0954	0.0938	0.0930	0.0934	0.0941	0.0943	0.0936	0.0943	0.0956	0.0939	0.0924	0.0934	0.0937	0.0943	0.0931	0.0931	0.0950	0.0855	0.0868	0.0874	0.0874	0.0861	0.0863	0.0873	0.0892	0.0874	0.0863	0.0851	0.0867	0.0868	0.0863	0.0852	0.0887	0.0869	0.0863	0.0870	0.0865	0.0881	0.0867	0.0874	0.0899	0.0859	0.0861	0.0866	0.0867	0.0874	0.0870	0.0869	0.0892	
0.0951	0.0965	0.0974	0.0951	0.0955	0.0957	0.0950	0.0965	0.0940	0.0937	0.0954	0.0939	0.0951	0.0935	0.0948	0.0956	0.0936	0.0932	0.0935	0.0942	0.0945	0.0936	0.0943	0.0955	0.0939	0.0922	0.0933	0.0940	0.0949	0.0927	0.0933	0.0942	0.0894	0.0913	0.0915	0.0917	0.0919	0.0908	0.0916	0.0930	0.0898	0.0914	0.0882	0.0909	0.0884	0.0905	0.0875	0.0908	0.0900	0.0918	0.0892	0.0913	0.0895	0.0910	0.0887	0.0924	0.0892	0.0916	0.0887	0.0906	0.0893	0.0911	0.0892	0.0922	
0.0958	0.0968	0.0979	0.0953	0.0958	0.0957	0.0955	0.0968	0.0946	0.0937	0.0954	0.0938	0.0952	0.0936	0.0952	0.0962	0.0938	0.0935	0.0931	0.0943	0.0943	0.0936	0.0943	0.0956	0.0940	0.0923	0.0935	0.0940	0.0949	0.0925	0.0934	0.0940	0.0824	0.0820	0.0816	0.0835	0.0826	0.0826	0.0822	0.0856	0.0842	0.0811	0.0827	0.0830	0.0835	0.0823	0.0833	0.0836	0.0828	0.0816	0.0832	0.0816	0.0843	0.0826	0.0846	0.0849	0.0832	0.0810	0.0832	0.0822	0.0836	0.0824	0.0847	0.0857	
0.0964	0.0973	0.0980	0.0956	0.0962	0.0960	0.0955	0.0968	0.0948	0.0939	0.0957	0.0941	0.0956	0.0935	0.0954	0.0958	0.0941	0.0935	0.0934	0.0945	0.0948	0.0940	0.0943	0.0956	0.0942	0.0924	0.0932	0.0937	0.0947	0.0929	0.0936	0.0938	0.0843	0.0849	0.0852	0.0863	0.0850	0.0844	0.0843	0.0884	0.0860	0.0838	0.0856	0.0861	0.0863	0.0845	0.0850	0.0867	0.0856	0.0842	0.0856	0.0849	0.0866	0.0848	0.0859	0.0872	0.0852	0.0843	0.0858	0.0846	0.0871	0.0849	0.0866	0.0880	
0.0970	0.0977	0.0984	0.0961	0.0965	0.0965	0.0960	0.0971	0.0953	0.0942	0.0959	0.0944	0.0956	0.0940	0.0954	0.0957	0.0945	0.0937	0.0936	0.0942	0.0945	0.0940	0.0947	0.0953	0.0942	0.0927	0.0934	0.0945	0.0949	0.0933	0.0937	0.0947	0.0852	0.0862	0.0859	0.0872	0.0861	0.0860	0.0856	0.0884	0.0863	0.0854	0.0860	0.0872	0.0863	0.0861	0.0859	0.0875	0.0860	0.0858	0.0856	0.0859	0.0865	0.0862	0.0859	0.0887	0.0854	0.0853	0.0859	0.0857	0.0863	0.0870	0.0854	0.0893	
0.0973	0.0983	0.0988	0.0963	0.0967	0.0970	0.0961	0.0973	0.0959	0.0948	0.0964	0.0946	0.0958	0.0942	0.0954	0.0962	0.0946	0.0937	0.0936	0.0946	0.0946	0.0938	0.0943	0.0956	0.0944	0.0930	0.0936	0.0941	0.0951	0.0930	0.0935	0.0944	0.0870	0.0888	0.0891	0.0887	0.0896	0.0888	0.0884	0.0909	0.0882	0.0881	0.0868	0.0885	0.0870	0.0880	0.0860	0.0888	0.0881	0.0881	0.0875	0.0884	0.0881	0.0881	0.0871	0.0898	0.0872	0.0885	0.0875	0.0879	0.0879	0.0884	0.0876	0.0905	
0.0980	0.0988	0.0992	0.0969	0.0973	0.0973	0.0966	0.0977	0.0960	0.0950	0.0966	0.0949	0.0963	0.0941	0.0960	0.0962	0.0952	0.0941	0.0938	0.0947	0.0949	0.0940	0.0946	0.0959	0.0945	0.0928	0.0934	0.0942	0.0951	0.0931	0.0935	0.0936	0.0911	0.0929	0.0930	0.0933	0.0929	0.0926	0.0943	0.0951	0.0918	0.0924	0.0904	0.0939	0.0911	0.0933	0.0898	0.0937	0.0918	0.0928	0.0907	0.0930	0.0913	0.0927	0.0901	0.0940	0.0906	0.0927	0.0906	0.0924	0.0909	0.0936	0.0908	0.0948	
0.0988	0.0995	0.0999	0.0972	0.0974	0.0974	0.0972	0.0982	0.0967	0.0955	0.0969	0.0952	0.0963	0.0947	0.0959	0.0960	0.0954	0.0943	0.0940	0.0948	0.0951	0.0945	0.0945	0.0959	0.0949	0.0929	0.0937	0.0943	0.0950	0.0930	0.0938	0.0945	0.0846	0.0848	0.0849	0.0868	0.0857	0.0846	0.0844	0.0875	0.0864	0.0837	0.0845	0.0859	0.0861	0.0838	0.0858	0.0856	0.0854	0.0838	0.0851	0.0856	0.0864	0.0840	0.0854	0.0866	0.0854	0.0835	0.0851	0.0850	0.0859	0.0848	0.0858	0.0882	
0.0998	0.1007	0.1006	0.0982	0.0980	0.0979	0.0970	0.0978	0.0973	0.0961	0.0973	0.0957	0.0965	0.0948	0.0961	0.0966	0.0961	0.0948	0.0946	0.0950	0.0953	0.0945	0.0950	0.0956	0.0952	0.0936	0.0937	0.0939	0.0953	0.0934	0.0936	0.0950	0.0839	0.0832	0.0838	0.0849	0.0842	0.0837	0.0843	0.0871	0.0858	0.0826	0.0846	0.0847	0.0858	0.0869	0.0853	0.0861	0.0850	0.0834	0.0853	0.0845	0.0858	0.0839	0.0851	0.0860	0.0847	0.0829	0.0847	0.0837	0.0854	0.0847	0.0851	0.0866	
0.1006	0.1011	0.1011	0.0984	0.0988	0.0980	0.0972	0.0984	0.0981	0.0965	0.0976	0.0958	0.0969	0.0951	0.0959	0.0965	0.0962	0.0950	0.0944	0.0951	0.0954	0.0947	0.0948	0.0960	0.0954	0.0934	0.0938	0.0944	0.0956	0.0933	0.0934	0.0938	0.0844	0.0850	0.0846	0.0859	0.0846	0.0851	0.0852	0.0874	0.0859	0.0844	0.0846	0.0853	0.0854	0.0840	0.0856	0.0855	0.0858	0.0832	0.0859	0.0850	0.0860	0.0846	0.0856	0.0867	0.0855	0.0842	0.0857	0.0847	0.0860	0.0843	0.0851	0.0882	
0.1018	0.1019	0.1021	0.0997	0.0993	0.0991	0.0982	0.0991	0.0986	0.0970	0.0983	0.0962	0.0974	0.0953	0.0964	0.0969	0.0973	0.0956	0.0951	0.0952	0.0957	0.0948	0.0954	0.0958	0.0959	0.0938	0.0940	0.0948	0.0954	0.0940	0.0940	0.0950	0.0856	0.0862	0.0862	0.0869	0.0856	0.0859	0.0858	0.0877	0.0870	0.0849	0.0864	0.0865	0.0865	0.0854	0.0860	0.0865	0.0866	0.0853	0.0858	0.0854	0.0871	0.0853	0.0859	0.0881	0.0860	0.0855	0.0860	0.0864	0.0862	0.0866	0.0871	0.0892	
0.1032	0.1030	0.1029	0.1000	0.0999	0.0997	0.0985	0.0996	0.0997	0.0979	0.0988	0.0967	0.0978	0.0956	0.0963	0.0971	0.0980	0.0960	0.0950	0.0956	0.0960	0.0950	0.0953	0.0966	0.0962	0.0936	0.0940	0.0950	0.0957	0.0935	0.0941	0.0948	0.0860	0.0872	0.0873	0.0885	0.0879	0.0868	0.0872	0.0889	0.0878	0.0865	0.0860	0.0870	0.0864	0.0869	0.0862	0.0871	0.0869	0.0861	0.0872	0.0866	0.0874	0.0870	0.0868	0.0882	0.0860	0.0863	0.0864	0.0863	0.0873	0.0869	0.0870	0.0895	
0.1046	0.1043	0.1042	0.1009	0.1006	0.1004	0.0995	0.0999	0.1008	0.0986	0.0993	0.0972	0.0980	0.0963	0.0968	0.0975	0.0988	0.0967	0.0959	0.0960	0.0966	0.0956	0.0958	0.0966	0.0967	0.0945	0.0944	0.0953	0.0960	0.0940	0.0942	0.0949	0.0866	0.0874	0.0880	0.0885	0.0876	0.0876	0.0871	0.0886	0.0878	0.0862	0.0861	0.0879	0.0874	0.0866	0.0869	0.0881	0.0873	0.0869	0.0867	0.0873	0.0875	0.0873	0.0864	0.0876	0.0865	0.0871	0.0866	0.0867	0.0872	0.0898	0.0869	0.0882	
0.1063	0.1055	0.1052	0.1019	0.1016	0.1008	0.0997	0.1004	0.1017	0.0995	0.1001	0.0979	0.0985	0.0968	0.0969	0.0980	0.0994	0.0970	0.0964	0.0963	0.0966	0.0957	0.0955	0.0960	0.0969	0.0944	0.0942	0.0950	0.0962	0.0938	0.0944	0.0947	0.0903	0.0921	0.0931	0.0918	0.0924	0.0914	0.0923	0.0915	0.0910	0.0915	0.0889	0.0919	0.0881	0.0909	0.0880	0.0902	0.0903	0.0915	0.0893	0.0911	0.0896	0.0913	0.0881	0.0915	0.0893	0.0912	0.0887	0.0904	0.0889	0.0917	0.0881	0.0926	
0.1078	0.1074	0.1062	0.1031	0.1022	0.1009	0.1003	0.1010	0.1029	0.1004	0.1011	0.0985	0.0992	0.0968	0.0976	0.0977	0.1001	0.0977	0.0966	0.0965	0.0970	0.0956	0.0959	0.0964	0.0976	0.0947	0.0947	0.0954	0.0966	0.0940	0.0944	0.0947	0.0848	0.0842	0.0840	0.0851	0.0839	0.0844	0.0828	0.0855	0.0861	0.0830	0.0840	0.0842	0.0862	0.0833	0.0852	0.0845	0.0851	0.0815	0.0852	0.0828	0.0865	0.0843	0.0852	0.0854	0.0849	0.0825	0.0850	0.0830	0.0854	0.0838	0.0858	0.0862	
0.1101	0.1085	0.1079	0.1041	0.1036	0.1022	0.1010	0.1012	0.1047	0.1008	0.1015	0.0991	0.0994	0.0971	0.0972	0.0978	0.1013	0.0984	0.0969	0.0970	0.0972	0.0964	0.0962	0.0968	0.0985	0.0953	0.0950	0.0953	0.0969	0.0941	0.0946	0.0949	0.0878	0.0886	0.0886	0.0895	0.0888	0.0883	0.0888	0.0900	0.0890	0.0873	0.0872	0.0877	0.0872	0.0876	0.0871	0.0882	0.0888	0.0866	0.0871	0.0873	0.0882	0.0877	0.0865	0.0897	0.0875	0.0874	0.0869	0.0876	0.0878	0.0879	0.0876	0.0897	
0.1123	0.1102	0.1094	0.1052	0.1040	0.1033	0.1013	0.1018	0.1060	0.1025	0.1026	0.1000	0.1004	0.0974	0.0980	0.0981	0.1024	0.0991	0.0973	0.0973	0.0975	0.0962	0.0960	0.0969	0.0989	0.0958	0.0952	0.0957	0.0967	0.0945	0.0947	0.0955	0.0909	0.0925	0.0932	0.0933	0.0920	0.0908	0.0926	0.0916	0.0915	0.0918	0.0891	0.0909	0.0888	0.0917	0.0882	0.0908	0.0910	0.0911	0.0888	0.0905	0.0903	0.0907	0.0886	0.0905	0.0901	0.0911	0.0886	0.0897	0.0901	0.0912	0.0881	0.0922	
0.1155	0.1127	0.1118	0.1069	0.1057	0.1041	0.1026	0.1026	0.1082	0.1040	0.1039	0.1008	0.1013	0.0987	0.0988	0.0985	0.1037	0.1003	0.0985	0.0980	0.0983	0.0966	0.0970	0.0972	0.1000	0.0963	0.0956	0.0962	0.0972	0.0949	0.0952	0.0956	0.0904	0.0910	0.0924	0.0908	0.0920	0.0883	0.0925	0.0903	0.0914	0.0890	0.0881	0.0908	0.0891	0.0889	0.0881	0.0898	0.0895	0.0884	0.0886	0.0886	0.0899	0.0885	0.0878	0.0905	0.0894	0.0886	0.0884	0.0887	0.0886	0.0888	0.0883	0.0915	
0.1182	0.1150	0.1129	0.1085	0.1069	0.1049	0.1030	0.1033	0.1092	0.1053	0.1050	0.1012	0.1017	0.0987	0.0987	0.0992	0.1058	0.1013	0.0990	0.0986	0.0986	0.0974	0.0972	0.0975	0.1008	0.0971	0.0958	0.0968	0.0970	0.0946	0.0953	0.0948	0.0882	0.0887	0.0898	0.0891	0.0894	0.0876	0.0874	0.0887	0.0890	0.0872	0.0860	0.0883	0.0874	0.0864	0.0875	0.0882	0.0872	0.0865	0.0866	0.0866	0.0877	0.0868	0.0865	0.0882	0.0867	0.0858	0.0859	0.0864	0.0870	0.0861	0.0880	0.0885	
0.1222	0.1180	0.1153	0.1106	0.1085	0.1057	0.1039	0.1036	0.1117	0.1065	0.1063	0.1023	0.1024	0.0989	0.0992	0.0993	0.1066	0.1021	0.0996	0.0990	0.0989	0.0971	0.0971	0.0976	0.1015	0.0976	0.0961	0.0968	0.0976	0.0949	0.0953	0.0955	0.0860	0.0857	0.0855	0.0870	0.0860	0.0853	0.0845	0.0847	0.0868	0.0839	0.0842	0.0860	0.0847	0.0846	0.0846	0.0855	0.0859	0.0830	0.0850	0.0834	0.0856	0.0847	0.0849	0.0850	0.0850	0.0833	0.0839	0.0841	0.0851	0.0848	0.0860	0.0864	
0.1264	0.1208	0.1178	0.1122	0.1097	0.1067	0.1047	0.1046	0.1143	0.1082	0.1075	0.1032	0.1030	0.0994	0.0993	0.0997	0.1085	0.1033	0.1004	0.0993	0.0993	0.0976	0.0976	0.0972	0.1023	0.0984	0.0964	0.0969	0.0978	0.0953	0.0953	0.0956	0.0880	0.0891	0.0879	0.0889	0.0866	0.0880	0.0864	0.0888	0.0892	0.0859	0.0874	0.0876	0.0880	0.0875	0.0872	0.0882	0.0884	0.0865	0.0872	0.0860	0.0880	0.0861	0.0860	0.0874	0.0867	0.0862	0.0871	0.0862	0.0874	0.0870	0.0876	0.0893	
0.1306	0.1239	0.1204	0.1144	0.1109	0.1081	0.1058	0.1051	0.1166	0.1106	0.1092	0.1046	0.1038	0.1001	0.0998	0.0995	0.1106	0.1042	0.1010	0.0998	0.1001	0.0983	0.0978	0.0981	0.1037	0.0987	0.0970	0.0975	0.0983	0.0956	0.0959	0.0958	0.0901	0.0919	0.0909	0.0917	0.0902	0.0888	0.0898	0.0895	0.0910	0.0899	0.0877	0.0902	0.0878	0.0896	0.0879	0.0885	0.0891	0.0889	0.0883	0.0882	0.0882	0.0890	0.0869	0.0883	0.0888	0.0891	0.0876	0.0875	0.0871	0.0881	0.0877	0.0895	
0.1355	0.1278	0.1238	0.1167	0.1135	0.1096	0.1064	0.1065	0.1197	0.1125	0.1109	0.1055	0.1048	0.1007	0.1002	0.1002	0.1131	0.1058	0.1019	0.1006	0.1009	0.0986	0.0983	0.0983	0.1046	0.0998	0.0972	0.0977	0.0986	0.0958	0.0961	0.0958	0.0938	0.0938	0.0948	0.0943	0.0933	0.0917	0.0942	0.0940	0.0944	0.0925	0.0904	0.0919	0.0906	0.0957	0.0901	0.0929	0.0930	0.0920	0.0914	0.0909	0.0917	0.0917	0.0894	0.0923	0.0917	0.0916	0.0899	0.0905	0.0901	0.0912	0.0900	0.0934	
0.1422	0.1326	0.1275	0.1195	0.1147	0.1105	0.1080	0.1071	0.1232	0.1152	0.1131	0.1070	0.1061	0.1010	0.1008	0.1012	0.1150	0.1077	0.1035	0.1015	0.1019	0.0986	0.0987	0.0986	0.1059	0.1002	0.0979	0.0977	0.0994	0.0959	0.0968	0.0961	0.0888	0.0890	0.0885	0.0894	0.0865	0.0871	0.0865	0.0883	0.0908	0.0867	0.0864	0.0867	0.0869	0.0871	0.0871	0.0872	0.0886	0.0863	0.0877	0.0852	0.0875	0.0870	0.0858	0.0869	0.0881	0.0856	0.0866	0.0855	0.0869	0.0868	0.0865	0.0875	
0.1487	0.1378	0.1315	0.1225	0.1173	0.1122	0.1090	0.1079	0.1269	0.1179	0.1148	0.1085	0.1067	0.1020	0.1011	0.1013	0.1182	0.1095	0.1045	0.1019	0.1022	0.0991	0.0988	0.0994	0.1076	0.1014	0.0988	0.0992	0.0998	0.0965	0.0963	0.0953	0.0919	0.0918	0.0920	0.0919	0.0908	0.0896	0.0896	0.0903	0.0923	0.0905	0.0879	0.0896	0.0882	0.0888	0.0884	0.0889	0.0912	0.0885	0.0886	0.0883	0.0902	0.0889	0.0875	0.0890	0.0898	0.0895	0.0879	0.0878	0.0880	0.0886	0.0880	0.0898	
0.1568	0.1433	0.1362	0.1262	0.1195	0.1137	0.1101	0.1089	0.1315	0.1207	0.1171	0.1098	0.1080	0.1029	0.1017	0.1015	0.1207	0.1118	0.1057	0.1032	0.1034	0.0999	0.0995	0.0989	0.1092	0.1026	0.0995	0.0993	0.1005	0.0965	0.0970	0.0965	0.0936	0.0950	0.0939	0.0947	0.0932	0.0906	0.0913	0.0914	0.0945	0.0928	0.0889	0.0919	0.0893	0.0925	0.0889	0.0904	0.0926	0.0910	0.0903	0.0894	0.0890	0.0904	0.0878	0.0897	0.0906	0.0909	0.0888	0.0893	0.0892	0.0902	0.0887	0.0901	
0.1660	0.1501	0.1412	0.1301	0.1217	0.1155	0.1119	0.1105	0.1360	0.1242	0.1199	0.1118	0.1096	0.1038	0.1025	0.1022	0.1238	0.1138	0.1068	0.1044	0.1041	0.1008	0.0998	0.0995	0.1110	0.1034	0.1002	0.0995	0.1007	0.0973	0.0972	0.0969	0.0945	0.0944	0.0953	0.0942	0.0939	0.0904	0.0930	0.0918	0.0957	0.0921	0.0898	0.0925	0.0910	0.0914	0.0900	0.0907	0.0928	0.0907	0.0908	0.0891	0.0901	0.0897	0.0882	0.0906	0.0919	0.0902	0.0889	0.0892	0.0894	0.0898	0.0894	0.0920	
0.1753	0.1577	0.1468	0.1340	0.1248	0.1175	0.1127	0.1117	0.1406	0.1281	0.1230	0.1135	0.1108	0.1047	0.1028	0.1028	0.1274	0.1161	0.1086	0.1054	0.1046	0.1012	0.1005	0.0996	0.1124	0.1050	0.1005	0.1001	0.1013	0.0975	0.0976	0.0968	0.0914	0.0914	0.0893	0.0913	0.0891	0.0885	0.0871	0.0889	0.0934	0.0883	0.0875	0.0886	0.0875	0.0865	0.0881	0.0876	0.0898	0.0862	0.0880	0.0852	0.0882	0.0867	0.0857	0.0862	0.0891	0.0860	0.0867	0.0846	0.0873	0.0861	0.0874	0.0879	
0.1862	0.1660	0.1534	0.1382	0.1280	0.1191	0.1148	0.1124	0.1467	0.1320	0.1257	0.1152	0.1124	0.1047	0.1032	0.1024	0.1313	0.1187	0.1099	0.1061	0.1058	0.1019	0.1009	0.0999	0.1150	0.1062	0.1015	0.1005	0.1020	0.0981	0.0977	0.0972	0.0944	0.0943	0.0929	0.0939	0.0911	0.0900	0.0897	0.0905	0.0949	0.0907	0.0890	0.0909	0.0885	0.0895	0.0885	0.0894	0.0925	0.0884	0.0889	0.0870	0.0892	0.0895	0.0870	0.0885	0.0905	0.0891	0.0878	0.0865	0.0879	0.0895	0.0874	0.0896	
0.1999	0.1756	0.1604	0.1438	0.1318	0.1223	0.1162	0.1139	0.1533	0.1371	0.1296	0.1180	0.1138	0.1064	0.1048	0.1036	0.1361	0.1222	0.1118	0.1077	0.1071	0.1029	0.1018	0.1004	0.1181	0.1082	0.1024	0.1015	0.1033	0.0986	0.0983	0.0976	0.0988	0.1006	0.0985	0.0988	0.0970	0.0946	0.0964	0.0941	0.0994	0.0965	0.0925	0.0969	0.0929	0.1009	0.0912	0.0940	0.0969	0.0958	0.0940	0.0933	0.0928	0.0949	0.0895	0.0924	0.0952	0.0952	0.0910	0.0918	0.0918	0.0946	0.0914	0.0942	
0.2124	0.1852	0.1692	0.1487	0.1354	0.1240	0.1182	0.1148	0.1601	0.1428	0.1332	0.1203	0.1155	0.1067	0.1050	0.1041	0.1401	0.1243	0.1141	0.1091	0.1081	0.1034	0.1017	0.1012	0.1204	0.1090	0.1035	0.1028	0.1035	0.0987	0.0987	0.0980	0.0938	0.0932	0.0910	0.0917	0.0891	0.0890	0.0866	0.0880	0.0956	0.0888	0.0887	0.0896	0.0881	0.0883	0.0882	0.0874	0.0917	0.0865	0.0890	0.0849	0.0888	0.0871	0.0860	0.0850	0.0903	0.0867	0.0875	0.0840	0.0873	0.0872	0.0880	0.0871	
0.2287	0.1982	0.1784	0.1558	0.1391	0.1265	0.1201	0.1166	0.1687	0.1478	0.1374	0.1233	0.1179	0.1083	0.1057	0.1053	0.1458	0.1280	0.1161	0.1103	0.1096	0.1043	0.1025	0.1011	0.1230	0.1111	0.1041	0.1032	0.1044	0.0993	0.0991	0.0980	0.0975	0.0979	0.0960	0.0962	0.0927	0.0914	0.0910	0.0906	0.0985	0.0938	0.0904	0.0922	0.0904	0.0903	0.0900	0.0899	0.0944	0.0899	0.0908	0.0876	0.0897	0.0892	0.0868	0.0893	0.0926	0.0901	0.0890	0.0877	0.0887	0.0894	0.0883	0.0900	
0.2450	0.2100	0.1880	0.1619	0.1434	0.1291	0.1219	0.1173	0.1767	0.1534	0.1416	0.1256	0.1191	0.1092	0.1060	0.1047	0.1505	0.1323	0.1179	0.1118	0.1106	0.1043	0.1025	0.1008	0.1258	0.1129	0.1046	0.1032	0.1045	0.0994	0.0984	0.0975	0.1014	0.1038	0.1018	0.1012	0.0978	0.0966	0.0970	0.0948	0.1020	0.0986	0.0935	0.0972	0.0934	0.0960	0.0915	0.0941	0.0976	0.0955	0.0944	0.0926	0.0936	0.0945	0.0889	0.0927	0.0957	0.0962	0.0917	0.0920	0.0922	0.0943	0.0905	0.0943	
0.2636	0.2254	0.1991	0.1698	0.1491	0.1321	0.1243	0.1197	0.1870	0.1607	0.1478	0.1289	0.1216	0.1107	0.1075	0.1058	0.1573	0.1364	0.1205	0.1138	0.1124	0.1059	0.1037	0.1015	0.1296	0.1147	0.1065	0.1047	0.1062	0.0999	0.1000	0.0984	0.0980	0.0966	0.0943	0.0950	0.0910	0.0894	0.0889	0.0884	0.0981	0.0919	0.0883	0.0908	0.0888	0.0938	0.0877	0.0875	0.0934	0.0870	0.0895	0.0852	0.0890	0.0877	0.0864	0.0943	0.0919	0.0882	0.0877	0.0851	0.0874	0.0876	0.0877	0.0869	
0.2858	0.2417	0.2120	0.1784	0.1553	0.1361	0.1263	0.1216	0.1973	0.1679	0.1533	0.1327	0.1241	0.1120	0.1084	0.1064	0.1634	0.1408	0.1241	0.1155	0.1141	0.1068	0.1047	0.1023	0.1334	0.1178	0.1076	0.1060	0.1068	0.1007	0.1003	0.0987	0.0995	0.0997	0.0968	0.0971	0.0929	0.0916	0.0901	0.0908	0.1019	0.0941	0.0909	0.0930	0.0902	0.0902	0.0896	0.0894	0.0954	0.0901	0.0914	0.0872	0.0899	0.0887	0.0867	0.0879	0.0943	0.0903	0.0894	0.0871	0.0892	0.0896	0.0882	0.0885	
0.3113	0.2611	0.2249	0.1880	0.1607	0.1394	0.1294	0.1234	0.2095	0.1763	0.1600	0.1371	0.1267	0.1134	0.1092	0.1075	0.1736	0.1457	0.1268	0.1175	0.1150	0.1075	0.1053	0.1028	0.1370	0.1210	0.1094	0.1071	0.1082	0.1018	0.1009	0.0993	0.1044	0.1052	0.1014	0.1022	0.0975	0.0952	0.0939	0.0927	0.1045	0.0980	0.0937	0.0967	0.0921	0.0940	0.0916	0.0921	0.0991	0.0941	0.0933	0.0898	0.0916	0.0929	0.0880	0.0907	0.0972	0.0940	0.0907	0.0898	0.0904	0.0928	0.0897	0.0917	
0.3354	0.2806	0.2389	0.1972	0.1679	0.1446	0.1321	0.1255	0.2213	0.1866	0.1660	0.1410	0.1294	0.1148	0.1103	0.1083	0.1809	0.1509	0.1298	0.1194	0.1174	0.1087	0.1060	0.1039	0.1413	0.1235	0.1104	0.1085	0.1091	0.1024	0.1018	0.0988	0.1092	0.1101	0.1063	0.1056	0.1019	0.0990	0.0990	0.0979	0.1077	0.1027	0.0971	0.1007	0.0964	0.0977	0.0950	0.0969	0.1026	0.0984	0.0966	0.0941	0.0964	0.0965	0.0923	0.0958	0.1010	0.0976	0.0945	0.0943	0.0940	0.0975	0.0929	0.0959	
0.3626	0.3018	0.2541	0.2080	0.1741	0.1489	0.1355	0.1278	0.2358	0.1964	0.1740	0.1464	0.1338	0.1167	0.1112	0.1089	0.1907	0.1573	0.1330	0.1218	0.1195	0.1098	0.1069	0.1041	0.1471	0.1265	0.1124	0.1102	0.1105	0.1028	0.1020	0.0998	0.1037	0.1031	0.0988	0.0984	0.0931	0.0916	0.0900	0.0892	0.1040	0.0953	0.0913	0.0944	0.0904	0.0896	0.0892	0.0899	0.0986	0.0892	0.0919	0.0862	0.0901	0.0889	0.0868	0.0871	0.0951	0.0903	0.0895	0.0860	0.0885	0.0880	0.0889	0.0877	
0.3890	0.3266	0.2722	0.2205	0.1816	0.1521	0.1380	0.1293	0.2483	0.2071	0.1817	0.1502	0.1360	0.1181	0.1126	0.1095	0.2003	0.1632	0.1374	0.1251	0.1209	0.1108	0.1075	0.1053	0.1520	0.1300	0.1147	0.1111	0.1117	0.1032	0.1023	0.1004	0.1091	0.1094	0.1049	0.1039	0.0975	0.0963	0.0943	0.0932	0.1090	0.1015	0.0945	0.0978	0.0940	0.0953	0.0920	0.0926	0.1024	0.0941	0.0947	0.0905	0.0927	0.0931	0.0881	0.0902	0.0986	0.0945	0.0920	0.0894	0.0908	0.0920	0.0898	0.0922	
0.4199	0.3497	0.2901	0.2331	0.1900	0.1569	0.1415	0.1320	0.2650	0.2188	0.1898	0.1560	0.1389	0.1195	0.1134	0.1105	0.2108	0.1702	0.1411	0.1270	0.1236	0.1118	0.1076	0.1051	0.1569	0.1337	0.1163	0.1125	0.1129	0.1043	0.1028	0.0999	0.1146	0.1140	0.1092	0.1088	0.1026	0.1006	0.0988	0.0967	0.1129	0.1055	0.0977	0.1014	0.0959	0.0990	0.0946	0.0956	0.1059	0.0998	0.0977	0.0947	0.0963	0.0973	0.0902	0.0990	0.1019	0.1000	0.0940	0.0938	0.0938	0.0964	0.0929	0.0959	
0.4531	0.3774	0.3099	0.2470	0.2000	0.1621	0.1441	0.1340	0.2833	0.2325	0.2000	0.1622	0.1436	0.1220	0.1145	0.1115	0.2239	0.1779	0.1463	0.1301	0.1257	0.1138	0.1093	0.1068	0.1645	0.1380	0.1191	0.1142	0.1148	0.1052	0.1038	0.1006	0.1104	0.1097	0.1035	0.1031	0.0965	0.0942	0.0919	0.0905	0.1094	0.1006	0.0929	0.0958	0.0922	0.0918	0.0900	0.0898	0.1010	0.0919	0.0932	0.0874	0.0909	0.0903	0.0859	0.0872	0.0981	0.0924	0.0889	0.0875	0.0887	0.0893	0.0890	0.0892	
0.4831	0.4041	0.3320	0.2624	0.2101	0.1677	0.1486	0.1372	0.3004	0.2450	0.2105	0.1691	0.1479	0.1240	0.1162	0.1123	0.2368	0.1863	0.1511	0.1330	0.1282	0.1150	0.1095	0.1063	0.1696	0.1424	0.1199	0.1161	0.1157	0.1059	0.1044	0.1008	0.1152	0.1142	0.1082	0.1075	0.0993	0.0966	0.0942	0.0927	0.1145	0.1044	0.0957	0.0987	0.0945	0.0945	0.0927	0.0917	0.1055	0.0952	0.0965	0.0900	0.0927	0.0930	0.0882	0.0892	0.1016	0.0955	0.0924	0.0879	0.0900	0.0933	0.0898	0.0912	
0.5145	0.4333	0.3553	0.2784	0.2189	0.1739	0.1528	0.1407	0.3205	0.2618	0.2203	0.1753	0.1527	0.1260	0.1172	0.1135	0.2512	0.1952	0.1567	0.1371	0.1306	0.1163	0.1108	0.1069	0.1774	0.1483	0.1228	0.1182	0.1178	0.1065	0.1046	0.1014	0.1198	0.1203	0.1123	0.1120	0.1044	0.1012	0.0996	0.0958	0.1189	0.1092	0.0995	0.1026	0.0966	0.1003	0.0937	0.0954	0.1102	0.1009	0.0991	0.0953	0.0960	0.0964	0.0891	0.0926	0.1051	0.1015	0.0947	0.0931	0.0932	0.0971	0.0916	0.0945	
0.5434	0.4625	0.3770	0.2951	0.2316	0.1802	0.1570	0.1438	0.3411	0.2761	0.2313	0.1822	0.1574	0.1281	0.1183	0.1142	0.2671	0.2038	0.1617	0.1399	0.1346	0.1176	0.1123	0.1077	0.1853	0.1536	0.1256	0.1195	0.1192	0.1075	0.1053	0.1019	0.1178	0.1159	0.1079	0.1067	0.0978	0.0950	0.0917	0.0890	0.1156	0.1033	0.0956	0.0974	0.0934	0.0924	0.0903	0.0902	0.1057	0.0930	0.0948	0.0862	0.0913	0.0903	0.0864	0.0876	0.1011	0.0937	0.0902	0.0857	0.0888	0.0896	0.0884	0.0890	
0.5746	0.4924	0.4037	0.3119	0.2424	0.1880	0.1603	0.1474	0.3627	0.2933	0.2437	0.1899	0.1625	0.1313	0.1206	0.1153	0.2822	0.2131	0.1678	0.1440	0.1373	0.1198	0.1128	0.1084	0.1930	0.1590	0.1286	0.1218	0.1212	0.1092	0.1063	0.1019	0.1246	0.1224	0.1150	0.1130	0.1040	0.0984	0.0966	0.0938	0.1227	0.1093	0.0994	0.1020	0.0958	0.0970	0.0935	0.0932	0.1104	0.0977	0.0988	0.0907	0.0944	0.0933	0.0886	0.0906	0.1060	0.0987	0.0939	0.0898	0.0924	0.0934	0.0903	0.0914	
0.6023	0.5216	0.4280	0.3317	0.2553	0.1947	0.1655	0.1508	0.3873	0.3103	0.2557	0.1988	0.1682	0.1336	0.1217	0.1169	0.3007	0.2244	0.1741	0.1489	0.1406	0.1214	0.1139	0.1090	0.2013	0.1651	0.1315	0.1236	0.1233	0.1096	0.1066	0.1028	0.1318	0.1310	0.1216	0.1198	0.1095	0.1055	0.1035	0.1001	0.1288	0.1165	0.1043	0.1087	0.1005	0.1033	0.0981	0.1002	0.1171	0.1050	0.1040	0.0969	0.0998	0.1009	0.0932	0.0962	0.1105	0.1056	0.0986	0.0964	0.0968	0.1003	0.0950	0.0986	
0.6286	0.5495	0.4533	0.3510	0.2696	0.2029	0.1708	0.1542	0.4104	0.3293	0.2700	0.2071	0.1739	0.1365	0.1243	0.1178	0.3191	0.2360	0.1813	0.1531	0.1446	0.1233	0.1156	0.1100	0.2100	0.1727	0.1346	0.1262	0.1257	0.1113	0.1079	0.1034	0.1313	0.1277	0.1160	0.1145	0.1026	0.0984	0.0944	0.0918	0.1263	0.1115	0.0995	0.1029	0.0955	0.0958	0.0934	0.0915	0.1140	0.0971	0.0992	0.0891	0.0937	0.0930	0.0870	0.0890	0.1079	0.0986	0.0946	0.0876	0.0912	0.0925	0.0897	0.0898	
0.6558	0.5783	0.4814	0.3722	0.2833	0.2115	0.1760	0.1587	0.4370	0.3485	0.2841	0.2175	0.1807	0.1404	0.1259	0.1187	0.3371	0.2484	0.1882	0.1582	0.1485	0.1255	0.1165	0.1106	0.2201	0.1803	0.1385	0.1289	0.1273	0.1119	0.1079	0.1042	0.1359	0.1345	0.1234	0.1200	0.1060	0.1018	0.0974	0.0955	0.1311	0.1160	0.1022	0.1058	0.0982	0.0980	0.0953	0.0951	0.1178	0.1010	0.1022	0.0920	0.0967	0.0958	0.0882	0.0915	0.1102	0.1019	0.0954	0.0904	0.0933	0.0944	0.0920	0.0934	
0.6788	0.6045	0.5037	0.3912	0.2961	0.2198	0.1799	0.1621	0.4615	0.3680	0.2998	0.2265	0.1878	0.1431	0.1274	0.1202	0.3594	0.2597	0.1947	0.1630	0.1517	0.1273	0.1174	0.1111	0.2274	0.1868	0.1415	0.1318	0.1296	0.1127	0.1087	0.1041	0.1408	0.1387	0.1265	0.1221	0.1102	0.1039	0.0996	0.0957	0.1342	0.1194	0.1040	0.1086	0.0976	0.1005	0.0957	0.0953	0.1193	0.1038	0.1046	0.0941	0.0964	0.0977	0.0894	0.0918	0.1129	0.1053	0.0977	0.0922	0.0931	0.0967	0.0905	0.0932	
0.7012	0.6291	0.5310	0.4122	0.3100	0.2280	0.1863	0.1660	0.4879	0.3888	0.3154	0.2362	0.1947	0.1462	0.1289	0.1214	0.3791	0.2733	0.2035	0.1681	0.1562	0.1297	0.1182	0.1114	0.2372	0.1955	0.1450	0.1342	0.1321	0.1146	0.1096	0.1044	0.1449	0.1431	0.1305	0.1263	0.1133	0.1064	0.1034	0.0988	0.1391	0.1228	0.1066	0.1123	0.1009	0.1032	0.0985	0.0986	0.1242	0.1068	0.1063	0.0968	0.0996	0.1003	0.0923	0.0954	0.1164	0.1076	0.0993	0.0940	0.0971	0.0993	0.0944	0.0967	
0.7201	0.6535	0.5561	0.4339	0.3286	0.2372	0.1935	0.1713	0.5132	0.4076	0.3348	0.2504	0.2030	0.1499	0.1317	0.1234	0.4043	0.2850	0.2121	0.1748	0.1616	0.1317	0.1200	0.1130	0.2511	0.2040	0.1495	0.1384	0.1346	0.1159	0.1099	0.1052	0.1493	0.1415	0.1293	0.1244	0.1089	0.1024	0.0956	0.0937	0.1400	0.1209	0.1034	0.1084	0.0978	0.0983	0.0957	0.0936	0.1228	0.1019	0.1042	0.0913	0.0953	0.0947	0.0880	0.0893	0.1147	0.1033	0.0961	0.0893	0.0928	0.0947	0.0904	0.0904	
0.7368	0.6734	0.5801	0.4550	0.3441	0.2469	0.1998	0.1765	0.5418	0.4297	0.3518	0.2614	0.2112	0.1536	0.1341	0.1248	0.4266	0.3020	0.2220	0.1815	0.1661	0.1342	0.1221	0.1136	0.2611	0.2147	0.1539	0.1412	0.1373	0.1171	0.1111	0.1048	0.1546	0.1484	0.1334	0.1279	0.1113	0.1041	0.0983	0.0939	0.1462	0.1249	0.1063	0.1105	0.0997	0.0998	0.0955	0.0940	0.1283	0.1045	0.1071	0.0916	0.0978	0.0956	0.0887	0.0901	0.1180	0.1053	0.0985	0.0900	0.0942	0.0953	0.0913	0.0905	
0.7440	0.6918	0.6040	0.4767	0.3608	0.2577	0.2065	0.1814	0.5653	0.4502	0.3687	0.2733	0.2183	0.1574	0.1357	0.1258	0.4497	0.3150	0.2296	0.1869	0.1706	0.1368	0.1230	0.1140	0.2716	0.2235	0.1585	0.1444	0.1405	0.1179	0.1114	0.1060	0.1585	0.1538	0.1383	0.1337	0.1158	0.1072	0.1008	0.0958	0.1517	0.1294	0.1093	0.1149	0.1014	0.1024	0.0972	0.0964	0.1318	0.1075	0.1087	0.0952	0.0993	0.0974	0.0895	0.0922	0.1216	0.1087	0.0992	0.0923	0.0953	0.0977	0.0918	0.0943	
0.7478	0.7119	0.6265	0.4999	0.3760	0.2677	0.2124	0.1861	0.5920	0.4720	0.3847	0.2850	0.2271	0.1618	0.1384	0.1278	0.4737	0.3322	0.2406	0.1941	0.1758	0.1390	0.1248	0.1158	0.2842	0.2347	0.1627	0.1478	0.1436	0.1202	0.1127	0.1061	0.1697	0.1615	0.1458	0.1384	0.1191	0.1101	0.1037	0.1003	0.1583	0.1335	0.1124	0.1183	0.1034	0.1067	0.1000	0.0985	0.1362	0.1107	0.1114	0.0964	0.1016	0.1003	0.0911	0.0931	0.1256	0.1125	0.1024	0.0947	0.0964	0.1003	0.0948	0.0951	
0.7512	0.7263	0.6470	0.5201	0.3956	0.2788	0.2192	0.1914	0.6194	0.4940	0.4051	0.2981	0.2365	0.1666	0.1413	0.1295	0.4998	0.3451	0.2497	0.2005	0.1820	0.1425	0.1260	0.1158	0.2962	0.2467	0.1679	0.1516	0.1463	0.1212	0.1138	0.1072	0.1749	0.1663	0.1477	0.1405	0.1204	0.1112	0.1044	0.0988	0.1616	0.1377	0.1136	0.1194	0.1045	0.1062	0.1004	0.0979	0.1405	0.1132	0.1129	0.0963	0.1015	0.1016	0.0896	0.0940	0.1280	0.1131	0.1028	0.0941	0.0974	0.1006	0.0939	0.0957	
0.7524	0.7353	0.6651	0.5422	0.4127	0.2901	0.2267	0.1972	0.6457	0.5203	0.4254	0.3136	0.2470	0.1718	0.1436	0.1315	0.5259	0.3608	0.2596	0.2082	0.1889	0.1460	0.1285	0.1170	0.3065	0.2577	0.1729	0.1558	0.1503	0.1234	0.1145	0.1078	0.1819	0.1701	0.1536	0.1471	0.1241	0.1142	0.1093	0.1020	0.1662	0.1423	0.1174	0.1240	0.1067	0.1094	0.1025	0.1029	0.1430	0.1172	0.1154	0.1017	0.1043	0.1056	0.0929	0.0982	0.1308	0.1187	0.1064	0.0986	0.1001	0.1051	0.0963	0.0985	
0.7558	0.7399	0.6819	0.5615	0.4308	0.3008	0.2340	0.2033	0.6729	0.5421	0.4438	0.3266	0.2572	0.1773	0.1471	0.1344	0.5513	0.3773	0.2704	0.2164	0.1947	0.1491	0.1302	0.1178	0.3191	0.2682	0.1789	0.1599	0.1537	0.1252	0.1161	0.1083	0.1844	0.1719	0.1511	0.1439	0.1187	0.1077	0.1006	0.0938	0.1675	0.1387	0.1121	0.1195	0.1028	0.1023	0.0962	0.0945	0.1411	0.1103	0.1118	0.0928	0.0988	0.0977	0.0869	0.0893	0.1288	0.1130	0.1010	0.0903	0.0949	0.0958	0.0913	0.0909	
0.7578	0.7429	0.6990	0.5805	0.4482	0.3117	0.2402	0.2088	0.6865	0.5627	0.4624	0.3414	0.2675	0.1821	0.1498	0.1352	0.5756	0.3929	0.2809	0.2237	0.2027	0.1511	0.1317	0.1188	0.3342	0.2810	0.1844	0.1640	0.1576	0.1263	0.1171	0.1088	0.1919	0.1783	0.1581	0.1515	0.1234	0.1123	0.1039	0.0976	0.1749	0.1456	0.1176	0.1235	0.1060	0.1064	0.0997	0.0974	0.1482	0.1150	0.1161	0.0964	0.1016	0.1003	0.0896	0.0918	0.1347	0.1162	0.1033	0.0928	0.0972	0.1002	0.0933	0.0937	
0.7604	0.7455	0.7101	0.6003	0.4667	0.3249	0.2480	0.2152	0.6906	0.5878	0.4818	0.3571	0.2792	0.1872	0.1526	0.1372	0.6033	0.4081	0.2945	0.2327	0.2094	0.1549	0.1337	0.1208	0.3464	0.2929	0.1905	0.1688	0.1609	0.1287	0.1174	0.1092	0.1993	0.1848	0.1653	0.1564	0.1290	0.1157	0.1087	0.1000	0.1795	0.1512	0.1218	0.1277	0.1080	0.1106	0.1018	0.1005	0.1520	0.1203	0.1205	0.1001	0.1035	0.1044	0.0915	0.0946	0.1378	0.1224	0.1060	0.0971	0.0996	0.1041	0.0943	0.0964	
0.7650	0.7488	0.7204	0.6174	0.4857	0.3370	0.2558	0.2212	0.6933	0.6132	0.4998	0.3729	0.2914	0.1928	0.1563	0.1399	0.6276	0.4262	0.3043	0.2412	0.2178	0.1584	0.1361	0.1212	0.3606	0.3059	0.1960	0.1746	0.1660	0.1306	0.1194	0.1104	0.2021	0.1867	0.1647	0.1552	0.1256	0.1121	0.1030	0.0954	0.1828	0.1478	0.1194	0.1251	0.1061	0.1084	0.0991	0.0958	0.1531	0.1150	0.1187	0.0939	0.1023	0.0995	0.0885	0.0910	0.1368	0.1175	0.1033	0.0916	0.0958	0.0976	0.0929	0.0912	
0.7655	0.7484	0.7261	0.6294	0.5013	0.3457	0.2655	0.2277	0.7165	0.6309	0.5200	0.3882	0.3030	0.1995	0.1597	0.1412	0.6503	0.4409	0.3178	0.2510	0.2247	0.1629	0.1381	0.1228	0.3726	0.3193	0.2023	0.1785	0.1692	0.1322	0.1198	0.1109	0.2153	0.1965	0.1744	0.1615	0.1313	0.1164	0.1068	0.0994	0.1894	0.1560	0.1241	0.1295	0.1096	0.1088	0.1029	0.0997	0.1598	0.1205	0.1226	0.0986	0.1032	0.1039	0.0901	0.0931	0.1438	0.1227	0.1068	0.0950	0.0981	0.1023	0.0943	0.0947	
0.7706	0.7524	0.7270	0.6449	0.5180	0.3570	0.2719	0.2333	0.7146	0.6506	0.5376	0.4041	0.3142	0.2055	0.1634	0.1441	0.6732	0.4571	0.3280	0.2585	0.2321	0.1667	0.1403	0.1235	0.3873	0.3305	0.2088	0.1832	0.1737	0.1343	0.1210	0.1110	0.2217	0.2029	0.1817	0.1681	0.1375	0.1218	0.1129	0.1042	0.1957	0.1623	0.1291	0.1352	0.1127	0.1142	0.1058	0.1051	0.1652	0.1281	0.1280	0.1044	0.1086	0.1095	0.0948	0.0974	0.1484	0.1287	0.1120	0.0998	0.1031	0.1081	0.0977	0.1003	
0.7699	0.7556	0.7286	0.6623	0.5356	0.3685	0.2787	0.2386	0.6965	0.6611	0.5561	0.4183	0.3255	0.2115	0.1673	0.1470	0.6744	0.4741	0.3420	0.2696	0.2392	0.1706	0.1424	0.1246	0.3968	0.3450	0.2173	0.1899	0.1786	0.1363	0.1221	0.1117	0.2238	0.2044	0.1807	0.1686	0.1331	0.1160	0.1053	0.0964	0.1993	0.1578	0.1260	0.1330	0.1088	0.1080	0.1021	0.0967	0.1654	0.1206	0.1259	0.0956	0.1044	0.1015	0.0890	0.0898	0.1465	0.1217	0.1073	0.0921	0.0975	0.0994	0.0933	0.0922	
0.7725	0.7547	0.7282	0.6724	0.5513	0.3820	0.2875	0.2470	0.7002	0.6633	0.5760	0.4361	0.3383	0.2197	0.1707	0.1496	0.6808	0.4888	0.3513	0.2783	0.2483	0.1747	0.1451	0.1260	0.4090	0.3559	0.2221	0.1940	0.1831	0.1387	0.1234	0.1121	0.2359	0.2152	0.1905	0.1758	0.1394	0.1227	0.1097	0.1001	0.2074	0.1692	0.1322	0.1374	0.1135	0.1118	0.1040	0.0999	0.1741	0.1276	0.1310	0.0996	0.1070	0.1054	0.0905	0.0944	0.1530	0.1309	0.1112	0.0955	0.1007	0.1044	0.0954	0.0945	
0.7752	0.7557	0.7322	0.6813	0.5680	0.3947	0.2953	0.2525	0.7008	0.6674	0.5945	0.4478	0.3531	0.2259	0.1742	0.1519	0.6740	0.5057	0.3633	0.2883	0.2563	0.1797	0.1482	0.1272	0.4234	0.3714	0.2301	0.2005	0.1878	0.1417	0.1250	0.1135	0.2482	0.2229	0.1973	0.1841	0.1440	0.1246	0.1121	0.1020	0.2134	0.1757	0.1351	0.1432	0.1147	0.1158	0.1060	0.1027	0.1785	0.1316	0.1330	0.1028	0.1091	0.1079	0.0920	0.0954	0.1569	0.1345	0.1137	0.0969	0.1027	0.1063	0.0959	0.0970	
0.7770	0.7604	0.7314	0.6901	0.5846	0.4067	0.3034	0.2602	0.7018	0.6689	0.6134	0.4632	0.3667	0.2332	0.1791	0.1553	0.6761	0.5202	0.3773	0.2973	0.2637	0.1843	0.1503	0.1286	0.4318	0.3821	0.2359	0.2058	0.1935	0.1439	0.1266	0.1143	0.2526	0.2288	0.2008	0.1875	0.1475	0.1275	0.1149	0.1025	0.2158	0.1772	0.1367	0.1449	0.1164	0.1168	0.1055	0.1034	0.1803	0.1352	0.1346	0.1040	0.1100	0.1097	0.0919	0.0964	0.1588	0.1355	0.1154	0.0986	0.1020	0.1079	0.0964	0.0973	
0.7803	0.7608	0.7354	0.6941	0.6032	0.4183	0.3113	0.2654	0.7067	0.6721	0.6318	0.4794	0.3799	0.2406	0.1832	0.1574	0.6728	0.5359	0.3867	0.3074	0.2724	0.1891	0.1524	0.1291	0.4453	0.3946	0.2446	0.2111	0.1979	0.1464	0.1270	0.1139	0.2572	0.2338	0.2048	0.1867	0.1458	0.1240	0.1125	0.1017	0.2184	0.1775	0.1360	0.1437	0.1164	0.1142	0.1047	0.1020	0.1816	0.1308	0.1359	0.1007	0.1084	0.1064	0.0910	0.0959	0.1580	0.1339	0.1141	0.0954	0.1011	0.1053	0.0955	0.0975	
0.7861	0.7617	0.7374	0.7000	0.6196	0.4310	0.3205	0.2730	0.7100	0.6725	0.6455	0.4931	0.3919	0.2490	0.1887	0.1616	0.6783	0.5503	0.3985	0.3193	0.2815	0.1934	0.1569	0.1314	0.4566	0.4066	0.2519	0.2175	0.2052	0.1502	0.1291	0.1155	0.2650	0.2399	0.2126	0.1941	0.1498	0.1284	0.1132	0.1013	0.2240	0.1847	0.1418	0.1500	0.1178	0.1175	0.1069	0.1018	0.1907	0.1350	0.1393	0.1034	0.1113	0.1088	0.0920	0.0947	0.1647	0.1377	0.1179	0.0966	0.1027	0.1072	0.0957	0.0959	
0.7858	0.7651	0.7382	0.7015	0.6354	0.4432	0.3282	0.2804	0.7311	0.6743	0.6505	0.5064	0.4039	0.2568	0.1923	0.1635	0.6804	0.5634	0.4087	0.3292	0.2929	0.1973	0.1597	0.1333	0.4691	0.4230	0.2605	0.2248	0.2099	0.1526	0.1307	0.1168	0.2726	0.2486	0.2206	0.2004	0.1555	0.1309	0.1164	0.1023	0.2315	0.1920	0.1455	0.1534	0.1208	0.1239	0.1086	0.1033	0.1947	0.1423	0.1445	0.1052	0.1137	0.1109	0.0928	0.0965	0.1678	0.1435	0.1210	0.0986	0.1050	0.1096	0.0982	0.0981	
0.7906	0.7658	0.7425	0.7048	0.6475	0.4556	0.3352	0.2872	0.7146	0.6735	0.6596	0.5220	0.4162	0.2627	0.1968	0.1666	0.6790	0.5771	0.4205	0.3398	0.3028	0.2027	0.1615	0.1345	0.4792	0.4360	0.2663	0.2309	0.2143	0.1549	0.1315	0.1166	0.2799	0.2528	0.2236	0.2064	0.1613	0.1343	0.1193	0.1074	0.2381	0.1937	0.1476	0.1573	0.1234	0.1234	0.1107	0.1057	0.1977	0.1451	0.1456	0.1090	0.1158	0.1142	0.0939	0.1001	0.1714	0.1469	0.1232	0.1028	0.1082	0.1132	0.0998	0.1011	
0.7923	0.7704	0.7400	0.7086	0.6607	0.4711	0.3433	0.2922	0.7154	0.6800	0.6621	0.5436	0.4290	0.2718	0.2019	0.1701	0.6827	0.5864	0.4316	0.3505	0.3119	0.2088	0.1652	0.1360	0.4901	0.4514	0.2744	0.2375	0.2207	0.1578	0.1329	0.1180	0.2852	0.2561	0.2279	0.2074	0.1574	0.1309	0.1150	0.1004	0.2370	0.1946	0.1469	0.1568	0.1204	0.1195	0.1076	0.1004	0.1991	0.1415	0.1467	0.1028	0.1117	0.1082	0.0914	0.0930	0.1704	0.1424	0.1202	0.0964	0.1032	0.1065	0.0963	0.0948	
0.7953	0.7692	0.7422	0.7080	0.6684	0.4818	0.3496	0.2983	0.7197	0.6802	0.6645	0.5552	0.4431	0.2778	0.2058	0.1736	0.6877	0.6032	0.4425	0.3604	0.3203	0.2144	0.1685	0.1376	0.4994	0.4601	0.2816	0.2438	0.2262	0.1610	0.1342	0.1179	0.2980	0.2681	0.2378	0.2160	0.1632	0.1348	0.1163	0.1024	0.2452	0.2010	0.1536	0.1620	0.1224	0.1213	0.1097	0.1031	0.2079	0.1449	0.1482	0.1045	0.1153	0.1104	0.0916	0.0955	0.1762	0.1478	0.1240	0.0971	0.1050	0.1081	0.0972	0.0961	
0.7987	0.7724	0.7441	0.7086	0.6773	0.4977	0.3614	0.3054	0.7410	0.6820	0.6664	0.5715	0.4564	0.2867	0.2116	0.1765	0.6892	0.6043	0.4537	0.3710	0.3286	0.2195	0.1703	0.1390	0.5067	0.4744	0.2882	0.2507	0.2319	0.1633	0.1359	0.1194	0.3058	0.2740	0.2431	0.2242	0.1685	0.1378	0.1193	0.1053	0.2533	0.2073	0.1552	0.1650	0.1262	0.1241	0.1101	0.1042	0.2105	0.1497	0.1530	0.1067	0.1179	0.1137	0.0924	0.0967	0.1794	0.1535	0.1249	0.0986	0.1058	0.1116	0.0980	0.0976	
0.8033	0.7733	0.7453	0.7111	0.6777	0.5108	0.3669	0.3150	0.7216	0.6833	0.6677	0.5891	0.4659	0.2950	0.2170	0.1808	0.6925	0.6090	0.4654	0.3815	0.3377	0.2258	0.1743	0.1417	0.5180	0.4904	0.2956	0.2554	0.2370	0.1669	0.1381	0.1202	0.3108	0.2778	0.2500	0.2291	0.1712	0.1409	0.1219	0.1054	0.2560	0.2125	0.1581	0.1671	0.1260	0.1282	0.1124	0.1054	0.2125	0.1513	0.1553	0.1080	0.1180	0.1150	0.0934	0.0978	0.1836	0.1568	0.1270	0.1005	0.1077	0.1140	0.0993	0.0988	
0.8033	0.7745	0.7478	0.7115	0.6799	0.5218	0.3759	0.3216	0.7250	0.6834	0.6704	0.5999	0.4836	0.3036	0.2219	0.1845	0.6918	0.6079	0.4773	0.3891	0.3462	0.2312	0.1781	0.1429	0.5217	0.5024	0.3035	0.2622	0.2444	0.1701	0.1395	0.1210	0.3148	0.2828	0.2515	0.2292	0.1747	0.1406	0.1242	0.1063	0.2583	0.2105	0.1600	0.1693	0.1274	0.1274	0.1142	0.1073	0.2171	0.1553	0.1593	0.1102	0.1197	0.1150	0.0943	0.0988	0.1855	0.1545	0.1281	0.1010	0.1094	0.1141	0.0995	0.1007	
0.8083	0.7768	0.7472	0.7134	0.6785	0.5371	0.3862	0.3279	0.7271	0.6823	0.6690	0.6094	0.4938	0.3118	0.2271	0.1876	0.6933	0.6091	0.4870	0.3966	0.3566	0.2357	0.1810	0.1443	0.5329	0.5145	0.3099	0.2697	0.2475	0.1722	0.1399	0.1219	0.3264	0.2957	0.2607	0.2385	0.1755	0.1409	0.1215	0.1046	0.2627	0.2195	0.1646	0.1734	0.1299	0.1291	0.1139	0.1055	0.2234	0.1575	0.1610	0.1082	0.1193	0.1143	0.0923	0.0961	0.1899	0.1576	0.1288	0.0994	0.1088	0.1127	0.0990	0.0987	
0.8114	0.7793	0.7481	0.7108	0.6788	0.5464	0.3940	0.3343	0.7321	0.6862	0.6745	0.6183	0.5058	0.3196	0.2313	0.1922	0.6981	0.6094	0.4959	0.4074	0.3648	0.2424	0.1847	0.1467	0.5424	0.5267	0.3168	0.2747	0.2549	0.1767	0.1423	0.1230	0.3347	0.2983	0.2679	0.2425	0.1818	0.1475	0.1252	0.1067	0.2714	0.2237	0.1676	0.1772	0.1308	0.1320	0.1149	0.1079	0.2292	0.1615	0.1635	0.1102	0.1217	0.1172	0.0931	0.0985	0.1960	0.1617	0.1326	0.1012	0.1096	0.1158	0.0989	0.0984	
0.8129	0.7817	0.7486	0.7111	0.6788	0.5589	0.4013	0.3420	0.7312	0.6881	0.6725	0.6260	0.5214	0.3273	0.2365	0.1943	0.7023	0.6094	0.5072	0.4142	0.3746	0.2483	0.1889	0.1485	0.5530	0.5369	0.3228	0.2831	0.2599	0.1786	0.1436	0.1235	0.3457	0.3070	0.2755	0.2505	0.1865	0.1480	0.1271	0.1079	0.2768	0.2303	0.1702	0.1796	0.1322	0.1338	0.1166	0.1088	0.2332	0.1650	0.1675	0.1109	0.1239	0.1188	0.0938	0.0992	0.1984	0.1671	0.1341	0.1025	0.1120	0.1172	0.1008	0.1002	
0.8171	0.7843	0.7505	0.7139	0.6809	0.5765	0.4154	0.3511	0.7351	0.6870	0.6738	0.6325	0.5347	0.3391	0.2427	0.1973	0.7002	0.6109	0.5199	0.4252	0.3830	0.2535	0.1927	0.1511	0.5662	0.5492	0.3292	0.2868	0.2664	0.1832	0.1458	0.1243	0.3461	0.3083	0.2790	0.2542	0.1865	0.1477	0.1264	0.1076	0.2728	0.2292	0.1698	0.1818	0.1329	0.1344	0.1170	0.1071	0.2305	0.1663	0.1654	0.1118	0.1242	0.1176	0.0944	0.0982	0.1951	0.1641	0.1330	0.1016	0.1111	0.1172	0.1001	0.0987	
0.8203	0.7845	0.7499	0.7139	0.6816	0.5866	0.4237	0.3591	0.7365	0.6900	0.6751	0.6396	0.5475	0.3469	0.2488	0.2019	0.7038	0.6136	0.5257	0.4340	0.3920	0.2569	0.1957	0.1520	0.5709	0.5574	0.3332	0.2923	0.2718	0.1858	0.1467	0.1255	0.3543	0.3192	0.2862	0.2598	0.1915	0.1527	0.1272	0.1079	0.2837	0.2360	0.1758	0.1859	0.1353	0.1346	0.1180	0.1093	0.2346	0.1661	0.1714	0.1107	0.1252	0.1193	0.0933	0.0990	0.2014	0.1672	0.1362	0.1014	0.1118	0.1171	0.1002	0.0997	
0.8505	0.7852	0.7495	0.7107	0.6813	0.5962	0.4329	0.3651	0.7606	0.6920	0.6754	0.6396	0.5562	0.3549	0.2526	0.2055	0.7051	0.6110	0.5345	0.4383	0.3978	0.2625	0.1996	0.1543	0.5763	0.5668	0.3351	0.2976	0.2764	0.1892	0.1488	0.1262	0.3571	0.3179	0.2898	0.2646	0.1942	0.1546	0.1297	0.1094	0.2870	0.2374	0.1767	0.1897	0.1379	0.1435	0.1187	0.1095	0.2414	0.1709	0.1739	0.1132	0.1264	0.1188	0.0939	0.0995	0.2019	0.1714	0.1377	0.1035	0.1131	0.1189	0.1015	0.1004	
0.8242	0.7895	0.7551	0.7161	0.6800	0.6110	0.4413	0.3739	0.7525	0.6896	0.6774	0.6445	0.5727	0.3640	0.2595	0.2084	0.7049	0.6118	0.5457	0.4492	0.4072	0.2683	0.2027	0.1564	0.5807	0.5788	0.3465	0.3029	0.2859	0.1937	0.1496	0.1268	0.3599	0.3217	0.2928	0.2617	0.1947	0.1509	0.1256	0.1060	0.2858	0.2394	0.1788	0.1873	0.1354	0.1340	0.1155	0.1065	0.2411	0.1690	0.1726	0.1080	0.1254	0.1169	0.0923	0.0976	0.2027	0.1701	0.1358	0.0993	0.1117	0.1165	0.0986	0.0979	
