0.0863	0.0863	0.0874	0.0893	0.0991	0.1205	0.1389	0.1414	0.0869	0.0952	0.0893	0.0945	0.1058	0.1169	0.1455	0.1499	0.0861	0.0863	0.0875	0.0909	0.0989	0.1081	0.1243	0.1426	0.0866	0.0897	0.0893	0.0937	0.1015	0.1153	0.1357	0.1516	0.0853	0.0872	0.0874	0.0909	0.0939	0.1045	0.1171	0.1430	0.0880	0.0896	0.0875	0.0922	0.0960	0.1014	0.1136	0.1394	0.0863	0.0880	0.0877	0.0900	0.0982	0.1180	0.1038	0.1177	0.0910	0.0923	0.0885	0.0914	0.0968	0.1052	0.1038	0.1168	
0.0873	0.0872	0.0871	0.0872	0.0884	0.1014	0.1121	0.1222	0.0869	0.0862	0.0865	0.0876	0.0899	0.1040	0.1178	0.1265	0.0852	0.0883	0.0863	0.0879	0.0919	0.1043	0.1194	0.1280	0.0859	0.0871	0.0865	0.0863	0.0887	0.0998	0.1206	0.1248	0.0863	0.0879	0.0883	0.0871	0.0878	0.1011	0.1131	0.1270	0.0906	0.0898	0.0883	0.0923	0.0883	0.0971	0.1146	0.1256	0.0987	0.0930	0.0905	0.0878	0.0878	0.0987	0.1044	0.1146	0.1041	0.0976	0.0977	0.0946	0.0902	0.1016	0.1094	0.1198	
0.0872	0.0869	0.0875	0.0870	0.0889	0.1015	0.1136	0.1257	0.0864	0.0866	0.0866	0.0872	0.0897	0.1043	0.1165	0.1308	0.0854	0.0858	0.0864	0.0876	0.0923	0.1039	0.1194	0.1305	0.0855	0.0871	0.0865	0.0860	0.0886	0.1004	0.1230	0.1285	0.0842	0.0879	0.0885	0.0884	0.0900	0.1034	0.1158	0.1278	0.0872	0.0873	0.0888	0.0901	0.0877	0.0992	0.1158	0.1263	0.0978	0.0921	0.0919	0.0903	0.0887	0.0993	0.1055	0.1170	0.0947	0.0958	0.0976	0.0933	0.0900	0.1014	0.1065	0.1153	
0.0875	0.0873	0.0879	0.0870	0.0887	0.1016	0.1142	0.1254	0.0871	0.0864	0.0868	0.0877	0.0898	0.1045	0.1201	0.1311	0.0856	0.0863	0.0867	0.0867	0.0921	0.1062	0.1217	0.1333	0.0855	0.0869	0.0869	0.0854	0.0897	0.1012	0.1152	0.1274	0.0843	0.0872	0.0881	0.0877	0.0910	0.1055	0.1156	0.1273	0.0878	0.0865	0.0875	0.0941	0.0886	0.1014	0.1158	0.1304	0.0882	0.0900	0.0974	0.0899	0.0901	0.0983	0.1053	0.1177	0.0879	0.0891	0.0934	0.0925	0.0898	0.1037	0.1097	0.1167	
0.0873	0.0870	0.0879	0.0871	0.0885	0.1017	0.1147	0.1242	0.0869	0.0864	0.0864	0.0878	0.0902	0.1041	0.1183	0.1297	0.0862	0.0863	0.0865	0.0871	0.0950	0.1052	0.1264	0.1295	0.0858	0.0871	0.0870	0.0858	0.0888	0.1014	0.1188	0.1266	0.0849	0.0872	0.0878	0.0883	0.0912	0.1054	0.1190	0.1273	0.0873	0.0871	0.0870	0.0892	0.0885	0.0996	0.1134	0.1312	0.0899	0.0890	0.0898	0.0905	0.0917	0.0997	0.1055	0.1181	0.0881	0.0874	0.0910	0.0924	0.0937	0.1036	0.1103	0.1190	
0.0872	0.0876	0.0884	0.0868	0.0888	0.1031	0.1147	0.1258	0.0870	0.0868	0.0868	0.0871	0.0901	0.1061	0.1187	0.1314	0.0859	0.0867	0.0868	0.0872	0.0904	0.1061	0.1207	0.1291	0.0856	0.0871	0.0867	0.0865	0.0894	0.0995	0.1166	0.1341	0.0855	0.0878	0.0879	0.0875	0.0900	0.1032	0.1180	0.1294	0.0865	0.0865	0.0862	0.0888	0.0882	0.1033	0.1137	0.1292	0.0864	0.0872	0.0876	0.0880	0.0908	0.0989	0.1056	0.1153	0.0872	0.0869	0.0889	0.0915	0.0924	0.1007	0.1127	0.1162	
0.0874	0.0870	0.0878	0.0870	0.0886	0.1002	0.1142	0.1230	0.0871	0.0868	0.0877	0.0874	0.0902	0.1050	0.1182	0.1327	0.0859	0.0869	0.0869	0.0871	0.0912	0.1046	0.1200	0.1330	0.0857	0.0869	0.0868	0.0864	0.0900	0.0995	0.1155	0.1285	0.0850	0.0872	0.0871	0.0871	0.0900	0.1044	0.1223	0.1298	0.0866	0.0869	0.0867	0.0881	0.0883	0.0980	0.1139	0.1292	0.0859	0.0872	0.0879	0.0879	0.0931	0.0995	0.1057	0.1189	0.0886	0.0869	0.0881	0.0902	0.0907	0.1004	0.1106	0.1167	
0.0875	0.0865	0.0887	0.0868	0.0879	0.1051	0.1122	0.1216	0.0870	0.0862	0.0864	0.0863	0.0899	0.1042	0.1186	0.1292	0.0855	0.0858	0.0861	0.0875	0.0903	0.1026	0.1189	0.1331	0.0857	0.0865	0.0868	0.0857	0.0893	0.0999	0.1143	0.1272	0.0841	0.0869	0.0871	0.0868	0.0890	0.1018	0.1150	0.1257	0.0866	0.0870	0.0864	0.0874	0.0878	0.1001	0.1130	0.1349	0.0857	0.0893	0.0886	0.0898	0.0953	0.1023	0.1075	0.1181	0.0891	0.0881	0.0888	0.0908	0.0919	0.1033	0.1119	0.1190	
0.0879	0.0878	0.0894	0.0862	0.0893	0.1012	0.1150	0.1239	0.0871	0.0862	0.0868	0.0875	0.0929	0.1049	0.1168	0.1294	0.0865	0.0870	0.0859	0.0862	0.0893	0.1004	0.1193	0.1316	0.0863	0.0856	0.0859	0.0852	0.0897	0.0976	0.1152	0.1268	0.0837	0.0863	0.0860	0.0862	0.0880	0.1011	0.1203	0.1281	0.0851	0.0863	0.0855	0.0863	0.0871	0.0979	0.1141	0.1304	0.0851	0.0862	0.0864	0.0863	0.0897	0.0973	0.1098	0.1178	0.0866	0.0859	0.0866	0.0881	0.0899	0.0998	0.1083	0.1169	
0.0876	0.0868	0.0883	0.0867	0.0882	0.1006	0.1137	0.1225	0.0869	0.0865	0.0866	0.0867	0.0916	0.1073	0.1200	0.1312	0.0860	0.0865	0.0877	0.0869	0.0898	0.1003	0.1191	0.1333	0.0859	0.0865	0.0867	0.0862	0.0888	0.0975	0.1160	0.1274	0.0846	0.0873	0.0872	0.0869	0.0886	0.1040	0.1182	0.1284	0.0869	0.0865	0.0866	0.0877	0.0883	0.0965	0.1131	0.1322	0.0857	0.0870	0.0872	0.0879	0.0904	0.0990	0.1066	0.1199	0.0869	0.0864	0.0872	0.0885	0.0913	0.1007	0.1076	0.1181	
0.0874	0.0872	0.0880	0.0870	0.0883	0.1009	0.1106	0.1244	0.0873	0.0866	0.0869	0.0874	0.0917	0.1066	0.1164	0.1270	0.0857	0.0864	0.0866	0.0872	0.0901	0.1005	0.1161	0.1316	0.0859	0.0866	0.0869	0.0864	0.0887	0.0961	0.1172	0.1250	0.0847	0.0871	0.0876	0.0875	0.0884	0.1010	0.1170	0.1256	0.0866	0.0873	0.0867	0.0880	0.0876	0.0982	0.1127	0.1314	0.0876	0.0873	0.0871	0.0871	0.0887	0.0999	0.1070	0.1161	0.0904	0.0865	0.0873	0.0879	0.0900	0.1016	0.1105	0.1172	
0.0880	0.0871	0.0879	0.0869	0.0886	0.1013	0.1151	0.1225	0.0875	0.0868	0.0869	0.0877	0.0904	0.1052	0.1161	0.1314	0.0861	0.0867	0.0869	0.0867	0.0905	0.1012	0.1154	0.1312	0.0854	0.0869	0.0874	0.0865	0.0906	0.0963	0.1142	0.1253	0.0847	0.0876	0.0875	0.0876	0.0893	0.0992	0.1150	0.1304	0.0870	0.0875	0.0868	0.0874	0.0877	0.0966	0.1126	0.1281	0.0864	0.0876	0.0875	0.0880	0.0887	0.0994	0.1047	0.1134	0.0874	0.0866	0.0873	0.0877	0.0896	0.0999	0.1074	0.1164	
0.0877	0.0873	0.0877	0.0871	0.0884	0.1009	0.1118	0.1210	0.0873	0.0865	0.0874	0.0876	0.0883	0.1037	0.1174	0.1298	0.0857	0.0863	0.0867	0.0874	0.0904	0.1002	0.1183	0.1296	0.0860	0.0868	0.0870	0.0862	0.0879	0.0953	0.1218	0.1253	0.0848	0.0871	0.0875	0.0876	0.0885	0.1000	0.1135	0.1240	0.0863	0.0869	0.0870	0.0874	0.0876	0.0964	0.1101	0.1284	0.0856	0.0874	0.0873	0.0897	0.0889	0.0974	0.1055	0.1148	0.0879	0.0865	0.0874	0.0877	0.0886	0.1001	0.1089	0.1190	
0.0880	0.0871	0.0901	0.0871	0.0888	0.1034	0.1121	0.1223	0.0870	0.0868	0.0867	0.0873	0.0881	0.1024	0.1164	0.1285	0.0859	0.0865	0.0864	0.0874	0.0898	0.1004	0.1177	0.1301	0.0862	0.0865	0.0872	0.0860	0.0890	0.0954	0.1144	0.1231	0.0848	0.0871	0.0876	0.0873	0.0884	0.0992	0.1222	0.1226	0.0863	0.0873	0.0871	0.0871	0.0875	0.0974	0.1097	0.1248	0.0873	0.0870	0.0875	0.0894	0.0880	0.0977	0.1064	0.1147	0.0875	0.0868	0.0871	0.0878	0.0896	0.0999	0.1059	0.1129	
0.0877	0.0875	0.0879	0.0872	0.0885	0.1026	0.1130	0.1237	0.0870	0.0868	0.0869	0.0871	0.0887	0.1010	0.1212	0.1322	0.0860	0.0866	0.0866	0.0871	0.0896	0.1051	0.1174	0.1318	0.0856	0.0867	0.0869	0.0865	0.0898	0.0954	0.1150	0.1234	0.0847	0.0873	0.0874	0.0869	0.0885	0.0992	0.1248	0.1217	0.0862	0.0865	0.0868	0.0875	0.0883	0.0976	0.1091	0.1211	0.0857	0.0874	0.0871	0.0870	0.0884	0.0978	0.1040	0.1127	0.0875	0.0867	0.0873	0.0874	0.0893	0.0991	0.1090	0.1154	
0.0878	0.0875	0.0880	0.0872	0.0888	0.1004	0.1159	0.1233	0.0871	0.0868	0.0867	0.0872	0.0885	0.1013	0.1217	0.1310	0.0860	0.0865	0.0867	0.0868	0.0889	0.1007	0.1191	0.1320	0.0861	0.0866	0.0868	0.0862	0.0875	0.0959	0.1187	0.1232	0.0848	0.0871	0.0871	0.0871	0.0881	0.0991	0.1146	0.1208	0.0866	0.0869	0.0866	0.0874	0.0875	0.0967	0.1109	0.1211	0.0889	0.0877	0.0873	0.0888	0.0877	0.0982	0.1046	0.1138	0.0872	0.0870	0.0871	0.0878	0.0885	0.0994	0.1099	0.1138	
0.0880	0.0873	0.0880	0.0876	0.0888	0.0996	0.1137	0.1228	0.0878	0.0885	0.0884	0.0881	0.0885	0.1015	0.1188	0.1351	0.0871	0.0876	0.0872	0.0873	0.0884	0.1007	0.1169	0.1321	0.0861	0.0866	0.0870	0.0863	0.0873	0.0954	0.1150	0.1228	0.0845	0.0871	0.0871	0.0867	0.0882	0.0993	0.1160	0.1211	0.0865	0.0867	0.0869	0.0878	0.0877	0.0966	0.1098	0.1207	0.0856	0.0868	0.0874	0.0867	0.0886	0.0975	0.1047	0.1154	0.0867	0.0862	0.0871	0.0878	0.0887	0.1000	0.1068	0.1158	
0.0884	0.0877	0.0883	0.0880	0.0889	0.0983	0.1136	0.1226	0.0876	0.0872	0.0875	0.0875	0.0885	0.1015	0.1199	0.1371	0.0863	0.0864	0.0870	0.0872	0.0894	0.0998	0.1190	0.1290	0.0862	0.0869	0.0873	0.0863	0.0876	0.0955	0.1182	0.1213	0.0847	0.0873	0.0870	0.0870	0.0886	0.1000	0.1269	0.1204	0.0868	0.0865	0.0867	0.0872	0.0876	0.0966	0.1104	0.1217	0.0862	0.0876	0.0872	0.0871	0.0881	0.0974	0.1044	0.1134	0.0874	0.0874	0.0871	0.0877	0.0889	0.1003	0.1093	0.1162	
0.0885	0.0877	0.0883	0.0877	0.0891	0.0998	0.1123	0.1206	0.0873	0.0866	0.0870	0.0885	0.0885	0.1018	0.1209	0.1338	0.0866	0.0866	0.0867	0.0871	0.0877	0.0996	0.1151	0.1307	0.0862	0.0866	0.0871	0.0864	0.0878	0.0951	0.1147	0.1207	0.0848	0.0874	0.0871	0.0876	0.0882	0.1002	0.1264	0.1206	0.0868	0.0875	0.0871	0.0878	0.0880	0.0969	0.1093	0.1205	0.0858	0.0878	0.0871	0.0873	0.0886	0.0973	0.1033	0.1141	0.0873	0.0864	0.0877	0.0878	0.0881	0.1004	0.1082	0.1141	
0.0888	0.0876	0.0883	0.0881	0.0892	0.1003	0.1121	0.1228	0.0880	0.0871	0.0873	0.0885	0.0889	0.1019	0.1155	0.1301	0.0860	0.0864	0.0867	0.0869	0.0879	0.0999	0.1148	0.1330	0.0866	0.0867	0.0873	0.0865	0.0878	0.0958	0.1187	0.1198	0.0846	0.0877	0.0871	0.0875	0.0887	0.1002	0.1154	0.1206	0.0868	0.0869	0.0866	0.0878	0.0882	0.0963	0.1091	0.1203	0.0857	0.0873	0.0877	0.0883	0.0876	0.0969	0.1026	0.1120	0.0873	0.0864	0.0871	0.0877	0.0887	0.0990	0.1061	0.1130	
0.0889	0.0880	0.0883	0.0879	0.0895	0.0996	0.1119	0.1245	0.0877	0.0872	0.0875	0.0886	0.0897	0.1011	0.1193	0.1276	0.0863	0.0864	0.0867	0.0869	0.0899	0.0992	0.1153	0.1294	0.0863	0.0866	0.0870	0.0864	0.0880	0.0953	0.1173	0.1209	0.0862	0.0879	0.0877	0.0869	0.0891	0.1000	0.1147	0.1189	0.0870	0.0868	0.0869	0.0875	0.0882	0.0964	0.1106	0.1210	0.0860	0.0876	0.0871	0.0871	0.0878	0.0974	0.1027	0.1126	0.0876	0.0867	0.0873	0.0875	0.0883	0.0990	0.1089	0.1134	
0.0891	0.0882	0.0885	0.0880	0.0892	0.0998	0.1125	0.1202	0.0878	0.0873	0.0873	0.0868	0.0889	0.1012	0.1154	0.1275	0.0862	0.0868	0.0869	0.0868	0.0897	0.0994	0.1147	0.1334	0.0863	0.0866	0.0873	0.0866	0.0881	0.0954	0.1188	0.1208	0.0849	0.0872	0.0873	0.0868	0.0886	0.0995	0.1108	0.1184	0.0866	0.0863	0.0868	0.0873	0.0878	0.0965	0.1075	0.1205	0.0869	0.0872	0.0871	0.0907	0.0876	0.0966	0.1024	0.1103	0.0875	0.0868	0.0874	0.0876	0.0886	0.0987	0.1063	0.1118	
0.0891	0.0884	0.0888	0.0887	0.0892	0.0973	0.1136	0.1204	0.0882	0.0875	0.0873	0.0887	0.0889	0.1014	0.1150	0.1279	0.0864	0.0865	0.0870	0.0873	0.0884	0.0994	0.1161	0.1316	0.0866	0.0905	0.0866	0.0861	0.0883	0.0953	0.1133	0.1190	0.0854	0.0874	0.0872	0.0870	0.0889	0.0992	0.1120	0.1196	0.0874	0.0862	0.0867	0.0874	0.0887	0.0960	0.1077	0.1205	0.0861	0.0877	0.0874	0.0875	0.0883	0.0968	0.1026	0.1101	0.0874	0.0867	0.0875	0.0883	0.0883	0.0991	0.1030	0.1115	
0.0896	0.0882	0.0891	0.0885	0.0897	0.0999	0.1147	0.1224	0.0880	0.0872	0.0876	0.0888	0.0891	0.1010	0.1184	0.1269	0.0863	0.0863	0.0869	0.0877	0.0887	0.0990	0.1135	0.1297	0.0868	0.0889	0.0869	0.0867	0.0884	0.0951	0.1135	0.1187	0.0853	0.0874	0.0869	0.0868	0.0894	0.0992	0.1135	0.1190	0.0865	0.0868	0.0866	0.0899	0.0882	0.0958	0.1077	0.1199	0.0858	0.0872	0.0871	0.0872	0.0883	0.0966	0.1019	0.1113	0.0908	0.0864	0.0869	0.0877	0.0883	0.0987	0.1020	0.1106	
0.0895	0.0885	0.0889	0.0886	0.0894	0.1005	0.1148	0.1227	0.0888	0.0878	0.0884	0.0879	0.0892	0.1015	0.1163	0.1271	0.0878	0.0867	0.0879	0.0870	0.0883	0.0989	0.1145	0.1331	0.0866	0.0884	0.0873	0.0864	0.0886	0.0957	0.1145	0.1182	0.0848	0.0877	0.0874	0.0871	0.0888	0.0993	0.1120	0.1188	0.0866	0.0865	0.0868	0.0874	0.0887	0.0968	0.1074	0.1202	0.0859	0.0875	0.0874	0.0875	0.0884	0.0965	0.1019	0.1094	0.0871	0.0866	0.0873	0.0877	0.0894	0.0991	0.1017	0.1108	
0.0903	0.0887	0.0894	0.0886	0.0898	0.0996	0.1121	0.1216	0.0885	0.0878	0.0876	0.0887	0.0893	0.1009	0.1176	0.1277	0.0875	0.0867	0.0874	0.0869	0.0884	0.0989	0.1161	0.1311	0.0868	0.0904	0.0871	0.0867	0.0884	0.0956	0.1117	0.1182	0.0853	0.0877	0.0873	0.0870	0.0895	0.0996	0.1117	0.1195	0.0869	0.0867	0.0870	0.0877	0.0884	0.0961	0.1072	0.1188	0.0857	0.0877	0.0873	0.0869	0.0889	0.0972	0.1010	0.1103	0.0875	0.0871	0.0872	0.0883	0.0892	0.0989	0.1021	0.1103	
0.0901	0.0891	0.0897	0.0888	0.0902	0.1046	0.1136	0.1216	0.0893	0.0878	0.0878	0.0895	0.0891	0.1008	0.1179	0.1270	0.0867	0.0867	0.0877	0.0869	0.0891	0.0988	0.1155	0.1332	0.0873	0.0909	0.0872	0.0864	0.0881	0.0959	0.1113	0.1168	0.0847	0.0875	0.0878	0.0876	0.0897	0.0993	0.1142	0.1182	0.0868	0.0867	0.0870	0.0872	0.0883	0.0965	0.1069	0.1182	0.0860	0.0872	0.0869	0.0872	0.0887	0.0967	0.1016	0.1099	0.0904	0.0867	0.0872	0.0877	0.0889	0.0990	0.1053	0.1095	
0.0908	0.0891	0.0896	0.0893	0.0903	0.0996	0.1122	0.1286	0.0892	0.0878	0.0886	0.0888	0.0895	0.1014	0.1166	0.1262	0.0875	0.0869	0.0873	0.0871	0.0883	0.0987	0.1147	0.1272	0.0870	0.0880	0.0874	0.0868	0.0882	0.0959	0.1107	0.1163	0.0846	0.0873	0.0870	0.0873	0.0889	0.0994	0.1127	0.1176	0.0872	0.0867	0.0873	0.0882	0.0880	0.0967	0.1074	0.1172	0.0861	0.0875	0.0873	0.0874	0.0883	0.0979	0.1010	0.1088	0.0883	0.0864	0.0877	0.0882	0.0893	0.0992	0.1024	0.1083	
0.0911	0.0895	0.0900	0.0894	0.0904	0.0980	0.1142	0.1226	0.0893	0.0880	0.0895	0.0882	0.0898	0.1011	0.1169	0.1265	0.0884	0.0872	0.0878	0.0875	0.0893	0.0985	0.1142	0.1290	0.0870	0.0900	0.0873	0.0865	0.0880	0.0964	0.1116	0.1168	0.0858	0.0876	0.0871	0.0871	0.0895	0.0995	0.1104	0.1184	0.0870	0.0864	0.0867	0.0873	0.0883	0.0972	0.1065	0.1176	0.0861	0.0872	0.0876	0.0871	0.0888	0.0989	0.1012	0.1085	0.0871	0.0871	0.0873	0.0884	0.0886	0.0999	0.1037	0.1094	
0.0918	0.0900	0.0915	0.0894	0.0905	0.1025	0.1135	0.1212	0.0899	0.0886	0.0883	0.0886	0.0894	0.1015	0.1200	0.1255	0.0877	0.0870	0.0873	0.0870	0.0881	0.0984	0.1120	0.1307	0.0878	0.0897	0.0872	0.0864	0.0881	0.0954	0.1113	0.1157	0.0860	0.0870	0.0874	0.0869	0.0891	0.0986	0.1093	0.1170	0.0874	0.0868	0.0871	0.0879	0.0886	0.0968	0.1062	0.1167	0.0859	0.0883	0.0868	0.0877	0.0882	0.0983	0.1016	0.1085	0.0875	0.0872	0.0867	0.0880	0.0895	0.0993	0.1010	0.1085	
0.0925	0.0903	0.0907	0.0898	0.0908	0.0994	0.1135	0.1207	0.0905	0.0887	0.0922	0.0892	0.0897	0.1004	0.1198	0.1265	0.0884	0.0867	0.0874	0.0874	0.0899	0.0981	0.1129	0.1306	0.0886	0.0900	0.0873	0.0868	0.0884	0.0961	0.1112	0.1146	0.0858	0.0880	0.0874	0.0877	0.0895	0.0990	0.1122	0.1167	0.0877	0.0866	0.0866	0.0894	0.0891	0.0962	0.1063	0.1164	0.0879	0.0878	0.0880	0.0881	0.0890	0.0986	0.1015	0.1080	0.0881	0.0867	0.0871	0.0880	0.0891	0.0986	0.1022	0.1081	
0.0929	0.0906	0.0907	0.0899	0.0910	0.1004	0.1147	0.1219	0.0911	0.0890	0.0886	0.0887	0.0898	0.1008	0.1162	0.1249	0.0888	0.0870	0.0875	0.0873	0.0883	0.0987	0.1179	0.1325	0.0878	0.0900	0.0872	0.0865	0.0885	0.0963	0.1113	0.1141	0.0856	0.0872	0.0871	0.0870	0.0893	0.0992	0.1113	0.1159	0.0876	0.0869	0.0867	0.0879	0.0885	0.0978	0.1056	0.1162	0.0860	0.0879	0.0868	0.0878	0.0884	0.0974	0.1013	0.1067	0.0882	0.0872	0.0878	0.0879	0.0887	0.0999	0.1026	0.1073	
0.0931	0.0909	0.0907	0.0900	0.0910	0.0989	0.1115	0.1233	0.0908	0.0886	0.0912	0.0888	0.0896	0.1008	0.1198	0.1246	0.0885	0.0871	0.0875	0.0875	0.0882	0.0978	0.1146	0.1306	0.0875	0.0914	0.0865	0.0860	0.0884	0.0961	0.1107	0.1131	0.0864	0.0876	0.0870	0.0872	0.0904	0.0992	0.1108	0.1147	0.0879	0.0866	0.0875	0.0874	0.0883	0.0967	0.1060	0.1156	0.0858	0.0870	0.0872	0.0877	0.0881	0.0980	0.1011	0.1081	0.0871	0.0870	0.0873	0.0875	0.0895	0.0996	0.1022	0.1070	
0.0946	0.0912	0.0913	0.0905	0.0909	0.0976	0.1161	0.1209	0.0917	0.0888	0.0893	0.0891	0.0899	0.1007	0.1210	0.1253	0.0897	0.0873	0.0874	0.0876	0.0889	0.0984	0.1138	0.1295	0.0888	0.0899	0.0870	0.0867	0.0884	0.0957	0.1109	0.1124	0.0862	0.0878	0.0873	0.0871	0.0894	0.0983	0.1107	0.1145	0.0876	0.0862	0.0870	0.0872	0.0889	0.0969	0.1051	0.1153	0.0865	0.0871	0.0873	0.0874	0.0885	0.0984	0.1020	0.1063	0.0877	0.0873	0.0875	0.0881	0.0887	0.0995	0.0996	0.1067	
0.0947	0.0915	0.0916	0.0902	0.0907	0.0995	0.1134	0.1217	0.0917	0.0892	0.0892	0.0890	0.0896	0.0998	0.1222	0.1239	0.0890	0.0869	0.0871	0.0874	0.0874	0.0978	0.1131	0.1270	0.0889	0.0872	0.0865	0.0861	0.0887	0.0954	0.1113	0.1118	0.0859	0.0869	0.0868	0.0865	0.0894	0.0989	0.1108	0.1152	0.0877	0.0867	0.0863	0.0875	0.0883	0.0965	0.1043	0.1147	0.0864	0.0873	0.0875	0.0876	0.0886	0.0980	0.1003	0.1068	0.0878	0.0860	0.0868	0.0872	0.0886	0.0978	0.1024	0.1068	
0.0960	0.0920	0.0918	0.0908	0.0910	0.1009	0.1139	0.1210	0.0927	0.0901	0.0888	0.0890	0.0896	0.1005	0.1200	0.1235	0.0895	0.0872	0.0878	0.0874	0.0878	0.0984	0.1132	0.1298	0.0889	0.0893	0.0870	0.0862	0.0882	0.0947	0.1107	0.1118	0.0869	0.0868	0.0868	0.0863	0.0890	0.0988	0.1095	0.1136	0.0874	0.0856	0.0867	0.0871	0.0880	0.0970	0.1042	0.1132	0.0860	0.0874	0.0870	0.0867	0.0885	0.0968	0.1012	0.1069	0.0877	0.0864	0.0867	0.0874	0.0890	0.0986	0.0996	0.1064	
0.0972	0.0924	0.0926	0.0912	0.0915	0.0991	0.1134	0.1225	0.0934	0.0904	0.0897	0.0891	0.0902	0.1003	0.1184	0.1258	0.0907	0.0878	0.0876	0.0874	0.0880	0.0986	0.1123	0.1284	0.0889	0.0905	0.0872	0.0866	0.0894	0.0947	0.1109	0.1116	0.0868	0.0877	0.0869	0.0876	0.0892	0.0994	0.1099	0.1138	0.0885	0.0865	0.0864	0.0876	0.0884	0.0970	0.1052	0.1136	0.0862	0.0872	0.0881	0.0871	0.0883	0.0973	0.1017	0.1064	0.0880	0.0869	0.0871	0.0877	0.0889	0.0991	0.1004	0.1054	
0.0979	0.0934	0.0931	0.0915	0.0922	0.0999	0.1123	0.1219	0.0935	0.0910	0.0904	0.0906	0.0904	0.1008	0.1153	0.1238	0.0906	0.0876	0.0884	0.0879	0.0878	0.0988	0.1131	0.1269	0.0898	0.0877	0.0883	0.0870	0.0885	0.0955	0.1105	0.1117	0.0872	0.0873	0.0875	0.0871	0.0903	0.0993	0.1094	0.1130	0.0890	0.0866	0.0869	0.0874	0.0887	0.0967	0.1063	0.1128	0.0868	0.0871	0.0874	0.0873	0.0884	0.0980	0.1014	0.1061	0.0882	0.0868	0.0874	0.0878	0.0885	0.0988	0.1010	0.1054	
0.0988	0.0936	0.0941	0.0916	0.0931	0.0998	0.1101	0.1224	0.0956	0.0903	0.0904	0.0903	0.0902	0.1005	0.1150	0.1228	0.0922	0.0876	0.0887	0.0875	0.0883	0.0983	0.1136	0.1272	0.0903	0.0920	0.0878	0.0876	0.0893	0.0959	0.1103	0.1105	0.0871	0.0872	0.0869	0.0876	0.0897	0.0989	0.1111	0.1122	0.0888	0.0868	0.0869	0.0878	0.0888	0.0976	0.1043	0.1129	0.0874	0.0872	0.0877	0.0897	0.0885	0.0985	0.1012	0.1062	0.0876	0.0870	0.0873	0.0878	0.0882	0.0988	0.1002	0.1058	
0.0995	0.0937	0.0939	0.0918	0.0919	0.1017	0.1102	0.1210	0.0947	0.0905	0.0902	0.0896	0.0903	0.1007	0.1141	0.1219	0.0916	0.0876	0.0880	0.0877	0.0877	0.0975	0.1130	0.1271	0.0898	0.0880	0.0870	0.0874	0.0885	0.0946	0.1098	0.1094	0.0872	0.0874	0.0869	0.0865	0.0899	0.0980	0.1104	0.1114	0.0884	0.0861	0.0862	0.0874	0.0878	0.0971	0.1041	0.1115	0.0862	0.0870	0.0873	0.0886	0.0875	0.0972	0.1010	0.1062	0.0872	0.0862	0.0867	0.0879	0.0883	0.0987	0.1000	0.1047	
0.1019	0.0952	0.0949	0.0927	0.0926	0.0998	0.1114	0.1238	0.0962	0.0912	0.0908	0.0909	0.0905	0.1004	0.1147	0.1223	0.0935	0.0886	0.0880	0.0880	0.0879	0.0986	0.1126	0.1281	0.0905	0.0877	0.0875	0.0866	0.0893	0.0951	0.1111	0.1106	0.0873	0.0877	0.0872	0.0876	0.0909	0.0981	0.1092	0.1121	0.0888	0.0871	0.0868	0.0884	0.0887	0.0976	0.1066	0.1113	0.0864	0.0878	0.0877	0.0892	0.0882	0.0976	0.1012	0.1056	0.0882	0.0867	0.0877	0.0890	0.0888	0.0988	0.1002	0.1053	
0.1033	0.0960	0.0958	0.0931	0.0931	0.0991	0.1118	0.1231	0.0971	0.0916	0.0915	0.0912	0.0909	0.1001	0.1155	0.1222	0.0942	0.0887	0.0884	0.0879	0.0888	0.0991	0.1133	0.1262	0.0912	0.0913	0.0875	0.0872	0.0892	0.0956	0.1102	0.1094	0.0879	0.0873	0.0877	0.0879	0.0894	0.0983	0.1095	0.1127	0.0894	0.0867	0.0869	0.0871	0.0887	0.0968	0.1053	0.1115	0.0872	0.0885	0.0876	0.0903	0.0884	0.0978	0.1008	0.1060	0.0886	0.0863	0.0876	0.0885	0.0896	0.0991	0.0999	0.1048	
0.1044	0.0971	0.0967	0.0935	0.0930	0.1012	0.1109	0.1209	0.0990	0.0925	0.0926	0.0913	0.0907	0.0997	0.1161	0.1215	0.0956	0.0882	0.0885	0.0879	0.0884	0.1015	0.1131	0.1283	0.0920	0.0886	0.0879	0.0866	0.0886	0.0952	0.1095	0.1092	0.0880	0.0875	0.0875	0.0871	0.0900	0.0985	0.1078	0.1116	0.0902	0.0863	0.0867	0.0878	0.0888	0.0964	0.1056	0.1110	0.0877	0.0873	0.0871	0.0873	0.0882	0.0973	0.1010	0.1048	0.0882	0.0867	0.0872	0.0880	0.0888	0.0980	0.0990	0.1046	
0.1063	0.0974	0.0965	0.0933	0.0931	0.0986	0.1138	0.1217	0.0995	0.0923	0.0916	0.0908	0.0906	0.0992	0.1148	0.1215	0.0957	0.0881	0.0883	0.0875	0.0881	0.0977	0.1126	0.1266	0.0918	0.0879	0.0872	0.0862	0.0888	0.0952	0.1101	0.1085	0.0877	0.0875	0.0873	0.0861	0.0889	0.0981	0.1101	0.1106	0.0896	0.0866	0.0870	0.0870	0.0881	0.0957	0.1042	0.1104	0.0871	0.0863	0.0864	0.0870	0.0888	0.0959	0.1007	0.1048	0.0876	0.0861	0.0871	0.0875	0.0875	0.0980	0.0994	0.1048	
0.1091	0.0988	0.0975	0.0946	0.0936	0.1013	0.1107	0.1205	0.1005	0.0937	0.0922	0.0915	0.0912	0.0996	0.1149	0.1212	0.0965	0.0883	0.0889	0.0882	0.0890	0.0981	0.1134	0.1256	0.0920	0.0882	0.0875	0.0867	0.0882	0.0941	0.1091	0.1087	0.0881	0.0877	0.0869	0.0871	0.0888	0.0974	0.1074	0.1103	0.0902	0.0869	0.0860	0.0873	0.0880	0.0959	0.1038	0.1098	0.0880	0.0864	0.0868	0.0875	0.0879	0.0967	0.0997	0.1040	0.0884	0.0869	0.0869	0.0879	0.0885	0.0982	0.1006	0.1043	
0.1111	0.1000	0.0988	0.0952	0.0946	0.1001	0.1111	0.1212	0.1029	0.0937	0.0940	0.0922	0.0914	0.0997	0.1149	0.1216	0.0976	0.0891	0.0893	0.0886	0.0889	0.1006	0.1158	0.1273	0.0936	0.0910	0.0872	0.0873	0.0889	0.0952	0.1095	0.1086	0.0895	0.0875	0.0875	0.0875	0.0893	0.0982	0.1077	0.1103	0.0909	0.0865	0.0872	0.0877	0.0884	0.0962	0.1053	0.1111	0.0881	0.0870	0.0870	0.0881	0.0884	0.0976	0.1004	0.1060	0.0886	0.0867	0.0874	0.0878	0.0885	0.0992	0.1013	0.1049	
0.1144	0.1013	0.0994	0.0957	0.0944	0.1030	0.1115	0.1208	0.1035	0.0948	0.0941	0.0923	0.0915	0.0998	0.1151	0.1216	0.0991	0.0889	0.0888	0.0888	0.0887	0.0981	0.1131	0.1274	0.0936	0.0880	0.0875	0.0865	0.0889	0.0953	0.1086	0.1090	0.0891	0.0874	0.0875	0.0874	0.0892	0.0981	0.1084	0.1091	0.0906	0.0871	0.0864	0.0883	0.0882	0.0967	0.1040	0.1101	0.0879	0.0876	0.0871	0.0886	0.0877	0.0961	0.1003	0.1051	0.0884	0.0866	0.0873	0.0875	0.0885	0.0985	0.1019	0.1040	
0.1180	0.1025	0.1005	0.0965	0.0945	0.1032	0.1138	0.1204	0.1059	0.0955	0.0941	0.0932	0.0917	0.1004	0.1149	0.1204	0.1003	0.0902	0.0892	0.0891	0.0885	0.0983	0.1129	0.1269	0.0945	0.0876	0.0878	0.0864	0.0889	0.0948	0.1085	0.1084	0.0901	0.0876	0.0871	0.0870	0.0898	0.0982	0.1067	0.1093	0.0914	0.0867	0.0866	0.0874	0.0895	0.0960	0.1036	0.1102	0.0879	0.0868	0.0869	0.0869	0.0881	0.0964	0.0991	0.1043	0.0894	0.0864	0.0874	0.0885	0.0883	0.0979	0.1014	0.1050	
0.1207	0.1041	0.1021	0.0971	0.0954	0.1016	0.1145	0.1209	0.1082	0.0959	0.0952	0.0936	0.0922	0.1006	0.1145	0.1206	0.1021	0.0898	0.0902	0.0888	0.0891	0.0976	0.1126	0.1236	0.0959	0.0891	0.0876	0.0865	0.0891	0.0956	0.1091	0.1090	0.0915	0.0875	0.0872	0.0871	0.0895	0.0978	0.1066	0.1088	0.0916	0.0865	0.0869	0.0878	0.0887	0.0954	0.1042	0.1094	0.0889	0.0872	0.0874	0.0886	0.0879	0.0973	0.0998	0.1044	0.0889	0.0860	0.0867	0.0882	0.0881	0.0981	0.1026	0.1042	
0.1254	0.1054	0.1035	0.0979	0.0961	0.1031	0.1139	0.1212	0.1097	0.0969	0.0985	0.0927	0.0921	0.0998	0.1157	0.1211	0.1042	0.0897	0.0900	0.0890	0.0892	0.0981	0.1131	0.1273	0.0974	0.0886	0.0875	0.0871	0.0896	0.0947	0.1083	0.1083	0.0911	0.0876	0.0877	0.0871	0.0893	0.0984	0.1071	0.1084	0.0931	0.0869	0.0871	0.0877	0.0886	0.0958	0.1040	0.1095	0.0887	0.0872	0.0867	0.0879	0.0884	0.0973	0.0997	0.1040	0.0893	0.0866	0.0879	0.0871	0.0885	0.0993	0.1022	0.1042	
0.1317	0.1088	0.1062	0.1004	0.0967	0.1044	0.1183	0.1214	0.1143	0.0983	0.1004	0.0933	0.0921	0.1001	0.1155	0.1211	0.1061	0.0901	0.0904	0.0896	0.0897	0.0986	0.1131	0.1256	0.0988	0.0890	0.0878	0.0883	0.0898	0.0948	0.1088	0.1079	0.0928	0.0879	0.0879	0.0875	0.0904	0.0983	0.1077	0.1142	0.0947	0.0869	0.0874	0.0883	0.0882	0.0968	0.1040	0.1096	0.0887	0.0882	0.0880	0.0906	0.0890	0.0966	0.1002	0.1040	0.0907	0.0865	0.0883	0.0877	0.0892	0.0981	0.1025	0.1056	
0.1351	0.1100	0.1067	0.1002	0.0968	0.1002	0.1198	0.1224	0.1163	0.0990	0.0969	0.0954	0.0926	0.1004	0.1154	0.1203	0.1088	0.0908	0.0908	0.0892	0.0900	0.0991	0.1123	0.1283	0.0993	0.0907	0.0880	0.0874	0.0896	0.0952	0.1076	0.1080	0.0932	0.0878	0.0877	0.0875	0.0895	0.0980	0.1079	0.1085	0.0945	0.0867	0.0873	0.0886	0.0892	0.0974	0.1043	0.1098	0.0891	0.0877	0.0876	0.0891	0.0890	0.0968	0.1004	0.1038	0.0900	0.0865	0.0878	0.0877	0.0888	0.0984	0.1012	0.1049	
0.1386	0.1120	0.1079	0.1010	0.0971	0.1042	0.1147	0.1219	0.1183	0.1001	0.0981	0.0946	0.0922	0.0996	0.1147	0.1197	0.1091	0.0904	0.0905	0.0888	0.0891	0.0976	0.1116	0.1245	0.0999	0.0898	0.0872	0.0865	0.0890	0.0947	0.1073	0.1076	0.0932	0.0876	0.0870	0.0868	0.0891	0.0972	0.1060	0.1076	0.0946	0.0866	0.0865	0.0869	0.0874	0.0955	0.1041	0.1089	0.0892	0.0876	0.0864	0.0868	0.0878	0.0956	0.0994	0.1031	0.0897	0.0870	0.0870	0.0874	0.0885	0.0987	0.1008	0.1039	
0.1463	0.1151	0.1099	0.1029	0.0985	0.1046	0.1150	0.1219	0.1225	0.1015	0.0993	0.0946	0.0933	0.1004	0.1147	0.1193	0.1113	0.0911	0.0915	0.0896	0.0899	0.0987	0.1123	0.1252	0.1012	0.0929	0.0884	0.0869	0.0895	0.0951	0.1076	0.1082	0.0949	0.0880	0.0877	0.0874	0.0897	0.0972	0.1062	0.1074	0.0947	0.0871	0.0872	0.0882	0.0889	0.0959	0.1032	0.1091	0.0902	0.0877	0.0876	0.0880	0.0875	0.0964	0.0999	0.1034	0.0898	0.0874	0.0882	0.0877	0.0886	0.0972	0.1014	0.1041	
0.1526	0.1173	0.1126	0.1045	0.0985	0.1068	0.1196	0.1221	0.1263	0.1033	0.1005	0.0963	0.0932	0.1003	0.1149	0.1200	0.1144	0.0924	0.0911	0.0898	0.0909	0.0992	0.1114	0.1242	0.1022	0.0887	0.0882	0.0877	0.0891	0.0956	0.1070	0.1072	0.0961	0.0876	0.0873	0.0871	0.0892	0.0982	0.1057	0.1092	0.0955	0.0866	0.0870	0.0869	0.0883	0.0960	0.1032	0.1091	0.0896	0.0874	0.0871	0.0873	0.0880	0.0962	0.0993	0.1045	0.0890	0.0869	0.0878	0.0876	0.0878	0.0984	0.1014	0.1042	
0.1609	0.1208	0.1157	0.1048	0.0997	0.1044	0.1156	0.1220	0.1300	0.1042	0.1018	0.0960	0.0934	0.1008	0.1152	0.1200	0.1167	0.0916	0.0918	0.0898	0.0897	0.0981	0.1114	0.1238	0.1038	0.0884	0.0885	0.0869	0.0893	0.0952	0.1074	0.1066	0.0960	0.0879	0.0876	0.0874	0.0889	0.0972	0.1050	0.1074	0.0964	0.0869	0.0872	0.0879	0.0879	0.0964	0.1032	0.1084	0.0900	0.0874	0.0869	0.0884	0.0880	0.0967	0.0989	0.1036	0.0925	0.0865	0.0872	0.0877	0.0889	0.0985	0.1006	0.1028	
0.1693	0.1238	0.1177	0.1070	0.1003	0.1073	0.1179	0.1232	0.1351	0.1056	0.1021	0.0973	0.0937	0.1007	0.1149	0.1199	0.1213	0.0924	0.0919	0.0901	0.0894	0.0979	0.1118	0.1242	0.1051	0.0913	0.0885	0.0871	0.0894	0.0949	0.1069	0.1067	0.0971	0.0880	0.0872	0.0870	0.0884	0.0977	0.1050	0.1071	0.0982	0.0867	0.0871	0.0871	0.0882	0.0964	0.1032	0.1087	0.0899	0.0878	0.0873	0.0880	0.0872	0.0954	0.0991	0.1029	0.0899	0.0865	0.0881	0.0877	0.0878	0.0976	0.1013	0.1040	
0.1788	0.1278	0.1210	0.1086	0.1008	0.1092	0.1152	0.1233	0.1397	0.1079	0.1032	0.0973	0.0939	0.1007	0.1155	0.1201	0.1242	0.0928	0.0921	0.0902	0.0904	0.0984	0.1106	0.1241	0.1072	0.0894	0.0880	0.0870	0.0893	0.0948	0.1068	0.1074	0.0988	0.0880	0.0874	0.0872	0.0889	0.0970	0.1053	0.1070	0.0995	0.0870	0.0868	0.0874	0.0884	0.0954	0.1024	0.1084	0.0908	0.0877	0.0875	0.0872	0.0880	0.0961	0.0989	0.1033	0.0900	0.0866	0.0872	0.0877	0.0885	0.0981	0.1002	0.1034	
0.1898	0.1308	0.1237	0.1101	0.1017	0.1066	0.1166	0.1230	0.1463	0.1097	0.1053	0.0982	0.0946	0.1006	0.1153	0.1203	0.1285	0.0929	0.0924	0.0908	0.0899	0.0981	0.1108	0.1228	0.1087	0.0917	0.0885	0.0871	0.0891	0.0951	0.1064	0.1067	0.0984	0.0880	0.0872	0.0871	0.0893	0.0973	0.1055	0.1066	0.0992	0.0867	0.0871	0.0871	0.0881	0.0958	0.1028	0.1083	0.0910	0.0876	0.0873	0.0875	0.0883	0.0966	0.0990	0.1032	0.0928	0.0861	0.0871	0.0873	0.0881	0.0979	0.1004	0.1032	
0.2047	0.1362	0.1273	0.1121	0.1032	0.1084	0.1156	0.1235	0.1538	0.1118	0.1061	0.0987	0.0947	0.1011	0.1150	0.1196	0.1334	0.0937	0.0934	0.0910	0.0902	0.0983	0.1104	0.1234	0.1118	0.0889	0.0884	0.0872	0.0887	0.0946	0.1058	0.1066	0.1008	0.0884	0.0876	0.0872	0.0892	0.0978	0.1051	0.1063	0.1007	0.0870	0.0871	0.0878	0.0879	0.0959	0.1031	0.1076	0.0914	0.0873	0.0871	0.0868	0.0879	0.0968	0.0991	0.1033	0.0907	0.0862	0.0868	0.0883	0.0881	0.0978	0.1002	0.1032	
0.2159	0.1406	0.1305	0.1145	0.1043	0.1097	0.1166	0.1246	0.1596	0.1145	0.1081	0.0997	0.0946	0.1014	0.1160	0.1201	0.1361	0.0944	0.0933	0.0904	0.0903	0.0981	0.1101	0.1248	0.1121	0.0884	0.0886	0.0871	0.0891	0.0946	0.1064	0.1071	0.1023	0.0887	0.0877	0.0871	0.0884	0.0975	0.1051	0.1063	0.1028	0.0870	0.0869	0.0876	0.0878	0.0958	0.1028	0.1080	0.0912	0.0876	0.0871	0.0886	0.0877	0.0967	0.0988	0.1031	0.0925	0.0860	0.0869	0.0875	0.0885	0.0978	0.1009	0.1028	
0.2328	0.1458	0.1353	0.1167	0.1048	0.1086	0.1176	0.1249	0.1657	0.1171	0.1099	0.1012	0.0955	0.1010	0.1157	0.1199	0.1402	0.0945	0.0936	0.0910	0.0901	0.0978	0.1099	0.1218	0.1155	0.0918	0.0886	0.0868	0.0888	0.0942	0.1059	0.1061	0.1041	0.0883	0.0869	0.0869	0.0886	0.0973	0.1049	0.1053	0.1033	0.0867	0.0870	0.0870	0.0877	0.0950	0.1026	0.1075	0.0915	0.0867	0.0869	0.0888	0.0890	0.0962	0.0994	0.1026	0.0904	0.0859	0.0866	0.0875	0.0877	0.0980	0.1003	0.1030	
0.2488	0.1524	0.1397	0.1200	0.1065	0.1097	0.1182	0.1254	0.1748	0.1198	0.1120	0.1021	0.0957	0.1011	0.1160	0.1199	0.1471	0.0955	0.0946	0.0915	0.0904	0.0985	0.1105	0.1248	0.1181	0.0887	0.0884	0.0872	0.0889	0.0948	0.1056	0.1054	0.1043	0.0885	0.0876	0.0869	0.0893	0.0971	0.1047	0.1061	0.1053	0.0874	0.0870	0.0876	0.0881	0.0950	0.1029	0.1074	0.0926	0.0870	0.0871	0.0883	0.0877	0.0953	0.0982	0.1026	0.0912	0.0864	0.0874	0.0872	0.0878	0.0974	0.1002	0.1025	
0.2657	0.1593	0.1449	0.1228	0.1079	0.1121	0.1215	0.1257	0.1855	0.1227	0.1138	0.1037	0.0964	0.1015	0.1153	0.1206	0.1538	0.0965	0.0958	0.0920	0.0909	0.0980	0.1105	0.1212	0.1216	0.0922	0.0893	0.0875	0.0894	0.0946	0.1064	0.1059	0.1067	0.0885	0.0878	0.0873	0.0889	0.0979	0.1045	0.1060	0.1067	0.0871	0.0875	0.0871	0.0880	0.0949	0.1027	0.1073	0.0932	0.0871	0.0872	0.0881	0.0878	0.0958	0.0983	0.1025	0.0910	0.0863	0.0872	0.0882	0.0876	0.0981	0.1001	0.1031	
0.2901	0.1657	0.1494	0.1257	0.1097	0.1125	0.1235	0.1261	0.1944	0.1260	0.1171	0.1054	0.0966	0.1017	0.1159	0.1206	0.1596	0.0968	0.0956	0.0922	0.0908	0.0981	0.1095	0.1215	0.1229	0.0907	0.0890	0.0872	0.0889	0.0948	0.1060	0.1065	0.1083	0.0885	0.0875	0.0872	0.0888	0.0966	0.1043	0.1056	0.1087	0.0872	0.0871	0.0877	0.0878	0.0960	0.1022	0.1074	0.0935	0.0875	0.0868	0.0869	0.0882	0.0956	0.0988	0.1025	0.0914	0.0862	0.0869	0.0875	0.0879	0.0977	0.0998	0.1026	
0.3104	0.1741	0.1552	0.1297	0.1120	0.1114	0.1216	0.1263	0.2056	0.1297	0.1234	0.1059	0.0968	0.1024	0.1161	0.1200	0.1657	0.0982	0.0970	0.0930	0.0907	0.0984	0.1092	0.1223	0.1278	0.0922	0.0894	0.0875	0.0891	0.0945	0.1064	0.1057	0.1107	0.0892	0.0877	0.0877	0.0895	0.0981	0.1045	0.1063	0.1106	0.0873	0.0873	0.0875	0.0881	0.0961	0.1026	0.1074	0.0947	0.0877	0.0874	0.0883	0.0879	0.0961	0.0989	0.1024	0.0916	0.0869	0.0873	0.0877	0.0878	0.0977	0.1005	0.1024	
0.3335	0.1842	0.1619	0.1328	0.1135	0.1123	0.1215	0.1283	0.2179	0.1341	0.1218	0.1085	0.0980	0.1026	0.1161	0.1204	0.1720	0.0985	0.0971	0.0927	0.0911	0.0990	0.1094	0.1216	0.1303	0.0895	0.0899	0.0876	0.0895	0.0954	0.1059	0.1060	0.1126	0.0887	0.0877	0.0878	0.0891	0.0967	0.1048	0.1061	0.1128	0.0874	0.0871	0.0876	0.0879	0.0956	0.1027	0.1074	0.0957	0.0871	0.0875	0.0876	0.0880	0.0954	0.0988	0.1025	0.0923	0.0866	0.0870	0.0876	0.0884	0.0987	0.0999	0.1023	
0.3631	0.1918	0.1699	0.1370	0.1154	0.1166	0.1230	0.1274	0.2315	0.1377	0.1255	0.1092	0.0985	0.1028	0.1162	0.1208	0.1806	0.0994	0.0981	0.0939	0.0913	0.0992	0.1093	0.1214	0.1341	0.0899	0.0901	0.0876	0.0894	0.0944	0.1053	0.1058	0.1153	0.0888	0.0880	0.0875	0.0888	0.0971	0.1044	0.1090	0.1142	0.0872	0.0874	0.0878	0.0882	0.0955	0.1022	0.1074	0.0962	0.0874	0.0870	0.0900	0.0878	0.0957	0.0987	0.1024	0.0918	0.0865	0.0871	0.0874	0.0879	0.0984	0.0998	0.1029	
0.3856	0.2022	0.1771	0.1421	0.1173	0.1167	0.1244	0.1285	0.2439	0.1409	0.1284	0.1105	0.0994	0.1033	0.1166	0.1208	0.1919	0.1004	0.0991	0.0936	0.0914	0.0988	0.1092	0.1208	0.1396	0.0901	0.0900	0.0878	0.0888	0.0947	0.1057	0.1057	0.1162	0.0888	0.0880	0.0876	0.0893	0.0967	0.1046	0.1061	0.1168	0.0874	0.0877	0.0875	0.0887	0.0957	0.1023	0.1078	0.0961	0.0878	0.0870	0.0880	0.0879	0.0955	0.0990	0.1018	0.0924	0.0862	0.0873	0.0876	0.0885	0.0979	0.0997	0.1028	
0.4163	0.2154	0.1855	0.1462	0.1201	0.1191	0.1279	0.1295	0.2583	0.1472	0.1309	0.1128	0.0999	0.1037	0.1177	0.1210	0.2011	0.1016	0.0997	0.0950	0.0917	0.0990	0.1095	0.1207	0.1403	0.0917	0.0905	0.0883	0.0896	0.0949	0.1057	0.1055	0.1209	0.0896	0.0881	0.0879	0.0893	0.0972	0.1043	0.1056	0.1190	0.0877	0.0879	0.0877	0.0886	0.0951	0.1028	0.1068	0.0973	0.0872	0.0879	0.0902	0.0877	0.0956	0.0985	0.1026	0.0930	0.0867	0.0872	0.0882	0.0883	0.0994	0.1003	0.1026	
0.4454	0.2280	0.1945	0.1511	0.1220	0.1204	0.1278	0.1292	0.2744	0.1523	0.1345	0.1149	0.1004	0.1041	0.1170	0.1213	0.2123	0.1026	0.1009	0.0948	0.0918	0.0986	0.1086	0.1204	0.1472	0.0904	0.0904	0.0885	0.0890	0.0946	0.1058	0.1056	0.1217	0.0895	0.0881	0.0878	0.0888	0.0978	0.1052	0.1058	0.1219	0.0877	0.0875	0.0879	0.0883	0.0955	0.1024	0.1067	0.0982	0.0874	0.0875	0.0885	0.0882	0.0960	0.0988	0.1019	0.0934	0.0863	0.0874	0.0874	0.0882	0.0985	0.1005	0.1032	
0.4742	0.2412	0.2046	0.1577	0.1244	0.1223	0.1239	0.1314	0.2902	0.1579	0.1383	0.1170	0.1010	0.1038	0.1175	0.1217	0.2217	0.1038	0.1015	0.0957	0.0920	0.0987	0.1086	0.1221	0.1508	0.0910	0.0903	0.0877	0.0891	0.0947	0.1051	0.1049	0.1246	0.0894	0.0880	0.0875	0.0888	0.0971	0.1037	0.1054	0.1249	0.0878	0.0876	0.0871	0.0880	0.0953	0.1023	0.1072	0.0986	0.0871	0.0869	0.0879	0.0874	0.0955	0.0988	0.1016	0.0932	0.0864	0.0873	0.0876	0.0881	0.0970	0.0998	0.1021	
0.5041	0.2583	0.2177	0.1651	0.1288	0.1199	0.1261	0.1322	0.3068	0.1635	0.1428	0.1196	0.1025	0.1050	0.1178	0.1218	0.2338	0.1051	0.1029	0.0959	0.0922	0.0988	0.1089	0.1199	0.1552	0.0910	0.0912	0.0884	0.0897	0.0943	0.1057	0.1054	0.1283	0.0897	0.0885	0.0878	0.0895	0.0973	0.1041	0.1075	0.1287	0.0880	0.0879	0.0875	0.0883	0.0957	0.1026	0.1063	0.0995	0.0874	0.0873	0.0885	0.0880	0.0957	0.0986	0.1020	0.0933	0.0861	0.0871	0.0883	0.0881	0.0974	0.0997	0.1033	
0.5352	0.2742	0.2285	0.1707	0.1314	0.1249	0.1276	0.1324	0.3272	0.1721	0.1504	0.1204	0.1036	0.1053	0.1180	0.1216	0.2469	0.1069	0.1037	0.0973	0.0923	0.0991	0.1088	0.1193	0.1631	0.0917	0.0906	0.0884	0.0892	0.0944	0.1050	0.1048	0.1322	0.0900	0.0884	0.0878	0.0894	0.0977	0.1040	0.1053	0.1318	0.0877	0.0879	0.0877	0.0884	0.0962	0.1020	0.1064	0.1005	0.0872	0.0868	0.0886	0.0875	0.0957	0.0982	0.1018	0.0937	0.0864	0.0872	0.0875	0.0880	0.0985	0.1000	0.1019	
0.5681	0.2922	0.2431	0.1781	0.1347	0.1261	0.1281	0.1338	0.3463	0.1783	0.1533	0.1251	0.1042	0.1060	0.1189	0.1227	0.2573	0.1083	0.1043	0.0975	0.0930	0.0991	0.1087	0.1190	0.1667	0.0919	0.0915	0.0887	0.0896	0.0944	0.1050	0.1053	0.1342	0.0900	0.0884	0.0880	0.0891	0.0971	0.1068	0.1052	0.1364	0.0883	0.0876	0.0880	0.0882	0.0961	0.1022	0.1065	0.1021	0.0876	0.0872	0.0888	0.0879	0.0957	0.0985	0.1016	0.0944	0.0864	0.0870	0.0883	0.0882	0.0984	0.0998	0.1025	
0.5972	0.3135	0.2551	0.1866	0.1384	0.1290	0.1331	0.1342	0.3646	0.1869	0.1579	0.1262	0.1057	0.1059	0.1191	0.1220	0.2691	0.1103	0.1063	0.0979	0.0928	0.0985	0.1081	0.1196	0.1716	0.0920	0.0915	0.0884	0.0895	0.0949	0.1047	0.1046	0.1388	0.0902	0.0886	0.0878	0.0890	0.0972	0.1043	0.1054	0.1392	0.0882	0.0876	0.0877	0.0882	0.0956	0.1019	0.1062	0.1020	0.0870	0.0868	0.0888	0.0873	0.0955	0.0980	0.1017	0.0942	0.0862	0.0872	0.0877	0.0883	0.0979	0.0996	0.1022	
0.6245	0.3320	0.2707	0.1963	0.1422	0.1301	0.1302	0.1345	0.3859	0.1955	0.1642	0.1297	0.1065	0.1070	0.1189	0.1230	0.2747	0.1113	0.1087	0.0988	0.0931	0.0989	0.1081	0.1187	0.1781	0.0925	0.0917	0.0887	0.0895	0.0945	0.1051	0.1055	0.1414	0.0904	0.0889	0.0881	0.0883	0.0971	0.1039	0.1053	0.1437	0.0887	0.0880	0.0881	0.0882	0.0952	0.1020	0.1064	0.1034	0.0874	0.0875	0.0879	0.0879	0.0961	0.0979	0.1020	0.0941	0.0865	0.0873	0.0876	0.0879	0.0987	0.0998	0.1023	
0.6522	0.3592	0.2899	0.2069	0.1476	0.1347	0.1337	0.1367	0.4120	0.2034	0.1692	0.1326	0.1077	0.1076	0.1199	0.1237	0.2936	0.1138	0.1099	0.0996	0.0937	0.0994	0.1083	0.1207	0.1845	0.0931	0.0922	0.0894	0.0900	0.0950	0.1052	0.1052	0.1470	0.0908	0.0892	0.0880	0.0891	0.0969	0.1070	0.1052	0.1479	0.0883	0.0880	0.0878	0.0884	0.0950	0.1019	0.1066	0.1048	0.0874	0.0880	0.0878	0.0880	0.0958	0.0986	0.1020	0.0954	0.0867	0.0873	0.0874	0.0892	0.0984	0.0994	0.1026	
0.6762	0.3792	0.3079	0.2171	0.1511	0.1356	0.1358	0.1380	0.4310	0.2134	0.1751	0.1373	0.1093	0.1081	0.1208	0.1240	0.3001	0.1158	0.1108	0.0999	0.0941	0.0993	0.1085	0.1196	0.1909	0.0933	0.0931	0.0891	0.0896	0.0950	0.1048	0.1046	0.1496	0.0909	0.0885	0.0881	0.0889	0.0967	0.1034	0.1050	0.1526	0.0883	0.0882	0.0878	0.0882	0.0958	0.1017	0.1057	0.1052	0.0876	0.0875	0.0877	0.0878	0.0954	0.0988	0.1018	0.0956	0.0868	0.0869	0.0876	0.0882	0.0980	0.0995	0.1024	
0.7062	0.4065	0.3262	0.2290	0.1560	0.1393	0.1353	0.1394	0.4549	0.2252	0.1828	0.1396	0.1103	0.1093	0.1213	0.1244	0.3254	0.1174	0.1135	0.1019	0.0939	0.0995	0.1085	0.1216	0.1972	0.0945	0.0930	0.0901	0.0900	0.0951	0.1053	0.1050	0.1550	0.0920	0.0895	0.0890	0.0895	0.0976	0.1041	0.1051	0.1556	0.0890	0.0885	0.0885	0.0893	0.0954	0.1024	0.1059	0.1072	0.0871	0.0881	0.0872	0.0881	0.0956	0.0981	0.1022	0.0956	0.0859	0.0869	0.0878	0.0884	0.0987	0.0993	0.1023	
0.7240	0.4327	0.3485	0.2397	0.1633	0.1418	0.1422	0.1411	0.4793	0.2349	0.1896	0.1444	0.1112	0.1103	0.1217	0.1240	0.3408	0.1205	0.1144	0.1022	0.0941	0.0993	0.1084	0.1196	0.2040	0.0948	0.0931	0.0892	0.0895	0.0949	0.1052	0.1049	0.1578	0.0910	0.0886	0.0883	0.0889	0.0969	0.1038	0.1047	0.1622	0.0890	0.0883	0.0884	0.0879	0.0956	0.1021	0.1062	0.1082	0.0868	0.0873	0.0886	0.0876	0.0958	0.0983	0.1012	0.0955	0.0863	0.0870	0.0882	0.0879	0.0984	0.0990	0.1022	
0.7391	0.4603	0.3702	0.2549	0.1683	0.1439	0.1436	0.1425	0.5044	0.2478	0.1962	0.1488	0.1137	0.1110	0.1223	0.1251	0.3567	0.1227	0.1161	0.1039	0.0944	0.0993	0.1086	0.1194	0.2113	0.0946	0.0943	0.0905	0.0903	0.0943	0.1051	0.1042	0.1621	0.0920	0.0888	0.0884	0.0889	0.0967	0.1037	0.1045	0.1668	0.0893	0.0885	0.0882	0.0882	0.0957	0.1018	0.1059	0.1081	0.0874	0.0874	0.0881	0.0877	0.0958	0.0982	0.1011	0.0965	0.0880	0.0866	0.0876	0.0881	0.0978	0.0992	0.1016	
0.7508	0.4920	0.3944	0.2689	0.1752	0.1485	0.1430	0.1434	0.5285	0.2590	0.2044	0.1523	0.1154	0.1115	0.1227	0.1250	0.3691	0.1246	0.1179	0.1048	0.0947	0.0994	0.1080	0.1182	0.2191	0.0955	0.0941	0.0896	0.0898	0.0944	0.1049	0.1046	0.1683	0.0918	0.0892	0.0881	0.0888	0.0969	0.1036	0.1044	0.1741	0.0893	0.0885	0.0882	0.0878	0.0958	0.1017	0.1059	0.1107	0.0867	0.0874	0.0887	0.0874	0.0952	0.0981	0.1013	0.0966	0.0861	0.0865	0.0871	0.0885	0.0975	0.0991	0.1015	
0.7600	0.5227	0.4177	0.2873	0.1826	0.1531	0.1436	0.1469	0.5520	0.2691	0.2148	0.1576	0.1181	0.1142	0.1231	0.1265	0.3908	0.1281	0.1215	0.1058	0.0950	0.0995	0.1084	0.1192	0.2258	0.0963	0.0957	0.0903	0.0915	0.0963	0.1046	0.1041	0.1720	0.0926	0.0891	0.0884	0.0889	0.0968	0.1039	0.1042	0.1815	0.0888	0.0887	0.0879	0.0885	0.0948	0.1014	0.1059	0.1116	0.0873	0.0868	0.0901	0.0873	0.0953	0.0980	0.1010	0.0969	0.0863	0.0869	0.0873	0.0881	0.0984	0.0991	0.1020	
0.7561	0.5499	0.4403	0.3012	0.1895	0.1519	0.1480	0.1464	0.5691	0.2854	0.2223	0.1620	0.1189	0.1139	0.1238	0.1269	0.4053	0.1306	0.1229	0.1075	0.0951	0.0997	0.1075	0.1181	0.2317	0.0969	0.0957	0.0903	0.0897	0.0949	0.1048	0.1046	0.1783	0.0928	0.0891	0.0885	0.0893	0.0970	0.1029	0.1051	0.1869	0.0894	0.0888	0.0885	0.0880	0.0954	0.1016	0.1055	0.1114	0.0871	0.0867	0.0888	0.0877	0.0949	0.0983	0.1011	0.0976	0.0872	0.0870	0.0871	0.0887	0.0972	0.0992	0.1023	
0.7560	0.5810	0.4707	0.3196	0.1975	0.1614	0.1499	0.1498	0.5903	0.3007	0.2333	0.1670	0.1206	0.1151	0.1246	0.1278	0.4212	0.1340	0.1272	0.1085	0.0962	0.1000	0.1085	0.1196	0.2383	0.0973	0.0961	0.0901	0.0899	0.0952	0.1048	0.1040	0.1829	0.0935	0.0895	0.0889	0.0892	0.0962	0.1038	0.1054	0.1944	0.0897	0.0889	0.0885	0.0889	0.0951	0.1022	0.1056	0.1144	0.0878	0.0882	0.0900	0.0879	0.0952	0.0985	0.1016	0.0984	0.0873	0.0877	0.0876	0.0884	0.0980	0.0991	0.1021	
0.7612	0.6134	0.4934	0.3376	0.2060	0.1635	0.1545	0.1524	0.6137	0.3167	0.2437	0.1735	0.1236	0.1159	0.1251	0.1284	0.4385	0.1372	0.1293	0.1105	0.0967	0.1002	0.1085	0.1195	0.2467	0.0985	0.0971	0.0907	0.0903	0.0949	0.1050	0.1040	0.1860	0.0947	0.0899	0.0894	0.0890	0.0971	0.1037	0.1051	0.2029	0.0897	0.0896	0.0885	0.0886	0.0958	0.1014	0.1055	0.1153	0.0874	0.0885	0.0895	0.0881	0.0955	0.0992	0.1009	0.1001	0.0863	0.0872	0.0880	0.0881	0.0989	0.0991	0.1021	
0.7659	0.6446	0.5246	0.3617	0.2178	0.1688	0.1605	0.1573	0.6377	0.3332	0.2546	0.1809	0.1259	0.1166	0.1269	0.1290	0.4460	0.1402	0.1323	0.1121	0.0977	0.1005	0.1077	0.1187	0.2531	0.0983	0.0967	0.0909	0.0894	0.0959	0.1049	0.1043	0.1951	0.0946	0.0893	0.0889	0.0886	0.0964	0.1029	0.1051	0.2090	0.0902	0.0890	0.0883	0.0886	0.0960	0.1013	0.1052	0.1167	0.0864	0.0870	0.0882	0.0874	0.0956	0.0981	0.1017	0.0998	0.0872	0.0860	0.0876	0.0877	0.0982	0.0991	0.1015	
0.7620	0.6725	0.5541	0.3832	0.2294	0.1782	0.1628	0.1601	0.6629	0.3502	0.2649	0.1878	0.1285	0.1190	0.1283	0.1308	0.4679	0.1459	0.1353	0.1143	0.0978	0.1010	0.1082	0.1193	0.2628	0.1001	0.0978	0.0913	0.0901	0.0951	0.1051	0.1042	0.2001	0.0949	0.0900	0.0894	0.0891	0.0969	0.1037	0.1045	0.2147	0.0905	0.0894	0.0894	0.0887	0.0948	0.1019	0.1053	0.1173	0.0876	0.0870	0.0880	0.0880	0.0952	0.0980	0.1014	0.1000	0.0860	0.0867	0.0889	0.0885	0.0979	0.0989	0.1017	
0.7692	0.6979	0.5776	0.4071	0.2374	0.1813	0.1612	0.1632	0.6836	0.3668	0.2769	0.1948	0.1317	0.1199	0.1288	0.1319	0.4857	0.1491	0.1383	0.1157	0.0982	0.1015	0.1090	0.1185	0.2733	0.1012	0.0990	0.0912	0.0905	0.0948	0.1048	0.1045	0.2033	0.0958	0.0903	0.0893	0.0892	0.0968	0.1035	0.1045	0.2228	0.0904	0.0901	0.0889	0.0889	0.0955	0.1013	0.1062	0.1200	0.0876	0.0874	0.0882	0.0881	0.0955	0.0982	0.1014	0.1011	0.0865	0.0873	0.0883	0.0884	0.0980	0.0995	0.1016	
0.7703	0.7358	0.6111	0.4319	0.2522	0.1917	0.1644	0.1651	0.6967	0.3863	0.2906	0.2032	0.1350	0.1224	0.1312	0.1332	0.5041	0.1535	0.1416	0.1177	0.0996	0.1016	0.1093	0.1195	0.2781	0.1030	0.1001	0.0923	0.0909	0.0952	0.1054	0.1042	0.2061	0.0963	0.0907	0.0898	0.0893	0.0972	0.1039	0.1047	0.2331	0.0910	0.0901	0.0892	0.0892	0.0956	0.1021	0.1057	0.1216	0.0874	0.0875	0.0895	0.0877	0.0953	0.0983	0.1014	0.1009	0.0866	0.0871	0.0878	0.0881	0.0981	0.0991	0.1017	
0.7700	0.7598	0.6366	0.4549	0.2629	0.1957	0.1706	0.1696	0.6973	0.4050	0.3028	0.2099	0.1372	0.1231	0.1315	0.1341	0.5090	0.1576	0.1447	0.1198	0.0988	0.1016	0.1088	0.1183	0.2842	0.1034	0.1006	0.0928	0.0908	0.0948	0.1049	0.1042	0.2157	0.0968	0.0907	0.0893	0.0890	0.0970	0.1038	0.1041	0.2370	0.0910	0.0905	0.0887	0.0893	0.0953	0.1013	0.1055	0.1233	0.0873	0.0880	0.0884	0.0880	0.0961	0.0985	0.1009	0.1016	0.0863	0.0873	0.0876	0.0885	0.0980	0.0992	0.1018	
0.7802	0.7820	0.6653	0.4837	0.2803	0.2045	0.1751	0.1746	0.6977	0.4202	0.3171	0.2186	0.1406	0.1246	0.1334	0.1350	0.5359	0.1644	0.1498	0.1225	0.0997	0.1017	0.1090	0.1202	0.2937	0.1057	0.1019	0.0926	0.0907	0.0951	0.1050	0.1041	0.2169	0.0971	0.0910	0.0903	0.0893	0.0970	0.1039	0.1050	0.2436	0.0917	0.0913	0.0894	0.0887	0.0960	0.1014	0.1060	0.1243	0.0872	0.0881	0.0911	0.0886	0.0962	0.0978	0.1010	0.1010	0.0864	0.0874	0.0879	0.0887	0.0978	0.0998	0.1018	
0.7794	0.7904	0.6920	0.5130	0.2933	0.2117	0.1802	0.1776	0.6990	0.4404	0.3274	0.2267	0.1435	0.1266	0.1341	0.1362	0.5474	0.1680	0.1549	0.1250	0.1006	0.1020	0.1092	0.1189	0.3010	0.1097	0.1022	0.0929	0.0908	0.0946	0.1049	0.1041	0.2252	0.0973	0.0911	0.0897	0.0892	0.0966	0.1034	0.1039	0.2536	0.0915	0.0901	0.0891	0.0887	0.0955	0.1015	0.1056	0.1254	0.0873	0.0874	0.0879	0.0882	0.0952	0.0977	0.1011	0.1020	0.0863	0.0872	0.0881	0.0888	0.0988	0.0988	0.1018	
0.7810	0.7954	0.7237	0.5412	0.3098	0.2218	0.1850	0.1818	0.7022	0.4601	0.3434	0.2377	0.1491	0.1293	0.1368	0.1378	0.5519	0.1746	0.1595	0.1287	0.1049	0.1032	0.1096	0.1200	0.3097	0.1071	0.1037	0.0939	0.0913	0.0956	0.1055	0.1043	0.2304	0.0988	0.0915	0.0902	0.0896	0.0975	0.1040	0.1048	0.2646	0.0922	0.0909	0.0895	0.0890	0.0953	0.1016	0.1056	0.1270	0.0877	0.0879	0.0884	0.0882	0.0957	0.0984	0.1015	0.1030	0.0867	0.0871	0.0880	0.0888	0.0988	0.0989	0.1019	
0.7860	0.7964	0.7494	0.5703	0.3293	0.2301	0.1933	0.1877	0.7033	0.4821	0.3614	0.2485	0.1539	0.1313	0.1369	0.1392	0.5767	0.1825	0.1645	0.1313	0.1027	0.1029	0.1097	0.1208	0.3167	0.1074	0.1050	0.0946	0.0911	0.0950	0.1053	0.1041	0.2377	0.0995	0.0913	0.0902	0.0897	0.0971	0.1035	0.1042	0.2768	0.0924	0.0909	0.0896	0.0888	0.0952	0.1013	0.1054	0.1278	0.0874	0.0875	0.0876	0.0877	0.0956	0.0978	0.1011	0.1032	0.0862	0.0870	0.0880	0.0877	0.0976	0.0990	0.1021	
