0.0908	0.0900	0.0905	0.0892	0.0904	0.0918	0.0905	0.0900	0.0906	0.0898	0.0909	0.0908	0.0899	0.0914	0.0932	0.0912	0.0898	0.0904	0.0898	0.0900	0.0899	0.0906	0.0906	0.0908	0.0962	0.0927	0.0909	0.0945	0.0918	0.0940	0.0959	0.0999	0.1144	0.1159	0.1012	0.1053	0.1192	0.1007	0.1019	0.1046	0.1178	0.1290	0.1318	0.1284	0.1468	0.1193	0.1365	0.1349	0.1985	0.1720	0.1201	0.1306	0.1240	0.1238	0.1087	0.1176	0.1534	0.1551	0.1361	0.1305	0.1241	0.1220	0.1383	0.1240	
0.0915	0.0899	0.0905	0.0896	0.0898	0.0916	0.0897	0.0894	0.0902	0.0902	0.0903	0.0905	0.0898	0.0910	0.0900	0.0905	0.0894	0.0894	0.0900	0.0894	0.0900	0.0903	0.0895	0.0906	0.0912	0.0902	0.0898	0.0904	0.0898	0.0906	0.0900	0.0900	0.0898	0.0905	0.0902	0.0891	0.0898	0.0901	0.0900	0.0902	0.0896	0.0906	0.0907	0.0906	0.0913	0.0911	0.0906	0.0895	0.0951	0.0937	0.0987	0.0975	0.0958	0.0916	0.0927	0.0963	0.1165	0.1176	0.1175	0.1102	0.1116	0.1216	0.1067	0.1159	
0.0916	0.0892	0.0897	0.0889	0.0898	0.0912	0.0891	0.0891	0.0903	0.0890	0.0897	0.0904	0.0889	0.0898	0.0895	0.0903	0.0883	0.0893	0.0898	0.0891	0.0889	0.0896	0.0890	0.0901	0.0902	0.0901	0.0894	0.0899	0.0895	0.0904	0.0895	0.0898	0.0895	0.0902	0.0896	0.0893	0.0892	0.0902	0.0895	0.0897	0.0891	0.0899	0.0903	0.0895	0.0896	0.0904	0.0896	0.0888	0.0904	0.0905	0.0921	0.0909	0.0960	0.0897	0.0909	0.0896	0.1001	0.1052	0.0999	0.1053	0.1004	0.1111	0.0983	0.0993	
0.0913	0.0891	0.0896	0.0882	0.0891	0.0906	0.0891	0.0892	0.0897	0.0891	0.0894	0.0895	0.0894	0.0905	0.0894	0.0900	0.0882	0.0892	0.0893	0.0887	0.0887	0.0895	0.0892	0.0901	0.0902	0.0891	0.0893	0.0898	0.0890	0.0899	0.0894	0.0891	0.0895	0.0900	0.0892	0.0881	0.0890	0.0897	0.0894	0.0893	0.0889	0.0901	0.0902	0.0890	0.0896	0.0900	0.0887	0.0891	0.0894	0.0900	0.0904	0.0902	0.0900	0.0894	0.0897	0.0902	0.0986	0.1016	0.1013	0.0971	0.0981	0.1110	0.0939	0.1020	
0.0910	0.0899	0.0900	0.0891	0.0901	0.0913	0.0895	0.0894	0.0901	0.0895	0.0897	0.0901	0.0897	0.0905	0.0897	0.0900	0.0883	0.0888	0.0903	0.0892	0.0891	0.0899	0.0897	0.0904	0.0907	0.0902	0.0892	0.0896	0.0893	0.0900	0.0900	0.0893	0.0894	0.0903	0.0896	0.0892	0.0895	0.0905	0.0898	0.0899	0.0899	0.0903	0.0905	0.0896	0.0901	0.0900	0.0893	0.0892	0.0890	0.0898	0.0906	0.0902	0.0912	0.0894	0.0904	0.0899	0.1011	0.1053	0.0987	0.0983	0.0957	0.1054	0.0976	0.0975	
0.0914	0.0904	0.0910	0.0903	0.0907	0.0922	0.0906	0.0903	0.0906	0.0898	0.0900	0.0906	0.0899	0.0914	0.0906	0.0910	0.0897	0.0903	0.0906	0.0896	0.0895	0.0910	0.0903	0.0912	0.0908	0.0908	0.0901	0.0908	0.0897	0.0911	0.0906	0.0903	0.0890	0.0905	0.0902	0.0886	0.0905	0.0909	0.0903	0.0897	0.0903	0.0904	0.0911	0.0895	0.0899	0.0912	0.0898	0.0904	0.0890	0.0907	0.0915	0.0911	0.0900	0.0902	0.0915	0.0903	0.0972	0.1021	0.1040	0.0953	0.0968	0.1029	0.0992	0.1009	
0.0908	0.0898	0.0904	0.0899	0.0898	0.0916	0.0903	0.0904	0.0907	0.0892	0.0900	0.0906	0.0897	0.0912	0.0906	0.0905	0.0893	0.0888	0.0902	0.0894	0.0893	0.0904	0.0898	0.0904	0.0910	0.0901	0.0903	0.0899	0.0894	0.0904	0.0901	0.0900	0.0895	0.0903	0.0902	0.0888	0.0900	0.0904	0.0893	0.0898	0.0896	0.0904	0.0902	0.0903	0.0903	0.0909	0.0899	0.0897	0.0886	0.0899	0.0908	0.0900	0.0890	0.0898	0.0904	0.0900	0.0958	0.1000	0.1016	0.0996	0.0973	0.1040	0.0945	0.0972	
0.0905	0.0898	0.0904	0.0898	0.0900	0.0918	0.0904	0.0897	0.0902	0.0896	0.0901	0.0901	0.0902	0.0910	0.0902	0.0911	0.0888	0.0888	0.0901	0.0891	0.0890	0.0906	0.0898	0.0901	0.0903	0.0905	0.0897	0.0903	0.0896	0.0907	0.0900	0.0898	0.0896	0.0901	0.0894	0.0891	0.0898	0.0900	0.0894	0.0898	0.0895	0.0899	0.0905	0.0901	0.0900	0.0901	0.0895	0.0903	0.0882	0.0891	0.0908	0.0897	0.0893	0.0895	0.0908	0.0893	0.0972	0.1000	0.1009	0.0955	0.0978	0.1047	0.0958	0.0968	
0.0911	0.0904	0.0907	0.0896	0.0906	0.0918	0.0903	0.0900	0.0907	0.0899	0.0899	0.0899	0.0902	0.0912	0.0904	0.0909	0.0888	0.0894	0.0894	0.0893	0.0894	0.0914	0.0904	0.0909	0.0906	0.0897	0.0896	0.0904	0.0901	0.0909	0.0902	0.0901	0.0899	0.0902	0.0897	0.0890	0.0901	0.0901	0.0896	0.0899	0.0902	0.0900	0.0905	0.0902	0.0897	0.0906	0.0900	0.0892	0.0885	0.0894	0.0900	0.0899	0.0888	0.0896	0.0906	0.0902	0.0940	0.1027	0.0977	0.0968	0.0984	0.1031	0.0917	0.0967	
0.0909	0.0900	0.0908	0.0901	0.0903	0.0922	0.0909	0.0905	0.0909	0.0900	0.0902	0.0905	0.0901	0.0920	0.0906	0.0907	0.0896	0.0897	0.0898	0.0895	0.0897	0.0911	0.0902	0.0910	0.0904	0.0894	0.0894	0.0905	0.0905	0.0923	0.0917	0.0911	0.0895	0.0905	0.0898	0.0891	0.0900	0.0906	0.0897	0.0902	0.0896	0.0901	0.0903	0.0898	0.0894	0.0907	0.0897	0.0894	0.0881	0.0896	0.0909	0.0902	0.0894	0.0903	0.0906	0.0902	0.0972	0.0990	0.0963	0.0950	0.0976	0.1095	0.0948	0.0955	
0.0912	0.0901	0.0904	0.0894	0.0902	0.0914	0.0907	0.0898	0.0903	0.0896	0.0901	0.0896	0.0895	0.0909	0.0899	0.0903	0.0885	0.0886	0.0897	0.0893	0.0894	0.0910	0.0902	0.0899	0.0901	0.0899	0.0896	0.0906	0.0896	0.0906	0.0902	0.0898	0.0890	0.0900	0.0896	0.0892	0.0893	0.0904	0.0892	0.0896	0.0893	0.0893	0.0898	0.0892	0.0889	0.0905	0.0895	0.0886	0.0884	0.0898	0.0903	0.0901	0.0893	0.0899	0.0904	0.0898	0.0961	0.0978	0.0987	0.0932	0.0956	0.1043	0.0908	0.0964	
0.0909	0.0900	0.0908	0.0904	0.0901	0.0915	0.0907	0.0903	0.0908	0.0897	0.0898	0.0907	0.0907	0.0915	0.0902	0.0903	0.0895	0.0892	0.0901	0.0891	0.0896	0.0909	0.0900	0.0905	0.0904	0.0896	0.0894	0.0903	0.0904	0.0910	0.0910	0.0899	0.0899	0.0902	0.0894	0.0897	0.0903	0.0903	0.0896	0.0900	0.0893	0.0900	0.0897	0.0900	0.0896	0.0905	0.0897	0.0901	0.0883	0.0893	0.0907	0.0892	0.0890	0.0899	0.0902	0.0895	0.0968	0.1005	0.1031	0.0951	0.1009	0.1061	0.0935	0.0970	
0.0918	0.0907	0.0914	0.0911	0.0910	0.0920	0.0910	0.0911	0.0910	0.0908	0.0909	0.0903	0.0908	0.0913	0.0907	0.0913	0.0895	0.0892	0.0907	0.0900	0.0896	0.0913	0.0902	0.0909	0.0913	0.0900	0.0903	0.0907	0.0897	0.0916	0.0908	0.0904	0.0903	0.0902	0.0897	0.0889	0.0907	0.0900	0.0899	0.0901	0.0896	0.0911	0.0900	0.0899	0.0903	0.0903	0.0898	0.0895	0.0886	0.0903	0.0908	0.0908	0.0902	0.0904	0.0908	0.0902	0.0974	0.0980	0.1001	0.0959	0.0946	0.1016	0.0950	0.0936	
0.0913	0.0903	0.0915	0.0909	0.0912	0.0922	0.0908	0.0909	0.0914	0.0901	0.0906	0.0910	0.0901	0.0914	0.0911	0.0910	0.0896	0.0897	0.0910	0.0902	0.0900	0.0913	0.0906	0.0904	0.0911	0.0898	0.0900	0.0903	0.0899	0.0908	0.0902	0.0903	0.0895	0.0900	0.0896	0.0897	0.0903	0.0907	0.0898	0.0906	0.0895	0.0903	0.0899	0.0903	0.0899	0.0904	0.0901	0.0894	0.0884	0.0898	0.0905	0.0901	0.0896	0.0902	0.0904	0.0901	0.0944	0.0991	0.0986	0.0962	0.0946	0.1073	0.0940	0.0960	
0.0916	0.0910	0.0914	0.0903	0.0912	0.0923	0.0909	0.0906	0.0911	0.0906	0.0907	0.0911	0.0913	0.0918	0.0909	0.0912	0.0900	0.0897	0.0902	0.0903	0.0897	0.0907	0.0909	0.0914	0.0915	0.0898	0.0900	0.0904	0.0903	0.0914	0.0902	0.0899	0.0910	0.0917	0.0901	0.0889	0.0906	0.0903	0.0895	0.0903	0.0898	0.0898	0.0904	0.0904	0.0905	0.0907	0.0900	0.0893	0.0885	0.0900	0.0904	0.0908	0.0898	0.0899	0.0905	0.0898	0.0933	0.0994	0.1013	0.0958	0.0976	0.1041	0.0931	0.0948	
0.0925	0.0914	0.0920	0.0913	0.0912	0.0929	0.0913	0.0906	0.0918	0.0907	0.0914	0.0907	0.0913	0.0920	0.0915	0.0912	0.0901	0.0898	0.0905	0.0904	0.0902	0.0913	0.0909	0.0908	0.0919	0.0909	0.0902	0.0908	0.0904	0.0910	0.0905	0.0900	0.0908	0.0909	0.0899	0.0898	0.0898	0.0910	0.0906	0.0908	0.0902	0.0904	0.0899	0.0907	0.0905	0.0911	0.0900	0.0893	0.0889	0.0899	0.0912	0.0908	0.0898	0.0907	0.0903	0.0902	0.0958	0.0998	0.1010	0.0944	0.0953	0.1007	0.0938	0.0961	
0.0925	0.0918	0.0918	0.0904	0.0915	0.0927	0.0910	0.0902	0.0920	0.0917	0.0913	0.0908	0.0911	0.0920	0.0908	0.0908	0.0899	0.0904	0.0909	0.0903	0.0904	0.0915	0.0902	0.0908	0.0916	0.0896	0.0905	0.0909	0.0904	0.0907	0.0907	0.0900	0.0904	0.0910	0.0896	0.0896	0.0903	0.0910	0.0910	0.0906	0.0903	0.0908	0.0901	0.0897	0.0899	0.0910	0.0900	0.0893	0.0889	0.0896	0.0913	0.0906	0.0894	0.0905	0.0910	0.0904	0.0968	0.0995	0.1033	0.0942	0.0954	0.1031	0.0920	0.0939	
0.0930	0.0918	0.0923	0.0914	0.0918	0.0927	0.0915	0.0910	0.0923	0.0918	0.0919	0.0917	0.0914	0.0922	0.0909	0.0912	0.0919	0.0909	0.0912	0.0910	0.0907	0.0915	0.0905	0.0916	0.0920	0.0904	0.0911	0.0912	0.0903	0.0915	0.0909	0.0901	0.0908	0.0908	0.0902	0.0893	0.0906	0.0913	0.0902	0.0910	0.0900	0.0905	0.0902	0.0901	0.0899	0.0904	0.0902	0.0897	0.0883	0.0907	0.0909	0.0902	0.0900	0.0905	0.0908	0.0902	0.0963	0.1003	0.0984	0.0947	0.0972	0.1010	0.0931	0.0958	
0.0938	0.0930	0.0926	0.0916	0.0924	0.0933	0.0920	0.0911	0.0931	0.0924	0.0924	0.0920	0.0919	0.0927	0.0911	0.0914	0.0913	0.0910	0.0921	0.0911	0.0902	0.0921	0.0906	0.0913	0.0922	0.0908	0.0915	0.0908	0.0909	0.0915	0.0911	0.0904	0.0906	0.0917	0.0905	0.0900	0.0913	0.0914	0.0907	0.0906	0.0906	0.0906	0.0906	0.0905	0.0902	0.0912	0.0900	0.0904	0.0889	0.0902	0.0910	0.0912	0.0900	0.0913	0.0911	0.0906	0.0959	0.1048	0.0974	0.0945	0.0953	0.1003	0.0921	0.0975	
0.0935	0.0924	0.0924	0.0915	0.0916	0.0924	0.0915	0.0903	0.0925	0.0920	0.0919	0.0911	0.0913	0.0917	0.0908	0.0909	0.0909	0.0905	0.0914	0.0904	0.0901	0.0907	0.0901	0.0908	0.0919	0.0905	0.0909	0.0903	0.0905	0.0904	0.0904	0.0899	0.0899	0.0913	0.0899	0.0892	0.0902	0.0904	0.0898	0.0900	0.0899	0.0903	0.0907	0.0897	0.0901	0.0904	0.0899	0.0897	0.0885	0.0895	0.0907	0.0901	0.0892	0.0901	0.0908	0.0893	0.0952	0.0987	0.1017	0.0937	0.0943	0.1010	0.0937	0.0928	
0.0951	0.0934	0.0944	0.0929	0.0925	0.0936	0.0915	0.0910	0.0941	0.0934	0.0934	0.0922	0.0921	0.0929	0.0918	0.0913	0.0918	0.0917	0.0925	0.0920	0.0908	0.0918	0.0910	0.0910	0.0924	0.0912	0.0918	0.0916	0.0913	0.0918	0.0907	0.0903	0.0916	0.0913	0.0909	0.0903	0.0912	0.0915	0.0926	0.0910	0.0908	0.0908	0.0906	0.0904	0.0900	0.0909	0.0904	0.0907	0.0888	0.0905	0.0912	0.0911	0.0899	0.0912	0.0911	0.0908	0.0971	0.0999	0.1000	0.0969	0.0978	0.1029	0.0935	0.0956	
0.0951	0.0945	0.0947	0.0926	0.0925	0.0936	0.0920	0.0911	0.0947	0.0939	0.0936	0.0927	0.0925	0.0927	0.0918	0.0918	0.0944	0.0919	0.0930	0.0919	0.0914	0.0920	0.0909	0.0912	0.0928	0.0918	0.0918	0.0917	0.0905	0.0924	0.0908	0.0905	0.0921	0.0935	0.0908	0.0898	0.0913	0.0915	0.0909	0.0908	0.0910	0.0911	0.0907	0.0904	0.0905	0.0911	0.0900	0.0903	0.0894	0.0909	0.0915	0.0913	0.0907	0.0912	0.0911	0.0906	0.0947	0.1008	0.0987	0.0938	0.0954	0.1046	0.0926	0.0948	
0.0959	0.0952	0.0942	0.0920	0.0913	0.0923	0.0913	0.0900	0.0946	0.0937	0.0932	0.0925	0.0919	0.0924	0.0910	0.0906	0.0920	0.0920	0.0926	0.0909	0.0901	0.0910	0.0906	0.0904	0.0927	0.0913	0.0913	0.0907	0.0900	0.0911	0.0905	0.0901	0.0908	0.0910	0.0903	0.0895	0.0899	0.0910	0.0902	0.0899	0.0905	0.0909	0.0900	0.0900	0.0905	0.0910	0.0898	0.0899	0.0888	0.0897	0.0898	0.0913	0.0896	0.0908	0.0908	0.0901	0.0937	0.0998	0.1028	0.0968	0.0934	0.1015	0.0924	0.0947	
0.0966	0.0963	0.0952	0.0927	0.0918	0.0930	0.0919	0.0907	0.0953	0.0948	0.0948	0.0932	0.0926	0.0937	0.0921	0.0908	0.0963	0.0930	0.0933	0.0923	0.0912	0.0914	0.0907	0.0906	0.0937	0.0925	0.0922	0.0913	0.0908	0.0921	0.0899	0.0902	0.0910	0.0919	0.0908	0.0900	0.0906	0.0909	0.0903	0.0901	0.0908	0.0914	0.0907	0.0904	0.0903	0.0915	0.0901	0.0905	0.0886	0.0905	0.0913	0.0910	0.0901	0.0909	0.0915	0.0906	0.0985	0.0990	0.0977	0.0950	0.0976	0.1032	0.0961	0.0950	
0.0980	0.0971	0.0966	0.0932	0.0926	0.0930	0.0923	0.0906	0.0963	0.0958	0.0954	0.0938	0.0930	0.0923	0.0915	0.0907	0.0935	0.0938	0.0938	0.0935	0.0915	0.0917	0.0910	0.0910	0.0944	0.0930	0.0925	0.0913	0.0905	0.0923	0.0911	0.0907	0.0925	0.0925	0.0916	0.0896	0.0907	0.0910	0.0901	0.0907	0.0914	0.0912	0.0913	0.0900	0.0902	0.0911	0.0917	0.0902	0.0891	0.0904	0.0910	0.0909	0.0902	0.0910	0.0912	0.0907	0.0977	0.1023	0.0982	0.0960	0.0975	0.1025	0.0932	0.0954	
0.0990	0.0979	0.0975	0.0930	0.0923	0.0930	0.0919	0.0904	0.0967	0.0958	0.0966	0.0944	0.0932	0.0924	0.0914	0.0918	0.0941	0.0935	0.0938	0.0926	0.0910	0.0918	0.0921	0.0914	0.0946	0.0933	0.0934	0.0920	0.0908	0.0921	0.0913	0.0903	0.0926	0.0930	0.0914	0.0898	0.0908	0.0916	0.0917	0.0910	0.0914	0.0913	0.0912	0.0905	0.0900	0.0907	0.0904	0.0899	0.0894	0.0905	0.0913	0.0907	0.0899	0.0909	0.0910	0.0907	0.0966	0.1002	0.1000	0.0947	0.0997	0.1021	0.0934	0.0965	
0.1006	0.0991	0.0981	0.0940	0.0928	0.0934	0.0916	0.0909	0.0984	0.0974	0.0977	0.0954	0.0936	0.0932	0.0919	0.0915	0.0954	0.0949	0.0948	0.0935	0.0920	0.0919	0.0911	0.0905	0.0957	0.0935	0.0942	0.0924	0.0912	0.0920	0.0916	0.0908	0.0922	0.0956	0.0915	0.0907	0.0911	0.0919	0.0922	0.0913	0.0920	0.0922	0.0908	0.0907	0.0903	0.0921	0.0910	0.0907	0.0900	0.0918	0.0924	0.0914	0.0906	0.0915	0.0919	0.0915	0.0975	0.1007	0.1010	0.0960	0.0954	0.1059	0.0955	0.0950	
0.1009	0.1001	0.0987	0.0934	0.0929	0.0926	0.0918	0.0906	0.0990	0.0985	0.0977	0.0953	0.0942	0.0927	0.0918	0.0907	0.0955	0.0951	0.0958	0.0935	0.0918	0.0915	0.0910	0.0908	0.0962	0.0937	0.0940	0.0923	0.0911	0.0913	0.0904	0.0902	0.0932	0.0927	0.0917	0.0901	0.0903	0.0913	0.0907	0.0906	0.0931	0.0916	0.0907	0.0906	0.0907	0.0911	0.0904	0.0899	0.0894	0.0910	0.0918	0.0914	0.0907	0.0903	0.0911	0.0905	0.0953	0.0982	0.1004	0.0943	0.0966	0.1009	0.0941	0.0971	
0.1030	0.1015	0.1002	0.0944	0.0925	0.0935	0.0918	0.0907	0.1006	0.0997	0.0994	0.0959	0.0939	0.0928	0.0919	0.0909	0.0964	0.0967	0.0969	0.0949	0.0920	0.0918	0.0909	0.0914	0.0965	0.0946	0.0952	0.0927	0.0911	0.0913	0.0914	0.0902	0.0941	0.0943	0.0919	0.0902	0.0913	0.0916	0.0911	0.0904	0.0924	0.0928	0.0910	0.0900	0.0907	0.0908	0.0907	0.0901	0.0891	0.0915	0.0914	0.0913	0.0901	0.0921	0.0911	0.0904	0.0996	0.1005	0.0997	0.0994	0.0955	0.1025	0.0918	0.0992	
0.1050	0.1023	0.1016	0.0948	0.0932	0.0932	0.0915	0.0904	0.1017	0.1014	0.1004	0.0983	0.0951	0.0933	0.0920	0.0911	0.0972	0.0972	0.0976	0.0945	0.0921	0.0924	0.0914	0.0919	0.0971	0.0953	0.0953	0.0931	0.0906	0.0925	0.0912	0.0902	0.0950	0.0947	0.0920	0.0898	0.0907	0.0912	0.0901	0.0905	0.0931	0.0917	0.0909	0.0903	0.0909	0.0911	0.0909	0.0900	0.0897	0.0909	0.0917	0.0911	0.0901	0.0913	0.0915	0.0909	0.0965	0.1029	0.1039	0.0948	0.0958	0.1037	0.0933	0.0951	
0.1075	0.1043	0.1029	0.0951	0.0938	0.0931	0.0922	0.0908	0.1031	0.1026	0.1021	0.0977	0.0949	0.0936	0.0915	0.0913	0.0979	0.0978	0.0990	0.0957	0.0928	0.0922	0.0913	0.0915	0.0987	0.0962	0.0967	0.0926	0.0915	0.0913	0.0928	0.0906	0.0951	0.0946	0.0926	0.0910	0.0912	0.0917	0.0905	0.0911	0.0935	0.0928	0.0914	0.0902	0.0909	0.0909	0.0908	0.0900	0.0904	0.0909	0.0916	0.0913	0.0905	0.0915	0.0913	0.0912	0.0961	0.1018	0.1004	0.0966	0.0964	0.1011	0.0928	0.0950	
0.1094	0.1070	0.1055	0.0957	0.0932	0.0932	0.0921	0.0912	0.1040	0.1039	0.1038	0.0991	0.0959	0.0938	0.0918	0.0914	0.1002	0.0991	0.1000	0.0965	0.0926	0.0928	0.0915	0.0910	0.0995	0.0968	0.0972	0.0938	0.0912	0.0917	0.0911	0.0905	0.0954	0.0957	0.0934	0.0904	0.0909	0.0913	0.0910	0.0902	0.0937	0.0927	0.0917	0.0906	0.0907	0.0909	0.0906	0.0908	0.0895	0.0914	0.0913	0.0911	0.0898	0.0916	0.0917	0.0910	0.1000	0.1004	0.0965	0.0933	0.0960	0.1034	0.0920	0.0959	
0.1123	0.1090	0.1072	0.0966	0.0935	0.0938	0.0921	0.0911	0.1071	0.1064	0.1062	0.1003	0.0971	0.0936	0.0923	0.0920	0.1006	0.1009	0.1014	0.0971	0.0939	0.0923	0.0915	0.0917	0.1013	0.0985	0.0983	0.0940	0.0925	0.0919	0.0918	0.0907	0.0962	0.0957	0.0932	0.0905	0.0910	0.0919	0.0907	0.0914	0.0947	0.0934	0.0916	0.0910	0.0907	0.0923	0.0903	0.0906	0.0907	0.0912	0.0917	0.0920	0.0905	0.0919	0.0915	0.0913	0.0989	0.1013	0.0992	0.0952	0.0963	0.1010	0.0958	0.0965	
0.1151	0.1121	0.1102	0.0978	0.0941	0.0934	0.0921	0.0914	0.1094	0.1085	0.1086	0.1020	0.0971	0.0948	0.0927	0.0911	0.1021	0.1021	0.1022	0.0981	0.0936	0.0923	0.0913	0.0911	0.1010	0.0991	0.0991	0.0938	0.0917	0.0919	0.0915	0.0905	0.0970	0.0978	0.0942	0.0906	0.0912	0.0917	0.0911	0.0906	0.0946	0.0937	0.0917	0.0910	0.0904	0.0909	0.0909	0.0900	0.0900	0.0919	0.0918	0.0912	0.0904	0.0923	0.0915	0.0913	0.1001	0.1020	0.0999	0.0956	0.0983	0.1024	0.0933	0.0936	
0.1175	0.1136	0.1122	0.0977	0.0939	0.0934	0.0922	0.0910	0.1110	0.1099	0.1105	0.1030	0.0978	0.0937	0.0929	0.0918	0.1044	0.1031	0.1033	0.0979	0.0935	0.0932	0.0910	0.0913	0.1030	0.1000	0.0996	0.0945	0.0915	0.0911	0.0917	0.0903	0.0973	0.0971	0.0944	0.0909	0.0909	0.0918	0.0906	0.0902	0.0948	0.0937	0.0918	0.0906	0.0903	0.0913	0.0903	0.0906	0.0905	0.0920	0.0914	0.0912	0.0899	0.0912	0.0910	0.0908	0.0978	0.1043	0.0988	0.0965	0.0978	0.1020	0.0928	0.0946	
0.1204	0.1171	0.1151	0.0987	0.0942	0.0936	0.0922	0.0910	0.1140	0.1127	0.1128	0.1043	0.0989	0.0941	0.0924	0.0918	0.1057	0.1051	0.1049	0.0991	0.0952	0.0927	0.0915	0.0911	0.1049	0.1021	0.1007	0.0948	0.0919	0.0919	0.0918	0.0908	0.0989	0.0978	0.0944	0.0910	0.0915	0.0915	0.0912	0.0909	0.0957	0.0938	0.0918	0.0905	0.0904	0.0911	0.0904	0.0898	0.0903	0.0915	0.0910	0.0910	0.0897	0.0912	0.0912	0.0906	0.1005	0.0992	0.0984	0.0954	0.0948	0.1001	0.0932	0.0964	
0.1245	0.1220	0.1180	0.0996	0.0944	0.0937	0.0919	0.0907	0.1164	0.1164	0.1167	0.1065	0.0995	0.0944	0.0930	0.0920	0.1079	0.1073	0.1078	0.1006	0.0949	0.0925	0.0918	0.0916	0.1055	0.1025	0.1019	0.0955	0.0923	0.0923	0.0915	0.0905	0.0991	0.0991	0.0953	0.0908	0.0912	0.0923	0.0904	0.0907	0.0960	0.0940	0.0924	0.0914	0.0903	0.0914	0.0904	0.0903	0.0906	0.0919	0.0914	0.0914	0.0900	0.0911	0.0912	0.0910	0.0982	0.0989	0.1035	0.0937	0.0959	0.1072	0.0924	0.0933	
0.1277	0.1241	0.1210	0.1002	0.0943	0.0935	0.0915	0.0907	0.1200	0.1189	0.1190	0.1076	0.1007	0.0947	0.0926	0.0919	0.1122	0.1094	0.1079	0.1010	0.0950	0.0925	0.0913	0.0909	0.1070	0.1042	0.1034	0.0961	0.0920	0.0926	0.0918	0.0903	0.1015	0.0998	0.0952	0.0910	0.0909	0.0914	0.0900	0.0901	0.0968	0.0939	0.0918	0.0905	0.0906	0.0911	0.0901	0.0899	0.0906	0.0914	0.0912	0.0904	0.0903	0.0910	0.0907	0.0905	0.0976	0.1018	0.1033	0.0944	0.0951	0.0992	0.0949	0.0937	
0.1351	0.1298	0.1254	0.1019	0.0954	0.0938	0.0919	0.0917	0.1251	0.1246	0.1225	0.1107	0.1027	0.0957	0.0931	0.0923	0.1126	0.1124	0.1115	0.1029	0.0968	0.0935	0.0924	0.0918	0.1091	0.1055	0.1052	0.0970	0.0939	0.0922	0.0923	0.0906	0.1024	0.1013	0.0962	0.0917	0.0915	0.0918	0.0908	0.0908	0.0974	0.0952	0.0927	0.0909	0.0913	0.0916	0.0909	0.0909	0.0917	0.0923	0.0918	0.0919	0.0907	0.0916	0.0916	0.0918	0.0978	0.1022	0.1011	0.0953	0.0988	0.1051	0.0935	0.0960	
0.1401	0.1365	0.1306	0.1030	0.0964	0.0942	0.0925	0.0916	0.1285	0.1282	0.1276	0.1144	0.1038	0.0954	0.0937	0.0920	0.1161	0.1163	0.1148	0.1048	0.0976	0.0936	0.0924	0.0922	0.1117	0.1087	0.1072	0.0975	0.0935	0.0924	0.0924	0.0908	0.1034	0.1033	0.0980	0.0920	0.0921	0.0919	0.0914	0.0908	0.0980	0.0961	0.0932	0.0914	0.0907	0.0911	0.0905	0.0906	0.0923	0.0928	0.0919	0.0914	0.0903	0.0914	0.0913	0.0920	0.0991	0.1010	0.1001	0.0950	0.0958	0.1013	0.0930	0.0946	
0.1459	0.1404	0.1349	0.1043	0.0956	0.0941	0.0917	0.0906	0.1333	0.1322	0.1307	0.1161	0.1044	0.0959	0.0930	0.0918	0.1179	0.1169	0.1164	0.1063	0.0978	0.0928	0.0922	0.0917	0.1134	0.1103	0.1089	0.0980	0.0930	0.0920	0.0917	0.0904	0.1041	0.1036	0.0975	0.0919	0.0906	0.0919	0.0907	0.0901	0.1000	0.0958	0.0928	0.0911	0.0906	0.0911	0.0899	0.0902	0.0916	0.0921	0.0915	0.0914	0.0900	0.0911	0.0909	0.0912	0.0977	0.1036	0.0993	0.0948	0.0945	0.1006	0.0922	0.0935	
0.1541	0.1492	0.1416	0.1059	0.0960	0.0933	0.0918	0.0915	0.1395	0.1381	0.1367	0.1194	0.1065	0.0962	0.0931	0.0917	0.1222	0.1198	0.1190	0.1082	0.0996	0.0933	0.0919	0.0915	0.1172	0.1119	0.1115	0.0989	0.0936	0.0925	0.0916	0.0900	0.1061	0.1051	0.0988	0.0924	0.0911	0.0916	0.0905	0.0906	0.0997	0.0967	0.0928	0.0905	0.0914	0.0910	0.0907	0.0908	0.0918	0.0926	0.0914	0.0911	0.0900	0.0909	0.0910	0.0906	0.1037	0.1060	0.0984	0.0962	0.0947	0.1012	0.0937	0.0944	
0.1631	0.1570	0.1499	0.1084	0.0973	0.0943	0.0923	0.0916	0.1452	0.1450	0.1427	0.1236	0.1084	0.0967	0.0940	0.0926	0.1263	0.1250	0.1232	0.1101	0.0999	0.0939	0.0921	0.0926	0.1205	0.1147	0.1141	0.1011	0.0943	0.0937	0.0922	0.0909	0.1086	0.1072	0.1004	0.0931	0.0916	0.0918	0.0908	0.0910	0.1014	0.0979	0.0940	0.0917	0.0920	0.0913	0.0906	0.0910	0.0926	0.0933	0.0925	0.0916	0.0896	0.0912	0.0916	0.0920	0.1007	0.1032	0.0987	0.0953	0.0987	0.1004	0.0946	0.0964	
0.1718	0.1650	0.1564	0.1102	0.0981	0.0951	0.0928	0.0922	0.1518	0.1509	0.1495	0.1281	0.1109	0.0977	0.0942	0.0931	0.1290	0.1293	0.1274	0.1137	0.1020	0.0945	0.0932	0.0926	0.1232	0.1185	0.1158	0.1012	0.0942	0.0932	0.0925	0.0912	0.1094	0.1088	0.1013	0.0930	0.0925	0.0920	0.0913	0.0911	0.1012	0.0983	0.0946	0.0916	0.0916	0.0923	0.0906	0.0909	0.0943	0.0934	0.0922	0.0917	0.0915	0.0914	0.0914	0.0920	0.0993	0.1062	0.0996	0.0968	0.0946	0.1063	0.0931	0.0955	
0.1837	0.1749	0.1649	0.1121	0.0986	0.0942	0.0921	0.0916	0.1566	0.1586	0.1565	0.1316	0.1128	0.0978	0.0948	0.0927	0.1345	0.1337	0.1303	0.1158	0.1028	0.0949	0.0931	0.0922	0.1269	0.1225	0.1192	0.1023	0.0943	0.0934	0.0921	0.0913	0.1126	0.1112	0.1018	0.0937	0.0921	0.0924	0.0910	0.0913	0.1027	0.0986	0.0950	0.0920	0.0911	0.0916	0.0905	0.0908	0.0933	0.0941	0.0922	0.0919	0.0903	0.0914	0.0912	0.0912	0.1007	0.1022	0.1013	0.0984	0.0961	0.1001	0.0943	0.0974	
0.1954	0.1859	0.1735	0.1156	0.0990	0.0948	0.0929	0.0919	0.1683	0.1675	0.1661	0.1382	0.1166	0.0990	0.0946	0.0932	0.1397	0.1400	0.1377	0.1200	0.1047	0.0954	0.0927	0.0925	0.1313	0.1266	0.1229	0.1043	0.0960	0.0939	0.0925	0.0917	0.1150	0.1134	0.1039	0.0939	0.0920	0.0922	0.0912	0.0905	0.1039	0.0997	0.0943	0.0917	0.0912	0.0922	0.0909	0.0909	0.0932	0.0938	0.0933	0.0921	0.0911	0.0917	0.0921	0.0912	0.0999	0.1007	0.1005	0.0960	0.0977	0.1025	0.0946	0.0978	
0.2076	0.1983	0.1838	0.1179	0.0993	0.0942	0.0920	0.0911	0.1768	0.1776	0.1742	0.1425	0.1188	0.0989	0.0948	0.0925	0.1462	0.1458	0.1429	0.1222	0.1061	0.0947	0.0932	0.0922	0.1348	0.1288	0.1262	0.1049	0.0950	0.0928	0.0919	0.0905	0.1147	0.1150	0.1050	0.0933	0.0912	0.0917	0.0907	0.0908	0.1042	0.0997	0.0942	0.0916	0.0909	0.0911	0.0897	0.0903	0.0929	0.0934	0.0920	0.0921	0.0902	0.0912	0.0910	0.0906	0.1036	0.1033	0.1007	0.0941	0.0939	0.0985	0.0943	0.0952	
0.2217	0.2135	0.1972	0.1217	0.0996	0.0948	0.0925	0.0913	0.1896	0.1896	0.1836	0.1506	0.1218	0.0995	0.0947	0.0928	0.1533	0.1533	0.1479	0.1259	0.1073	0.0950	0.0935	0.0926	0.1424	0.1336	0.1299	0.1067	0.0960	0.0942	0.0921	0.0910	0.1171	0.1174	0.1057	0.0946	0.0913	0.0917	0.0907	0.0902	0.1057	0.1007	0.0942	0.0919	0.0913	0.0920	0.0903	0.0901	0.0936	0.0935	0.0922	0.0913	0.0900	0.0911	0.0913	0.0912	0.0996	0.1013	0.1001	0.0939	0.0953	0.1008	0.0941	0.0948	
0.2384	0.2259	0.2099	0.1237	0.0997	0.0944	0.0918	0.0908	0.2015	0.1989	0.1962	0.1554	0.1246	0.1001	0.0947	0.0926	0.1601	0.1584	0.1546	0.1290	0.1089	0.0946	0.0931	0.0917	0.1442	0.1372	0.1353	0.1069	0.0962	0.0937	0.0916	0.0901	0.1194	0.1194	0.1071	0.0944	0.0915	0.0911	0.0899	0.0899	0.1072	0.1012	0.0949	0.0914	0.0907	0.0908	0.0902	0.0895	0.0938	0.0939	0.0914	0.0911	0.0897	0.0908	0.0914	0.0902	0.0983	0.1010	0.1005	0.0951	0.0961	0.1029	0.0942	0.0963	
0.2589	0.2442	0.2241	0.1269	0.1008	0.0950	0.0921	0.0916	0.2150	0.2127	0.2097	0.1621	0.1286	0.1010	0.0956	0.0935	0.1680	0.1686	0.1627	0.1337	0.1104	0.0958	0.0937	0.0921	0.1520	0.1421	0.1404	0.1091	0.0961	0.0937	0.0922	0.0909	0.1230	0.1244	0.1094	0.0950	0.0921	0.0920	0.0908	0.0899	0.1092	0.1030	0.0965	0.0915	0.0916	0.0911	0.0903	0.0895	0.0950	0.0945	0.0928	0.0917	0.0904	0.0918	0.0914	0.0917	0.1014	0.1000	0.0982	0.0943	0.0989	0.1042	0.0947	0.0974	
0.2770	0.2611	0.2422	0.1322	0.1010	0.0953	0.0923	0.0917	0.2275	0.2272	0.2232	0.1739	0.1335	0.1010	0.0960	0.0930	0.1756	0.1758	0.1687	0.1384	0.1120	0.0960	0.0931	0.0925	0.1576	0.1472	0.1438	0.1106	0.0975	0.0933	0.0920	0.0906	0.1259	0.1268	0.1113	0.0949	0.0914	0.0917	0.0906	0.0904	0.1103	0.1027	0.0964	0.0917	0.0910	0.0907	0.0903	0.0900	0.0954	0.0949	0.0924	0.0913	0.0900	0.0910	0.0906	0.0908	0.1034	0.1021	0.1003	0.0936	0.0957	0.1005	0.0943	0.0943	
0.2988	0.2813	0.2602	0.1370	0.1037	0.0952	0.0924	0.0921	0.2465	0.2441	0.2385	0.1837	0.1379	0.1035	0.0961	0.0933	0.1874	0.1835	0.1783	0.1434	0.1156	0.0973	0.0939	0.0924	0.1659	0.1556	0.1515	0.1131	0.0985	0.0945	0.0929	0.0912	0.1295	0.1304	0.1133	0.0967	0.0922	0.0920	0.0907	0.0909	0.1129	0.1051	0.0964	0.0920	0.0914	0.0912	0.0903	0.0912	0.0956	0.0955	0.0934	0.0925	0.0908	0.0918	0.0915	0.0915	0.1042	0.1025	0.1009	0.0952	0.0978	0.1016	0.0935	0.0974	
0.3255	0.3052	0.2826	0.1441	0.1040	0.0950	0.0924	0.0916	0.2666	0.2638	0.2582	0.1943	0.1448	0.1040	0.0971	0.0930	0.1989	0.1989	0.1915	0.1502	0.1193	0.0976	0.0940	0.0925	0.1728	0.1630	0.1573	0.1169	0.0991	0.0942	0.0927	0.0906	0.1360	0.1355	0.1157	0.0967	0.0921	0.0926	0.0908	0.0906	0.1154	0.1059	0.0972	0.0921	0.0916	0.0909	0.0897	0.0899	0.0957	0.0951	0.0922	0.0918	0.0901	0.0916	0.0912	0.0911	0.1056	0.1046	0.1009	0.0959	0.0957	0.1021	0.0931	0.0954	
0.3478	0.3321	0.3049	0.1497	0.1053	0.0958	0.0931	0.0930	0.2858	0.2845	0.2783	0.2065	0.1495	0.1052	0.0980	0.0935	0.2132	0.2134	0.2027	0.1578	0.1225	0.0983	0.0947	0.0930	0.1838	0.1715	0.1658	0.1196	0.1001	0.0958	0.0927	0.0915	0.1382	0.1415	0.1188	0.0979	0.0927	0.0923	0.0911	0.0911	0.1172	0.1080	0.0980	0.0930	0.0919	0.0909	0.0905	0.0904	0.0967	0.0967	0.0934	0.0924	0.0900	0.0917	0.0912	0.0914	0.1052	0.1056	0.0988	0.0946	0.0960	0.1024	0.0932	0.0950	
0.3745	0.3590	0.3297	0.1564	0.1067	0.0960	0.0931	0.0917	0.3070	0.3076	0.2980	0.2219	0.1576	0.1069	0.0986	0.0938	0.2272	0.2233	0.2166	0.1650	0.1267	0.0989	0.0947	0.0936	0.1938	0.1799	0.1758	0.1231	0.1007	0.0950	0.0942	0.0915	0.1440	0.1453	0.1230	0.0982	0.0923	0.0924	0.0915	0.0908	0.1197	0.1099	0.0988	0.0929	0.0917	0.0912	0.0908	0.0905	0.0975	0.0965	0.0938	0.0934	0.0910	0.0918	0.0918	0.0916	0.1036	0.1022	0.0999	0.0955	0.0951	0.1026	0.0930	0.0989	
0.4049	0.3868	0.3564	0.1647	0.1080	0.0960	0.0935	0.0925	0.3337	0.3308	0.3224	0.2398	0.1674	0.1075	0.0983	0.0945	0.2429	0.2389	0.2286	0.1741	0.1300	0.0996	0.0954	0.0935	0.2054	0.1891	0.1847	0.1252	0.1022	0.0956	0.0939	0.0910	0.1490	0.1518	0.1255	0.0988	0.0927	0.0928	0.0914	0.0913	0.1222	0.1100	0.0988	0.0927	0.0915	0.0915	0.0903	0.0908	0.0974	0.0974	0.0936	0.0921	0.0907	0.0922	0.0912	0.0910	0.1027	0.1037	0.1049	0.0961	0.0954	0.1021	0.0960	0.0968	
0.4345	0.4134	0.3824	0.1736	0.1081	0.0953	0.0925	0.0909	0.3582	0.3560	0.3473	0.2532	0.1720	0.1094	0.0979	0.0929	0.2578	0.2536	0.2450	0.1831	0.1345	0.0991	0.0949	0.0927	0.2156	0.1993	0.1934	0.1281	0.1014	0.0956	0.0922	0.0908	0.1531	0.1579	0.1290	0.0992	0.0923	0.0913	0.0909	0.0903	0.1241	0.1124	0.0990	0.0926	0.0912	0.0903	0.0899	0.0900	0.0984	0.0973	0.0932	0.0921	0.0900	0.0910	0.0912	0.0907	0.1021	0.1056	0.1009	0.0946	0.0962	0.1069	0.0924	0.0945	
0.4674	0.4448	0.4154	0.1830	0.1100	0.0954	0.0919	0.0920	0.3857	0.3852	0.3753	0.2754	0.1847	0.1112	0.0991	0.0938	0.2780	0.2749	0.2630	0.1941	0.1397	0.0999	0.0966	0.0933	0.2286	0.2109	0.2045	0.1332	0.1039	0.0950	0.0933	0.0907	0.1612	0.1652	0.1320	0.1003	0.0921	0.0921	0.0907	0.0904	0.1276	0.1158	0.0990	0.0926	0.0907	0.0912	0.0903	0.0899	0.0977	0.0976	0.0943	0.0914	0.0896	0.0904	0.0912	0.0910	0.1018	0.1022	0.1019	0.0955	0.0966	0.1027	0.0936	0.0952	
0.5005	0.4788	0.4469	0.1973	0.1127	0.0961	0.0931	0.0919	0.4158	0.4150	0.4046	0.2963	0.1964	0.1135	0.1007	0.0953	0.2997	0.2944	0.2843	0.2076	0.1454	0.1021	0.0966	0.0938	0.2435	0.2247	0.2190	0.1392	0.1055	0.0965	0.0935	0.0910	0.1678	0.1735	0.1375	0.1019	0.0929	0.0922	0.0913	0.0908	0.1321	0.1172	0.1001	0.0935	0.0916	0.0917	0.0905	0.0896	0.0983	0.0981	0.0936	0.0926	0.0900	0.0913	0.0914	0.0905	0.1054	0.1048	0.1014	0.0972	0.0946	0.1012	0.0937	0.0946	
0.5235	0.5054	0.4778	0.2099	0.1161	0.0972	0.0935	0.0929	0.4453	0.4466	0.4334	0.3157	0.2092	0.1160	0.1017	0.0949	0.3217	0.3171	0.3071	0.2251	0.1520	0.1027	0.0977	0.0936	0.2613	0.2410	0.2330	0.1434	0.1070	0.0978	0.0942	0.0918	0.1766	0.1814	0.1415	0.1030	0.0934	0.0925	0.0915	0.0905	0.1349	0.1188	0.1010	0.0936	0.0911	0.0915	0.0911	0.0902	0.1000	0.0995	0.0951	0.0923	0.0903	0.0921	0.0915	0.0911	0.1029	0.1038	0.1012	0.0968	0.0950	0.1001	0.0939	0.0962	
0.5520	0.5294	0.5036	0.2252	0.1173	0.0968	0.0931	0.0924	0.4749	0.4696	0.4631	0.3403	0.2233	0.1179	0.1019	0.0950	0.3448	0.3400	0.3280	0.2372	0.1594	0.1036	0.0972	0.0933	0.2767	0.2572	0.2464	0.1512	0.1084	0.0975	0.0945	0.0908	0.1850	0.1900	0.1470	0.1042	0.0925	0.0922	0.0912	0.0905	0.1389	0.1216	0.1018	0.0936	0.0917	0.0911	0.0901	0.0908	0.1000	0.0994	0.0954	0.0917	0.0905	0.0916	0.0911	0.0910	0.1040	0.1015	0.1005	0.0943	0.0960	0.0995	0.0929	0.0957	
0.5890	0.5635	0.5373	0.2405	0.1203	0.0969	0.0932	0.0921	0.5034	0.5028	0.4956	0.3678	0.2358	0.1210	0.1034	0.0948	0.3690	0.3618	0.3486	0.2529	0.1675	0.1048	0.0983	0.0942	0.2944	0.2713	0.2634	0.1560	0.1100	0.0983	0.0945	0.0915	0.1933	0.1982	0.1509	0.1056	0.0932	0.0930	0.0913	0.0902	0.1442	0.1258	0.1045	0.0949	0.0919	0.0913	0.0904	0.0903	0.1012	0.1010	0.0956	0.0922	0.0908	0.0909	0.0911	0.0909	0.1046	0.1054	0.1010	0.0955	0.0940	0.0994	0.0946	0.0967	
0.6073	0.5926	0.5646	0.2542	0.1223	0.0974	0.0931	0.0916	0.5368	0.5382	0.5305	0.3968	0.2531	0.1244	0.1042	0.0949	0.4018	0.3879	0.3740	0.2679	0.1758	0.1060	0.0986	0.0938	0.3152	0.2898	0.2790	0.1631	0.1117	0.0977	0.0947	0.0910	0.2026	0.2079	0.1589	0.1069	0.0936	0.0928	0.0909	0.0907	0.1486	0.1280	0.1043	0.0954	0.0920	0.0916	0.0901	0.0895	0.1028	0.1010	0.0946	0.0919	0.0904	0.0902	0.0912	0.0905	0.1044	0.1052	0.1027	0.0932	0.0948	0.1008	0.0932	0.0948	
0.6332	0.6080	0.5904	0.2726	0.1267	0.0977	0.0935	0.0914	0.5635	0.5665	0.5559	0.4217	0.2722	0.1282	0.1054	0.0954	0.4275	0.4149	0.4051	0.2916	0.1857	0.1071	0.1004	0.0941	0.3415	0.3114	0.3005	0.1701	0.1138	0.0989	0.0951	0.0913	0.2154	0.2233	0.1654	0.1093	0.0931	0.0927	0.0908	0.0905	0.1549	0.1311	0.1050	0.0940	0.0915	0.0912	0.0904	0.0903	0.1034	0.1019	0.0952	0.0926	0.0907	0.0909	0.0908	0.0912	0.1034	0.1026	0.1004	0.0951	0.0957	0.1042	0.0929	0.0971	
0.6571	0.6364	0.6130	0.2947	0.1288	0.0970	0.0936	0.0909	0.5966	0.5962	0.5849	0.4552	0.2901	0.1328	0.1066	0.0952	0.4579	0.4470	0.4358	0.3114	0.1947	0.1084	0.1011	0.0935	0.3594	0.3274	0.3196	0.1774	0.1164	0.0989	0.0947	0.0913	0.2253	0.2317	0.1742	0.1104	0.0936	0.0920	0.0911	0.0898	0.1615	0.1365	0.1067	0.0960	0.0933	0.0918	0.0899	0.0906	0.1047	0.1022	0.0955	0.0915	0.0897	0.0910	0.0907	0.0905	0.1055	0.1042	0.0993	0.0952	0.0961	0.0986	0.0936	0.0936	
0.6843	0.6632	0.6420	0.3175	0.1327	0.0990	0.0939	0.0923	0.6264	0.6252	0.6151	0.4811	0.3115	0.1361	0.1075	0.0959	0.4916	0.4798	0.4619	0.3351	0.2075	0.1126	0.1022	0.0947	0.3852	0.3523	0.3420	0.1865	0.1200	0.1013	0.0967	0.0919	0.2382	0.2502	0.1827	0.1131	0.0941	0.0934	0.0910	0.0911	0.1673	0.1397	0.1079	0.0957	0.0924	0.0919	0.0903	0.0901	0.1060	0.1028	0.0963	0.0923	0.0903	0.0911	0.0917	0.0911	0.1085	0.1046	0.1011	0.0962	0.0961	0.1019	0.0942	0.0965	
0.7082	0.6845	0.6622	0.3405	0.1374	0.0989	0.0945	0.0920	0.6583	0.6575	0.6509	0.5151	0.3343	0.1408	0.1094	0.0967	0.5240	0.5053	0.4932	0.3605	0.2201	0.1135	0.1030	0.0952	0.4124	0.3755	0.3664	0.1993	0.1234	0.1009	0.0976	0.0921	0.2547	0.2653	0.1924	0.1148	0.0946	0.0933	0.0915	0.0906	0.1738	0.1446	0.1103	0.0970	0.0927	0.0911	0.0910	0.0903	0.1076	0.1056	0.0980	0.0925	0.0913	0.0914	0.0921	0.0911	0.1085	0.1076	0.1071	0.0980	0.0979	0.1042	0.0949	0.0955	
0.7229	0.7032	0.6822	0.3672	0.1409	0.0985	0.0943	0.0923	0.6827	0.6782	0.6737	0.5450	0.3555	0.1473	0.1107	0.0969	0.5489	0.5343	0.5194	0.3857	0.2342	0.1153	0.1044	0.0953	0.4371	0.3978	0.3892	0.2119	0.1263	0.1013	0.0968	0.0917	0.2713	0.2782	0.2018	0.1181	0.0938	0.0931	0.0910	0.0907	0.1815	0.1496	0.1118	0.0975	0.0922	0.0911	0.0910	0.0903	0.1099	0.1061	0.0984	0.0932	0.0913	0.0918	0.0916	0.0909	0.1073	0.1085	0.1006	0.0952	0.0965	0.1006	0.0952	0.0952	
0.7490	0.7280	0.7043	0.3960	0.1457	0.0991	0.0941	0.0921	0.7059	0.7045	0.6943	0.5724	0.3871	0.1516	0.1128	0.0969	0.5821	0.5655	0.5477	0.4151	0.2520	0.1183	0.1049	0.0953	0.4636	0.4258	0.4121	0.2211	0.1306	0.1024	0.0977	0.0921	0.2858	0.2981	0.2116	0.1205	0.0948	0.0934	0.0910	0.0908	0.1903	0.1543	0.1117	0.0970	0.0929	0.0914	0.0906	0.0900	0.1102	0.1067	0.0980	0.0929	0.0904	0.0920	0.0920	0.0913	0.1067	0.1077	0.1007	0.0953	0.0941	0.1021	0.0951	0.0976	
0.7603	0.7413	0.7275	0.4276	0.1510	0.0997	0.0944	0.0921	0.7229	0.7183	0.7108	0.6030	0.4168	0.1589	0.1155	0.0972	0.6095	0.5980	0.5798	0.4403	0.2694	0.1207	0.1077	0.0956	0.4965	0.4552	0.4419	0.2361	0.1347	0.1034	0.0987	0.0922	0.3011	0.3184	0.2247	0.1247	0.0951	0.0939	0.0912	0.0906	0.1966	0.1616	0.1156	0.0982	0.0932	0.0914	0.0907	0.0905	0.1126	0.1089	0.0984	0.0930	0.0904	0.0920	0.0917	0.0915	0.1109	0.1066	0.1026	0.0960	0.0970	0.1016	0.0954	0.0960	
0.7623	0.7406	0.7315	0.4513	0.1574	0.1000	0.0944	0.0918	0.7365	0.7242	0.7214	0.6287	0.4507	0.1660	0.1173	0.0993	0.6290	0.6115	0.6060	0.4726	0.2880	0.1231	0.1087	0.0963	0.5201	0.4797	0.4692	0.2532	0.1384	0.1051	0.0986	0.0927	0.3227	0.3344	0.2371	0.1275	0.0945	0.0929	0.0912	0.0908	0.2090	0.1665	0.1169	0.0969	0.0918	0.0913	0.0907	0.0897	0.1129	0.1088	0.0984	0.0927	0.0904	0.0916	0.0912	0.0909	0.1108	0.1052	0.1007	0.0951	0.0981	0.1016	0.0946	0.0946	
0.7666	0.7567	0.7464	0.4819	0.1651	0.1003	0.0951	0.0924	0.7452	0.7356	0.7288	0.6569	0.4783	0.1745	0.1191	0.0987	0.6531	0.6352	0.6259	0.4997	0.3077	0.1277	0.1110	0.0963	0.5468	0.5098	0.4999	0.2665	0.1435	0.1059	0.0989	0.0923	0.3363	0.3579	0.2518	0.1321	0.0958	0.0938	0.0913	0.0915	0.2179	0.1758	0.1198	0.0995	0.0926	0.0921	0.0903	0.0904	0.1136	0.1104	0.0985	0.0924	0.0908	0.0920	0.0916	0.0907	0.1095	0.1085	0.1003	0.0960	0.0945	0.1025	0.0936	0.0969	
0.7744	0.7593	0.7512	0.5083	0.1745	0.1010	0.0958	0.0918	0.7510	0.7411	0.7352	0.6788	0.5080	0.1845	0.1219	0.0988	0.6641	0.6440	0.6412	0.5276	0.3299	0.1317	0.1120	0.0965	0.5723	0.5306	0.5259	0.2854	0.1487	0.1076	0.1000	0.0923	0.3612	0.3777	0.2638	0.1354	0.0959	0.0944	0.0916	0.0910	0.2298	0.1822	0.1208	0.0992	0.0930	0.0918	0.0905	0.0902	0.1166	0.1158	0.1004	0.0928	0.0907	0.0918	0.0911	0.0928	0.1111	0.1106	0.0995	0.0959	0.0971	0.1018	0.0943	0.0954	
0.7769	0.7597	0.7534	0.5361	0.1817	0.1012	0.0957	0.0924	0.7518	0.7431	0.7368	0.7027	0.5413	0.1968	0.1270	0.1003	0.6675	0.6554	0.6462	0.5592	0.3545	0.1357	0.1137	0.0972	0.6017	0.5565	0.5511	0.3042	0.1543	0.1091	0.1017	0.0923	0.3854	0.4027	0.2830	0.1401	0.0966	0.0949	0.0915	0.0908	0.2427	0.1893	0.1241	0.0981	0.0918	0.0921	0.0906	0.0907	0.1178	0.1143	0.0997	0.0923	0.0908	0.0915	0.0922	0.0915	0.1199	0.1076	0.1009	0.0954	0.0965	0.1001	0.0938	0.0964	
0.7788	0.7659	0.7567	0.5589	0.1938	0.1023	0.0960	0.0922	0.7528	0.7448	0.7390	0.7048	0.5655	0.2074	0.1291	0.1005	0.6715	0.6609	0.6517	0.5823	0.3800	0.1406	0.1165	0.0966	0.6184	0.5824	0.5751	0.3238	0.1637	0.1111	0.1016	0.0930	0.4081	0.4227	0.2991	0.1447	0.0976	0.0945	0.0913	0.0917	0.2545	0.1963	0.1262	0.0989	0.0922	0.0922	0.0907	0.0910	0.1209	0.1158	0.0998	0.0929	0.0901	0.0918	0.0920	0.0914	0.1157	0.1095	0.1005	0.0944	0.0987	0.1029	0.0938	0.0964	
0.7829	0.7699	0.7622	0.5884	0.2045	0.1025	0.0970	0.0923	0.7571	0.7523	0.7465	0.7195	0.5929	0.2181	0.1335	0.1022	0.6843	0.6698	0.6600	0.6005	0.4040	0.1446	0.1190	0.0980	0.6307	0.5957	0.5990	0.3449	0.1715	0.1142	0.1029	0.0927	0.4325	0.4459	0.3166	0.1504	0.0974	0.0951	0.0917	0.0912	0.2671	0.2063	0.1304	0.1008	0.0931	0.0921	0.0902	0.0909	0.1238	0.1181	0.1008	0.0937	0.0903	0.0914	0.0914	0.0920	0.1129	0.1094	0.1043	0.0945	0.0983	0.1013	0.0933	0.0960	
0.7900	0.7728	0.7665	0.6143	0.2159	0.1031	0.0967	0.0921	0.7618	0.7576	0.7489	0.7279	0.6205	0.2332	0.1366	0.1020	0.6834	0.6707	0.6641	0.6265	0.4323	0.1513	0.1216	0.0984	0.6326	0.6109	0.6169	0.3648	0.1792	0.1167	0.1050	0.0930	0.4520	0.4714	0.3347	0.1551	0.0976	0.0947	0.0917	0.0910	0.2806	0.2184	0.1331	0.1015	0.0929	0.0928	0.0909	0.0906	0.1258	0.1211	0.1025	0.0935	0.0908	0.0919	0.0913	0.0912	0.1160	0.1093	0.1026	0.0958	0.0962	0.1020	0.0934	0.0953	
0.7874	0.7711	0.7664	0.6311	0.2276	0.1039	0.0969	0.0929	0.7628	0.7596	0.7507	0.7335	0.6405	0.2512	0.1423	0.1030	0.6901	0.6758	0.6708	0.6383	0.4621	0.1597	0.1242	0.0982	0.6390	0.6197	0.6284	0.3971	0.1890	0.1167	0.1054	0.0932	0.4783	0.4926	0.3594	0.1624	0.0976	0.0951	0.0915	0.0910	0.2980	0.2291	0.1373	0.1017	0.0928	0.0930	0.0906	0.0901	0.1288	0.1220	0.1021	0.0927	0.0910	0.0915	0.0909	0.0911	0.1141	0.1107	0.1024	0.0952	0.0966	0.1012	0.0932	0.0960	
0.7869	0.7723	0.7688	0.6486	0.2419	0.1042	0.0963	0.0922	0.7645	0.7600	0.7514	0.7364	0.6664	0.2638	0.1454	0.1038	0.6889	0.6750	0.6705	0.6471	0.4914	0.1653	0.1271	0.0987	0.6468	0.6225	0.6347	0.4162	0.1972	0.1203	0.1062	0.0928	0.4981	0.5120	0.3773	0.1698	0.0983	0.0947	0.0910	0.0903	0.3151	0.2372	0.1398	0.1006	0.0928	0.0913	0.0899	0.0896	0.1312	0.1242	0.1024	0.0926	0.0903	0.0913	0.0912	0.0899	0.1144	0.1108	0.1031	0.0968	0.0981	0.1007	0.0939	0.0941	
0.7928	0.7766	0.7701	0.6727	0.2609	0.1051	0.0976	0.0928	0.7706	0.7599	0.7573	0.7370	0.6868	0.2824	0.1520	0.1057	0.6921	0.6805	0.6716	0.6503	0.5175	0.1734	0.1304	0.1005	0.6543	0.6317	0.6410	0.4441	0.2097	0.1245	0.1085	0.0943	0.5207	0.5274	0.4019	0.1774	0.0997	0.0961	0.0916	0.0914	0.3266	0.2520	0.1475	0.1033	0.0935	0.0930	0.0912	0.0904	0.1343	0.1277	0.1046	0.0944	0.0918	0.0919	0.0912	0.0918	0.1189	0.1142	0.1066	0.0948	0.0985	0.0999	0.0931	0.0958	
0.7967	0.7758	0.7721	0.6910	0.2756	0.1055	0.0976	0.0928	0.7724	0.7685	0.7600	0.7436	0.7030	0.3059	0.1590	0.1060	0.6969	0.6813	0.6787	0.6626	0.5437	0.1814	0.1364	0.1007	0.6552	0.6361	0.6440	0.4702	0.2228	0.1246	0.1097	0.0930	0.5376	0.5451	0.4216	0.1854	0.0999	0.0955	0.0915	0.0908	0.3506	0.2677	0.1496	0.1030	0.0927	0.0915	0.0908	0.0892	0.1377	0.1310	0.1046	0.0935	0.0907	0.0913	0.0906	0.0913	0.1154	0.1144	0.1004	0.0945	0.0978	0.1025	0.0926	0.0953	
0.7996	0.7804	0.7739	0.7126	0.2931	0.1074	0.0985	0.0924	0.7763	0.7673	0.7632	0.7509	0.7136	0.3256	0.1654	0.1084	0.6988	0.6859	0.6800	0.6651	0.5748	0.1918	0.1399	0.1022	0.6603	0.6355	0.6507	0.4959	0.2348	0.1295	0.1116	0.0940	0.5467	0.5478	0.4447	0.1948	0.1022	0.0963	0.0919	0.0912	0.3655	0.2826	0.1566	0.1057	0.0933	0.0926	0.0905	0.0903	0.1405	0.1354	0.1066	0.0943	0.0910	0.0927	0.0915	0.0909	0.1228	0.1131	0.1013	0.1015	0.0954	0.1010	0.0925	0.0990	
0.8052	0.7889	0.7801	0.7287	0.3161	0.1083	0.0989	0.0929	0.7823	0.7752	0.7664	0.7502	0.7277	0.3469	0.1744	0.1090	0.6952	0.6865	0.6816	0.6724	0.5994	0.2044	0.1453	0.1031	0.6618	0.6409	0.6527	0.5226	0.2499	0.1342	0.1155	0.0945	0.5548	0.5545	0.4647	0.2051	0.1020	0.0973	0.0921	0.0919	0.3870	0.2956	0.1620	0.1059	0.0943	0.0935	0.0910	0.0908	0.1454	0.1378	0.1077	0.0945	0.0913	0.0920	0.0918	0.0919	0.1254	0.1149	0.1066	0.0980	0.0969	0.1043	0.0938	0.0957	
0.8097	0.7908	0.7852	0.7420	0.3372	0.1091	0.0993	0.0933	0.7817	0.7766	0.7699	0.7512	0.7312	0.3734	0.1849	0.1107	0.7036	0.6898	0.6839	0.6774	0.6211	0.2172	0.1514	0.1032	0.6633	0.6424	0.6555	0.5501	0.2662	0.1392	0.1171	0.0949	0.5613	0.5613	0.4911	0.2195	0.1033	0.0964	0.0922	0.0919	0.4057	0.3152	0.1696	0.1075	0.0945	0.0929	0.0906	0.0899	0.1478	0.1403	0.1086	0.0940	0.0913	0.0916	0.0911	0.0909	0.1256	0.1154	0.1082	0.0949	0.0946	0.0991	0.0940	0.0949	
0.8074	0.7899	0.7857	0.7455	0.3597	0.1107	0.1004	0.0931	0.7848	0.7811	0.7721	0.7563	0.7388	0.4025	0.1935	0.1123	0.7069	0.6892	0.6881	0.6792	0.6355	0.2289	0.1582	0.1037	0.6663	0.6476	0.6605	0.5791	0.2831	0.1434	0.1201	0.0951	0.5603	0.5656	0.5060	0.2300	0.1043	0.0973	0.0923	0.0915	0.4260	0.3262	0.1712	0.1080	0.0936	0.0926	0.0909	0.0901	0.1535	0.1449	0.1095	0.0951	0.0914	0.0920	0.0922	0.0914	0.1237	0.1173	0.1054	0.0953	0.0951	0.1002	0.0928	0.0961	
0.8076	0.7906	0.7856	0.7450	0.3821	0.1116	0.1004	0.0931	0.7854	0.7803	0.7714	0.7534	0.7399	0.4313	0.2023	0.1147	0.7066	0.6920	0.6899	0.6824	0.6441	0.2462	0.1649	0.1040	0.6632	0.6460	0.6584	0.5964	0.2983	0.1494	0.1219	0.0944	0.5654	0.5690	0.5280	0.2426	0.1051	0.0970	0.0917	0.0910	0.4427	0.3453	0.1808	0.1087	0.0937	0.0923	0.0900	0.0895	0.1564	0.1479	0.1104	0.0939	0.0908	0.0917	0.0911	0.0907	0.1263	0.1181	0.1011	0.0977	0.0966	0.1024	0.0936	0.0960	
0.8123	0.7950	0.7912	0.7525	0.4129	0.1140	0.1015	0.0933	0.7901	0.7815	0.7755	0.7599	0.7419	0.4566	0.2137	0.1166	0.7041	0.6974	0.6915	0.6819	0.6517	0.2608	0.1735	0.1069	0.6692	0.6492	0.6614	0.6102	0.3217	0.1601	0.1264	0.0944	0.5732	0.5720	0.5402	0.2573	0.1065	0.0973	0.0919	0.0920	0.4578	0.3641	0.1906	0.1115	0.0952	0.0933	0.0902	0.0894	0.1611	0.1538	0.1132	0.0959	0.0916	0.0918	0.0920	0.0911	0.1288	0.1202	0.1049	0.0963	0.0964	0.1000	0.0929	0.0953	
0.8155	0.7988	0.7938	0.7529	0.4331	0.1146	0.1013	0.0928	0.7902	0.7839	0.7790	0.7620	0.7456	0.4905	0.2301	0.1180	0.7091	0.6970	0.6940	0.6872	0.6570	0.2793	0.1776	0.1070	0.6700	0.6494	0.6636	0.6187	0.3392	0.1635	0.1301	0.0948	0.5747	0.5738	0.5439	0.2683	0.1077	0.0976	0.0918	0.0910	0.4720	0.3802	0.1966	0.1115	0.0946	0.0926	0.0898	0.0896	0.1662	0.1578	0.1130	0.0947	0.0909	0.0914	0.0913	0.0906	0.1299	0.1222	0.1031	0.0941	0.0951	0.0984	0.0933	0.0955	
0.8199	0.7994	0.7966	0.7623	0.4604	0.1155	0.1025	0.0930	0.7939	0.7929	0.7859	0.7662	0.7503	0.5197	0.2456	0.1215	0.7124	0.6996	0.6959	0.6891	0.6634	0.2968	0.1908	0.1086	0.6712	0.6551	0.6654	0.6245	0.3612	0.1690	0.1336	0.0952	0.5752	0.5761	0.5507	0.2881	0.1096	0.0978	0.0921	0.0918	0.4792	0.3978	0.2070	0.1135	0.0949	0.0929	0.0909	0.0892	0.1736	0.1632	0.1162	0.0952	0.0907	0.0925	0.0916	0.0907	0.1324	0.1236	0.1026	0.0968	0.0953	0.0987	0.0949	0.0952	
0.8173	0.8043	0.7969	0.7611	0.4902	0.1178	0.1042	0.0938	0.7972	0.7964	0.7854	0.7704	0.7513	0.5517	0.2646	0.1254	0.7165	0.7045	0.6974	0.6930	0.6684	0.3195	0.2007	0.1103	0.6725	0.6537	0.6674	0.6373	0.3849	0.1768	0.1386	0.0957	0.5776	0.5809	0.5615	0.3053	0.1115	0.1003	0.0923	0.0913	0.4854	0.4152	0.2198	0.1158	0.0955	0.0941	0.0908	0.0903	0.1782	0.1697	0.1185	0.0960	0.0912	0.0920	0.0920	0.0908	0.1361	0.1241	0.1051	0.0964	0.0955	0.1028	0.0939	0.0969	
0.8171	0.8036	0.7981	0.7613	0.5154	0.1190	0.1044	0.0936	0.7994	0.7925	0.7885	0.7731	0.7510	0.5805	0.2784	0.1259	0.7178	0.7029	0.6991	0.6930	0.6685	0.3386	0.2139	0.1126	0.6683	0.6527	0.6667	0.6347	0.4078	0.1866	0.1442	0.0961	0.5743	0.5800	0.5644	0.3208	0.1128	0.1004	0.0921	0.0913	0.4884	0.4348	0.2313	0.1182	0.0953	0.0931	0.0907	0.0906	0.1853	0.1741	0.1190	0.0957	0.0911	0.0918	0.0914	0.0903	0.1414	0.1261	0.1051	0.0992	0.0953	0.1100	0.0980	0.0942	
0.8270	0.8095	0.8070	0.7673	0.5386	0.1226	0.1057	0.0934	0.8000	0.7985	0.7911	0.7784	0.7608	0.6158	0.3023	0.1315	0.7206	0.7092	0.7028	0.6983	0.6731	0.3662	0.2278	0.1139	0.6695	0.6571	0.6720	0.6412	0.4376	0.1959	0.1499	0.0968	0.5779	0.5783	0.5669	0.3385	0.1154	0.1017	0.0927	0.0921	0.4922	0.4490	0.2423	0.1194	0.0959	0.0939	0.0908	0.0903	0.1930	0.1817	0.1212	0.0967	0.0914	0.0921	0.0921	0.0904	0.1376	0.1273	0.1054	0.0962	0.0948	0.1000	0.0935	0.0970	
0.8293	0.8154	0.8099	0.7679	0.5666	0.1250	0.1067	0.0938	0.8001	0.7986	0.7919	0.7740	0.7578	0.6402	0.3185	0.1347	0.7190	0.7067	0.7028	0.6945	0.6746	0.3895	0.2373	0.1156	0.6732	0.6527	0.6698	0.6451	0.4581	0.2058	0.1531	0.0975	0.5777	0.5800	0.5743	0.3655	0.1180	0.1022	0.0932	0.0918	0.4950	0.4555	0.2545	0.1219	0.0975	0.0951	0.0907	0.0908	0.1990	0.1876	0.1245	0.0975	0.0919	0.0924	0.0926	0.0909	0.1419	0.1288	0.1042	0.0987	0.0968	0.1075	0.0950	0.0950	
0.8316	0.8151	0.8136	0.7671	0.5801	0.1268	0.1074	0.0941	0.8075	0.8045	0.7979	0.7788	0.7623	0.6689	0.3436	0.1392	0.7219	0.7085	0.7045	0.6966	0.6776	0.4144	0.2547	0.1180	0.6726	0.6536	0.6698	0.6452	0.4856	0.2174	0.1608	0.0979	0.5793	0.5864	0.5737	0.3857	0.1194	0.1027	0.0932	0.0916	0.5013	0.4669	0.2695	0.1258	0.0971	0.0940	0.0905	0.0898	0.2052	0.1951	0.1266	0.0972	0.0923	0.0924	0.0931	0.0912	0.1440	0.1313	0.1068	0.0956	0.0958	0.1059	0.0929	0.0945	
0.8380	0.8199	0.8157	0.7745	0.6059	0.1291	0.1094	0.0934	0.8126	0.8062	0.8001	0.7814	0.7645	0.6891	0.3651	0.1450	0.7282	0.7126	0.7027	0.7007	0.6791	0.4444	0.2724	0.1217	0.6744	0.6611	0.6748	0.6482	0.5143	0.2328	0.1676	0.0987	0.5825	0.5831	0.5731	0.4070	0.1230	0.1044	0.0922	0.0918	0.4989	0.4728	0.2811	0.1272	0.0973	0.0946	0.0908	0.0899	0.2147	0.2023	0.1282	0.0977	0.0916	0.0918	0.0927	0.0912	0.1469	0.1318	0.1061	0.0972	0.0940	0.1029	0.0959	0.0953	
0.8395	0.8214	0.8171	0.7752	0.6361	0.1329	0.1111	0.0933	0.8147	0.8077	0.8042	0.7875	0.7660	0.7023	0.3905	0.1494	0.7278	0.7189	0.7118	0.7046	0.6854	0.4729	0.2876	0.1250	0.6752	0.6550	0.6757	0.6512	0.5389	0.2462	0.1776	0.0993	0.5818	0.5844	0.5772	0.4299	0.1259	0.1060	0.0937	0.0917	0.5102	0.4789	0.2993	0.1315	0.0985	0.0943	0.0906	0.0902	0.2240	0.2125	0.1323	0.0994	0.0914	0.0922	0.0927	0.0911	0.1557	0.1363	0.1128	0.0967	0.0958	0.1002	0.0938	0.0959	
