0.0867	0.0889	0.0876	0.0911	0.0913	0.1003	0.0977	0.1040	0.0877	0.0887	0.0877	0.0914	0.0925	0.0971	0.0948	0.1036	0.0864	0.0881	0.0873	0.0913	0.0924	0.0961	0.0976	0.1085	0.0891	0.0878	0.0917	0.0909	0.0962	0.1002	0.1019	0.1063	0.1404	0.1635	0.1591	0.1775	0.1694	0.1858	0.1836	0.1830	0.1476	0.1710	0.1656	0.1953	0.1749	0.1825	0.1870	0.1907	0.1878	0.1781	0.1900	0.1812	0.1837	0.1955	0.1994	0.2040	0.2017	0.2009	0.2202	0.1987	0.1825	0.1979	0.2030	0.2290	
0.0883	0.0918	0.0881	0.0901	0.0889	0.0912	0.0897	0.0929	0.0891	0.0917	0.0883	0.0894	0.0884	0.0895	0.0891	0.0924	0.0882	0.0901	0.0879	0.0886	0.0892	0.0884	0.0899	0.0930	0.0879	0.0866	0.0881	0.0866	0.0889	0.0876	0.0897	0.0919	0.0835	0.0814	0.0826	0.0822	0.0831	0.0830	0.0879	0.0862	0.0835	0.0828	0.0836	0.0833	0.0842	0.0828	0.0863	0.0854	0.0871	0.0827	0.0843	0.0836	0.0826	0.0835	0.0854	0.0881	0.0914	0.0913	0.0932	0.0883	0.0841	0.0829	0.0903	0.0932	
0.0881	0.0881	0.0883	0.0897	0.0888	0.0908	0.0897	0.0932	0.0888	0.0881	0.0882	0.0889	0.0881	0.0886	0.0893	0.0927	0.0883	0.0879	0.0882	0.0884	0.0895	0.0882	0.0893	0.0939	0.0878	0.0864	0.0884	0.0868	0.0880	0.0878	0.0891	0.0927	0.0849	0.0848	0.0854	0.0848	0.0848	0.0870	0.0913	0.0883	0.0856	0.0857	0.0859	0.0861	0.0857	0.0861	0.0860	0.0884	0.0886	0.0852	0.0861	0.0869	0.0855	0.0859	0.0871	0.0909	0.0875	0.0985	0.0918	0.0895	0.0856	0.0862	0.0862	0.0954	
0.0882	0.0881	0.0879	0.0893	0.0886	0.0900	0.0894	0.0938	0.0887	0.0883	0.0880	0.0884	0.0873	0.0885	0.0893	0.0928	0.0877	0.0876	0.0877	0.0883	0.0885	0.0879	0.0891	0.0932	0.0878	0.0865	0.0878	0.0867	0.0878	0.0876	0.0891	0.0924	0.0867	0.0873	0.0884	0.0884	0.0876	0.0893	0.0941	0.0908	0.0871	0.0882	0.0872	0.0893	0.0866	0.0880	0.0866	0.0899	0.0898	0.0884	0.0862	0.0900	0.0868	0.0885	0.0880	0.0935	0.0879	0.0954	0.0928	0.0920	0.0864	0.0886	0.0878	0.0966	
0.0884	0.0886	0.0884	0.0895	0.0889	0.0900	0.0899	0.0939	0.0890	0.0883	0.0883	0.0892	0.0880	0.0887	0.0892	0.0925	0.0883	0.0879	0.0882	0.0887	0.0889	0.0880	0.0894	0.0935	0.0877	0.0868	0.0883	0.0872	0.0884	0.0877	0.0892	0.0923	0.0880	0.0873	0.0912	0.0874	0.0900	0.0893	0.0972	0.0914	0.0882	0.0884	0.0889	0.0895	0.0879	0.0884	0.0876	0.0895	0.0922	0.0885	0.0878	0.0891	0.0874	0.0890	0.0895	0.0934	0.0890	0.0940	0.0913	0.0900	0.0886	0.0877	0.0891	0.0974	
0.0882	0.0885	0.0882	0.0896	0.0887	0.0904	0.0898	0.0942	0.0889	0.0885	0.0881	0.0886	0.0875	0.0886	0.0892	0.0931	0.0880	0.0879	0.0882	0.0888	0.0888	0.0880	0.0893	0.0934	0.0876	0.0867	0.0882	0.0868	0.0878	0.0881	0.0890	0.0924	0.0833	0.0824	0.0822	0.0825	0.0825	0.0842	0.0888	0.0862	0.0836	0.0831	0.0839	0.0834	0.0836	0.0833	0.0834	0.0854	0.0864	0.0832	0.0834	0.0838	0.0837	0.0831	0.0855	0.0886	0.0839	0.0868	0.0858	0.0846	0.0838	0.0822	0.0853	0.0928	
0.0881	0.0885	0.0883	0.0896	0.0897	0.0906	0.0896	0.0932	0.0888	0.0882	0.0881	0.0889	0.0877	0.0883	0.0894	0.0926	0.0879	0.0879	0.0883	0.0888	0.0885	0.0883	0.0893	0.0937	0.0875	0.0867	0.0882	0.0869	0.0881	0.0875	0.0891	0.0919	0.0849	0.0853	0.0860	0.0854	0.0853	0.0870	0.0910	0.0889	0.0851	0.0857	0.0856	0.0862	0.0856	0.0865	0.0850	0.0877	0.0886	0.0862	0.0847	0.0871	0.0852	0.0865	0.0864	0.0909	0.0860	0.0897	0.0865	0.0876	0.0846	0.0859	0.0868	0.0955	
0.0883	0.0883	0.0884	0.0893	0.0972	0.0908	0.0896	0.0937	0.0889	0.0881	0.0880	0.0889	0.0881	0.0887	0.0891	0.0923	0.0879	0.0878	0.0882	0.0884	0.0885	0.0882	0.0897	0.0934	0.0877	0.0867	0.0879	0.0872	0.0888	0.0880	0.0891	0.0922	0.0882	0.0894	0.0897	0.0889	0.0893	0.0907	0.0952	0.0915	0.0887	0.0901	0.0883	0.0896	0.0875	0.0897	0.0879	0.0905	0.0918	0.0898	0.0869	0.0911	0.0868	0.0904	0.0886	0.0941	0.0888	0.0944	0.0901	0.0905	0.0871	0.0892	0.0882	0.0975	
0.0884	0.0886	0.0886	0.0897	0.0910	0.0907	0.0900	0.0937	0.0892	0.0883	0.0882	0.0891	0.0882	0.0888	0.0891	0.0924	0.0884	0.0879	0.0884	0.0890	0.0889	0.0886	0.0897	0.0933	0.0879	0.0871	0.0884	0.0870	0.0908	0.0875	0.0893	0.0918	0.0827	0.0812	0.0826	0.0818	0.0823	0.0842	0.0887	0.0847	0.0827	0.0822	0.0832	0.0822	0.0831	0.0829	0.0821	0.0835	0.0857	0.0815	0.0825	0.0830	0.0830	0.0822	0.0841	0.0869	0.0833	0.0865	0.0840	0.0840	0.0829	0.0821	0.0841	0.0914	
0.0882	0.0886	0.0882	0.0895	0.0889	0.0905	0.0892	0.0935	0.0888	0.0885	0.0878	0.0889	0.0880	0.0886	0.0896	0.0923	0.0882	0.0879	0.0881	0.0887	0.0885	0.0882	0.0892	0.0921	0.0875	0.0870	0.0880	0.0869	0.0887	0.0877	0.0892	0.0920	0.0850	0.0847	0.0856	0.0843	0.0842	0.0863	0.0899	0.0881	0.0855	0.0856	0.0851	0.0850	0.0844	0.0853	0.0845	0.0862	0.0887	0.0851	0.0848	0.0860	0.0849	0.0850	0.0857	0.0903	0.0851	0.0915	0.0866	0.0867	0.0846	0.0849	0.0853	0.0947	
0.0881	0.0884	0.0887	0.0895	0.0888	0.0903	0.0898	0.0936	0.0888	0.0885	0.0880	0.0888	0.0880	0.0887	0.0890	0.0923	0.0882	0.0880	0.0883	0.0886	0.0884	0.0881	0.0894	0.0929	0.0877	0.0868	0.0885	0.0871	0.0901	0.0877	0.0890	0.0917	0.0877	0.0885	0.0893	0.0884	0.0880	0.0882	0.0941	0.0896	0.0872	0.0892	0.0876	0.0891	0.0865	0.0883	0.0857	0.0887	0.0909	0.0889	0.0863	0.0897	0.0868	0.0881	0.0873	0.0917	0.0880	0.0961	0.0887	0.0899	0.0867	0.0889	0.0874	0.0963	
0.0882	0.0882	0.0882	0.0895	0.0884	0.0903	0.0894	0.0932	0.0888	0.0881	0.0880	0.0888	0.0879	0.0885	0.0891	0.0918	0.0879	0.0879	0.0878	0.0886	0.0882	0.0882	0.0889	0.0924	0.0878	0.0865	0.0881	0.0873	0.0884	0.0878	0.0887	0.0915	0.0837	0.0822	0.0840	0.0830	0.0829	0.0838	0.0875	0.0859	0.0836	0.0831	0.0843	0.0843	0.0834	0.0824	0.0830	0.0845	0.0871	0.0829	0.0831	0.0844	0.0830	0.0823	0.0842	0.0875	0.0839	0.0887	0.0851	0.0847	0.0836	0.0827	0.0852	0.0915	
0.0881	0.0882	0.0883	0.0892	0.0887	0.0900	0.0892	0.0924	0.0889	0.0882	0.0880	0.0898	0.0877	0.0885	0.0893	0.0915	0.0878	0.0879	0.0881	0.0887	0.0885	0.0882	0.0889	0.0922	0.0876	0.0868	0.0878	0.0870	0.0894	0.0876	0.0887	0.0913	0.0843	0.0844	0.0843	0.0843	0.0840	0.0855	0.0898	0.0862	0.0845	0.0847	0.0851	0.0850	0.0838	0.0847	0.0838	0.0852	0.0878	0.0848	0.0843	0.0848	0.0840	0.0847	0.0846	0.0892	0.0850	0.0898	0.0857	0.0862	0.0841	0.0840	0.0853	0.0926	
0.0882	0.0882	0.0884	0.0897	0.0979	0.0902	0.0893	0.0932	0.0889	0.0884	0.0881	0.0887	0.0878	0.0884	0.0893	0.0916	0.0881	0.0880	0.0884	0.0885	0.0884	0.0881	0.0890	0.0923	0.0876	0.0866	0.0879	0.0871	0.0875	0.0879	0.0889	0.0917	0.0865	0.0878	0.0888	0.0873	0.0878	0.0879	0.0946	0.0891	0.0868	0.0884	0.0873	0.0875	0.0859	0.0875	0.0850	0.0876	0.0898	0.0875	0.0856	0.0887	0.0858	0.0878	0.0851	0.0902	0.0871	0.0921	0.0876	0.0889	0.0861	0.0877	0.0917	0.0988	
0.0884	0.0883	0.0883	0.0893	0.0890	0.0904	0.0897	0.0930	0.0889	0.0885	0.0878	0.0888	0.0879	0.0888	0.0890	0.0918	0.0879	0.0880	0.0883	0.0887	0.0884	0.0877	0.0893	0.0921	0.0878	0.0867	0.0880	0.0870	0.0879	0.0878	0.0889	0.0910	0.0835	0.0823	0.0829	0.0824	0.0829	0.0841	0.0886	0.0856	0.0831	0.0827	0.0837	0.0830	0.0840	0.0827	0.0828	0.0843	0.0863	0.0824	0.0829	0.0831	0.0830	0.0825	0.0843	0.0876	0.0837	0.0866	0.0845	0.0840	0.0838	0.0820	0.0842	0.0906	
0.0885	0.0884	0.0884	0.0894	0.0888	0.0901	0.0896	0.0930	0.0890	0.0886	0.0880	0.0888	0.0881	0.0885	0.0890	0.0918	0.0881	0.0880	0.0884	0.0886	0.0885	0.0880	0.0889	0.0918	0.0877	0.0866	0.0881	0.0869	0.0885	0.0880	0.0889	0.0911	0.0843	0.0838	0.0844	0.0838	0.0845	0.0853	0.0895	0.0863	0.0850	0.0846	0.0847	0.0847	0.0845	0.0849	0.0841	0.0859	0.0881	0.0848	0.0841	0.0852	0.0846	0.0849	0.0861	0.0880	0.0848	0.0902	0.0859	0.0860	0.0847	0.0845	0.0850	0.0924	
0.0887	0.0886	0.0886	0.0895	0.0942	0.0906	0.0902	0.0926	0.0893	0.0895	0.0882	0.0894	0.0881	0.0888	0.0892	0.0921	0.0884	0.0883	0.0887	0.0886	0.0886	0.0883	0.0894	0.0925	0.0883	0.0873	0.0885	0.0874	0.0895	0.0881	0.0889	0.0912	0.0863	0.0864	0.0873	0.0858	0.0859	0.0874	0.0910	0.0879	0.0861	0.0870	0.0860	0.0862	0.0864	0.0869	0.0857	0.0874	0.0896	0.0865	0.0855	0.0873	0.0855	0.0867	0.0860	0.0899	0.0861	0.0929	0.0872	0.0882	0.0854	0.0859	0.0922	0.0936	
0.0885	0.0887	0.0884	0.0899	0.0940	0.0904	0.0895	0.0924	0.0890	0.0885	0.0880	0.0889	0.0877	0.0883	0.0893	0.0915	0.0880	0.0878	0.0881	0.0885	0.0886	0.0886	0.0891	0.0918	0.0878	0.0870	0.0880	0.0869	0.0885	0.0874	0.0886	0.0907	0.0886	0.0884	0.0909	0.0874	0.0893	0.0901	0.0953	0.0905	0.0884	0.0883	0.0889	0.0889	0.0877	0.0880	0.0873	0.0889	0.0924	0.0885	0.0879	0.0894	0.0878	0.0883	0.0887	0.0911	0.0896	0.0942	0.0895	0.0904	0.0885	0.0878	0.0878	0.0957	
0.0886	0.0890	0.0887	0.0897	0.0959	0.0905	0.0893	0.0926	0.0892	0.0890	0.0884	0.0893	0.0883	0.0887	0.0893	0.0919	0.0887	0.0881	0.0886	0.0887	0.0891	0.0885	0.0891	0.0924	0.0881	0.0870	0.0881	0.0872	0.0879	0.0878	0.0886	0.0913	0.0841	0.0833	0.0833	0.0838	0.0833	0.0850	0.0893	0.0848	0.0844	0.0840	0.0848	0.0845	0.0843	0.0830	0.0840	0.0846	0.0875	0.0840	0.0848	0.0844	0.0851	0.0833	0.0854	0.0871	0.0847	0.0876	0.0859	0.0849	0.0853	0.0841	0.0854	0.0915	
0.0886	0.0888	0.0886	0.0897	0.0961	0.0905	0.0897	0.0927	0.0891	0.0889	0.0885	0.0891	0.0877	0.0887	0.0891	0.0914	0.0881	0.0880	0.0882	0.0890	0.0887	0.0880	0.0892	0.0917	0.0881	0.0868	0.0881	0.0873	0.0883	0.0874	0.0888	0.0903	0.0860	0.0864	0.0864	0.0855	0.0855	0.0870	0.0924	0.0879	0.0858	0.0866	0.0864	0.0862	0.0853	0.0870	0.0843	0.0873	0.0895	0.0868	0.0851	0.0866	0.0857	0.0865	0.0848	0.0900	0.0860	0.0904	0.0870	0.0877	0.0853	0.0865	0.0854	0.0942	
0.0891	0.0889	0.0885	0.0897	0.0941	0.0902	0.0894	0.0929	0.0894	0.0886	0.0882	0.0894	0.0882	0.0886	0.0894	0.0914	0.0882	0.0881	0.0883	0.0885	0.0887	0.0880	0.0889	0.0919	0.0883	0.0871	0.0882	0.0873	0.0886	0.0882	0.0885	0.0909	0.0896	0.0910	0.0921	0.0907	0.0915	0.0918	0.0973	0.0923	0.0889	0.0909	0.0897	0.0914	0.0881	0.0903	0.0884	0.0918	0.0932	0.0911	0.0889	0.0910	0.0888	0.0912	0.0885	0.0936	0.0900	0.0971	0.0905	0.0924	0.0893	0.0912	0.0892	0.0973	
0.0888	0.0888	0.0888	0.0896	0.0891	0.0907	0.0895	0.0927	0.0896	0.0889	0.0885	0.0892	0.0884	0.0885	0.0890	0.0916	0.0884	0.0883	0.0881	0.0890	0.0885	0.0879	0.0889	0.0918	0.0879	0.0870	0.0885	0.0875	0.0897	0.0878	0.0888	0.0906	0.0837	0.0824	0.0831	0.0825	0.0818	0.0840	0.0873	0.0847	0.0839	0.0828	0.0835	0.0832	0.0841	0.0823	0.0835	0.0835	0.0873	0.0822	0.0831	0.0838	0.0837	0.0831	0.0843	0.0860	0.0842	0.0878	0.0854	0.0843	0.0847	0.0824	0.0843	0.0899	
0.0889	0.0888	0.0887	0.0898	0.0946	0.0909	0.0893	0.0926	0.0894	0.0887	0.0884	0.0896	0.0878	0.0889	0.0888	0.0914	0.0887	0.0884	0.0884	0.0891	0.0888	0.0884	0.0889	0.0919	0.0881	0.0873	0.0881	0.0873	0.0883	0.0878	0.0887	0.0912	0.0855	0.0855	0.0859	0.0852	0.0848	0.0864	0.0906	0.0871	0.0859	0.0856	0.0853	0.0865	0.0854	0.0859	0.0848	0.0860	0.0891	0.0856	0.0852	0.0862	0.0851	0.0861	0.0854	0.0883	0.0858	0.0917	0.0864	0.0873	0.0849	0.0853	0.0855	0.0925	
0.0892	0.0894	0.0892	0.0906	0.0953	0.0910	0.0901	0.0930	0.0898	0.0892	0.0888	0.0894	0.0886	0.0891	0.0891	0.0914	0.0887	0.0885	0.0887	0.0894	0.0894	0.0889	0.0893	0.0920	0.0883	0.0876	0.0885	0.0872	0.0882	0.0883	0.0889	0.0908	0.0889	0.0899	0.0913	0.0901	0.0895	0.0919	0.0951	0.0894	0.0886	0.0905	0.0886	0.0906	0.0875	0.0909	0.0868	0.0895	0.0922	0.0902	0.0881	0.0914	0.0877	0.0901	0.0874	0.0918	0.0888	0.0965	0.0899	0.0917	0.0874	0.0896	0.0879	0.0954	
0.0890	0.0890	0.0883	0.0900	0.0891	0.0907	0.0891	0.0923	0.0894	0.0891	0.0883	0.0940	0.0880	0.0891	0.0889	0.0912	0.0884	0.0882	0.0883	0.0886	0.0886	0.0886	0.0891	0.0918	0.0882	0.0870	0.0880	0.0874	0.0877	0.0878	0.0887	0.0902	0.0837	0.0823	0.0832	0.0824	0.0824	0.0838	0.0870	0.0838	0.0835	0.0826	0.0838	0.0829	0.0837	0.0826	0.0831	0.0839	0.0868	0.0821	0.0832	0.0839	0.0837	0.0835	0.0830	0.0848	0.0837	0.0877	0.0853	0.0845	0.0833	0.0816	0.0893	0.0892	
0.0898	0.0895	0.0891	0.0901	0.0893	0.0909	0.0899	0.0925	0.0901	0.0895	0.0886	0.0896	0.0884	0.0893	0.0894	0.0918	0.0890	0.0887	0.0887	0.0889	0.0886	0.0890	0.0896	0.0918	0.0888	0.0878	0.0885	0.0875	0.0890	0.0877	0.0888	0.0904	0.0873	0.0876	0.0881	0.0868	0.0878	0.0895	0.0938	0.0889	0.0870	0.0883	0.0866	0.0878	0.0865	0.0887	0.0852	0.0884	0.0903	0.0880	0.0860	0.0883	0.0861	0.0882	0.0865	0.0899	0.0871	0.0915	0.0883	0.0892	0.0860	0.0865	0.0861	0.0949	
0.0899	0.0897	0.0893	0.0906	0.0959	0.0912	0.0902	0.0930	0.0902	0.0898	0.0889	0.0898	0.0884	0.0892	0.0898	0.0921	0.0893	0.0890	0.0889	0.0890	0.0892	0.0885	0.0895	0.0917	0.0885	0.0877	0.0886	0.0878	0.0898	0.0884	0.0890	0.0909	0.0840	0.0834	0.0831	0.0833	0.0833	0.0841	0.0881	0.0846	0.0838	0.0832	0.0831	0.0838	0.0838	0.0832	0.0828	0.0841	0.0867	0.0832	0.0832	0.0838	0.0828	0.0832	0.0848	0.0854	0.0836	0.0868	0.0847	0.0856	0.0834	0.0823	0.0842	0.0898	
0.0900	0.0898	0.0895	0.0902	0.0893	0.0910	0.0897	0.0927	0.0901	0.0899	0.0890	0.0897	0.0884	0.0892	0.0892	0.0916	0.0895	0.0889	0.0886	0.0893	0.0891	0.0885	0.0894	0.0921	0.0885	0.0872	0.0886	0.0876	0.0885	0.0880	0.0890	0.0905	0.0866	0.0866	0.0865	0.0859	0.0866	0.0877	0.0921	0.0874	0.0861	0.0863	0.0857	0.0870	0.0848	0.0864	0.0848	0.0865	0.0893	0.0862	0.0856	0.0872	0.0860	0.0858	0.0858	0.0879	0.0862	0.0917	0.0869	0.0878	0.0857	0.0862	0.0860	0.0931	
0.0902	0.0898	0.0894	0.0906	0.0958	0.0910	0.0901	0.0929	0.0904	0.0895	0.0887	0.0897	0.0885	0.0892	0.0892	0.0913	0.0894	0.0890	0.0889	0.0894	0.0886	0.0887	0.0893	0.0915	0.0889	0.0874	0.0883	0.0873	0.0882	0.0876	0.0888	0.0903	0.0888	0.0884	0.0906	0.0883	0.0894	0.0891	0.0961	0.0895	0.0886	0.0888	0.0886	0.0890	0.0876	0.0892	0.0874	0.0879	0.0927	0.0888	0.0880	0.0895	0.0884	0.0885	0.0879	0.0902	0.0891	0.0950	0.0901	0.0906	0.0881	0.0877	0.0884	0.0948	
0.0904	0.0905	0.0895	0.0910	0.0895	0.0913	0.0902	0.0926	0.0907	0.0900	0.0889	0.0902	0.0887	0.0892	0.0892	0.0912	0.0898	0.0894	0.0889	0.0895	0.0893	0.0889	0.0898	0.0915	0.0890	0.0878	0.0888	0.0884	0.0881	0.0880	0.0896	0.0909	0.0850	0.0846	0.0848	0.0840	0.0842	0.0860	0.0892	0.0859	0.0852	0.0849	0.0853	0.0845	0.0851	0.0838	0.0846	0.0854	0.0882	0.0848	0.0847	0.0852	0.0847	0.0842	0.0846	0.0868	0.0851	0.0898	0.0862	0.0863	0.0842	0.0844	0.0844	0.0912	
0.0907	0.0908	0.0899	0.0911	0.0951	0.0913	0.0902	0.0930	0.0909	0.0904	0.0891	0.0899	0.0888	0.0892	0.0898	0.0918	0.0897	0.0895	0.0891	0.0895	0.0891	0.0889	0.0895	0.0916	0.0892	0.0880	0.0889	0.0879	0.0891	0.0880	0.0890	0.0903	0.0891	0.0894	0.0902	0.0897	0.0900	0.0904	0.0947	0.0899	0.0880	0.0904	0.0877	0.0888	0.0874	0.0896	0.0864	0.0894	0.0917	0.0904	0.0877	0.0910	0.0876	0.0897	0.0878	0.0908	0.0890	0.0962	0.0900	0.0910	0.0875	0.0889	0.0878	0.0942	
0.0912	0.0911	0.0903	0.0912	0.0950	0.0912	0.0900	0.0926	0.0911	0.0908	0.0896	0.0961	0.0889	0.0897	0.0897	0.0917	0.0903	0.0898	0.0891	0.0896	0.0893	0.0894	0.0893	0.0920	0.0893	0.0882	0.0889	0.0880	0.0885	0.0883	0.0888	0.0903	0.0838	0.0828	0.0827	0.0827	0.0825	0.0834	0.0870	0.0840	0.0838	0.0832	0.0842	0.0837	0.0837	0.0831	0.0834	0.0836	0.0873	0.0833	0.0835	0.0836	0.0841	0.0825	0.0835	0.0847	0.0840	0.0871	0.0851	0.0848	0.0838	0.0824	0.0850	0.0887	
0.0916	0.0914	0.0901	0.0912	0.0952	0.0915	0.0906	0.0927	0.0913	0.0907	0.0897	0.0902	0.0894	0.0895	0.0899	0.0918	0.0906	0.0899	0.0895	0.0897	0.0894	0.0893	0.0894	0.0919	0.0896	0.0884	0.0890	0.0880	0.0883	0.0886	0.0892	0.0907	0.0868	0.0871	0.0864	0.0865	0.0863	0.0872	0.0925	0.0872	0.0865	0.0877	0.0865	0.0869	0.0858	0.0871	0.0854	0.0865	0.0896	0.0876	0.0856	0.0876	0.0847	0.0862	0.0861	0.0891	0.0865	0.0904	0.0874	0.0878	0.0863	0.0854	0.0855	0.0927	
0.0920	0.0915	0.0903	0.0919	0.0900	0.0919	0.0903	0.0932	0.0919	0.0911	0.0895	0.0906	0.0891	0.0899	0.0897	0.0921	0.0909	0.0901	0.0895	0.0903	0.0897	0.0893	0.0901	0.0922	0.0899	0.0884	0.0889	0.0880	0.0898	0.0886	0.0894	0.0906	0.0906	0.0916	0.0918	0.0911	0.0916	0.0923	0.0966	0.0912	0.0902	0.0917	0.0904	0.0911	0.0891	0.0906	0.0882	0.0913	0.0936	0.0917	0.0883	0.0918	0.0890	0.0913	0.0882	0.0924	0.0904	0.0953	0.0906	0.0930	0.0882	0.0912	0.0892	0.0959	
0.0923	0.0916	0.0903	0.0910	0.0899	0.0915	0.0904	0.0922	0.0917	0.0912	0.0896	0.0905	0.0891	0.0892	0.0894	0.0918	0.0907	0.0899	0.0896	0.0896	0.0896	0.0894	0.0894	0.0916	0.0898	0.0882	0.0890	0.0885	0.0894	0.0881	0.0891	0.0905	0.0845	0.0832	0.0827	0.0835	0.0821	0.0839	0.0900	0.0839	0.0841	0.0831	0.0843	0.0836	0.0839	0.0828	0.0827	0.0828	0.0870	0.0829	0.0836	0.0832	0.0837	0.0830	0.0839	0.0849	0.0836	0.0873	0.0850	0.0847	0.0840	0.0829	0.0842	0.0886	
0.0928	0.0921	0.0905	0.0916	0.0898	0.0913	0.0900	0.0925	0.0925	0.0913	0.0899	0.0908	0.0890	0.0896	0.0893	0.0919	0.0912	0.0905	0.0896	0.0900	0.0894	0.0893	0.0898	0.0915	0.0900	0.0888	0.0891	0.0881	0.0896	0.0884	0.0896	0.0904	0.0864	0.0860	0.0860	0.0856	0.0853	0.0871	0.0907	0.0863	0.0859	0.0860	0.0856	0.0871	0.0853	0.0864	0.0850	0.0862	0.0892	0.0866	0.0844	0.0868	0.0863	0.0868	0.0852	0.0872	0.0860	0.0910	0.0864	0.0876	0.0848	0.0863	0.0852	0.0916	
0.0937	0.0933	0.0914	0.0919	0.0933	0.0921	0.0909	0.0929	0.0928	0.0921	0.0902	0.0910	0.0893	0.0899	0.0903	0.0924	0.0919	0.0910	0.0902	0.0907	0.0898	0.0898	0.0899	0.0921	0.0907	0.0891	0.0896	0.0886	0.0893	0.0889	0.0893	0.0910	0.0899	0.0906	0.0907	0.0905	0.0903	0.0909	0.0951	0.0895	0.0893	0.0906	0.0887	0.0902	0.0874	0.0901	0.0868	0.0886	0.0919	0.0903	0.0877	0.0913	0.0875	0.0895	0.0869	0.0906	0.0887	0.0978	0.0893	0.0918	0.0875	0.0900	0.0877	0.0940	
0.0941	0.0932	0.0912	0.0923	0.0937	0.0917	0.0908	0.0928	0.0933	0.0924	0.0904	0.0914	0.0898	0.0896	0.0900	0.0921	0.0921	0.0913	0.0899	0.0901	0.0900	0.0894	0.0904	0.0917	0.0908	0.0890	0.0898	0.0887	0.0900	0.0884	0.0891	0.0905	0.0858	0.0841	0.0845	0.0841	0.0834	0.0849	0.0880	0.0847	0.0840	0.0836	0.0844	0.0849	0.0852	0.0839	0.0832	0.0837	0.0878	0.0836	0.0837	0.0843	0.0844	0.0827	0.0843	0.0845	0.0846	0.0897	0.0847	0.0848	0.0843	0.0826	0.0842	0.0885	
0.0950	0.0938	0.0918	0.0922	0.0905	0.0916	0.0904	0.0922	0.0940	0.0924	0.0905	0.0911	0.0895	0.0898	0.0899	0.0921	0.0924	0.0919	0.0904	0.0904	0.0899	0.0897	0.0899	0.0924	0.0908	0.0894	0.0895	0.0885	0.0899	0.0884	0.0889	0.0904	0.0866	0.0852	0.0853	0.0853	0.0853	0.0859	0.0900	0.0857	0.0857	0.0857	0.0858	0.0861	0.0846	0.0848	0.0846	0.0848	0.0894	0.0851	0.0847	0.0854	0.0857	0.0848	0.0848	0.0866	0.0857	0.0903	0.0862	0.0868	0.0850	0.0851	0.0853	0.0910	
0.0951	0.0940	0.0915	0.0928	0.0905	0.0916	0.0903	0.0926	0.0945	0.0930	0.0903	0.0910	0.0892	0.0901	0.0897	0.0917	0.0928	0.0916	0.0898	0.0901	0.0898	0.0892	0.0898	0.0915	0.0909	0.0896	0.0895	0.0888	0.0891	0.0887	0.0892	0.0904	0.0885	0.0888	0.0884	0.0873	0.0876	0.0883	0.0916	0.0877	0.0877	0.0887	0.0886	0.0877	0.0858	0.0878	0.0855	0.0871	0.0905	0.0889	0.0862	0.0886	0.0865	0.0866	0.0863	0.0887	0.0872	0.0922	0.0882	0.0888	0.0866	0.0870	0.0869	0.0935	
0.0964	0.0948	0.0922	0.0927	0.0904	0.0918	0.0905	0.0924	0.0950	0.0932	0.0907	0.0916	0.0894	0.0902	0.0893	0.0919	0.0935	0.0922	0.0904	0.0906	0.0901	0.0899	0.0896	0.0917	0.0912	0.0896	0.0896	0.0886	0.0897	0.0889	0.0899	0.0907	0.0902	0.0898	0.0907	0.0884	0.0899	0.0899	0.0971	0.0897	0.0891	0.0892	0.0891	0.0887	0.0869	0.0888	0.0866	0.0886	0.0927	0.0892	0.0876	0.0889	0.0873	0.0885	0.0867	0.0892	0.0894	0.0922	0.0901	0.0905	0.0875	0.0874	0.0879	0.0933	
0.0968	0.0956	0.0921	0.0928	0.0947	0.0919	0.0907	0.0923	0.0954	0.0935	0.0912	0.0913	0.0893	0.0901	0.0899	0.0918	0.0937	0.0924	0.0902	0.0902	0.0897	0.0893	0.0899	0.0913	0.0920	0.0894	0.0893	0.0888	0.0886	0.0883	0.0895	0.0900	0.0870	0.0859	0.0852	0.0856	0.0848	0.0877	0.0903	0.0860	0.0860	0.0856	0.0866	0.0855	0.0850	0.0861	0.0845	0.0856	0.0893	0.0855	0.0855	0.0857	0.0859	0.0857	0.0850	0.0865	0.0858	0.0881	0.0865	0.0866	0.0855	0.0840	0.0854	0.0905	
0.0986	0.0959	0.0927	0.0930	0.0944	0.0920	0.0908	0.0927	0.0965	0.0945	0.0913	0.0917	0.0894	0.0900	0.0897	0.0920	0.0946	0.0930	0.0910	0.0907	0.0897	0.0893	0.0898	0.0914	0.0923	0.0901	0.0898	0.0888	0.0890	0.0888	0.0898	0.0903	0.0881	0.0878	0.0872	0.0862	0.0867	0.0881	0.0915	0.0871	0.0868	0.0877	0.0866	0.0866	0.0856	0.0873	0.0853	0.0862	0.0897	0.0875	0.0853	0.0880	0.0855	0.0872	0.0859	0.0870	0.0862	0.0919	0.0876	0.0883	0.0853	0.0870	0.0857	0.0918	
0.0999	0.0973	0.0933	0.0937	0.0912	0.0922	0.0914	0.0930	0.0973	0.0951	0.0916	0.0921	0.0901	0.0906	0.0908	0.0924	0.0954	0.0936	0.0912	0.0912	0.0904	0.0896	0.0898	0.0916	0.0929	0.0905	0.0898	0.0895	0.0889	0.0890	0.0899	0.0907	0.0912	0.0910	0.0909	0.0909	0.0904	0.0909	0.0943	0.0894	0.0898	0.0911	0.0892	0.0898	0.0877	0.0907	0.0872	0.0896	0.0927	0.0911	0.0879	0.0914	0.0878	0.0898	0.0864	0.0897	0.0889	0.0978	0.0898	0.0918	0.0880	0.0893	0.0880	0.0953	
0.1007	0.0976	0.0937	0.0938	0.0971	0.0920	0.0909	0.0927	0.0984	0.0959	0.0918	0.0925	0.0899	0.0906	0.0905	0.0922	0.0960	0.0939	0.0919	0.0914	0.0902	0.0899	0.0900	0.0915	0.0934	0.0909	0.0900	0.0898	0.0889	0.0892	0.0895	0.0902	0.0865	0.0834	0.0823	0.0832	0.0825	0.0841	0.0869	0.0830	0.0843	0.0832	0.0838	0.0829	0.0836	0.0832	0.0822	0.0824	0.0879	0.0830	0.0825	0.0829	0.0836	0.0823	0.0830	0.0836	0.0836	0.0881	0.0846	0.0840	0.0836	0.0813	0.0839	0.0871	
0.1011	0.0971	0.0927	0.0931	0.0913	0.0910	0.0898	0.0917	0.0980	0.0950	0.0914	0.0912	0.0889	0.0891	0.0891	0.0910	0.0958	0.0933	0.0903	0.0900	0.0893	0.0883	0.0890	0.0910	0.0928	0.0900	0.0889	0.0888	0.0895	0.0875	0.0882	0.0891	0.0881	0.0867	0.0842	0.0861	0.0855	0.0877	0.0903	0.0856	0.0868	0.0860	0.0860	0.0848	0.0852	0.0848	0.0847	0.0858	0.0895	0.0861	0.0848	0.0854	0.0852	0.0851	0.0852	0.0873	0.0855	0.0889	0.0870	0.0868	0.0849	0.0842	0.0860	0.0909	
0.1055	0.1009	0.0944	0.0947	0.0912	0.0920	0.0906	0.0930	0.1021	0.0983	0.0925	0.0928	0.0899	0.0902	0.0902	0.0924	0.0989	0.0965	0.0917	0.0918	0.0910	0.0899	0.0906	0.0918	0.0961	0.0926	0.0906	0.0897	0.0900	0.0888	0.0900	0.0902	0.0904	0.0900	0.0888	0.0893	0.0882	0.0889	0.0942	0.0878	0.0886	0.0891	0.0874	0.0883	0.0865	0.0873	0.0861	0.0869	0.0915	0.0894	0.0865	0.0886	0.0863	0.0872	0.0861	0.0887	0.0878	0.0920	0.0878	0.0901	0.0866	0.0869	0.0861	0.0925	
0.1066	0.1006	0.0952	0.0951	0.0953	0.0925	0.0914	0.0924	0.1021	0.0980	0.0932	0.0931	0.0903	0.0907	0.0907	0.0925	0.0993	0.0962	0.0923	0.0919	0.0908	0.0901	0.0908	0.0916	0.0951	0.0920	0.0908	0.0901	0.0909	0.0893	0.0901	0.0901	0.0936	0.0922	0.0923	0.0911	0.0926	0.0917	0.0974	0.0911	0.0917	0.0920	0.0908	0.0902	0.0886	0.0906	0.0882	0.0897	0.0948	0.0915	0.0889	0.0908	0.0890	0.0902	0.0890	0.0911	0.0906	0.0943	0.0908	0.0918	0.0886	0.0903	0.0893	0.0953	
0.1075	0.1015	0.0953	0.0950	0.0918	0.0920	0.0905	0.0927	0.1029	0.0988	0.0928	0.0932	0.0907	0.0905	0.0905	0.0920	0.1003	0.0963	0.0926	0.0919	0.0908	0.0899	0.0904	0.0921	0.0956	0.0920	0.0908	0.0899	0.0892	0.0890	0.0894	0.0906	0.0881	0.0844	0.0838	0.0840	0.0834	0.0853	0.0863	0.0841	0.0863	0.0847	0.0858	0.0842	0.0838	0.0833	0.0836	0.0830	0.0892	0.0843	0.0838	0.0851	0.0841	0.0827	0.0842	0.0843	0.0853	0.0878	0.0857	0.0854	0.0832	0.0832	0.0843	0.0877	
0.1110	0.1026	0.0957	0.0959	0.0918	0.0927	0.0914	0.0930	0.1052	0.0993	0.0936	0.0933	0.0904	0.0902	0.0904	0.0920	0.1014	0.0972	0.0925	0.0918	0.0907	0.0901	0.0905	0.0917	0.0969	0.0925	0.0907	0.0898	0.0898	0.0888	0.0895	0.0901	0.0909	0.0885	0.0880	0.0876	0.0876	0.0877	0.0925	0.0877	0.0886	0.0883	0.0875	0.0873	0.0862	0.0866	0.0852	0.0862	0.0911	0.0875	0.0855	0.0876	0.0859	0.0865	0.0858	0.0875	0.0867	0.0922	0.0875	0.0877	0.0862	0.0859	0.0860	0.0897	
0.1126	0.1047	0.0964	0.0960	0.0981	0.0936	0.0912	0.0929	0.1067	0.1009	0.0943	0.0937	0.0907	0.0906	0.0905	0.0923	0.1030	0.0980	0.0928	0.0918	0.0909	0.0902	0.0904	0.0921	0.0979	0.0929	0.0909	0.0904	0.0899	0.0892	0.0900	0.0901	0.0942	0.0916	0.0919	0.0899	0.0905	0.0909	0.0943	0.0882	0.0908	0.0911	0.0898	0.0900	0.0878	0.0892	0.0881	0.0888	0.0944	0.0911	0.0884	0.0894	0.0878	0.0884	0.0875	0.0899	0.0899	0.0951	0.0902	0.0908	0.0890	0.0885	0.0879	0.0939	
0.1160	0.1058	0.0970	0.0965	0.0923	0.0931	0.0915	0.0931	0.1089	0.1018	0.0947	0.0937	0.0911	0.0912	0.0906	0.0921	0.1041	0.0987	0.0933	0.0927	0.0911	0.0904	0.0906	0.0923	0.0990	0.0937	0.0914	0.0900	0.0905	0.0893	0.0902	0.0901	0.0914	0.0879	0.0866	0.0855	0.0854	0.0875	0.0912	0.0869	0.0891	0.0872	0.0877	0.0854	0.0862	0.0853	0.0849	0.0860	0.0914	0.0868	0.0860	0.0859	0.0853	0.0852	0.0854	0.0862	0.0870	0.0912	0.0878	0.0871	0.0855	0.0850	0.0853	0.0902	
0.1198	0.1076	0.0972	0.0969	0.0924	0.0932	0.0911	0.0927	0.1112	0.1030	0.0949	0.0942	0.0911	0.0907	0.0907	0.0921	0.1061	0.1000	0.0934	0.0925	0.0912	0.0902	0.0905	0.0927	0.1000	0.0941	0.0918	0.0906	0.0895	0.0895	0.0900	0.0899	0.0935	0.0910	0.0891	0.0884	0.0885	0.0888	0.0926	0.0877	0.0903	0.0896	0.0885	0.0882	0.0868	0.0877	0.0864	0.0872	0.0929	0.0890	0.0863	0.0881	0.0869	0.0877	0.0859	0.0880	0.0881	0.0933	0.0879	0.0886	0.0859	0.0864	0.0860	0.0913	
0.1238	0.1092	0.0980	0.0978	0.0994	0.0935	0.0914	0.0927	0.1140	0.1044	0.0955	0.0948	0.0910	0.0913	0.0910	0.0928	0.1084	0.1012	0.0947	0.0929	0.0912	0.0910	0.0908	0.0922	0.1012	0.0945	0.0919	0.0910	0.0901	0.0895	0.0903	0.0908	0.0924	0.0886	0.0876	0.0868	0.0877	0.0880	0.0902	0.0859	0.0889	0.0878	0.0874	0.0854	0.0855	0.0854	0.0849	0.0848	0.0912	0.0872	0.0854	0.0862	0.0854	0.0853	0.0855	0.0862	0.0867	0.0905	0.0866	0.0873	0.0857	0.0844	0.0862	0.0894	
0.1286	0.1109	0.0986	0.0977	0.0923	0.0933	0.0914	0.0931	0.1168	0.1057	0.0961	0.0951	0.0913	0.0913	0.0906	0.0920	0.1103	0.1015	0.0944	0.0929	0.0913	0.0906	0.0907	0.0918	0.1020	0.0955	0.0919	0.0910	0.0912	0.0891	0.0901	0.0897	0.0926	0.0889	0.0860	0.0868	0.0867	0.0869	0.0914	0.0861	0.0887	0.0879	0.0876	0.0857	0.0858	0.0855	0.0845	0.0856	0.0910	0.0873	0.0846	0.0865	0.0854	0.0854	0.0852	0.0859	0.0857	0.0892	0.0871	0.0872	0.0849	0.0841	0.0854	0.0901	
0.1339	0.1139	0.0992	0.0986	0.0928	0.1033	0.1022	0.1009	0.1201	0.1075	0.0967	0.0958	0.0959	0.1011	0.0945	0.0961	0.1130	0.1036	0.0951	0.0936	0.0966	0.1011	0.0985	0.0949	0.1036	0.0962	0.0920	0.0915	0.1004	0.0998	0.0934	0.0967	0.0949	0.0918	0.0895	0.0889	0.0873	0.0894	0.0939	0.0877	0.0903	0.0907	0.0880	0.0874	0.0855	0.0877	0.0850	0.0866	0.0929	0.0900	0.0851	0.0880	0.0860	0.0869	0.0843	0.0871	0.0874	0.0924	0.0873	0.0889	0.0855	0.0870	0.0855	0.0910	
0.1465	0.1159	0.1027	0.0990	0.0971	0.0983	0.0922	0.0912	0.1254	0.1119	0.1024	0.0938	0.0897	0.0915	0.0918	0.0926	0.1156	0.1066	0.1003	0.0942	0.0974	0.0939	0.0959	0.0902	0.1073	0.0968	0.1002	0.0920	0.0925	0.0898	0.0931	0.0936	0.0935	0.0882	0.0852	0.0861	0.0867	0.0854	0.0898	0.0844	0.0884	0.0868	0.0867	0.0854	0.0843	0.0842	0.0825	0.0832	0.0905	0.0862	0.0840	0.0853	0.0843	0.0836	0.0841	0.0847	0.0855	0.0895	0.0856	0.0856	0.0843	0.0833	0.0838	0.0892	
0.1429	0.1152	0.0982	0.0965	0.1003	0.0911	0.0895	0.0906	0.1259	0.1080	0.0957	0.0940	0.0895	0.0892	0.0889	0.0899	0.1160	0.1030	0.0934	0.0914	0.0897	0.0887	0.0884	0.0897	0.1044	0.0954	0.0905	0.0893	0.0897	0.0874	0.0879	0.0876	0.0954	0.0897	0.0870	0.0882	0.0858	0.0874	0.0904	0.0862	0.0903	0.0886	0.0878	0.0867	0.0857	0.0853	0.0851	0.0860	0.0920	0.0873	0.0857	0.0868	0.0857	0.0858	0.0839	0.0867	0.0866	0.0931	0.0870	0.0873	0.0849	0.0849	0.0856	0.0907	
0.1527	0.1207	0.1014	0.0996	0.0928	0.0942	0.0920	0.0932	0.1323	0.1125	0.0980	0.0965	0.0923	0.0919	0.0904	0.0924	0.1220	0.1072	0.0968	0.0939	0.0921	0.0905	0.0906	0.0921	0.1094	0.0984	0.0931	0.0921	0.0909	0.0898	0.0903	0.0904	0.0980	0.0926	0.0893	0.0895	0.0889	0.0895	0.0943	0.0868	0.0932	0.0909	0.0896	0.0887	0.0860	0.0881	0.0858	0.0869	0.0941	0.0903	0.0858	0.0888	0.0867	0.0882	0.0856	0.0871	0.0880	0.0926	0.0880	0.0894	0.0866	0.0876	0.0858	0.0911	
0.1612	0.1231	0.1014	0.1002	0.0932	0.0938	0.0915	0.0922	0.1375	0.1150	0.0998	0.0967	0.0928	0.0919	0.0911	0.0927	0.1256	0.1088	0.0969	0.0943	0.0920	0.0912	0.0907	0.0919	0.1109	0.0987	0.0937	0.0923	0.0915	0.0902	0.0900	0.0901	0.1015	0.0956	0.0931	0.0930	0.0925	0.0930	0.0974	0.0911	0.0952	0.0940	0.0923	0.0913	0.0890	0.0914	0.0881	0.0905	0.0978	0.0937	0.0899	0.0914	0.0895	0.0917	0.0888	0.0917	0.0916	0.0953	0.0913	0.0925	0.0900	0.0908	0.0898	0.0961	
0.1716	0.1266	0.1024	0.1007	0.1023	0.0942	0.0925	0.0929	0.1444	0.1172	0.1002	0.0980	0.0923	0.0922	0.0915	0.0925	0.1300	0.1103	0.0976	0.0949	0.0926	0.0911	0.0910	0.0920	0.1128	0.1001	0.0936	0.0924	0.0909	0.0899	0.0902	0.0906	0.0965	0.0889	0.0853	0.0859	0.0839	0.0853	0.0888	0.0827	0.0894	0.0871	0.0852	0.0842	0.0833	0.0834	0.0827	0.0832	0.0913	0.0860	0.0832	0.0840	0.0839	0.0836	0.0831	0.0830	0.0845	0.0869	0.0845	0.0852	0.0830	0.0820	0.0835	0.0875	
0.1819	0.1305	0.1033	0.1015	0.0938	0.0940	0.0923	0.0925	0.1512	0.1198	0.1007	0.0979	0.0925	0.0922	0.0915	0.0928	0.1349	0.1125	0.0982	0.0949	0.0928	0.0916	0.0911	0.0925	0.1162	0.1008	0.0939	0.0927	0.0925	0.0901	0.0898	0.0901	0.0995	0.0916	0.0869	0.0875	0.0864	0.0868	0.0894	0.0861	0.0919	0.0886	0.0878	0.0856	0.0843	0.0855	0.0847	0.0852	0.0933	0.0877	0.0850	0.0861	0.0853	0.0852	0.0852	0.0856	0.0864	0.0895	0.0864	0.0870	0.0857	0.0840	0.0855	0.0888	
0.1935	0.1339	0.1036	0.1017	0.1008	0.0944	0.0924	0.0930	0.1582	0.1221	0.1014	0.0983	0.0931	0.0923	0.0916	0.0924	0.1404	0.1149	0.0989	0.0954	0.0929	0.0920	0.0911	0.0927	0.1189	0.1024	0.0945	0.0929	0.0909	0.0904	0.0904	0.0902	0.1028	0.0936	0.0895	0.0891	0.0888	0.0892	0.0925	0.0875	0.0942	0.0915	0.0895	0.0885	0.0865	0.0872	0.0865	0.0867	0.0954	0.0908	0.0863	0.0880	0.0864	0.0875	0.0864	0.0882	0.0878	0.0943	0.0881	0.0891	0.0863	0.0872	0.0868	0.0912	
0.2080	0.1390	0.1043	0.1020	0.0939	0.0944	0.0921	0.0922	0.1676	0.1258	0.1015	0.0986	0.0928	0.0921	0.0912	0.0921	0.1454	0.1164	0.0989	0.0954	0.0934	0.0911	0.0909	0.0920	0.1214	0.1032	0.0948	0.0931	0.0907	0.0899	0.0900	0.0903	0.1053	0.0940	0.0921	0.0907	0.0918	0.0899	0.0950	0.0882	0.0952	0.0920	0.0910	0.0892	0.0875	0.0882	0.0867	0.0877	0.0970	0.0917	0.0877	0.0887	0.0878	0.0884	0.0878	0.0886	0.0896	0.0945	0.0893	0.0898	0.0880	0.0869	0.0870	0.0920	
0.2202	0.1429	0.1052	0.1027	0.0944	0.0945	0.0925	0.0926	0.1757	0.1289	0.1029	0.1020	0.0935	0.0924	0.0913	0.0927	0.1524	0.1187	0.0999	0.0963	0.0930	0.0918	0.0911	0.0924	0.1247	0.1043	0.0949	0.0936	0.0909	0.0905	0.0903	0.0906	0.1048	0.0920	0.0872	0.0876	0.0853	0.0867	0.0900	0.0854	0.0942	0.0889	0.0880	0.0854	0.0852	0.0854	0.0843	0.0850	0.0955	0.0878	0.0850	0.0866	0.0850	0.0851	0.0845	0.0850	0.0868	0.0897	0.0869	0.0861	0.0848	0.0844	0.0850	0.0887	
0.2401	0.1469	0.1059	0.1031	0.0944	0.0946	0.0921	0.0925	0.1866	0.1308	0.1033	0.0998	0.0931	0.0928	0.0916	0.0929	0.1603	0.1211	0.1003	0.0961	0.0932	0.0919	0.0907	0.0923	0.1285	0.1052	0.0953	0.0939	0.0916	0.0901	0.0902	0.0907	0.1092	0.0956	0.0905	0.0903	0.0898	0.0907	0.0915	0.0894	0.0966	0.0930	0.0904	0.0888	0.0866	0.0889	0.0863	0.0893	0.0976	0.0921	0.0865	0.0891	0.0866	0.0885	0.0865	0.0886	0.0889	0.0927	0.0887	0.0890	0.0867	0.0882	0.0872	0.0927	
0.2577	0.1513	0.1066	0.1032	0.1023	0.0944	0.0921	0.0925	0.1987	0.1357	0.1044	0.1002	0.0939	0.0927	0.0917	0.0927	0.1675	0.1228	0.1007	0.0961	0.0930	0.0920	0.0910	0.0922	0.1333	0.1065	0.0959	0.0942	0.0919	0.0901	0.0900	0.0907	0.1107	0.0971	0.0941	0.0927	0.0938	0.0921	0.0992	0.0909	0.0993	0.0940	0.0924	0.0908	0.0893	0.0900	0.0879	0.0904	0.1000	0.0935	0.0892	0.0907	0.0886	0.0900	0.0883	0.0902	0.0919	0.0944	0.0910	0.0917	0.0893	0.0896	0.0886	0.0950	
0.2742	0.1551	0.1072	0.1035	0.1012	0.0947	0.0922	0.0923	0.2123	0.1397	0.1050	0.1006	0.0942	0.0928	0.0920	0.0926	0.1772	0.1260	0.1015	0.0973	0.0928	0.0925	0.0918	0.0921	0.1372	0.1078	0.0961	0.0947	0.0917	0.0899	0.0904	0.0903	0.1104	0.0924	0.0866	0.0876	0.0857	0.0876	0.0909	0.0850	0.0960	0.0893	0.0883	0.0858	0.0852	0.0850	0.0840	0.0838	0.0965	0.0883	0.0849	0.0863	0.0859	0.0849	0.0847	0.0846	0.0871	0.0886	0.0865	0.0861	0.0855	0.0844	0.0850	0.0888	
0.3016	0.1614	0.1085	0.1047	0.0947	0.0950	0.0926	0.0923	0.2272	0.1429	0.1061	0.1015	0.0947	0.0931	0.0918	0.0933	0.1872	0.1285	0.1017	0.0971	0.0940	0.0923	0.0912	0.0921	0.1418	0.1100	0.0965	0.0947	0.0914	0.0904	0.0905	0.0906	0.1148	0.0962	0.0896	0.0895	0.0897	0.0894	0.0921	0.0868	0.0984	0.0918	0.0896	0.0882	0.0862	0.0879	0.0850	0.0869	0.0991	0.0911	0.0861	0.0887	0.0856	0.0872	0.0863	0.0868	0.0888	0.0924	0.0873	0.0892	0.0859	0.0866	0.0865	0.0913	
0.3238	0.1683	0.1089	0.1048	0.1041	0.0951	0.0933	0.0928	0.2444	0.1471	0.1068	0.1015	0.0940	0.0933	0.0919	0.0926	0.1979	0.1319	0.1033	0.0977	0.0936	0.0921	0.0910	0.0919	0.1502	0.1110	0.0967	0.0952	0.0914	0.0904	0.0908	0.0904	0.1198	0.1001	0.0949	0.0945	0.0935	0.0932	0.0988	0.0909	0.1028	0.0960	0.0931	0.0926	0.0893	0.0922	0.0879	0.0904	0.1026	0.0955	0.0901	0.0920	0.0897	0.0921	0.0891	0.0909	0.0923	0.0976	0.0915	0.0932	0.0901	0.0907	0.0891	0.0937	
0.3547	0.1755	0.1099	0.1060	0.0949	0.0952	0.0927	0.0923	0.2589	0.1529	0.1080	0.1024	0.0947	0.0927	0.0922	0.0928	0.2089	0.1348	0.1035	0.0982	0.0940	0.0923	0.0917	0.0919	0.1543	0.1125	0.0974	0.0956	0.0932	0.0900	0.0906	0.0900	0.1165	0.0932	0.0863	0.0866	0.0849	0.0861	0.0896	0.0833	0.0976	0.0886	0.0869	0.0845	0.0842	0.0839	0.0829	0.0829	0.0972	0.0868	0.0831	0.0838	0.0839	0.0835	0.0834	0.0835	0.0854	0.0882	0.0846	0.0844	0.0837	0.0822	0.0843	0.0863	
0.3891	0.1823	0.1111	0.1060	0.0948	0.0951	0.0931	0.0926	0.2815	0.1586	0.1095	0.1031	0.0953	0.0939	0.0926	0.0931	0.2248	0.1382	0.1051	0.0983	0.0941	0.0929	0.0916	0.0929	0.1615	0.1142	0.0978	0.0961	0.0917	0.0912	0.0905	0.0902	0.1225	0.0965	0.0879	0.0889	0.0871	0.0888	0.0920	0.0859	0.1001	0.0917	0.0890	0.0863	0.0854	0.0860	0.0840	0.0844	0.0997	0.0904	0.0855	0.0865	0.0854	0.0859	0.0848	0.0843	0.0875	0.0906	0.0867	0.0873	0.0845	0.0848	0.0852	0.0895	
0.4198	0.1899	0.1117	0.1066	0.0951	0.0953	0.0922	0.0927	0.3011	0.1641	0.1102	0.1041	0.0953	0.0936	0.0918	0.0924	0.2406	0.1421	0.1053	0.0990	0.0942	0.0920	0.0917	0.0921	0.1699	0.1152	0.0984	0.0963	0.0918	0.0908	0.0908	0.0903	0.1272	0.0994	0.0907	0.0910	0.0901	0.0897	0.0945	0.0876	0.1024	0.0934	0.0895	0.0881	0.0863	0.0877	0.0843	0.0881	0.1016	0.0924	0.0861	0.0871	0.0857	0.0871	0.0843	0.0881	0.0887	0.0928	0.0873	0.0884	0.0855	0.0868	0.0862	0.0905	
0.4519	0.1979	0.1129	0.1072	0.1037	0.0952	0.0925	0.0921	0.3260	0.1693	0.1107	0.1042	0.0956	0.0941	0.0924	0.0930	0.2543	0.1447	0.1060	0.0994	0.0949	0.0925	0.0913	0.0919	0.1778	0.1175	0.0987	0.0967	0.0927	0.0904	0.0908	0.0900	0.1266	0.0943	0.0863	0.0875	0.0856	0.0862	0.0885	0.0828	0.1008	0.0886	0.0868	0.0835	0.0830	0.0836	0.0832	0.0824	0.0997	0.0872	0.0835	0.0844	0.0832	0.0839	0.0837	0.0829	0.0852	0.0874	0.0848	0.0840	0.0835	0.0818	0.0832	0.0865	
0.4800	0.2055	0.1138	0.1076	0.0955	0.0956	0.0930	0.0922	0.3510	0.1765	0.1123	0.1055	0.0961	0.0939	0.0924	0.0929	0.2719	0.1494	0.1071	0.0998	0.0949	0.0929	0.0913	0.0928	0.1885	0.1196	0.0993	0.0978	0.0931	0.0910	0.0910	0.0907	0.1341	0.0971	0.0887	0.0896	0.0876	0.0883	0.0907	0.0854	0.1043	0.0917	0.0895	0.0867	0.0847	0.0870	0.0848	0.0854	0.1030	0.0903	0.0849	0.0868	0.0847	0.0863	0.0852	0.0857	0.0877	0.0915	0.0865	0.0869	0.0848	0.0855	0.0845	0.0895	
0.5144	0.2125	0.1145	0.1079	0.1038	0.0951	0.0924	0.0927	0.3764	0.1831	0.1130	0.1054	0.0959	0.0942	0.0919	0.0932	0.2941	0.1541	0.1077	0.1003	0.0951	0.0930	0.0912	0.0923	0.1975	0.1211	0.0998	0.0976	0.0924	0.0909	0.0904	0.0903	0.1395	0.1033	0.0953	0.0952	0.0940	0.0936	0.0967	0.0906	0.1101	0.0975	0.0940	0.0930	0.0895	0.0919	0.0880	0.0912	0.1073	0.0962	0.0898	0.0923	0.0897	0.0917	0.0884	0.0910	0.0925	0.0992	0.0915	0.0928	0.0897	0.0914	0.0890	0.0946	
0.5453	0.2222	0.1158	0.1084	0.1053	0.0953	0.0928	0.0923	0.4062	0.1915	0.1141	0.1099	0.0963	0.0938	0.0921	0.0929	0.3144	0.1581	0.1084	0.1005	0.0948	0.0928	0.0916	0.0920	0.2073	0.1234	0.1000	0.0986	0.0923	0.0909	0.0912	0.0900	0.1410	0.0964	0.0864	0.0873	0.0849	0.0852	0.0882	0.0838	0.1066	0.0902	0.0882	0.0842	0.0841	0.0832	0.0836	0.0842	0.1036	0.0882	0.0843	0.0839	0.0845	0.0845	0.0841	0.0831	0.0871	0.0894	0.0855	0.0846	0.0840	0.0830	0.0838	0.0874	
0.5763	0.2328	0.1169	0.1091	0.1037	0.0953	0.0926	0.0923	0.4386	0.1984	0.1162	0.1064	0.0969	0.0942	0.0921	0.0931	0.3348	0.1618	0.1096	0.1016	0.0959	0.0934	0.0919	0.0922	0.2214	0.1248	0.1006	0.0989	0.0921	0.0912	0.0909	0.0905	0.1506	0.1010	0.0896	0.0908	0.0884	0.0888	0.0918	0.0863	0.1116	0.0935	0.0905	0.0872	0.0859	0.0869	0.0844	0.0864	0.1077	0.0921	0.0859	0.0873	0.0861	0.0865	0.0856	0.0858	0.0887	0.0924	0.0872	0.0883	0.0848	0.0860	0.0849	0.0900	
0.6030	0.2397	0.1169	0.1098	0.1035	0.0954	0.0929	0.0926	0.4635	0.2067	0.1166	0.1076	0.0970	0.0947	0.0927	0.0927	0.3586	0.1683	0.1099	0.1019	0.0960	0.0935	0.0917	0.0924	0.2347	0.1281	0.1012	0.0993	0.0930	0.0913	0.0911	0.0904	0.1568	0.1035	0.0917	0.0923	0.0899	0.0899	0.0945	0.0875	0.1142	0.0953	0.0904	0.0887	0.0864	0.0874	0.0849	0.0863	0.1098	0.0943	0.0863	0.0889	0.0865	0.0862	0.0856	0.0866	0.0896	0.0930	0.0879	0.0891	0.0861	0.0867	0.0860	0.0909	
0.6295	0.2520	0.1184	0.1102	0.0982	0.0957	0.0930	0.0920	0.4963	0.2150	0.1175	0.1075	0.0972	0.0945	0.0922	0.0929	0.3829	0.1730	0.1101	0.1016	0.0959	0.0927	0.0918	0.0919	0.2497	0.1303	0.1011	0.0993	0.0922	0.0909	0.0906	0.0901	0.1636	0.1054	0.0952	0.0944	0.0927	0.0926	0.0969	0.0887	0.1177	0.0975	0.0930	0.0907	0.0876	0.0907	0.0865	0.0895	0.1127	0.0962	0.0885	0.0911	0.0869	0.0900	0.0872	0.0885	0.0921	0.0954	0.0893	0.0915	0.0873	0.0896	0.0923	0.0931	
0.6523	0.2630	0.1194	0.1104	0.1045	0.0958	0.0931	0.0925	0.5280	0.2250	0.1194	0.1075	0.0981	0.0944	0.0931	0.0933	0.4101	0.1798	0.1110	0.1024	0.0966	0.0937	0.0917	0.0924	0.2600	0.1328	0.1020	0.0996	0.0932	0.0914	0.0914	0.0908	0.1661	0.1025	0.0929	0.0923	0.0928	0.0899	0.0968	0.0889	0.1174	0.0947	0.0918	0.0892	0.0871	0.0884	0.0862	0.0881	0.1124	0.0930	0.0878	0.0891	0.0866	0.0878	0.0860	0.0883	0.0907	0.0936	0.0888	0.0899	0.0865	0.0873	0.0865	0.0930	
0.6754	0.2742	0.1209	0.1117	0.1052	0.0959	0.0935	0.0923	0.5590	0.2358	0.1204	0.1094	0.0981	0.0949	0.0935	0.0931	0.4394	0.1847	0.1124	0.1034	0.0966	0.0938	0.0920	0.0924	0.2778	0.1350	0.1028	0.1004	0.0930	0.0916	0.0909	0.0904	0.1743	0.1004	0.0878	0.0882	0.0852	0.0866	0.0898	0.0833	0.1186	0.0920	0.0895	0.0853	0.0854	0.0851	0.0831	0.0838	0.1121	0.0899	0.0844	0.0843	0.0847	0.0836	0.0844	0.0840	0.0874	0.0905	0.0860	0.0847	0.0844	0.0821	0.0851	0.0871	
0.7005	0.2880	0.1216	0.1122	0.0963	0.0957	0.0929	0.0921	0.5985	0.2475	0.1214	0.1098	0.0984	0.0947	0.0929	0.0930	0.4721	0.1919	0.1134	0.1039	0.0967	0.0937	0.0922	0.0922	0.3005	0.1384	0.1038	0.1010	0.0933	0.0917	0.0909	0.0904	0.1842	0.1039	0.0901	0.0907	0.0870	0.0892	0.0908	0.0854	0.1227	0.0934	0.0902	0.0867	0.0851	0.0862	0.0846	0.0857	0.1157	0.0923	0.0845	0.0870	0.0859	0.0860	0.0844	0.0848	0.0887	0.0922	0.0865	0.0872	0.0850	0.0848	0.0841	0.0898	
0.7223	0.2996	0.1230	0.1128	0.1055	0.0963	0.0930	0.0920	0.6208	0.2578	0.1230	0.1102	0.0985	0.0952	0.0931	0.0927	0.4986	0.1984	0.1142	0.1041	0.0971	0.0942	0.0918	0.0923	0.3194	0.1419	0.1041	0.1013	0.0933	0.0920	0.0914	0.0908	0.1934	0.1058	0.0917	0.0915	0.0892	0.0890	0.0916	0.0868	0.1252	0.0949	0.0908	0.0873	0.0856	0.0875	0.0851	0.0863	0.1182	0.0938	0.0854	0.0880	0.0854	0.0869	0.0850	0.0860	0.0900	0.0937	0.0871	0.0880	0.0850	0.0862	0.0861	0.0900	
0.7349	0.3133	0.1246	0.1132	0.0966	0.0964	0.0934	0.0923	0.6491	0.2702	0.1247	0.1110	0.0991	0.0954	0.0931	0.0930	0.5281	0.2061	0.1155	0.1047	0.0975	0.0944	0.0924	0.0928	0.3367	0.1446	0.1035	0.1015	0.0936	0.0919	0.0917	0.0904	0.2041	0.1063	0.0948	0.0940	0.0925	0.0906	0.0952	0.0886	0.1291	0.0971	0.0935	0.0901	0.0873	0.0889	0.0868	0.0868	0.1214	0.0951	0.0882	0.0903	0.0878	0.0883	0.0867	0.0879	0.0925	0.0958	0.0909	0.0906	0.0876	0.0877	0.0870	0.0922	
0.7428	0.3256	0.1254	0.1134	0.0971	0.0964	0.0933	0.0918	0.6687	0.2817	0.1257	0.1114	0.0995	0.0956	0.0937	0.0929	0.5568	0.2143	0.1162	0.1054	0.0975	0.0945	0.0923	0.0926	0.3611	0.1474	0.1050	0.1025	0.0936	0.0919	0.0915	0.0904	0.2126	0.1027	0.0880	0.0882	0.0855	0.0860	0.0890	0.0832	0.1310	0.0921	0.0893	0.0845	0.0847	0.0839	0.0832	0.0828	0.1205	0.0902	0.0838	0.0844	0.0841	0.0835	0.0841	0.0831	0.0880	0.0890	0.0858	0.0849	0.0834	0.0828	0.0842	0.0873	
0.7528	0.3428	0.1268	0.1151	0.0968	0.0969	0.0935	0.0918	0.6928	0.2964	0.1273	0.1127	0.1002	0.0958	0.0934	0.0939	0.5893	0.2224	0.1170	0.1054	0.0979	0.0945	0.0921	0.0927	0.3854	0.1509	0.1057	0.1030	0.0945	0.0919	0.0915	0.0902	0.2276	0.1070	0.0902	0.0904	0.0873	0.0878	0.0909	0.0862	0.1366	0.0946	0.0908	0.0867	0.0851	0.0864	0.0841	0.0862	0.1252	0.0933	0.0852	0.0871	0.0849	0.0856	0.0848	0.0863	0.0899	0.0914	0.0867	0.0870	0.0843	0.0850	0.0837	0.0896	
0.7526	0.3557	0.1270	0.1145	0.0971	0.0959	0.0937	0.0922	0.6993	0.3082	0.1280	0.1127	0.1002	0.0959	0.0936	0.0932	0.6122	0.2303	0.1177	0.1061	0.0982	0.0951	0.0927	0.0922	0.4086	0.1542	0.1064	0.1030	0.0938	0.0924	0.0915	0.0899	0.2446	0.1107	0.0926	0.0926	0.0910	0.0894	0.0943	0.0880	0.1428	0.0976	0.0919	0.0886	0.0865	0.0884	0.0864	0.0875	0.1304	0.0959	0.0861	0.0882	0.0864	0.0879	0.0859	0.0876	0.0915	0.0929	0.0881	0.0890	0.0861	0.0872	0.0853	0.0927	
0.7570	0.3699	0.1290	0.1155	0.0971	0.0968	0.0938	0.0922	0.7119	0.3239	0.1299	0.1133	0.1012	0.0962	0.0937	0.0935	0.6358	0.2375	0.1193	0.1065	0.0986	0.0950	0.0928	0.0929	0.4327	0.1574	0.1067	0.1042	0.0944	0.0922	0.0919	0.0903	0.2542	0.1133	0.0963	0.0964	0.0939	0.0932	0.0978	0.0903	0.1464	0.1003	0.0939	0.0916	0.0881	0.0916	0.0867	0.0898	0.1341	0.0981	0.0887	0.0919	0.0884	0.0910	0.0871	0.0903	0.0938	0.0960	0.0901	0.0916	0.0882	0.0900	0.0881	0.0929	
0.7598	0.3859	0.1297	0.1154	0.0973	0.0961	0.0934	0.0921	0.7070	0.3391	0.1306	0.1137	0.1003	0.0956	0.0940	0.0934	0.6492	0.2456	0.1201	0.1067	0.0990	0.0952	0.0927	0.0925	0.4599	0.1604	0.1074	0.1044	0.0937	0.0920	0.0914	0.0903	0.2619	0.1084	0.0905	0.0906	0.0895	0.0871	0.0925	0.0852	0.1473	0.0947	0.0907	0.0867	0.0860	0.0857	0.0840	0.0847	0.1336	0.0919	0.0851	0.0862	0.0850	0.0851	0.0852	0.0844	0.0902	0.0917	0.0864	0.0859	0.0844	0.0831	0.0863	0.0881	
0.7595	0.4003	0.1300	0.1160	0.1026	0.0967	0.0937	0.0923	0.7111	0.3567	0.1327	0.1149	0.1019	0.0967	0.0936	0.0934	0.6540	0.2544	0.1205	0.1073	0.0991	0.0951	0.0928	0.0932	0.4844	0.1630	0.1083	0.1048	0.0945	0.0925	0.0922	0.0906	0.2837	0.1101	0.0903	0.0913	0.0881	0.0881	0.0896	0.0855	0.1551	0.0949	0.0916	0.0861	0.0847	0.0859	0.0843	0.0845	0.1388	0.0929	0.0854	0.0857	0.0855	0.0846	0.0841	0.0839	0.0907	0.0918	0.0867	0.0864	0.0856	0.0842	0.0845	0.0885	
0.7642	0.4203	0.1318	0.1173	0.0978	0.0972	0.0937	0.0924	0.7160	0.3747	0.1335	0.1158	0.1015	0.0968	0.0947	0.0942	0.6649	0.2638	0.1220	0.1083	0.0995	0.0957	0.0932	0.0931	0.5071	0.1672	0.1088	0.1061	0.0956	0.0928	0.0920	0.0911	0.2988	0.1111	0.0916	0.0924	0.0882	0.0892	0.0914	0.0860	0.1621	0.0969	0.0923	0.0874	0.0861	0.0873	0.0850	0.0853	0.1447	0.0944	0.0870	0.0879	0.0855	0.0855	0.0864	0.0857	0.0915	0.0927	0.0881	0.0872	0.0860	0.0855	0.0856	0.0896	
0.7617	0.4333	0.1323	0.1172	0.1028	0.0968	0.0938	0.0917	0.7157	0.3884	0.1351	0.1164	0.1018	0.0966	0.0942	0.0935	0.6690	0.2751	0.1227	0.1085	0.0997	0.0956	0.0931	0.0929	0.5368	0.1704	0.1087	0.1063	0.0949	0.0929	0.0916	0.0907	0.3192	0.1148	0.0936	0.0943	0.0910	0.0896	0.0940	0.0872	0.1681	0.0993	0.0934	0.0887	0.0859	0.0884	0.0854	0.0871	0.1492	0.0973	0.0873	0.0890	0.0865	0.0876	0.0866	0.0863	0.0923	0.0932	0.0883	0.0886	0.0867	0.0869	0.0867	0.0915	
0.7661	0.4535	0.1342	0.1187	0.0978	0.0994	0.0935	0.0921	0.7167	0.4101	0.1369	0.1171	0.1025	0.0987	0.0943	0.0939	0.6692	0.2841	0.1236	0.1086	0.1001	0.0960	0.0929	0.0930	0.5589	0.1756	0.1098	0.1069	0.0953	0.0922	0.0922	0.0901	0.3357	0.1181	0.0965	0.0967	0.0936	0.0942	0.0970	0.0909	0.1733	0.1013	0.0954	0.0926	0.0887	0.0925	0.0879	0.0902	0.1530	0.0997	0.0893	0.0923	0.0885	0.0912	0.0880	0.0902	0.0960	0.0964	0.0910	0.0923	0.0889	0.0904	0.0881	0.0943	
0.7691	0.4736	0.1348	0.1187	0.0983	0.0970	0.0933	0.0921	0.7215	0.4271	0.1382	0.1179	0.1024	0.0974	0.0942	0.0940	0.6778	0.2949	0.1247	0.1091	0.1001	0.0953	0.0935	0.0930	0.5819	0.1792	0.1107	0.1072	0.0967	0.0933	0.0920	0.0905	0.3512	0.1126	0.0900	0.0911	0.0876	0.0887	0.0914	0.0853	0.1777	0.0960	0.0923	0.0862	0.0858	0.0855	0.0843	0.0840	0.1561	0.0937	0.0852	0.0851	0.0852	0.0852	0.0842	0.0843	0.0916	0.0897	0.0869	0.0853	0.0846	0.0843	0.0844	0.0880	
0.7702	0.4885	0.1358	0.1188	0.1079	0.0970	0.0934	0.0922	0.7173	0.4458	0.1395	0.1176	0.1031	0.0970	0.0943	0.0939	0.6751	0.3056	0.1253	0.1095	0.1006	0.0966	0.0931	0.0930	0.5889	0.1819	0.1109	0.1076	0.0957	0.0931	0.0924	0.0905	0.3708	0.1168	0.0938	0.0940	0.0907	0.0908	0.0937	0.0874	0.1870	0.0993	0.0927	0.0886	0.0868	0.0893	0.0855	0.0871	0.1634	0.0962	0.0872	0.0882	0.0868	0.0881	0.0860	0.0874	0.0939	0.0938	0.0885	0.0894	0.0858	0.0873	0.0868	0.0911	
