0.0889	0.0893	0.0895	0.0908	0.0968	0.1149	0.1182	0.1371	0.0912	0.0903	0.0905	0.0917	0.1079	0.1572	0.1572	0.1708	0.0889	0.0925	0.0884	0.0906	0.1261	0.1062	0.1385	0.1645	0.1091	0.1279	0.0901	0.1153	0.1324	0.1343	0.1595	0.1645	0.1180	0.1126	0.1415	0.1212	0.1536	0.1679	0.1616	0.2314	0.1460	0.1753	0.1432	0.1684	0.2035	0.1990	0.1988	0.1771	0.1806	0.1463	0.1475	0.1492	0.2248	0.1932	0.2323	0.3018	0.2026	0.1552	0.1500	0.1677	0.1997	0.1796	0.1900	0.1903	
0.0890	0.0886	0.0894	0.0891	0.0896	0.0914	0.0911	0.0980	0.0901	0.0893	0.0912	0.0896	0.0895	0.0919	0.0962	0.1187	0.0880	0.0873	0.0893	0.0904	0.0968	0.0986	0.1026	0.1309	0.0888	0.0870	0.0907	0.0893	0.0958	0.0948	0.1213	0.1357	0.0872	0.0892	0.0901	0.1045	0.1199	0.1318	0.1414	0.1747	0.0911	0.0912	0.0952	0.1038	0.1495	0.1197	0.1222	0.1376	0.0894	0.1042	0.1224	0.1178	0.1586	0.2089	0.1884	0.2110	0.1069	0.1308	0.1465	0.1721	0.1792	0.1786	0.1871	0.2063	
0.0891	0.0879	0.0889	0.0888	0.0899	0.0906	0.0913	0.0947	0.0894	0.0891	0.0892	0.0896	0.0886	0.0910	0.0914	0.1054	0.0875	0.0874	0.0877	0.0892	0.0900	0.0916	0.0939	0.1193	0.0888	0.0875	0.0891	0.0880	0.0920	0.0920	0.1148	0.1294	0.0877	0.0921	0.0894	0.0982	0.1126	0.1349	0.1354	0.1742	0.0882	0.0896	0.0921	0.0919	0.1314	0.1236	0.1198	0.1413	0.0876	0.0967	0.1108	0.1146	0.1595	0.1979	0.1864	0.1961	0.1030	0.1220	0.1240	0.1681	0.1636	0.1703	0.1733	0.1977	
0.0891	0.0886	0.0896	0.0888	0.0896	0.0900	0.0904	0.0909	0.0895	0.0895	0.0905	0.0888	0.0888	0.0899	0.0907	0.1016	0.0872	0.0870	0.0884	0.0890	0.0907	0.0896	0.0930	0.1214	0.0885	0.0873	0.0915	0.0885	0.0901	0.0947	0.1172	0.1236	0.0871	0.0884	0.0890	0.0939	0.1089	0.1338	0.1397	0.1789	0.0884	0.0885	0.0938	0.0924	0.1293	0.1237	0.1210	0.1378	0.0882	0.0997	0.1234	0.1078	0.1646	0.1991	0.1801	0.1982	0.1013	0.1217	0.1309	0.1530	0.1717	0.1617	0.1721	0.2004	
0.0888	0.0879	0.0887	0.0892	0.0892	0.0878	0.0893	0.0915	0.0890	0.0888	0.0902	0.0888	0.0888	0.0898	0.0895	0.1019	0.0869	0.0863	0.0873	0.0892	0.0894	0.0880	0.0927	0.1199	0.0880	0.0872	0.0893	0.0887	0.0894	0.0922	0.1141	0.1294	0.0881	0.0881	0.0894	0.0955	0.1093	0.1210	0.1343	0.1737	0.0877	0.0881	0.0899	0.0912	0.1303	0.1227	0.1199	0.1390	0.0873	0.0929	0.1110	0.1082	0.1694	0.2104	0.1740	0.1946	0.0990	0.1192	0.1262	0.1655	0.1819	0.1666	0.1815	0.1961	
0.0883	0.0882	0.0888	0.0899	0.0890	0.0885	0.0895	0.0909	0.0894	0.0887	0.0891	0.0887	0.0896	0.0901	0.0900	0.0979	0.0871	0.0868	0.0881	0.0885	0.0897	0.0894	0.0913	0.1198	0.0895	0.0874	0.0914	0.0887	0.0894	0.0911	0.1175	0.1202	0.0961	0.0895	0.0892	0.0919	0.1076	0.1281	0.1349	0.1742	0.0883	0.0882	0.0915	0.0927	0.1352	0.1125	0.1132	0.1337	0.0878	0.0931	0.1097	0.1104	0.1690	0.1904	0.1778	0.1914	0.1011	0.1211	0.1298	0.1621	0.1666	0.1713	0.1692	0.1986	
0.0887	0.0879	0.0892	0.0892	0.0898	0.0890	0.0900	0.0929	0.0899	0.0887	0.0900	0.0889	0.0891	0.0898	0.0908	0.0998	0.0868	0.0869	0.0878	0.0881	0.0905	0.0885	0.0911	0.1211	0.0894	0.0874	0.0896	0.0881	0.0887	0.0908	0.1111	0.1243	0.0868	0.0881	0.0897	0.0910	0.1051	0.1227	0.1285	0.1696	0.0884	0.0878	0.0910	0.0905	0.1162	0.1168	0.1153	0.1392	0.0873	0.0909	0.1117	0.1065	0.1543	0.1859	0.1748	0.2021	0.0957	0.1228	0.1184	0.1634	0.1737	0.1668	0.1881	0.1831	
0.0887	0.0880	0.0894	0.0891	0.0902	0.0887	0.0884	0.0892	0.0890	0.0892	0.0911	0.0891	0.0899	0.0903	0.0899	0.0992	0.0873	0.0872	0.0879	0.0878	0.0909	0.0885	0.0924	0.1190	0.0886	0.0869	0.0890	0.0884	0.0893	0.0910	0.1108	0.1253	0.0887	0.0892	0.0887	0.0918	0.1074	0.1230	0.1258	0.1729	0.0882	0.0889	0.0900	0.0902	0.1169	0.1201	0.1165	0.1246	0.0879	0.0955	0.1050	0.1059	0.1566	0.2057	0.1831	0.1856	0.0970	0.1188	0.1197	0.1556	0.1828	0.1688	0.1762	0.1977	
0.0885	0.0878	0.0886	0.0887	0.0898	0.0884	0.0885	0.0899	0.0895	0.0895	0.0997	0.0887	0.0893	0.0905	0.0894	0.0981	0.0874	0.0871	0.0879	0.0883	0.0889	0.0889	0.0910	0.1177	0.0887	0.0884	0.0905	0.0878	0.0888	0.0910	0.1155	0.1224	0.0899	0.0899	0.0887	0.0902	0.1047	0.1279	0.1286	0.1722	0.0885	0.0874	0.0894	0.0917	0.1261	0.1178	0.1232	0.1330	0.0860	0.0921	0.1088	0.1034	0.1625	0.2025	0.1830	0.2030	0.0977	0.1207	0.1216	0.1634	0.1813	0.1755	0.1801	0.1725	
0.0889	0.0887	0.0893	0.0901	0.0900	0.0891	0.0896	0.0897	0.0899	0.0900	0.0911	0.0894	0.0897	0.0906	0.0905	0.0998	0.0875	0.0876	0.0886	0.0889	0.0891	0.0898	0.0914	0.1152	0.0899	0.0879	0.0902	0.0898	0.0898	0.0899	0.1147	0.1270	0.0883	0.0888	0.0897	0.0898	0.1053	0.1214	0.1328	0.1625	0.0887	0.0889	0.0890	0.0902	0.1203	0.1135	0.1150	0.1296	0.0876	0.0923	0.1167	0.1029	0.1530	0.2002	0.1742	0.1957	0.0965	0.1195	0.1202	0.1608	0.1859	0.1758	0.1746	0.1865	
0.0895	0.0886	0.0900	0.0888	0.0902	0.0884	0.0892	0.0920	0.0898	0.0896	0.0907	0.0888	0.0890	0.0898	0.0904	0.0978	0.0877	0.0867	0.0887	0.0883	0.0889	0.0885	0.0908	0.1176	0.0884	0.0877	0.0895	0.0891	0.0897	0.0901	0.1243	0.1211	0.0940	0.0884	0.0887	0.0907	0.1058	0.1239	0.1275	0.1773	0.0885	0.0878	0.0891	0.0893	0.1183	0.1212	0.1151	0.1418	0.0874	0.0915	0.1092	0.1035	0.1607	0.1941	0.1831	0.1926	0.0946	0.1155	0.1190	0.1577	0.1756	0.1761	0.1712	0.1838	
0.0894	0.0886	0.0893	0.0889	0.0902	0.0879	0.0893	0.0888	0.0884	0.0888	0.0891	0.0895	0.0882	0.0893	0.0895	0.0979	0.0872	0.0864	0.0872	0.0878	0.0889	0.0883	0.0889	0.1181	0.0889	0.0868	0.0905	0.0878	0.0885	0.0899	0.1164	0.1221	0.0867	0.0877	0.0893	0.0898	0.1048	0.1298	0.1254	0.1580	0.0879	0.0883	0.0879	0.0890	0.1185	0.1205	0.1152	0.1435	0.0857	0.0883	0.1024	0.1029	0.1594	0.1911	0.1751	0.2017	0.0958	0.1160	0.1286	0.1606	0.1741	0.1802	0.1766	0.1889	
0.0895	0.0891	0.0892	0.0900	0.0905	0.0886	0.0888	0.0899	0.0914	0.0897	0.0902	0.0895	0.0889	0.0902	0.0908	0.0983	0.0882	0.0887	0.0885	0.0915	0.0910	0.0885	0.0897	0.1155	0.0896	0.0877	0.0893	0.0889	0.0890	0.0908	0.1174	0.1203	0.0884	0.0883	0.0900	0.0897	0.1034	0.1216	0.1242	0.1736	0.0887	0.0875	0.0918	0.0915	0.1225	0.1214	0.1095	0.1308	0.0876	0.0919	0.1091	0.1016	0.1575	0.1818	0.1892	0.1857	0.0966	0.1195	0.1239	0.1600	0.1748	0.1586	0.1710	0.1859	
0.0907	0.0892	0.0939	0.0906	0.0915	0.0890	0.0894	0.0899	0.0912	0.0909	0.0913	0.0898	0.0907	0.0909	0.0912	0.0972	0.0886	0.0880	0.0886	0.0891	0.0917	0.0894	0.0915	0.1173	0.0900	0.0888	0.0893	0.0894	0.0894	0.0909	0.1079	0.1272	0.0879	0.0906	0.0897	0.0895	0.1045	0.1303	0.1232	0.1684	0.0896	0.0887	0.0918	0.0909	0.1204	0.1128	0.1089	0.1328	0.0891	0.0939	0.1082	0.1038	0.1513	0.1782	0.1716	0.1932	0.0941	0.1260	0.1249	0.1608	0.1759	0.1657	0.1797	0.1943	
0.0905	0.0899	0.0908	0.0896	0.0909	0.0902	0.0894	0.0899	0.0905	0.0900	0.0920	0.0896	0.0891	0.0910	0.0902	0.0971	0.0887	0.0881	0.0888	0.0898	0.0900	0.0891	0.0906	0.1198	0.0902	0.0886	0.0897	0.0888	0.0896	0.0912	0.1090	0.1195	0.0876	0.0894	0.0903	0.0903	0.1060	0.1296	0.1249	0.1738	0.0885	0.0884	0.0895	0.0908	0.1145	0.1124	0.1178	0.1318	0.0873	0.0910	0.1066	0.1011	0.1481	0.1992	0.1886	0.1944	0.0964	0.1175	0.1265	0.1610	0.1618	0.1590	0.1717	0.1844	
0.0899	0.0893	0.0900	0.0964	0.0906	0.0884	0.0890	0.0890	0.0897	0.0901	0.0906	0.0911	0.0901	0.0893	0.0900	0.1006	0.0878	0.0880	0.0883	0.0883	0.0909	0.0886	0.0916	0.1148	0.0897	0.0890	0.0920	0.0879	0.0889	0.0907	0.1101	0.1240	0.0877	0.0886	0.0889	0.0901	0.1040	0.1261	0.1232	0.1561	0.0891	0.0876	0.0885	0.0905	0.1247	0.1129	0.1124	0.1319	0.0870	0.0904	0.1149	0.1029	0.1666	0.1944	0.1881	0.1830	0.0956	0.1162	0.1250	0.1675	0.1543	0.1820	0.1648	0.1840	
0.0909	0.0900	0.0907	0.0898	0.0914	0.0900	0.0891	0.0895	0.0913	0.0904	0.0905	0.0902	0.0893	0.0910	0.0905	0.0951	0.0894	0.0878	0.0879	0.0894	0.0900	0.0883	0.0916	0.1179	0.0904	0.0879	0.0914	0.0888	0.0896	0.0912	0.1115	0.1216	0.0875	0.0888	0.0894	0.0896	0.1036	0.1329	0.1204	0.1667	0.0885	0.0894	0.0936	0.0908	0.1231	0.1220	0.1205	0.1371	0.0869	0.0905	0.1114	0.1041	0.1543	0.1912	0.1913	0.1865	0.0951	0.1164	0.1249	0.1581	0.1753	0.1583	0.1737	0.2052	
0.0921	0.0902	0.0911	0.0905	0.0908	0.0897	0.0898	0.0904	0.0917	0.0914	0.0922	0.0908	0.0911	0.0916	0.0903	0.0989	0.0891	0.0892	0.0896	0.0896	0.0912	0.0897	0.0906	0.1186	0.0909	0.0895	0.0911	0.0888	0.0899	0.0917	0.1095	0.1267	0.0885	0.0896	0.0894	0.0906	0.1048	0.1243	0.1235	0.1768	0.0887	0.0888	0.0903	0.0913	0.1211	0.1158	0.1113	0.1375	0.0883	0.0951	0.1132	0.1039	0.1668	0.2073	0.1773	0.1938	0.0949	0.1177	0.1259	0.1529	0.1624	0.1608	0.1784	0.1735	
0.0915	0.0907	0.0920	0.0951	0.0915	0.0895	0.0909	0.0907	0.0922	0.0918	0.0920	0.0904	0.0918	0.0906	0.0904	0.0982	0.0889	0.0884	0.0899	0.0904	0.0899	0.0895	0.0920	0.1197	0.0900	0.0895	0.0904	0.0899	0.0897	0.0913	0.1085	0.1290	0.0893	0.0896	0.0900	0.0899	0.1048	0.1288	0.1266	0.1658	0.0893	0.0887	0.0887	0.0912	0.1245	0.1137	0.1165	0.1297	0.0887	0.0931	0.1178	0.1035	0.1652	0.1970	0.1633	0.1899	0.0957	0.1185	0.1275	0.1710	0.1665	0.1643	0.1744	0.1833	
0.0936	0.0914	0.0923	0.0911	0.0912	0.0902	0.0898	0.0909	0.0939	0.0925	0.0928	0.0913	0.0904	0.0909	0.0909	0.0972	0.0902	0.0897	0.0892	0.0898	0.0894	0.0900	0.0910	0.1157	0.0918	0.0902	0.0901	0.0899	0.0911	0.0955	0.1098	0.1211	0.0899	0.0890	0.0902	0.0902	0.1050	0.1218	0.1194	0.1710	0.0892	0.0887	0.0896	0.0916	0.1264	0.1110	0.1109	0.1291	0.0886	0.0922	0.1108	0.1007	0.1640	0.1873	0.1716	0.1933	0.0974	0.1172	0.1201	0.1564	0.1709	0.1609	0.1673	0.1902	
0.0952	0.0921	0.0924	0.0918	0.0920	0.0913	0.0911	0.0915	0.0934	0.0922	0.0933	0.0912	0.0917	0.0913	0.0918	0.0973	0.0909	0.0901	0.0899	0.0898	0.0911	0.0900	0.0911	0.1183	0.0927	0.0906	0.0923	0.0904	0.0904	0.0917	0.1126	0.1238	0.0892	0.0902	0.0909	0.0906	0.1032	0.1207	0.1235	0.1608	0.0900	0.0901	0.0899	0.0906	0.1206	0.1144	0.1181	0.1291	0.0891	0.0907	0.1051	0.1021	0.1523	0.1851	0.1734	0.1905	0.0973	0.1199	0.1200	0.1686	0.1677	0.1669	0.1672	0.1856	
0.0952	0.0928	0.0935	0.0931	0.0920	0.0907	0.0905	0.0910	0.0947	0.0927	0.0928	0.0923	0.0924	0.0917	0.0922	0.0967	0.0908	0.0900	0.0905	0.0904	0.0905	0.0903	0.0923	0.1190	0.0919	0.0909	0.0947	0.0904	0.0902	0.0911	0.1134	0.1298	0.0897	0.0917	0.0917	0.0916	0.1044	0.1294	0.1297	0.1719	0.0907	0.0892	0.0906	0.0915	0.1203	0.1158	0.1184	0.1356	0.0892	0.0960	0.1046	0.1040	0.1589	0.1949	0.1639	0.1971	0.0961	0.1236	0.1236	0.1590	0.1778	0.1686	0.1790	0.1818	
0.0953	0.0925	0.0934	0.0919	0.0913	0.0910	0.0899	0.0905	0.0936	0.0928	0.0950	0.0915	0.0907	0.0927	0.0901	0.0973	0.0909	0.0897	0.0903	0.0894	0.0894	0.0897	0.0903	0.1175	0.0918	0.0897	0.0929	0.0894	0.0896	0.0945	0.1107	0.1198	0.0885	0.0896	0.0910	0.0893	0.1062	0.1252	0.1208	0.1678	0.0892	0.0883	0.0909	0.0907	0.1205	0.1133	0.1166	0.1291	0.0893	0.0903	0.1194	0.1050	0.1593	0.1977	0.1785	0.1968	0.0959	0.1173	0.1247	0.1585	0.1689	0.1698	0.1716	0.1839	
0.0951	0.0918	0.0932	0.0911	0.0908	0.0893	0.0901	0.0904	0.0932	0.0931	0.0933	0.0914	0.0908	0.0903	0.0900	0.0968	0.0910	0.0900	0.0901	0.0897	0.0893	0.0891	0.0900	0.1168	0.0916	0.0897	0.0902	0.0892	0.0890	0.0910	0.1103	0.1212	0.0894	0.0892	0.0896	0.0893	0.1017	0.1224	0.1252	0.1655	0.0899	0.0892	0.0895	0.0883	0.1240	0.1141	0.1158	0.1253	0.0870	0.0897	0.1096	0.1090	0.1641	0.1895	0.1746	0.1974	0.0929	0.1188	0.1254	0.1624	0.1767	0.1688	0.1621	0.1846	
0.0975	0.0946	0.0942	0.0932	0.0939	0.0902	0.0913	0.0900	0.0960	0.0932	0.0949	0.0920	0.0924	0.0909	0.0918	0.0965	0.0922	0.0918	0.0908	0.0911	0.0908	0.0891	0.0903	0.1229	0.0927	0.0905	0.0957	0.0904	0.0905	0.0912	0.1104	0.1208	0.0891	0.0899	0.0917	0.0900	0.1027	0.1301	0.1380	0.1622	0.0904	0.0887	0.0897	0.0911	0.1203	0.1172	0.1213	0.1365	0.0891	0.0911	0.1086	0.0994	0.1607	0.1802	0.1893	0.1938	0.0954	0.1171	0.1205	0.1515	0.1599	0.1653	0.1664	0.2019	
0.0978	0.0948	0.0943	0.0955	0.0925	0.0905	0.0900	0.0902	0.0970	0.0955	0.0962	0.0918	0.0915	0.0913	0.0903	0.0966	0.0931	0.0906	0.0915	0.0898	0.0897	0.0903	0.0904	0.1158	0.0932	0.0915	0.0920	0.0903	0.0899	0.0907	0.1082	0.1275	0.0904	0.0895	0.0907	0.0900	0.1044	0.1347	0.1215	0.1722	0.0901	0.0881	0.0894	0.0900	0.1173	0.1135	0.1147	0.1305	0.0884	0.0965	0.1113	0.1047	0.1641	0.1776	0.1743	0.1976	0.0962	0.1193	0.1278	0.1523	0.1691	0.1781	0.1741	0.1846	
0.0999	0.0962	0.0967	0.0945	0.0934	0.0914	0.0910	0.0917	0.0989	0.0967	0.0952	0.0941	0.0925	0.0926	0.0914	0.0976	0.0943	0.0918	0.0925	0.0913	0.0907	0.0901	0.0909	0.1188	0.0946	0.0920	0.0947	0.0912	0.0910	0.0920	0.1097	0.1252	0.0913	0.0910	0.0915	0.0921	0.1100	0.1237	0.1292	0.1675	0.0911	0.0896	0.0946	0.0938	0.1178	0.1140	0.1211	0.1329	0.0895	0.0913	0.1132	0.1045	0.1638	0.1883	0.1742	0.2031	0.0975	0.1177	0.1197	0.1584	0.1766	0.1693	0.1713	0.1875	
0.1014	0.0962	0.0955	0.0946	0.0927	0.0912	0.0906	0.0908	0.0979	0.0958	0.0952	0.0926	0.0919	0.0914	0.0912	0.0973	0.0938	0.0915	0.0914	0.0902	0.0895	0.0891	0.0922	0.1161	0.0941	0.0918	0.0923	0.0900	0.0899	0.0900	0.1142	0.1191	0.0896	0.0888	0.0909	0.0886	0.1022	0.1227	0.1244	0.1688	0.0892	0.0886	0.0920	0.0924	0.1323	0.1114	0.1120	0.1283	0.0893	0.0909	0.1090	0.1019	0.1611	0.1954	0.1856	0.2022	0.0936	0.1231	0.1216	0.1579	0.1660	0.1612	0.1624	0.2032	
0.1031	0.0985	0.0977	0.0962	0.0950	0.0922	0.0920	0.0919	0.0995	0.0980	0.0968	0.0948	0.0931	0.0926	0.0919	0.0984	0.0955	0.0932	0.0923	0.0926	0.0937	0.0901	0.0927	0.1175	0.0956	0.0932	0.0946	0.0915	0.0920	0.0916	0.1116	0.1222	0.0916	0.0914	0.0921	0.0919	0.1111	0.1261	0.1264	0.1699	0.0907	0.0905	0.0903	0.0911	0.1291	0.1148	0.1135	0.1335	0.0899	0.0928	0.1100	0.1021	0.1643	0.1998	0.1751	0.2076	0.0984	0.1204	0.1213	0.1593	0.1623	0.1749	0.1673	0.1918	
0.1052	0.0993	0.0985	0.0963	0.0943	0.0912	0.0917	0.0900	0.1005	0.0979	0.0970	0.0943	0.0933	0.0920	0.0918	0.0970	0.0958	0.0938	0.0923	0.0923	0.0901	0.0895	0.0918	0.1158	0.0953	0.0925	0.0938	0.0903	0.0898	0.0910	0.1097	0.1216	0.0917	0.0908	0.0904	0.0892	0.1034	0.1228	0.1223	0.1692	0.0908	0.0897	0.0892	0.0904	0.1240	0.1126	0.1110	0.1336	0.0888	0.0900	0.1078	0.1039	0.1538	0.1895	0.1902	0.2063	0.0972	0.1156	0.1230	0.1670	0.1673	0.1676	0.1671	0.1891	
0.1071	0.1011	0.1005	0.0970	0.0955	0.0927	0.0917	0.0919	0.1029	0.0998	0.0994	0.0958	0.0942	0.0930	0.0921	0.0989	0.0973	0.0948	0.0936	0.0929	0.0916	0.0909	0.0914	0.1163	0.0972	0.0942	0.0944	0.0914	0.0905	0.0920	0.1106	0.1237	0.0927	0.0913	0.0912	0.0903	0.1071	0.1289	0.1327	0.1702	0.0913	0.0900	0.0935	0.0922	0.1224	0.1163	0.1143	0.1390	0.0896	0.0929	0.1089	0.1018	0.1641	0.1894	0.1754	0.1919	0.0944	0.1191	0.1249	0.1733	0.1779	0.1761	0.1742	0.1894	
0.1110	0.1033	0.1021	0.0988	0.0972	0.0933	0.0925	0.0925	0.1051	0.1010	0.0993	0.0968	0.0957	0.0940	0.0930	0.0980	0.0990	0.0959	0.0947	0.0939	0.0924	0.0911	0.0929	0.1176	0.0992	0.0955	0.0966	0.0929	0.0917	0.0938	0.1115	0.1259	0.0936	0.0954	0.0927	0.0909	0.1060	0.1312	0.1232	0.1697	0.0920	0.0916	0.0933	0.0925	0.1296	0.1211	0.1147	0.1345	0.0906	0.0941	0.1126	0.1119	0.1558	0.1878	0.1692	0.1900	0.0957	0.1203	0.1266	0.1682	0.1606	0.1697	0.1852	0.1813	
0.1128	0.1047	0.1028	0.1035	0.0969	0.0930	0.0920	0.0909	0.1069	0.1037	0.1018	0.0990	0.0963	0.0946	0.0944	0.0978	0.1012	0.0976	0.0957	0.0941	0.0929	0.0918	0.0935	0.1188	0.1010	0.0969	0.0966	0.0934	0.0923	0.0927	0.1137	0.1209	0.0948	0.0924	0.0930	0.0923	0.1076	0.1296	0.1332	0.1845	0.0928	0.0911	0.0929	0.0933	0.1219	0.1284	0.1131	0.1415	0.0914	0.0928	0.1071	0.1012	0.1658	0.2003	0.1855	0.1981	0.0979	0.1200	0.1285	0.1659	0.1769	0.1891	0.1795	0.1913	
0.1163	0.1065	0.1044	0.1007	0.0982	0.0934	0.0926	0.0919	0.1091	0.1048	0.1013	0.0986	0.0954	0.0934	0.0921	0.0983	0.1018	0.0979	0.0959	0.0939	0.0927	0.0904	0.0917	0.1205	0.1015	0.0967	0.0971	0.0925	0.0911	0.0918	0.1109	0.1244	0.0941	0.0926	0.0927	0.0911	0.1052	0.1243	0.1273	0.1578	0.0931	0.0910	0.0920	0.0918	0.1117	0.1102	0.1096	0.1309	0.0900	0.0935	0.1125	0.1057	0.1503	0.1844	0.1770	0.1815	0.0951	0.1220	0.1206	0.1534	0.1637	0.1631	0.1650	0.1915	
0.1188	0.1086	0.1054	0.1005	0.0975	0.0929	0.0922	0.0915	0.1108	0.1055	0.1019	0.0997	0.0965	0.0937	0.0915	0.0966	0.1026	0.0983	0.0959	0.0944	0.0929	0.0911	0.0921	0.1230	0.1021	0.0978	0.0983	0.0927	0.0927	0.0914	0.1129	0.1265	0.0942	0.0932	0.0933	0.0904	0.1045	0.1284	0.1283	0.1727	0.0928	0.0907	0.0897	0.0924	0.1296	0.1229	0.1161	0.1341	0.0894	0.0907	0.1083	0.1028	0.1657	0.2018	0.1841	0.1996	0.0955	0.1209	0.1247	0.1619	0.1750	0.1731	0.1793	0.1858	
0.1233	0.1117	0.1090	0.1035	0.0988	0.0949	0.0938	0.0931	0.1146	0.1090	0.1051	0.1001	0.0978	0.0952	0.0928	0.0982	0.1053	0.1006	0.0981	0.0964	0.0941	0.0927	0.0922	0.1197	0.1030	0.0995	0.1004	0.0944	0.0926	0.0936	0.1149	0.1254	0.0960	0.0932	0.0938	0.0926	0.1051	0.1348	0.1371	0.1741	0.0949	0.0927	0.0954	0.0930	0.1221	0.1123	0.1138	0.1362	0.0920	0.0938	0.1154	0.1082	0.1570	0.1966	0.1781	0.1942	0.0967	0.1183	0.1263	0.1617	0.1757	0.1648	0.1629	0.1866	
0.1253	0.1143	0.1098	0.1091	0.0997	0.0944	0.0928	0.0905	0.1159	0.1088	0.1045	0.1002	0.0967	0.0936	0.0923	0.0959	0.1065	0.1011	0.0972	0.0949	0.0935	0.0916	0.0908	0.1180	0.1056	0.0980	0.0985	0.0929	0.0914	0.0910	0.1135	0.1214	0.0960	0.0934	0.0927	0.0901	0.1039	0.1308	0.1245	0.1610	0.0930	0.0911	0.0900	0.0924	0.1232	0.1180	0.1191	0.1450	0.0908	0.0924	0.1060	0.1020	0.1581	0.1849	0.1853	0.1958	0.0957	0.1182	0.1261	0.1616	0.1682	0.1707	0.1639	0.1999	
0.1325	0.1183	0.1130	0.1058	0.1019	0.0960	0.0942	0.0920	0.1222	0.1131	0.1101	0.1026	0.0993	0.0957	0.0931	0.0986	0.1104	0.1043	0.0996	0.0972	0.0942	0.0929	0.0939	0.1196	0.1076	0.1007	0.0995	0.0942	0.0926	0.0934	0.1158	0.1240	0.0981	0.0951	0.0940	0.0912	0.1034	0.1285	0.1332	0.1679	0.0943	0.0919	0.0950	0.0927	0.1242	0.1145	0.1133	0.1359	0.0928	0.0933	0.1067	0.1018	0.1552	0.1985	0.1728	0.1967	0.0974	0.1234	0.1218	0.1700	0.1640	0.1686	0.1769	0.1899	
0.1368	0.1219	0.1156	0.1072	0.1023	0.0954	0.0940	0.0914	0.1254	0.1155	0.1102	0.1033	0.0991	0.0957	0.0938	0.0975	0.1123	0.1054	0.1001	0.0968	0.0952	0.0918	0.0913	0.1148	0.1093	0.1017	0.0986	0.0937	0.0917	0.0916	0.1112	0.1222	0.0987	0.0947	0.0940	0.0912	0.1058	0.1277	0.1263	0.1643	0.0941	0.0915	0.0920	0.0939	0.1208	0.1199	0.1068	0.1436	0.0912	0.0921	0.1100	0.1035	0.1622	0.1928	0.1818	0.1861	0.0964	0.1164	0.1281	0.1726	0.1758	0.1776	0.1699	0.1910	
0.1451	0.1248	0.1193	0.1099	0.1033	0.0961	0.0944	0.0925	0.1305	0.1195	0.1122	0.1052	0.1005	0.0957	0.0937	0.1000	0.1157	0.1068	0.1024	0.0980	0.0945	0.0934	0.0921	0.1126	0.1114	0.1032	0.1016	0.0943	0.0929	0.0931	0.1074	0.1232	0.1000	0.0948	0.0943	0.0918	0.1033	0.1291	0.1243	0.1597	0.0956	0.0920	0.0917	0.0923	0.1217	0.1109	0.1150	0.1341	0.0918	0.0950	0.1104	0.1017	0.1612	0.1863	0.1957	0.1866	0.0972	0.1181	0.1325	0.1654	0.1608	0.1653	0.1621	0.1878	
0.1521	0.1305	0.1218	0.1106	0.1039	0.0971	0.0941	0.0915	0.1320	0.1227	0.1137	0.1073	0.1016	0.0959	0.0933	0.0979	0.1175	0.1084	0.1019	0.0985	0.0955	0.0930	0.0910	0.1202	0.1132	0.1040	0.1018	0.0949	0.0928	0.0923	0.1186	0.1241	0.1012	0.0949	0.0944	0.0915	0.1071	0.1292	0.1264	0.1705	0.0956	0.0920	0.0934	0.0924	0.1323	0.1142	0.1256	0.1443	0.0915	0.0928	0.1072	0.1032	0.1664	0.1972	0.1706	0.1979	0.0967	0.1178	0.1229	0.1657	0.1731	0.1601	0.1711	0.1977	
0.1603	0.1352	0.1256	0.1131	0.1059	0.0981	0.0945	0.0922	0.1391	0.1257	0.1171	0.1078	0.1021	0.0962	0.0936	0.0975	0.1223	0.1111	0.1044	0.0991	0.0955	0.0946	0.0913	0.1186	0.1155	0.1064	0.1039	0.0956	0.0934	0.0923	0.1122	0.1216	0.1022	0.0951	0.0949	0.0913	0.1063	0.1207	0.1276	0.1655	0.0955	0.0921	0.0952	0.0924	0.1252	0.1308	0.1170	0.1279	0.0919	0.0940	0.1091	0.1062	0.1699	0.1927	0.1789	0.1842	0.0946	0.1170	0.1253	0.1526	0.1727	0.1630	0.1689	0.1909	
0.1709	0.1411	0.1294	0.1163	0.1071	0.0997	0.0954	0.0934	0.1447	0.1308	0.1197	0.1104	0.1040	0.0981	0.0943	0.0996	0.1253	0.1145	0.1067	0.1016	0.0998	0.0942	0.0933	0.1190	0.1193	0.1093	0.1041	0.0974	0.0951	0.0943	0.1098	0.1245	0.1041	0.0974	0.0962	0.0915	0.1041	0.1273	0.1258	0.1628	0.0970	0.0934	0.0933	0.0933	0.1295	0.1205	0.1206	0.1349	0.0950	0.0940	0.1138	0.1033	0.1687	0.1902	0.1730	0.1926	0.0990	0.1214	0.1299	0.1650	0.1655	0.1654	0.1654	0.1893	
0.1830	0.1490	0.1352	0.1208	0.1099	0.1008	0.0968	0.0932	0.1549	0.1357	0.1251	0.1134	0.1066	0.0991	0.0955	0.0997	0.1315	0.1179	0.1111	0.1032	0.0976	0.0954	0.0926	0.1187	0.1247	0.1099	0.1051	0.0980	0.0950	0.0945	0.1100	0.1265	0.1052	0.0983	0.0977	0.0925	0.1072	0.1220	0.1282	0.1640	0.0984	0.0938	0.0958	0.0934	0.1220	0.1133	0.1195	0.1404	0.0954	0.0968	0.1106	0.1023	0.1589	0.1859	0.1752	0.1984	0.0970	0.1220	0.1299	0.1618	0.1580	0.1624	0.1729	0.1909	
0.1944	0.1555	0.1400	0.1232	0.1112	0.1015	0.0964	0.0938	0.1592	0.1418	0.1272	0.1145	0.1074	0.0995	0.0954	0.0999	0.1358	0.1200	0.1105	0.1038	0.0979	0.0944	0.0922	0.1182	0.1262	0.1121	0.1092	0.0970	0.0951	0.0940	0.1105	0.1251	0.1073	0.0977	0.0975	0.0914	0.1023	0.1266	0.1307	0.1796	0.0992	0.0931	0.0935	0.0938	0.1177	0.1154	0.1137	0.1324	0.0953	0.0931	0.1162	0.1033	0.1583	0.1845	0.1784	0.2047	0.0964	0.1164	0.1243	0.1612	0.1655	0.1795	0.1719	0.1867	
0.2074	0.1645	0.1475	0.1284	0.1144	0.1023	0.0977	0.0932	0.1696	0.1493	0.1356	0.1184	0.1105	0.1013	0.0958	0.1005	0.1435	0.1252	0.1139	0.1056	0.0991	0.0959	0.0933	0.1225	0.1319	0.1151	0.1101	0.0990	0.0961	0.0954	0.1121	0.1239	0.1105	0.0997	0.0991	0.0926	0.1050	0.1285	0.1304	0.1713	0.1003	0.0952	0.0950	0.0943	0.1367	0.1135	0.1194	0.1370	0.0961	0.0956	0.1139	0.1056	0.1624	0.1948	0.1721	0.1825	0.0982	0.1184	0.1319	0.1658	0.1803	0.1773	0.1816	0.1787	
0.2218	0.1745	0.1536	0.1315	0.1161	0.1031	0.0979	0.0936	0.1789	0.1552	0.1367	0.1220	0.1109	0.1001	0.0960	0.0984	0.1504	0.1289	0.1174	0.1072	0.1015	0.0956	0.0933	0.1188	0.1354	0.1181	0.1120	0.0991	0.0964	0.0934	0.1164	0.1231	0.1114	0.1095	0.0993	0.0928	0.1049	0.1286	0.1249	0.1803	0.1000	0.0952	0.0981	0.0948	0.1223	0.1160	0.1192	0.1326	0.0962	0.0937	0.1098	0.1045	0.1682	0.1982	0.1722	0.1914	0.0987	0.1192	0.1250	0.1612	0.1685	0.1704	0.1734	0.1913	
0.2387	0.1836	0.1619	0.1366	0.1191	0.1057	0.0989	0.0935	0.1897	0.1614	0.1428	0.1250	0.1127	0.1011	0.0968	0.0992	0.1567	0.1343	0.1199	0.1088	0.1012	0.0968	0.0944	0.1226	0.1412	0.1209	0.1151	0.1012	0.0965	0.0943	0.1112	0.1196	0.1143	0.1012	0.1005	0.0938	0.1077	0.1218	0.1267	0.1760	0.1024	0.0958	0.0967	0.0963	0.1251	0.1199	0.1144	0.1351	0.0983	0.0968	0.1127	0.1051	0.1608	0.1956	0.1717	0.1987	0.0988	0.1200	0.1271	0.1588	0.1714	0.1818	0.1649	0.1877	
0.2592	0.1961	0.1707	0.1418	0.1224	0.1079	0.1010	0.0968	0.2029	0.1720	0.1489	0.1295	0.1162	0.1035	0.0975	0.1009	0.1677	0.1402	0.1243	0.1111	0.1028	0.0971	0.0933	0.1160	0.1482	0.1244	0.1169	0.1019	0.0981	0.0949	0.1154	0.1282	0.1250	0.1034	0.1018	0.0939	0.1055	0.1295	0.1293	0.1608	0.1041	0.0963	0.0947	0.0961	0.1179	0.1111	0.1144	0.1355	0.0992	0.0962	0.1113	0.1023	0.1628	0.1939	0.1776	0.1888	0.0985	0.1206	0.1263	0.1603	0.1693	0.1653	0.1835	0.1918	
0.2762	0.2073	0.1791	0.1490	0.1252	0.1092	0.1013	0.0941	0.2148	0.1781	0.1532	0.1328	0.1195	0.1044	0.0978	0.1031	0.1745	0.1429	0.1266	0.1132	0.1030	0.0982	0.0958	0.1230	0.1523	0.1278	0.1189	0.1034	0.0983	0.0954	0.1134	0.1244	0.1200	0.1056	0.1021	0.0932	0.1060	0.1356	0.1314	0.1775	0.1049	0.0978	0.0950	0.0955	0.1248	0.1184	0.1222	0.1415	0.0990	0.0964	0.1073	0.1086	0.1702	0.1856	0.1886	0.1874	0.0984	0.1254	0.1285	0.1672	0.1742	0.1719	0.1770	0.1915	
0.3025	0.2228	0.1907	0.1555	0.1294	0.1104	0.1024	0.0980	0.2360	0.1917	0.1623	0.1378	0.1215	0.1048	0.0979	0.1012	0.1851	0.1501	0.1301	0.1162	0.1051	0.0986	0.0957	0.1197	0.1601	0.1323	0.1226	0.1035	0.0987	0.0963	0.1174	0.1251	0.1224	0.1056	0.1043	0.0946	0.1071	0.1315	0.1278	0.1780	0.1064	0.0974	0.0970	0.0957	0.1250	0.1193	0.1169	0.1303	0.0999	0.1006	0.1111	0.1036	0.1674	0.1788	0.1860	0.1946	0.1003	0.1196	0.1275	0.1647	0.1862	0.1682	0.1676	0.1790	
0.3239	0.2383	0.2001	0.1622	0.1334	0.1119	0.1017	0.0946	0.2495	0.2018	0.1681	0.1425	0.1245	0.1059	0.0988	0.1012	0.1983	0.1568	0.1345	0.1193	0.1063	0.0991	0.0957	0.1212	0.1687	0.1367	0.1246	0.1050	0.0996	0.0960	0.1102	0.1280	0.1257	0.1067	0.1039	0.0937	0.1052	0.1330	0.1244	0.1721	0.1069	0.0980	0.0961	0.0973	0.1241	0.1206	0.1231	0.1408	0.1013	0.0947	0.1115	0.1100	0.1658	0.2026	0.1743	0.1923	0.0994	0.1204	0.1233	0.1615	0.1771	0.1851	0.1692	0.1866	
0.3474	0.2550	0.2127	0.1712	0.1378	0.1148	0.1037	0.0957	0.2683	0.2147	0.1792	0.1469	0.1262	0.1079	0.0993	0.1034	0.2045	0.1650	0.1387	0.1214	0.1063	0.0991	0.0937	0.1221	0.1757	0.1399	0.1280	0.1056	0.1005	0.0969	0.1131	0.1266	0.1291	0.1076	0.1051	0.0948	0.1055	0.1273	0.1287	0.1813	0.1097	0.0980	0.1008	0.0957	0.1265	0.1098	0.1193	0.1407	0.1023	0.0967	0.1080	0.1035	0.1625	0.1919	0.1854	0.1987	0.0981	0.1221	0.1219	0.1608	0.1733	0.1731	0.1859	0.1805	
0.3794	0.2754	0.2270	0.1786	0.1410	0.1151	0.1041	0.0956	0.2930	0.2315	0.1884	0.1541	0.1303	0.1081	0.1002	0.0989	0.2239	0.1759	0.1455	0.1242	0.1081	0.1008	0.0941	0.1152	0.1884	0.1484	0.1306	0.1075	0.1006	0.0977	0.1121	0.1254	0.1327	0.1094	0.1064	0.0938	0.1043	0.1287	0.1280	0.1692	0.1097	0.1009	0.0968	0.0961	0.1271	0.1140	0.1174	0.1268	0.1028	0.0971	0.1088	0.1060	0.1614	0.1898	0.1713	0.1856	0.1007	0.1217	0.1236	0.1650	0.1667	0.1684	0.1643	0.1813	
0.4094	0.2995	0.2424	0.1894	0.1480	0.1191	0.1060	0.0959	0.3135	0.2471	0.2001	0.1639	0.1367	0.1111	0.1010	0.1013	0.2398	0.1847	0.1520	0.1289	0.1115	0.1019	0.0957	0.1200	0.1993	0.1535	0.1365	0.1096	0.1034	0.0972	0.1142	0.1279	0.1382	0.1122	0.1088	0.0954	0.1081	0.1234	0.1283	0.1801	0.1134	0.0998	0.0989	0.0974	0.1386	0.1213	0.1138	0.1353	0.1040	0.0960	0.1104	0.1084	0.1637	0.2033	0.1949	0.1815	0.0998	0.1206	0.1333	0.1598	0.1721	0.1707	0.1738	0.1916	
0.4423	0.3210	0.2608	0.1980	0.1539	0.1209	0.1069	0.0943	0.3429	0.2647	0.2096	0.1702	0.1379	0.1116	0.1004	0.1002	0.2543	0.1956	0.1576	0.1324	0.1126	0.1026	0.0950	0.1213	0.2125	0.1601	0.1393	0.1105	0.1026	0.0975	0.1165	0.1247	0.1427	0.1171	0.1095	0.0961	0.1034	0.1326	0.1273	0.1691	0.1154	0.1014	0.1005	0.0995	0.1292	0.1199	0.1151	0.1330	0.1046	0.0967	0.1135	0.1052	0.1650	0.1878	0.1733	0.1979	0.0996	0.1266	0.1287	0.1633	0.1717	0.1721	0.1685	0.1955	
0.4748	0.3450	0.2815	0.2116	0.1595	0.1244	0.1086	0.0996	0.3658	0.2854	0.2243	0.1762	0.1451	0.1151	0.1020	0.1008	0.2776	0.2084	0.1669	0.1364	0.1154	0.1040	0.0966	0.1197	0.2226	0.1684	0.1481	0.1126	0.1053	0.0983	0.1111	0.1243	0.1476	0.1169	0.1119	0.0966	0.1055	0.1261	0.1251	0.1749	0.1182	0.1034	0.0982	0.0985	0.1246	0.1269	0.1192	0.1340	0.1074	0.0994	0.1079	0.1066	0.1615	0.1874	0.1920	0.1989	0.1008	0.1270	0.1271	0.1634	0.1746	0.1664	0.1848	0.1933	
0.5050	0.3706	0.3003	0.2233	0.1667	0.1267	0.1093	0.0985	0.3942	0.3059	0.2378	0.1861	0.1492	0.1162	0.1038	0.1006	0.2966	0.2185	0.1728	0.1409	0.1166	0.1056	0.0969	0.1202	0.2358	0.1752	0.1493	0.1141	0.1054	0.0986	0.1127	0.1294	0.1531	0.1177	0.1130	0.0965	0.1096	0.1301	0.1343	0.1829	0.1203	0.1036	0.0994	0.1023	0.1213	0.1256	0.1174	0.1413	0.1084	0.0987	0.1145	0.1059	0.1655	0.2071	0.1783	0.2040	0.1010	0.1197	0.1266	0.1641	0.1792	0.1823	0.1714	0.1749	
0.5434	0.4015	0.3200	0.2410	0.1752	0.1307	0.1123	0.0977	0.4235	0.3250	0.2521	0.1956	0.1551	0.1176	0.1041	0.1008	0.3215	0.2295	0.1822	0.1449	0.1197	0.1059	0.0964	0.1208	0.2544	0.1851	0.1561	0.1161	0.1068	0.0990	0.1162	0.1268	0.1603	0.1215	0.1151	0.0965	0.1077	0.1288	0.1290	0.1711	0.1226	0.1045	0.0989	0.0989	0.1234	0.1134	0.1184	0.1390	0.1097	0.1002	0.1134	0.1061	0.1566	0.1912	0.1847	0.1880	0.1014	0.1255	0.1302	0.1728	0.1791	0.1802	0.1640	0.1741	
0.5747	0.4326	0.3470	0.2573	0.1812	0.1342	0.1128	0.0981	0.4552	0.3519	0.2715	0.2085	0.1617	0.1200	0.1043	0.1010	0.3457	0.2481	0.1895	0.1513	0.1211	0.1069	0.0972	0.1162	0.2686	0.1935	0.1620	0.1186	0.1068	0.0982	0.1169	0.1263	0.1674	0.1245	0.1165	0.0957	0.1061	0.1295	0.1314	0.1730	0.1255	0.1053	0.0998	0.0980	0.1193	0.1150	0.1214	0.1296	0.1097	0.0982	0.1103	0.1036	0.1630	0.1852	0.1785	0.1776	0.0995	0.1234	0.1307	0.1664	0.1760	0.1566	0.1755	0.1913	
0.6032	0.4596	0.3672	0.2709	0.1911	0.1382	0.1142	0.0973	0.4822	0.3783	0.2859	0.2143	0.1666	0.1224	0.1064	0.1015	0.3660	0.2638	0.2014	0.1566	0.1245	0.1087	0.0974	0.1188	0.2869	0.2023	0.1671	0.1208	0.1085	0.1003	0.1183	0.1239	0.1752	0.1258	0.1215	0.0963	0.1078	0.1274	0.1282	0.1731	0.1292	0.1070	0.1011	0.1002	0.1235	0.1358	0.1146	0.1425	0.1135	0.0979	0.1136	0.1069	0.1623	0.1958	0.1795	0.1890	0.1011	0.1228	0.1281	0.1651	0.1842	0.1839	0.1837	0.1890	
0.6313	0.4961	0.3957	0.2899	0.2000	0.1419	0.1162	0.0970	0.5168	0.4050	0.3048	0.2322	0.1722	0.1238	0.1069	0.1014	0.3951	0.2846	0.2121	0.1623	0.1279	0.1096	0.0957	0.1172	0.3064	0.2140	0.1772	0.1226	0.1108	0.0992	0.1096	0.1250	0.1835	0.1288	0.1217	0.0969	0.1071	0.1248	0.1327	0.1813	0.1330	0.1079	0.1007	0.1011	0.1303	0.1159	0.1171	0.1466	0.1143	0.1007	0.1099	0.1055	0.1639	0.2035	0.1782	0.1975	0.1018	0.1193	0.1302	0.1639	0.1692	0.1628	0.1717	0.1924	
0.6579	0.5248	0.4251	0.3110	0.2152	0.1486	0.1194	0.0981	0.5500	0.4356	0.3261	0.2444	0.1832	0.1286	0.1078	0.1014	0.4240	0.3030	0.2254	0.1705	0.1310	0.1125	0.0986	0.1287	0.3269	0.2270	0.1886	0.1265	0.1117	0.0997	0.1165	0.1284	0.1926	0.1320	0.1240	0.0983	0.1102	0.1333	0.1242	0.1770	0.1352	0.1093	0.1037	0.1000	0.1328	0.1206	0.1200	0.1427	0.1160	0.0983	0.1117	0.1067	0.1676	0.1880	0.1716	0.1980	0.1035	0.1205	0.1282	0.1682	0.1836	0.1637	0.1701	0.1866	
0.6839	0.5577	0.4532	0.3320	0.2249	0.1539	0.1229	0.0993	0.5792	0.4642	0.3503	0.2595	0.1911	0.1311	0.1106	0.1044	0.4515	0.3234	0.2398	0.1779	0.1367	0.1156	0.0994	0.1259	0.3489	0.2411	0.1960	0.1300	0.1154	0.1015	0.1149	0.1296	0.2107	0.1377	0.1282	0.0979	0.1079	0.1299	0.1365	0.1733	0.1406	0.1122	0.1034	0.1042	0.1266	0.1175	0.1169	0.1401	0.1208	0.1007	0.1112	0.1112	0.1613	0.1966	0.1862	0.2035	0.1034	0.1234	0.1291	0.1634	0.1729	0.1668	0.1637	0.2013	
0.7065	0.5932	0.4891	0.3591	0.2381	0.1613	0.1261	0.1006	0.6137	0.4970	0.3790	0.2808	0.2024	0.1362	0.1111	0.1029	0.4901	0.3507	0.2565	0.1885	0.1402	0.1170	0.0989	0.1264	0.3810	0.2574	0.2084	0.1345	0.1181	0.1021	0.1160	0.1317	0.2170	0.1426	0.1341	0.1000	0.1107	0.1293	0.1344	0.1711	0.1467	0.1148	0.1043	0.1026	0.1307	0.1232	0.1187	0.1395	0.1235	0.1009	0.1150	0.1059	0.1689	0.1945	0.1811	0.1949	0.1040	0.1268	0.1286	0.1732	0.1774	0.1741	0.1799	0.2029	
0.7335	0.6255	0.5154	0.3838	0.2545	0.1677	0.1276	0.1022	0.6446	0.5289	0.4013	0.2963	0.2111	0.1404	0.1132	0.1040	0.5172	0.3700	0.2712	0.1990	0.1440	0.1179	0.1005	0.1259	0.4044	0.2746	0.2163	0.1374	0.1192	0.1038	0.1187	0.1293	0.2305	0.1482	0.1365	0.0999	0.1086	0.1274	0.1264	0.1739	0.1516	0.1142	0.1044	0.1041	0.1207	0.1243	0.1151	0.1401	0.1257	0.1020	0.1126	0.1089	0.1618	0.2062	0.1760	0.1888	0.1038	0.1258	0.1341	0.1685	0.1747	0.1773	0.1820	0.1922	
0.7494	0.6446	0.5436	0.4078	0.2662	0.1721	0.1291	0.1034	0.6695	0.5576	0.4240	0.3093	0.2217	0.1433	0.1141	0.1035	0.5465	0.3943	0.2863	0.2068	0.1489	0.1208	0.0995	0.1213	0.4329	0.2909	0.2298	0.1437	0.1231	0.1055	0.1177	0.1274	0.2458	0.1542	0.1409	0.1024	0.1124	0.1351	0.1366	0.1836	0.1593	0.1201	0.1089	0.1077	0.1285	0.1233	0.1232	0.1493	0.1291	0.1091	0.1128	0.1151	0.1696	0.2056	0.1811	0.1919	0.1060	0.1273	0.1326	0.1650	0.1801	0.1651	0.1778	0.1935	
0.7589	0.6769	0.5745	0.4354	0.2854	0.1806	0.1331	0.1016	0.6971	0.5885	0.4519	0.3361	0.2346	0.1487	0.1165	0.1033	0.5772	0.4239	0.3068	0.2193	0.1544	0.1235	0.1020	0.1256	0.4586	0.3094	0.2402	0.1468	0.1238	0.1042	0.1157	0.1286	0.2590	0.1580	0.1439	0.1016	0.1129	0.1343	0.1254	0.1873	0.1608	0.1202	0.1088	0.1052	0.1321	0.1271	0.1228	0.1431	0.1332	0.1012	0.1161	0.1128	0.1693	0.1913	0.1930	0.2025	0.1052	0.1291	0.1357	0.1670	0.1854	0.1775	0.1840	0.1921	
0.7638	0.6924	0.6000	0.4574	0.3001	0.1910	0.1361	0.1027	0.7159	0.6191	0.4851	0.3578	0.2475	0.1529	0.1180	0.1047	0.6017	0.4527	0.3260	0.2311	0.1602	0.1258	0.1018	0.1200	0.4884	0.3289	0.2542	0.1525	0.1272	0.1059	0.1146	0.1281	0.2736	0.1638	0.1487	0.1022	0.1095	0.1267	0.1311	0.1728	0.1693	0.1230	0.1095	0.1055	0.1298	0.1171	0.1224	0.1464	0.1348	0.1021	0.1121	0.1082	0.1628	0.1859	0.1881	0.1863	0.1066	0.1271	0.1269	0.1676	0.1640	0.1687	0.1764	0.1890	
0.7710	0.7071	0.6288	0.4895	0.3230	0.1994	0.1418	0.1039	0.7298	0.6430	0.5115	0.3802	0.2599	0.1598	0.1218	0.1076	0.6361	0.4824	0.3519	0.2474	0.1679	0.1306	0.1033	0.1209	0.5149	0.3523	0.2709	0.1597	0.1312	0.1077	0.1176	0.1292	0.2899	0.1707	0.1566	0.1047	0.1140	0.1309	0.1308	0.1800	0.1778	0.1262	0.1137	0.1098	0.1340	0.1297	0.1209	0.1489	0.1391	0.1048	0.1160	0.1109	0.1747	0.2018	0.1844	0.1906	0.1070	0.1251	0.1364	0.1719	0.1859	0.1731	0.1839	0.1937	
0.7641	0.7039	0.6406	0.5120	0.3364	0.2079	0.1438	0.1035	0.7346	0.6533	0.5351	0.4031	0.2708	0.1633	0.1225	0.1057	0.6508	0.5043	0.3674	0.2580	0.1704	0.1314	0.1021	0.1241	0.5433	0.3700	0.2865	0.1643	0.1321	0.1073	0.1236	0.1309	0.3065	0.1787	0.1587	0.1042	0.1110	0.1419	0.1304	0.1825	0.1832	0.1268	0.1131	0.1088	0.1308	0.1316	0.1202	0.1470	0.1415	0.1043	0.1161	0.1116	0.1679	0.2102	0.1831	0.1920	0.1070	0.1264	0.1367	0.1672	0.1739	0.1659	0.1774	0.1972	
0.7771	0.7203	0.6593	0.5401	0.3627	0.2220	0.1498	0.1069	0.7426	0.6669	0.5636	0.4295	0.2921	0.1714	0.1261	0.1040	0.6558	0.5296	0.3985	0.2773	0.1802	0.1355	0.1037	0.1239	0.5709	0.3929	0.3074	0.1715	0.1373	0.1092	0.1223	0.1329	0.3277	0.1852	0.1657	0.1036	0.1130	0.1216	0.1312	0.1818	0.1916	0.1306	0.1162	0.1109	0.1246	0.1271	0.1204	0.1558	0.1490	0.1061	0.1124	0.1111	0.1616	0.1997	0.1819	0.1933	0.1073	0.1276	0.1332	0.1725	0.1823	0.1681	0.1792	0.1927	
0.7736	0.7150	0.6621	0.5610	0.3801	0.2301	0.1536	0.1052	0.7429	0.6703	0.5843	0.4515	0.3068	0.1768	0.1279	0.1042	0.6687	0.5572	0.4208	0.2885	0.1872	0.1385	0.1058	0.1231	0.5920	0.4157	0.3165	0.1752	0.1397	0.1100	0.1183	0.1307	0.3429	0.1927	0.1710	0.1040	0.1117	0.1312	0.1402	0.1801	0.1997	0.1327	0.1158	0.1108	0.1372	0.1239	0.1270	0.1455	0.1530	0.1065	0.1144	0.1159	0.1713	0.1977	0.1711	0.2011	0.1086	0.1319	0.1323	0.1670	0.1845	0.1738	0.1934	0.1913	
0.7744	0.7194	0.6693	0.5776	0.4020	0.2432	0.1584	0.1061	0.7477	0.6734	0.6022	0.4765	0.3242	0.1811	0.1286	0.1043	0.6687	0.5744	0.4376	0.3061	0.1951	0.1430	0.1052	0.1190	0.6141	0.4380	0.3370	0.1820	0.1448	0.1109	0.1140	0.1328	0.3618	0.2023	0.1773	0.1071	0.1160	0.1393	0.1386	0.1723	0.2091	0.1384	0.1169	0.1140	0.1314	0.1249	0.1183	0.1385	0.1574	0.1078	0.1176	0.1143	0.1728	0.1985	0.1816	0.1944	0.1093	0.1297	0.1344	0.1668	0.1898	0.1668	0.1798	0.1891	
0.7820	0.7206	0.6721	0.5902	0.4269	0.2588	0.1653	0.1083	0.7511	0.6805	0.6149	0.5004	0.3447	0.1908	0.1350	0.1101	0.6812	0.5922	0.4682	0.3242	0.2068	0.1477	0.1073	0.1264	0.6277	0.4664	0.3570	0.1914	0.1484	0.1141	0.1233	0.1333	0.3863	0.2126	0.1860	0.1074	0.1165	0.1295	0.1290	0.1805	0.2192	0.1409	0.1192	0.1168	0.1334	0.1246	0.1223	0.1579	0.1627	0.1101	0.1173	0.1125	0.1652	0.1909	0.1786	0.1921	0.1099	0.1293	0.1292	0.1600	0.1806	0.1733	0.1816	0.1948	
0.7840	0.7256	0.6753	0.5963	0.4512	0.2697	0.1713	0.1082	0.7535	0.6830	0.6201	0.5251	0.3637	0.1996	0.1363	0.1092	0.6875	0.5979	0.4876	0.3447	0.2167	0.1535	0.1068	0.1254	0.6356	0.4884	0.3781	0.2002	0.1536	0.1139	0.1167	0.1333	0.4087	0.2220	0.1958	0.1099	0.1147	0.1313	0.1379	0.1853	0.2331	0.1471	0.1229	0.1192	0.1354	0.1306	0.1264	0.1434	0.1719	0.1119	0.1200	0.1154	0.1654	0.1942	0.1878	0.2045	0.1107	0.1341	0.1333	0.1776	0.1888	0.1798	0.1848	0.2097	
0.7835	0.7238	0.6763	0.6002	0.4696	0.2873	0.1785	0.1105	0.7545	0.6854	0.6238	0.5427	0.3865	0.2073	0.1410	0.1078	0.6757	0.6015	0.5102	0.3627	0.2247	0.1578	0.1095	0.1272	0.6403	0.5117	0.3985	0.2105	0.1568	0.1147	0.1178	0.1333	0.4429	0.2314	0.2019	0.1096	0.1218	0.1308	0.1347	0.1756	0.2412	0.1482	0.1218	0.1167	0.1308	0.1258	0.1285	0.1567	0.1769	0.1116	0.1151	0.1144	0.1694	0.2099	0.1860	0.2033	0.1104	0.1316	0.1346	0.1739	0.1887	0.1779	0.1835	0.1864	
0.7920	0.7376	0.6821	0.6075	0.4934	0.3026	0.1848	0.1121	0.7596	0.6900	0.6324	0.5600	0.4097	0.2194	0.1437	0.1078	0.6921	0.6084	0.5230	0.3860	0.2384	0.1628	0.1094	0.1266	0.6470	0.5318	0.4182	0.2190	0.1630	0.1182	0.1292	0.1341	0.4536	0.2435	0.2147	0.1106	0.1166	0.1337	0.1321	0.1797	0.2552	0.1549	0.1257	0.1199	0.1246	0.1199	0.1232	0.1477	0.1824	0.1103	0.1150	0.1175	0.1624	0.1995	0.1914	0.1857	0.1110	0.1318	0.1353	0.1694	0.1692	0.1682	0.1652	0.1898	
0.7926	0.7369	0.6841	0.6135	0.5141	0.3227	0.1931	0.1136	0.7637	0.6928	0.6367	0.5742	0.4300	0.2287	0.1500	0.1107	0.6900	0.6117	0.5376	0.4085	0.2522	0.1718	0.1115	0.1278	0.6511	0.5508	0.4438	0.2311	0.1722	0.1201	0.1254	0.1338	0.4775	0.2633	0.2236	0.1137	0.1154	0.1371	0.1355	0.1788	0.2700	0.1604	0.1291	0.1239	0.1347	0.1287	0.1346	0.1561	0.1916	0.1158	0.1191	0.1194	0.1737	0.1875	0.2060	0.1970	0.1140	0.1309	0.1405	0.1740	0.1825	0.1634	0.1873	0.1881	
0.7927	0.7390	0.6822	0.6119	0.5229	0.3342	0.2028	0.1147	0.7649	0.6951	0.6390	0.5753	0.4489	0.2381	0.1529	0.1115	0.6985	0.6120	0.5470	0.4267	0.2622	0.1760	0.1123	0.1264	0.6517	0.5593	0.4606	0.2413	0.1740	0.1222	0.1250	0.1328	0.4975	0.2701	0.2333	0.1127	0.1144	0.1371	0.1375	0.1802	0.2817	0.1654	0.1297	0.1237	0.1344	0.1241	0.1281	0.1420	0.2006	0.1171	0.1202	0.1140	0.1698	0.2074	0.1980	0.1995	0.1125	0.1302	0.1373	0.1758	0.1805	0.1780	0.1797	0.1933	
0.7954	0.7347	0.6829	0.6122	0.5316	0.3500	0.2101	0.1171	0.7625	0.6955	0.6400	0.5780	0.4672	0.2518	0.1575	0.1117	0.6978	0.6185	0.5540	0.4483	0.2773	0.1820	0.1135	0.1286	0.6514	0.5670	0.4837	0.2532	0.1820	0.1234	0.1250	0.1336	0.5132	0.2917	0.2433	0.1146	0.1182	0.1372	0.1334	0.1770	0.2948	0.1719	0.1335	0.1263	0.1385	0.1384	0.1319	0.1551	0.2079	0.1186	0.1237	0.1224	0.1705	0.2054	0.1854	0.2043	0.1173	0.1365	0.1437	0.1736	0.1902	0.1952	0.1907	0.2073	
0.8001	0.7413	0.6905	0.6156	0.5388	0.3726	0.2216	0.1190	0.7695	0.6993	0.6449	0.5860	0.4862	0.2654	0.1636	0.1110	0.7071	0.6170	0.5555	0.4673	0.2912	0.1927	0.1155	0.1281	0.6549	0.5703	0.5030	0.2680	0.1913	0.1286	0.1243	0.1349	0.5275	0.3006	0.2541	0.1179	0.1188	0.1380	0.1349	0.1828	0.3123	0.1780	0.1403	0.1313	0.1353	0.1320	0.1374	0.1574	0.2195	0.1194	0.1227	0.1194	0.1639	0.2031	0.1740	0.1936	0.1172	0.1317	0.1420	0.1796	0.1839	0.1741	0.1872	0.1967	
0.7987	0.7398	0.6914	0.6145	0.5403	0.3877	0.2278	0.1204	0.7691	0.6988	0.6425	0.5839	0.5019	0.2779	0.1687	0.1109	0.6994	0.6198	0.5602	0.4768	0.3068	0.1985	0.1185	0.1281	0.6538	0.5733	0.5127	0.2785	0.1976	0.1286	0.1261	0.1330	0.5395	0.3147	0.2664	0.1181	0.1177	0.1364	0.1403	0.1823	0.3261	0.1838	0.1420	0.1331	0.1381	0.1249	0.1297	0.1469	0.2271	0.1209	0.1292	0.1214	0.1647	0.2139	0.1828	0.2021	0.1222	0.1358	0.1465	0.1740	0.1838	0.1704	0.1736	0.1859	
0.8037	0.7461	0.6921	0.6154	0.5496	0.4026	0.2359	0.1210	0.7733	0.7034	0.6459	0.5844	0.5095	0.2873	0.1729	0.1137	0.7044	0.6255	0.5607	0.4903	0.3239	0.2062	0.1176	0.1293	0.6590	0.5733	0.5269	0.2918	0.2055	0.1320	0.1268	0.1361	0.5421	0.3303	0.2797	0.1218	0.1199	0.1355	0.1287	0.1810	0.3434	0.1885	0.1431	0.1324	0.1399	0.1317	0.1327	0.1421	0.2374	0.1242	0.1279	0.1212	0.1624	0.1925	0.1779	0.1915	0.1209	0.1340	0.1424	0.1778	0.1817	0.1777	0.1798	0.2028	
0.8065	0.7481	0.6949	0.6194	0.5502	0.4242	0.2516	0.1239	0.7713	0.7004	0.6457	0.5894	0.5217	0.3050	0.1795	0.1135	0.7062	0.6215	0.5603	0.4993	0.3376	0.2168	0.1198	0.1280	0.6594	0.5763	0.5356	0.3101	0.2149	0.1346	0.1244	0.1385	0.5451	0.3513	0.2954	0.1220	0.1237	0.1431	0.1352	0.1861	0.3575	0.1974	0.1489	0.1375	0.1449	0.1413	0.1291	0.1492	0.2474	0.1231	0.1225	0.1232	0.1707	0.2169	0.1893	0.1989	0.1231	0.1408	0.1468	0.1775	0.1832	0.1731	0.1812	0.2031	
0.8081	0.7460	0.6927	0.6167	0.5492	0.4359	0.2624	0.1261	0.7744	0.7025	0.6435	0.5880	0.5250	0.3186	0.1847	0.1152	0.7031	0.6222	0.5600	0.5035	0.3557	0.2230	0.1235	0.1309	0.6593	0.5770	0.5391	0.3234	0.2228	0.1353	0.1332	0.1392	0.5460	0.3635	0.3080	0.1236	0.1235	0.1403	0.1383	0.1750	0.3768	0.2047	0.1509	0.1409	0.1401	0.1311	0.1494	0.1595	0.2608	0.1248	0.1343	0.1237	0.1781	0.2282	0.1819	0.2054	0.1227	0.1356	0.1418	0.1708	0.1951	0.1785	0.1873	0.2140	
0.8097	0.7491	0.6957	0.6196	0.5505	0.4455	0.2735	0.1284	0.7789	0.7027	0.6462	0.5888	0.5256	0.3321	0.1918	0.1163	0.7081	0.6227	0.5611	0.5052	0.3688	0.2364	0.1241	0.1313	0.6585	0.5784	0.5474	0.3395	0.2338	0.1398	0.1261	0.1399	0.5493	0.3818	0.3265	0.1265	0.1248	0.1417	0.1367	0.1932	0.3950	0.2134	0.1563	0.1418	0.1453	0.1412	0.1287	0.1514	0.2722	0.1315	0.1245	0.1280	0.1739	0.2111	0.1872	0.2064	0.1253	0.1333	0.1394	0.1829	0.1782	0.1839	0.2054	0.1938	
0.8154	0.7543	0.6997	0.6223	0.5563	0.4599	0.2875	0.1305	0.7803	0.7067	0.6508	0.5931	0.5329	0.3548	0.1998	0.1160	0.7076	0.6288	0.5674	0.5129	0.3910	0.2474	0.1268	0.1290	0.6646	0.5792	0.5460	0.3570	0.2425	0.1447	0.1275	0.1377	0.5533	0.4022	0.3410	0.1308	0.1241	0.1398	0.1400	0.1833	0.4084	0.2224	0.1594	0.1487	0.1396	0.1390	0.1343	0.1572	0.2850	0.1327	0.1290	0.1270	0.1767	0.2132	0.1860	0.2007	0.1264	0.1409	0.1467	0.1818	0.1840	0.1810	0.1857	0.1976	
0.8153	0.7554	0.7024	0.6213	0.5559	0.4666	0.3008	0.1334	0.7820	0.7121	0.6538	0.5906	0.5360	0.3650	0.2107	0.1182	0.7141	0.6306	0.5698	0.5155	0.4082	0.2599	0.1302	0.1324	0.6638	0.5818	0.5519	0.3756	0.2545	0.1459	0.1286	0.1387	0.5542	0.4131	0.3559	0.1322	0.1259	0.1427	0.1458	0.1824	0.4251	0.2311	0.1644	0.1516	0.1338	0.1340	0.1315	0.1526	0.2973	0.1342	0.1341	0.1278	0.1698	0.2065	0.1795	0.1998	0.1285	0.1372	0.1444	0.1761	0.1989	0.1797	0.1829	0.1954	
0.8274	0.7601	0.7079	0.6259	0.5569	0.4714	0.3158	0.1368	0.7872	0.7161	0.6559	0.5940	0.5402	0.3813	0.2177	0.1198	0.7132	0.6311	0.5713	0.5166	0.4208	0.2719	0.1335	0.1321	0.6720	0.5866	0.5583	0.3902	0.2686	0.1524	0.1317	0.1364	0.5574	0.4281	0.3749	0.1360	0.1263	0.1425	0.1414	0.1840	0.4431	0.2411	0.1716	0.1561	0.1418	0.1356	0.1377	0.1629	0.3111	0.1368	0.1296	0.1291	0.1757	0.1967	0.1973	0.1940	0.1340	0.1439	0.1444	0.1791	0.1826	0.1798	0.1813	0.1966	
0.8314	0.7637	0.7058	0.6285	0.5621	0.4798	0.3342	0.1405	0.7932	0.7157	0.6559	0.6003	0.5431	0.3988	0.2268	0.1207	0.7164	0.6326	0.5731	0.5216	0.4320	0.2853	0.1353	0.1356	0.6712	0.5879	0.5560	0.4081	0.2804	0.1562	0.1338	0.1432	0.5609	0.4442	0.3897	0.1388	0.1278	0.1433	0.1403	0.1874	0.4535	0.2553	0.1775	0.1615	0.1443	0.1392	0.1390	0.1544	0.3294	0.1433	0.1363	0.1283	0.1774	0.2211	0.1919	0.2080	0.1319	0.1443	0.1461	0.1898	0.1885	0.1793	0.1993	0.1955	
0.8306	0.7616	0.7085	0.6287	0.5577	0.4756	0.3445	0.1435	0.7899	0.7164	0.6553	0.5971	0.5408	0.4088	0.2365	0.1223	0.7125	0.6317	0.5699	0.5165	0.4470	0.2955	0.1371	0.1351	0.6679	0.5830	0.5569	0.4219	0.2923	0.1577	0.1341	0.1434	0.5568	0.4503	0.4059	0.1409	0.1283	0.1467	0.1420	0.1877	0.4616	0.2630	0.1827	0.1632	0.1495	0.1415	0.1356	0.1574	0.3406	0.1416	0.1299	0.1332	0.1777	0.2117	0.1960	0.1953	0.1346	0.1468	0.1558	0.1906	0.1999	0.1827	0.1885	0.2027	
0.8344	0.7675	0.7126	0.6287	0.5567	0.4777	0.3575	0.1458	0.7959	0.7189	0.6633	0.6016	0.5428	0.4253	0.2445	0.1237	0.7131	0.6347	0.5723	0.5171	0.4481	0.3089	0.1411	0.1338	0.6693	0.5852	0.5559	0.4359	0.3027	0.1634	0.1345	0.1428	0.5582	0.4598	0.4176	0.1463	0.1289	0.1536	0.1450	0.1823	0.4684	0.2738	0.1883	0.1708	0.1457	0.1407	0.1356	0.1570	0.3577	0.1459	0.1342	0.1368	0.1788	0.1980	0.1923	0.1987	0.1364	0.1459	0.1498	0.1793	0.1862	0.1812	0.1951	0.2048	
0.8368	0.7709	0.7132	0.6285	0.5599	0.4796	0.3725	0.1518	0.8026	0.7214	0.6598	0.5989	0.5435	0.4357	0.2574	0.1246	0.7251	0.6379	0.5773	0.5219	0.4584	0.3250	0.1451	0.1393	0.6708	0.5894	0.5594	0.4523	0.3166	0.1692	0.1344	0.1406	0.5588	0.4628	0.4277	0.1490	0.1304	0.1521	0.1466	0.1768	0.4744	0.2875	0.1941	0.1750	0.1469	0.1377	0.1427	0.1546	0.3739	0.1523	0.1336	0.1349	0.1730	0.2141	0.2042	0.2233	0.1404	0.1515	0.1539	0.1783	0.1844	0.1876	0.1887	0.1994	
0.8353	0.7696	0.7109	0.6280	0.5583	0.4776	0.3850	0.1529	0.7996	0.7209	0.6614	0.6021	0.5438	0.4427	0.2681	0.1249	0.7207	0.6366	0.5730	0.5192	0.4590	0.3377	0.1490	0.1358	0.6699	0.5890	0.5598	0.4601	0.3322	0.1745	0.1421	0.1456	0.5572	0.4646	0.4373	0.1534	0.1366	0.1523	0.1472	0.1957	0.4761	0.2968	0.2004	0.1793	0.1604	0.1543	0.1409	0.1664	0.3867	0.1528	0.1397	0.1390	0.1799	0.2315	0.1872	0.2112	0.1430	0.1522	0.1503	0.1876	0.1927	0.1998	0.1903	0.2094	
0.8445	0.7758	0.7181	0.6338	0.5619	0.4824	0.3972	0.1580	0.8029	0.7259	0.6609	0.6050	0.5432	0.4524	0.2800	0.1301	0.7300	0.6422	0.5758	0.5226	0.4611	0.3545	0.1543	0.1366	0.6727	0.5936	0.5630	0.4688	0.3478	0.1792	0.1445	0.1435	0.5614	0.4702	0.4487	0.1569	0.1373	0.1445	0.1514	0.1932	0.4796	0.3110	0.2087	0.1860	0.1597	0.1605	0.1421	0.1595	0.4017	0.1571	0.1415	0.1382	0.1837	0.2214	0.1921	0.2156	0.1458	0.1573	0.1578	0.1828	0.2037	0.1997	0.2042	0.2016	
