0.0979	0.0988	0.0964	0.1015	0.1011	0.1029	0.1003	0.1036	0.1047	0.0990	0.1385	0.1096	0.1177	0.1090	0.1165	0.0983	0.0952	0.0946	0.0958	0.0975	0.0967	0.0982	0.1021	0.1077	0.1155	0.1159	0.1102	0.1102	0.1099	0.1083	0.1045	0.1005	0.1053	0.1064	0.1092	0.1019	0.1220	0.1154	0.1181	0.1203	0.1440	0.1129	0.1214	0.1198	0.1158	0.1161	0.1231	0.1151	0.1251	0.1181	0.1240	0.1117	0.1058	0.1134	0.1227	0.1376	0.1622	0.1437	0.1485	0.1331	0.1696	0.1358	0.1437	0.1392	
0.0917	0.0927	0.0923	0.0932	0.0941	0.0943	0.0956	0.0970	0.0921	0.0945	0.0993	0.0981	0.0939	0.0938	0.0968	0.0963	0.0919	0.0919	0.0925	0.0937	0.0936	0.0951	0.0954	0.0963	0.0935	0.0970	0.0922	0.0934	0.0944	0.0952	0.0966	0.0958	0.0916	0.0929	0.0924	0.0938	0.0934	0.0958	0.0963	0.0964	0.0930	0.0941	0.0943	0.0944	0.0947	0.0949	0.0970	0.0965	0.0947	0.0973	0.0982	0.0950	0.0944	0.0995	0.1008	0.1006	0.1092	0.1176	0.1091	0.1136	0.1377	0.1067	0.1119	0.1109	
0.0917	0.0931	0.0924	0.0936	0.0938	0.0938	0.0946	0.0959	0.0924	0.0942	0.0984	0.0928	0.0936	0.0935	0.0967	0.0954	0.0921	0.0919	0.0931	0.0940	0.0935	0.0944	0.0950	0.0959	0.0931	0.0962	0.0925	0.0931	0.0939	0.0947	0.0960	0.0955	0.0918	0.0922	0.0914	0.0928	0.0931	0.0952	0.0955	0.0951	0.0918	0.0920	0.0928	0.0938	0.0931	0.0947	0.0960	0.0953	0.0920	0.0938	0.0936	0.0939	0.0934	0.1010	0.0967	0.0966	0.1084	0.1136	0.1066	0.1102	0.1237	0.1016	0.1032	0.1065	
0.0914	0.0924	0.0917	0.0922	0.0934	0.0934	0.0946	0.0946	0.0909	0.0934	0.0981	0.0917	0.0927	0.0934	0.0953	0.0961	0.0898	0.0911	0.0923	0.0931	0.0926	0.0940	0.0933	0.0947	0.0927	0.0968	0.0921	0.0925	0.0938	0.0941	0.0954	0.0938	0.0917	0.0921	0.0912	0.0921	0.0926	0.0942	0.0952	0.0948	0.0922	0.0925	0.0931	0.0918	0.0935	0.0938	0.0949	0.0952	0.0927	0.0943	0.0924	0.0935	0.0919	0.0953	0.0964	0.0952	0.1023	0.1132	0.1075	0.1061	0.1179	0.1039	0.1035	0.1022	
0.0919	0.0931	0.0923	0.0923	0.0925	0.0926	0.0940	0.0947	0.0914	0.0935	0.0986	0.0932	0.0927	0.0931	0.0957	0.0942	0.0913	0.0911	0.0925	0.0929	0.0925	0.0942	0.0935	0.0942	0.0936	0.0956	0.0923	0.0933	0.0930	0.0940	0.0951	0.0940	0.0924	0.0927	0.0921	0.0927	0.0931	0.0950	0.0954	0.0950	0.0924	0.0923	0.0929	0.0929	0.0935	0.0941	0.0955	0.0951	0.0934	0.0932	0.0929	0.0940	0.0927	0.0942	0.0957	0.0960	0.1104	0.1166	0.1008	0.1118	0.1282	0.1021	0.1036	0.1044	
0.0917	0.0926	0.0920	0.0920	0.0927	0.0928	0.0939	0.0942	0.0922	0.0942	0.0987	0.0930	0.0927	0.0929	0.0954	0.0954	0.0914	0.0920	0.0953	0.0936	0.0931	0.0942	0.0937	0.0945	0.0933	0.0962	0.0924	0.0922	0.0937	0.0942	0.0957	0.0934	0.0918	0.0925	0.0923	0.0929	0.0931	0.0941	0.0942	0.0949	0.0920	0.0938	0.0938	0.0935	0.0933	0.0937	0.0959	0.0949	0.0923	0.0926	0.0964	0.0935	0.0931	0.0946	0.0949	0.0952	0.1050	0.1109	0.1026	0.1071	0.1199	0.1007	0.1011	0.1000	
0.0924	0.0931	0.0924	0.0920	0.0926	0.0929	0.0933	0.0935	0.0913	0.0933	0.0978	0.0923	0.0925	0.0925	0.0952	0.0943	0.0915	0.0913	0.0920	0.0930	0.0924	0.0938	0.0937	0.1008	0.0935	0.0964	0.0928	0.0924	0.0937	0.0941	0.0955	0.0938	0.0919	0.0927	0.0912	0.0925	0.0932	0.0948	0.0947	0.0945	0.0925	0.0925	0.0935	0.0928	0.0934	0.0941	0.0948	0.0942	0.0930	0.0926	0.0927	0.0944	0.0925	0.0942	0.0949	0.0947	0.1059	0.1078	0.1026	0.1137	0.1205	0.0993	0.1017	0.0995	
0.0923	0.0940	0.0929	0.0928	0.0929	0.0930	0.0938	0.0945	0.0929	0.0942	0.0989	0.0928	0.0934	0.0935	0.0954	0.0958	0.0923	0.0924	0.0929	0.0937	0.0939	0.0939	0.0942	0.0948	0.0939	0.0969	0.0931	0.0930	0.0940	0.0947	0.0952	0.0938	0.0929	0.0931	0.0917	0.0933	0.0935	0.0944	0.0951	0.0959	0.0923	0.0940	0.0941	0.0938	0.0938	0.0948	0.0952	0.0945	0.0925	0.0925	0.0930	0.0943	0.0941	0.0948	0.0955	0.0952	0.0990	0.0993	0.0936	0.0992	0.1159	0.0951	0.0962	0.0987	
0.0938	0.0956	0.0948	0.0941	0.0937	0.0946	0.0952	0.0958	0.0941	0.0960	0.1007	0.0944	0.0949	0.0939	0.0968	0.0980	0.0942	0.0938	0.0950	0.0953	0.0947	0.0954	0.0949	0.0959	0.0953	0.0985	0.0949	0.0949	0.0953	0.0959	0.0963	0.0951	0.0942	0.0950	0.0938	0.0952	0.0949	0.0966	0.0960	0.0961	0.0940	0.0952	0.0955	0.0957	0.0949	0.0960	0.0963	0.0956	0.0937	0.0942	0.0952	0.0954	0.0948	0.0957	0.0952	0.0962	0.1018	0.1172	0.1067	0.1099	0.1222	0.1030	0.1025	0.1019	
0.0923	0.0935	0.0927	0.0927	0.0927	0.0928	0.0937	0.0940	0.0921	0.0943	0.0997	0.0927	0.0930	0.0933	0.0951	0.0935	0.0918	0.0923	0.0929	0.0930	0.0931	0.0933	0.0939	0.0945	0.0941	0.0970	0.0935	0.0923	0.0939	0.0942	0.0951	0.0937	0.0916	0.0929	0.0915	0.0931	0.0919	0.0945	0.0948	0.0936	0.0923	0.0932	0.0942	0.0936	0.0937	0.0946	0.0957	0.0938	0.0921	0.0934	0.0928	0.0937	0.0941	0.0929	0.0936	0.0953	0.1023	0.1085	0.1026	0.1114	0.1190	0.0994	0.1036	0.1005	
0.0919	0.0934	0.0926	0.0929	0.0923	0.0928	0.0931	0.0934	0.0926	0.0944	0.0994	0.0924	0.0930	0.0932	0.0948	0.0950	0.0918	0.0919	0.0927	0.0936	0.0931	0.0936	0.0937	0.0938	0.0934	0.0973	0.0931	0.0931	0.0939	0.0942	0.0946	0.0936	0.0926	0.0928	0.0914	0.0924	0.0925	0.0939	0.0941	0.0937	0.0903	0.0922	0.0930	0.0932	0.0922	0.0936	0.0942	0.0937	0.0917	0.0925	0.0924	0.0937	0.0929	0.0924	0.0926	0.0941	0.1009	0.1119	0.1001	0.1061	0.1204	0.0989	0.0988	0.1004	
0.0925	0.0934	0.0928	0.0927	0.0925	0.0924	0.0931	0.0937	0.0925	0.0942	0.0993	0.0928	0.0932	0.0937	0.0947	0.0954	0.0918	0.0926	0.0929	0.0943	0.0932	0.0937	0.0939	0.0941	0.0934	0.0975	0.0929	0.0931	0.0937	0.0948	0.0945	0.0938	0.0929	0.0932	0.0922	0.0934	0.0934	0.0940	0.0947	0.0938	0.0931	0.0936	0.0937	0.0932	0.0938	0.0938	0.0946	0.0939	0.0925	0.0931	0.0922	0.0931	0.0931	0.0931	0.0931	0.0948	0.1015	0.1163	0.1018	0.1033	0.1189	0.0987	0.1000	0.1032	
0.0920	0.0934	0.0932	0.0929	0.0924	0.0925	0.0932	0.0940	0.0926	0.0945	0.0978	0.0920	0.0932	0.0931	0.0947	0.0950	0.0921	0.0926	0.0932	0.0937	0.0935	0.0941	0.0936	0.0940	0.0941	0.0968	0.0932	0.0933	0.0936	0.0948	0.0939	0.0931	0.0927	0.0930	0.0920	0.0939	0.0930	0.0946	0.0925	0.0964	0.0924	0.0932	0.0935	0.0931	0.0932	0.0931	0.0939	0.0939	0.0921	0.0930	0.1016	0.0936	0.0931	0.0933	0.0936	0.0944	0.1021	0.1108	0.1030	0.1086	0.1178	0.0978	0.1008	0.0989	
0.0925	0.0938	0.0932	0.0933	0.0924	0.0930	0.0931	0.0942	0.0904	0.0944	0.0987	0.0925	0.0931	0.0931	0.0942	0.0947	0.0921	0.0926	0.0926	0.0936	0.0931	0.0931	0.0929	0.0936	0.0937	0.0965	0.0928	0.0930	0.0930	0.0939	0.0941	0.0930	0.0927	0.0931	0.0924	0.0929	0.0922	0.0942	0.0940	0.0938	0.0925	0.0931	0.0934	0.0930	0.0931	0.0940	0.0945	0.0936	0.0925	0.0928	0.0925	0.0935	0.0929	0.0932	0.0922	0.0934	0.1004	0.1106	0.0969	0.1081	0.1169	0.0997	0.1001	0.0979	
0.0926	0.0928	0.0926	0.0929	0.0930	0.0930	0.0930	0.0943	0.0931	0.0941	0.0987	0.0935	0.0930	0.0936	0.0955	0.0956	0.0922	0.0927	0.0934	0.0939	0.0925	0.0941	0.0933	0.0938	0.0940	0.0968	0.0933	0.0937	0.0942	0.0942	0.0943	0.0925	0.0931	0.0927	0.0921	0.0939	0.0933	0.0945	0.0942	0.0933	0.0926	0.0929	0.0943	0.0928	0.0931	0.0936	0.0943	0.0935	0.0923	0.0933	0.0919	0.0940	0.0932	0.0938	0.0930	0.0941	0.0984	0.1100	0.0988	0.1031	0.1145	0.0975	0.0992	0.0989	
0.0937	0.0942	0.0932	0.0942	0.0928	0.0932	0.0932	0.0938	0.0932	0.0950	0.0998	0.0935	0.0935	0.0939	0.0948	0.0946	0.0926	0.0925	0.0948	0.0932	0.0937	0.0937	0.0936	0.0944	0.0939	0.0983	0.0940	0.0935	0.0940	0.0950	0.0937	0.0938	0.0933	0.0935	0.0926	0.0933	0.0926	0.0944	0.0938	0.0941	0.0930	0.0937	0.0937	0.0929	0.0934	0.0937	0.0957	0.0938	0.0924	0.0929	0.0929	0.0944	0.0927	0.0944	0.0937	0.0943	0.1002	0.1121	0.1008	0.1030	0.1184	0.0968	0.0996	0.0979	
0.0939	0.0940	0.0930	0.0929	0.0929	0.0939	0.0938	0.0937	0.0926	0.0940	0.0998	0.0938	0.0938	0.0924	0.0951	0.0933	0.0911	0.0925	0.0928	0.0939	0.0929	0.0939	0.0932	0.0941	0.0941	0.0974	0.0935	0.0940	0.0930	0.0956	0.0944	0.0924	0.0928	0.0922	0.0926	0.0933	0.0923	0.0941	0.0941	0.0939	0.0915	0.0922	0.0949	0.0927	0.0937	0.0941	0.0944	0.0926	0.0916	0.0923	0.0927	0.0940	0.0928	0.0930	0.0928	0.0934	0.0995	0.1099	0.1012	0.1041	0.1128	0.0967	0.0988	0.0977	
0.0941	0.0956	0.0945	0.0946	0.0944	0.0946	0.0943	0.0960	0.0943	0.0954	0.1014	0.0939	0.0941	0.0941	0.0951	0.0944	0.0938	0.0938	0.0940	0.0946	0.0945	0.0950	0.0947	0.0950	0.0947	0.0986	0.0934	0.0939	0.0950	0.0950	0.0954	0.0939	0.0939	0.0940	0.0931	0.0940	0.0936	0.0949	0.0938	0.0946	0.0932	0.0940	0.0948	0.0946	0.0930	0.0945	0.0948	0.0936	0.0928	0.0932	0.0924	0.0938	0.0947	0.0935	0.0935	0.0943	0.1020	0.1148	0.1010	0.1044	0.1131	0.0978	0.1013	0.0999	
0.0943	0.0949	0.0936	0.0943	0.0940	0.0946	0.0943	0.0940	0.0947	0.0957	0.1011	0.0942	0.0946	0.0945	0.0956	0.0943	0.0932	0.0928	0.0940	0.0942	0.0939	0.0944	0.0941	0.0933	0.0953	0.0987	0.0945	0.0946	0.0950	0.0958	0.0948	0.0934	0.0936	0.0939	0.0930	0.0945	0.0937	0.0945	0.0939	0.0942	0.0933	0.0943	0.0946	0.0949	0.0935	0.0944	0.0936	0.0945	0.0934	0.0943	0.0930	0.0942	0.0947	0.0927	0.0922	0.0932	0.1025	0.1120	0.1012	0.1036	0.1139	0.0977	0.0987	0.0995	
0.0944	0.0948	0.0939	0.0940	0.0938	0.0936	0.0941	0.0946	0.0947	0.0961	0.1021	0.0933	0.0947	0.0947	0.0953	0.0939	0.0929	0.0941	0.0941	0.0944	0.0940	0.0948	0.0939	0.0943	0.0945	0.0966	0.0932	0.0928	0.0934	0.0950	0.0952	0.0932	0.0934	0.0940	0.0937	0.0943	0.0906	0.0946	0.0946	0.0939	0.0939	0.0930	0.0940	0.0922	0.0937	0.0940	0.0945	0.0941	0.0938	0.0938	0.0917	0.0947	0.0946	0.0940	0.0935	0.0946	0.0992	0.1097	0.1014	0.1032	0.1146	0.0968	0.0997	0.1049	
0.0960	0.0952	0.0951	0.0944	0.0940	0.0935	0.0937	0.0945	0.0956	0.0958	0.1015	0.0947	0.0953	0.0947	0.0960	0.0946	0.0942	0.0950	0.0926	0.0953	0.0949	0.0951	0.0932	0.0947	0.0948	0.0989	0.0954	0.0950	0.0963	0.0959	0.0964	0.0925	0.0941	0.0949	0.0943	0.0948	0.0925	0.0960	0.0956	0.0953	0.0942	0.0952	0.0946	0.0949	0.0935	0.0939	0.0935	0.0940	0.0943	0.0937	0.0948	0.0938	0.0949	0.0940	0.0940	0.0951	0.1006	0.1075	0.1025	0.1049	0.1168	0.0998	0.1028	0.1002	
0.0948	0.0948	0.0931	0.0943	0.0925	0.0932	0.0939	0.0943	0.0945	0.0956	0.0994	0.0966	0.0937	0.0922	0.0952	0.0940	0.0933	0.0935	0.0936	0.0938	0.0927	0.0950	0.0942	0.0943	0.0953	0.0991	0.0947	0.0935	0.0954	0.0942	0.0943	0.0935	0.0930	0.0940	0.0935	0.0943	0.0933	0.0955	0.0940	0.0939	0.0933	0.0934	0.0943	0.0941	0.0941	0.0921	0.0942	0.0927	0.0926	0.0932	0.0931	0.0947	0.0937	0.0935	0.0924	0.0935	0.0995	0.1062	0.1009	0.1054	0.1195	0.0991	0.0995	0.1048	
0.0948	0.0949	0.0935	0.0934	0.0930	0.0948	0.0934	0.0954	0.0948	0.0961	0.0999	0.0948	0.0937	0.0930	0.0945	0.0947	0.0922	0.0942	0.0945	0.0947	0.0942	0.0931	0.0936	0.0933	0.0940	0.0976	0.0951	0.0940	0.0935	0.0940	0.0936	0.0928	0.0924	0.0932	0.0926	0.0939	0.0938	0.0943	0.0940	0.0938	0.0931	0.0934	0.0941	0.0925	0.0922	0.0929	0.0944	0.0937	0.0915	0.0920	0.0933	0.0958	0.0933	0.0919	0.0924	0.0942	0.1003	0.1079	0.0982	0.1036	0.1147	0.1003	0.1029	0.0977	
0.0979	0.0962	0.0958	0.0954	0.0953	0.0956	0.0967	0.0965	0.0969	0.0980	0.1028	0.1039	0.0958	0.0957	0.0973	0.0965	0.0958	0.0959	0.0964	0.0974	0.0970	0.0963	0.0959	0.0957	0.0973	0.1005	0.0956	0.0955	0.0971	0.0973	0.0968	0.0950	0.0959	0.0968	0.0950	0.0968	0.0954	0.0973	0.0959	0.0960	0.0946	0.0943	0.0943	0.0969	0.0946	0.0960	0.0953	0.0941	0.0946	0.0952	0.0964	0.0959	0.0956	0.0948	0.0947	0.0943	0.1012	0.1123	0.0995	0.1037	0.1230	0.0993	0.1031	0.1017	
0.0963	0.0967	0.0947	0.0937	0.0928	0.0944	0.0943	0.0945	0.0955	0.0977	0.1018	0.0945	0.0952	0.0945	0.0952	0.0942	0.0955	0.0943	0.0953	0.0953	0.0953	0.0951	0.0948	0.0953	0.0969	0.0987	0.0960	0.0963	0.0944	0.0948	0.0968	0.0935	0.0937	0.0953	0.0934	0.0955	0.0945	0.0959	0.0945	0.0947	0.0933	0.0947	0.0951	0.0931	0.0918	0.0940	0.0946	0.0933	0.0930	0.0941	0.0911	0.0941	0.0938	0.0922	0.0922	0.0933	0.1019	0.1049	0.0996	0.1060	0.1172	0.0991	0.0971	0.0980	
0.0984	0.0947	0.0945	0.0928	0.0926	0.0942	0.0948	0.0934	0.0956	0.0976	0.1016	0.0933	0.0951	0.0942	0.0942	0.0957	0.0948	0.0959	0.0958	0.0960	0.0937	0.0951	0.0942	0.0944	0.0940	0.0997	0.0955	0.0956	0.0954	0.0952	0.0951	0.0934	0.0942	0.0961	0.0944	0.0944	0.0942	0.0950	0.0949	0.0938	0.0943	0.0946	0.0937	0.0942	0.0945	0.0954	0.0946	0.0931	0.0926	0.0941	0.0935	0.0938	0.0929	0.0932	0.0929	0.0950	0.1007	0.1054	0.0992	0.1017	0.1178	0.0994	0.1016	0.0959	
0.0985	0.0951	0.0933	0.0931	0.0924	0.0927	0.0938	0.0933	0.0961	0.0963	0.1000	0.0943	0.0914	0.0937	0.0950	0.0969	0.0947	0.0953	0.0950	0.0954	0.0952	0.0946	0.0924	0.0943	0.0959	0.0987	0.0947	0.0953	0.0948	0.0936	0.0951	0.0927	0.0924	0.0950	0.0918	0.0950	0.0934	0.0922	0.0941	0.0945	0.0924	0.0941	0.0928	0.0923	0.0922	0.0928	0.0939	0.0925	0.0925	0.0926	0.0919	0.0927	0.0925	0.0930	0.0919	0.0930	0.1019	0.1096	0.0994	0.1054	0.1122	0.0971	0.0974	0.0979	
0.1003	0.0947	0.0941	0.0931	0.0936	0.0934	0.0939	0.0942	0.0992	0.0982	0.1019	0.0940	0.0948	0.0948	0.0957	0.0949	0.0953	0.0955	0.0952	0.0962	0.0947	0.0949	0.0954	0.0945	0.0973	0.1005	0.0944	0.0950	0.0951	0.0975	0.0951	0.0941	0.0944	0.0964	0.0948	0.0961	0.0940	0.0950	0.0953	0.0956	0.0936	0.0940	0.0945	0.0947	0.0941	0.0942	0.0947	0.0947	0.0931	0.0935	0.0923	0.0946	0.0940	0.0909	0.0917	0.0919	0.0999	0.1047	0.0980	0.1034	0.1154	0.0968	0.0976	0.0986	
0.1028	0.0971	0.0974	0.0966	0.0958	0.0959	0.0962	0.0967	0.1007	0.0999	0.1041	0.0967	0.0964	0.0967	0.0967	0.0975	0.0983	0.0982	0.0983	0.0989	0.0973	0.0968	0.0962	0.0973	0.0999	0.1034	0.0971	0.0982	0.0979	0.0980	0.0974	0.0934	0.0959	0.0975	0.0965	0.0975	0.0967	0.0980	0.0973	0.0976	0.0963	0.0975	0.0970	0.0979	0.0946	0.0973	0.0945	0.0965	0.0942	0.0964	0.0949	0.0966	0.0970	0.0949	0.0937	0.0960	0.1052	0.1118	0.1059	0.1066	0.1179	0.1027	0.1026	0.1027	
0.1030	0.0974	0.0954	0.0956	0.0952	0.0958	0.0957	0.0954	0.1013	0.0992	0.1043	0.0947	0.0969	0.0957	0.0953	0.0950	0.0987	0.0981	0.0978	0.0968	0.0966	0.0966	0.0968	0.0949	0.0991	0.1027	0.0977	0.0966	0.0981	0.0971	0.0972	0.0946	0.0955	0.0967	0.0965	0.0970	0.0960	0.0951	0.0968	0.0958	0.0962	0.0968	0.0966	0.0972	0.0953	0.0958	0.0967	0.0944	0.0940	0.0959	0.0961	0.0954	0.0954	0.0941	0.0947	0.0946	0.1041	0.1137	0.1006	0.1080	0.1130	0.1015	0.1015	0.0979	
0.1032	0.0968	0.0939	0.0939	0.0929	0.0943	0.0946	0.0949	0.1016	0.0997	0.1029	0.0947	0.0955	0.0952	0.0946	0.0940	0.0988	0.0979	0.0970	0.0962	0.0954	0.0953	0.0949	0.0965	0.0990	0.1011	0.0971	0.0968	0.0973	0.0969	0.0957	0.0957	0.0957	0.0952	0.0958	0.0974	0.0961	0.0959	0.0962	0.0963	0.0952	0.0964	0.0960	0.0958	0.0937	0.0924	0.0958	0.0933	0.0924	0.0939	0.1016	0.0965	0.0946	0.0935	0.0938	0.0938	0.1026	0.1087	0.1015	0.1065	0.1141	0.1003	0.0993	0.1015	
0.1057	0.0973	0.0937	0.0953	0.0931	0.0924	0.0946	0.0950	0.1021	0.1012	0.1017	0.0944	0.0950	0.0954	0.0945	0.0951	0.0978	0.0980	0.0977	0.0968	0.0954	0.0947	0.0941	0.0959	0.0993	0.1020	0.0962	0.0965	0.0966	0.0967	0.0951	0.0952	0.0955	0.0978	0.0955	0.0963	0.0960	0.0963	0.0958	0.0954	0.0942	0.0954	0.0971	0.0956	0.0937	0.0952	0.0942	0.0935	0.0934	0.0928	0.0928	0.0954	0.0952	0.0932	0.0923	0.0938	0.1038	0.1059	0.1028	0.1074	0.1129	0.1028	0.1020	0.1022	
0.1079	0.0983	0.0950	0.0948	0.0932	0.0946	0.0951	0.0952	0.1042	0.1018	0.1028	0.0961	0.0959	0.0946	0.0958	0.0972	0.1011	0.0999	0.0992	0.0985	0.0976	0.0967	0.0971	0.0958	0.1000	0.1020	0.0985	0.0974	0.0986	0.0981	0.0958	0.0946	0.0972	0.0982	0.0963	0.0985	0.0966	0.0962	0.0965	0.0978	0.0963	0.0971	0.0974	0.0969	0.0951	0.0952	0.0961	0.0937	0.0952	0.0941	0.0937	0.0961	0.0953	0.0947	0.0943	0.0945	0.1018	0.1074	0.1012	0.1050	0.1146	0.0988	0.1028	0.1061	
0.1088	0.0973	0.0938	0.0931	0.0931	0.0939	0.0946	0.0928	0.1050	0.1024	0.1040	0.0962	0.0948	0.0954	0.0948	0.0973	0.1011	0.0997	0.0981	0.0972	0.0965	0.0960	0.0954	0.0966	0.0998	0.1038	0.0988	0.0975	0.0974	0.0984	0.0963	0.0944	0.0965	0.0982	0.0947	0.0977	0.0960	0.0958	0.0964	0.0975	0.0948	0.0969	0.0970	0.0966	0.0960	0.0950	0.0957	0.0944	0.0955	0.0943	0.0936	0.0947	0.0948	0.0945	0.0924	0.0946	0.0980	0.1079	0.1006	0.1015	0.1171	0.0987	0.1020	0.0978	
0.1109	0.0988	0.0945	0.0940	0.0942	0.0937	0.0949	0.0943	0.1043	0.1037	0.1031	0.0968	0.0958	0.0966	0.0944	0.0981	0.1019	0.1017	0.1009	0.0990	0.0967	0.0954	0.0968	0.0981	0.1000	0.1038	0.0998	0.0994	0.0983	0.0989	0.0986	0.0969	0.0963	0.0982	0.0968	0.0991	0.0964	0.0970	0.0979	0.0973	0.0976	0.0971	0.0981	0.0966	0.0950	0.0947	0.0951	0.0947	0.0945	0.0943	0.0937	0.0964	0.0964	0.0944	0.0939	0.0931	0.1042	0.1054	0.1020	0.1038	0.1186	0.1010	0.1011	0.0997	
0.1133	0.0995	0.0947	0.0931	0.0939	0.0939	0.0937	0.0948	0.1084	0.1039	0.1045	0.0962	0.0955	0.0944	0.0937	0.0963	0.1031	0.1030	0.1000	0.0991	0.0983	0.0968	0.0965	0.0973	0.1028	0.1045	0.1001	0.0985	0.0994	0.0989	0.0974	0.0971	0.0974	0.0972	0.0972	0.0994	0.0966	0.0975	0.0975	0.0979	0.0976	0.0966	0.0964	0.0975	0.0951	0.0963	0.0966	0.0960	0.0942	0.0943	0.0944	0.0953	0.0958	0.0940	0.0932	0.0936	0.1018	0.1052	0.1015	0.1045	0.1151	0.0982	0.1026	0.0950	
0.1161	0.1001	0.0955	0.0943	0.0939	0.0932	0.0923	0.0925	0.1101	0.1049	0.1061	0.0969	0.0942	0.0953	0.0950	0.0939	0.1064	0.0991	0.0958	0.0930	0.0918	0.0914	0.0903	0.0903	0.0986	0.1015	0.0939	0.0936	0.0960	0.0946	0.0928	0.0904	0.0929	0.0948	0.0911	0.0960	0.0930	0.0933	0.0917	0.0940	0.0954	0.0936	0.0966	0.0938	0.0936	0.0908	0.0932	0.0906	0.0925	0.0936	0.0992	0.0934	0.0964	0.0935	0.0932	0.0929	0.1022	0.1038	0.0969	0.1042	0.1149	0.0999	0.0984	0.0952	
0.1204	0.0991	0.0942	0.0946	0.0933	0.0933	0.0939	0.0942	0.1137	0.1084	0.1073	0.0972	0.0959	0.0953	0.0945	0.0953	0.1068	0.1049	0.1024	0.1023	0.0991	0.0979	0.0941	0.0978	0.1053	0.1067	0.1022	0.1017	0.1019	0.1018	0.1000	0.0987	0.0998	0.1009	0.0992	0.1018	0.0992	0.0980	0.0993	0.1009	0.0984	0.0989	0.0973	0.0984	0.0971	0.0965	0.0978	0.0958	0.0958	0.0954	0.0924	0.0964	0.0971	0.0941	0.0948	0.0952	0.1038	0.1114	0.1012	0.1058	0.1166	0.0983	0.1023	0.0939	
0.1219	0.1018	0.0945	0.0946	0.0933	0.0945	0.0939	0.0935	0.1160	0.1090	0.1066	0.0976	0.0961	0.0961	0.0960	0.0949	0.1089	0.1060	0.1042	0.1020	0.0990	0.0974	0.0980	0.0987	0.1063	0.1104	0.1020	0.1024	0.1015	0.1018	0.1012	0.0979	0.0990	0.1010	0.1008	0.1027	0.0987	0.0994	0.0969	0.1003	0.0987	0.0986	0.0990	0.0982	0.0959	0.0976	0.0983	0.0949	0.0946	0.0950	0.0942	0.0973	0.0964	0.0929	0.0921	0.0952	0.1037	0.1074	0.1015	0.1046	0.1162	0.0991	0.1016	0.1057	
0.1293	0.1034	0.0967	0.0949	0.0939	0.0951	0.0954	0.0954	0.1184	0.1134	0.1072	0.0986	0.0986	0.0967	0.0957	0.0972	0.1108	0.1089	0.1059	0.1039	0.1019	0.0996	0.0991	0.0997	0.1084	0.1107	0.1053	0.1032	0.1044	0.1029	0.1028	0.0993	0.1014	0.1023	0.1014	0.1039	0.1004	0.0998	0.1016	0.1019	0.0993	0.0982	0.1014	0.1005	0.0982	0.0981	0.0992	0.0957	0.0959	0.0962	0.0956	0.0973	0.0985	0.0947	0.0940	0.0956	0.1025	0.1091	0.1001	0.1047	0.1175	0.1012	0.1019	0.0991	
0.1349	0.1055	0.0964	0.0947	0.0921	0.0948	0.0955	0.0945	0.1238	0.1156	0.1082	0.0985	0.0976	0.0952	0.0958	0.0968	0.1146	0.1114	0.1073	0.1045	0.1016	0.1009	0.0996	0.0987	0.1086	0.1121	0.1037	0.1029	0.1038	0.1041	0.1028	0.0996	0.1024	0.1025	0.1029	0.1051	0.1021	0.1013	0.1005	0.1029	0.1005	0.1000	0.1017	0.0998	0.0984	0.0986	0.0998	0.0969	0.0942	0.0955	0.0952	0.0987	0.0981	0.0952	0.0942	0.0956	0.1046	0.1144	0.1037	0.1072	0.1207	0.0988	0.1019	0.1027	
0.1394	0.1072	0.0980	0.0939	0.0931	0.0954	0.0956	0.0946	0.1265	0.1155	0.1083	0.0985	0.0967	0.0972	0.0956	0.0968	0.1168	0.1111	0.1083	0.1060	0.1014	0.0985	0.0988	0.0994	0.1103	0.1134	0.1053	0.1041	0.1044	0.1042	0.1030	0.1005	0.1017	0.1023	0.1031	0.1042	0.1002	0.1005	0.0999	0.1033	0.1004	0.1011	0.1009	0.1001	0.0974	0.0980	0.0977	0.0970	0.0970	0.0955	0.0917	0.0980	0.0996	0.0942	0.0946	0.0932	0.1051	0.1174	0.1014	0.1038	0.1165	0.1006	0.1024	0.1105	
0.1465	0.1103	0.0981	0.0959	0.0937	0.0939	0.0944	0.0940	0.1291	0.1219	0.1110	0.1000	0.0980	0.0972	0.0951	0.0974	0.1170	0.1144	0.1096	0.1066	0.1026	0.0999	0.0994	0.1004	0.1145	0.1165	0.1083	0.1074	0.1067	0.1055	0.1048	0.1017	0.1039	0.1053	0.1039	0.1075	0.1034	0.1003	0.1022	0.1041	0.1019	0.1011	0.1024	0.1014	0.0990	0.0993	0.1009	0.0979	0.0969	0.0969	0.0955	0.0985	0.0993	0.0957	0.0936	0.0953	0.1055	0.1102	0.1033	0.1089	0.1219	0.0998	0.1062	0.1072	
0.1534	0.1139	0.0986	0.0958	0.0934	0.0955	0.0947	0.0935	0.1340	0.1248	0.1117	0.1011	0.0983	0.0978	0.0966	0.0963	0.1228	0.1176	0.1129	0.1091	0.1043	0.1022	0.1015	0.1013	0.1166	0.1181	0.1097	0.1096	0.1088	0.1067	0.1048	0.1010	0.1052	0.1065	0.1068	0.1083	0.1050	0.1028	0.1046	0.1050	0.1022	0.1029	0.1031	0.1024	0.1005	0.0995	0.1005	0.0989	0.0979	0.0974	0.0934	0.0998	0.1012	0.0933	0.0951	0.0965	0.1026	0.1094	0.1024	0.1101	0.1195	0.0998	0.1027	0.0974	
0.1608	0.1159	0.1018	0.0975	0.0952	0.0969	0.0967	0.0959	0.1409	0.1298	0.1148	0.1033	0.0997	0.0984	0.0988	0.0985	0.1270	0.1219	0.1169	0.1101	0.1062	0.1028	0.1029	0.1039	0.1188	0.1209	0.1139	0.1120	0.1120	0.1081	0.1086	0.1032	0.1064	0.1085	0.1078	0.1101	0.1072	0.1056	0.1043	0.1066	0.1043	0.1052	0.1045	0.1048	0.1003	0.1020	0.1005	0.1004	0.0992	0.0984	0.0976	0.1012	0.1022	0.0960	0.0975	0.0974	0.1036	0.1132	0.1027	0.1070	0.1165	0.1038	0.1020	0.1002	
0.1699	0.1233	0.1008	0.0940	0.0937	0.0941	0.0944	0.0937	0.1451	0.1336	0.1160	0.1036	0.1007	0.0979	0.0976	0.0979	0.1295	0.1236	0.1179	0.1110	0.1066	0.1019	0.1015	0.1025	0.1190	0.1228	0.1128	0.1124	0.1110	0.1085	0.1076	0.1034	0.1057	0.1092	0.1080	0.1134	0.1057	0.1038	0.1055	0.1067	0.1027	0.1051	0.1051	0.1046	0.1010	0.0997	0.1025	0.1006	0.0931	0.0918	0.0904	0.0953	0.0955	0.0894	0.0904	0.0903	0.0981	0.1052	0.0985	0.1002	0.1172	0.0948	0.0988	0.1004	
0.1773	0.1281	0.1055	0.0992	0.0964	0.0962	0.0944	0.0968	0.1555	0.1409	0.1194	0.1078	0.1018	0.1004	0.0998	0.0992	0.1353	0.1286	0.1242	0.1154	0.1101	0.1071	0.1070	0.1062	0.1265	0.1274	0.1209	0.1154	0.1169	0.1110	0.1114	0.1074	0.1097	0.1124	0.1113	0.1147	0.1107	0.1091	0.1082	0.1105	0.1085	0.1069	0.1082	0.1075	0.1018	0.1024	0.1070	0.1020	0.1009	0.0990	0.0978	0.1036	0.1045	0.0962	0.0977	0.0985	0.1071	0.1161	0.1067	0.1104	0.1250	0.1048	0.1041	0.1023	
0.1890	0.1332	0.1021	0.0967	0.0935	0.0950	0.0963	0.0953	0.1573	0.1456	0.1204	0.1055	0.1025	0.0969	0.0985	0.0982	0.1362	0.1308	0.1217	0.1122	0.1089	0.1048	0.1041	0.1026	0.1278	0.1286	0.1177	0.1152	0.1153	0.1125	0.1097	0.1048	0.1108	0.1127	0.1120	0.1158	0.1082	0.1078	0.1085	0.1097	0.1061	0.1064	0.1087	0.1062	0.1007	0.1017	0.1039	0.1011	0.0988	0.0987	0.0976	0.1004	0.1012	0.0943	0.0948	0.0956	0.1042	0.1116	0.1036	0.1133	0.1217	0.1064	0.0982	0.1041	
0.2005	0.1410	0.1042	0.0975	0.0955	0.0958	0.0957	0.0959	0.1670	0.1528	0.1235	0.1061	0.1055	0.1006	0.0997	0.0985	0.1428	0.1354	0.1278	0.1172	0.1102	0.1056	0.1043	0.1053	0.1306	0.1320	0.1204	0.1185	0.1169	0.1119	0.1123	0.1076	0.1113	0.1122	0.1146	0.1172	0.1092	0.1077	0.1095	0.1107	0.1066	0.1078	0.1092	0.1083	0.1026	0.1015	0.1046	0.1011	0.0976	0.0992	0.0966	0.1010	0.1032	0.0960	0.0960	0.0972	0.1023	0.1115	0.1050	0.1088	0.1207	0.1036	0.1036	0.0974	
0.2150	0.1501	0.1075	0.0989	0.0963	0.0969	0.0968	0.0950	0.1743	0.1598	0.1275	0.1107	0.1050	0.1018	0.1013	0.1009	0.1494	0.1406	0.1323	0.1214	0.1102	0.1066	0.1073	0.1069	0.1350	0.1348	0.1243	0.1215	0.1185	0.1152	0.1142	0.1088	0.1165	0.1156	0.1141	0.1214	0.1115	0.1095	0.1127	0.1140	0.1095	0.1106	0.1102	0.1085	0.1030	0.1036	0.1069	0.1034	0.1106	0.0989	0.0988	0.1039	0.1040	0.0995	0.0970	0.0993	0.1075	0.1093	0.1029	0.1096	0.1197	0.1037	0.1039	0.1095	
0.2261	0.1591	0.1083	0.0977	0.0940	0.0946	0.0958	0.0934	0.1826	0.1674	0.1281	0.1103	0.1061	0.1014	0.0985	0.0983	0.1534	0.1466	0.1324	0.1200	0.1126	0.1067	0.1057	0.1046	0.1373	0.1384	0.1248	0.1235	0.1212	0.1134	0.1140	0.1088	0.1149	0.1158	0.1173	0.1203	0.1104	0.1093	0.1088	0.1137	0.1094	0.1085	0.1096	0.1091	0.1021	0.1015	0.1039	0.1013	0.0990	0.0977	0.0970	0.1027	0.1027	0.0943	0.0945	0.0952	0.0993	0.1131	0.1023	0.1118	0.1130	0.1032	0.0987	0.0989	
0.2503	0.1722	0.1121	0.0998	0.0966	0.0950	0.0973	0.0966	0.1959	0.1793	0.1360	0.1136	0.1092	0.1031	0.1014	0.1005	0.1618	0.1518	0.1409	0.1255	0.1168	0.1089	0.1094	0.1086	0.1446	0.1450	0.1295	0.1266	0.1247	0.1165	0.1159	0.1124	0.1191	0.1182	0.1199	0.1251	0.1137	0.1127	0.1146	0.1167	0.1116	0.1126	0.1128	0.1128	0.1026	0.1044	0.1069	0.1039	0.1019	0.0975	0.0994	0.1057	0.1072	0.0972	0.0978	0.0990	0.1061	0.1109	0.1022	0.1073	0.1199	0.1029	0.1030	0.0970	
0.2655	0.1828	0.1135	0.0994	0.0967	0.0963	0.0958	0.0943	0.2066	0.1878	0.1404	0.1166	0.1092	0.1036	0.1013	0.1007	0.1675	0.1578	0.1455	0.1297	0.1179	0.1101	0.1091	0.1091	0.1474	0.1487	0.1328	0.1296	0.1278	0.1171	0.1171	0.1122	0.1202	0.1209	0.1224	0.1258	0.1151	0.1143	0.1158	0.1169	0.1119	0.1134	0.1131	0.1114	0.1045	0.1046	0.1063	0.1036	0.1020	0.1002	0.0984	0.1052	0.1054	0.0969	0.0968	0.0973	0.1050	0.1124	0.1037	0.1069	0.1167	0.1010	0.1045	0.0991	
0.2839	0.1973	0.1173	0.1004	0.0962	0.0968	0.0967	0.0944	0.2188	0.1998	0.1474	0.1190	0.1124	0.1053	0.1023	0.1021	0.1761	0.1637	0.1502	0.1327	0.1214	0.1127	0.1111	0.1094	0.1528	0.1514	0.1381	0.1326	0.1297	0.1193	0.1203	0.1150	0.1239	0.1234	0.1230	0.1281	0.1162	0.1136	0.1152	0.1172	0.1107	0.1126	0.1140	0.1127	0.1050	0.1034	0.1091	0.1057	0.1010	0.1002	0.1030	0.1057	0.1046	0.0963	0.0960	0.0963	0.1052	0.1140	0.1023	0.1099	0.1142	0.1034	0.0997	0.1004	
0.3030	0.2158	0.1213	0.1024	0.0987	0.0982	0.0983	0.0969	0.2343	0.2126	0.1559	0.1223	0.1160	0.1064	0.1049	0.1018	0.1879	0.1732	0.1566	0.1379	0.1274	0.1136	0.1134	0.1114	0.1602	0.1596	0.1425	0.1385	0.1349	0.1232	0.1231	0.1175	0.1272	0.1256	0.1283	0.1330	0.1213	0.1174	0.1185	0.1216	0.1166	0.1170	0.1180	0.1168	0.1059	0.1077	0.1091	0.1071	0.1018	0.1014	0.1011	0.1086	0.1093	0.0985	0.0984	0.0977	0.1055	0.1151	0.1066	0.1083	0.1233	0.1050	0.1026	0.1048	
0.3272	0.2308	0.1236	0.1033	0.0982	0.0966	0.0970	0.0956	0.2517	0.2261	0.1630	0.1280	0.1179	0.1086	0.1047	0.1031	0.1968	0.1804	0.1658	0.1440	0.1286	0.1164	0.1148	0.1120	0.1653	0.1665	0.1482	0.1434	0.1384	0.1250	0.1247	0.1183	0.1279	0.1303	0.1318	0.1367	0.1241	0.1165	0.1180	0.1229	0.1170	0.1199	0.1196	0.1166	0.1075	0.1064	0.1120	0.1091	0.1032	0.1011	0.1001	0.1084	0.1091	0.0979	0.0955	0.0993	0.1034	0.1097	0.1028	0.1084	0.1111	0.1028	0.1017	0.1054	
0.3529	0.2532	0.1304	0.1057	0.0991	0.0974	0.0980	0.0967	0.2674	0.2457	0.1748	0.1342	0.1226	0.1122	0.1095	0.1059	0.2064	0.1927	0.1742	0.1512	0.1366	0.1199	0.1179	0.1151	0.1768	0.1718	0.1558	0.1492	0.1432	0.1299	0.1294	0.1216	0.1332	0.1314	0.1352	0.1406	0.1246	0.1239	0.1274	0.1287	0.1237	0.1241	0.1230	0.1209	0.1079	0.1114	0.1140	0.1133	0.1052	0.1027	0.0994	0.1103	0.1128	0.0979	0.0981	0.0987	0.1054	0.1115	0.1057	0.1125	0.1147	0.1040	0.1044	0.0980	
0.3829	0.2768	0.1350	0.1087	0.1013	0.0992	0.1001	0.0970	0.2888	0.2594	0.1887	0.1404	0.1279	0.1151	0.1121	0.1048	0.2234	0.2033	0.1856	0.1605	0.1401	0.1235	0.1228	0.1188	0.1835	0.1836	0.1612	0.1581	0.1507	0.1340	0.1338	0.1262	0.1372	0.1359	0.1396	0.1472	0.1305	0.1240	0.1259	0.1310	0.1250	0.1268	0.1241	0.1239	0.1113	0.1119	0.1145	0.1128	0.1065	0.1042	0.1019	0.1122	0.1160	0.1002	0.0989	0.1010	0.1079	0.1158	0.1078	0.1089	0.1194	0.1074	0.1048	0.1000	
0.4031	0.2966	0.1445	0.1093	0.1024	0.0989	0.0983	0.0973	0.3090	0.2798	0.2005	0.1433	0.1308	0.1170	0.1120	0.1088	0.2312	0.2128	0.1938	0.1644	0.1465	0.1258	0.1241	0.1199	0.1899	0.1928	0.1663	0.1610	0.1535	0.1370	0.1369	0.1266	0.1418	0.1411	0.1435	0.1510	0.1291	0.1261	0.1281	0.1309	0.1237	0.1248	0.1261	0.1246	0.1110	0.1124	0.1151	0.1137	0.1060	0.1042	0.0991	0.1117	0.1123	0.0981	0.0980	0.1006	0.1069	0.1140	0.1079	0.1107	0.1214	0.1068	0.1028	0.1069	
0.4340	0.3236	0.1515	0.1118	0.1029	0.0997	0.1014	0.0971	0.3287	0.3015	0.2127	0.1530	0.1350	0.1199	0.1153	0.1104	0.2529	0.2286	0.2087	0.1749	0.1533	0.1304	0.1257	0.1239	0.2030	0.2021	0.1752	0.1687	0.1625	0.1391	0.1398	0.1302	0.1446	0.1458	0.1492	0.1558	0.1346	0.1306	0.1311	0.1365	0.1286	0.1297	0.1298	0.1254	0.1132	0.1121	0.1160	0.1145	0.1085	0.1052	0.1016	0.1147	0.1177	0.0995	0.1008	0.1016	0.1062	0.1108	0.1077	0.1089	0.1235	0.1045	0.1054	0.1028	
0.4610	0.3483	0.1563	0.1143	0.1044	0.1012	0.1006	0.0980	0.3557	0.3263	0.2265	0.1631	0.1391	0.1228	0.1163	0.1136	0.2656	0.2451	0.2194	0.1849	0.1584	0.1328	0.1307	0.1274	0.2177	0.2113	0.1822	0.1801	0.1702	0.1468	0.1459	0.1349	0.1506	0.1518	0.1588	0.1659	0.1424	0.1352	0.1373	0.1423	0.1363	0.1347	0.1363	0.1313	0.1173	0.1178	0.1239	0.1176	0.1121	0.1080	0.1058	0.1198	0.1225	0.1035	0.1051	0.1070	0.1140	0.1217	0.1113	0.1128	0.1320	0.1116	0.1105	0.1150	
0.4875	0.3785	0.1704	0.1179	0.1075	0.1016	0.1027	0.1005	0.3810	0.3457	0.2438	0.1744	0.1476	0.1271	0.1200	0.1161	0.2840	0.2575	0.2324	0.1957	0.1667	0.1408	0.1363	0.1314	0.2266	0.2201	0.1900	0.1865	0.1733	0.1504	0.1486	0.1386	0.1572	0.1541	0.1602	0.1677	0.1411	0.1358	0.1391	0.1436	0.1324	0.1360	0.1334	0.1318	0.1150	0.1136	0.1212	0.1189	0.1115	0.1066	0.1028	0.1166	0.1201	0.1000	0.1006	0.1019	0.1084	0.1150	0.1061	0.1109	0.1196	0.1076	0.1023	0.0994	
0.5120	0.4017	0.1803	0.1204	0.1093	0.1033	0.1023	0.0984	0.4041	0.3698	0.2670	0.1821	0.1533	0.1306	0.1212	0.1170	0.3013	0.2727	0.2463	0.2033	0.1819	0.1477	0.1390	0.1355	0.2376	0.2330	0.1989	0.1949	0.1853	0.1556	0.1519	0.1415	0.1608	0.1595	0.1646	0.1725	0.1447	0.1394	0.1389	0.1449	0.1352	0.1373	0.1380	0.1383	0.1171	0.1164	0.1199	0.1204	0.1124	0.1077	0.1026	0.1191	0.1215	0.1003	0.0990	0.1020	0.1083	0.1158	0.1066	0.1102	0.1205	0.1054	0.1095	0.1026	
0.5364	0.4290	0.1904	0.1242	0.1129	0.1033	0.1036	0.0991	0.4313	0.3940	0.2840	0.1936	0.1603	0.1350	0.1254	0.1203	0.3226	0.2933	0.2599	0.2163	0.1877	0.1519	0.1454	0.1383	0.2530	0.2431	0.2098	0.2058	0.1922	0.1640	0.1583	0.1468	0.1689	0.1648	0.1719	0.1796	0.1496	0.1415	0.1431	0.1477	0.1388	0.1408	0.1428	0.1386	0.1201	0.1163	0.1218	0.1218	0.1124	0.1080	0.1023	0.1181	0.1226	0.0994	0.0991	0.1021	0.1025	0.1090	0.1033	0.1042	0.1163	0.1019	0.1037	0.1059	
0.5677	0.4583	0.2016	0.1314	0.1165	0.1090	0.1078	0.1043	0.4626	0.4240	0.3101	0.2083	0.1703	0.1424	0.1331	0.1274	0.3464	0.3092	0.2795	0.2332	0.2042	0.1620	0.1550	0.1470	0.2681	0.2611	0.2266	0.2195	0.2069	0.1728	0.1696	0.1557	0.1775	0.1748	0.1789	0.1935	0.1569	0.1487	0.1502	0.1593	0.1465	0.1514	0.1492	0.1489	0.1241	0.1239	0.1281	0.1274	0.1176	0.1132	0.1069	0.1266	0.1275	0.1047	0.1036	0.1074	0.1113	0.1217	0.1127	0.1143	0.1230	0.1103	0.1074	0.1085	
0.5900	0.4786	0.2160	0.1325	0.1192	0.1070	0.1070	0.1026	0.4828	0.4493	0.3305	0.2179	0.1761	0.1457	0.1321	0.1260	0.3640	0.3253	0.2935	0.2466	0.2107	0.1664	0.1553	0.1474	0.2828	0.2700	0.2322	0.2279	0.2129	0.1794	0.1705	0.1582	0.1821	0.1790	0.1876	0.1966	0.1577	0.1503	0.1515	0.1586	0.1477	0.1495	0.1522	0.1485	0.1229	0.1208	0.1264	0.1255	0.1144	0.1106	0.1044	0.1251	0.1287	0.1021	0.1016	0.1027	0.1086	0.1209	0.1057	0.1082	0.1186	0.1037	0.1065	0.1018	
0.6095	0.5042	0.2283	0.1359	0.1213	0.1077	0.1072	0.1035	0.5115	0.4764	0.3573	0.2355	0.1878	0.1523	0.1352	0.1303	0.3901	0.3486	0.3147	0.2654	0.2288	0.1782	0.1652	0.1544	0.2991	0.2917	0.2480	0.2443	0.2269	0.1893	0.1804	0.1668	0.1895	0.1860	0.1957	0.2087	0.1652	0.1546	0.1583	0.1643	0.1511	0.1547	0.1559	0.1517	0.1240	0.1217	0.1293	0.1291	0.1165	0.1124	0.1057	0.1268	0.1334	0.1019	0.1022	0.1051	0.1106	0.1136	0.1099	0.1107	0.1186	0.1040	0.1064	0.1015	
0.6333	0.5241	0.2472	0.1465	0.1284	0.1131	0.1113	0.1069	0.5391	0.5011	0.3854	0.2559	0.2033	0.1625	0.1434	0.1375	0.4154	0.3716	0.3397	0.2823	0.2449	0.1908	0.1743	0.1647	0.3207	0.3075	0.2639	0.2601	0.2443	0.2003	0.1932	0.1753	0.2028	0.1961	0.2061	0.2224	0.1729	0.1624	0.1624	0.1733	0.1605	0.1648	0.1634	0.1610	0.1300	0.1291	0.1354	0.1350	0.1185	0.1139	0.1097	0.1307	0.1362	0.1046	0.1054	0.1059	0.1117	0.1210	0.1119	0.1172	0.1201	0.1118	0.1065	0.1026	
0.6564	0.5466	0.2611	0.1513	0.1306	0.1127	0.1106	0.1067	0.5641	0.5308	0.4095	0.2711	0.2150	0.1686	0.1455	0.1387	0.4331	0.3926	0.3594	0.3011	0.2611	0.2040	0.1819	0.1699	0.3376	0.3258	0.2782	0.2722	0.2561	0.2098	0.2017	0.1840	0.2093	0.2034	0.2171	0.2308	0.1784	0.1659	0.1692	0.1775	0.1635	0.1666	0.1669	0.1633	0.1322	0.1272	0.1357	0.1359	0.1201	0.1126	0.1071	0.1346	0.1379	0.1018	0.1043	0.1056	0.1106	0.1224	0.1086	0.1116	0.1222	0.1113	0.1046	0.1092	
0.6789	0.5644	0.2753	0.1584	0.1367	0.1126	0.1123	0.1074	0.5908	0.5529	0.4335	0.2880	0.2269	0.1747	0.1530	0.1429	0.4595	0.4186	0.3802	0.3218	0.2814	0.2125	0.1905	0.1751	0.3598	0.3486	0.2915	0.2902	0.2727	0.2205	0.2084	0.1909	0.2194	0.2127	0.2231	0.2375	0.1857	0.1742	0.1724	0.1866	0.1718	0.1758	0.1756	0.1687	0.1317	0.1297	0.1388	0.1391	0.1222	0.1156	0.1071	0.1370	0.1412	0.1042	0.1043	0.1071	0.1144	0.1182	0.1101	0.1109	0.1238	0.1082	0.1053	0.1086	
0.6944	0.5830	0.2874	0.1655	0.1406	0.1172	0.1126	0.1092	0.6126	0.5775	0.4562	0.3063	0.2382	0.1827	0.1599	0.1514	0.4810	0.4395	0.4020	0.3391	0.2969	0.2273	0.2000	0.1830	0.3833	0.3644	0.3128	0.3091	0.2892	0.2341	0.2201	0.1990	0.2268	0.2213	0.2383	0.2577	0.1942	0.1784	0.1795	0.1937	0.1773	0.1810	0.1812	0.1740	0.1374	0.1327	0.1437	0.1424	0.1236	0.1166	0.1099	0.1395	0.1446	0.1027	0.1043	0.1072	0.1123	0.1191	0.1144	0.1142	0.1257	0.1121	0.1088	0.1018	
0.7125	0.6054	0.3033	0.1772	0.1471	0.1213	0.1153	0.1123	0.6321	0.5998	0.4825	0.3259	0.2525	0.1922	0.1659	0.1546	0.5142	0.4664	0.4260	0.3658	0.3225	0.2435	0.2102	0.1928	0.4052	0.3883	0.3306	0.3263	0.3031	0.2479	0.2327	0.2093	0.2457	0.2335	0.2466	0.2685	0.2014	0.1877	0.1881	0.2027	0.1847	0.1869	0.1873	0.1822	0.1390	0.1351	0.1488	0.1467	0.1288	0.1187	0.1085	0.1436	0.1519	0.1050	0.1047	0.1086	0.1119	0.1213	0.1130	0.1137	0.1224	0.1093	0.1081	0.1058	
0.7183	0.6194	0.3179	0.1891	0.1567	0.1290	0.1216	0.1173	0.6543	0.6206	0.5052	0.3452	0.2699	0.2065	0.1760	0.1661	0.5349	0.4904	0.4515	0.3877	0.3420	0.2646	0.2230	0.2051	0.4322	0.4140	0.3485	0.3467	0.3260	0.2662	0.2462	0.2221	0.2582	0.2529	0.2654	0.2856	0.2099	0.1957	0.1989	0.2142	0.1908	0.1946	0.1947	0.1890	0.1447	0.1396	0.1514	0.1509	0.1301	0.1224	0.1120	0.1461	0.1557	0.1053	0.1073	0.1090	0.1155	0.1187	0.1140	0.1135	0.1196	0.1091	0.1103	0.1042	
0.7293	0.6358	0.3309	0.1926	0.1644	0.1339	0.1243	0.1187	0.6679	0.6403	0.5289	0.3645	0.2823	0.2175	0.1855	0.1714	0.5588	0.5150	0.4714	0.4119	0.3602	0.2781	0.2337	0.2133	0.4523	0.4310	0.3695	0.3663	0.3414	0.2816	0.2589	0.2364	0.2673	0.2576	0.2731	0.2981	0.2230	0.2022	0.2035	0.2194	0.1987	0.2038	0.2054	0.1984	0.1511	0.1437	0.1555	0.1532	0.1341	0.1222	0.1204	0.1525	0.1627	0.1065	0.1058	0.1092	0.1164	0.1222	0.1133	0.1155	0.1254	0.1119	0.1109	0.1035	
0.7271	0.6532	0.3447	0.2052	0.1717	0.1388	0.1275	0.1220	0.6742	0.6503	0.5519	0.3790	0.2959	0.2286	0.1950	0.1798	0.5726	0.5306	0.4930	0.4343	0.3849	0.2997	0.2466	0.2248	0.4725	0.4569	0.3879	0.3915	0.3618	0.2992	0.2698	0.2469	0.2841	0.2738	0.2893	0.3126	0.2305	0.2111	0.2146	0.2328	0.2099	0.2118	0.2105	0.2065	0.1536	0.1473	0.1621	0.1604	0.1376	0.1243	0.1146	0.1565	0.1659	0.1052	0.1079	0.1114	0.1170	0.1279	0.1123	0.1122	0.1264	0.1105	0.1117	0.1111	
0.7347	0.6658	0.3560	0.2184	0.1801	0.1428	0.1342	0.1253	0.6848	0.6613	0.5680	0.4004	0.3125	0.2432	0.2048	0.1895	0.5937	0.5574	0.5184	0.4597	0.4102	0.3191	0.2618	0.2358	0.5001	0.4793	0.4142	0.4127	0.3878	0.3234	0.2941	0.2657	0.3024	0.2882	0.3065	0.3319	0.2434	0.2200	0.2272	0.2427	0.2160	0.2253	0.2228	0.2126	0.1571	0.1478	0.1663	0.1662	0.1389	0.1258	0.1152	0.1602	0.1703	0.1067	0.1084	0.1102	0.1190	0.1224	0.1136	0.1131	0.1231	0.1110	0.1087	0.1100	
0.7428	0.6777	0.3727	0.2337	0.1943	0.1535	0.1396	0.1333	0.6860	0.6673	0.5848	0.4147	0.3264	0.2536	0.2157	0.1998	0.6023	0.5715	0.5403	0.4802	0.4345	0.3429	0.2725	0.2509	0.5243	0.5020	0.4348	0.4354	0.4071	0.3423	0.3090	0.2821	0.3133	0.3066	0.3236	0.3505	0.2540	0.2332	0.2371	0.2567	0.2273	0.2344	0.2316	0.2266	0.1630	0.1563	0.1722	0.1738	0.1433	0.1295	0.1177	0.1668	0.1762	0.1087	0.1109	0.1135	0.1172	0.1259	0.1184	0.1170	0.1219	0.1126	0.1108	0.1047	
0.7387	0.6827	0.3796	0.2358	0.2008	0.1549	0.1415	0.1317	0.6934	0.6677	0.5863	0.4246	0.3347	0.2616	0.2216	0.2034	0.6073	0.5815	0.5478	0.4969	0.4444	0.3556	0.2816	0.2575	0.5328	0.5169	0.4531	0.4510	0.4242	0.3529	0.3252	0.2912	0.3276	0.3177	0.3391	0.3670	0.2687	0.2417	0.2472	0.2671	0.2384	0.2444	0.2408	0.2320	0.1672	0.1573	0.1745	0.1781	0.1467	0.1303	0.1177	0.1695	0.1824	0.1076	0.1093	0.1124	0.1178	0.1244	0.1125	0.1157	0.1247	0.1096	0.1068	0.1043	
0.7429	0.6813	0.3988	0.2455	0.2133	0.1629	0.1495	0.1415	0.6978	0.6752	0.5940	0.4381	0.3507	0.2752	0.2329	0.2146	0.6156	0.5927	0.5626	0.5167	0.4619	0.3798	0.2954	0.2740	0.5596	0.5366	0.4771	0.4769	0.4451	0.3727	0.3436	0.3121	0.3457	0.3337	0.3543	0.3852	0.2813	0.2518	0.2571	0.2829	0.2508	0.2544	0.2547	0.2411	0.1770	0.1610	0.1835	0.1840	0.1514	0.1359	0.1214	0.1772	0.1941	0.1077	0.1131	0.1141	0.1206	0.1343	0.1175	0.1211	0.1278	0.1150	0.1120	0.1174	
0.7474	0.6887	0.4183	0.2571	0.2253	0.1715	0.1539	0.1466	0.6950	0.6712	0.6001	0.4464	0.3614	0.2901	0.2424	0.2236	0.6181	0.5984	0.5664	0.5261	0.4752	0.3986	0.3056	0.2836	0.5590	0.5523	0.4962	0.4891	0.4626	0.3950	0.3589	0.3290	0.3671	0.3514	0.3769	0.4070	0.2972	0.2658	0.2687	0.2951	0.2599	0.2661	0.2634	0.2541	0.1754	0.1688	0.1885	0.1900	0.1513	0.1341	0.1198	0.1798	0.1960	0.1101	0.1122	0.1148	0.1282	0.1230	0.1169	0.1170	0.1263	0.1119	0.1125	0.1056	
0.7502	0.6908	0.4368	0.2622	0.2331	0.1838	0.1597	0.1536	0.7034	0.6788	0.6074	0.4561	0.3684	0.2934	0.2509	0.2320	0.6239	0.6068	0.5782	0.5336	0.4890	0.4148	0.3242	0.2975	0.5694	0.5562	0.5136	0.5131	0.4854	0.4163	0.3818	0.3461	0.3849	0.3692	0.3938	0.4229	0.3135	0.2826	0.2918	0.3129	0.2756	0.2807	0.2784	0.2665	0.1881	0.1719	0.2007	0.2008	0.1597	0.1443	0.1280	0.1884	0.2061	0.1134	0.1164	0.1199	0.1270	0.1270	0.1176	0.1193	0.1273	0.1144	0.1131	0.1074	
0.7425	0.6888	0.4593	0.2724	0.2443	0.1915	0.1660	0.1587	0.7004	0.6767	0.6065	0.4645	0.3773	0.3036	0.2620	0.2447	0.6239	0.6048	0.5788	0.5335	0.4940	0.4218	0.3301	0.3049	0.5771	0.5615	0.5288	0.5197	0.4984	0.4350	0.3954	0.3593	0.4004	0.3865	0.4177	0.4403	0.3269	0.2943	0.3006	0.3273	0.2845	0.2905	0.2883	0.2771	0.1917	0.1782	0.2024	0.2087	0.1623	0.1485	0.1249	0.1942	0.2136	0.1121	0.1160	0.1176	0.1223	0.1279	0.1189	0.1192	0.1242	0.1141	0.1087	0.1017	
0.7525	0.6995	0.4911	0.2836	0.2498	0.2018	0.1774	0.1679	0.7111	0.6823	0.6158	0.4677	0.3906	0.3124	0.2724	0.2461	0.6315	0.6131	0.5809	0.5416	0.5000	0.4437	0.3415	0.3156	0.5872	0.5781	0.5407	0.5364	0.5110	0.4544	0.4121	0.3757	0.4245	0.4051	0.4301	0.4629	0.3500	0.3115	0.3189	0.3448	0.2982	0.3086	0.2990	0.2900	0.1964	0.1854	0.2146	0.2199	0.1622	0.1399	0.1236	0.2008	0.2177	0.1121	0.1129	0.1175	0.1225	0.1234	0.1166	0.1146	0.1207	0.1116	0.1088	0.1026	
0.7491	0.6908	0.5114	0.2824	0.2588	0.2090	0.1837	0.1722	0.7073	0.6821	0.6089	0.4717	0.3860	0.3135	0.2754	0.2559	0.6251	0.6125	0.5856	0.5444	0.5034	0.4501	0.3492	0.3234	0.5895	0.5783	0.5435	0.5390	0.5187	0.4722	0.4188	0.3873	0.4399	0.4201	0.4463	0.4728	0.3643	0.3249	0.3334	0.3636	0.3163	0.3271	0.3193	0.3083	0.2122	0.1922	0.2242	0.2320	0.1764	0.1551	0.1354	0.2151	0.2349	0.1151	0.1207	0.1252	0.1305	0.1264	0.1270	0.1181	0.1282	0.1186	0.1136	0.1099	
0.7500	0.6950	0.5273	0.2907	0.2626	0.2169	0.1879	0.1810	0.7053	0.6843	0.6148	0.4793	0.3916	0.3192	0.2793	0.2590	0.6221	0.6121	0.5866	0.5465	0.5062	0.4526	0.3495	0.3261	0.5901	0.5771	0.5411	0.5418	0.5188	0.4788	0.4308	0.3985	0.4553	0.4359	0.4605	0.4899	0.3755	0.3338	0.3440	0.3800	0.3309	0.3409	0.3367	0.3258	0.2173	0.1988	0.2321	0.2401	0.1808	0.1536	0.1354	0.2205	0.2442	0.1161	0.1219	0.1246	0.1307	0.1323	0.1209	0.1205	0.1253	0.1176	0.1157	0.1096	
0.7526	0.6982	0.5414	0.3031	0.2720	0.2274	0.1985	0.1940	0.7164	0.6928	0.6159	0.4847	0.3997	0.3314	0.2910	0.2615	0.6285	0.6136	0.5867	0.5480	0.5085	0.4566	0.3628	0.3288	0.5989	0.5850	0.5511	0.5472	0.5275	0.4956	0.4436	0.4116	0.4732	0.4484	0.4718	0.4966	0.3952	0.3529	0.3625	0.3958	0.3444	0.3547	0.3539	0.3389	0.2279	0.2091	0.2433	0.2545	0.1846	0.1609	0.1428	0.2325	0.2526	0.1196	0.1224	0.1288	0.1309	0.1289	0.1266	0.1224	0.1220	0.1193	0.1158	0.1103	
0.7536	0.6942	0.5554	0.3078	0.2826	0.2358	0.2084	0.2022	0.7125	0.6887	0.6205	0.4921	0.4113	0.3307	0.2955	0.2688	0.6287	0.6195	0.5919	0.5512	0.5138	0.4685	0.3696	0.3411	0.6038	0.5891	0.5531	0.5511	0.5299	0.5056	0.4523	0.4210	0.4823	0.4674	0.4829	0.5002	0.4119	0.3747	0.3811	0.4111	0.3695	0.3706	0.3634	0.3544	0.2388	0.2183	0.2562	0.2650	0.1927	0.1647	0.1420	0.2423	0.2677	0.1191	0.1248	0.1316	0.1348	0.1389	0.1287	0.1218	0.1267	0.1216	0.1201	0.1095	
0.7584	0.7002	0.5703	0.3223	0.2897	0.2461	0.2169	0.2102	0.7140	0.6901	0.6219	0.4968	0.4178	0.3390	0.2959	0.2710	0.6320	0.6196	0.5905	0.5545	0.5180	0.4692	0.3767	0.3459	0.6054	0.5955	0.5562	0.5559	0.5297	0.5123	0.4567	0.4245	0.4947	0.4783	0.4827	0.5055	0.4228	0.3884	0.3943	0.4265	0.3823	0.3916	0.3816	0.3698	0.2440	0.2267	0.2665	0.2795	0.2027	0.1709	0.1442	0.2518	0.2769	0.1233	0.1285	0.1339	0.1375	0.1387	0.1286	0.1241	0.1299	0.1230	0.1176	0.1110	
0.7578	0.7002	0.5710	0.3259	0.2924	0.2506	0.2258	0.2159	0.7174	0.6943	0.6220	0.5012	0.4215	0.3406	0.2987	0.2765	0.6369	0.6256	0.5938	0.5561	0.5211	0.4707	0.3790	0.3506	0.6079	0.5965	0.5596	0.5492	0.5317	0.5112	0.4591	0.4246	0.5005	0.4916	0.4916	0.5087	0.4407	0.4046	0.4111	0.4337	0.3980	0.4082	0.3963	0.3890	0.2600	0.2383	0.2817	0.2939	0.2102	0.1752	0.1557	0.2655	0.2941	0.1237	0.1298	0.1366	0.1387	0.1389	0.1302	0.1267	0.1304	0.1262	0.1150	0.1220	
0.7650	0.7052	0.5823	0.3302	0.2966	0.2587	0.2336	0.2253	0.7226	0.6968	0.6251	0.5041	0.4241	0.3401	0.3030	0.2799	0.6419	0.6266	0.5982	0.5589	0.5195	0.4769	0.3811	0.3545	0.6069	0.5989	0.5635	0.5530	0.5334	0.5177	0.4677	0.4279	0.5019	0.4915	0.4966	0.5129	0.4515	0.4133	0.4217	0.4427	0.4175	0.4265	0.4108	0.4056	0.2723	0.2488	0.2932	0.3061	0.2157	0.1811	0.1525	0.2746	0.3065	0.1258	0.1321	0.1395	0.1400	0.1429	0.1319	0.1270	0.1257	0.1263	0.1168	0.1128	
0.7668	0.7065	0.5884	0.3375	0.3026	0.2614	0.2424	0.2346	0.7227	0.6967	0.6261	0.5120	0.4324	0.3442	0.3038	0.2865	0.6432	0.6273	0.5988	0.5621	0.5243	0.4728	0.3864	0.3593	0.6068	0.5969	0.5649	0.5603	0.5342	0.5176	0.4659	0.4369	0.5078	0.4948	0.4990	0.5178	0.4595	0.4272	0.4291	0.4477	0.4303	0.4368	0.4315	0.4166	0.2824	0.2546	0.3047	0.3208	0.2252	0.1855	0.1576	0.2880	0.3245	0.1270	0.1346	0.1415	0.1496	0.1420	0.1365	0.1271	0.1300	0.1253	0.1183	0.1179	
0.7681	0.7096	0.5921	0.3458	0.3014	0.2682	0.2461	0.2410	0.7289	0.7033	0.6269	0.5141	0.4338	0.3438	0.3014	0.2841	0.6421	0.6306	0.5997	0.5639	0.5190	0.4712	0.3893	0.3620	0.6101	0.6003	0.5641	0.5506	0.5310	0.5151	0.4647	0.4387	0.5130	0.5043	0.4993	0.5139	0.4573	0.4275	0.4323	0.4480	0.4374	0.4506	0.4354	0.4285	0.2946	0.2661	0.3186	0.3353	0.2370	0.1932	0.1610	0.3012	0.3335	0.1291	0.1359	0.1446	0.1441	0.1443	0.1365	0.1303	0.1311	0.1262	0.1170	0.1144	
0.7740	0.7124	0.5995	0.3478	0.3038	0.2713	0.2512	0.2441	0.7330	0.7025	0.6291	0.5171	0.4382	0.3398	0.2986	0.2831	0.6450	0.6328	0.6023	0.5608	0.5219	0.4738	0.3906	0.3623	0.6060	0.6012	0.5618	0.5531	0.5305	0.5150	0.4692	0.4400	0.5154	0.5091	0.5037	0.5197	0.4649	0.4387	0.4401	0.4512	0.4540	0.4548	0.4464	0.4315	0.3033	0.2763	0.3339	0.3489	0.2431	0.1976	0.1649	0.3116	0.3482	0.1316	0.1410	0.1483	0.1520	0.1467	0.1367	0.1305	0.1349	0.1292	0.1247	0.1161	
0.7748	0.7114	0.5956	0.3531	0.3068	0.2709	0.2528	0.2453	0.7280	0.7003	0.6282	0.5206	0.4424	0.3429	0.3007	0.2823	0.6452	0.6313	0.6085	0.5668	0.5243	0.4762	0.3942	0.3698	0.6089	0.6004	0.5626	0.5555	0.5333	0.5124	0.4710	0.4414	0.5161	0.5108	0.5038	0.5164	0.4638	0.4410	0.4437	0.4528	0.4573	0.4622	0.4524	0.4431	0.3155	0.2896	0.3465	0.3639	0.2518	0.2028	0.1688	0.3243	0.3605	0.1347	0.1441	0.1503	0.1519	0.1487	0.1388	0.1300	0.1300	0.1302	0.1198	0.1163	
0.7764	0.7134	0.6047	0.3518	0.3087	0.2719	0.2555	0.2485	0.7320	0.7061	0.6290	0.5236	0.4455	0.3437	0.2996	0.2822	0.6407	0.6338	0.6014	0.5635	0.5211	0.4716	0.3969	0.3745	0.6132	0.6025	0.5666	0.5556	0.5366	0.5138	0.4665	0.4351	0.5111	0.5059	0.4970	0.5076	0.4517	0.4320	0.4360	0.4501	0.4528	0.4565	0.4484	0.4402	0.3259	0.2953	0.3555	0.3670	0.2581	0.2087	0.1710	0.3336	0.3701	0.1314	0.1387	0.1479	0.1469	0.1530	0.1398	0.1279	0.1260	0.1263	0.1186	0.1142	
0.7766	0.7130	0.6070	0.3631	0.3079	0.2782	0.2595	0.2583	0.7375	0.7068	0.6363	0.5303	0.4570	0.3466	0.3027	0.2909	0.6457	0.6337	0.6058	0.5690	0.5246	0.4813	0.4110	0.3850	0.6151	0.6081	0.5725	0.5668	0.5423	0.5211	0.4778	0.4446	0.5204	0.5208	0.5141	0.5243	0.4766	0.4490	0.4533	0.4634	0.4671	0.4724	0.4628	0.4542	0.3477	0.3162	0.3787	0.3931	0.2795	0.2240	0.1808	0.3570	0.3963	0.1435	0.1555	0.1672	0.1616	0.1604	0.1450	0.1390	0.1383	0.1363	0.1273	0.1253	
