0.0926	0.0957	0.0941	0.0969	0.0981	0.0964	0.1022	0.1036	0.0928	0.0955	0.0933	0.0972	0.0962	0.0971	0.1028	0.1102	0.0919	0.0945	0.1039	0.0969	0.0958	0.0957	0.1026	0.1112	0.0930	0.0928	0.0933	0.0969	0.0963	0.0989	0.1063	0.1149	0.0937	0.0938	0.0928	0.0956	0.0954	0.1001	0.1029	0.1121	0.0932	0.0959	0.0944	0.0949	0.0947	0.1005	0.0986	0.1057	0.0931	0.0959	0.0925	0.0969	0.0943	0.0959	0.0963	0.0999	0.0928	0.0952	0.0927	0.0970	0.0948	0.0966	0.0984	0.0982	
0.0947	0.0933	0.0936	0.0942	0.0970	0.0951	0.0995	0.1041	0.0935	0.0951	0.0937	0.0951	0.0950	0.0965	0.1031	0.1114	0.0931	0.0958	0.1036	0.0942	0.0953	0.0950	0.1037	0.1121	0.0935	0.0935	0.0936	0.0948	0.0934	0.0971	0.1067	0.1143	0.0930	0.0946	0.0937	0.0930	0.0935	0.0983	0.1036	0.1154	0.0933	0.0954	0.0952	0.0943	0.0947	0.0957	0.0990	0.1051	0.0940	0.0948	0.0926	0.0976	0.0926	0.0956	0.0956	0.0997	0.0936	0.0938	0.0928	0.0943	0.0944	0.0976	0.0969	0.0969	
0.0934	0.0927	0.0949	0.0938	0.0930	0.0948	0.0998	0.1054	0.0932	0.0941	0.0942	0.0946	0.0960	0.0966	0.1042	0.1107	0.0928	0.0941	0.1038	0.0937	0.0955	0.0935	0.1050	0.1117	0.0939	0.0937	0.0936	0.0951	0.0941	0.0968	0.1056	0.1140	0.0935	0.0937	0.0943	0.0935	0.0948	0.0965	0.1050	0.1147	0.0936	0.0949	0.0950	0.0942	0.0949	0.0948	0.0998	0.1070	0.0936	0.0949	0.0933	0.0971	0.0934	0.0934	0.0950	0.0994	0.0934	0.0937	0.0933	0.0947	0.0953	0.0965	0.0964	0.0977	
0.0928	0.0922	0.0929	0.0928	0.0926	0.0937	0.0972	0.1053	0.0930	0.0937	0.0930	0.0943	0.0944	0.0963	0.1021	0.1105	0.0924	0.0930	0.1017	0.0935	0.0940	0.0936	0.1019	0.1116	0.0927	0.0929	0.0933	0.0944	0.0937	0.0965	0.1058	0.1139	0.0928	0.0928	0.0925	0.0929	0.0931	0.0958	0.1032	0.1120	0.0933	0.0948	0.0941	0.0933	0.0950	0.0959	0.0992	0.1053	0.0927	0.0940	0.0925	0.0963	0.0934	0.0941	0.0951	0.0986	0.0928	0.0929	0.0931	0.0935	0.0961	0.0936	0.0946	0.0943	
0.0938	0.0929	0.0940	0.0942	0.0921	0.0952	0.0999	0.1045	0.0936	0.0942	0.0936	0.0950	0.0942	0.0968	0.1032	0.1110	0.0935	0.0939	0.1028	0.0939	0.0946	0.0942	0.1038	0.1149	0.0935	0.0934	0.0942	0.0951	0.0936	0.0972	0.1053	0.1134	0.0929	0.0939	0.0934	0.0934	0.0939	0.0977	0.1031	0.1155	0.0938	0.0948	0.0957	0.0943	0.0949	0.0963	0.1003	0.1047	0.0932	0.0942	0.0932	0.0966	0.0940	0.0931	0.0945	0.0992	0.0931	0.0938	0.0937	0.0946	0.0986	0.0954	0.0959	0.0957	
0.0933	0.0924	0.0935	0.0933	0.0941	0.0941	0.0973	0.1044	0.0933	0.0932	0.0937	0.0942	0.0945	0.0957	0.1027	0.1098	0.0928	0.0955	0.1036	0.0935	0.0952	0.0938	0.1027	0.1123	0.0925	0.0934	0.0938	0.0960	0.0934	0.0953	0.1044	0.1134	0.0930	0.0936	0.0933	0.0928	0.0945	0.0963	0.1038	0.1116	0.0938	0.0942	0.0950	0.0946	0.0948	0.0944	0.0982	0.1064	0.0933	0.0939	0.0930	0.0965	0.0927	0.0939	0.0943	0.0988	0.0933	0.0932	0.0931	0.0942	0.0933	0.0941	0.0959	0.0952	
0.0932	0.0929	0.0927	0.0941	0.0930	0.0948	0.0994	0.1044	0.0929	0.0932	0.0934	0.0947	0.0942	0.0954	0.1041	0.1098	0.0926	0.0937	0.1034	0.0928	0.0946	0.0933	0.1044	0.1119	0.0928	0.0934	0.0933	0.0950	0.0936	0.0950	0.1056	0.1130	0.0931	0.0933	0.0929	0.0922	0.0942	0.0988	0.1036	0.1146	0.0932	0.0946	0.0943	0.0946	0.0938	0.0981	0.1043	0.1028	0.0933	0.0936	0.0927	0.0946	0.0933	0.0934	0.0948	0.1005	0.0927	0.0935	0.0931	0.0967	0.0971	0.1018	0.0957	0.0949	
0.0940	0.0934	0.0924	0.0945	0.0924	0.0953	0.0980	0.1045	0.0932	0.0938	0.0941	0.0953	0.0943	0.0965	0.1049	0.1120	0.0930	0.0959	0.1036	0.0945	0.0948	0.0953	0.1030	0.1107	0.0932	0.0937	0.0941	0.0952	0.0932	0.0963	0.1053	0.1133	0.0933	0.0931	0.0943	0.0938	0.0945	0.0971	0.1049	0.1111	0.0937	0.0948	0.0957	0.0940	0.0949	0.0954	0.0987	0.1041	0.0933	0.0943	0.0931	0.0966	0.0941	0.0949	0.0947	0.1001	0.0935	0.0935	0.0933	0.0943	0.0935	0.0940	0.0956	0.0967	
0.0935	0.0924	0.0922	0.0942	0.0924	0.0948	0.0996	0.1045	0.0938	0.0949	0.0934	0.0943	0.0934	0.0959	0.1022	0.1103	0.0933	0.0936	0.1040	0.0930	0.0951	0.0931	0.1030	0.1125	0.0932	0.0932	0.0932	0.0947	0.0923	0.0962	0.1059	0.1154	0.0934	0.0933	0.0938	0.0932	0.0943	0.0970	0.1071	0.1134	0.0942	0.0946	0.0942	0.0947	0.0943	0.0949	0.1015	0.1031	0.0929	0.0943	0.0929	0.0968	0.0927	0.0943	0.0941	0.1000	0.0933	0.0933	0.0929	0.0949	0.0933	0.0942	0.0959	0.0948	
0.0937	0.0929	0.0930	0.0940	0.0922	0.0944	0.0982	0.1046	0.0935	0.0944	0.0938	0.0956	0.0944	0.0952	0.1073	0.1096	0.0928	0.0944	0.1026	0.0933	0.0959	0.0935	0.1047	0.1116	0.0927	0.0932	0.0940	0.0960	0.0937	0.0965	0.1054	0.1125	0.0937	0.0936	0.0935	0.0934	0.0939	0.0987	0.1088	0.1119	0.0941	0.0945	0.0954	0.0936	0.0947	0.0958	0.1006	0.1033	0.0934	0.0938	0.0929	0.0968	0.0924	0.0937	0.0943	0.0984	0.0930	0.0935	0.0933	0.0952	0.0969	0.0945	0.0955	0.0944	
0.0934	0.0926	0.0929	0.0942	0.0930	0.0954	0.1013	0.1039	0.0935	0.0961	0.0941	0.0943	0.0962	0.0956	0.1042	0.1097	0.0930	0.0936	0.1030	0.0941	0.0949	0.0944	0.1026	0.1141	0.0930	0.0930	0.0936	0.0954	0.0933	0.0966	0.1053	0.1123	0.0935	0.0934	0.0935	0.0932	0.0941	0.0975	0.1023	0.1119	0.0940	0.0943	0.0939	0.0943	0.0933	0.0952	0.1021	0.1046	0.0933	0.0942	0.0928	0.0956	0.0933	0.0950	0.0947	0.0980	0.0929	0.0931	0.0933	0.0934	0.0994	0.0939	0.0960	0.0959	
0.0941	0.0930	0.0929	0.0944	0.0936	0.0945	0.0981	0.1044	0.0943	0.0950	0.0942	0.0944	0.0948	0.0960	0.1055	0.1104	0.0933	0.0931	0.1029	0.0941	0.0954	0.0948	0.1017	0.1101	0.0927	0.0925	0.0938	0.0951	0.0937	0.0956	0.1054	0.1110	0.0939	0.0939	0.0936	0.0937	0.0944	0.0981	0.1022	0.1115	0.0943	0.0944	0.0957	0.0945	0.0946	0.0942	0.1003	0.1030	0.0934	0.0943	0.0927	0.0970	0.0930	0.0948	0.0984	0.0977	0.0934	0.0933	0.0930	0.0938	0.0944	0.0979	0.0954	0.0945	
0.0935	0.0928	0.0932	0.0936	0.0929	0.0942	0.1030	0.1050	0.0938	0.0940	0.0933	0.0940	0.0936	0.0960	0.1024	0.1116	0.0928	0.0951	0.1030	0.0930	0.0938	0.0930	0.1045	0.1131	0.0931	0.0935	0.0938	0.0956	0.0936	0.0959	0.1049	0.1128	0.0933	0.0934	0.0929	0.0925	0.0940	0.0967	0.1011	0.1113	0.0930	0.0941	0.0938	0.0937	0.0948	0.0944	0.1074	0.1033	0.0927	0.0940	0.0933	0.0966	0.0932	0.0941	0.0941	0.0968	0.0935	0.0937	0.0933	0.0945	0.1024	0.0979	0.0953	0.0957	
0.0937	0.0935	0.0940	0.0945	0.0933	0.0959	0.0980	0.1040	0.0939	0.0939	0.0940	0.0956	0.0954	0.0961	0.1045	0.1101	0.0934	0.0946	0.1037	0.0935	0.0952	0.0950	0.1038	0.1110	0.0934	0.0937	0.0938	0.0949	0.0935	0.0961	0.1051	0.1137	0.0943	0.0935	0.0933	0.0929	0.0947	0.0985	0.1019	0.1097	0.0945	0.0942	0.0948	0.0944	0.0951	0.0953	0.0985	0.1024	0.0935	0.0942	0.0929	0.0970	0.0927	0.0939	0.0942	0.0973	0.0928	0.0931	0.0939	0.0948	0.0961	0.0943	0.0953	0.0948	
0.0944	0.0939	0.0932	0.0948	0.0935	0.0972	0.0999	0.1039	0.0946	0.0953	0.0944	0.0955	0.0946	0.0952	0.1031	0.1080	0.0939	0.0943	0.1040	0.0933	0.0956	0.0951	0.1031	0.1104	0.0933	0.0939	0.0938	0.0948	0.0940	0.0977	0.1059	0.1098	0.0936	0.0936	0.0937	0.0936	0.0941	0.0973	0.1021	0.1079	0.0950	0.0955	0.0958	0.0950	0.0953	0.0990	0.0999	0.0996	0.0938	0.0939	0.0938	0.0960	0.0935	0.0941	0.0944	0.0958	0.0934	0.0935	0.0933	0.0943	0.1012	0.0991	0.0952	0.0931	
0.0944	0.0934	0.0942	0.0948	0.0930	0.0953	0.0992	0.1034	0.0939	0.0958	0.0939	0.0947	0.0948	0.0962	0.1030	0.1093	0.0937	0.0945	0.1034	0.0945	0.0947	0.0945	0.1043	0.1112	0.0932	0.0930	0.0937	0.0950	0.0937	0.0967	0.1046	0.1116	0.0940	0.0939	0.0931	0.0932	0.0943	0.0976	0.1015	0.1110	0.0937	0.0944	0.0941	0.0937	0.0940	0.0955	0.1048	0.1028	0.0935	0.0936	0.0931	0.0964	0.0933	0.0932	0.0944	0.0972	0.0932	0.0928	0.0930	0.0936	0.0923	0.1010	0.0961	0.0963	
0.0951	0.0943	0.0943	0.0953	0.0936	0.0951	0.0988	0.1046	0.0947	0.0962	0.0949	0.0963	0.0956	0.0961	0.1032	0.1110	0.0940	0.0945	0.1031	0.0940	0.0957	0.0957	0.1034	0.1116	0.0939	0.0943	0.0946	0.0955	0.0942	0.0955	0.1050	0.1122	0.0944	0.0938	0.0940	0.0934	0.0946	0.0975	0.1029	0.1100	0.0954	0.0947	0.0952	0.0947	0.0961	0.0952	0.0980	0.1012	0.0935	0.0943	0.0937	0.0970	0.0937	0.0947	0.0948	0.0987	0.0941	0.0936	0.0934	0.0940	0.0945	0.0960	0.0952	0.0945	
0.0950	0.0942	0.0932	0.0956	0.0936	0.0962	0.0987	0.1046	0.0947	0.0955	0.0942	0.0954	0.0958	0.0963	0.1025	0.1094	0.0942	0.0952	0.1039	0.0939	0.0954	0.0948	0.1024	0.1116	0.0944	0.0936	0.0931	0.0957	0.0934	0.0957	0.1087	0.1117	0.0947	0.0945	0.0936	0.0944	0.0942	0.0967	0.1025	0.1096	0.0943	0.0955	0.0948	0.0938	0.0946	0.0945	0.1074	0.1012	0.0939	0.0941	0.0936	0.0959	0.0936	0.0938	0.0941	0.0974	0.0936	0.0939	0.0940	0.0943	0.0941	0.0950	0.0953	0.0963	
0.0955	0.0948	0.0944	0.0955	0.0946	0.0959	0.1002	0.1035	0.0958	0.0949	0.0945	0.0953	0.0950	0.0960	0.1027	0.1092	0.0942	0.0972	0.1038	0.0946	0.0960	0.0948	0.1031	0.1125	0.0944	0.0937	0.0947	0.0954	0.0942	0.0979	0.1067	0.1116	0.0948	0.0947	0.0950	0.0940	0.0948	0.0968	0.1018	0.1088	0.0946	0.0953	0.0958	0.0937	0.0952	0.0951	0.0991	0.1035	0.0939	0.0944	0.0925	0.0959	0.0932	0.0941	0.0957	0.0967	0.0940	0.0943	0.0931	0.0946	0.0942	0.0942	0.0948	0.0951	
0.0958	0.0947	0.0941	0.0960	0.0939	0.0954	0.0991	0.1045	0.0960	0.0968	0.0951	0.0953	0.0967	0.0968	0.1027	0.1080	0.0947	0.0955	0.1041	0.0941	0.0956	0.0961	0.1039	0.1107	0.0944	0.0943	0.0936	0.0959	0.0940	0.0967	0.1050	0.1115	0.0949	0.0949	0.0951	0.0941	0.0948	0.0966	0.1022	0.1095	0.0948	0.0950	0.0959	0.0952	0.0956	0.0967	0.0981	0.1015	0.0938	0.0947	0.0936	0.0974	0.0942	0.0937	0.0944	0.0979	0.0945	0.0937	0.0936	0.0942	0.0959	0.0955	0.0949	0.0949	
0.0969	0.0953	0.0953	0.0967	0.0945	0.0961	0.0990	0.1046	0.0960	0.0964	0.0960	0.0961	0.0963	0.0965	0.1025	0.1110	0.0952	0.0975	0.1045	0.0947	0.0965	0.0960	0.1044	0.1126	0.0952	0.1045	0.0950	0.0966	0.0947	0.0969	0.1048	0.1117	0.0950	0.0949	0.0948	0.0938	0.0957	0.0990	0.1026	0.1103	0.0959	0.0959	0.0955	0.0946	0.0946	0.0994	0.1088	0.1041	0.0941	0.0949	0.0946	0.0972	0.0936	0.0951	0.0951	0.0985	0.0938	0.0943	0.0942	0.0943	0.0969	0.0948	0.0949	0.0946	
0.0977	0.0962	0.0961	0.0962	0.0958	0.0965	0.0997	0.1046	0.0962	0.0978	0.0960	0.0968	0.0963	0.0969	0.1042	0.1095	0.0964	0.0963	0.1047	0.0951	0.0967	0.0953	0.1033	0.1119	0.0947	0.0947	0.0954	0.0960	0.0946	0.0972	0.1052	0.1128	0.0950	0.0953	0.0948	0.0944	0.0955	0.0974	0.1021	0.1090	0.0956	0.0962	0.0959	0.0958	0.0955	0.0946	0.1005	0.1029	0.0948	0.0949	0.0945	0.0970	0.0934	0.0948	0.0954	0.0968	0.0944	0.0944	0.0944	0.0948	0.1032	0.0944	0.0952	0.0950	
0.0977	0.0962	0.0962	0.0971	0.0953	0.0963	0.1003	0.1048	0.0966	0.0969	0.0964	0.0961	0.0966	0.0963	0.1032	0.1101	0.0958	0.0964	0.1052	0.0957	0.0966	0.0953	0.1033	0.1126	0.0952	0.0949	0.0951	0.0966	0.0953	0.0963	0.1066	0.1108	0.0955	0.0959	0.0946	0.0942	0.0955	0.0978	0.1031	0.1096	0.0961	0.0960	0.0952	0.0948	0.0957	0.0958	0.1039	0.1025	0.0946	0.0951	0.0942	0.0974	0.0945	0.0949	0.0946	0.0979	0.0944	0.0943	0.0943	0.0944	0.0945	0.0949	0.0957	0.0958	
0.0982	0.0960	0.0970	0.0980	0.0958	0.0970	0.0991	0.1058	0.0971	0.0979	0.0967	0.0970	0.0968	0.0975	0.1043	0.1107	0.0978	0.0962	0.1046	0.0956	0.0959	0.0961	0.1040	0.1136	0.0961	0.0947	0.0954	0.0971	0.0946	0.0975	0.1056	0.1132	0.0962	0.0961	0.0957	0.0948	0.0958	0.0976	0.1029	0.1086	0.0962	0.0958	0.0958	0.0949	0.0957	0.0955	0.0994	0.1016	0.0950	0.0960	0.0944	0.0966	0.0943	0.0940	0.0987	0.0976	0.0950	0.0944	0.0948	0.0948	0.1035	0.0943	0.0953	0.0959	
0.0989	0.0968	0.0967	0.0977	0.0980	0.0965	0.0992	0.1060	0.0981	0.0989	0.0969	0.0981	0.0981	0.0959	0.1043	0.1106	0.0967	0.0966	0.1055	0.0960	0.0972	0.0962	0.1042	0.1132	0.0963	0.0959	0.0955	0.0972	0.0947	0.0976	0.1046	0.1127	0.1006	0.0953	0.0956	0.0941	0.0956	0.0977	0.1035	0.1102	0.0963	0.0956	0.0960	0.0956	0.0959	0.0956	0.1036	0.1043	0.0951	0.0958	0.0948	0.0975	0.0950	0.0953	0.0952	0.0986	0.0948	0.0948	0.0947	0.0946	0.1033	0.0981	0.0955	0.0965	
0.0996	0.0981	0.0971	0.0991	0.0969	0.0978	0.1002	0.1053	0.0976	0.0980	0.0970	0.0986	0.0970	0.0979	0.1046	0.1098	0.0971	0.0974	0.1065	0.0966	0.0970	0.0961	0.1030	0.1117	0.0959	0.0962	0.0958	0.0967	0.0953	0.0976	0.1059	0.1115	0.0967	0.0966	0.0955	0.0955	0.0963	0.0984	0.1030	0.1104	0.0970	0.0969	0.0963	0.0954	0.0956	0.0957	0.0988	0.1008	0.0953	0.0958	0.0948	0.0976	0.0944	0.0952	0.0953	0.0984	0.0949	0.0939	0.0938	0.0951	0.0952	0.0954	0.0953	0.0949	
0.1014	0.0985	0.0984	0.0996	0.0975	0.0980	0.1003	0.1056	0.0989	0.0983	0.0977	0.0993	0.0979	0.0976	0.1046	0.1131	0.0981	0.0982	0.1063	0.0972	0.0976	0.0974	0.1041	0.1131	0.0973	0.0961	0.0964	0.0977	0.0950	0.0973	0.1064	0.1116	0.0972	0.0965	0.0957	0.0955	0.0964	0.0990	0.1059	0.1092	0.0967	0.0967	0.0970	0.0952	0.0960	0.0962	0.0986	0.1036	0.0958	0.0960	0.0953	0.0972	0.0944	0.0955	0.0949	0.0988	0.0957	0.0953	0.0949	0.0952	0.0948	0.0950	0.0956	0.0965	
0.1025	0.1000	0.0990	0.0995	0.0986	0.0975	0.1007	0.1055	0.0992	0.0990	0.0983	0.0981	0.0978	0.0980	0.1047	0.1107	0.0984	0.0984	0.1075	0.0968	0.0975	0.0965	0.1039	0.1148	0.0971	0.0981	0.0968	0.0970	0.0956	0.0980	0.1053	0.1109	0.0977	0.0968	0.0965	0.0957	0.0959	0.0983	0.1030	0.1097	0.0974	0.0975	0.0967	0.0958	0.0957	0.0958	0.1023	0.1019	0.0964	0.0968	0.0952	0.0976	0.0945	0.0950	0.0952	0.0979	0.0956	0.0952	0.0943	0.0956	0.0951	0.0949	0.0949	0.0952	
0.1033	0.1000	0.0996	0.1024	0.0980	0.0981	0.1000	0.1061	0.0999	0.0999	0.0990	0.0992	0.0980	0.0984	0.1053	0.1116	0.0988	0.0986	0.1070	0.0979	0.0978	0.0967	0.1039	0.1123	0.0977	0.0983	0.0964	0.0974	0.0956	0.0982	0.1056	0.1123	0.0983	0.0968	0.0964	0.0959	0.0964	0.0977	0.1026	0.1138	0.0985	0.0971	0.0968	0.0959	0.0963	0.0955	0.1009	0.1027	0.0960	0.0958	0.0951	0.0976	0.0944	0.0945	0.0950	0.0977	0.0958	0.0950	0.0944	0.0951	0.0950	0.0948	0.0951	0.0961	
0.1058	0.1008	0.1005	0.1006	0.0997	0.0988	0.1021	0.1066	0.1007	0.1004	0.0991	0.0996	0.0991	0.0981	0.1053	0.1104	0.1006	0.0995	0.1076	0.0968	0.0980	0.0963	0.1036	0.1109	0.0989	0.0978	0.0965	0.0983	0.0962	0.0977	0.1046	0.1100	0.0991	0.0976	0.0963	0.0950	0.0967	0.0985	0.1028	0.1120	0.0986	0.0972	0.0968	0.0962	0.0963	0.0956	0.0981	0.1014	0.0966	0.0963	0.0957	0.0975	0.0944	0.0938	0.0947	0.0976	0.0962	0.0956	0.0955	0.0961	0.0952	0.0943	0.0954	0.0956	
0.1071	0.1020	0.1005	0.1019	0.1007	0.0989	0.1041	0.1057	0.1015	0.1010	0.0999	0.1001	0.0990	0.0985	0.1055	0.1113	0.1005	0.0999	0.1093	0.0976	0.0989	0.0964	0.1048	0.1113	0.0995	0.1019	0.0972	0.0977	0.0964	0.0979	0.1072	0.1108	0.0999	0.0974	0.0972	0.0958	0.0973	0.0981	0.1028	0.1100	0.0995	0.0979	0.0976	0.0963	0.0965	0.0951	0.0981	0.1018	0.0973	0.0968	0.0954	0.0978	0.0951	0.0943	0.0956	0.0993	0.0968	0.0954	0.0962	0.0952	0.0955	0.0952	0.0950	0.0963	
0.1083	0.1027	0.1025	0.1024	0.1007	0.1006	0.1014	0.1061	0.1031	0.1019	0.1004	0.1016	0.1002	0.0986	0.1051	0.1102	0.1015	0.1011	0.1088	0.0981	0.0987	0.0977	0.1047	0.1103	0.1007	0.1082	0.0980	0.0986	0.0962	0.0983	0.1053	0.1109	0.0997	0.0982	0.0972	0.0962	0.0967	0.0978	0.1035	0.1092	0.0994	0.0980	0.0984	0.0963	0.0970	0.0952	0.1078	0.1037	0.0977	0.0968	0.0960	0.0970	0.0954	0.0947	0.0954	0.0978	0.0969	0.0953	0.0959	0.0959	0.0955	0.0939	0.0954	0.0957	
0.1104	0.1043	0.1032	0.1034	0.1011	0.1001	0.1008	0.1070	0.1040	0.1038	0.1014	0.1018	0.1007	0.0992	0.1058	0.1110	0.1024	0.1019	0.1104	0.0985	0.0998	0.0978	0.1042	0.1129	0.1007	0.1020	0.0985	0.0990	0.0967	0.0986	0.1055	0.1111	0.1005	0.0993	0.0982	0.0968	0.0976	0.0982	0.1035	0.1095	0.1003	0.0992	0.0982	0.0966	0.0974	0.0959	0.0987	0.1015	0.0979	0.0974	0.0959	0.0976	0.0951	0.0959	0.0957	0.0982	0.0969	0.0958	0.0962	0.0956	0.1042	0.0953	0.0953	0.0957	
0.1119	0.1063	0.1034	0.1050	0.1032	0.1006	0.1029	0.1066	0.1055	0.1053	0.1020	0.1029	0.1004	0.1002	0.1063	0.1142	0.1036	0.1021	0.1104	0.0997	0.0996	0.0991	0.1048	0.1115	0.1012	0.1222	0.0996	0.0994	0.0971	0.0991	0.1053	0.1114	0.1008	0.0995	0.0978	0.0975	0.0980	0.0985	0.1044	0.1091	0.1013	0.0991	0.0985	0.0972	0.0978	0.0961	0.1004	0.1034	0.0981	0.0980	0.0965	0.0983	0.0944	0.0956	0.0953	0.0969	0.0978	0.0973	0.0959	0.0965	0.0958	0.0947	0.0955	0.0953	
0.1142	0.1069	0.1044	0.1066	0.1033	0.1010	0.1009	0.1060	0.1067	0.1043	0.1023	0.1039	0.1016	0.0984	0.1044	0.1103	0.1042	0.1033	0.1093	0.0987	0.1003	0.0977	0.1043	0.1104	0.1014	0.1019	0.0987	0.0991	0.0971	0.0977	0.1044	0.1117	0.1015	0.0997	0.0982	0.0969	0.0968	0.0973	0.1027	0.1097	0.1007	0.0991	0.0983	0.0968	0.0961	0.0953	0.0982	0.1042	0.0984	0.0975	0.0964	0.0970	0.0946	0.0941	0.0957	0.0976	0.0970	0.0962	0.0958	0.0963	0.0950	0.0939	0.0944	0.0954	
0.1193	0.1086	0.1077	0.1078	0.1044	0.1024	0.1014	0.1066	0.1092	0.1056	0.1042	0.1049	0.1020	0.0995	0.1055	0.1107	0.1053	0.1042	0.1109	0.1000	0.1008	0.0988	0.1044	0.1117	0.1030	0.1008	0.0996	0.0991	0.0976	0.0974	0.1048	0.1098	0.1024	0.0999	0.0993	0.0970	0.0970	0.0979	0.1029	0.1073	0.1015	0.0998	0.0985	0.0977	0.0965	0.0954	0.0981	0.1013	0.0997	0.0983	0.0965	0.0979	0.0954	0.0949	0.0954	0.0977	0.0981	0.0966	0.0955	0.0963	0.1008	0.0943	0.0957	0.0954	
0.1233	0.1126	0.1091	0.1104	0.1079	0.1030	0.1024	0.1074	0.1122	0.1089	0.1062	0.1064	0.1037	0.1012	0.1072	0.1122	0.1086	0.1059	0.1121	0.1025	0.1031	0.0994	0.1054	0.1121	0.1050	0.1038	0.1015	0.1017	0.1001	0.0998	0.1065	0.1127	0.1048	0.1021	0.1009	0.0994	0.0997	0.0996	0.1051	0.1094	0.1037	0.1018	0.1005	0.0983	0.0986	0.0971	0.0991	0.1041	0.1012	0.0997	0.0984	0.0990	0.0965	0.0967	0.0963	0.0989	0.0996	0.0984	0.0982	0.0975	0.0990	0.0962	0.0958	0.0971	
0.1265	0.1137	0.1092	0.1124	0.1069	0.1042	0.1036	0.1073	0.1130	0.1097	0.1062	0.1076	0.1043	0.1006	0.1065	0.1146	0.1093	0.1061	0.1130	0.1023	0.1027	0.0997	0.1048	0.1126	0.1062	0.1032	0.1010	0.1012	0.0991	0.0983	0.1066	0.1120	0.1047	0.1021	0.1004	0.0993	0.0979	0.0991	0.1042	0.1091	0.1037	0.1012	0.1000	0.0988	0.0982	0.0960	0.0986	0.1017	0.1012	0.0998	0.0980	0.0990	0.0963	0.0957	0.0959	0.0984	0.0999	0.0974	0.0969	0.0969	0.0962	0.0949	0.0958	0.0959	
0.1298	0.1180	0.1134	0.1145	0.1092	0.1048	0.1028	0.1070	0.1161	0.1119	0.1086	0.1095	0.1062	0.1021	0.1075	0.1120	0.1106	0.1080	0.1159	0.1039	0.1035	0.1007	0.1065	0.1129	0.1067	0.1063	0.1023	0.1028	0.1008	0.1000	0.1070	0.1118	0.1061	0.1031	0.1018	0.1004	0.1002	0.0994	0.1047	0.1098	0.1048	0.1026	0.1008	0.0999	0.0994	0.0981	0.0996	0.1058	0.1014	0.1006	0.1060	0.0995	0.0972	0.0971	0.0963	0.0983	0.1008	0.0989	0.0979	0.0980	0.0976	0.0975	0.0957	0.0971	
0.1342	0.1194	0.1128	0.1149	0.1100	0.1053	0.1031	0.1084	0.1167	0.1122	0.1087	0.1105	0.1074	0.1011	0.1078	0.1111	0.1122	0.1091	0.1159	0.1044	0.1049	0.1016	0.1059	0.1138	0.1080	0.1179	0.1022	0.1031	0.1002	0.1018	0.1061	0.1118	0.1067	0.1042	0.1012	0.0999	0.0999	0.0996	0.1038	0.1107	0.1058	0.1033	0.1004	0.1000	0.0985	0.0971	0.0986	0.1014	0.1029	0.1006	0.0990	0.0997	0.0960	0.0959	0.0958	0.0976	0.1004	0.0990	0.0980	0.0983	0.0966	0.0958	0.0953	0.0963	
0.1411	0.1225	0.1163	0.1184	0.1126	0.1041	0.1022	0.1072	0.1207	0.1145	0.1109	0.1126	0.1077	0.1019	0.1060	0.1106	0.1143	0.1107	0.1170	0.1055	0.1052	0.1009	0.1056	0.1114	0.1104	0.1132	0.1039	0.1043	0.0997	0.0993	0.1061	0.1103	0.1081	0.1047	0.1021	0.1008	0.0996	0.0992	0.1031	0.1067	0.1064	0.1036	0.1014	0.0997	0.0985	0.0968	0.1052	0.1019	0.1036	0.1013	0.0994	0.0999	0.0970	0.0945	0.0966	0.0961	0.1020	0.0988	0.0983	0.0976	0.1011	0.0953	0.0950	0.0945	
0.1463	0.1262	0.1165	0.1184	0.1128	0.1071	0.1033	0.1073	0.1230	0.1174	0.1117	0.1139	0.1095	0.1030	0.1074	0.1114	0.1162	0.1112	0.1166	0.1059	0.1065	0.1014	0.1062	0.1125	0.1110	0.1101	0.1038	0.1050	0.0998	0.0981	0.1069	0.1104	0.1087	0.1058	0.1032	0.1006	0.1009	0.0988	0.1041	0.1101	0.1067	0.1030	0.1017	0.1005	0.0987	0.0967	0.1043	0.1010	0.1039	0.1011	0.0994	0.0993	0.0974	0.0961	0.0963	0.0971	0.1006	0.0970	0.0970	0.0985	0.0966	0.0956	0.0942	0.0956	
0.1538	0.1291	0.1213	0.1226	0.1175	0.1073	0.1022	0.1090	0.1258	0.1204	0.1144	0.1162	0.1098	0.1037	0.1074	0.1118	0.1195	0.1138	0.1198	0.1075	0.1062	0.1024	0.1063	0.1138	0.1125	0.1367	0.1057	0.1045	0.1008	0.0989	0.1056	0.1103	0.1110	0.1060	0.1035	0.1014	0.0995	0.0998	0.1036	0.1095	0.1086	0.1041	0.1022	0.1008	0.0992	0.0968	0.0991	0.1016	0.1049	0.1017	0.1041	0.1001	0.0971	0.0961	0.0971	0.0969	0.1021	0.0997	0.0993	0.0988	0.0996	0.0963	0.0949	0.0951	
0.1637	0.1355	0.1261	0.1255	0.1196	0.1090	0.1048	0.1088	0.1304	0.1226	0.1170	0.1174	0.1119	0.1049	0.1085	0.1117	0.1228	0.1167	0.1201	0.1084	0.1072	0.1027	0.1064	0.1133	0.1167	0.1105	0.1067	0.1066	0.1020	0.1004	0.1078	0.1115	0.1132	0.1077	0.1061	0.1030	0.1018	0.0997	0.1058	0.1091	0.1103	0.1060	0.1035	0.1016	0.1000	0.0984	0.0980	0.1017	0.1063	0.1035	0.1013	0.1008	0.0983	0.0961	0.0972	0.0978	0.1044	0.1002	0.0994	0.0992	0.0993	0.0968	0.0960	0.0961	
0.1723	0.1374	0.1307	0.1292	0.1219	0.1094	0.1040	0.1076	0.1333	0.1256	0.1194	0.1186	0.1124	0.1033	0.1083	0.1145	0.1238	0.1182	0.1209	0.1097	0.1067	0.1029	0.1076	0.1125	0.1167	0.1109	0.1077	0.1077	0.1026	0.0998	0.1054	0.1115	0.1135	0.1079	0.1061	0.1032	0.1020	0.0987	0.1046	0.1083	0.1109	0.1058	0.1038	0.1012	0.0999	0.0961	0.1059	0.1005	0.1067	0.1028	0.1012	0.1005	0.0973	0.0964	0.0962	0.0986	0.1037	0.1010	0.0997	0.0987	0.0994	0.0955	0.0955	0.0949	
0.1822	0.1445	0.1325	0.1323	0.1237	0.1114	0.1040	0.1083	0.1388	0.1281	0.1217	0.1216	0.1140	0.1046	0.1088	0.1124	0.1261	0.1191	0.1238	0.1097	0.1097	0.1041	0.1062	0.1139	0.1192	0.1119	0.1083	0.1078	0.1023	0.0984	0.1071	0.1114	0.1144	0.1090	0.1074	0.1033	0.1024	0.0996	0.1046	0.1080	0.1114	0.1068	0.1045	0.1029	0.1002	0.0980	0.0984	0.1015	0.1073	0.1037	0.1022	0.1012	0.0975	0.0960	0.0967	0.0979	0.1043	0.1016	0.1006	0.0992	0.0982	0.0977	0.0958	0.0946	
0.1915	0.1501	0.1363	0.1362	0.1287	0.1120	0.1068	0.1086	0.1421	0.1315	0.1241	0.1237	0.1159	0.1048	0.1097	0.1110	0.1292	0.1220	0.1260	0.1120	0.1101	0.1042	0.1079	0.1137	0.1207	0.1279	0.1101	0.1085	0.1029	0.1017	0.1067	0.1095	0.1171	0.1114	0.1077	0.1045	0.1030	0.0998	0.1047	0.1087	0.1125	0.1077	0.1052	0.1028	0.1010	0.0984	0.1013	0.1019	0.1086	0.1044	0.1031	0.1002	0.0979	0.0964	0.1028	0.0988	0.1054	0.1024	0.1011	0.0998	0.0979	0.1011	0.0956	0.0958	
0.2065	0.1564	0.1417	0.1414	0.1323	0.1144	0.1066	0.1104	0.1463	0.1352	0.1278	0.1287	0.1202	0.1062	0.1099	0.1144	0.1334	0.1253	0.1286	0.1150	0.1127	0.1063	0.1084	0.1146	0.1230	0.1346	0.1122	0.1107	0.1048	0.1013	0.1077	0.1120	0.1193	0.1139	0.1092	0.1060	0.1041	0.1006	0.1054	0.1092	0.1152	0.1099	0.1070	0.1042	0.1015	0.0987	0.0992	0.1022	0.1104	0.1061	0.1048	0.1010	0.0988	0.0966	0.0981	0.0991	0.1075	0.1030	0.1020	0.1011	0.0982	0.0991	0.0947	0.0960	
0.2241	0.1645	0.1457	0.1466	0.1372	0.1157	0.1096	0.1093	0.1540	0.1396	0.1314	0.1322	0.1228	0.1079	0.1117	0.1131	0.1375	0.1275	0.1304	0.1173	0.1136	0.1062	0.1084	0.1157	0.1269	0.1178	0.1138	0.1118	0.1055	0.1015	0.1089	0.1127	0.1213	0.1143	0.1109	0.1075	0.1052	0.1008	0.1051	0.1106	0.1162	0.1115	0.1083	0.1048	0.1019	0.0989	0.0991	0.1027	0.1119	0.1077	0.1047	0.1026	0.0993	0.0978	0.0981	0.0990	0.1082	0.1045	0.1025	0.1011	0.0990	0.0981	0.0958	0.0955	
0.2409	0.1725	0.1551	0.1526	0.1419	0.1176	0.1071	0.1092	0.1586	0.1441	0.1343	0.1334	0.1234	0.1077	0.1103	0.1130	0.1407	0.1300	0.1332	0.1191	0.1150	0.1066	0.1084	0.1127	0.1295	0.1202	0.1162	0.1122	0.1059	0.1004	0.1074	0.1127	0.1228	0.1164	0.1112	0.1081	0.1060	0.1008	0.1065	0.1112	0.1184	0.1127	0.1095	0.1047	0.1026	0.0977	0.1057	0.1025	0.1133	0.1082	0.1064	0.1026	0.0993	0.0972	0.0974	0.0978	0.1088	0.1054	0.1024	0.1011	0.1066	0.0997	0.0956	0.0955	
0.2517	0.1823	0.1575	0.1572	0.1452	0.1189	0.1079	0.1106	0.1672	0.1500	0.1387	0.1384	0.1274	0.1079	0.1105	0.1129	0.1450	0.1336	0.1337	0.1192	0.1163	0.1069	0.1084	0.1149	0.1318	0.1504	0.1170	0.1144	0.1070	0.1005	0.1088	0.1117	0.1249	0.1176	0.1128	0.1095	0.1051	0.1020	0.1053	0.1081	0.1209	0.1127	0.1108	0.1053	0.1026	0.0982	0.0998	0.1017	0.1144	0.1086	0.1058	0.1024	0.0997	0.0979	0.0974	0.0979	0.1107	0.1043	0.1028	0.1026	0.0995	0.0979	0.0959	0.0953	
0.2725	0.1941	0.1650	0.1660	0.1496	0.1196	0.1087	0.1107	0.1738	0.1572	0.1428	0.1417	0.1279	0.1098	0.1133	0.1135	0.1494	0.1383	0.1378	0.1249	0.1196	0.1087	0.1098	0.1149	0.1368	0.1254	0.1197	0.1159	0.1086	0.1024	0.1087	0.1134	0.1272	0.1201	0.1139	0.1100	0.1077	0.1008	0.1057	0.1104	0.1215	0.1157	0.1117	0.1069	0.1037	0.0994	0.1002	0.1034	0.1166	0.1104	0.1077	0.1040	0.1001	0.0982	0.0996	0.0989	0.1110	0.1067	0.1050	0.1023	0.1001	0.0987	0.0963	0.0968	
0.2920	0.2034	0.1765	0.1718	0.1539	0.1218	0.1088	0.1091	0.1792	0.1622	0.1487	0.1469	0.1311	0.1103	0.1123	0.1126	0.1536	0.1431	0.1403	0.1247	0.1201	0.1106	0.1092	0.1145	0.1400	0.1287	0.1210	0.1173	0.1091	0.1029	0.1082	0.1122	0.1295	0.1223	0.1156	0.1120	0.1072	0.1017	0.1054	0.1078	0.1246	0.1166	0.1122	0.1080	0.1032	0.0980	0.1083	0.1033	0.1175	0.1112	0.1078	0.1036	0.0998	0.0971	0.0984	0.0983	0.1124	0.1069	0.1048	0.1037	0.1082	0.1028	0.0962	0.0971	
0.3132	0.2145	0.1817	0.1796	0.1640	0.1249	0.1103	0.1110	0.1859	0.1688	0.1508	0.1529	0.1348	0.1129	0.1129	0.1128	0.1580	0.1454	0.1428	0.1284	0.1208	0.1113	0.1096	0.1156	0.1407	0.1592	0.1232	0.1187	0.1099	0.1037	0.1092	0.1127	0.1308	0.1234	0.1177	0.1131	0.1076	0.1008	0.1050	0.1107	0.1248	0.1171	0.1134	0.1086	0.1039	0.0994	0.0992	0.1028	0.1184	0.1120	0.1091	0.1043	0.0996	0.0980	0.0974	0.0981	0.1149	0.1081	0.1047	0.1038	0.1050	0.0990	0.0960	0.0968	
0.3387	0.2303	0.1955	0.1912	0.1676	0.1287	0.1102	0.1111	0.1942	0.1774	0.1592	0.1585	0.1396	0.1124	0.1132	0.1147	0.1644	0.1511	0.1483	0.1314	0.1239	0.1125	0.1094	0.1152	0.1461	0.1336	0.1258	0.1212	0.1106	0.1027	0.1088	0.1146	0.1338	0.1260	0.1196	0.1147	0.1093	0.1034	0.1060	0.1103	0.1280	0.1199	0.1160	0.1104	0.1056	0.0992	0.1006	0.1044	0.1197	0.1137	0.1101	0.1049	0.1020	0.0990	0.0977	0.0987	0.1146	0.1092	0.1068	0.1048	0.1012	0.0986	0.0966	0.0969	
0.3584	0.2471	0.1999	0.1980	0.1744	0.1291	0.1112	0.1117	0.2063	0.1846	0.1663	0.1636	0.1421	0.1144	0.1145	0.1157	0.1703	0.1564	0.1527	0.1354	0.1270	0.1142	0.1113	0.1146	0.1496	0.1351	0.1296	0.1231	0.1109	0.1042	0.1098	0.1147	0.1379	0.1288	0.1218	0.1168	0.1102	0.1020	0.1073	0.1099	0.1303	0.1213	0.1174	0.1116	0.1061	0.0989	0.1009	0.1052	0.1234	0.1154	0.1117	0.1061	0.1026	0.0991	0.1006	0.1005	0.1174	0.1109	0.1071	0.1061	0.1032	0.0984	0.0973	0.0970	
0.3946	0.2619	0.2136	0.2114	0.1845	0.1337	0.1121	0.1131	0.2164	0.1930	0.1747	0.1701	0.1483	0.1157	0.1159	0.1160	0.1768	0.1611	0.1567	0.1387	0.1300	0.1162	0.1125	0.1180	0.1557	0.1409	0.1333	0.1255	0.1145	0.1070	0.1117	0.1154	0.1420	0.1316	0.1257	0.1185	0.1123	0.1041	0.1073	0.1122	0.1333	0.1240	0.1194	0.1127	0.1081	0.1018	0.1074	0.1041	0.1263	0.1176	0.1137	0.1074	0.1036	0.0995	0.1019	0.1006	0.1208	0.1116	0.1093	0.1059	0.1041	0.1002	0.0982	0.0977	
0.4219	0.2787	0.2308	0.2194	0.1946	0.1390	0.1114	0.1132	0.2249	0.2003	0.1790	0.1786	0.1529	0.1159	0.1146	0.1148	0.1813	0.1658	0.1610	0.1411	0.1323	0.1175	0.1139	0.1151	0.1584	0.1650	0.1351	0.1282	0.1133	0.1045	0.1093	0.1132	0.1437	0.1338	0.1266	0.1179	0.1133	0.1023	0.1081	0.1097	0.1358	0.1253	0.1196	0.1137	0.1072	0.0992	0.1015	0.1055	0.1263	0.1183	0.1139	0.1070	0.1025	0.0986	0.0991	0.0987	0.1198	0.1130	0.1090	0.1063	0.1037	0.1046	0.0964	0.0965	
0.4440	0.2993	0.2428	0.2322	0.2041	0.1385	0.1113	0.1135	0.2343	0.2113	0.1883	0.1860	0.1565	0.1183	0.1168	0.1145	0.1870	0.1698	0.1654	0.1451	0.1332	0.1189	0.1126	0.1158	0.1631	0.1455	0.1377	0.1300	0.1157	0.1060	0.1111	0.1133	0.1470	0.1371	0.1282	0.1207	0.1117	0.1032	0.1078	0.1082	0.1384	0.1274	0.1221	0.1146	0.1078	0.1005	0.1003	0.1030	0.1287	0.1195	0.1150	0.1073	0.1029	0.0988	0.1043	0.0997	0.1222	0.1140	0.1106	0.1072	0.1067	0.0991	0.0956	0.0975	
0.4769	0.3156	0.2561	0.2493	0.2116	0.1444	0.1141	0.1137	0.2475	0.2209	0.1992	0.1931	0.1628	0.1188	0.1175	0.1180	0.1952	0.1771	0.1693	0.1503	0.1367	0.1194	0.1141	0.1164	0.1686	0.1482	0.1406	0.1328	0.1177	0.1052	0.1111	0.1143	0.1512	0.1391	0.1303	0.1230	0.1144	0.1051	0.1073	0.1109	0.1413	0.1290	0.1248	0.1158	0.1092	0.1000	0.1034	0.1049	0.1295	0.1211	0.1166	0.1072	0.1038	0.0995	0.1006	0.0993	0.1237	0.1143	0.1118	0.1083	0.1049	0.0996	0.0962	0.0971	
0.4946	0.3408	0.2700	0.2580	0.2254	0.1467	0.1161	0.1144	0.2581	0.2296	0.2047	0.2020	0.1655	0.1197	0.1174	0.1168	0.2013	0.1824	0.1773	0.1521	0.1385	0.1209	0.1127	0.1174	0.1708	0.1698	0.1434	0.1344	0.1180	0.1052	0.1110	0.1154	0.1539	0.1412	0.1326	0.1243	0.1150	0.1050	0.1061	0.1114	0.1434	0.1306	0.1251	0.1172	0.1093	0.1020	0.1034	0.1039	0.1327	0.1222	0.1178	0.1085	0.1039	0.1001	0.0982	0.1002	0.1251	0.1156	0.1120	0.1094	0.1036	0.1002	0.0964	0.0972	
0.5122	0.3649	0.2861	0.2744	0.2368	0.1509	0.1160	0.1163	0.2643	0.2458	0.2158	0.2105	0.1716	0.1232	0.1203	0.1181	0.2036	0.1916	0.1812	0.1597	0.1416	0.1239	0.1146	0.1177	0.1743	0.1575	0.1476	0.1377	0.1210	0.1083	0.1113	0.1157	0.1547	0.1459	0.1349	0.1283	0.1172	0.1045	0.1083	0.1114	0.1454	0.1345	0.1283	0.1195	0.1106	0.1022	0.1026	0.1050	0.1331	0.1254	0.1192	0.1100	0.1049	0.0999	0.0999	0.0999	0.1263	0.1174	0.1150	0.1101	0.1049	0.1007	0.0974	0.0977	
0.5407	0.3914	0.3072	0.2931	0.2479	0.1588	0.1182	0.1154	0.2794	0.2579	0.2290	0.2193	0.1789	0.1243	0.1211	0.1199	0.2140	0.1994	0.1878	0.1652	0.1468	0.1264	0.1153	0.1179	0.1809	0.1628	0.1529	0.1417	0.1231	0.1079	0.1119	0.1162	0.1613	0.1495	0.1382	0.1292	0.1179	0.1064	0.1079	0.1123	0.1487	0.1376	0.1304	0.1207	0.1115	0.1027	0.1030	0.1052	0.1371	0.1269	0.1213	0.1100	0.1056	0.1016	0.1040	0.1001	0.1286	0.1192	0.1149	0.1117	0.1065	0.1004	0.0977	0.0986	
0.5747	0.4207	0.3233	0.3107	0.2671	0.1621	0.1184	0.1162	0.2943	0.2727	0.2369	0.2335	0.1863	0.1271	0.1220	0.1178	0.2229	0.2079	0.1941	0.1697	0.1504	0.1283	0.1150	0.1206	0.1874	0.1664	0.1564	0.1440	0.1235	0.1084	0.1119	0.1147	0.1649	0.1522	0.1404	0.1325	0.1196	0.1054	0.1103	0.1125	0.1514	0.1400	0.1335	0.1218	0.1123	0.1024	0.1054	0.1052	0.1391	0.1291	0.1222	0.1110	0.1062	0.1013	0.1005	0.1005	0.1307	0.1205	0.1158	0.1117	0.1065	0.1018	0.0975	0.0975	
0.5952	0.4382	0.3478	0.3307	0.2827	0.1673	0.1204	0.1171	0.3027	0.2850	0.2504	0.2400	0.1905	0.1290	0.1224	0.1212	0.2286	0.2143	0.2013	0.1758	0.1532	0.1297	0.1172	0.1197	0.1923	0.1840	0.1614	0.1476	0.1261	0.1083	0.1132	0.1165	0.1690	0.1553	0.1437	0.1355	0.1208	0.1062	0.1097	0.1114	0.1541	0.1417	0.1351	0.1235	0.1136	0.1030	0.1060	0.1077	0.1419	0.1303	0.1248	0.1119	0.1072	0.1016	0.0997	0.1005	0.1324	0.1217	0.1178	0.1133	0.1066	0.1008	0.0972	0.0982	
0.6262	0.4705	0.3754	0.3493	0.2992	0.1744	0.1229	0.1181	0.3201	0.3011	0.2638	0.2546	0.2028	0.1318	0.1224	0.1228	0.2404	0.2251	0.2112	0.1789	0.1568	0.1339	0.1163	0.1216	0.1998	0.2097	0.1662	0.1514	0.1271	0.1102	0.1140	0.1164	0.1735	0.1609	0.1481	0.1374	0.1213	0.1064	0.1091	0.1113	0.1593	0.1467	0.1380	0.1260	0.1137	0.1042	0.1019	0.1044	0.1452	0.1341	0.1270	0.1137	0.1083	0.1024	0.1001	0.1007	0.1342	0.1238	0.1198	0.1146	0.1089	0.1019	0.0965	0.0983	
0.6439	0.4919	0.3961	0.3751	0.3180	0.1804	0.1229	0.1191	0.3335	0.3118	0.2798	0.2709	0.2077	0.1339	0.1249	0.1196	0.2475	0.2334	0.2179	0.1870	0.1600	0.1342	0.1182	0.1202	0.2052	0.1821	0.1703	0.1562	0.1301	0.1102	0.1140	0.1160	0.1784	0.1642	0.1507	0.1404	0.1242	0.1067	0.1100	0.1100	0.1622	0.1475	0.1407	0.1290	0.1153	0.1040	0.1025	0.1047	0.1486	0.1346	0.1282	0.1136	0.1086	0.1013	0.0998	0.1000	0.1370	0.1257	0.1208	0.1155	0.1084	0.1035	0.0981	0.0982	
0.6664	0.5201	0.4220	0.3975	0.3384	0.1854	0.1263	0.1184	0.3472	0.3332	0.2950	0.2804	0.2165	0.1338	0.1254	0.1212	0.2561	0.2405	0.2242	0.1962	0.1668	0.1362	0.1191	0.1219	0.2123	0.2171	0.1744	0.1587	0.1312	0.1113	0.1159	0.1177	0.1816	0.1686	0.1526	0.1421	0.1258	0.1071	0.1110	0.1107	0.1658	0.1522	0.1428	0.1300	0.1160	0.1037	0.1037	0.1051	0.1496	0.1385	0.1305	0.1145	0.1082	0.1030	0.0996	0.0998	0.1389	0.1276	0.1228	0.1172	0.1094	0.1073	0.0977	0.0978	
0.6826	0.5457	0.4461	0.4184	0.3575	0.1921	0.1261	0.1196	0.3614	0.3476	0.3068	0.2967	0.2252	0.1386	0.1265	0.1223	0.2659	0.2497	0.2332	0.2000	0.1705	0.1403	0.1203	0.1217	0.2166	0.1915	0.1813	0.1632	0.1354	0.1114	0.1139	0.1162	0.1862	0.1726	0.1572	0.1451	0.1273	0.1086	0.1116	0.1110	0.1680	0.1547	0.1455	0.1311	0.1170	0.1049	0.1045	0.1044	0.1528	0.1399	0.1325	0.1150	0.1102	0.1029	0.1006	0.0997	0.1403	0.1283	0.1244	0.1175	0.1189	0.1032	0.0979	0.0982	
0.7068	0.5710	0.4688	0.4456	0.3790	0.2011	0.1270	0.1226	0.3780	0.3650	0.3193	0.3116	0.2380	0.1409	0.1287	0.1244	0.2742	0.2616	0.2428	0.2081	0.1751	0.1427	0.1192	0.1231	0.2258	0.2092	0.1833	0.1670	0.1366	0.1139	0.1153	0.1173	0.1898	0.1764	0.1595	0.1484	0.1281	0.1093	0.1142	0.1125	0.1723	0.1569	0.1479	0.1352	0.1187	0.1069	0.1046	0.1054	0.1558	0.1428	0.1347	0.1168	0.1111	0.1032	0.1010	0.1007	0.1434	0.1317	0.1257	0.1194	0.1116	0.1091	0.0983	0.0971	
0.7025	0.5999	0.4973	0.4690	0.4024	0.2098	0.1296	0.1257	0.3896	0.3894	0.3412	0.3262	0.2448	0.1430	0.1307	0.1260	0.2798	0.2735	0.2506	0.2185	0.1806	0.1472	0.1225	0.1267	0.2290	0.2062	0.1906	0.1728	0.1401	0.1137	0.1162	0.1208	0.1944	0.1832	0.1647	0.1526	0.1308	0.1092	0.1119	0.1112	0.1766	0.1617	0.1519	0.1373	0.1200	0.1060	0.1057	0.1067	0.1583	0.1454	0.1356	0.1183	0.1127	0.1037	0.1026	0.1010	0.1451	0.1322	0.1277	0.1202	0.1112	0.1098	0.0980	0.0980	
0.7076	0.6239	0.5158	0.4938	0.4244	0.2217	0.1312	0.1262	0.4076	0.4029	0.3539	0.3401	0.2580	0.1486	0.1350	0.1261	0.2903	0.2831	0.2584	0.2264	0.1868	0.1489	0.1224	0.1242	0.2362	0.2186	0.1973	0.1757	0.1426	0.1169	0.1167	0.1199	0.1979	0.1878	0.1681	0.1555	0.1328	0.1100	0.1122	0.1144	0.1805	0.1649	0.1541	0.1374	0.1223	0.1073	0.1067	0.1068	0.1614	0.1490	0.1385	0.1199	0.1133	0.1034	0.1023	0.1010	0.1487	0.1355	0.1291	0.1213	0.1215	0.1061	0.0986	0.1003	
0.7203	0.6520	0.5488	0.5216	0.4525	0.2301	0.1400	0.1257	0.4216	0.4227	0.3709	0.3576	0.2726	0.1519	0.1372	0.1271	0.3014	0.2964	0.2709	0.2335	0.1908	0.1540	0.1248	0.1249	0.2429	0.2338	0.2018	0.1823	0.1465	0.1177	0.1171	0.1210	0.2037	0.1924	0.1718	0.1595	0.1359	0.1110	0.1128	0.1139	0.1827	0.1706	0.1573	0.1416	0.1234	0.1066	0.1055	0.1082	0.1644	0.1517	0.1414	0.1216	0.1145	0.1044	0.1082	0.1013	0.1484	0.1381	0.1308	0.1231	0.1146	0.1060	0.0989	0.0996	
0.7192	0.6829	0.5723	0.5499	0.4809	0.2424	0.1369	0.1267	0.4394	0.4480	0.3916	0.3751	0.2829	0.1548	0.1375	0.1286	0.3090	0.3088	0.2818	0.2439	0.1986	0.1584	0.1263	0.1249	0.2511	0.2341	0.2102	0.1885	0.1477	0.1192	0.1185	0.1218	0.2094	0.2007	0.1769	0.1642	0.1370	0.1119	0.1141	0.1150	0.1880	0.1747	0.1621	0.1450	0.1245	0.1074	0.1065	0.1094	0.1674	0.1555	0.1432	0.1234	0.1154	0.1067	0.1031	0.1026	0.1533	0.1394	0.1327	0.1250	0.1220	0.1079	0.0982	0.0997	
0.7265	0.6987	0.5955	0.5772	0.5108	0.2513	0.1389	0.1254	0.4549	0.4608	0.4144	0.3947	0.2961	0.1610	0.1395	0.1284	0.3210	0.3161	0.2946	0.2530	0.2031	0.1592	0.1260	0.1258	0.2594	0.2341	0.2166	0.1913	0.1490	0.1210	0.1236	0.1201	0.2151	0.2015	0.1814	0.1676	0.1386	0.1108	0.1121	0.1142	0.1924	0.1749	0.1666	0.1454	0.1239	0.1075	0.1053	0.1072	0.1716	0.1561	0.1461	0.1222	0.1161	0.1040	0.1031	0.1026	0.1546	0.1404	0.1338	0.1247	0.1154	0.1073	0.0987	0.0989	
0.7345	0.7299	0.6257	0.6074	0.5348	0.2627	0.1452	0.1292	0.4725	0.4864	0.4344	0.4092	0.3092	0.1632	0.1419	0.1323	0.3328	0.3305	0.3024	0.2625	0.2113	0.1643	0.1277	0.1261	0.2700	0.2634	0.2236	0.1973	0.1543	0.1189	0.1198	0.1210	0.2215	0.2070	0.1849	0.1714	0.1409	0.1123	0.1131	0.1127	0.1970	0.1806	0.1689	0.1493	0.1263	0.1085	0.1187	0.1081	0.1738	0.1591	0.1497	0.1235	0.1167	0.1052	0.1035	0.1015	0.1589	0.1419	0.1371	0.1273	0.1171	0.1067	0.0978	0.0995	
0.7372	0.7425	0.6502	0.6309	0.5610	0.2740	0.1460	0.1328	0.4891	0.5009	0.4519	0.4300	0.3261	0.1681	0.1437	0.1306	0.3421	0.3386	0.3163	0.2725	0.2180	0.1673	0.1286	0.1279	0.2744	0.2479	0.2294	0.2026	0.1569	0.1218	0.1214	0.1206	0.2238	0.2108	0.1893	0.1761	0.1427	0.1126	0.1138	0.1142	0.1990	0.1831	0.1713	0.1512	0.1282	0.1083	0.1068	0.1069	0.1780	0.1625	0.1534	0.1257	0.1182	0.1055	0.1026	0.1034	0.1596	0.1437	0.1391	0.1272	0.1172	0.1075	0.0988	0.0984	
0.7392	0.7490	0.6778	0.6574	0.5924	0.2939	0.1479	0.1341	0.5072	0.5247	0.4797	0.4479	0.3394	0.1721	0.1461	0.1334	0.3551	0.3537	0.3237	0.2830	0.2248	0.1732	0.1300	0.1286	0.2860	0.2565	0.2370	0.2073	0.1584	0.1245	0.1221	0.1218	0.2316	0.2166	0.1950	0.1791	0.1466	0.1142	0.1147	0.1148	0.2059	0.1883	0.1774	0.1546	0.1294	0.1089	0.1069	0.1080	0.1822	0.1643	0.1535	0.1260	0.1200	0.1057	0.1024	0.1025	0.1636	0.1464	0.1413	0.1294	0.1172	0.1144	0.0992	0.0996	
0.7248	0.7528	0.7052	0.6742	0.6187	0.3143	0.1527	0.1345	0.5207	0.5479	0.4927	0.4662	0.3565	0.1774	0.1483	0.1349	0.3599	0.3665	0.3377	0.2914	0.2309	0.1775	0.1302	0.1310	0.2870	0.2663	0.2434	0.2157	0.1627	0.1260	0.1230	0.1225	0.2354	0.2229	0.2019	0.1842	0.1483	0.1158	0.1146	0.1168	0.2104	0.1916	0.1807	0.1577	0.1321	0.1106	0.1109	0.1083	0.1832	0.1694	0.1581	0.1277	0.1203	0.1063	0.1026	0.1024	0.1637	0.1490	0.1440	0.1325	0.1206	0.1089	0.0994	0.0999	
0.7318	0.7599	0.7328	0.7067	0.6429	0.3226	0.1555	0.1352	0.5369	0.5689	0.5184	0.4839	0.3693	0.1837	0.1496	0.1362	0.3744	0.3838	0.3515	0.3048	0.2404	0.1809	0.1330	0.1306	0.2972	0.2836	0.2531	0.2207	0.1651	0.1264	0.1230	0.1242	0.2415	0.2307	0.2039	0.1870	0.1506	0.1156	0.1149	0.1158	0.2124	0.1960	0.1847	0.1602	0.1311	0.1105	0.1089	0.1087	0.1869	0.1719	0.1592	0.1299	0.1219	0.1075	0.1042	0.1037	0.1674	0.1502	0.1457	0.1325	0.1220	0.1141	0.1003	0.0994	
0.7337	0.7569	0.7531	0.7323	0.6696	0.3419	0.1602	0.1396	0.5566	0.5902	0.5386	0.5110	0.3880	0.1900	0.1542	0.1382	0.3873	0.3949	0.3632	0.3206	0.2484	0.1874	0.1347	0.1317	0.3043	0.2836	0.2616	0.2293	0.1718	0.1280	0.1236	0.1264	0.2453	0.2358	0.2110	0.1929	0.1537	0.1168	0.1165	0.1163	0.2177	0.2032	0.1901	0.1632	0.1358	0.1107	0.1093	0.1091	0.1915	0.1770	0.1630	0.1310	0.1247	0.1082	0.1057	0.1036	0.1697	0.1548	0.1493	0.1371	0.1218	0.1105	0.1003	0.1002	
0.7259	0.7610	0.7673	0.7547	0.7031	0.3594	0.1648	0.1428	0.5711	0.6075	0.5611	0.5319	0.4040	0.1942	0.1565	0.1405	0.3940	0.4076	0.3794	0.3301	0.2544	0.1930	0.1366	0.1356	0.3129	0.3184	0.2707	0.2359	0.1733	0.1277	0.1247	0.1246	0.2502	0.2427	0.2175	0.1979	0.1538	0.1169	0.1157	0.1179	0.2212	0.2063	0.1935	0.1674	0.1363	0.1127	0.1082	0.1094	0.1939	0.1794	0.1667	0.1336	0.1237	0.1077	0.1046	0.1043	0.1717	0.1556	0.1495	0.1368	0.1238	0.1114	0.1002	0.1006	
0.7340	0.7593	0.7711	0.7747	0.7265	0.3803	0.1712	0.1429	0.5892	0.6288	0.5868	0.5522	0.4242	0.1991	0.1615	0.1421	0.4087	0.4221	0.3892	0.3436	0.2635	0.1975	0.1384	0.1328	0.3243	0.2983	0.2789	0.2429	0.1769	0.1299	0.1256	0.1266	0.2573	0.2472	0.2225	0.2031	0.1584	0.1171	0.1172	0.1182	0.2263	0.2112	0.1997	0.1713	0.1390	0.1117	0.1147	0.1092	0.1974	0.1825	0.1700	0.1335	0.1257	0.1087	0.1053	0.1041	0.1754	0.1584	0.1535	0.1393	0.1246	0.1097	0.1009	0.1006	
0.7432	0.7644	0.7756	0.7865	0.7590	0.4020	0.1784	0.1454	0.5984	0.6518	0.6049	0.5776	0.4485	0.2066	0.1650	0.1470	0.4199	0.4375	0.4034	0.3564	0.2743	0.2011	0.1402	0.1361	0.3283	0.3292	0.2877	0.2510	0.1822	0.1298	0.1272	0.1278	0.2628	0.2536	0.2312	0.2101	0.1611	0.1183	0.1177	0.1208	0.2305	0.2152	0.2056	0.1748	0.1416	0.1137	0.1095	0.1107	0.1998	0.1858	0.1727	0.1362	0.1274	0.1101	0.1068	0.1046	0.1770	0.1618	0.1550	0.1421	0.1264	0.1197	0.1004	0.1000	
0.7430	0.7679	0.7756	0.7816	0.7843	0.4212	0.1819	0.1508	0.6154	0.6673	0.6302	0.5979	0.4666	0.2119	0.1668	0.1480	0.4298	0.4525	0.4205	0.3612	0.2818	0.2085	0.1426	0.1379	0.3362	0.3181	0.2966	0.2555	0.1879	0.1304	0.1292	0.1279	0.2677	0.2637	0.2362	0.2094	0.1643	0.1196	0.1195	0.1177	0.2349	0.2209	0.2073	0.1762	0.1435	0.1135	0.1185	0.1099	0.2040	0.1915	0.1767	0.1366	0.1289	0.1089	0.1102	0.1053	0.1813	0.1638	0.1566	0.1420	0.1273	0.1125	0.1012	0.1008	
0.7446	0.7663	0.7706	0.7876	0.7939	0.4408	0.1920	0.1510	0.6258	0.6780	0.6520	0.6204	0.4850	0.2207	0.1708	0.1505	0.4424	0.4681	0.4395	0.3799	0.2921	0.2126	0.1436	0.1381	0.3476	0.3569	0.3075	0.2642	0.1912	0.1318	0.1290	0.1299	0.2736	0.2689	0.2429	0.2157	0.1681	0.1201	0.1189	0.1182	0.2399	0.2269	0.2146	0.1820	0.1439	0.1141	0.1107	0.1108	0.2082	0.1949	0.1814	0.1395	0.1304	0.1106	0.1072	0.1054	0.1835	0.1681	0.1614	0.1452	0.1284	0.1131	0.1013	0.1015	
0.7359	0.7672	0.7720	0.7865	0.8062	0.4672	0.1919	0.1546	0.6307	0.6895	0.6699	0.6413	0.5063	0.2290	0.1726	0.1506	0.4531	0.4873	0.4517	0.3934	0.3028	0.2182	0.1448	0.1408	0.3552	0.3394	0.3170	0.2702	0.1949	0.1342	0.1306	0.1315	0.2796	0.2744	0.2481	0.2226	0.1696	0.1212	0.1195	0.1185	0.2435	0.2303	0.2171	0.1840	0.1460	0.1150	0.1100	0.1122	0.2115	0.1965	0.1854	0.1405	0.1326	0.1120	0.1085	0.1057	0.1859	0.1704	0.1646	0.1470	0.1303	0.1138	0.1015	0.1010	
0.7468	0.7689	0.7718	0.7850	0.8062	0.4910	0.1962	0.1586	0.6313	0.6932	0.6825	0.6575	0.5250	0.2374	0.1762	0.1542	0.4613	0.4993	0.4667	0.4048	0.3139	0.2266	0.1461	0.1411	0.3608	0.3567	0.3280	0.2756	0.1994	0.1387	0.1312	0.1303	0.2815	0.2814	0.2558	0.2274	0.1741	0.1221	0.1193	0.1201	0.2483	0.2362	0.2238	0.1871	0.1502	0.1175	0.1177	0.1122	0.2127	0.2027	0.1885	0.1424	0.1342	0.1128	0.1073	0.1049	0.1873	0.1716	0.1664	0.1466	0.1407	0.1152	0.1014	0.1025	
0.7378	0.7705	0.7738	0.7857	0.8045	0.5183	0.2076	0.1622	0.6308	0.7032	0.6948	0.6790	0.5496	0.2448	0.1859	0.1586	0.4702	0.5144	0.4799	0.4224	0.3224	0.2339	0.1491	0.1434	0.3688	0.3643	0.3363	0.2873	0.2041	0.1412	0.1330	0.1341	0.2869	0.2908	0.2632	0.2333	0.1755	0.1241	0.1222	0.1219	0.2505	0.2434	0.2307	0.1900	0.1507	0.1171	0.1110	0.1164	0.2168	0.2064	0.1910	0.1438	0.1355	0.1141	0.1085	0.1064	0.1908	0.1767	0.1688	0.1514	0.1339	0.1173	0.1029	0.1033	
0.7493	0.7740	0.7780	0.7910	0.8103	0.5413	0.2183	0.1672	0.6323	0.7009	0.6956	0.6948	0.5741	0.2548	0.1900	0.1586	0.4866	0.5299	0.4945	0.4385	0.3336	0.2395	0.1524	0.1462	0.3771	0.3798	0.3446	0.2971	0.2094	0.1417	0.1351	0.1317	0.2927	0.2994	0.2675	0.2416	0.1806	0.1234	0.1223	0.1235	0.2553	0.2490	0.2336	0.1958	0.1535	0.1196	0.1123	0.1130	0.2211	0.2111	0.1952	0.1476	0.1369	0.1128	0.1085	0.1070	0.1935	0.1787	0.1702	0.1532	0.1339	0.1172	0.1014	0.1017	
0.7485	0.7721	0.7812	0.7911	0.8116	0.5642	0.2194	0.1722	0.6310	0.7016	0.7035	0.7037	0.5926	0.2594	0.1922	0.1616	0.4953	0.5415	0.5147	0.4515	0.3452	0.2464	0.1512	0.1465	0.3884	0.3956	0.3567	0.3017	0.2126	0.1438	0.1344	0.1347	0.2995	0.3045	0.2766	0.2458	0.1838	0.1234	0.1210	0.1219	0.2602	0.2502	0.2424	0.1984	0.1559	0.1201	0.1110	0.1140	0.2227	0.2115	0.2006	0.1479	0.1386	0.1130	0.1155	0.1072	0.1968	0.1787	0.1748	0.1557	0.1354	0.1225	0.1032	0.1025	
0.7605	0.7775	0.7820	0.7938	0.8178	0.6000	0.2333	0.1755	0.6386	0.7062	0.7105	0.7137	0.6231	0.2726	0.2023	0.1638	0.5105	0.5600	0.5353	0.4686	0.3606	0.2537	0.1576	0.1490	0.3972	0.4104	0.3720	0.3134	0.2240	0.1418	0.1361	0.1350	0.3064	0.3156	0.2870	0.2569	0.1872	0.1268	0.1242	0.1234	0.2662	0.2588	0.2466	0.2028	0.1581	0.1199	0.1142	0.1143	0.2287	0.2180	0.2056	0.1514	0.1400	0.1155	0.1096	0.1074	0.2008	0.1847	0.1798	0.1573	0.1378	0.1187	0.1037	0.1021	
0.7598	0.7763	0.7842	0.7925	0.8173	0.6267	0.2440	0.1812	0.6369	0.7054	0.7076	0.7121	0.6371	0.2839	0.2069	0.1659	0.5159	0.5725	0.5422	0.4817	0.3671	0.2586	0.1563	0.1496	0.4055	0.4111	0.3781	0.3191	0.2249	0.1464	0.1379	0.1341	0.3114	0.3237	0.2911	0.2584	0.1892	0.1249	0.1223	0.1255	0.2696	0.2636	0.2478	0.2040	0.1599	0.1223	0.1112	0.1144	0.2310	0.2214	0.2071	0.1508	0.1409	0.1147	0.1121	0.1066	0.2013	0.1872	0.1815	0.1593	0.1384	0.1239	0.1034	0.1024	
0.7663	0.7799	0.7824	0.7951	0.8145	0.6559	0.2550	0.1868	0.6423	0.7080	0.7120	0.7142	0.6599	0.2945	0.2093	0.1719	0.5277	0.5858	0.5628	0.4993	0.3814	0.2690	0.1606	0.1507	0.4143	0.4204	0.3908	0.3302	0.2326	0.1476	0.1401	0.1367	0.3203	0.3293	0.3015	0.2650	0.1925	0.1284	0.1230	0.1241	0.2776	0.2709	0.2567	0.2106	0.1629	0.1225	0.1163	0.1147	0.2354	0.2276	0.2118	0.1539	0.1421	0.1147	0.1097	0.1066	0.2049	0.1895	0.1846	0.1630	0.1408	0.1202	0.1042	0.1029	
0.7534	0.7839	0.7889	0.7959	0.8161	0.6817	0.2633	0.1924	0.6369	0.7081	0.7129	0.7194	0.6838	0.3034	0.2122	0.1745	0.5284	0.5936	0.5798	0.5155	0.3953	0.2749	0.1627	0.1528	0.4194	0.4291	0.4023	0.3420	0.2367	0.1477	0.1445	0.1375	0.3230	0.3357	0.3085	0.2725	0.1950	0.1286	0.1280	0.1253	0.2780	0.2762	0.2617	0.2171	0.1650	0.1226	0.1141	0.1131	0.2372	0.2309	0.2172	0.1574	0.1448	0.1163	0.1118	0.1092	0.2059	0.1904	0.1874	0.1651	0.1428	0.1211	0.1050	0.1030	
0.7701	0.7852	0.7832	0.7958	0.8165	0.7087	0.2771	0.1972	0.6401	0.7111	0.7154	0.7175	0.6989	0.3159	0.2190	0.1760	0.5362	0.6052	0.5915	0.5308	0.4030	0.2820	0.1623	0.1572	0.4290	0.4342	0.4096	0.3471	0.2403	0.1531	0.1410	0.1377	0.3265	0.3436	0.3157	0.2787	0.2005	0.1294	0.1248	0.1260	0.2828	0.2816	0.2693	0.2192	0.1670	0.1237	0.1134	0.1146	0.2439	0.2327	0.2182	0.1585	0.1466	0.1152	0.1113	0.1079	0.2110	0.1950	0.1903	0.1675	0.1447	0.1286	0.1027	0.1027	
