0.0899	0.0918	0.0919	0.0922	0.0965	0.0959	0.0974	0.0962	0.0914	0.0927	0.0928	0.0905	0.1318	0.1102	0.0993	0.1165	0.0919	0.0928	0.0920	0.0903	0.0952	0.0956	0.0949	0.0960	0.1025	0.0988	0.1050	0.0941	0.1059	0.0963	0.1011	0.1073	0.1027	0.1008	0.0994	0.1017	0.1047	0.1102	0.1080	0.1090	0.1559	0.1125	0.1144	0.1292	0.1167	0.1204	0.1143	0.1074	0.1065	0.1159	0.1315	0.1227	0.1378	0.1294	0.1237	0.1121	0.1449	0.1439	0.1225	0.1276	0.1448	0.1523	0.1411	0.1302	
0.0910	0.0902	0.0898	0.0909	0.0915	0.0919	0.0918	0.0909	0.0898	0.0906	0.0897	0.0894	0.0920	0.0926	0.0912	0.0922	0.0899	0.0908	0.0900	0.0893	0.0915	0.0927	0.0915	0.0933	0.0902	0.0909	0.0902	0.0895	0.0930	0.0932	0.0929	0.0936	0.0902	0.0905	0.0895	0.0906	0.0908	0.0923	0.0931	0.0920	0.0903	0.0906	0.0906	0.0906	0.0930	0.0926	0.0922	0.0927	0.0928	0.1011	0.0986	0.0962	0.1001	0.1072	0.1039	0.0963	0.0984	0.1150	0.1030	0.1155	0.1125	0.1259	0.1187	0.1101	
0.0902	0.0895	0.0895	0.0898	0.0923	0.0916	0.0919	0.0912	0.0891	0.0897	0.0890	0.0884	0.0922	0.0935	0.0917	0.0922	0.0895	0.0898	0.0897	0.0895	0.0904	0.0922	0.0930	0.0923	0.0892	0.0901	0.0899	0.0896	0.0928	0.0924	0.0921	0.0922	0.0903	0.0900	0.0896	0.0910	0.0904	0.0922	0.0923	0.0913	0.0912	0.0893	0.0901	0.0892	0.0923	0.0923	0.0928	0.0926	0.0910	0.0896	0.0907	0.0942	0.0965	0.0981	0.0956	0.0922	0.0926	0.1060	0.1003	0.1049	0.1098	0.1186	0.1158	0.1103	
0.0900	0.0901	0.0892	0.0894	0.0917	0.0913	0.0907	0.0908	0.0892	0.0912	0.0883	0.0886	0.0908	0.0920	0.0906	0.0912	0.0895	0.0896	0.0897	0.0887	0.0914	0.0912	0.0904	0.0920	0.0891	0.0897	0.0895	0.0888	0.0929	0.0917	0.0927	0.0914	0.0903	0.0898	0.0893	0.0904	0.0907	0.0917	0.0918	0.0919	0.0917	0.0899	0.0893	0.0898	0.0926	0.0906	0.0908	0.0917	0.0904	0.0888	0.0903	0.0910	0.0926	0.0983	0.0937	0.0943	0.0913	0.1046	0.0939	0.1027	0.1111	0.1186	0.1110	0.1064	
0.0907	0.0904	0.0900	0.0906	0.0921	0.0914	0.0914	0.0914	0.0893	0.0902	0.0885	0.0890	0.0915	0.0929	0.0909	0.0916	0.0898	0.0899	0.0898	0.0897	0.0918	0.0928	0.0914	0.0924	0.0890	0.0905	0.0898	0.0900	0.0939	0.0932	0.0923	0.0933	0.0905	0.0902	0.0894	0.0901	0.0907	0.0922	0.0929	0.0919	0.0921	0.0901	0.0900	0.0900	0.0927	0.0922	0.0923	0.0920	0.0906	0.0899	0.0901	0.0911	0.0931	0.0953	0.0926	0.0919	0.0913	0.1002	0.0938	0.1019	0.1051	0.1159	0.1097	0.1073	
0.0912	0.0905	0.0907	0.0909	0.0914	0.0911	0.0907	0.0911	0.0901	0.0952	0.0892	0.0895	0.0922	0.0926	0.0915	0.0916	0.0909	0.0907	0.0904	0.0901	0.0915	0.0918	0.0915	0.0926	0.0901	0.0904	0.0903	0.0901	0.0934	0.0922	0.0923	0.0929	0.0901	0.0910	0.0899	0.0914	0.0910	0.0919	0.0938	0.0919	0.0927	0.0906	0.0916	0.0898	0.0926	0.0927	0.0917	0.0928	0.0912	0.0903	0.0903	0.0916	0.0991	0.0967	0.0934	0.0930	0.0926	0.1011	0.0933	0.1006	0.1079	0.1243	0.1097	0.1059	
0.0904	0.0904	0.0905	0.0910	0.0919	0.0917	0.0928	0.0917	0.0895	0.0949	0.0890	0.0900	0.0919	0.0923	0.0918	0.0918	0.0903	0.0902	0.0899	0.0908	0.0911	0.0924	0.0920	0.0919	0.0904	0.0908	0.0901	0.0896	0.0931	0.0931	0.0928	0.0931	0.0904	0.0901	0.0892	0.0906	0.0920	0.0926	0.0928	0.0916	0.0890	0.0901	0.0905	0.0904	0.0933	0.0928	0.0919	0.0930	0.0904	0.0901	0.0905	0.0918	0.0954	0.0970	0.0926	0.0924	0.0913	0.1014	0.0945	0.1037	0.1064	0.1182	0.1054	0.1062	
0.0898	0.0902	0.0902	0.0906	0.0926	0.0922	0.0920	0.0910	0.0905	0.0904	0.0889	0.0891	0.0926	0.0928	0.0916	0.0924	0.0903	0.0904	0.0899	0.0899	0.0917	0.0929	0.0924	0.0933	0.0898	0.0906	0.0900	0.0896	0.0940	0.0931	0.0938	0.0932	0.0899	0.0902	0.0895	0.0904	0.0914	0.0922	0.0931	0.0924	0.0923	0.0898	0.0903	0.0897	0.0927	0.0923	0.0918	0.0932	0.0904	0.0896	0.0898	0.0910	0.0943	0.0947	0.0942	0.0960	0.0912	0.0977	0.0927	0.1026	0.1037	0.1105	0.1060	0.0969	
0.0904	0.0902	0.0907	0.0912	0.0914	0.0937	0.0914	0.0931	0.0902	0.0902	0.0895	0.0897	0.0939	0.0941	0.0935	0.0935	0.0903	0.0909	0.0892	0.0898	0.0932	0.0936	0.0944	0.0945	0.0898	0.0914	0.0898	0.0892	0.0954	0.0944	0.0948	0.0952	0.0900	0.0900	0.0903	0.0905	0.0935	0.0936	0.0950	0.0936	0.0893	0.0898	0.0901	0.0900	0.0948	0.0943	0.0940	0.0947	0.0906	0.0905	0.0902	0.0908	0.0973	0.0961	0.0952	0.0941	0.0911	0.0980	0.0922	0.1073	0.1096	0.1217	0.1177	0.1085	
0.0905	0.0908	0.0906	0.0911	0.0924	0.0916	0.0978	0.0915	0.0903	0.0910	0.0894	0.0897	0.0923	0.0925	0.0917	0.0922	0.0908	0.0903	0.0896	0.0898	0.0923	0.0928	0.0924	0.0928	0.0899	0.0906	0.0906	0.0898	0.0930	0.0934	0.0939	0.0928	0.0900	0.0903	0.0898	0.0909	0.0907	0.0925	0.0932	0.0925	0.0916	0.0900	0.0906	0.0900	0.0928	0.0985	0.0923	0.0936	0.0901	0.0900	0.0901	0.0910	0.0946	0.0953	0.0933	0.0933	0.0920	0.0970	0.0919	0.1023	0.1084	0.1177	0.1087	0.1103	
0.0900	0.0911	0.0907	0.0907	0.0925	0.0921	0.0918	0.0913	0.0888	0.0906	0.0899	0.0895	0.0921	0.0931	0.0919	0.0923	0.0900	0.0898	0.0897	0.0895	0.0927	0.0930	0.0923	0.0923	0.0896	0.0902	0.0897	0.0897	0.0933	0.0934	0.0926	0.0934	0.0898	0.0901	0.0899	0.0898	0.0914	0.0923	0.0929	0.0920	0.0912	0.0895	0.0901	0.0894	0.0922	0.0923	0.0922	0.0925	0.0907	0.0895	0.0901	0.0908	0.0941	0.0933	0.0925	0.0919	0.0905	0.0987	0.0938	0.1007	0.1099	0.1153	0.1089	0.1049	
0.0908	0.0904	0.0911	0.0911	0.0921	0.0926	0.0924	0.0917	0.0898	0.0908	0.0892	0.0898	0.0930	0.0947	0.0918	0.0923	0.0900	0.0901	0.0899	0.0900	0.0923	0.0932	0.0925	0.0934	0.0900	0.0906	0.0898	0.0894	0.0938	0.0929	0.0942	0.0937	0.0900	0.0905	0.0898	0.0909	0.0910	0.0921	0.0936	0.0924	0.0892	0.0901	0.0906	0.0902	0.0934	0.0932	0.0926	0.0924	0.0899	0.0889	0.0900	0.0906	0.0937	0.0942	0.0936	0.0922	0.0910	0.0988	0.0912	0.0945	0.1094	0.1186	0.1095	0.1045	
0.0915	0.0908	0.0913	0.0916	0.0927	0.0920	0.0920	0.0915	0.0901	0.0910	0.0901	0.0907	0.0919	0.0937	0.0923	0.0924	0.0903	0.0904	0.0899	0.0899	0.0928	0.0932	0.0926	0.0929	0.0904	0.0906	0.0903	0.0907	0.0930	0.0926	0.0932	0.0933	0.0899	0.0910	0.0898	0.0905	0.0928	0.0916	0.0933	0.0924	0.0900	0.0903	0.0914	0.0897	0.0935	0.0936	0.0928	0.0926	0.0900	0.0899	0.0902	0.0913	0.0933	0.0941	0.0937	0.0929	0.0907	0.0987	0.0920	0.1007	0.1072	0.1155	0.1076	0.1049	
0.0914	0.0909	0.0914	0.0917	0.0932	0.0918	0.0926	0.0912	0.0902	0.0917	0.0902	0.0905	0.0927	0.0935	0.0916	0.0922	0.0905	0.0910	0.0899	0.0906	0.0912	0.0926	0.0923	0.0933	0.0900	0.0904	0.0901	0.0904	0.0941	0.0926	0.0927	0.0938	0.0900	0.0910	0.0898	0.0903	0.0927	0.0927	0.0937	0.0923	0.0908	0.0900	0.0907	0.0896	0.0928	0.0924	0.0920	0.0934	0.0899	0.0897	0.0905	0.0916	0.0933	0.0946	0.0928	0.0932	0.0909	0.0982	0.0916	0.1014	0.1070	0.1145	0.1089	0.1024	
0.0917	0.0917	0.0919	0.0921	0.0931	0.0921	0.0925	0.0918	0.0907	0.0914	0.0898	0.0905	0.0926	0.0932	0.0924	0.0923	0.0907	0.0907	0.0905	0.0903	0.0918	0.0926	0.0922	0.0928	0.0906	0.0914	0.0904	0.0891	0.0934	0.0920	0.0926	0.0934	0.0904	0.0907	0.0906	0.0907	0.0913	0.0922	0.0932	0.0922	0.0888	0.0902	0.0905	0.0900	0.0935	0.0920	0.0924	0.0925	0.0905	0.0897	0.0904	0.0909	0.0949	0.0943	0.0933	0.0954	0.0910	0.1008	0.0915	0.1051	0.1049	0.1229	0.1072	0.1064	
0.0921	0.0921	0.0923	0.0921	0.0934	0.0925	0.0938	0.0925	0.0907	0.0925	0.0910	0.0915	0.0930	0.0942	0.0917	0.0930	0.0912	0.0915	0.0909	0.0908	0.0931	0.0937	0.0932	0.0931	0.0910	0.0914	0.0903	0.0897	0.0945	0.0933	0.0935	0.0935	0.0909	0.0905	0.0909	0.0917	0.0922	0.0926	0.0937	0.0924	0.0903	0.0908	0.0908	0.0898	0.0928	0.0929	0.0926	0.0931	0.0906	0.0904	0.0907	0.0916	0.0939	0.0967	0.0941	0.0949	0.0916	0.0972	0.0921	0.1021	0.1055	0.1158	0.1093	0.1033	
0.0920	0.0917	0.0925	0.0925	0.0931	0.0931	0.0945	0.0923	0.0910	0.0934	0.0906	0.0911	0.0927	0.0935	0.0921	0.0926	0.0911	0.0910	0.0907	0.0908	0.0933	0.0927	0.0921	0.0929	0.0910	0.0913	0.0911	0.0907	0.0942	0.0942	0.0933	0.0930	0.0909	0.0907	0.0908	0.0913	0.0909	0.0922	0.0930	0.0920	0.0896	0.0908	0.0910	0.0894	0.0925	0.0937	0.0930	0.0925	0.0904	0.0904	0.0904	0.0917	0.0947	0.0933	0.0945	0.0942	0.0912	0.0965	0.0922	0.1037	0.1065	0.1131	0.1099	0.1043	
0.0933	0.0931	0.0927	0.0931	0.0940	0.0940	0.0954	0.0928	0.0915	0.0923	0.0916	0.0919	0.0934	0.0943	0.0930	0.0939	0.0914	0.0918	0.0911	0.0909	0.0944	0.0945	0.0940	0.0944	0.0909	0.0915	0.0913	0.0902	0.0942	0.0934	0.0943	0.0941	0.0911	0.0913	0.0925	0.0922	0.0905	0.0930	0.0926	0.0937	0.0899	0.0906	0.0907	0.0905	0.0936	0.0929	0.0919	0.0924	0.0904	0.0897	0.0909	0.0911	0.0944	0.0951	0.0929	0.0957	0.0909	0.0969	0.0935	0.1002	0.1069	0.1126	0.1101	0.1063	
0.0936	0.0934	0.0939	0.0942	0.0943	0.0940	0.0944	0.0929	0.0917	0.0964	0.0916	0.0925	0.0942	0.0943	0.0934	0.0935	0.0921	0.0921	0.0915	0.0922	0.0942	0.0936	0.0939	0.0941	0.0917	0.0922	0.0911	0.0910	0.0943	0.0941	0.0937	0.0943	0.0921	0.0911	0.0915	0.0923	0.0921	0.0926	0.0940	0.0934	0.0899	0.0914	0.0909	0.0904	0.0942	0.0943	0.0935	0.0933	0.0913	0.0909	0.0911	0.0916	0.0941	0.0974	0.0938	0.0957	0.0917	0.0984	0.0929	0.0998	0.1100	0.1215	0.1097	0.1071	
0.0932	0.0933	0.0941	0.0939	0.0946	0.0939	0.0942	0.0930	0.0918	0.0966	0.0916	0.0921	0.0944	0.0942	0.0939	0.0944	0.0918	0.0921	0.0913	0.0917	0.0931	0.0946	0.0942	0.0937	0.0911	0.0920	0.0911	0.0910	0.0942	0.0938	0.0930	0.0932	0.0911	0.0907	0.0911	0.0914	0.0909	0.0934	0.0943	0.0935	0.0896	0.0908	0.0912	0.0896	0.0936	0.0934	0.0926	0.0928	0.0900	0.0892	0.0903	0.0912	0.0939	0.0960	0.0938	0.0922	0.0906	0.0964	0.0922	0.1005	0.1056	0.1191	0.1073	0.1044	
0.0947	0.0946	0.0951	0.0952	0.0949	0.0946	0.0935	0.0933	0.0937	0.0984	0.0936	0.0933	0.0960	0.0966	0.0940	0.0943	0.0929	0.0927	0.0927	0.0925	0.0930	0.0950	0.0933	0.0951	0.0922	0.0930	0.0928	0.0915	0.0954	0.0941	0.0952	0.0952	0.0921	0.0917	0.0919	0.0929	0.0923	0.0935	0.0950	0.0936	0.0905	0.0912	0.0918	0.0904	0.0943	0.0939	0.0929	0.0930	0.0910	0.0907	0.0910	0.0925	0.0938	0.0954	0.0934	0.0931	0.0918	0.0993	0.0923	0.0996	0.1111	0.1188	0.1080	0.1088	
0.0949	0.0953	0.0955	0.0957	0.0945	0.0925	0.0947	0.0931	0.0938	0.0988	0.0936	0.0938	0.0948	0.0955	0.0926	0.0944	0.0931	0.0932	0.0935	0.0929	0.0948	0.0948	0.0938	0.0937	0.0924	0.0934	0.0924	0.0928	0.0948	0.0947	0.0939	0.0949	0.0919	0.0916	0.0923	0.0925	0.0905	0.0932	0.0943	0.0931	0.0909	0.0916	0.0921	0.0906	0.0930	0.0930	0.0923	0.0929	0.0912	0.0910	0.0913	0.0923	0.0926	0.0935	0.0914	0.0918	0.0918	0.1012	0.0913	0.1012	0.1052	0.1112	0.1113	0.1048	
0.0966	0.0958	0.0956	0.0960	0.0946	0.0939	0.0973	0.0931	0.0942	0.0949	0.0930	0.0936	0.0957	0.0960	0.0932	0.0945	0.0927	0.0924	0.0923	0.0927	0.0931	0.0939	0.0943	0.0942	0.0921	0.0930	0.0926	0.0911	0.0943	0.0944	0.0931	0.0938	0.0916	0.0915	0.0918	0.0921	0.0916	0.0936	0.0945	0.0927	0.0902	0.0909	0.0915	0.0907	0.0931	0.0918	0.0918	0.0931	0.0902	0.0905	0.0901	0.0918	0.0913	0.0942	0.0929	0.0911	0.0930	0.0975	0.0932	0.1057	0.1063	0.1136	0.1091	0.1023	
0.0966	0.0962	0.0968	0.0973	0.0961	0.0964	0.0997	0.0954	0.0947	0.1010	0.0947	0.0945	0.0966	0.0972	0.0968	0.0961	0.0938	0.0943	0.0938	0.0932	0.0956	0.0958	0.0972	0.0959	0.0927	0.0942	0.0932	0.0929	0.0971	0.0972	0.0944	0.0960	0.0927	0.0924	0.0929	0.0928	0.0946	0.0944	0.0967	0.0954	0.0925	0.0919	0.0916	0.0907	0.0951	0.0936	0.0937	0.0939	0.0911	0.0912	0.0907	0.0920	0.0945	0.0948	0.0943	0.0940	0.0919	0.0973	0.0933	0.1054	0.1061	0.1196	0.1114	0.1056	
0.0976	0.0979	0.0990	0.0982	0.0964	0.0952	0.0958	0.0933	0.0960	0.0961	0.0957	0.0949	0.0966	0.0956	0.0955	0.0951	0.0947	0.0941	0.0936	0.0938	0.0939	0.0960	0.0946	0.0955	0.0934	0.0940	0.0938	0.0929	0.0960	0.0954	0.0947	0.0950	0.0924	0.0927	0.0932	0.0935	0.0923	0.0939	0.0952	0.0938	0.0928	0.0916	0.0923	0.0910	0.0931	0.0937	0.0929	0.0927	0.0914	0.0908	0.0913	0.0927	0.0938	0.0963	0.0931	0.0918	0.0921	0.0991	0.0942	0.1007	0.1101	0.1168	0.1092	0.1061	
0.0988	0.0984	0.0981	0.0987	0.0962	0.0949	0.0959	0.0943	0.0962	0.0970	0.0956	0.0959	0.0974	0.0974	0.0947	0.0961	0.0943	0.0945	0.0947	0.0950	0.0947	0.0960	0.0962	0.0952	0.0939	0.0945	0.0942	0.0938	0.0954	0.0951	0.0947	0.0956	0.0934	0.0923	0.0932	0.0936	0.0930	0.0939	0.0942	0.0945	0.0906	0.0919	0.0926	0.0914	0.0941	0.0936	0.0931	0.0934	0.0911	0.0910	0.0914	0.0919	0.0941	0.0947	0.0933	0.0937	0.0914	0.0992	0.0917	0.0992	0.1097	0.1230	0.1105	0.1060	
0.1014	0.0993	0.1007	0.1007	0.0966	0.0954	0.0961	0.0937	0.0978	0.0992	0.0967	0.0974	0.0969	0.0971	0.0948	0.0961	0.0958	0.0955	0.0954	0.0960	0.0946	0.0962	0.0949	0.0949	0.0948	0.0953	0.0955	0.0938	0.0952	0.0959	0.0941	0.0953	0.0935	0.0931	0.0946	0.0943	0.0916	0.0932	0.0941	0.0941	0.0934	0.0926	0.0935	0.0914	0.0923	0.0932	0.0914	0.0919	0.0926	0.0919	0.0926	0.0935	0.0959	0.0937	0.0928	0.0916	0.0935	0.0989	0.0925	0.1007	0.1051	0.1128	0.1125	0.1041	
0.1010	0.1009	0.1025	0.1021	0.0979	0.0979	0.0957	0.0948	0.0980	0.1018	0.0975	0.0994	0.0982	0.0974	0.0949	0.0972	0.0963	0.0958	0.0963	0.0958	0.0979	0.0966	0.0957	0.0960	0.0948	0.0962	0.0951	0.0943	0.0962	0.0966	0.0961	0.0964	0.0940	0.0934	0.0941	0.0944	0.0938	0.0935	0.0948	0.0935	0.0915	0.0933	0.0931	0.0911	0.0938	0.0933	0.0940	0.0940	0.0918	0.0920	0.0908	0.0922	0.0916	0.0947	0.0932	0.0928	0.0920	0.0968	0.0950	0.0974	0.1053	0.1108	0.1076	0.1055	
0.1032	0.1030	0.1041	0.1035	0.1004	0.1001	0.0964	0.0967	0.0998	0.0999	0.0994	0.0991	0.1016	0.1018	0.0998	0.0993	0.0973	0.0968	0.0966	0.0973	0.0989	0.0996	0.1000	0.0984	0.0963	0.0966	0.0963	0.0944	0.0986	0.0992	0.0983	0.0992	0.0950	0.0942	0.0962	0.0952	0.0941	0.0963	0.0979	0.0964	0.0927	0.0931	0.0931	0.0911	0.0950	0.0954	0.0949	0.0939	0.0918	0.0917	0.0912	0.0926	0.0948	0.0980	0.0944	0.0946	0.0926	0.1014	0.0941	0.1001	0.1095	0.1141	0.1148	0.1083	
0.1058	0.1046	0.1055	0.1049	0.0995	0.0993	0.0979	0.0954	0.1014	0.1018	0.1009	0.1001	0.1000	0.1003	0.0987	0.0994	0.0979	0.0973	0.0978	0.0979	0.0972	0.0988	0.0984	0.0967	0.0958	0.0980	0.0971	0.0956	0.0993	0.0986	0.0971	0.0977	0.0947	0.0942	0.0953	0.0957	0.0931	0.0957	0.0958	0.0951	0.0923	0.0941	0.0941	0.0918	0.0956	0.0948	0.0941	0.0951	0.0923	0.0914	0.0918	0.0924	0.0933	0.0926	0.0945	0.0937	0.0923	0.1029	0.0937	0.1012	0.1071	0.1119	0.1098	0.1120	
0.1065	0.1059	0.1070	0.1072	0.0998	0.0989	0.0979	0.0944	0.1021	0.1030	0.1019	0.1017	0.1001	0.1012	0.0983	0.0989	0.0987	0.0987	0.0986	0.0990	0.0984	0.0999	0.0981	0.0989	0.0977	0.0987	0.0976	0.0965	0.0981	0.0978	0.0976	0.0969	0.0955	0.0949	0.0967	0.0963	0.0927	0.0958	0.0962	0.0954	0.0925	0.0941	0.0941	0.0923	0.0943	0.0934	0.0938	0.0945	0.0928	0.0920	0.0916	0.0927	0.0924	0.0937	0.0924	0.0936	0.0927	0.0990	0.0922	0.1027	0.1055	0.1138	0.1089	0.1060	
0.1090	0.1088	0.1102	0.1095	0.1032	0.1002	0.1000	0.0954	0.1053	0.1046	0.1038	0.1033	0.1021	0.1029	0.1006	0.0991	0.1005	0.0999	0.0995	0.1002	0.0985	0.1003	0.1003	0.0978	0.0983	0.0995	0.0984	0.0972	0.0988	0.0978	0.0972	0.0976	0.0957	0.0954	0.0972	0.0975	0.0948	0.0953	0.0965	0.0950	0.0950	0.0944	0.0945	0.0926	0.0938	0.0951	0.0926	0.0931	0.0922	0.0923	0.0918	0.0934	0.0922	0.0936	0.0936	0.0922	0.0928	0.0992	0.0928	0.0999	0.1065	0.1143	0.1100	0.1014	
0.1109	0.1112	0.1139	0.1120	0.1027	0.1020	0.0987	0.0963	0.1069	0.1073	0.1064	0.1055	0.1044	0.1046	0.1018	0.0992	0.1014	0.1007	0.1012	0.1014	0.1004	0.1018	0.1011	0.1004	0.0994	0.1007	0.1000	0.0986	0.0997	0.1011	0.0998	0.0990	0.0969	0.0963	0.0974	0.0986	0.0945	0.0964	0.0974	0.0975	0.0967	0.0951	0.0951	0.0931	0.0962	0.0948	0.0953	0.0950	0.0929	0.0927	0.0922	0.0934	0.0938	0.0954	0.0942	0.0939	0.0933	0.0980	0.0932	0.1002	0.1052	0.1139	0.1077	0.1050	
0.1147	0.1139	0.1168	0.1152	0.1050	0.0999	0.0995	0.0964	0.1082	0.1131	0.1091	0.1071	0.1043	0.1050	0.1018	0.1012	0.1027	0.1020	0.1025	0.1031	0.1021	0.1015	0.0999	0.0991	0.1006	0.1016	0.1010	0.0989	0.0999	0.1004	0.0991	0.0979	0.0970	0.0970	0.0989	0.0993	0.0941	0.0965	0.0975	0.0966	0.0948	0.0956	0.0949	0.0938	0.0943	0.0939	0.0934	0.0948	0.0932	0.0929	0.0924	0.0931	0.0950	0.0945	0.0922	0.0928	0.0933	0.0962	0.0929	0.1011	0.1026	0.1138	0.1114	0.1050	
0.1167	0.1160	0.1192	0.1178	0.1070	0.1044	0.1009	0.0968	0.1108	0.1149	0.1101	0.1091	0.1066	0.1069	0.1047	0.1027	0.1042	0.1030	0.1037	0.1038	0.1018	0.1023	0.1015	0.1011	0.1010	0.1032	0.1018	0.1006	0.1009	0.1016	0.1002	0.0994	0.0978	0.0980	0.0999	0.0989	0.0953	0.0963	0.0970	0.0969	0.0944	0.0960	0.0958	0.0940	0.0956	0.0949	0.0944	0.0944	0.0934	0.0925	0.0918	0.0932	0.0933	0.0939	0.0926	0.0923	0.0929	0.0992	0.0955	0.0993	0.1049	0.1075	0.1111	0.1014	
0.1207	0.1208	0.1230	0.1217	0.1071	0.1048	0.0997	0.0980	0.1129	0.1140	0.1130	0.1121	0.1073	0.1083	0.1051	0.1056	0.1059	0.1049	0.1064	0.1055	0.1030	0.1042	0.1032	0.1019	0.1039	0.1045	0.1038	0.1022	0.1029	0.1023	0.1002	0.0997	0.0990	0.0982	0.1015	0.1003	0.0981	0.0956	0.0973	0.0976	0.0943	0.0959	0.0965	0.0946	0.0963	0.0942	0.0944	0.0939	0.0932	0.0927	0.0925	0.0937	0.0916	0.0971	0.0939	0.0917	0.0933	0.0982	0.0927	0.0982	0.1060	0.1096	0.1086	0.1032	
0.1256	0.1237	0.1274	0.1261	0.1098	0.1067	0.1009	0.0978	0.1162	0.1176	0.1155	0.1139	0.1098	0.1098	0.1086	0.1049	0.1088	0.1068	0.1083	0.1067	0.1038	0.1060	0.1048	0.1041	0.1042	0.1056	0.1045	0.1032	0.0962	0.0964	0.0947	0.0946	0.0990	0.0988	0.1024	0.1018	0.0909	0.0914	0.0936	0.0932	0.0952	0.0965	0.0963	0.0945	0.0929	0.0945	0.0921	0.0913	0.0934	0.0934	0.0923	0.0935	0.0947	0.0905	0.0933	0.0897	0.0939	0.0992	0.0934	0.1007	0.1069	0.1087	0.1083	0.1022	
0.1293	0.1288	0.1331	0.1323	0.1099	0.1080	0.1009	0.0989	0.1200	0.1199	0.1182	0.1191	0.1124	0.1132	0.1092	0.1079	0.1098	0.1086	0.1100	0.1089	0.1059	0.1072	0.1062	0.1051	0.1064	0.1079	0.1065	0.1044	0.1040	0.1034	0.1030	0.1039	0.1009	0.1002	0.1038	0.1036	0.0967	0.0988	0.1001	0.0987	0.0952	0.0965	0.0973	0.0943	0.0977	0.0947	0.0954	0.0945	0.0937	0.0930	0.0916	0.0937	0.0944	0.0943	0.0930	0.0938	0.0935	0.0984	0.0924	0.1031	0.1106	0.1144	0.1112	0.1075	
0.1355	0.1340	0.1393	0.1379	0.1151	0.1110	0.1033	0.0971	0.1232	0.1255	0.1235	0.1223	0.1148	0.1131	0.1113	0.1089	0.1128	0.1110	0.1128	0.1117	0.1063	0.1074	0.1074	0.1042	0.1085	0.1114	0.1083	0.1070	0.1059	0.1069	0.1040	0.1035	0.1021	0.1020	0.1065	0.1051	0.0976	0.0995	0.0996	0.0985	0.0967	0.0983	0.0990	0.0958	0.0951	0.0943	0.0952	0.0949	0.0950	0.0941	0.0932	0.0949	0.0945	0.0946	0.0935	0.0926	0.0947	0.1023	0.0928	0.0984	0.1028	0.1136	0.1060	0.1028	
0.1436	0.1413	0.1475	0.1427	0.1193	0.1139	0.1044	0.1010	0.1288	0.1307	0.1279	0.1271	0.1172	0.1190	0.1133	0.1120	0.1161	0.1147	0.1164	0.1153	0.1084	0.1107	0.1122	0.1087	0.1110	0.1122	0.1115	0.1091	0.1078	0.1064	0.1060	0.1054	0.1030	0.1032	0.1083	0.1071	0.0984	0.1003	0.1018	0.1012	0.0989	0.0986	0.0993	0.0963	0.0974	0.0960	0.0963	0.0961	0.0950	0.0944	0.0934	0.0944	0.0943	0.0942	0.0942	0.0937	0.0947	0.0990	0.0947	0.1003	0.1106	0.1113	0.1071	0.1019	
0.1482	0.1462	0.1534	0.1512	0.1215	0.1173	0.1060	0.1017	0.1337	0.1329	0.1310	0.1303	0.1193	0.1209	0.1167	0.1137	0.1182	0.1167	0.1185	0.1169	0.1107	0.1127	0.1121	0.1099	0.1126	0.1153	0.1120	0.1111	0.1093	0.1078	0.1068	0.1054	0.1048	0.1035	0.1096	0.1075	0.0990	0.0999	0.1011	0.1000	0.0980	0.0996	0.1003	0.0959	0.0988	0.0969	0.0980	0.0943	0.0952	0.0944	0.0930	0.0945	0.0946	0.0961	0.0937	0.0931	0.0950	0.1006	0.0930	0.0995	0.1072	0.1117	0.1122	0.1062	
0.1561	0.1537	0.1620	0.1586	0.1231	0.1179	0.1068	0.1026	0.1387	0.1414	0.1375	0.1353	0.1228	0.1231	0.1199	0.1151	0.1209	0.1198	0.1211	0.1207	0.1143	0.1147	0.1143	0.1113	0.1153	0.1179	0.1149	0.1127	0.1098	0.1097	0.1047	0.1058	0.1066	0.1042	0.1115	0.1097	0.1015	0.1015	0.1033	0.1019	0.0992	0.0996	0.1006	0.0970	0.0981	0.0966	0.0947	0.0951	0.0953	0.0948	0.0937	0.0945	0.0934	0.0939	0.0940	0.0933	0.0949	0.1006	0.0932	0.0987	0.1068	0.1136	0.1105	0.1028	
0.1666	0.1636	0.1724	0.1688	0.1305	0.1247	0.1094	0.1039	0.1463	0.1495	0.1449	0.1419	0.1287	0.1293	0.1221	0.1187	0.1254	0.1234	0.1257	0.1242	0.1157	0.1170	0.1162	0.1142	0.1196	0.1203	0.1181	0.1158	0.1123	0.1113	0.1111	0.1078	0.1074	0.1067	0.1145	0.1121	0.1005	0.1031	0.1041	0.1025	0.1006	0.1008	0.1013	0.0987	0.0998	0.0971	0.0968	0.0961	0.0958	0.0953	0.0940	0.0949	0.0929	0.0942	0.0952	0.0934	0.0948	0.0998	0.0937	0.1030	0.1065	0.1190	0.1072	0.1030	
0.1760	0.1720	0.1830	0.1790	0.1347	0.1263	0.1113	0.1034	0.1519	0.1557	0.1511	0.1489	0.1320	0.1332	0.1266	0.1215	0.1291	0.1287	0.1307	0.1291	0.1172	0.1194	0.1191	0.1157	0.1230	0.1244	0.1213	0.1192	0.1150	0.1148	0.1134	0.1094	0.1098	0.1096	0.1177	0.1148	0.1007	0.1041	0.1033	0.1044	0.1004	0.1026	0.1025	0.0992	0.1011	0.0966	0.0990	0.0975	0.0969	0.0961	0.0941	0.0953	0.0942	0.0946	0.0940	0.0939	0.0959	0.1056	0.0945	0.1021	0.1062	0.1122	0.1076	0.1029	
0.1856	0.1832	0.1947	0.1884	0.1402	0.1311	0.1146	0.1069	0.1593	0.1606	0.1592	0.1572	0.1382	0.1383	0.1326	0.1261	0.1333	0.1320	0.1354	0.1332	0.1227	0.1255	0.1248	0.1217	0.1261	0.1294	0.1233	0.1223	0.1177	0.1188	0.1149	0.1120	0.1125	0.1107	0.1206	0.1185	0.1054	0.1055	0.1083	0.1063	0.1009	0.1018	0.1038	0.1000	0.1024	0.0994	0.0985	0.0983	0.0974	0.0962	0.0936	0.0954	0.0969	0.0976	0.0961	0.0940	0.0946	0.1004	0.0948	0.1036	0.1090	0.1101	0.1083	0.1043	
0.1990	0.1996	0.2104	0.2022	0.1444	0.1343	0.1147	0.1054	0.1696	0.1714	0.1692	0.1669	0.1412	0.1436	0.1360	0.1285	0.1402	0.1381	0.1425	0.1395	0.1241	0.1275	0.1262	0.1219	0.1311	0.1347	0.1284	0.1257	0.1205	0.1202	0.1165	0.1125	0.1147	0.1125	0.1248	0.1203	0.1057	0.1058	0.1080	0.1070	0.1017	0.1034	0.1048	0.1017	0.0960	0.0932	0.0954	0.0948	0.0975	0.0965	0.0943	0.0959	0.0893	0.0901	0.0892	0.0879	0.0965	0.0995	0.0951	0.1082	0.1004	0.1064	0.1006	0.0997	
0.2116	0.2118	0.2256	0.2179	0.1534	0.1409	0.1169	0.1064	0.1783	0.1781	0.1774	0.1737	0.1490	0.1526	0.1440	0.1378	0.1449	0.1433	0.1478	0.1430	0.1334	0.1334	0.1314	0.1271	0.1355	0.1363	0.1318	0.1280	0.1271	0.1219	0.1216	0.1187	0.1164	0.1143	0.1289	0.1224	0.1098	0.1109	0.1117	0.1117	0.1050	0.1042	0.1044	0.1019	0.1033	0.1022	0.1007	0.0975	0.0978	0.0966	0.0946	0.0955	0.0976	0.0964	0.0956	0.0952	0.0961	0.0979	0.0954	0.1000	0.1057	0.1115	0.1152	0.1054	
0.2298	0.2265	0.2410	0.2341	0.1604	0.1461	0.1206	0.1085	0.1892	0.1909	0.1889	0.1845	0.1557	0.1576	0.1484	0.1370	0.1521	0.1489	0.1545	0.1501	0.1351	0.1365	0.1343	0.1269	0.1402	0.1420	0.1371	0.1336	0.1244	0.1255	0.1214	0.1170	0.1188	0.1186	0.1326	0.1274	0.1073	0.1082	0.1099	0.1097	0.1038	0.1057	0.1061	0.1033	0.1029	0.0988	0.0995	0.0990	0.0992	0.0977	0.0949	0.0961	0.0958	0.0962	0.0944	0.0930	0.0969	0.1014	0.0952	0.0984	0.1056	0.1111	0.1085	0.1041	
0.2435	0.2424	0.2581	0.2511	0.1684	0.1529	0.1228	0.1090	0.2000	0.2043	0.2004	0.1965	0.1624	0.1639	0.1540	0.1429	0.1574	0.1565	0.1622	0.1568	0.1374	0.1392	0.1398	0.1342	0.1464	0.1495	0.1428	0.1377	0.1278	0.1273	0.1248	0.1198	0.1220	0.1201	0.1370	0.1299	0.1095	0.1102	0.1109	0.1128	0.1028	0.1069	0.1080	0.1042	0.1030	0.0995	0.1008	0.0987	0.0997	0.0973	0.0943	0.0954	0.0986	0.0941	0.0947	0.0941	0.0965	0.0987	0.0946	0.0992	0.1045	0.1109	0.1069	0.1030	
0.2636	0.2621	0.2778	0.2737	0.1797	0.1615	0.1244	0.1125	0.2128	0.2150	0.2117	0.2132	0.1737	0.1719	0.1630	0.1490	0.1662	0.1648	0.1688	0.1654	0.1463	0.1501	0.1449	0.1396	0.1518	0.1559	0.1477	0.1444	0.1350	0.1322	0.1299	0.1234	0.1256	0.1244	0.1427	0.1351	0.1144	0.1131	0.1146	0.1143	0.1045	0.1087	0.1097	0.1059	0.1063	0.1023	0.1017	0.1006	0.1012	0.0995	0.0948	0.0971	0.0951	0.0967	0.0945	0.0953	0.0972	0.1002	0.0960	0.1011	0.1061	0.1151	0.1083	0.1122	
0.2808	0.2841	0.3003	0.2918	0.1905	0.1681	0.1271	0.1111	0.2233	0.2275	0.2266	0.2234	0.1799	0.1817	0.1700	0.1552	0.1744	0.1718	0.1789	0.1737	0.1489	0.1511	0.1496	0.1424	0.1563	0.1613	0.1532	0.1498	0.1376	0.1347	0.1316	0.1227	0.1284	0.1272	0.1453	0.1375	0.1136	0.1121	0.1150	0.1153	0.1050	0.1096	0.1122	0.1072	0.1045	0.0986	0.0995	0.0987	0.1024	0.0999	0.0957	0.0967	0.0946	0.0953	0.0933	0.0935	0.0976	0.1035	0.0957	0.0993	0.1062	0.1100	0.1072	0.1026	
0.3050	0.3078	0.3238	0.3212	0.2025	0.1807	0.1340	0.1175	0.2424	0.2489	0.2445	0.2401	0.1930	0.1922	0.1789	0.1637	0.1858	0.1796	0.1900	0.1828	0.1603	0.1631	0.1580	0.1509	0.1659	0.1697	0.1609	0.1570	0.1404	0.1413	0.1351	0.1284	0.1337	0.1315	0.1543	0.1452	0.1152	0.1168	0.1175	0.1171	0.1064	0.1117	0.1135	0.1097	0.1084	0.1017	0.1032	0.1017	0.1011	0.0999	0.0958	0.0974	0.0967	0.0954	0.0964	0.0959	0.0988	0.0996	0.0953	0.1022	0.1049	0.1150	0.1085	0.1031	
0.3316	0.3316	0.3523	0.3456	0.2101	0.1890	0.1357	0.1169	0.2628	0.2674	0.2628	0.2593	0.2047	0.2041	0.1897	0.1710	0.1971	0.1942	0.2033	0.1963	0.1657	0.1639	0.1646	0.1540	0.1736	0.1782	0.1698	0.1653	0.1452	0.1426	0.1382	0.1331	0.1366	0.1360	0.1601	0.1490	0.1182	0.1179	0.1194	0.1204	0.1078	0.1143	0.1139	0.1121	0.1075	0.1019	0.1024	0.1001	0.1036	0.1014	0.0960	0.0977	0.0972	0.0966	0.0957	0.0949	0.0994	0.1007	0.0953	0.1033	0.1080	0.1106	0.1076	0.1045	
0.3576	0.3598	0.3785	0.3708	0.2280	0.2003	0.1403	0.1182	0.2803	0.2851	0.2782	0.2785	0.2150	0.2138	0.1990	0.1784	0.2090	0.2036	0.2152	0.2082	0.1740	0.1733	0.1692	0.1670	0.1839	0.1885	0.1776	0.1732	0.1520	0.1484	0.1450	0.1357	0.1437	0.1410	0.1699	0.1570	0.1199	0.1188	0.1213	0.1234	0.1119	0.1171	0.1181	0.1139	0.1078	0.1014	0.1006	0.0997	0.1046	0.1029	0.0967	0.0984	0.0937	0.0959	0.0951	0.0932	0.0999	0.1019	0.0957	0.1006	0.1050	0.1122	0.1076	0.1030	
0.3871	0.3925	0.4115	0.4042	0.2446	0.2119	0.1456	0.1206	0.3022	0.3058	0.3043	0.2999	0.2309	0.2300	0.2123	0.1892	0.2220	0.2178	0.2304	0.2232	0.1785	0.1805	0.1803	0.1678	0.1941	0.2007	0.1888	0.1842	0.1582	0.1564	0.1496	0.1414	0.1495	0.1463	0.1777	0.1639	0.1230	0.1218	0.1245	0.1261	0.1130	0.1182	0.1200	0.1152	0.1118	0.1044	0.1054	0.1016	0.1054	0.1038	0.0969	0.0991	0.0959	0.0966	0.0964	0.0952	0.1009	0.1031	0.0965	0.1031	0.1072	0.1127	0.1086	0.1048	
0.4166	0.4180	0.4431	0.4378	0.2618	0.2221	0.1496	0.1236	0.3251	0.3336	0.3294	0.3266	0.2458	0.2461	0.2267	0.1991	0.2364	0.2311	0.2472	0.2351	0.1869	0.1908	0.1891	0.1772	0.2035	0.2139	0.1990	0.1919	0.1648	0.1601	0.1567	0.1435	0.1554	0.1523	0.1897	0.1739	0.1255	0.1254	0.1274	0.1284	0.1133	0.1214	0.1239	0.1172	0.1122	0.1049	0.1042	0.1025	0.1062	0.1039	0.0980	0.0992	0.0962	0.0957	0.0959	0.0947	0.1012	0.1024	0.0982	0.1023	0.1071	0.1133	0.1066	0.1028	
0.4452	0.4518	0.4686	0.4655	0.2821	0.2425	0.1559	0.1258	0.3513	0.3612	0.3487	0.3494	0.2626	0.2636	0.2399	0.2117	0.2525	0.2466	0.2596	0.2505	0.2024	0.2043	0.2003	0.1860	0.2177	0.2231	0.2094	0.2038	0.1720	0.1695	0.1630	0.1506	0.1606	0.1590	0.1979	0.1808	0.1294	0.1277	0.1306	0.1334	0.1146	0.1231	0.1252	0.1190	0.1135	0.1083	0.1069	0.1042	0.1071	0.1050	0.0975	0.0989	0.0979	0.0978	0.0940	0.0948	0.1017	0.1005	0.0958	0.1043	0.1092	0.1092	0.1114	0.1086	
0.4786	0.4814	0.5020	0.4999	0.3056	0.2593	0.1644	0.1317	0.3773	0.3869	0.3778	0.3783	0.2833	0.2788	0.2587	0.2281	0.2724	0.2625	0.2820	0.2698	0.2163	0.2161	0.2140	0.1961	0.2298	0.2384	0.2221	0.2161	0.1790	0.1778	0.1716	0.1589	0.1666	0.1641	0.2103	0.1899	0.1343	0.1325	0.1351	0.1365	0.1177	0.1267	0.1278	0.1224	0.1156	0.1071	0.1102	0.1067	0.1080	0.1052	0.0976	0.0994	0.0989	0.0991	0.0967	0.0974	0.1025	0.1039	0.0964	0.0987	0.1060	0.1114	0.1108	0.1047	
0.5101	0.5166	0.5329	0.5250	0.3216	0.2762	0.1741	0.1315	0.4119	0.4208	0.4079	0.4107	0.3015	0.3015	0.2785	0.2387	0.2914	0.2838	0.2994	0.2897	0.2309	0.2289	0.2224	0.2078	0.2474	0.2543	0.2372	0.2300	0.1890	0.1853	0.1765	0.1642	0.1751	0.1738	0.2235	0.1990	0.1403	0.1356	0.1372	0.1406	0.1210	0.1293	0.1316	0.1250	0.1161	0.1081	0.1108	0.1062	0.1092	0.1062	0.0987	0.1008	0.0969	0.0967	0.0953	0.0958	0.1040	0.1014	0.0970	0.1025	0.1072	0.1144	0.1085	0.1036	
0.5352	0.5443	0.5585	0.5547	0.3481	0.2997	0.1794	0.1356	0.4411	0.4483	0.4332	0.4321	0.3219	0.3222	0.2985	0.2579	0.3155	0.3040	0.3270	0.3153	0.2438	0.2416	0.2432	0.2225	0.2619	0.2720	0.2533	0.2478	0.1999	0.1967	0.1854	0.1707	0.1865	0.1838	0.2358	0.2110	0.1410	0.1403	0.1436	0.1461	0.1228	0.1332	0.1353	0.1294	0.1196	0.1103	0.1114	0.1070	0.1111	0.1076	0.0994	0.1016	0.0942	0.0987	0.0957	0.0970	0.1041	0.1026	0.0975	0.1015	0.1008	0.1088	0.1027	0.1022	
0.5638	0.5646	0.5853	0.5814	0.3700	0.3218	0.1892	0.1398	0.4659	0.4712	0.4637	0.4594	0.3491	0.3466	0.3146	0.2755	0.3352	0.3258	0.3505	0.3354	0.2611	0.2604	0.2557	0.2338	0.2791	0.2864	0.2725	0.2606	0.2137	0.2083	0.1983	0.1819	0.1928	0.1906	0.2535	0.2245	0.1456	0.1485	0.1491	0.1528	0.1254	0.1380	0.1382	0.1336	0.1261	0.1154	0.1186	0.1126	0.1129	0.1080	0.0999	0.1016	0.0996	0.1035	0.1035	0.1007	0.1046	0.1017	0.0981	0.1032	0.1091	0.1246	0.1152	0.1119	
0.5933	0.6037	0.6149	0.6127	0.3980	0.3438	0.1982	0.1456	0.5054	0.5070	0.4932	0.4956	0.3716	0.3683	0.3392	0.2928	0.3616	0.3506	0.3726	0.3549	0.2726	0.2735	0.2712	0.2489	0.2983	0.3075	0.2869	0.2811	0.2211	0.2143	0.2047	0.1865	0.2059	0.2017	0.2671	0.2365	0.1500	0.1496	0.1527	0.1566	0.1275	0.1419	0.1436	0.1369	0.1234	0.1124	0.1127	0.1094	0.1154	0.1110	0.1008	0.1024	0.0966	0.0973	0.0964	0.0968	0.1129	0.1027	0.0989	0.1070	0.1074	0.1147	0.1087	0.1068	
0.6194	0.6271	0.6384	0.6383	0.4224	0.3672	0.2087	0.1479	0.5403	0.5377	0.5275	0.5248	0.3963	0.3975	0.3647	0.3110	0.3865	0.3717	0.3969	0.3809	0.2907	0.2930	0.2870	0.2623	0.3166	0.3268	0.3043	0.2996	0.2290	0.2265	0.2152	0.1973	0.2153	0.2138	0.2858	0.2494	0.1562	0.1523	0.1542	0.1614	0.1320	0.1464	0.1496	0.1408	0.1259	0.1128	0.1156	0.1061	0.1151	0.1114	0.0995	0.1024	0.0941	0.0982	0.0962	0.0955	0.1082	0.1032	0.0982	0.1037	0.1102	0.1140	0.1086	0.1051	
0.6405	0.6486	0.6581	0.6615	0.4496	0.3931	0.2180	0.1544	0.5715	0.5645	0.5573	0.5490	0.4194	0.4232	0.3901	0.3337	0.4137	0.3995	0.4235	0.4072	0.3158	0.3147	0.3053	0.2806	0.3394	0.3515	0.3241	0.3153	0.2472	0.2404	0.2255	0.2074	0.2261	0.2259	0.3047	0.2665	0.1622	0.1588	0.1607	0.1679	0.1353	0.1516	0.1529	0.1472	0.1288	0.1139	0.1173	0.1099	0.1179	0.1123	0.1016	0.1036	0.0981	0.0968	0.0956	0.0944	0.1081	0.1017	0.1004	0.1004	0.1043	0.1105	0.1064	0.1014	
0.6633	0.6718	0.6803	0.6829	0.4806	0.4213	0.2324	0.1612	0.6035	0.5980	0.5887	0.5836	0.4570	0.4538	0.4202	0.3577	0.4401	0.4250	0.4521	0.4386	0.3374	0.3349	0.3315	0.3003	0.3618	0.3737	0.3485	0.3409	0.2643	0.2583	0.2429	0.2218	0.2404	0.2371	0.3237	0.2835	0.1737	0.1675	0.1739	0.1805	0.1421	0.1579	0.1602	0.1535	0.1354	0.1204	0.1214	0.1151	0.1186	0.1145	0.1016	0.1039	0.1012	0.1003	0.0988	0.0996	0.1077	0.1052	0.0983	0.1048	0.1118	0.1154	0.1093	0.1067	
0.6878	0.6994	0.7086	0.7100	0.5014	0.4455	0.2474	0.1643	0.6352	0.6250	0.6113	0.6160	0.4731	0.4756	0.4428	0.3809	0.4714	0.4529	0.4843	0.4695	0.3529	0.3523	0.3511	0.3144	0.3878	0.4011	0.3753	0.3647	0.2724	0.2693	0.2547	0.2304	0.2595	0.2537	0.3484	0.3064	0.1798	0.1717	0.1750	0.1820	0.1452	0.1637	0.1658	0.1597	0.1351	0.1185	0.1203	0.1129	0.1216	0.1170	0.1024	0.1050	0.0965	0.0974	0.0973	0.0952	0.1113	0.1043	0.0990	0.1030	0.1080	0.1132	0.1050	0.1027	
0.7129	0.7211	0.7316	0.7352	0.5276	0.4703	0.2634	0.1692	0.6678	0.6581	0.6398	0.6478	0.5013	0.5054	0.4724	0.4042	0.5011	0.4875	0.5168	0.5001	0.3797	0.3738	0.3739	0.3369	0.4133	0.4301	0.4039	0.3902	0.2957	0.2875	0.2701	0.2469	0.2726	0.2682	0.3705	0.3232	0.1840	0.1798	0.1837	0.1910	0.1498	0.1707	0.1735	0.1652	0.1385	0.1195	0.1237	0.1156	0.1240	0.1187	0.1044	0.1068	0.0992	0.0978	0.0970	0.0963	0.1146	0.1053	0.1014	0.1036	0.1119	0.1082	0.1083	0.1056	
0.7294	0.7377	0.7440	0.7513	0.5508	0.4984	0.2805	0.1777	0.6899	0.6801	0.6721	0.6720	0.5288	0.5324	0.5009	0.4340	0.5281	0.5138	0.5430	0.5269	0.4081	0.3979	0.4009	0.3599	0.4377	0.4559	0.4302	0.4192	0.3114	0.3010	0.2876	0.2609	0.2876	0.2871	0.3937	0.3418	0.1900	0.1880	0.1937	0.2029	0.1545	0.1768	0.1806	0.1716	0.1451	0.1243	0.1274	0.1197	0.1275	0.1214	0.1054	0.1081	0.1014	0.1004	0.0993	0.0980	0.1171	0.1062	0.1009	0.1047	0.1113	0.1128	0.1093	0.1079	
0.7427	0.7509	0.7651	0.7711	0.5789	0.5254	0.2940	0.1848	0.7121	0.6983	0.6914	0.6903	0.5497	0.5593	0.5241	0.4576	0.5564	0.5452	0.5697	0.5600	0.4355	0.4239	0.4193	0.3792	0.4661	0.4820	0.4555	0.4426	0.3326	0.3214	0.3033	0.2749	0.3107	0.3063	0.4193	0.3667	0.1998	0.1962	0.2015	0.2100	0.1594	0.1845	0.1883	0.1791	0.1481	0.1264	0.1268	0.1192	0.1301	0.1227	0.1060	0.1083	0.0989	0.0982	0.0980	0.0951	0.1166	0.1099	0.1012	0.1071	0.1085	0.1143	0.1057	0.1026	
0.7550	0.7635	0.7736	0.7824	0.5980	0.5521	0.3126	0.1928	0.7200	0.7084	0.7042	0.7032	0.5757	0.5884	0.5522	0.4807	0.5835	0.5664	0.5999	0.5803	0.4563	0.4454	0.4460	0.4007	0.4936	0.5105	0.4845	0.4734	0.3510	0.3408	0.3171	0.2911	0.3310	0.3285	0.4490	0.3918	0.2157	0.2078	0.2098	0.2195	0.1656	0.1949	0.1990	0.1905	0.1522	0.1268	0.1321	0.1205	0.1327	0.1252	0.1070	0.1104	0.0981	0.0969	0.0959	0.0964	0.1192	0.1071	0.1016	0.1082	0.1063	0.1096	0.1119	0.1053	
0.7537	0.7623	0.7744	0.7816	0.6247	0.5763	0.3342	0.2005	0.7226	0.7149	0.7114	0.7129	0.5998	0.6073	0.5770	0.5109	0.5987	0.5853	0.6186	0.6071	0.4905	0.4722	0.4691	0.4264	0.5253	0.5300	0.5107	0.4993	0.3713	0.3606	0.3413	0.3120	0.3487	0.3438	0.4676	0.4117	0.2192	0.2138	0.2222	0.2308	0.1717	0.2017	0.2064	0.1949	0.1554	0.1313	0.1349	0.1237	0.1349	0.1270	0.1086	0.1112	0.1002	0.0981	0.0974	0.0954	0.1164	0.1048	0.1022	0.1052	0.1088	0.1191	0.1074	0.1052	
0.7628	0.7671	0.7864	0.7927	0.6516	0.6052	0.3554	0.2117	0.7310	0.7246	0.7241	0.7189	0.6231	0.6350	0.6049	0.5351	0.6224	0.6065	0.6412	0.6298	0.5117	0.5015	0.5001	0.4564	0.5497	0.5601	0.5349	0.5282	0.3938	0.3840	0.3606	0.3298	0.3748	0.3715	0.5000	0.4443	0.2367	0.2208	0.2278	0.2430	0.1811	0.2118	0.2192	0.2067	0.1611	0.1329	0.1353	0.1264	0.1394	0.1306	0.1100	0.1122	0.0988	0.0980	0.0968	0.0971	0.1233	0.1062	0.1025	0.1041	0.1067	0.1117	0.1073	0.1040	
0.7720	0.7727	0.7826	0.7958	0.6684	0.6260	0.3822	0.2210	0.7325	0.7328	0.7308	0.7211	0.6407	0.6571	0.6303	0.5626	0.6365	0.6258	0.6446	0.6320	0.5380	0.5207	0.5247	0.4802	0.5723	0.5821	0.5626	0.5549	0.4164	0.4067	0.3821	0.3495	0.3947	0.3880	0.5206	0.4663	0.2466	0.2360	0.2453	0.2614	0.1867	0.2217	0.2287	0.2170	0.1682	0.1359	0.1400	0.1290	0.1416	0.1323	0.1114	0.1145	0.1009	0.0985	0.0986	0.0984	0.1227	0.1068	0.1075	0.1034	0.1120	0.1168	0.1075	0.1080	
0.7692	0.7756	0.7827	0.7971	0.6830	0.6501	0.4074	0.2317	0.7356	0.7328	0.7284	0.7276	0.6600	0.6665	0.6482	0.5877	0.6441	0.6386	0.6518	0.6438	0.5591	0.5432	0.5498	0.5047	0.5920	0.6036	0.5826	0.5765	0.4404	0.4280	0.4047	0.3658	0.4191	0.4134	0.5384	0.4873	0.2640	0.2434	0.2557	0.2731	0.1977	0.2348	0.2397	0.2296	0.1725	0.1406	0.1448	0.1304	0.1462	0.1357	0.1134	0.1192	0.1006	0.0985	0.0971	0.0969	0.1243	0.1078	0.1063	0.1081	0.1073	0.1134	0.1086	0.1051	
0.7709	0.7760	0.7849	0.7978	0.6877	0.6713	0.4270	0.2451	0.7348	0.7339	0.7356	0.7258	0.6663	0.6746	0.6592	0.6096	0.6445	0.6387	0.6582	0.6493	0.5883	0.5697	0.5699	0.5294	0.6029	0.6141	0.6007	0.5963	0.4658	0.4536	0.4260	0.3935	0.4339	0.4332	0.5506	0.5093	0.2760	0.2603	0.2716	0.2879	0.2035	0.2435	0.2520	0.2404	0.1791	0.1428	0.1502	0.1354	0.1507	0.1391	0.1147	0.1173	0.0998	0.0993	0.0996	0.0977	0.1252	0.1085	0.1051	0.1068	0.1109	0.1145	0.1121	0.1038	
0.7752	0.7821	0.7867	0.8031	0.7004	0.6864	0.4521	0.2569	0.7435	0.7412	0.7431	0.7320	0.6797	0.6834	0.6671	0.6327	0.6556	0.6492	0.6687	0.6629	0.6081	0.5901	0.5893	0.5534	0.6054	0.6241	0.6086	0.6074	0.4906	0.4790	0.4506	0.4137	0.4646	0.4603	0.5599	0.5302	0.2900	0.2721	0.2847	0.3021	0.2136	0.2560	0.2665	0.2567	0.1855	0.1505	0.1522	0.1384	0.1543	0.1416	0.1160	0.1209	0.0998	0.0967	0.0981	0.0960	0.1281	0.1102	0.1054	0.1055	0.1085	0.1173	0.1094	0.1033	
0.7768	0.7853	0.7990	0.8093	0.7075	0.7061	0.4855	0.2796	0.7473	0.7460	0.7467	0.7459	0.6846	0.6873	0.6744	0.6485	0.6588	0.6535	0.6717	0.6702	0.6149	0.5947	0.6059	0.5772	0.6166	0.6307	0.6133	0.6115	0.5122	0.5004	0.4713	0.4407	0.4848	0.4849	0.5686	0.5488	0.3086	0.2892	0.3003	0.3186	0.2260	0.2692	0.2818	0.2672	0.1945	0.1529	0.1586	0.1417	0.1596	0.1477	0.1172	0.1225	0.1026	0.1001	0.0995	0.0977	0.1341	0.1133	0.1072	0.1058	0.1108	0.1136	0.1094	0.1025	
0.7712	0.7841	0.7952	0.8029	0.7029	0.7112	0.5037	0.2882	0.7468	0.7474	0.7440	0.7379	0.6920	0.6889	0.6775	0.6544	0.6621	0.6565	0.6778	0.6719	0.6131	0.6047	0.6030	0.5875	0.6286	0.6379	0.6212	0.6140	0.5302	0.5190	0.4899	0.4552	0.5032	0.4990	0.5699	0.5452	0.3230	0.3029	0.3153	0.3382	0.2327	0.2842	0.2942	0.2811	0.1997	0.1543	0.1621	0.1424	0.1607	0.1492	0.1190	0.1229	0.1021	0.0978	0.0987	0.0980	0.1330	0.1101	0.1090	0.1051	0.1069	0.1158	0.1054	0.1032	
0.7745	0.7837	0.7956	0.8052	0.7121	0.7133	0.5353	0.3063	0.7494	0.7492	0.7447	0.7389	0.6947	0.6965	0.6839	0.6662	0.6606	0.6577	0.6769	0.6757	0.6262	0.6045	0.6117	0.5994	0.6333	0.6407	0.6198	0.6234	0.5530	0.5397	0.5175	0.4824	0.5198	0.5059	0.5704	0.5532	0.3398	0.3186	0.3364	0.3532	0.2435	0.3007	0.3100	0.2979	0.2099	0.1621	0.1693	0.1492	0.1688	0.1543	0.1213	0.1250	0.1021	0.0988	0.1004	0.1001	0.1343	0.1098	0.1081	0.1062	0.1084	0.1109	0.1097	0.1088	
0.7851	0.7908	0.8032	0.8144	0.7181	0.7178	0.5600	0.3235	0.7536	0.7493	0.7526	0.7431	0.6967	0.6951	0.6844	0.6670	0.6624	0.6621	0.6841	0.6807	0.6286	0.6131	0.6185	0.5984	0.6419	0.6484	0.6256	0.6275	0.5617	0.5507	0.5346	0.5083	0.5324	0.5150	0.5828	0.5614	0.3608	0.3428	0.3512	0.3757	0.2580	0.3154	0.3259	0.3151	0.2158	0.1624	0.1745	0.1509	0.1733	0.1604	0.1231	0.1278	0.1011	0.0976	0.0987	0.0962	0.1385	0.1122	0.1114	0.1084	0.1134	0.1154	0.1132	0.1048	
0.7806	0.7943	0.8038	0.8089	0.7183	0.7197	0.5817	0.3435	0.7511	0.7516	0.7496	0.7369	0.7002	0.6999	0.6969	0.6741	0.6656	0.6610	0.6824	0.6784	0.6341	0.6187	0.6246	0.6046	0.6399	0.6491	0.6221	0.6251	0.5741	0.5628	0.5513	0.5330	0.5355	0.5196	0.5915	0.5645	0.3819	0.3577	0.3710	0.3953	0.2694	0.3336	0.3474	0.3292	0.2303	0.1702	0.1841	0.1600	0.1820	0.1658	0.1265	0.1295	0.1056	0.1018	0.1015	0.1020	0.1424	0.1121	0.1113	0.1069	0.1094	0.1133	0.1094	0.1077	
0.7916	0.7966	0.8113	0.8230	0.7230	0.7195	0.6053	0.3588	0.7596	0.7567	0.7613	0.7535	0.7026	0.7019	0.6943	0.6763	0.6736	0.6698	0.6902	0.6887	0.6354	0.6170	0.6227	0.6057	0.6454	0.6542	0.6268	0.6292	0.5784	0.5647	0.5587	0.5470	0.5389	0.5232	0.5995	0.5871	0.3946	0.3729	0.3901	0.4102	0.2860	0.3507	0.3617	0.3486	0.2360	0.1733	0.1885	0.1611	0.1864	0.1713	0.1286	0.1338	0.0997	0.0969	0.1016	0.0954	0.1487	0.1144	0.1130	0.1051	0.1132	0.1134	0.1060	0.1024	
0.7940	0.8028	0.8178	0.8273	0.7170	0.7266	0.6284	0.3826	0.7639	0.7634	0.7653	0.7592	0.7094	0.7058	0.6957	0.6831	0.6761	0.6717	0.6907	0.6938	0.6420	0.6257	0.6303	0.6123	0.6461	0.6557	0.6322	0.6381	0.5851	0.5782	0.5707	0.5645	0.5496	0.5365	0.6017	0.6002	0.4178	0.3929	0.4110	0.4317	0.3010	0.3643	0.3842	0.3690	0.2509	0.1843	0.1958	0.1695	0.1963	0.1763	0.1335	0.1370	0.1022	0.0982	0.0963	0.0955	0.1515	0.1142	0.1139	0.1078	0.1078	0.1080	0.1058	0.0976	
0.7973	0.8054	0.8184	0.8285	0.7163	0.7232	0.6442	0.3970	0.7672	0.7633	0.7656	0.7605	0.7036	0.7033	0.6922	0.6830	0.6778	0.6756	0.6926	0.6953	0.6331	0.6259	0.6316	0.6200	0.6473	0.6567	0.6344	0.6378	0.5886	0.5793	0.5733	0.5692	0.5624	0.5480	0.6063	0.6018	0.4324	0.4081	0.4273	0.4485	0.3187	0.3877	0.4041	0.3872	0.2612	0.1950	0.2030	0.1752	0.2039	0.1811	0.1346	0.1396	0.1063	0.1058	0.1057	0.1006	0.1547	0.1147	0.1151	0.1094	0.1140	0.1168	0.1102	0.1084	
0.7936	0.8041	0.8156	0.8223	0.7211	0.7290	0.6640	0.4146	0.7617	0.7640	0.7628	0.7547	0.7073	0.7059	0.6996	0.6918	0.6803	0.6775	0.6958	0.6935	0.6336	0.6211	0.6278	0.6154	0.6499	0.6609	0.6357	0.6390	0.5927	0.5793	0.5822	0.5719	0.5604	0.5511	0.5998	0.6006	0.4441	0.4272	0.4493	0.4631	0.3273	0.4039	0.4173	0.4079	0.2733	0.2006	0.2132	0.1807	0.2104	0.1898	0.1399	0.1424	0.1061	0.1053	0.1042	0.1000	0.1580	0.1154	0.1158	0.1071	0.1187	0.1179	0.1117	0.1014	
0.7987	0.8077	0.8193	0.8256	0.7253	0.7288	0.6838	0.4404	0.7683	0.7679	0.7680	0.7564	0.7125	0.7108	0.7035	0.6932	0.6786	0.6769	0.6980	0.6950	0.6391	0.6262	0.6324	0.6211	0.6520	0.6649	0.6366	0.6399	0.5985	0.5856	0.5868	0.5752	0.5700	0.5598	0.6053	0.6052	0.4664	0.4457	0.4590	0.4766	0.3451	0.4236	0.4334	0.4298	0.2828	0.2050	0.2215	0.1885	0.2194	0.1942	0.1425	0.1453	0.1056	0.1031	0.1029	0.1017	0.1593	0.1167	0.1170	0.1084	0.1136	0.1137	0.1108	0.1011	
0.8093	0.8162	0.8261	0.8377	0.7231	0.7294	0.6897	0.4614	0.7735	0.7708	0.7726	0.7707	0.7134	0.7128	0.7059	0.6949	0.6814	0.6802	0.6959	0.6988	0.6453	0.6340	0.6338	0.6242	0.6541	0.6640	0.6353	0.6420	0.6050	0.5879	0.5868	0.5808	0.5694	0.5612	0.6046	0.6080	0.4832	0.4645	0.4829	0.4985	0.3626	0.4372	0.4497	0.4435	0.3036	0.2159	0.2362	0.1971	0.2298	0.2042	0.1462	0.1518	0.1097	0.1038	0.1004	0.1022	0.1676	0.1183	0.1206	0.1117	0.1157	0.1212	0.1117	0.1057	
0.8072	0.8142	0.8231	0.8311	0.7324	0.7343	0.6997	0.4902	0.7729	0.7748	0.7752	0.7631	0.7160	0.7158	0.7066	0.6947	0.6804	0.6832	0.7024	0.6996	0.6404	0.6315	0.6362	0.6254	0.6580	0.6659	0.6423	0.6448	0.6039	0.5928	0.5924	0.5859	0.5724	0.5589	0.6017	0.6050	0.4942	0.4753	0.4888	0.5109	0.3788	0.4486	0.4551	0.4608	0.3185	0.2257	0.2450	0.2044	0.2374	0.2111	0.1488	0.1539	0.1123	0.1063	0.1032	0.1030	0.1699	0.1216	0.1214	0.1069	0.1172	0.1165	0.1112	0.1041	
0.8094	0.8203	0.8313	0.8399	0.7241	0.7346	0.7000	0.5083	0.7797	0.7787	0.7748	0.7699	0.7222	0.7190	0.7115	0.7001	0.6849	0.6832	0.7080	0.7032	0.6480	0.6360	0.6435	0.6308	0.6541	0.6648	0.6393	0.6428	0.6044	0.5953	0.5950	0.5891	0.5712	0.5686	0.6098	0.6122	0.5060	0.4842	0.5003	0.5194	0.3958	0.4598	0.4701	0.4701	0.3331	0.2380	0.2538	0.2101	0.2483	0.2205	0.1548	0.1591	0.1143	0.1053	0.1043	0.1024	0.1772	0.1214	0.1222	0.1109	0.1160	0.1169	0.1097	0.1051	
0.8158	0.8245	0.8373	0.8480	0.7330	0.7383	0.7060	0.5323	0.7852	0.7845	0.7825	0.7789	0.7261	0.7230	0.7131	0.7021	0.6897	0.6861	0.7086	0.7100	0.6523	0.6441	0.6455	0.6353	0.6567	0.6671	0.6411	0.6493	0.6022	0.5952	0.5972	0.5896	0.5747	0.5687	0.6121	0.6146	0.5035	0.4881	0.5074	0.5241	0.4145	0.4713	0.4749	0.4813	0.3461	0.2470	0.2646	0.2203	0.2613	0.2309	0.1585	0.1619	0.1137	0.1064	0.1060	0.1034	0.1801	0.1233	0.1243	0.1118	0.1159	0.1195	0.1085	0.1076	
0.8186	0.8239	0.8404	0.8531	0.7361	0.7414	0.7077	0.5590	0.7848	0.7861	0.7883	0.7771	0.7246	0.7239	0.7142	0.7038	0.6892	0.6875	0.7085	0.7097	0.6483	0.6475	0.6492	0.6347	0.6559	0.6697	0.6430	0.6454	0.6062	0.5985	0.5979	0.5920	0.5724	0.5655	0.6064	0.6090	0.5089	0.4896	0.5108	0.5273	0.4252	0.4728	0.4805	0.4799	0.3631	0.2545	0.2782	0.2281	0.2721	0.2423	0.1629	0.1672	0.1126	0.1058	0.1040	0.1038	0.1875	0.1224	0.1283	0.1109	0.1178	0.1190	0.1123	0.1103	
0.8188	0.8283	0.8370	0.8483	0.7416	0.7448	0.7096	0.5832	0.7860	0.7874	0.7831	0.7802	0.7300	0.7265	0.7182	0.7047	0.6902	0.6918	0.7134	0.7122	0.6570	0.6419	0.6483	0.6377	0.6633	0.6721	0.6461	0.6514	0.6112	0.5961	0.5996	0.5921	0.5705	0.5641	0.6066	0.6084	0.5210	0.4931	0.5156	0.5335	0.4327	0.4770	0.4851	0.4808	0.3759	0.2681	0.2889	0.2387	0.2862	0.2530	0.1690	0.1742	0.1130	0.1056	0.1048	0.1054	0.1932	0.1273	0.1315	0.1120	0.1165	0.1191	0.1073	0.1013	
0.8202	0.8311	0.8423	0.8543	0.7434	0.7474	0.7131	0.6057	0.7930	0.7891	0.7886	0.7805	0.7346	0.7308	0.7218	0.7086	0.6951	0.6909	0.7128	0.7122	0.6605	0.6462	0.6510	0.6412	0.6600	0.6734	0.6468	0.6514	0.6110	0.5994	0.5968	0.5906	0.5735	0.5668	0.6126	0.6139	0.5138	0.5041	0.5198	0.5354	0.4452	0.4810	0.4852	0.4861	0.3968	0.2782	0.3038	0.2468	0.2981	0.2637	0.1717	0.1776	0.1166	0.1084	0.1058	0.1061	0.1989	0.1290	0.1329	0.1140	0.1156	0.1151	0.1135	0.1073	
0.8222	0.8312	0.8398	0.8513	0.7415	0.7444	0.7120	0.6295	0.7936	0.7935	0.7924	0.7826	0.7311	0.7289	0.7219	0.7081	0.6941	0.6919	0.7126	0.7110	0.6596	0.6531	0.6525	0.6418	0.6687	0.6732	0.6462	0.6494	0.6126	0.6024	0.6034	0.5953	0.5763	0.5666	0.6140	0.6165	0.5203	0.5067	0.5235	0.5374	0.4464	0.4856	0.4909	0.4920	0.4074	0.2889	0.3134	0.2575	0.3107	0.2745	0.1797	0.1856	0.1188	0.1082	0.1086	0.1056	0.2073	0.1283	0.1354	0.1121	0.1175	0.1175	0.1075	0.1045	
0.8252	0.8365	0.8429	0.8593	0.7448	0.7490	0.7174	0.6518	0.7980	0.7972	0.7920	0.7896	0.7329	0.7313	0.7224	0.7108	0.7004	0.6993	0.7209	0.7202	0.6586	0.6445	0.6535	0.6427	0.6621	0.6758	0.6476	0.6509	0.6143	0.6037	0.6023	0.5982	0.5731	0.5613	0.6148	0.6152	0.5234	0.5122	0.5237	0.5334	0.4524	0.4835	0.4927	0.4968	0.3993	0.2988	0.3240	0.2622	0.3257	0.2865	0.1845	0.1906	0.1131	0.1034	0.1063	0.1042	0.2138	0.1329	0.1366	0.1117	0.1113	0.1124	0.1110	0.0978	
0.8344	0.8440	0.8517	0.8629	0.7534	0.7549	0.7180	0.6671	0.8020	0.7996	0.7992	0.7886	0.7414	0.7381	0.7280	0.7167	0.7018	0.7038	0.7204	0.7194	0.6669	0.6487	0.6557	0.6468	0.6697	0.6761	0.6464	0.6548	0.6168	0.6066	0.6072	0.5984	0.5784	0.5731	0.6200	0.6229	0.5241	0.5094	0.5348	0.5457	0.4550	0.4877	0.4946	0.4916	0.4361	0.3178	0.3472	0.2859	0.3394	0.2984	0.1907	0.1967	0.1248	0.1142	0.1140	0.1127	0.2220	0.1369	0.1416	0.1143	0.1245	0.1226	0.1142	0.1094	
