0.0881	0.0882	0.0881	0.0878	0.0900	0.0897	0.0923	0.0913	0.0959	0.0980	0.0895	0.0877	0.0986	0.0968	0.1051	0.1142	0.0881	0.0882	0.0870	0.0892	0.0884	0.0902	0.0900	0.0912	0.0880	0.0897	0.0917	0.0875	0.0994	0.0966	0.1023	0.0988	0.0884	0.0882	0.0881	0.0877	0.0898	0.0898	0.0914	0.0904	0.0978	0.0993	0.0925	0.0879	0.0921	0.0904	0.1018	0.0987	0.0891	0.0883	0.0875	0.0893	0.0901	0.0898	0.0888	0.0895	0.1157	0.1034	0.1043	0.0882	0.0902	0.0890	0.0903	0.0913	
0.0876	0.0870	0.0872	0.0872	0.0910	0.0903	0.0903	0.0917	0.0882	0.0881	0.0872	0.0875	0.0909	0.0908	0.0911	0.0918	0.0877	0.0873	0.0870	0.0883	0.0898	0.0911	0.0901	0.0907	0.0878	0.0874	0.0875	0.0863	0.0919	0.0916	0.0910	0.0932	0.0881	0.0874	0.0889	0.0876	0.0909	0.0916	0.0913	0.0894	0.0884	0.0878	0.0876	0.0876	0.0906	0.0907	0.0911	0.0905	0.0888	0.0880	0.0887	0.0889	0.0909	0.0908	0.0919	0.0904	0.0888	0.0883	0.0878	0.0869	0.0911	0.0906	0.0910	0.0917	
0.0879	0.0878	0.0880	0.0872	0.0909	0.0914	0.0892	0.0889	0.0887	0.0886	0.0878	0.0876	0.0898	0.0925	0.0897	0.0905	0.0892	0.0877	0.0874	0.0879	0.0899	0.0894	0.0894	0.0894	0.0882	0.0876	0.0878	0.0870	0.0888	0.0897	0.0900	0.0904	0.0904	0.0893	0.0894	0.0889	0.0877	0.0891	0.0893	0.0900	0.0888	0.0895	0.0887	0.0891	0.0902	0.0887	0.0891	0.0885	0.0900	0.0878	0.0879	0.0889	0.0904	0.0891	0.0889	0.0889	0.0900	0.0889	0.0886	0.0885	0.0897	0.0894	0.0900	0.0886	
0.0882	0.0874	0.0872	0.0868	0.0919	0.0906	0.0912	0.0917	0.0879	0.0886	0.0872	0.0878	0.0923	0.0901	0.0917	0.0921	0.0883	0.0877	0.0876	0.0881	0.0914	0.0904	0.0898	0.0907	0.0882	0.0879	0.0878	0.0865	0.0912	0.0924	0.0926	0.0930	0.0890	0.0877	0.0884	0.0871	0.0884	0.0893	0.0904	0.0886	0.0878	0.0878	0.0877	0.0887	0.0915	0.0904	0.0920	0.0911	0.0885	0.0874	0.0877	0.0880	0.0925	0.0904	0.0909	0.0906	0.0886	0.0886	0.0884	0.0876	0.0908	0.0918	0.0907	0.0911	
0.0875	0.0874	0.0871	0.0868	0.0885	0.0886	0.0878	0.0903	0.0876	0.0879	0.0869	0.0875	0.0884	0.0888	0.0889	0.0896	0.0881	0.0875	0.0870	0.0877	0.0883	0.0880	0.0881	0.0882	0.0874	0.0866	0.0871	0.0857	0.0873	0.0890	0.0891	0.0915	0.0884	0.0882	0.0874	0.0863	0.0869	0.0875	0.0900	0.0876	0.0876	0.0868	0.0871	0.0883	0.0895	0.0875	0.0894	0.0894	0.0876	0.0873	0.0876	0.0876	0.0887	0.0883	0.0886	0.0872	0.0880	0.0875	0.0880	0.0876	0.0895	0.0886	0.0888	0.0899	
0.0878	0.0871	0.0872	0.0869	0.0931	0.0918	0.0907	0.0909	0.0877	0.0880	0.0871	0.0879	0.0920	0.0919	0.0911	0.0930	0.0885	0.0877	0.0896	0.0880	0.0922	0.0906	0.0904	0.0921	0.0878	0.0890	0.0873	0.0863	0.0927	0.0920	0.0905	0.0919	0.0890	0.0882	0.0878	0.0877	0.0892	0.0906	0.0917	0.0896	0.0874	0.0878	0.0873	0.0871	0.0926	0.0920	0.0911	0.0907	0.0882	0.0874	0.0880	0.0878	0.0922	0.0913	0.0923	0.0905	0.0883	0.0887	0.0877	0.0876	0.0917	0.0912	0.0910	0.0936	
0.0878	0.0872	0.0877	0.0875	0.0899	0.0885	0.0895	0.0899	0.0879	0.0883	0.0876	0.0884	0.0912	0.0895	0.0903	0.0911	0.0880	0.0883	0.0875	0.0881	0.0894	0.0898	0.0893	0.0899	0.0877	0.0872	0.0873	0.0867	0.0898	0.0904	0.0900	0.0918	0.0882	0.0877	0.0883	0.0872	0.0893	0.0904	0.0907	0.0884	0.0884	0.0878	0.0874	0.0874	0.0918	0.0885	0.0902	0.0902	0.0890	0.0884	0.0886	0.0887	0.0894	0.0923	0.0904	0.0893	0.0894	0.0886	0.0881	0.0873	0.0905	0.0903	0.0902	0.0901	
0.0881	0.0871	0.0877	0.0872	0.0906	0.0913	0.0905	0.0910	0.0882	0.0882	0.0870	0.0881	0.0914	0.0920	0.0918	0.0916	0.0885	0.0881	0.0875	0.0884	0.0913	0.0916	0.0910	0.0901	0.0883	0.0877	0.0873	0.0860	0.0921	0.0910	0.0916	0.0942	0.0881	0.0875	0.0879	0.0872	0.0911	0.0914	0.0907	0.0905	0.0874	0.0872	0.0870	0.0874	0.0915	0.0906	0.0912	0.0908	0.0881	0.0875	0.0874	0.0885	0.0895	0.0898	0.0908	0.0903	0.0889	0.0892	0.0883	0.0878	0.0905	0.0917	0.0905	0.0922	
0.0878	0.0872	0.0878	0.0875	0.0898	0.0886	0.0898	0.0896	0.0882	0.0884	0.0877	0.0881	0.0901	0.0883	0.0892	0.0899	0.0879	0.0876	0.0876	0.0884	0.0885	0.0896	0.0886	0.0894	0.0881	0.0876	0.0870	0.0861	0.0878	0.0903	0.0903	0.0905	0.0885	0.0878	0.0884	0.0871	0.0881	0.0880	0.0898	0.0890	0.0878	0.0875	0.0872	0.0877	0.0890	0.0898	0.0892	0.0882	0.0878	0.0877	0.0884	0.0882	0.0894	0.0900	0.0907	0.0895	0.0880	0.0884	0.0883	0.0873	0.0896	0.0887	0.0889	0.0904	
0.0879	0.0877	0.0879	0.0875	0.0916	0.0893	0.0909	0.0921	0.0884	0.0887	0.0875	0.0880	0.0922	0.0955	0.0920	0.0920	0.0887	0.0879	0.0875	0.0891	0.0892	0.0905	0.0901	0.0917	0.0881	0.0876	0.0879	0.0870	0.0916	0.0914	0.0921	0.0917	0.0886	0.0882	0.0883	0.0873	0.0905	0.0908	0.0913	0.0907	0.0885	0.0873	0.0882	0.0878	0.0917	0.0920	0.0929	0.0906	0.0881	0.0876	0.0881	0.0887	0.0917	0.0906	0.0924	0.0901	0.0891	0.0885	0.0885	0.0880	0.0912	0.0906	0.0930	0.0919	
0.0881	0.0880	0.0882	0.0877	0.0909	0.0901	0.0906	0.0914	0.0887	0.0890	0.0879	0.0880	0.0906	0.0904	0.0913	0.0923	0.0886	0.0883	0.0880	0.0887	0.0900	0.0916	0.0894	0.0924	0.0883	0.0879	0.0881	0.0868	0.0908	0.0915	0.0910	0.0931	0.0885	0.0881	0.0884	0.0875	0.0914	0.0903	0.0920	0.0907	0.0884	0.0877	0.0878	0.0885	0.0914	0.0898	0.0911	0.0914	0.0882	0.0880	0.0888	0.0892	0.0904	0.0895	0.0909	0.0911	0.0893	0.0891	0.0888	0.0880	0.0918	0.0907	0.0904	0.0924	
0.0883	0.0874	0.0881	0.0871	0.0900	0.0895	0.0901	0.0899	0.0883	0.0889	0.0883	0.0881	0.0916	0.0898	0.0897	0.0915	0.0896	0.0886	0.0887	0.0888	0.0887	0.0894	0.0915	0.0895	0.0886	0.0885	0.0879	0.0865	0.0913	0.0910	0.0899	0.0910	0.0890	0.0881	0.0879	0.0877	0.0882	0.0885	0.0903	0.0889	0.0883	0.0887	0.0883	0.0877	0.0897	0.0898	0.0897	0.0899	0.0883	0.0883	0.0881	0.0884	0.0893	0.0889	0.0896	0.0911	0.0895	0.0893	0.0887	0.0881	0.0902	0.0898	0.0902	0.0896	
0.0872	0.0872	0.0872	0.0868	0.0911	0.0922	0.0922	0.0915	0.0881	0.0886	0.0871	0.0879	0.0917	0.0934	0.0944	0.0936	0.0887	0.0883	0.0874	0.0883	0.0914	0.0900	0.0904	0.0915	0.0880	0.0872	0.0872	0.0861	0.0927	0.0928	0.0934	0.0933	0.0881	0.0877	0.0878	0.0870	0.0898	0.0923	0.0921	0.0923	0.0872	0.0876	0.0864	0.0876	0.0917	0.0908	0.0916	0.0914	0.0882	0.0880	0.0880	0.0881	0.0919	0.0918	0.0918	0.0909	0.0884	0.0882	0.0876	0.0870	0.0919	0.0919	0.0929	0.0922	
0.0885	0.0881	0.0878	0.0881	0.0925	0.0915	0.0908	0.0917	0.0888	0.0888	0.0881	0.0889	0.0922	0.0914	0.0916	0.0933	0.0891	0.0881	0.0880	0.0889	0.0923	0.0919	0.0916	0.0916	0.0888	0.0883	0.0881	0.0876	0.0923	0.0932	0.0919	0.0916	0.0891	0.0884	0.0885	0.0876	0.0911	0.0911	0.0912	0.0912	0.0891	0.0878	0.0873	0.0879	0.0926	0.0913	0.0910	0.0898	0.0884	0.0885	0.0888	0.0888	0.0935	0.0912	0.0926	0.0916	0.0888	0.0890	0.0891	0.0879	0.0908	0.0924	0.0916	0.0914	
0.0880	0.0875	0.0879	0.0875	0.0917	0.0895	0.0901	0.0918	0.0884	0.0889	0.0876	0.0883	0.0903	0.0897	0.0908	0.0916	0.0879	0.0884	0.0879	0.0890	0.0902	0.0902	0.0896	0.0905	0.0883	0.0881	0.0879	0.0866	0.0923	0.0905	0.0898	0.0906	0.0881	0.0875	0.0887	0.0874	0.0903	0.0908	0.0909	0.0900	0.0879	0.0881	0.0876	0.0874	0.0905	0.0905	0.0908	0.0900	0.0886	0.0873	0.0882	0.0882	0.0892	0.0904	0.0903	0.0895	0.0889	0.0892	0.0880	0.0881	0.0904	0.0909	0.0910	0.0904	
0.0889	0.0885	0.0884	0.0877	0.0910	0.0901	0.0904	0.0918	0.0889	0.0894	0.0882	0.0886	0.0924	0.0917	0.0912	0.0910	0.0892	0.0888	0.0882	0.0891	0.0897	0.0899	0.0917	0.0906	0.0884	0.0883	0.0879	0.0871	0.0916	0.0910	0.0905	0.0927	0.0887	0.0882	0.0884	0.0877	0.0892	0.0906	0.0904	0.0891	0.0885	0.0886	0.0873	0.0879	0.0904	0.0908	0.0922	0.0907	0.0888	0.0881	0.0882	0.0886	0.0903	0.0895	0.0910	0.0911	0.0900	0.0891	0.0886	0.0873	0.0913	0.0903	0.0906	0.0914	
0.0884	0.0882	0.0875	0.0878	0.0920	0.0913	0.0920	0.0921	0.0885	0.0889	0.0881	0.0881	0.0914	0.0924	0.0930	0.0920	0.0887	0.0882	0.0883	0.0892	0.0923	0.0917	0.0912	0.0918	0.0891	0.0876	0.0879	0.0866	0.0921	0.0920	0.0927	0.0933	0.0887	0.0881	0.0885	0.0868	0.0909	0.0934	0.0906	0.0914	0.0882	0.0879	0.0871	0.0879	0.0919	0.0933	0.0916	0.0922	0.0886	0.0879	0.0880	0.0881	0.0929	0.0928	0.0921	0.0911	0.0889	0.0894	0.0884	0.0871	0.0913	0.0926	0.0920	0.0916	
0.0884	0.0880	0.0883	0.0881	0.0902	0.0912	0.0898	0.0899	0.0887	0.0891	0.0886	0.0888	0.0897	0.0914	0.0906	0.0909	0.0892	0.0882	0.0880	0.0890	0.0880	0.0892	0.0904	0.0909	0.0891	0.0884	0.0880	0.0871	0.0899	0.0917	0.0899	0.0919	0.0891	0.0882	0.0887	0.0877	0.0892	0.0904	0.0896	0.0901	0.0880	0.0892	0.0883	0.0877	0.0910	0.0908	0.0899	0.0898	0.0880	0.0885	0.0886	0.0890	0.0917	0.0899	0.0912	0.0911	0.0894	0.0890	0.0889	0.0887	0.0905	0.0898	0.0904	0.0906	
0.0889	0.0881	0.0888	0.0876	0.0923	0.0931	0.0909	0.0914	0.0887	0.0895	0.0882	0.0892	0.0931	0.0907	0.0915	0.0920	0.0890	0.0884	0.0883	0.0888	0.0913	0.0910	0.0913	0.0925	0.0890	0.0884	0.0883	0.0872	0.0919	0.0921	0.0912	0.0928	0.0893	0.0883	0.0887	0.0874	0.0900	0.0909	0.0921	0.0904	0.0881	0.0883	0.0883	0.0881	0.0922	0.0906	0.0912	0.0908	0.0886	0.0878	0.0882	0.0884	0.0917	0.0909	0.0931	0.0922	0.0894	0.0895	0.0888	0.0874	0.0921	0.0918	0.0916	0.0916	
0.0891	0.0887	0.0883	0.0887	0.0914	0.0908	0.0916	0.0905	0.0887	0.0897	0.0890	0.0888	0.0901	0.0899	0.0924	0.0916	0.0899	0.0889	0.0884	0.0895	0.0898	0.0911	0.0905	0.0905	0.0893	0.0887	0.0878	0.0876	0.0903	0.0915	0.0902	0.0929	0.0891	0.0882	0.0891	0.0877	0.0902	0.0899	0.0903	0.0893	0.0892	0.0881	0.0883	0.0879	0.0900	0.0895	0.0904	0.0903	0.0890	0.0874	0.0887	0.0890	0.0900	0.0909	0.0911	0.0903	0.0895	0.0889	0.0886	0.0876	0.0912	0.0904	0.0901	0.0925	
0.0891	0.0885	0.0892	0.0887	0.0944	0.0917	0.0925	0.0938	0.0894	0.0898	0.0889	0.0898	0.0930	0.0926	0.0937	0.0945	0.0900	0.0888	0.0890	0.0893	0.0931	0.0912	0.0913	0.0916	0.0893	0.0883	0.0885	0.0876	0.0923	0.0911	0.0928	0.0934	0.0896	0.0888	0.0893	0.0878	0.0908	0.0929	0.0937	0.0930	0.0882	0.0886	0.0890	0.0878	0.0920	0.0906	0.0928	0.0916	0.0890	0.0875	0.0887	0.0893	0.0915	0.0917	0.0935	0.0922	0.0896	0.0896	0.0891	0.0882	0.0929	0.0912	0.0935	0.0930	
0.0891	0.0887	0.0896	0.0889	0.0911	0.0908	0.0906	0.0926	0.0898	0.0906	0.0896	0.0894	0.0922	0.0909	0.0922	0.0923	0.0897	0.0892	0.0888	0.0898	0.0897	0.0917	0.0897	0.0918	0.0888	0.0887	0.0886	0.0883	0.0916	0.0927	0.0904	0.0927	0.0894	0.0890	0.0893	0.0879	0.0902	0.0914	0.0921	0.0907	0.0892	0.0895	0.0883	0.0889	0.0917	0.0903	0.0918	0.0909	0.0888	0.0883	0.0892	0.0897	0.0916	0.0903	0.0927	0.0914	0.0894	0.0894	0.0890	0.0886	0.0918	0.0911	0.0912	0.0918	
0.0899	0.0892	0.0897	0.0894	0.0931	0.0918	0.0917	0.0921	0.0898	0.0904	0.0897	0.0901	0.0932	0.0926	0.0928	0.0927	0.0899	0.0889	0.0889	0.0896	0.0914	0.0909	0.0915	0.0928	0.0894	0.0890	0.0890	0.0882	0.0926	0.0930	0.0923	0.0932	0.0902	0.0886	0.0896	0.0883	0.0907	0.0913	0.0915	0.0909	0.0890	0.0891	0.0890	0.0887	0.0915	0.0912	0.0924	0.0914	0.0898	0.0884	0.0895	0.0896	0.0921	0.0919	0.0922	0.0921	0.0903	0.0897	0.0892	0.0883	0.0919	0.0927	0.0907	0.0926	
0.0901	0.0894	0.0896	0.0896	0.0920	0.0918	0.0916	0.0924	0.0900	0.0905	0.0899	0.0906	0.0933	0.0925	0.0929	0.0936	0.0902	0.0896	0.0895	0.0907	0.0905	0.0937	0.0911	0.0923	0.0896	0.0892	0.0892	0.0890	0.0917	0.0913	0.0929	0.0933	0.0897	0.0890	0.0892	0.0880	0.0906	0.0917	0.0911	0.0914	0.0895	0.0889	0.0888	0.0890	0.0921	0.0915	0.0919	0.0916	0.0896	0.0894	0.0889	0.0897	0.0918	0.0913	0.0922	0.0916	0.0898	0.0895	0.0894	0.0892	0.0912	0.0921	0.0916	0.0921	
0.0900	0.0898	0.0900	0.0899	0.0922	0.0910	0.0910	0.0919	0.0901	0.0906	0.0897	0.0902	0.0927	0.0932	0.0926	0.0933	0.0905	0.0894	0.0897	0.0900	0.0913	0.0913	0.0919	0.0918	0.0897	0.0891	0.0891	0.0886	0.0921	0.0931	0.0912	0.0928	0.0900	0.0891	0.0894	0.0884	0.0902	0.0917	0.0919	0.0908	0.0896	0.0893	0.0887	0.0887	0.0924	0.0917	0.0922	0.0920	0.0899	0.0886	0.0897	0.0896	0.0912	0.0912	0.0918	0.0920	0.0900	0.0899	0.0897	0.0881	0.0917	0.0926	0.0920	0.0933	
0.0900	0.0897	0.0903	0.0898	0.0917	0.0920	0.0912	0.0919	0.0905	0.0908	0.0901	0.0906	0.0925	0.0916	0.0928	0.0928	0.0906	0.0896	0.0901	0.0908	0.0918	0.0920	0.0912	0.0915	0.0900	0.0895	0.0891	0.0887	0.0924	0.0920	0.0926	0.0934	0.0904	0.0898	0.0894	0.0885	0.0922	0.0931	0.0922	0.0911	0.0895	0.0892	0.0883	0.0888	0.0921	0.0915	0.0917	0.0915	0.0895	0.0882	0.0891	0.0901	0.0914	0.0915	0.0923	0.0919	0.0902	0.0898	0.0895	0.0880	0.0920	0.0921	0.0923	0.0926	
0.0908	0.0902	0.0904	0.0905	0.0927	0.0920	0.0922	0.0924	0.0910	0.0916	0.0904	0.0909	0.0931	0.0924	0.0930	0.0926	0.0914	0.0899	0.0898	0.0910	0.0917	0.0923	0.0917	0.0920	0.0902	0.0895	0.0895	0.0890	0.0918	0.0921	0.0925	0.0933	0.0906	0.0899	0.0896	0.0888	0.0909	0.0919	0.0930	0.0911	0.0903	0.0899	0.0892	0.0892	0.0917	0.0922	0.0925	0.0914	0.0890	0.0895	0.0892	0.0901	0.0916	0.0917	0.0916	0.0917	0.0900	0.0905	0.0898	0.0885	0.0924	0.0926	0.0922	0.0922	
0.0914	0.0905	0.0912	0.0903	0.0936	0.0923	0.0916	0.0934	0.0914	0.0914	0.0908	0.0915	0.0935	0.0937	0.0931	0.0941	0.0915	0.0908	0.0908	0.0916	0.0926	0.0924	0.0928	0.0929	0.0909	0.0901	0.0900	0.0898	0.0927	0.0928	0.0919	0.0944	0.0910	0.0898	0.0905	0.0895	0.0910	0.0922	0.0929	0.0918	0.0904	0.0901	0.0896	0.0896	0.0926	0.0919	0.0931	0.0916	0.0901	0.0894	0.0899	0.0905	0.0922	0.0922	0.0927	0.0925	0.0905	0.0908	0.0899	0.0889	0.0919	0.0923	0.0918	0.0927	
0.0915	0.0907	0.0912	0.0908	0.0931	0.0921	0.0923	0.0924	0.0917	0.0923	0.0913	0.0921	0.0936	0.0944	0.0937	0.0936	0.0914	0.0907	0.0905	0.0913	0.0919	0.0921	0.0916	0.0925	0.0907	0.0900	0.0901	0.0892	0.0934	0.0930	0.0931	0.0939	0.0913	0.0894	0.0904	0.0897	0.0911	0.0922	0.0923	0.0914	0.0906	0.0895	0.0897	0.0892	0.0922	0.0914	0.0924	0.0912	0.0904	0.0902	0.0916	0.0910	0.0912	0.0914	0.0924	0.0920	0.0913	0.0906	0.0931	0.0907	0.0929	0.0918	0.0923	0.0922	
0.0919	0.0932	0.0930	0.0925	0.0942	0.0934	0.0940	0.0924	0.0931	0.0926	0.0924	0.0935	0.0936	0.0933	0.0937	0.0935	0.0922	0.0923	0.0904	0.0940	0.0927	0.0927	0.0918	0.0935	0.0916	0.0915	0.0902	0.0912	0.0944	0.0921	0.0929	0.0936	0.0928	0.0908	0.0917	0.0893	0.0920	0.0924	0.0928	0.0920	0.0902	0.0913	0.0902	0.0915	0.0922	0.0931	0.0933	0.0925	0.0905	0.0905	0.0916	0.0917	0.0920	0.0915	0.0931	0.0918	0.0936	0.0938	0.0904	0.0904	0.0934	0.0929	0.0923	0.0935	
0.0916	0.0914	0.0924	0.0927	0.0938	0.0940	0.0924	0.0934	0.0919	0.0932	0.0916	0.0923	0.0945	0.0936	0.0933	0.0939	0.0930	0.0912	0.0909	0.0917	0.0932	0.0924	0.0916	0.0924	0.0911	0.0904	0.0906	0.0920	0.0927	0.0933	0.0922	0.0934	0.0915	0.0910	0.0904	0.0901	0.0913	0.0915	0.0929	0.0918	0.0920	0.0902	0.0893	0.0902	0.0919	0.0917	0.0924	0.0920	0.0899	0.0895	0.0900	0.0911	0.0922	0.0917	0.0922	0.0924	0.0926	0.0911	0.0900	0.0896	0.0924	0.0924	0.0924	0.0925	
0.0927	0.0942	0.0933	0.0925	0.0932	0.0931	0.0935	0.0939	0.0933	0.0929	0.0923	0.0932	0.0939	0.0946	0.0933	0.0933	0.0921	0.0916	0.0920	0.0920	0.0924	0.0930	0.0921	0.0931	0.0912	0.0914	0.0901	0.0902	0.0937	0.0936	0.0936	0.0944	0.0922	0.0906	0.0934	0.0899	0.0904	0.0924	0.0934	0.0928	0.0911	0.0894	0.0896	0.0898	0.0927	0.0919	0.0931	0.0915	0.0898	0.0896	0.0902	0.0913	0.0923	0.0911	0.0922	0.0921	0.0910	0.0913	0.0912	0.0909	0.0926	0.0925	0.0920	0.0925	
0.0933	0.0930	0.0938	0.0935	0.0937	0.0934	0.0944	0.0941	0.0942	0.0942	0.0929	0.0945	0.0945	0.0944	0.0940	0.0948	0.0927	0.0918	0.0919	0.0930	0.0935	0.0935	0.0934	0.0940	0.0920	0.0914	0.0909	0.0909	0.0934	0.0933	0.0930	0.0943	0.0928	0.0919	0.0914	0.0906	0.0926	0.0935	0.0940	0.0932	0.0909	0.0909	0.0910	0.0900	0.0937	0.0914	0.0934	0.0930	0.0904	0.0899	0.0905	0.0912	0.0928	0.0930	0.0921	0.0922	0.0914	0.0909	0.0905	0.0893	0.0932	0.0926	0.0920	0.0925	
0.0931	0.0933	0.0946	0.0938	0.0954	0.0944	0.0951	0.0954	0.0934	0.0946	0.0941	0.0938	0.0953	0.0973	0.0951	0.0958	0.0930	0.0922	0.0919	0.0929	0.0942	0.0948	0.0934	0.0946	0.0927	0.0918	0.0916	0.0913	0.0945	0.0944	0.0940	0.0955	0.0917	0.0909	0.0914	0.0908	0.0929	0.0932	0.0943	0.0934	0.0913	0.0912	0.0900	0.0906	0.0937	0.0936	0.0936	0.0937	0.0908	0.0898	0.0918	0.0914	0.0939	0.0941	0.0937	0.0939	0.0914	0.0907	0.0900	0.0896	0.0933	0.0943	0.0928	0.0931	
0.0937	0.0937	0.0950	0.0940	0.0962	0.0942	0.0959	0.0942	0.0934	0.0945	0.0941	0.0941	0.0950	0.0944	0.0943	0.0945	0.0927	0.0921	0.0920	0.0934	0.0928	0.0938	0.0928	0.0937	0.0918	0.0915	0.0909	0.0915	0.0944	0.0929	0.0927	0.0947	0.0916	0.0907	0.0909	0.0906	0.0921	0.0926	0.0930	0.0932	0.0906	0.0904	0.0900	0.0900	0.0942	0.0925	0.0927	0.0922	0.0903	0.0893	0.0907	0.0909	0.0926	0.0921	0.0928	0.0930	0.0909	0.0903	0.0901	0.0890	0.0924	0.0925	0.0923	0.0933	
0.0948	0.0945	0.0960	0.0950	0.0951	0.0938	0.0943	0.0935	0.0940	0.0952	0.0955	0.0944	0.0942	0.0942	0.0940	0.0947	0.0932	0.0927	0.0927	0.0936	0.0930	0.0928	0.0921	0.0930	0.0926	0.0919	0.0920	0.0926	0.0932	0.0939	0.0929	0.0942	0.0923	0.0916	0.0919	0.0900	0.0924	0.0925	0.0930	0.0911	0.0921	0.0911	0.0906	0.0905	0.0928	0.0920	0.0920	0.0923	0.0905	0.0904	0.0910	0.0919	0.0918	0.0915	0.0918	0.0910	0.0908	0.0914	0.0910	0.0895	0.0917	0.0918	0.0924	0.0920	
0.0956	0.0952	0.0968	0.0959	0.0962	0.0951	0.0950	0.0948	0.0956	0.0962	0.0957	0.0953	0.0966	0.0959	0.0956	0.0955	0.0945	0.0930	0.0931	0.0943	0.0938	0.0940	0.0935	0.0939	0.0930	0.0924	0.0921	0.0924	0.0940	0.0953	0.0944	0.0959	0.0950	0.0938	0.0936	0.0925	0.0916	0.0931	0.0953	0.0932	0.0936	0.0922	0.0919	0.0922	0.0946	0.0925	0.0933	0.0935	0.0922	0.0909	0.0914	0.0932	0.0934	0.0939	0.0933	0.0927	0.0926	0.0922	0.0914	0.0905	0.0933	0.0943	0.0935	0.0945	
0.0963	0.0962	0.0979	0.0964	0.0963	0.0960	0.0963	0.0956	0.0952	0.0962	0.0959	0.0958	0.0975	0.0965	0.0961	0.0962	0.0947	0.0932	0.0932	0.0942	0.0951	0.0949	0.0941	0.0950	0.0939	0.0926	0.0923	0.0932	0.0951	0.0953	0.0940	0.0967	0.0923	0.0918	0.0929	0.0910	0.0932	0.0934	0.0945	0.0941	0.0916	0.0914	0.0911	0.0907	0.0945	0.0935	0.0941	0.0935	0.0917	0.0909	0.0918	0.0925	0.0938	0.0939	0.0935	0.0940	0.0918	0.0922	0.0913	0.0905	0.0940	0.0946	0.0937	0.0935	
0.0978	0.0972	0.0986	0.0976	0.0977	0.0967	0.0966	0.0967	0.0965	0.0969	0.0973	0.0966	0.0974	0.0989	0.0962	0.0961	0.0949	0.0939	0.0934	0.0946	0.0960	0.0955	0.0940	0.0948	0.0933	0.0935	0.0928	0.0934	0.0944	0.0948	0.0946	0.0961	0.0929	0.0923	0.0925	0.0914	0.0942	0.0940	0.0952	0.0932	0.0917	0.0921	0.0913	0.0913	0.0949	0.0936	0.0936	0.0932	0.0916	0.0905	0.0915	0.0918	0.0933	0.0932	0.0946	0.0936	0.0915	0.0919	0.0916	0.0903	0.0933	0.0945	0.0934	0.0939	
0.0983	0.0982	0.0995	0.0986	0.0980	0.0979	0.0972	0.0970	0.0975	0.0985	0.0982	0.0975	0.0973	0.0970	0.0959	0.0969	0.0957	0.0951	0.0947	0.0955	0.0955	0.0955	0.0945	0.0952	0.0936	0.0937	0.0932	0.0940	0.0954	0.0945	0.0958	0.0964	0.0933	0.0919	0.0926	0.0918	0.0934	0.0939	0.0947	0.0938	0.0925	0.0921	0.0916	0.0920	0.0948	0.0941	0.0944	0.0935	0.0920	0.0912	0.0921	0.0928	0.0942	0.0936	0.0943	0.0924	0.0916	0.0923	0.0917	0.0909	0.0932	0.0950	0.0933	0.0947	
0.0989	0.0997	0.1010	0.0995	0.0990	0.0985	0.0980	0.0979	0.0983	0.0988	0.0989	0.0981	0.0978	0.0984	0.0976	0.0978	0.0966	0.0956	0.0951	0.0962	0.0962	0.0955	0.0948	0.0960	0.0941	0.0947	0.0940	0.0948	0.0960	0.0956	0.0952	0.0965	0.0939	0.0930	0.0937	0.0923	0.0952	0.0946	0.0957	0.0946	0.0919	0.0919	0.0921	0.0929	0.0948	0.0945	0.0953	0.0944	0.0926	0.0907	0.0918	0.0935	0.0934	0.0935	0.0939	0.0945	0.0912	0.0923	0.0917	0.0903	0.0934	0.0948	0.0939	0.0940	
0.1003	0.1007	0.1031	0.1017	0.0985	0.0977	0.0971	0.0971	0.0993	0.1002	0.1003	0.0989	0.0978	0.0981	0.0968	0.0966	0.0973	0.0960	0.0953	0.0973	0.0955	0.0954	0.0936	0.0950	0.0947	0.0950	0.0939	0.0951	0.0945	0.0946	0.0941	0.0963	0.0940	0.0929	0.0941	0.0921	0.0929	0.0941	0.0939	0.0933	0.0927	0.0924	0.0923	0.0925	0.0944	0.0935	0.0941	0.0936	0.0916	0.0914	0.0919	0.0932	0.0926	0.0923	0.0938	0.0935	0.0917	0.0920	0.0912	0.0909	0.0934	0.0925	0.0929	0.0930	
0.1020	0.1025	0.1048	0.1034	0.1005	0.1000	0.0989	0.0978	0.1005	0.1011	0.1012	0.0999	0.0982	0.1051	0.0971	0.0982	0.0985	0.0970	0.0968	0.0979	0.0966	0.0958	0.0950	0.0953	0.0953	0.0946	0.0941	0.0964	0.0954	0.0952	0.0951	0.0973	0.0942	0.0927	0.0942	0.0924	0.0948	0.0937	0.0952	0.0934	0.0936	0.0930	0.0925	0.0926	0.0938	0.0932	0.0939	0.0940	0.0921	0.0910	0.0929	0.0936	0.0934	0.0934	0.0942	0.0932	0.0924	0.0930	0.0918	0.0907	0.0937	0.0933	0.0933	0.0941	
0.1031	0.1042	0.1063	0.1048	0.1021	0.1017	0.1005	0.0998	0.1010	0.1019	0.1030	0.1016	0.0995	0.1010	0.0983	0.0989	0.0983	0.0974	0.0970	0.0984	0.0958	0.0973	0.0953	0.0960	0.0957	0.0953	0.0951	0.0964	0.0959	0.0956	0.0949	0.0968	0.0944	0.0937	0.0941	0.0927	0.0937	0.0950	0.0952	0.0949	0.0922	0.0931	0.0924	0.0925	0.0951	0.0936	0.0951	0.0938	0.0924	0.0916	0.0922	0.0937	0.0939	0.0937	0.0944	0.0948	0.0924	0.0925	0.0923	0.0915	0.0938	0.0941	0.0955	0.0937	
0.1047	0.1062	0.1079	0.1065	0.1020	0.1022	0.1005	0.0996	0.1028	0.1042	0.1049	0.1022	0.1007	0.0998	0.0985	0.0986	0.1001	0.0985	0.0982	0.0996	0.0983	0.0973	0.0959	0.0962	0.0967	0.0956	0.0960	0.0975	0.0965	0.0957	0.0953	0.0965	0.0957	0.0938	0.0960	0.0930	0.0941	0.0941	0.0958	0.0950	0.0932	0.0936	0.0927	0.0930	0.0943	0.0939	0.0944	0.0946	0.0927	0.0912	0.0932	0.0932	0.0942	0.0938	0.0946	0.0944	0.0927	0.0927	0.0920	0.0912	0.0941	0.0946	0.0933	0.0942	
0.1068	0.1073	0.1096	0.1086	0.1029	0.1020	0.1015	0.1007	0.1041	0.1044	0.1064	0.1037	0.1009	0.1010	0.0984	0.0994	0.1001	0.0992	0.0983	0.0994	0.0961	0.0983	0.0965	0.0958	0.0967	0.0968	0.0961	0.0988	0.0961	0.0976	0.0956	0.0968	0.0951	0.0938	0.0955	0.0933	0.0942	0.0951	0.0967	0.0947	0.0930	0.0937	0.0927	0.0928	0.0949	0.0933	0.0949	0.0945	0.0927	0.0916	0.0932	0.0939	0.0947	0.0948	0.0947	0.0942	0.0925	0.0929	0.0922	0.0917	0.0942	0.0943	0.0960	0.0940	
0.1084	0.1096	0.1137	0.1119	0.1053	0.1039	0.1022	0.1021	0.1058	0.1068	0.1088	0.1053	0.1015	0.1078	0.1002	0.1001	0.1016	0.1008	0.0991	0.1006	0.0971	0.0990	0.0967	0.0982	0.0976	0.0974	0.0967	0.1000	0.0965	0.0968	0.0966	0.0979	0.0961	0.0950	0.0955	0.0939	0.0960	0.0948	0.0959	0.0948	0.0933	0.0938	0.0927	0.0934	0.0967	0.0943	0.0948	0.0948	0.0930	0.0919	0.0932	0.0942	0.0939	0.0943	0.0956	0.0950	0.0927	0.0930	0.0922	0.0914	0.0932	0.0948	0.0949	0.0948	
0.1113	0.1129	0.1152	0.1135	0.1058	0.1069	0.1044	0.1033	0.1080	0.1098	0.1115	0.1070	0.1040	0.1027	0.1025	0.1020	0.1030	0.1018	0.0999	0.1022	0.0987	0.1010	0.0984	0.0981	0.0983	0.0985	0.0981	0.1017	0.0982	0.0974	0.0971	0.0980	0.0968	0.0958	0.0969	0.0939	0.0959	0.0964	0.0967	0.0955	0.0940	0.0942	0.0927	0.0939	0.0967	0.0958	0.0964	0.0961	0.0934	0.0914	0.0928	0.0952	0.0952	0.0953	0.0959	0.0949	0.0929	0.0936	0.0924	0.0917	0.0944	0.0956	0.0949	0.0947	
0.1146	0.1145	0.1182	0.1168	0.1065	0.1061	0.1046	0.1029	0.1104	0.1112	0.1133	0.1085	0.1020	0.1027	0.1013	0.1001	0.1043	0.1028	0.1013	0.1030	0.0968	0.0998	0.0975	0.0973	0.0994	0.0987	0.0982	0.1034	0.0975	0.0971	0.0969	0.0968	0.0966	0.0955	0.0967	0.0941	0.0946	0.0949	0.0967	0.0945	0.0943	0.0944	0.0932	0.0953	0.0951	0.0941	0.0946	0.0957	0.0933	0.0920	0.0938	0.0949	0.0944	0.0938	0.0945	0.0942	0.0928	0.0933	0.0923	0.0922	0.0935	0.0945	0.0934	0.0941	
0.1169	0.1190	0.1222	0.1197	0.1088	0.1086	0.1072	0.1039	0.1122	0.1133	0.1153	0.1106	0.1039	0.1034	0.1009	0.1021	0.1062	0.1049	0.1038	0.1050	0.0978	0.0999	0.0978	0.0983	0.0998	0.1001	0.0993	0.1052	0.0985	0.0981	0.0967	0.0984	0.0985	0.0961	0.0976	0.0941	0.0951	0.0961	0.0980	0.0948	0.0946	0.0955	0.0933	0.0939	0.0957	0.0954	0.0958	0.0947	0.0931	0.0923	0.0940	0.0960	0.0951	0.0956	0.0966	0.0948	0.0931	0.0940	0.0928	0.0927	0.0945	0.0955	0.0943	0.0951	
0.1190	0.1211	0.1246	0.1230	0.1093	0.1088	0.1070	0.1048	0.1155	0.1160	0.1192	0.1131	0.1052	0.1053	0.1019	0.1015	0.1080	0.1065	0.1043	0.1063	0.1018	0.1009	0.0977	0.0991	0.1003	0.1012	0.1002	0.1081	0.0978	0.0982	0.0976	0.0996	0.0977	0.0967	0.0984	0.0946	0.0944	0.0960	0.0967	0.0951	0.0951	0.0956	0.0942	0.0944	0.0955	0.0944	0.0956	0.0951	0.0943	0.0929	0.0935	0.0952	0.0942	0.0949	0.0952	0.0946	0.0944	0.0933	0.0930	0.0915	0.0948	0.0941	0.0948	0.0945	
0.1229	0.1257	0.1311	0.1276	0.1117	0.1121	0.1091	0.1057	0.1193	0.1198	0.1239	0.1162	0.1073	0.1071	0.1027	0.1035	0.1097	0.1088	0.1070	0.1092	0.0999	0.1027	0.0990	0.1002	0.1029	0.1026	0.1014	0.1099	0.0988	0.0983	0.0988	0.0995	0.0986	0.0984	0.0999	0.0955	0.0964	0.0975	0.0989	0.0961	0.0953	0.0966	0.0939	0.0962	0.0965	0.0965	0.0954	0.0962	0.0943	0.0939	0.0949	0.0961	0.0963	0.0956	0.0962	0.0953	0.0940	0.0944	0.0933	0.0936	0.0951	0.0942	0.0957	0.0952	
0.1264	0.1304	0.1355	0.1334	0.1150	0.1133	0.1109	0.1075	0.1236	0.1244	0.1280	0.1189	0.1085	0.1093	0.1049	0.1042	0.1136	0.1117	0.1098	0.1129	0.1000	0.1023	0.0996	0.0993	0.1041	0.1038	0.1035	0.1133	0.0998	0.0995	0.0982	0.0994	0.0995	0.0990	0.1026	0.0964	0.0972	0.0971	0.0989	0.0967	0.0958	0.0970	0.0953	0.0967	0.0958	0.0952	0.0953	0.0952	0.0955	0.0943	0.0955	0.0955	0.0945	0.0963	0.0951	0.0956	0.0939	0.0949	0.0936	0.0941	0.0950	0.0956	0.0947	0.0950	
0.1311	0.1346	0.1385	0.1364	0.1175	0.1162	0.1134	0.1098	0.1260	0.1266	0.1309	0.1224	0.1105	0.1115	0.1058	0.1065	0.1139	0.1133	0.1105	0.1134	0.1009	0.1058	0.1006	0.1015	0.1051	0.1055	0.1053	0.1158	0.1006	0.1006	0.0996	0.1010	0.0992	0.0989	0.1012	0.0957	0.0984	0.0976	0.0994	0.0979	0.0961	0.0968	0.0947	0.0968	0.0971	0.0968	0.0969	0.0972	0.0954	0.0939	0.0949	0.0967	0.0962	0.0973	0.0968	0.0962	0.0942	0.0948	0.0930	0.0930	0.0961	0.0974	0.0961	0.0972	
0.1355	0.1388	0.1448	0.1416	0.1182	0.1179	0.1156	0.1118	0.1308	0.1302	0.1363	0.1257	0.1128	0.1142	0.1072	0.1088	0.1174	0.1168	0.1127	0.1166	0.1041	0.1060	0.1022	0.1026	0.1069	0.1066	0.1065	0.1192	0.1011	0.1006	0.1007	0.1010	0.1013	0.0992	0.1029	0.0964	0.0987	0.0980	0.1001	0.0973	0.0964	0.0972	0.0944	0.0958	0.0978	0.0996	0.0980	0.0967	0.0946	0.0939	0.0943	0.0965	0.0964	0.0959	0.0978	0.0969	0.0952	0.0942	0.0937	0.0934	0.0966	0.0969	0.1034	0.0980	
0.1416	0.1453	0.1507	0.1487	0.1243	0.1224	0.1171	0.1140	0.1353	0.1355	0.1430	0.1305	0.1139	0.1156	0.1100	0.1102	0.1212	0.1196	0.1154	0.1208	0.1044	0.1069	0.1017	0.1031	0.1098	0.1089	0.1087	0.1238	0.1015	0.1041	0.1015	0.1003	0.1016	0.1007	0.1032	0.0974	0.0986	0.0994	0.0992	0.0966	0.0965	0.0978	0.0956	0.0961	0.0981	0.0973	0.0985	0.0973	0.0951	0.0937	0.0956	0.0958	0.0961	0.0970	0.0974	0.0957	0.0950	0.0941	0.0944	0.0936	0.0968	0.0957	0.0961	0.0966	
0.1472	0.1517	0.1590	0.1563	0.1241	0.1248	0.1202	0.1139	0.1404	0.1410	0.1486	0.1362	0.1184	0.1184	0.1105	0.1108	0.1247	0.1232	0.1182	0.1234	0.1060	0.1097	0.1030	0.1034	0.1118	0.1104	0.1111	0.1281	0.1020	0.1043	0.1030	0.1015	0.1026	0.1014	0.1050	0.0969	0.1000	0.0998	0.1009	0.0994	0.0974	0.0979	0.0949	0.0970	0.0980	0.0982	0.0972	0.0972	0.0952	0.0949	0.0951	0.0955	0.0985	0.0978	0.0964	0.0962	0.0944	0.0953	0.0939	0.0935	0.0974	0.0974	0.0964	0.0968	
0.1553	0.1601	0.1686	0.1636	0.1281	0.1269	0.1213	0.1174	0.1478	0.1482	0.1565	0.1425	0.1208	0.1210	0.1129	0.1128	0.1297	0.1276	0.1234	0.1287	0.1066	0.1091	0.1033	0.1036	0.1145	0.1141	0.1142	0.1345	0.1032	0.1035	0.1012	0.1002	0.1039	0.1034	0.1065	0.0983	0.0984	0.0993	0.1002	0.0968	0.0981	0.0995	0.0960	0.0975	0.0969	0.0976	0.0975	0.0969	0.0962	0.0953	0.0963	0.0968	0.0970	0.0966	0.0975	0.0951	0.0950	0.0960	0.0948	0.0939	0.0968	0.0961	0.0948	0.0955	
0.1623	0.1684	0.1747	0.1719	0.1317	0.1306	0.1252	0.1183	0.1539	0.1541	0.1624	0.1467	0.1236	0.1245	0.1145	0.1135	0.1336	0.1326	0.1258	0.1319	0.1066	0.1126	0.1038	0.1051	0.1160	0.1154	0.1153	0.1383	0.1035	0.1033	0.1028	0.1012	0.1044	0.1042	0.1084	0.0986	0.0978	0.0990	0.1024	0.0979	0.0971	0.0996	0.0956	0.0973	0.0968	0.0964	0.0980	0.0974	0.0961	0.0944	0.0958	0.0966	0.0970	0.0953	0.0971	0.0969	0.0943	0.0942	0.0945	0.0940	0.0958	0.0972	0.0953	0.0960	
0.1691	0.1744	0.1869	0.1802	0.1379	0.1338	0.1280	0.1203	0.1611	0.1624	0.1729	0.1557	0.1259	0.1259	0.1157	0.1162	0.1391	0.1376	0.1320	0.1382	0.1079	0.1145	0.1063	0.1056	0.1210	0.1194	0.1194	0.1456	0.1043	0.1057	0.1031	0.1020	0.1063	0.1059	0.1106	0.1005	0.0992	0.1006	0.1019	0.0974	0.0976	0.1012	0.0964	0.0974	0.0987	0.0975	0.0968	0.0965	0.0969	0.0950	0.0964	0.0972	0.0957	0.0968	0.0973	0.0958	0.0957	0.0951	0.0946	0.0936	0.0952	0.0968	0.0961	0.0961	
0.1777	0.1873	0.1964	0.1919	0.1416	0.1386	0.1326	0.1238	0.1704	0.1714	0.1835	0.1629	0.1285	0.1296	0.1180	0.1190	0.1453	0.1444	0.1360	0.1447	0.1111	0.1171	0.1082	0.1087	0.1251	0.1235	0.1242	0.1534	0.1055	0.1078	0.1050	0.1028	0.1081	0.1079	0.1127	0.1012	0.0990	0.0992	0.1028	0.0983	0.0986	0.1016	0.0961	0.0983	0.0990	0.0975	0.0972	0.0976	0.0975	0.0953	0.0970	0.0975	0.0968	0.0984	0.0990	0.0954	0.0950	0.0949	0.0950	0.0942	0.0959	0.0962	0.0946	0.0966	
0.1886	0.1977	0.2107	0.2023	0.1481	0.1447	0.1358	0.1281	0.1820	0.1823	0.1955	0.1690	0.1333	0.1363	0.1210	0.1224	0.1528	0.1510	0.1435	0.1520	0.1140	0.1191	0.1103	0.1097	0.1297	0.1269	0.1284	0.1619	0.1065	0.1095	0.1056	0.1027	0.1113	0.1108	0.1165	0.1020	0.1006	0.1007	0.1032	0.0991	0.1004	0.1041	0.0971	0.0995	0.0981	0.0970	0.0969	0.0970	0.0972	0.0961	0.0982	0.0976	0.0961	0.0978	0.0974	0.0977	0.0957	0.0956	0.0954	0.0950	0.0955	0.0955	0.0958	0.0955	
0.1977	0.2086	0.2239	0.2148	0.1530	0.1501	0.1391	0.1293	0.1905	0.1914	0.2062	0.1807	0.1397	0.1385	0.1241	0.1238	0.1590	0.1575	0.1517	0.1591	0.1155	0.1225	0.1098	0.1115	0.1331	0.1315	0.1344	0.1716	0.1084	0.1102	0.1049	0.1033	0.1130	0.1113	0.1195	0.1026	0.1011	0.1009	0.1035	0.0983	0.1007	0.1044	0.0965	0.0995	0.0969	0.0968	0.0975	0.0964	0.0982	0.0963	0.0975	0.0989	0.0967	0.0966	0.0976	0.0951	0.0956	0.0948	0.0948	0.0948	0.0946	0.0958	0.0958	0.0945	
0.2134	0.2237	0.2334	0.2269	0.1606	0.1562	0.1464	0.1333	0.2017	0.2002	0.2163	0.1905	0.1440	0.1429	0.1261	0.1273	0.1682	0.1661	0.1566	0.1665	0.1192	0.1272	0.1147	0.1127	0.1378	0.1374	0.1375	0.1822	0.1102	0.1109	0.1078	0.1044	0.1144	0.1147	0.1223	0.1032	0.1028	0.1024	0.1050	0.0988	0.1014	0.1065	0.0968	0.1007	0.0989	0.0974	0.0978	0.0967	0.0985	0.0968	0.0982	0.0985	0.0985	0.0980	0.0983	0.0958	0.0960	0.0961	0.0958	0.0953	0.0958	0.0965	0.0962	0.0965	
0.2242	0.2342	0.2491	0.2401	0.1667	0.1630	0.1508	0.1382	0.2113	0.2126	0.2291	0.2032	0.1497	0.1490	0.1310	0.1322	0.1763	0.1728	0.1652	0.1768	0.1230	0.1306	0.1146	0.1154	0.1437	0.1407	0.1424	0.1942	0.1129	0.1157	0.1097	0.1046	0.1180	0.1179	0.1251	0.1042	0.1033	0.1044	0.1071	0.0988	0.1026	0.1069	0.0975	0.1004	0.0997	0.0981	0.0969	0.0964	0.1007	0.0967	0.0988	0.0984	0.0968	0.0971	0.1006	0.0973	0.0961	0.0966	0.0952	0.0955	0.0962	0.0977	0.0959	0.0957	
0.2415	0.2523	0.2689	0.2566	0.1727	0.1703	0.1565	0.1425	0.2295	0.2272	0.2464	0.2163	0.1568	0.1553	0.1344	0.1349	0.1859	0.1854	0.1739	0.1878	0.1268	0.1344	0.1197	0.1177	0.1497	0.1475	0.1506	0.2075	0.1155	0.1170	0.1120	0.1059	0.1209	0.1210	0.1303	0.1062	0.1052	0.1052	0.1063	0.1012	0.1038	0.1110	0.0984	0.1025	0.0999	0.0988	0.0991	0.0980	0.1004	0.0990	0.1008	0.0993	0.0979	0.0986	0.0995	0.0974	0.0961	0.0969	0.0954	0.0949	0.0976	0.0962	0.0972	0.0976	
0.2551	0.2705	0.2853	0.2724	0.1828	0.1766	0.1610	0.1469	0.2431	0.2447	0.2611	0.2261	0.1640	0.1612	0.1400	0.1401	0.1984	0.1976	0.1847	0.1989	0.1304	0.1426	0.1222	0.1199	0.1585	0.1559	0.1583	0.2208	0.1168	0.1209	0.1139	0.1066	0.1241	0.1255	0.1352	0.1082	0.1050	0.1088	0.1087	0.1011	0.1054	0.1122	0.0992	0.1033	0.1007	0.1007	0.1000	0.0988	0.1004	0.0987	0.1001	0.0994	0.0991	0.0996	0.0990	0.0971	0.0953	0.0962	0.0960	0.0953	0.0975	0.0974	0.0973	0.0978	
0.2756	0.2896	0.3047	0.2910	0.1924	0.1875	0.1699	0.1519	0.2625	0.2615	0.2821	0.2410	0.1740	0.1685	0.1444	0.1464	0.2107	0.2081	0.1957	0.2113	0.1375	0.1462	0.1267	0.1229	0.1638	0.1631	0.1657	0.2402	0.1208	0.1237	0.1165	0.1091	0.1277	0.1292	0.1404	0.1101	0.1079	0.1068	0.1101	0.1037	0.1062	0.1139	0.0997	0.1043	0.1012	0.1023	0.0996	0.0995	0.1013	0.0999	0.1024	0.1002	0.0994	0.0995	0.1003	0.0987	0.0967	0.0969	0.0963	0.0952	0.0976	0.0969	0.0980	0.0975	
0.2945	0.3111	0.3256	0.3118	0.2002	0.1950	0.1747	0.1536	0.2801	0.2769	0.3017	0.2594	0.1795	0.1775	0.1510	0.1495	0.2235	0.2203	0.2066	0.2239	0.1410	0.1502	0.1290	0.1265	0.1731	0.1710	0.1749	0.2523	0.1233	0.1247	0.1181	0.1098	0.1320	0.1327	0.1469	0.1112	0.1076	0.1086	0.1113	0.1012	0.1084	0.1171	0.1005	0.1058	0.1016	0.1008	0.0994	0.0996	0.1034	0.1014	0.1024	0.1027	0.0984	0.0998	0.1001	0.0976	0.0977	0.0974	0.0971	0.0956	0.0969	0.0984	0.0974	0.0970	
0.3166	0.3266	0.3483	0.3312	0.2089	0.2062	0.1838	0.1605	0.2973	0.2968	0.3193	0.2747	0.1897	0.1814	0.1549	0.1546	0.2387	0.2331	0.2174	0.2375	0.1442	0.1578	0.1329	0.1296	0.1820	0.1812	0.1834	0.2741	0.1270	0.1284	0.1222	0.1115	0.1363	0.1377	0.1528	0.1151	0.1081	0.1103	0.1141	0.1034	0.1091	0.1201	0.1016	0.1075	0.1019	0.1022	0.1013	0.1015	0.1040	0.1023	0.1039	0.1015	0.0983	0.1002	0.1005	0.0988	0.0974	0.0970	0.0971	0.0953	0.0975	0.0987	0.0975	0.0980	
0.3400	0.3508	0.3708	0.3556	0.2222	0.2164	0.1913	0.1676	0.3220	0.3176	0.3417	0.2961	0.2008	0.1961	0.1599	0.1612	0.2566	0.2499	0.2356	0.2545	0.1494	0.1630	0.1340	0.1312	0.1927	0.1902	0.1930	0.2938	0.1308	0.1352	0.1240	0.1132	0.1422	0.1432	0.1604	0.1180	0.1116	0.1121	0.1139	0.1039	0.1129	0.1228	0.1024	0.1088	0.1026	0.1024	0.1001	0.1001	0.1054	0.1045	0.1048	0.1042	0.0991	0.1004	0.1007	0.0983	0.0981	0.0976	0.0980	0.0981	0.0979	0.0975	0.0966	0.0963	
0.3607	0.3781	0.3884	0.3741	0.2345	0.2281	0.2016	0.1730	0.3396	0.3377	0.3687	0.3128	0.2123	0.2027	0.1659	0.1649	0.2742	0.2708	0.2538	0.2728	0.1579	0.1717	0.1396	0.1362	0.2076	0.2033	0.2094	0.3189	0.1341	0.1369	0.1273	0.1143	0.1502	0.1517	0.1703	0.1219	0.1162	0.1132	0.1146	0.1051	0.1159	0.1265	0.1027	0.1110	0.1035	0.1026	0.1005	0.1004	0.1076	0.1048	0.1079	0.1041	0.0989	0.1028	0.1019	0.0974	0.0978	0.0985	0.0979	0.0951	0.0966	0.0987	0.0968	0.0973	
0.3853	0.3979	0.4186	0.3958	0.2505	0.2443	0.2100	0.1813	0.3653	0.3599	0.3913	0.3352	0.2255	0.2161	0.1736	0.1737	0.2917	0.2862	0.2687	0.2932	0.1649	0.1781	0.1476	0.1413	0.2177	0.2144	0.2199	0.3428	0.1388	0.1441	0.1323	0.1163	0.1577	0.1585	0.1793	0.1247	0.1181	0.1168	0.1196	0.1071	0.1185	0.1305	0.1053	0.1130	0.1056	0.1054	0.1025	0.1024	0.1093	0.1064	0.1085	0.1062	0.1009	0.1023	0.1025	0.0993	0.0979	0.0981	0.0973	0.0963	0.0992	0.0977	0.0985	0.0980	
0.4104	0.4221	0.4328	0.4220	0.2672	0.2605	0.2243	0.1903	0.3881	0.3870	0.4155	0.3540	0.2395	0.2256	0.1829	0.1803	0.3101	0.3082	0.2878	0.3122	0.1756	0.1879	0.1506	0.1443	0.2351	0.2335	0.2319	0.3705	0.1446	0.1499	0.1360	0.1178	0.1601	0.1648	0.1891	0.1304	0.1168	0.1190	0.1215	0.1074	0.1200	0.1354	0.1086	0.1157	0.1055	0.1063	0.1022	0.1023	0.1102	0.1090	0.1099	0.1068	0.1005	0.1030	0.1021	0.0986	0.0983	0.0987	0.0978	0.0953	0.0974	0.0979	0.0977	0.0977	
0.4390	0.4508	0.4706	0.4492	0.2851	0.2784	0.2371	0.2007	0.4204	0.4131	0.4477	0.3817	0.2541	0.2371	0.1929	0.1903	0.3352	0.3311	0.3094	0.3351	0.1882	0.1993	0.1587	0.1497	0.2493	0.2438	0.2509	0.3953	0.1524	0.1544	0.1396	0.1192	0.1716	0.1731	0.1996	0.1337	0.1213	0.1223	0.1252	0.1105	0.1241	0.1402	0.1085	0.1192	0.1078	0.1052	0.1031	0.1033	0.1129	0.1093	0.1130	0.1095	0.0999	0.1022	0.1031	0.0988	0.0989	0.1006	0.0999	0.0964	0.0975	0.0983	0.0987	0.0972	
0.4636	0.4734	0.4880	0.4724	0.3022	0.2939	0.2514	0.2064	0.4381	0.4334	0.4704	0.4102	0.2670	0.2512	0.1988	0.1987	0.3568	0.3522	0.3297	0.3568	0.1931	0.2081	0.1634	0.1564	0.2654	0.2579	0.2670	0.4194	0.1567	0.1617	0.1441	0.1223	0.1827	0.1864	0.2123	0.1410	0.1259	0.1249	0.1265	0.1099	0.1289	0.1457	0.1106	0.1223	0.1088	0.1077	0.1042	0.1031	0.1157	0.1127	0.1149	0.1113	0.1015	0.1043	0.1033	0.0989	0.0989	0.1001	0.1002	0.0975	0.0984	0.0991	0.0980	0.0984	
0.4906	0.5028	0.5111	0.4999	0.3212	0.3111	0.2652	0.2183	0.4651	0.4616	0.4942	0.4347	0.2840	0.2678	0.2080	0.2088	0.3834	0.3773	0.3527	0.3848	0.2102	0.2250	0.1717	0.1613	0.2849	0.2800	0.2850	0.4482	0.1648	0.1703	0.1498	0.1266	0.1934	0.1988	0.2283	0.1477	0.1285	0.1291	0.1319	0.1121	0.1348	0.1557	0.1133	0.1266	0.1102	0.1099	0.1049	0.1032	0.1186	0.1137	0.1191	0.1139	0.1041	0.1057	0.1048	0.1001	0.1005	0.1011	0.1011	0.0979	0.0990	0.0983	0.0988	0.0992	
0.5219	0.5305	0.5449	0.5281	0.3450	0.3311	0.2837	0.2308	0.4977	0.4920	0.5252	0.4568	0.3022	0.2808	0.2210	0.2182	0.4093	0.4050	0.3795	0.4091	0.2213	0.2341	0.1801	0.1694	0.3016	0.2961	0.3040	0.4770	0.1737	0.1776	0.1574	0.1295	0.2017	0.2047	0.2366	0.1531	0.1333	0.1324	0.1375	0.1147	0.1366	0.1610	0.1151	0.1290	0.1133	0.1118	0.1077	0.1054	0.1216	0.1175	0.1209	0.1166	0.1063	0.1089	0.1078	0.1023	0.1018	0.1031	0.1028	0.0989	0.1006	0.0998	0.0997	0.0982	
0.5459	0.5522	0.5622	0.5517	0.3595	0.3514	0.2968	0.2409	0.5232	0.5159	0.5462	0.4869	0.3206	0.2992	0.2304	0.2300	0.4335	0.4314	0.4055	0.4349	0.2368	0.2472	0.1871	0.1765	0.3250	0.3182	0.3267	0.5030	0.1823	0.1830	0.1638	0.1300	0.2170	0.2187	0.2545	0.1598	0.1393	0.1372	0.1404	0.1162	0.1438	0.1695	0.1175	0.1360	0.1153	0.1127	0.1062	0.1065	0.1255	0.1201	0.1261	0.1212	0.1059	0.1087	0.1056	0.1025	0.1013	0.1040	0.1042	0.0999	0.1005	0.0999	0.1028	0.0986	
0.5749	0.5831	0.5881	0.5771	0.3872	0.3746	0.3132	0.2545	0.5534	0.5455	0.5738	0.5113	0.3421	0.3136	0.2428	0.2407	0.4576	0.4557	0.4307	0.4528	0.2502	0.2618	0.1966	0.1803	0.3436	0.3362	0.3444	0.5315	0.1905	0.1951	0.1678	0.1346	0.2300	0.2333	0.2703	0.1690	0.1423	0.1405	0.1427	0.1177	0.1502	0.1771	0.1208	0.1403	0.1161	0.1144	0.1065	0.1058	0.1281	0.1224	0.1293	0.1225	0.1067	0.1102	0.1086	0.1015	0.1030	0.1045	0.1059	0.1000	0.0995	0.0987	0.0992	0.0987	
0.5946	0.6013	0.6121	0.6000	0.4088	0.3928	0.3327	0.2672	0.5759	0.5699	0.6001	0.5305	0.3649	0.3346	0.2535	0.2522	0.4858	0.4854	0.4568	0.4800	0.2620	0.2742	0.2049	0.1886	0.3709	0.3626	0.3664	0.5578	0.2018	0.2024	0.1786	0.1391	0.2449	0.2504	0.2875	0.1785	0.1473	0.1452	0.1500	0.1204	0.1540	0.1889	0.1244	0.1451	0.1189	0.1151	0.1091	0.1067	0.1330	0.1284	0.1355	0.1275	0.1076	0.1111	0.1104	0.1022	0.1034	0.1054	0.1051	0.1006	0.1109	0.0989	0.0986	0.0982	
0.6234	0.6297	0.6393	0.6270	0.4291	0.4157	0.3534	0.2820	0.6014	0.5957	0.6312	0.5603	0.3870	0.3530	0.2705	0.2681	0.5114	0.5094	0.4841	0.5090	0.2821	0.2903	0.2127	0.1985	0.3899	0.3886	0.3932	0.5855	0.2136	0.2130	0.1850	0.1437	0.2584	0.2651	0.3125	0.1875	0.1533	0.1508	0.1534	0.1224	0.1618	0.1986	0.1279	0.1540	0.1212	0.1179	0.1099	0.1079	0.1370	0.1328	0.1403	0.1314	0.1093	0.1134	0.1100	0.1023	0.1049	0.1072	0.1070	0.1013	0.1010	0.1011	0.0998	0.0999	
0.6455	0.6526	0.6573	0.6503	0.4502	0.4386	0.3703	0.2978	0.6296	0.6224	0.6571	0.5893	0.4073	0.3683	0.2843	0.2794	0.5366	0.5374	0.5072	0.5320	0.3009	0.3111	0.2244	0.2057	0.4134	0.4143	0.4169	0.6027	0.2248	0.2225	0.1902	0.1471	0.2763	0.2804	0.3283	0.1991	0.1609	0.1562	0.1578	0.1256	0.1684	0.2063	0.1326	0.1601	0.1247	0.1196	0.1113	0.1096	0.1436	0.1357	0.1445	0.1356	0.1101	0.1158	0.1110	0.1026	0.1064	0.1089	0.1094	0.1009	0.1030	0.1008	0.0992	0.1009	
0.6583	0.6711	0.6783	0.6654	0.4772	0.4611	0.3939	0.3109	0.6536	0.6458	0.6793	0.6141	0.4269	0.3903	0.2952	0.2955	0.5622	0.5625	0.5343	0.5608	0.3119	0.3223	0.2355	0.2169	0.4392	0.4422	0.4459	0.6252	0.2367	0.2324	0.2000	0.1509	0.2960	0.2980	0.3488	0.2105	0.1680	0.1593	0.1638	0.1278	0.1787	0.2229	0.1373	0.1672	0.1286	0.1227	0.1126	0.1095	0.1495	0.1427	0.1508	0.1409	0.1132	0.1168	0.1141	0.1040	0.1076	0.1112	0.1114	0.1032	0.1018	0.1005	0.0998	0.0999	
0.6767	0.6881	0.6962	0.6822	0.4980	0.4860	0.4168	0.3291	0.6747	0.6712	0.7018	0.6414	0.4507	0.4125	0.3151	0.3131	0.5895	0.5881	0.5608	0.5850	0.3336	0.3432	0.2486	0.2258	0.4656	0.4616	0.4712	0.6364	0.2527	0.2462	0.2100	0.1531	0.3152	0.3221	0.3732	0.2222	0.1769	0.1659	0.1696	0.1308	0.1905	0.2369	0.1425	0.1767	0.1298	0.1252	0.1136	0.1120	0.1537	0.1480	0.1604	0.1457	0.1148	0.1203	0.1148	0.1035	0.1093	0.1139	0.1140	0.1040	0.1022	0.1006	0.1000	0.0998	
0.6952	0.7069	0.7128	0.6951	0.5135	0.5063	0.4335	0.3433	0.6981	0.6936	0.7198	0.6623	0.4735	0.4320	0.3323	0.3270	0.6133	0.6105	0.5808	0.6021	0.3480	0.3587	0.2642	0.2356	0.4868	0.4908	0.4960	0.6565	0.2660	0.2611	0.2224	0.1603	0.3323	0.3399	0.3966	0.2343	0.1813	0.1731	0.1790	0.1349	0.2004	0.2526	0.1494	0.1860	0.1361	0.1306	0.1151	0.1140	0.1626	0.1532	0.1659	0.1527	0.1169	0.1230	0.1176	0.1054	0.1113	0.1152	0.1148	0.1058	0.1038	0.1010	0.1027	0.0993	
0.7008	0.7107	0.7237	0.7061	0.5447	0.5313	0.4578	0.3621	0.7133	0.7122	0.7305	0.6880	0.4953	0.4538	0.3492	0.3473	0.6352	0.6353	0.6050	0.6283	0.3676	0.3763	0.2742	0.2466	0.5140	0.5197	0.5195	0.6626	0.2827	0.2737	0.2309	0.1641	0.3556	0.3605	0.4238	0.2505	0.1907	0.1804	0.1866	0.1376	0.2106	0.2677	0.1556	0.1942	0.1389	0.1331	0.1179	0.1137	0.1691	0.1624	0.1741	0.1604	0.1198	0.1235	0.1185	0.1041	0.1134	0.1196	0.1178	0.1065	0.1036	0.1009	0.1007	0.0989	
0.7103	0.7211	0.7306	0.7131	0.5638	0.5551	0.4819	0.3834	0.7283	0.7294	0.7459	0.7104	0.5222	0.4754	0.3698	0.3661	0.6610	0.6553	0.6253	0.6446	0.3940	0.3990	0.2892	0.2619	0.5360	0.5445	0.5391	0.6594	0.3015	0.2892	0.2425	0.1747	0.3719	0.3806	0.4442	0.2666	0.2097	0.1925	0.1938	0.1414	0.2227	0.2848	0.1637	0.2053	0.1457	0.1362	0.1196	0.1153	0.1783	0.1683	0.1817	0.1678	0.1236	0.1284	0.1235	0.1070	0.1161	0.1235	0.1205	0.1090	0.1042	0.1030	0.1017	0.1015	
0.7156	0.7257	0.7341	0.7138	0.5910	0.5756	0.5053	0.4022	0.7397	0.7426	0.7508	0.7306	0.5473	0.4960	0.3898	0.3842	0.6756	0.6748	0.6384	0.6567	0.4084	0.4163	0.3017	0.2709	0.5632	0.5699	0.5708	0.6633	0.3177	0.3052	0.2565	0.1811	0.3919	0.4078	0.4705	0.2854	0.2157	0.2003	0.2004	0.1476	0.2368	0.3017	0.1705	0.2193	0.1488	0.1410	0.1233	0.1179	0.1887	0.1777	0.1911	0.1737	0.1256	0.1318	0.1232	0.1069	0.1212	0.1246	0.1231	0.1102	0.1072	0.1020	0.1020	0.1002	
0.7120	0.7231	0.7374	0.7146	0.6038	0.5950	0.5258	0.4221	0.7429	0.7500	0.7544	0.7373	0.5651	0.5189	0.4072	0.4006	0.6908	0.6884	0.6540	0.6727	0.4328	0.4357	0.3153	0.2840	0.5856	0.5897	0.5899	0.6919	0.3328	0.3214	0.2653	0.1872	0.4174	0.4219	0.4912	0.3031	0.2242	0.2069	0.2087	0.1495	0.2533	0.3188	0.1788	0.2305	0.1541	0.1443	0.1237	0.1208	0.1985	0.1895	0.2052	0.1835	0.1284	0.1339	0.1256	0.1081	0.1192	0.1288	0.1284	0.1121	0.1068	0.1041	0.1024	0.1018	
0.7177	0.7301	0.7389	0.7159	0.6223	0.6176	0.5504	0.4428	0.7478	0.7565	0.7584	0.7486	0.5889	0.5420	0.4269	0.4218	0.7046	0.7008	0.6674	0.6922	0.4547	0.4587	0.3329	0.2988	0.6059	0.6165	0.6115	0.6938	0.3511	0.3352	0.2854	0.1945	0.4416	0.4479	0.5130	0.3197	0.2395	0.2168	0.2201	0.1540	0.2685	0.3411	0.1903	0.2454	0.1593	0.1485	0.1265	0.1220	0.2107	0.2007	0.2174	0.1943	0.1324	0.1396	0.1280	0.1101	0.1235	0.1320	0.1321	0.1160	0.1087	0.1052	0.1010	0.1016	
0.7215	0.7351	0.7418	0.7187	0.6361	0.6365	0.5759	0.4687	0.7507	0.7621	0.7603	0.7559	0.6057	0.5656	0.4472	0.4455	0.7205	0.7143	0.6810	0.6972	0.4765	0.4821	0.3532	0.3159	0.6273	0.6425	0.6280	0.7030	0.3722	0.3593	0.3014	0.2047	0.4609	0.4736	0.5396	0.3425	0.2559	0.2334	0.2308	0.1618	0.2835	0.3599	0.1992	0.2639	0.1695	0.1545	0.1336	0.1241	0.2211	0.2110	0.2270	0.2058	0.1369	0.1449	0.1328	0.1111	0.1283	0.1373	0.1359	0.1162	0.1110	0.1071	0.1032	0.1046	
0.7177	0.7307	0.7389	0.7171	0.6474	0.6512	0.5966	0.4926	0.7497	0.7613	0.7653	0.7583	0.6252	0.5824	0.4710	0.4650	0.7262	0.7272	0.6975	0.7190	0.5034	0.5059	0.3757	0.3353	0.6508	0.6657	0.6488	0.7073	0.3948	0.3764	0.3195	0.2127	0.4883	0.5039	0.5689	0.3629	0.2722	0.2445	0.2437	0.1710	0.3043	0.3831	0.2124	0.2806	0.1759	0.1611	0.1348	0.1283	0.2370	0.2236	0.2464	0.2163	0.1432	0.1501	0.1362	0.1145	0.1295	0.1415	0.1400	0.1186	0.1134	0.1075	0.1049	0.1047	
0.7255	0.7373	0.7458	0.7221	0.6569	0.6588	0.6162	0.5160	0.7562	0.7699	0.7679	0.7569	0.6350	0.6000	0.4943	0.4854	0.7259	0.7279	0.7085	0.7210	0.5297	0.5283	0.3906	0.3536	0.6624	0.6814	0.6604	0.7083	0.4147	0.4024	0.3308	0.2244	0.5070	0.5221	0.5852	0.3859	0.2866	0.2570	0.2554	0.1739	0.3244	0.4080	0.2232	0.2984	0.1808	0.1677	0.1392	0.1292	0.2516	0.2399	0.2607	0.2286	0.1459	0.1550	0.1420	0.1146	0.1355	0.1496	0.1464	0.1229	0.1144	0.1109	0.1058	0.1054	
0.7319	0.7446	0.7529	0.7278	0.6544	0.6596	0.6289	0.5394	0.7587	0.7725	0.7718	0.7677	0.6438	0.6226	0.5104	0.5095	0.7355	0.7380	0.7262	0.7293	0.5578	0.5473	0.4103	0.3673	0.6805	0.7027	0.6673	0.7171	0.4368	0.4132	0.3506	0.2321	0.5315	0.5451	0.6038	0.4075	0.3006	0.2702	0.2666	0.1840	0.3391	0.4257	0.2374	0.3161	0.1930	0.1725	0.1409	0.1342	0.2656	0.2535	0.2771	0.2414	0.1514	0.1587	0.1444	0.1158	0.1407	0.1545	0.1527	0.1259	0.1153	0.1096	0.1062	0.1031	
0.7329	0.7437	0.7552	0.7320	0.6552	0.6592	0.6367	0.5558	0.7629	0.7758	0.7746	0.7729	0.6492	0.6368	0.5289	0.5229	0.7369	0.7381	0.7250	0.7338	0.5756	0.5668	0.4291	0.3830	0.6974	0.7133	0.6875	0.7090	0.4534	0.4318	0.3620	0.2426	0.5550	0.5692	0.6223	0.4336	0.3214	0.2852	0.2769	0.1854	0.3638	0.4534	0.2510	0.3385	0.1980	0.1825	0.1445	0.1330	0.2854	0.2692	0.2983	0.2574	0.1555	0.1678	0.1468	0.1174	0.1447	0.1623	0.1585	0.1297	0.1178	0.1105	0.1066	0.1050	
