0.0869	0.0853	0.0861	0.0856	0.0862	0.0856	0.0849	0.0870	0.0878	0.0910	0.0902	0.0903	0.0915	0.0913	0.0905	0.0910	0.0864	0.0872	0.0876	0.0897	0.0870	0.0870	0.0867	0.0870	0.0880	0.0897	0.0920	0.0897	0.0885	0.0902	0.0886	0.0903	0.0860	0.0879	0.0873	0.0870	0.0876	0.0881	0.0860	0.0868	0.1122	0.0871	0.0886	0.0932	0.0909	0.0939	0.0900	0.0891	0.0864	0.0870	0.0859	0.0880	0.0882	0.0873	0.0899	0.0867	0.0942	0.0887	0.0975	0.0902	0.0897	0.0978	0.0904	0.0944	
0.0863	0.0861	0.0866	0.0864	0.0858	0.0855	0.0862	0.0863	0.0856	0.0872	0.0863	0.0867	0.0873	0.0871	0.0869	0.0858	0.0862	0.0860	0.0850	0.0893	0.0857	0.0859	0.0863	0.0860	0.0851	0.0863	0.0879	0.0855	0.0859	0.0853	0.0846	0.0867	0.0856	0.0865	0.0866	0.0862	0.0854	0.0856	0.0855	0.0855	0.0850	0.0856	0.0863	0.0857	0.0857	0.0845	0.0854	0.0858	0.0870	0.0862	0.0856	0.0866	0.0876	0.0857	0.0902	0.0859	0.0858	0.0860	0.0862	0.0860	0.0864	0.0848	0.0853	0.0853	
0.0865	0.0857	0.0860	0.0861	0.0856	0.0860	0.0864	0.0859	0.0852	0.0865	0.0865	0.0869	0.0869	0.0856	0.0863	0.0850	0.0855	0.0867	0.0854	0.0883	0.0860	0.0852	0.0862	0.0858	0.0844	0.0865	0.0880	0.0860	0.0862	0.0848	0.0849	0.0863	0.0852	0.0863	0.0863	0.0855	0.0862	0.0858	0.0852	0.0856	0.0862	0.0861	0.0860	0.0859	0.0864	0.0850	0.0851	0.0860	0.0863	0.0856	0.0860	0.0866	0.0871	0.0858	0.0904	0.0862	0.0853	0.0868	0.0855	0.0856	0.0861	0.0851	0.0851	0.0857	
0.0852	0.0859	0.0858	0.0854	0.0854	0.0846	0.0858	0.0855	0.0844	0.0857	0.0855	0.0851	0.0863	0.0854	0.0853	0.0836	0.0843	0.0855	0.0854	0.0874	0.0848	0.0855	0.0857	0.0850	0.0837	0.0852	0.0874	0.0845	0.0844	0.0844	0.0840	0.0850	0.0843	0.0862	0.0859	0.0848	0.0854	0.0849	0.0848	0.0848	0.0845	0.0850	0.0846	0.0848	0.0854	0.0835	0.0849	0.0852	0.0848	0.0856	0.0848	0.0862	0.0870	0.0850	0.0900	0.0850	0.0845	0.0850	0.0845	0.0855	0.0858	0.0850	0.0847	0.0850	
0.0843	0.0841	0.0844	0.0843	0.0839	0.0839	0.0848	0.0846	0.0838	0.0841	0.0845	0.0844	0.0848	0.0845	0.0842	0.0825	0.0837	0.0848	0.0846	0.0871	0.0842	0.0839	0.0849	0.0845	0.0825	0.0844	0.0859	0.0833	0.0826	0.0829	0.0830	0.0843	0.0829	0.0849	0.0853	0.0838	0.0846	0.0843	0.0845	0.0839	0.0831	0.0851	0.0835	0.0832	0.0837	0.0837	0.0841	0.0835	0.0832	0.0846	0.0845	0.0851	0.0859	0.0841	0.0897	0.0844	0.0835	0.0840	0.0846	0.0838	0.0843	0.0828	0.0838	0.0840	
0.0855	0.0850	0.0853	0.0854	0.0847	0.0847	0.0858	0.0849	0.0842	0.0851	0.0850	0.0853	0.0856	0.0851	0.0850	0.0833	0.0842	0.0856	0.0850	0.0880	0.0854	0.0852	0.0854	0.0851	0.0834	0.0854	0.0868	0.0843	0.0837	0.0837	0.0836	0.0848	0.0830	0.0860	0.0860	0.0854	0.0852	0.0845	0.0849	0.0850	0.0839	0.0848	0.0843	0.0839	0.0853	0.0843	0.0845	0.0839	0.0850	0.0857	0.0853	0.0856	0.0877	0.0865	0.0903	0.0852	0.0844	0.0852	0.0852	0.0857	0.0859	0.0842	0.0841	0.0846	
0.0835	0.0832	0.0843	0.0839	0.0831	0.0830	0.0843	0.0836	0.0824	0.0837	0.0832	0.0836	0.0841	0.0835	0.0829	0.0816	0.0827	0.0840	0.0831	0.0855	0.0839	0.0834	0.0834	0.0837	0.0818	0.0834	0.0849	0.0825	0.0824	0.0820	0.0812	0.0837	0.0821	0.0840	0.0840	0.0833	0.0836	0.0828	0.0837	0.0831	0.0828	0.0830	0.0829	0.0830	0.0837	0.0825	0.0826	0.0831	0.0838	0.0840	0.0845	0.0849	0.0862	0.0844	0.0874	0.0840	0.0831	0.0829	0.0831	0.0835	0.0831	0.0824	0.0822	0.0817	
0.0837	0.0834	0.0842	0.0838	0.0837	0.0834	0.0846	0.0841	0.0820	0.0828	0.0830	0.0828	0.0838	0.0824	0.0823	0.0808	0.0819	0.0846	0.0834	0.0864	0.0845	0.0831	0.0838	0.0834	0.0813	0.0840	0.0843	0.0817	0.0815	0.0814	0.0820	0.0829	0.0817	0.0844	0.0845	0.0834	0.0835	0.0828	0.0835	0.0832	0.0821	0.0830	0.0813	0.0822	0.0829	0.0811	0.0818	0.0821	0.0824	0.0843	0.0837	0.0841	0.0856	0.0835	0.0875	0.0832	0.0822	0.0825	0.0825	0.0825	0.0835	0.0815	0.0811	0.0824	
0.0806	0.0800	0.0807	0.0803	0.0794	0.0804	0.0809	0.0805	0.0784	0.0785	0.0795	0.0794	0.0800	0.0793	0.0786	0.0780	0.0794	0.0800	0.0799	0.0828	0.0805	0.0794	0.0792	0.0798	0.0788	0.0800	0.0818	0.0788	0.0779	0.0783	0.0783	0.0794	0.0788	0.0805	0.0805	0.0799	0.0801	0.0796	0.0793	0.0802	0.0790	0.0796	0.0788	0.0784	0.0795	0.0771	0.0793	0.0790	0.0796	0.0801	0.0796	0.0809	0.0824	0.0801	0.0842	0.0808	0.0780	0.0786	0.0798	0.0799	0.0786	0.0775	0.0778	0.0790	
0.0858	0.0849	0.0853	0.0860	0.0843	0.0850	0.0851	0.0860	0.0852	0.0855	0.0860	0.0862	0.0873	0.0850	0.0855	0.0840	0.0876	0.0852	0.0853	0.0877	0.0852	0.0844	0.0849	0.0846	0.0847	0.0865	0.0869	0.0850	0.0850	0.0842	0.0831	0.0850	0.0862	0.0844	0.0854	0.0840	0.0849	0.0837	0.0851	0.0844	0.0846	0.0855	0.0855	0.0849	0.0860	0.0845	0.0839	0.0851	0.0872	0.0850	0.0848	0.0852	0.0870	0.0857	0.0888	0.0846	0.0851	0.0854	0.0850	0.0857	0.0861	0.0837	0.0840	0.0853	
0.0885	0.0878	0.0884	0.0885	0.0876	0.0880	0.0889	0.0891	0.0894	0.0903	0.0907	0.0908	0.0908	0.0898	0.0905	0.0890	0.0906	0.0881	0.0880	0.0908	0.0880	0.0877	0.0876	0.0881	0.0885	0.0900	0.0910	0.0888	0.0890	0.0888	0.0888	0.0901	0.0892	0.0882	0.0885	0.0871	0.0880	0.0880	0.0876	0.0873	0.0889	0.0895	0.0892	0.0894	0.0906	0.0889	0.0880	0.0897	0.0891	0.0877	0.0882	0.0884	0.0890	0.0891	0.0920	0.0879	0.0893	0.0887	0.0897	0.0902	0.0905	0.0880	0.0879	0.0898	
0.0858	0.0851	0.0857	0.0855	0.0854	0.0851	0.0857	0.0861	0.0864	0.0874	0.0874	0.0873	0.0877	0.0867	0.0872	0.0863	0.0870	0.0854	0.0853	0.0886	0.0850	0.0844	0.0853	0.0856	0.0858	0.0871	0.0890	0.0853	0.0857	0.0850	0.0854	0.0863	0.0866	0.0846	0.0854	0.0846	0.0855	0.0848	0.0857	0.0849	0.0853	0.0874	0.0874	0.0868	0.0871	0.0853	0.0859	0.0867	0.0868	0.0855	0.0847	0.0859	0.0865	0.0855	0.0892	0.0850	0.0852	0.0860	0.0854	0.0862	0.0861	0.0832	0.0848	0.0852	
0.0868	0.0860	0.0868	0.0870	0.0868	0.0867	0.0873	0.0866	0.0866	0.0870	0.0871	0.0875	0.0879	0.0880	0.0873	0.0861	0.0875	0.0872	0.0867	0.0894	0.0869	0.0872	0.0862	0.0862	0.0855	0.0866	0.0889	0.0861	0.0857	0.0848	0.0857	0.0868	0.0866	0.0872	0.0875	0.0866	0.0871	0.0864	0.0863	0.0861	0.0867	0.0878	0.0872	0.0865	0.0875	0.0857	0.0866	0.0866	0.0869	0.0870	0.0865	0.0874	0.0891	0.0864	0.0905	0.0858	0.0861	0.0864	0.0872	0.0874	0.0870	0.0859	0.0851	0.0861	
0.0859	0.0851	0.0858	0.0857	0.0852	0.0851	0.0861	0.0860	0.0857	0.0863	0.0864	0.0865	0.0864	0.0859	0.0859	0.0847	0.0856	0.0859	0.0855	0.0882	0.0857	0.0851	0.0858	0.0853	0.0849	0.0856	0.0866	0.0852	0.0853	0.0838	0.0850	0.0852	0.0851	0.0855	0.0865	0.0853	0.0847	0.0858	0.0855	0.0849	0.0850	0.0862	0.0857	0.0850	0.0860	0.0846	0.0846	0.0855	0.0862	0.0854	0.0857	0.0862	0.0879	0.0858	0.0905	0.0853	0.0842	0.0851	0.0859	0.0861	0.0861	0.0850	0.0850	0.0850	
0.0858	0.0852	0.0861	0.0861	0.0857	0.0856	0.0866	0.0860	0.0862	0.0869	0.0874	0.0873	0.0872	0.0860	0.0860	0.0846	0.0860	0.0867	0.0856	0.0887	0.0864	0.0862	0.0860	0.0859	0.0854	0.0864	0.0878	0.0851	0.0856	0.0850	0.0852	0.0856	0.0853	0.0867	0.0866	0.0861	0.0855	0.0852	0.0861	0.0861	0.0857	0.0867	0.0854	0.0859	0.0868	0.0853	0.0853	0.0852	0.0854	0.0856	0.0860	0.0868	0.0879	0.0857	0.0900	0.0860	0.0848	0.0854	0.0863	0.0873	0.0867	0.0858	0.0852	0.0850	
0.0852	0.0850	0.0854	0.0855	0.0852	0.0852	0.0855	0.0856	0.0843	0.0854	0.0855	0.0858	0.0860	0.0855	0.0849	0.0838	0.0841	0.0858	0.0848	0.0878	0.0853	0.0847	0.0855	0.0857	0.0842	0.0860	0.0860	0.0839	0.0840	0.0838	0.0837	0.0849	0.0831	0.0866	0.0859	0.0855	0.0859	0.0852	0.0853	0.0843	0.0843	0.0846	0.0836	0.0848	0.0851	0.0833	0.0831	0.0843	0.0840	0.0856	0.0855	0.0861	0.0873	0.0861	0.0890	0.0848	0.0853	0.0847	0.0847	0.0853	0.0859	0.0833	0.0832	0.0839	
0.0843	0.0848	0.0855	0.0855	0.0849	0.0847	0.0857	0.0849	0.0839	0.0851	0.0843	0.0844	0.0854	0.0850	0.0839	0.0831	0.0837	0.0853	0.0843	0.0867	0.0854	0.0845	0.0858	0.0851	0.0834	0.0846	0.0851	0.0831	0.0832	0.0828	0.0825	0.0838	0.0830	0.0850	0.0858	0.0857	0.0852	0.0849	0.0846	0.0846	0.0835	0.0839	0.0831	0.0835	0.0850	0.0818	0.0833	0.0834	0.0828	0.0857	0.0851	0.0854	0.0876	0.0855	0.0881	0.0848	0.0834	0.0837	0.0836	0.0837	0.0846	0.0818	0.0827	0.0828	
0.0824	0.0823	0.0822	0.0827	0.0821	0.0814	0.0826	0.0821	0.0814	0.0811	0.0812	0.0817	0.0822	0.0818	0.0809	0.0796	0.0809	0.0822	0.0822	0.0851	0.0813	0.0816	0.0823	0.0819	0.0804	0.0817	0.0814	0.0804	0.0807	0.0805	0.0795	0.0809	0.0806	0.0825	0.0824	0.0820	0.0823	0.0818	0.0828	0.0828	0.0806	0.0812	0.0813	0.0813	0.0809	0.0795	0.0806	0.0806	0.0812	0.0830	0.0827	0.0833	0.0852	0.0829	0.0865	0.0830	0.0804	0.0808	0.0814	0.0816	0.0814	0.0798	0.0801	0.0793	
0.0808	0.0796	0.0806	0.0801	0.0799	0.0806	0.0811	0.0807	0.0796	0.0797	0.0802	0.0796	0.0801	0.0794	0.0784	0.0776	0.0809	0.0800	0.0799	0.0831	0.0805	0.0798	0.0806	0.0801	0.0793	0.0802	0.0799	0.0793	0.0784	0.0775	0.0776	0.0801	0.0801	0.0806	0.0802	0.0800	0.0805	0.0794	0.0800	0.0804	0.0785	0.0787	0.0784	0.0787	0.0783	0.0776	0.0774	0.0787	0.0796	0.0805	0.0806	0.0802	0.0826	0.0805	0.0841	0.0800	0.0794	0.0786	0.0794	0.0805	0.0797	0.0780	0.0784	0.0786	
0.0846	0.0841	0.0853	0.0847	0.0841	0.0846	0.0844	0.0841	0.0845	0.0845	0.0848	0.0846	0.0852	0.0845	0.0837	0.0832	0.0867	0.0843	0.0845	0.0859	0.0837	0.0838	0.0841	0.0834	0.0836	0.0841	0.0851	0.0833	0.0835	0.0837	0.0822	0.0842	0.0861	0.0836	0.0839	0.0820	0.0830	0.0827	0.0824	0.0829	0.0834	0.0838	0.0832	0.0838	0.0842	0.0825	0.0834	0.0841	0.0867	0.0838	0.0838	0.0843	0.0857	0.0839	0.0878	0.0842	0.0841	0.0846	0.0839	0.0847	0.0849	0.0827	0.0832	0.0823	
0.0888	0.0882	0.0887	0.0882	0.0876	0.0882	0.0887	0.0884	0.0893	0.0907	0.0903	0.0903	0.0908	0.0893	0.0898	0.0886	0.0903	0.0879	0.0878	0.0905	0.0879	0.0874	0.0878	0.0878	0.0884	0.0890	0.0909	0.0881	0.0886	0.0873	0.0874	0.0890	0.0914	0.0880	0.0882	0.0874	0.0879	0.0880	0.0868	0.0867	0.0896	0.0896	0.0892	0.0890	0.0903	0.0877	0.0891	0.0893	0.0909	0.0882	0.0877	0.0878	0.0892	0.0884	0.0914	0.0883	0.0886	0.0888	0.0885	0.0897	0.0894	0.0882	0.0876	0.0885	
0.0872	0.0867	0.0878	0.0872	0.0870	0.0869	0.0878	0.0879	0.0891	0.0898	0.0900	0.0899	0.0907	0.0894	0.0895	0.0886	0.0904	0.0870	0.0865	0.0897	0.0868	0.0866	0.0869	0.0863	0.0882	0.0897	0.0907	0.0882	0.0874	0.0878	0.0874	0.0885	0.0886	0.0875	0.0878	0.0868	0.0868	0.0866	0.0864	0.0865	0.0878	0.0879	0.0881	0.0880	0.0891	0.0883	0.0884	0.0891	0.0891	0.0869	0.0873	0.0870	0.0881	0.0867	0.0895	0.0865	0.0870	0.0870	0.0878	0.0867	0.0886	0.0861	0.0865	0.0861	
0.0862	0.0860	0.0861	0.0857	0.0851	0.0851	0.0862	0.0854	0.0861	0.0869	0.0870	0.0868	0.0877	0.0869	0.0865	0.0848	0.0868	0.0857	0.0839	0.0877	0.0851	0.0846	0.0847	0.0854	0.0856	0.0875	0.0880	0.0853	0.0855	0.0849	0.0852	0.0856	0.0863	0.0857	0.0865	0.0853	0.0858	0.0855	0.0852	0.0846	0.0856	0.0854	0.0858	0.0853	0.0874	0.0863	0.0851	0.0856	0.0865	0.0862	0.0854	0.0859	0.0870	0.0854	0.0894	0.0847	0.0852	0.0859	0.0863	0.0855	0.0865	0.0838	0.0842	0.0845	
0.0864	0.0858	0.0861	0.0860	0.0857	0.0860	0.0868	0.0860	0.0867	0.0874	0.0871	0.0866	0.0874	0.0861	0.0860	0.0854	0.0863	0.0861	0.0858	0.0882	0.0863	0.0862	0.0857	0.0857	0.0847	0.0872	0.0882	0.0861	0.0861	0.0848	0.0847	0.0861	0.0850	0.0857	0.0865	0.0854	0.0862	0.0853	0.0856	0.0848	0.0854	0.0849	0.0859	0.0859	0.0864	0.0850	0.0845	0.0859	0.0858	0.0862	0.0859	0.0865	0.0874	0.0866	0.0895	0.0855	0.0858	0.0857	0.0864	0.0857	0.0870	0.0845	0.0845	0.0852	
0.0879	0.0876	0.0874	0.0873	0.0872	0.0871	0.0876	0.0876	0.0874	0.0878	0.0880	0.0879	0.0887	0.0876	0.0879	0.0861	0.0878	0.0872	0.0864	0.0896	0.0875	0.0863	0.0867	0.0874	0.0867	0.0874	0.0887	0.0867	0.0858	0.0853	0.0864	0.0866	0.0868	0.0876	0.0868	0.0873	0.0872	0.0864	0.0872	0.0861	0.0869	0.0867	0.0880	0.0870	0.0878	0.0865	0.0866	0.0870	0.0877	0.0882	0.0866	0.0884	0.0886	0.0881	0.0909	0.0869	0.0871	0.0873	0.0875	0.0880	0.0880	0.0863	0.0866	0.0860	
0.0866	0.0861	0.0863	0.0863	0.0856	0.0857	0.0865	0.0864	0.0860	0.0863	0.0869	0.0867	0.0868	0.0862	0.0855	0.0848	0.0858	0.0861	0.0848	0.0884	0.0860	0.0876	0.0889	0.0889	0.0871	0.0879	0.0907	0.0875	0.0877	0.0872	0.0876	0.0888	0.0912	0.0895	0.0892	0.0887	0.0884	0.0874	0.0876	0.0873	0.0859	0.0863	0.0849	0.0861	0.0873	0.0850	0.0841	0.0861	0.0864	0.0863	0.0850	0.0870	0.0884	0.0859	0.0900	0.0846	0.0858	0.0854	0.0860	0.0869	0.0869	0.0848	0.0851	0.0843	
0.0859	0.0858	0.0864	0.0864	0.0859	0.0859	0.0868	0.0862	0.0867	0.0863	0.0861	0.0864	0.0867	0.0859	0.0856	0.0839	0.0854	0.0862	0.0855	0.0884	0.0867	0.0855	0.0855	0.0856	0.0846	0.0866	0.0876	0.0853	0.0848	0.0844	0.0838	0.0860	0.0845	0.0860	0.0865	0.0864	0.0855	0.0857	0.0858	0.0847	0.0848	0.0850	0.0847	0.0856	0.0858	0.0840	0.0842	0.0846	0.0854	0.0867	0.0851	0.0863	0.0875	0.0858	0.0899	0.0857	0.0846	0.0845	0.0857	0.0861	0.0860	0.0846	0.0849	0.0843	
0.0857	0.0848	0.0861	0.0853	0.0850	0.0845	0.0856	0.0844	0.0847	0.0857	0.0855	0.0854	0.0854	0.0850	0.0852	0.0832	0.0843	0.0859	0.0847	0.0879	0.0854	0.0842	0.0856	0.0851	0.0839	0.0853	0.0867	0.0842	0.0838	0.0834	0.0827	0.0846	0.0839	0.0856	0.0853	0.0845	0.0846	0.0845	0.0847	0.0841	0.0835	0.0844	0.0834	0.0840	0.0844	0.0833	0.0839	0.0842	0.0848	0.0856	0.0854	0.0855	0.0863	0.0850	0.0883	0.0846	0.0841	0.0844	0.0843	0.0852	0.0851	0.0832	0.0835	0.0834	
0.0858	0.0866	0.0866	0.0863	0.0862	0.0856	0.0867	0.0860	0.0854	0.0847	0.0863	0.0851	0.0855	0.0856	0.0839	0.0832	0.0846	0.0859	0.0864	0.0888	0.0849	0.0853	0.0852	0.0855	0.0836	0.0855	0.0868	0.0836	0.0838	0.0837	0.0826	0.0839	0.0836	0.0864	0.0872	0.0859	0.0869	0.0855	0.0859	0.0852	0.0837	0.0858	0.0844	0.0832	0.0845	0.0822	0.0841	0.0837	0.0844	0.0859	0.0853	0.0863	0.0874	0.0858	0.0898	0.0848	0.0837	0.0845	0.0843	0.0842	0.0850	0.0837	0.0829	0.0832	
0.0833	0.0824	0.0830	0.0828	0.0822	0.0823	0.0829	0.0822	0.0819	0.0820	0.0826	0.0816	0.0820	0.0817	0.0808	0.0798	0.0806	0.0831	0.0823	0.0855	0.0833	0.0816	0.0821	0.0820	0.0810	0.0815	0.0820	0.0813	0.0802	0.0798	0.0792	0.0810	0.0804	0.0823	0.0827	0.0820	0.0819	0.0823	0.0819	0.0827	0.0805	0.0818	0.0802	0.0816	0.0822	0.0794	0.0794	0.0801	0.0810	0.0829	0.0821	0.0840	0.0838	0.0826	0.0865	0.0816	0.0812	0.0802	0.0800	0.0813	0.0815	0.0800	0.0803	0.0793	
0.0821	0.0817	0.0811	0.0810	0.0804	0.0808	0.0810	0.0803	0.0815	0.0811	0.0810	0.0810	0.0812	0.0802	0.0796	0.0787	0.0811	0.0803	0.0796	0.0829	0.0813	0.0796	0.0795	0.0796	0.0791	0.0807	0.0806	0.0789	0.0795	0.0787	0.0771	0.0793	0.0806	0.0808	0.0814	0.0803	0.0802	0.0804	0.0800	0.0801	0.0786	0.0800	0.0796	0.0785	0.0804	0.0786	0.0789	0.0794	0.0806	0.0803	0.0805	0.0818	0.0831	0.0809	0.0850	0.0800	0.0798	0.0789	0.0804	0.0808	0.0807	0.0779	0.0778	0.0778	
0.0871	0.0874	0.0867	0.0876	0.0859	0.0856	0.0867	0.0865	0.0866	0.0879	0.0874	0.0875	0.0878	0.0867	0.0864	0.0858	0.0892	0.0860	0.0856	0.0892	0.0857	0.0852	0.0851	0.0846	0.0859	0.0874	0.0874	0.0855	0.0856	0.0850	0.0847	0.0857	0.0875	0.0857	0.0859	0.0855	0.0861	0.0853	0.0858	0.0856	0.0857	0.0863	0.0859	0.0859	0.0868	0.0849	0.0855	0.0856	0.0885	0.0851	0.0860	0.0858	0.0869	0.0854	0.0887	0.0857	0.0855	0.0866	0.0865	0.0865	0.0875	0.0842	0.0836	0.0853	
0.0907	0.0901	0.0903	0.0898	0.0888	0.0886	0.0893	0.0894	0.0915	0.0920	0.0920	0.0925	0.0922	0.0917	0.0914	0.0896	0.0922	0.0888	0.0888	0.0911	0.0891	0.0890	0.0883	0.0882	0.0891	0.0911	0.0921	0.0900	0.0899	0.0897	0.0889	0.0910	0.0913	0.0896	0.0891	0.0879	0.0884	0.0881	0.0878	0.0874	0.0893	0.0905	0.0905	0.0906	0.0910	0.0904	0.0907	0.0901	0.0910	0.0878	0.0884	0.0890	0.0890	0.0878	0.0922	0.0878	0.0902	0.0893	0.0896	0.0907	0.0918	0.0883	0.0884	0.0893	
0.0890	0.0883	0.0881	0.0878	0.0876	0.0873	0.0883	0.0884	0.0902	0.0907	0.0907	0.0903	0.0904	0.0897	0.0901	0.0885	0.0902	0.0875	0.0871	0.0906	0.0877	0.0872	0.0867	0.0870	0.0884	0.0899	0.0917	0.0886	0.0884	0.0881	0.0881	0.0889	0.0889	0.0882	0.0883	0.0866	0.0871	0.0871	0.0865	0.0867	0.0889	0.0894	0.0897	0.0893	0.0907	0.0893	0.0880	0.0886	0.0895	0.0874	0.0872	0.0877	0.0885	0.0865	0.0907	0.0870	0.0877	0.0880	0.0882	0.0885	0.0890	0.0867	0.0865	0.0872	
0.0904	0.0891	0.0889	0.0886	0.0878	0.0875	0.0884	0.0882	0.0911	0.0910	0.0908	0.0907	0.0910	0.0896	0.0897	0.0887	0.0909	0.0873	0.0873	0.0903	0.0876	0.0865	0.0867	0.0869	0.0891	0.0904	0.0918	0.0891	0.0889	0.0877	0.0885	0.0885	0.0889	0.0876	0.0886	0.0879	0.0875	0.0871	0.0865	0.0874	0.0886	0.0887	0.0893	0.0896	0.0900	0.0880	0.0887	0.0887	0.0899	0.0872	0.0879	0.0878	0.0878	0.0869	0.0907	0.0871	0.0874	0.0879	0.0886	0.0888	0.0887	0.0871	0.0867	0.0881	
0.0899	0.0890	0.0891	0.0894	0.0875	0.0873	0.0881	0.0877	0.0908	0.0914	0.0909	0.0908	0.0904	0.0900	0.0897	0.0890	0.0913	0.0880	0.0869	0.0899	0.0882	0.0866	0.0871	0.0875	0.0892	0.0900	0.0920	0.0879	0.0887	0.0876	0.0881	0.0882	0.0895	0.0873	0.0879	0.0874	0.0876	0.0877	0.0871	0.0872	0.0891	0.0896	0.0886	0.0888	0.0899	0.0885	0.0885	0.0881	0.0892	0.0875	0.0866	0.0872	0.0886	0.0867	0.0916	0.0859	0.0874	0.0881	0.0882	0.0870	0.0890	0.0866	0.0862	0.0876	
0.0903	0.0895	0.0899	0.0893	0.0878	0.0874	0.0885	0.0882	0.0921	0.0915	0.0911	0.0916	0.0914	0.0911	0.0901	0.0896	0.0909	0.0885	0.0882	0.0904	0.0879	0.0878	0.0876	0.0870	0.0893	0.0915	0.0921	0.0893	0.0887	0.0879	0.0881	0.0892	0.0890	0.0887	0.0878	0.0865	0.0868	0.0880	0.0865	0.0868	0.0884	0.0898	0.0885	0.0891	0.0890	0.0874	0.0888	0.0885	0.0901	0.0879	0.0872	0.0878	0.0880	0.0879	0.0918	0.0866	0.0875	0.0877	0.0879	0.0884	0.0886	0.0867	0.0873	0.0875	
0.0903	0.0900	0.0896	0.0893	0.0881	0.0873	0.0882	0.0884	0.0917	0.0919	0.0922	0.0911	0.0911	0.0912	0.0908	0.0889	0.0913	0.0893	0.0876	0.0901	0.0874	0.0871	0.0873	0.0872	0.0890	0.0906	0.0915	0.0887	0.0882	0.0876	0.0876	0.0883	0.0888	0.0879	0.0887	0.0872	0.0877	0.0863	0.0870	0.0866	0.0893	0.0888	0.0885	0.0885	0.0896	0.0884	0.0879	0.0891	0.0895	0.0872	0.0875	0.0873	0.0884	0.0867	0.0909	0.0866	0.0885	0.0875	0.0888	0.0883	0.0884	0.0859	0.0879	0.0868	
0.0915	0.0903	0.0903	0.0895	0.0882	0.0887	0.0890	0.0888	0.0925	0.0921	0.0924	0.0916	0.0922	0.0905	0.0900	0.0893	0.0911	0.0892	0.0885	0.0905	0.0883	0.0872	0.0878	0.0878	0.0897	0.0918	0.0925	0.0889	0.0881	0.0887	0.0883	0.0885	0.0897	0.0882	0.0878	0.0872	0.0874	0.0870	0.0871	0.0872	0.0899	0.0899	0.0896	0.0884	0.0901	0.0887	0.0890	0.0889	0.0895	0.0881	0.0875	0.0870	0.0885	0.0878	0.0908	0.0869	0.0881	0.0877	0.0884	0.0884	0.0899	0.0871	0.0882	0.0878	
0.0918	0.0910	0.0900	0.0893	0.0881	0.0874	0.0887	0.0886	0.0920	0.0926	0.0923	0.0914	0.0913	0.0903	0.0904	0.0889	0.0908	0.0894	0.0883	0.0908	0.0874	0.0872	0.0870	0.0878	0.0896	0.0906	0.0924	0.0884	0.0889	0.0878	0.0879	0.0885	0.0901	0.0878	0.0882	0.0874	0.0875	0.0873	0.0868	0.0867	0.0888	0.0899	0.0888	0.0886	0.0886	0.0888	0.0883	0.0890	0.0903	0.0878	0.0869	0.0878	0.0887	0.0878	0.0913	0.0859	0.0885	0.0884	0.0882	0.0880	0.0889	0.0875	0.0861	0.0867	
0.0925	0.0906	0.0902	0.0898	0.0885	0.0873	0.0885	0.0886	0.0922	0.0930	0.0921	0.0924	0.0916	0.0907	0.0903	0.0888	0.0910	0.0888	0.0882	0.0901	0.0880	0.0871	0.0874	0.0880	0.0894	0.0899	0.0915	0.0890	0.0882	0.0877	0.0874	0.0882	0.0893	0.0878	0.0885	0.0861	0.0869	0.0861	0.0869	0.0864	0.0887	0.0892	0.0885	0.0885	0.0908	0.0880	0.0882	0.0879	0.0900	0.0868	0.0868	0.0877	0.0884	0.0872	0.0909	0.0866	0.0876	0.0876	0.0882	0.0882	0.0892	0.0862	0.0872	0.0879	
0.0926	0.0914	0.0909	0.0898	0.0884	0.0883	0.0889	0.0888	0.0936	0.0932	0.0922	0.0918	0.0911	0.0901	0.0893	0.0890	0.0914	0.0889	0.0884	0.0902	0.0878	0.0877	0.0872	0.0874	0.0897	0.0911	0.0929	0.0889	0.0875	0.0889	0.0874	0.0884	0.0890	0.0887	0.0888	0.0872	0.0875	0.0874	0.0867	0.0878	0.0888	0.0941	0.0888	0.0884	0.0901	0.0880	0.0884	0.0880	0.0897	0.0871	0.0876	0.0878	0.0893	0.0877	0.0909	0.0862	0.0883	0.0881	0.0893	0.0884	0.0895	0.0866	0.0864	0.0867	
0.0943	0.0928	0.0914	0.0904	0.0899	0.0884	0.0890	0.0891	0.0940	0.0941	0.0938	0.0928	0.0922	0.0909	0.0910	0.0903	0.0930	0.0897	0.0886	0.0914	0.0886	0.0876	0.0878	0.0877	0.0911	0.0917	0.0926	0.0894	0.0891	0.0885	0.0882	0.0891	0.0905	0.0885	0.0883	0.0879	0.0881	0.0882	0.0870	0.0877	0.0897	0.0903	0.0901	0.0898	0.0912	0.0895	0.0896	0.0896	0.0911	0.0882	0.0876	0.0876	0.0885	0.0875	0.0928	0.0868	0.0881	0.0889	0.0884	0.0893	0.0894	0.0868	0.0874	0.0871	
0.0944	0.0926	0.0911	0.0905	0.0889	0.0881	0.0884	0.0888	0.0948	0.0941	0.0932	0.0927	0.0926	0.0904	0.0911	0.0897	0.0929	0.0902	0.0892	0.0910	0.0888	0.0880	0.0885	0.0880	0.0907	0.0918	0.0932	0.0900	0.0891	0.0876	0.0886	0.0895	0.0907	0.0878	0.0887	0.0882	0.0879	0.0879	0.0878	0.0871	0.0897	0.0892	0.0904	0.0892	0.0902	0.0891	0.0881	0.0891	0.0904	0.0877	0.0880	0.0881	0.0886	0.0873	0.0906	0.0868	0.0891	0.0881	0.0884	0.0882	0.0890	0.0864	0.0872	0.0871	
0.0947	0.0929	0.0917	0.0904	0.0886	0.0876	0.0892	0.0886	0.0947	0.0941	0.0933	0.0927	0.0914	0.0907	0.0904	0.0900	0.0936	0.0895	0.0882	0.0906	0.0881	0.0879	0.0876	0.0875	0.0908	0.0915	0.0927	0.0894	0.0893	0.0891	0.0886	0.0883	0.0901	0.0882	0.0882	0.0872	0.0874	0.0872	0.0862	0.0866	0.0896	0.0907	0.0901	0.0895	0.0905	0.0890	0.0884	0.0894	0.0898	0.0884	0.0881	0.0870	0.0886	0.0873	0.0908	0.0877	0.0871	0.0886	0.0881	0.0879	0.0888	0.0874	0.0867	0.0878	
0.0954	0.0942	0.0918	0.0898	0.0889	0.0882	0.0889	0.0890	0.0960	0.0941	0.0936	0.0928	0.0916	0.0903	0.0899	0.0890	0.0932	0.0902	0.0885	0.0916	0.0880	0.0876	0.0873	0.0877	0.0914	0.0911	0.0926	0.0894	0.0894	0.0894	0.0892	0.0889	0.0899	0.0882	0.0886	0.0879	0.0882	0.0882	0.0870	0.0864	0.0896	0.0896	0.0896	0.0894	0.0910	0.0885	0.0887	0.0896	0.0909	0.0864	0.0876	0.0873	0.0878	0.0861	0.0909	0.0865	0.0882	0.0894	0.0892	0.0892	0.0895	0.0877	0.0874	0.0870	
0.0965	0.0947	0.0921	0.0905	0.0894	0.0881	0.0889	0.0896	0.0961	0.0949	0.0939	0.0928	0.0923	0.0911	0.0900	0.0894	0.0938	0.0902	0.0886	0.0917	0.0890	0.0881	0.0879	0.0880	0.0908	0.0910	0.0924	0.0897	0.0893	0.0881	0.0874	0.0888	0.0903	0.0885	0.0887	0.0880	0.0881	0.0876	0.0875	0.0874	0.0898	0.0904	0.0900	0.0904	0.0906	0.0889	0.0883	0.0887	0.0901	0.0876	0.0876	0.0885	0.0883	0.0872	0.0911	0.0871	0.0894	0.0892	0.0886	0.0884	0.0899	0.0872	0.0873	0.0880	
0.0976	0.0951	0.0925	0.0907	0.0891	0.0877	0.0887	0.0889	0.0973	0.0955	0.0938	0.0926	0.0920	0.0911	0.0904	0.0892	0.0946	0.0907	0.0890	0.0913	0.0884	0.0880	0.0878	0.0877	0.0902	0.0914	0.0927	0.0899	0.0901	0.0889	0.0885	0.0889	0.0913	0.0893	0.0890	0.0882	0.0881	0.0875	0.0868	0.0873	0.0904	0.0899	0.0900	0.0902	0.0898	0.0891	0.0896	0.0900	0.0901	0.0877	0.0881	0.0880	0.0895	0.0875	0.0917	0.0876	0.0895	0.0883	0.0895	0.0894	0.0900	0.0872	0.0882	0.0882	
0.0983	0.0955	0.0928	0.0907	0.0891	0.0879	0.0888	0.0893	0.0971	0.0953	0.0941	0.0925	0.0923	0.0906	0.0904	0.0894	0.0947	0.0905	0.0891	0.0916	0.0881	0.0876	0.0876	0.0870	0.0908	0.0916	0.0917	0.0896	0.0891	0.0882	0.0885	0.0887	0.0901	0.0894	0.0884	0.0871	0.0867	0.0871	0.0869	0.0872	0.0900	0.0898	0.0894	0.0901	0.0906	0.0890	0.0886	0.0899	0.0901	0.0878	0.0873	0.0877	0.0883	0.0876	0.0909	0.0873	0.0875	0.0877	0.0887	0.0886	0.0898	0.0869	0.0874	0.0872	
0.1003	0.0972	0.0937	0.0920	0.0899	0.0890	0.0888	0.0889	0.0983	0.0967	0.0952	0.0934	0.0929	0.0912	0.0909	0.0900	0.0950	0.0911	0.0892	0.0919	0.0890	0.0881	0.0877	0.0876	0.0912	0.0916	0.0926	0.0889	0.0893	0.0891	0.0887	0.0889	0.0927	0.0896	0.0893	0.0880	0.0881	0.0878	0.0876	0.0876	0.0904	0.0904	0.0889	0.0892	0.0904	0.0903	0.0893	0.0899	0.0906	0.0877	0.0880	0.0877	0.0888	0.0873	0.0906	0.0875	0.0886	0.0890	0.0886	0.0891	0.0898	0.0877	0.0877	0.0874	
0.1014	0.0985	0.0942	0.0916	0.0901	0.0887	0.0898	0.0892	0.0995	0.0962	0.0945	0.0934	0.0928	0.0917	0.0906	0.0896	0.0949	0.0912	0.0891	0.0920	0.0889	0.0881	0.0883	0.0877	0.0917	0.0918	0.0917	0.0897	0.0887	0.0885	0.0887	0.0887	0.0915	0.0887	0.0894	0.0880	0.0881	0.0880	0.0872	0.0866	0.0910	0.0905	0.0903	0.0890	0.0913	0.0896	0.0899	0.0903	0.0913	0.0884	0.0872	0.0884	0.0885	0.0873	0.0903	0.0881	0.0888	0.0879	0.0891	0.0889	0.0895	0.0882	0.0882	0.0878	
0.1023	0.0991	0.0948	0.0921	0.0902	0.0885	0.0890	0.0887	0.0997	0.0973	0.0951	0.0936	0.0931	0.0905	0.0907	0.0891	0.0957	0.0908	0.0889	0.0915	0.0880	0.0881	0.0872	0.0879	0.0914	0.0914	0.0922	0.0895	0.0893	0.0877	0.0880	0.0901	0.0911	0.0895	0.0890	0.0883	0.0878	0.0875	0.0869	0.0871	0.0889	0.0899	0.0905	0.0894	0.0918	0.0897	0.0896	0.0893	0.0902	0.0887	0.0872	0.0885	0.0891	0.0878	0.0914	0.0870	0.0893	0.0894	0.0886	0.0892	0.0888	0.0868	0.0867	0.0877	
0.1050	0.0999	0.0949	0.0916	0.0897	0.0886	0.0892	0.0892	0.1015	0.0974	0.0955	0.0940	0.0933	0.0919	0.0913	0.0904	0.0962	0.0919	0.0898	0.0919	0.0896	0.0881	0.0877	0.0889	0.0922	0.0916	0.0932	0.0899	0.0892	0.0890	0.0884	0.0899	0.0918	0.0889	0.0894	0.0882	0.0885	0.0883	0.0876	0.0876	0.0910	0.0899	0.0905	0.0906	0.0914	0.0895	0.0902	0.0901	0.0916	0.0887	0.0890	0.0897	0.0900	0.0881	0.0920	0.0883	0.0907	0.0894	0.0896	0.0889	0.0899	0.0887	0.0884	0.0887	
0.1069	0.1014	0.0963	0.0926	0.0907	0.0893	0.0903	0.0903	0.1028	0.0993	0.0962	0.0950	0.0936	0.0924	0.0914	0.0906	0.0980	0.0925	0.0903	0.0932	0.0904	0.0897	0.0887	0.0884	0.0938	0.0938	0.0934	0.0906	0.0916	0.0899	0.0896	0.0909	0.0926	0.0902	0.0909	0.0891	0.0890	0.0889	0.0876	0.0893	0.0922	0.0912	0.0909	0.0906	0.0914	0.0907	0.0898	0.0911	0.0929	0.0897	0.0895	0.0894	0.0903	0.0889	0.0929	0.0885	0.0905	0.0909	0.0909	0.0903	0.0910	0.0885	0.0887	0.0884	
0.1076	0.1024	0.0963	0.0931	0.0909	0.0895	0.0902	0.0896	0.1029	0.0987	0.0956	0.0943	0.0924	0.0919	0.0914	0.0907	0.0962	0.0928	0.0908	0.0923	0.0900	0.0886	0.0883	0.0889	0.0924	0.0927	0.0937	0.0902	0.0896	0.0892	0.0887	0.0891	0.0921	0.0889	0.0900	0.0885	0.0884	0.0879	0.0880	0.0883	0.0912	0.0904	0.0905	0.0901	0.0911	0.0902	0.0903	0.0891	0.0913	0.0888	0.0885	0.0889	0.0893	0.0881	0.0917	0.0874	0.0896	0.0889	0.0887	0.0902	0.0907	0.0878	0.0880	0.0889	
0.1101	0.1052	0.0967	0.0933	0.0906	0.0893	0.0898	0.0902	0.1042	0.0999	0.0963	0.0940	0.0935	0.0914	0.0915	0.0903	0.0978	0.0928	0.0909	0.0921	0.0891	0.0881	0.0884	0.0884	0.0928	0.0936	0.0932	0.0889	0.0892	0.0893	0.0895	0.0889	0.0917	0.0896	0.0883	0.0883	0.0873	0.0882	0.0876	0.0868	0.0902	0.0906	0.0905	0.0902	0.0917	0.0899	0.0893	0.0897	0.0914	0.0879	0.0884	0.0888	0.0897	0.0882	0.0919	0.0876	0.0895	0.0884	0.0900	0.0900	0.0903	0.0875	0.0885	0.0876	
0.1113	0.1050	0.0956	0.0922	0.0897	0.0879	0.0883	0.0887	0.1040	0.0984	0.0957	0.0938	0.0927	0.0907	0.0903	0.0897	0.0962	0.0919	0.0890	0.0905	0.0887	0.0876	0.0876	0.0878	0.0921	0.0920	0.0925	0.0890	0.0879	0.0881	0.0882	0.0878	0.0909	0.0888	0.0889	0.0867	0.0874	0.0871	0.0866	0.0870	0.0898	0.0899	0.0893	0.0880	0.0894	0.0883	0.0879	0.0889	0.0903	0.0868	0.0867	0.0874	0.0876	0.0866	0.0909	0.0862	0.0879	0.0871	0.0879	0.0879	0.0880	0.0876	0.0869	0.0873	
0.1139	0.1070	0.0980	0.0927	0.0902	0.0883	0.0891	0.0893	0.1070	0.1013	0.0969	0.0947	0.0928	0.0907	0.0912	0.0899	0.0968	0.0931	0.0895	0.0917	0.0882	0.0876	0.0877	0.0880	0.0928	0.0926	0.0938	0.0891	0.0891	0.0881	0.0887	0.0897	0.0911	0.0893	0.0892	0.0881	0.0879	0.0877	0.0876	0.0868	0.0899	0.0904	0.0906	0.0900	0.0914	0.0894	0.0897	0.0898	0.0899	0.0881	0.0877	0.0880	0.0889	0.0868	0.0913	0.0862	0.0886	0.0885	0.0886	0.0895	0.0890	0.0869	0.0876	0.0881	
0.1184	0.1100	0.0984	0.0937	0.0907	0.0891	0.0892	0.0887	0.1082	0.1011	0.0974	0.0954	0.0938	0.0916	0.0908	0.0900	0.0970	0.0934	0.0899	0.0913	0.0887	0.0883	0.0881	0.0878	0.0942	0.0935	0.0936	0.0902	0.0902	0.0892	0.0888	0.0891	0.0921	0.0897	0.0907	0.0894	0.0892	0.0880	0.0879	0.0868	0.0906	0.0900	0.0904	0.0894	0.0907	0.0891	0.0890	0.0898	0.0920	0.0887	0.0881	0.0889	0.0893	0.0868	0.0931	0.0878	0.0879	0.0895	0.0883	0.0901	0.0895	0.0877	0.0874	0.0882	
0.1208	0.1124	0.1005	0.0943	0.0919	0.0896	0.0900	0.0904	0.1101	0.1026	0.0974	0.0954	0.0952	0.0925	0.0917	0.0908	0.0983	0.0936	0.0914	0.0923	0.0895	0.0883	0.0881	0.0885	0.0941	0.0936	0.0934	0.0914	0.0899	0.0895	0.0900	0.0892	0.0937	0.0914	0.0895	0.0890	0.0884	0.0887	0.0886	0.0876	0.0914	0.0908	0.0908	0.0908	0.0906	0.0892	0.0892	0.0906	0.0920	0.0889	0.0886	0.0887	0.0899	0.0877	0.0918	0.0866	0.0890	0.0892	0.0902	0.0887	0.0894	0.0874	0.0885	0.0874	
0.1236	0.1139	0.1002	0.0939	0.0914	0.0888	0.0896	0.0899	0.1110	0.1033	0.0968	0.0955	0.0938	0.0916	0.0914	0.0895	0.0988	0.0938	0.0904	0.0917	0.0889	0.0880	0.0871	0.0872	0.0937	0.0922	0.0946	0.0903	0.0891	0.0899	0.0876	0.0887	0.0920	0.0899	0.0904	0.0879	0.0890	0.0874	0.0876	0.0864	0.0908	0.0899	0.0902	0.0888	0.0913	0.0896	0.0884	0.0898	0.0905	0.0882	0.0880	0.0878	0.0890	0.0879	0.0915	0.0867	0.0879	0.0883	0.0892	0.0890	0.0897	0.0885	0.0880	0.0880	
0.1279	0.1171	0.1018	0.0953	0.0915	0.0900	0.0899	0.0899	0.1129	0.1046	0.0980	0.0955	0.0935	0.0912	0.0902	0.0894	0.0990	0.0942	0.0898	0.0922	0.0886	0.0888	0.0876	0.0883	0.0944	0.0934	0.0939	0.0902	0.0896	0.0891	0.0883	0.0889	0.0912	0.0894	0.0903	0.0883	0.0874	0.0874	0.0878	0.0885	0.0903	0.0905	0.0900	0.0893	0.0907	0.0893	0.0892	0.0900	0.0909	0.0888	0.0879	0.0880	0.0888	0.0876	0.0913	0.0876	0.0896	0.0892	0.0879	0.0886	0.0893	0.0875	0.0870	0.0874	
0.1325	0.1196	0.1029	0.0957	0.0916	0.0893	0.0899	0.0891	0.1166	0.1064	0.0990	0.0956	0.0940	0.0926	0.0913	0.0903	0.1003	0.0941	0.0901	0.0924	0.0894	0.0877	0.0874	0.0880	0.0948	0.0929	0.0940	0.0905	0.0900	0.0889	0.0892	0.0880	0.0925	0.0893	0.0890	0.0882	0.0878	0.0880	0.0874	0.0869	0.0907	0.0900	0.0903	0.0900	0.0902	0.0900	0.0884	0.0901	0.0913	0.0889	0.0879	0.0874	0.0892	0.0873	0.0912	0.0867	0.0891	0.0893	0.0892	0.0887	0.0899	0.0877	0.0892	0.0886	
0.1366	0.1234	0.1036	0.0954	0.0917	0.0892	0.0895	0.0895	0.1187	0.1067	0.0997	0.0955	0.0933	0.0922	0.0913	0.0895	0.1007	0.0945	0.0908	0.0916	0.0894	0.0888	0.0885	0.0881	0.0956	0.0935	0.0936	0.0897	0.0893	0.0884	0.0889	0.0891	0.0935	0.0900	0.0895	0.0881	0.0883	0.0878	0.0875	0.0865	0.0911	0.0901	0.0898	0.0902	0.0905	0.0881	0.0889	0.0894	0.0901	0.0875	0.0880	0.0875	0.0889	0.0874	0.0917	0.0872	0.0893	0.0887	0.0894	0.0887	0.0896	0.0865	0.0872	0.0875	
0.1439	0.1270	0.1053	0.0968	0.0919	0.0898	0.0899	0.0900	0.1220	0.1095	0.1006	0.0958	0.0938	0.0929	0.0912	0.0903	0.1016	0.0957	0.0913	0.0932	0.0902	0.0886	0.0883	0.0880	0.0960	0.0949	0.0940	0.0903	0.0902	0.0888	0.0896	0.0900	0.0930	0.0899	0.0897	0.0885	0.0892	0.0883	0.0879	0.0876	0.0910	0.0907	0.0919	0.0906	0.0903	0.0901	0.0894	0.0904	0.0913	0.0887	0.0883	0.0894	0.0896	0.0877	0.0916	0.0874	0.0898	0.0895	0.0897	0.0896	0.0912	0.0881	0.0883	0.0888	
0.1502	0.1316	0.1069	0.0979	0.0922	0.0891	0.0896	0.0902	0.1250	0.1101	0.1014	0.0963	0.0940	0.0918	0.0915	0.0903	0.1027	0.0955	0.0909	0.0922	0.0894	0.0884	0.0882	0.0880	0.0961	0.0936	0.0938	0.0916	0.0895	0.0895	0.0886	0.0894	0.0934	0.0899	0.0899	0.0878	0.0880	0.0871	0.0875	0.0871	0.0905	0.0892	0.0903	0.0906	0.0916	0.0896	0.0890	0.0901	0.0905	0.0885	0.0883	0.0887	0.0883	0.0877	0.0916	0.0877	0.0892	0.0891	0.0894	0.0892	0.0894	0.0869	0.0883	0.0873	
0.1573	0.1367	0.1092	0.0979	0.0924	0.0901	0.0905	0.0903	0.1292	0.1121	0.1024	0.0969	0.0945	0.0925	0.0922	0.0905	0.1033	0.0965	0.0915	0.0934	0.0903	0.0887	0.0885	0.0890	0.0970	0.0946	0.0937	0.0912	0.0897	0.0894	0.0896	0.0890	0.0945	0.0904	0.0891	0.0895	0.0897	0.0882	0.0881	0.0871	0.0912	0.0915	0.0910	0.0904	0.0917	0.0899	0.0898	0.0895	0.0925	0.0885	0.0885	0.0891	0.0891	0.0887	0.0921	0.0881	0.0899	0.0902	0.0899	0.0913	0.0900	0.0884	0.0893	0.0887	
0.1655	0.1403	0.1126	0.0986	0.0931	0.0897	0.0903	0.0898	0.1323	0.1138	0.1025	0.0967	0.0947	0.0923	0.0915	0.0905	0.1037	0.0967	0.0905	0.0926	0.0892	0.0884	0.0877	0.0884	0.0969	0.0939	0.0939	0.0900	0.0891	0.0888	0.0887	0.0886	0.0928	0.0900	0.0893	0.0891	0.0891	0.0880	0.0877	0.0874	0.0906	0.0906	0.0903	0.0901	0.0914	0.0893	0.0891	0.0900	0.0922	0.0881	0.0892	0.0890	0.0891	0.0876	0.0918	0.0882	0.0894	0.0888	0.0897	0.0890	0.0892	0.0877	0.0877	0.0879	
0.1731	0.1456	0.1136	0.1005	0.0936	0.0900	0.0909	0.0904	0.1375	0.1166	0.1053	0.0981	0.0943	0.0923	0.0916	0.0905	0.1060	0.0981	0.0921	0.0935	0.0900	0.0896	0.0893	0.0891	0.0974	0.0941	0.0939	0.0910	0.0904	0.0895	0.0899	0.0898	0.0941	0.0918	0.0914	0.0894	0.0891	0.0887	0.0885	0.0878	0.0917	0.0911	0.0917	0.0905	0.0905	0.0903	0.0893	0.0904	0.0930	0.0887	0.0895	0.0884	0.0900	0.0887	0.0918	0.0881	0.0900	0.0895	0.0895	0.0911	0.0909	0.0883	0.0889	0.0895	
0.1812	0.1519	0.1146	0.1005	0.0930	0.0899	0.0905	0.0900	0.1414	0.1179	0.1054	0.0976	0.0945	0.0915	0.0916	0.0899	0.1059	0.0986	0.0916	0.0929	0.0889	0.0887	0.0885	0.0885	0.0977	0.0941	0.0943	0.0913	0.0895	0.0888	0.0892	0.0893	0.0942	0.0908	0.0894	0.0876	0.0883	0.0874	0.0874	0.0871	0.0914	0.0912	0.0907	0.0903	0.0910	0.0893	0.0904	0.0892	0.0912	0.0890	0.0884	0.0894	0.0894	0.0881	0.0912	0.0874	0.0901	0.0887	0.0889	0.0895	0.0898	0.0870	0.0883	0.0884	
0.1933	0.1581	0.1179	0.1018	0.0934	0.0898	0.0897	0.0892	0.1460	0.1199	0.1062	0.0979	0.0950	0.0926	0.0916	0.0901	0.1074	0.0983	0.0923	0.0920	0.0896	0.0879	0.0874	0.0881	0.1007	0.0945	0.0948	0.0909	0.0897	0.0893	0.0884	0.0894	0.0942	0.0899	0.0896	0.0882	0.0884	0.0882	0.0874	0.0874	0.0905	0.0909	0.0905	0.0896	0.0907	0.0886	0.0884	0.0901	0.0910	0.0884	0.0887	0.0884	0.0892	0.0873	0.0917	0.0874	0.0885	0.0891	0.0886	0.0892	0.0900	0.0872	0.0867	0.0874	
0.2039	0.1659	0.1213	0.1033	0.0931	0.0901	0.0901	0.0898	0.1520	0.1231	0.1072	0.0981	0.0961	0.0920	0.0912	0.0904	0.1081	0.0999	0.0921	0.0931	0.0890	0.0884	0.0874	0.0884	0.0986	0.0937	0.0937	0.0910	0.0891	0.0886	0.0887	0.0891	0.0938	0.0903	0.0898	0.0878	0.0885	0.0885	0.0877	0.0873	0.0906	0.0906	0.0905	0.0897	0.0908	0.0887	0.0894	0.0898	0.0911	0.0883	0.0876	0.0890	0.0905	0.0885	0.0915	0.0868	0.0887	0.0897	0.0892	0.0907	0.0895	0.0870	0.0878	0.0882	
0.2167	0.1720	0.1247	0.1042	0.0936	0.0899	0.0903	0.0898	0.1579	0.1256	0.1085	0.0985	0.0951	0.0919	0.0915	0.0910	0.1096	0.1013	0.0925	0.0941	0.0894	0.0893	0.0880	0.0882	0.0987	0.0951	0.0951	0.0907	0.0895	0.0887	0.0895	0.0894	0.0945	0.0898	0.0897	0.0886	0.0892	0.0881	0.0881	0.0881	0.0911	0.0911	0.0907	0.0892	0.0906	0.0897	0.0893	0.0897	0.0917	0.0887	0.0885	0.0886	0.0893	0.0879	0.0914	0.0872	0.0900	0.0886	0.0893	0.0894	0.0896	0.0874	0.0872	0.0885	
0.2310	0.1796	0.1277	0.1062	0.0938	0.0904	0.0900	0.0901	0.1641	0.1296	0.1103	0.0999	0.0953	0.0918	0.0918	0.0904	0.1119	0.1019	0.0931	0.0933	0.0894	0.0889	0.0882	0.0880	0.0999	0.0947	0.0951	0.0904	0.0898	0.0885	0.0892	0.0886	0.0935	0.0910	0.0906	0.0882	0.0889	0.0877	0.0875	0.0874	0.0907	0.0913	0.0907	0.0904	0.0906	0.0901	0.0893	0.0892	0.0909	0.0890	0.0885	0.0883	0.0898	0.0881	0.0915	0.0866	0.0895	0.0888	0.0899	0.0890	0.0897	0.0875	0.0885	0.0887	
0.2509	0.1881	0.1327	0.1076	0.0938	0.0902	0.0896	0.0900	0.1739	0.1326	0.1131	0.0991	0.0959	0.0925	0.0917	0.0909	0.1134	0.1030	0.0933	0.0922	0.0893	0.0881	0.0876	0.0881	0.1006	0.0949	0.0952	0.0908	0.0895	0.0890	0.0888	0.0888	0.0955	0.0911	0.0893	0.0880	0.0877	0.0882	0.0878	0.0875	0.0920	0.0917	0.0910	0.0902	0.0915	0.0893	0.0896	0.0895	0.0924	0.0881	0.0888	0.0883	0.0893	0.0875	0.0923	0.0877	0.0904	0.0877	0.0893	0.0900	0.0901	0.0878	0.0875	0.0879	
0.2688	0.1986	0.1368	0.1101	0.0945	0.0904	0.0907	0.0901	0.1813	0.1379	0.1146	0.1006	0.0953	0.0923	0.0915	0.0899	0.1156	0.1050	0.0937	0.0927	0.0897	0.0882	0.0878	0.0880	0.1024	0.0955	0.0946	0.0908	0.0898	0.0892	0.0889	0.0887	0.0945	0.0916	0.0901	0.0888	0.0879	0.0879	0.0882	0.0881	0.0912	0.0903	0.0908	0.0905	0.0904	0.0891	0.0890	0.0897	0.0912	0.0883	0.0887	0.0881	0.0896	0.0877	0.0922	0.0862	0.0892	0.0888	0.0895	0.0893	0.0900	0.0871	0.0876	0.0881	
0.2897	0.2091	0.1427	0.1117	0.0951	0.0902	0.0900	0.0899	0.1893	0.1421	0.1163	0.1002	0.0947	0.0920	0.0906	0.0897	0.1184	0.1054	0.0935	0.0923	0.0895	0.0877	0.0873	0.0881	0.1013	0.0957	0.0944	0.0898	0.0898	0.0886	0.0890	0.0884	0.0940	0.0911	0.0898	0.0876	0.0890	0.0874	0.0871	0.0867	0.0909	0.0904	0.0895	0.0891	0.0891	0.0897	0.0886	0.0891	0.0902	0.0880	0.0880	0.0873	0.0897	0.0877	0.0898	0.0872	0.0894	0.0880	0.0893	0.0888	0.0888	0.0882	0.0877	0.0864	
0.3135	0.2181	0.1479	0.1138	0.0957	0.0898	0.0904	0.0891	0.2003	0.1469	0.1200	0.1016	0.0959	0.0919	0.0908	0.0898	0.1206	0.1069	0.0939	0.0934	0.0894	0.0879	0.0879	0.0884	0.1027	0.0952	0.0945	0.0915	0.0893	0.0884	0.0894	0.0879	0.0943	0.0908	0.0893	0.0881	0.0883	0.0875	0.0871	0.0865	0.0909	0.0903	0.0902	0.0894	0.0903	0.0894	0.0887	0.0896	0.0914	0.0875	0.0875	0.0879	0.0897	0.0865	0.0916	0.0863	0.0895	0.0889	0.0889	0.0891	0.0889	0.0871	0.0870	0.0880	
0.3427	0.2355	0.1558	0.1179	0.0967	0.0909	0.0908	0.0902	0.2108	0.1547	0.1224	0.1021	0.0960	0.0923	0.0912	0.0901	0.1244	0.1097	0.0953	0.0934	0.0902	0.0890	0.0890	0.0878	0.1044	0.0975	0.0953	0.0919	0.0908	0.0888	0.0895	0.0888	0.0965	0.0915	0.0905	0.0891	0.0884	0.0884	0.0882	0.0875	0.0909	0.0922	0.0917	0.0912	0.0906	0.0893	0.0900	0.0898	0.0920	0.0887	0.0893	0.0886	0.0899	0.0872	0.0914	0.0875	0.0899	0.0895	0.0897	0.0903	0.0899	0.0881	0.0883	0.0886	
0.3729	0.2415	0.1618	0.1197	0.0968	0.0908	0.0906	0.0903	0.2228	0.1583	0.1261	0.1036	0.0949	0.0922	0.0918	0.0908	0.1279	0.1104	0.0956	0.0934	0.0902	0.0882	0.0882	0.0881	0.1052	0.0963	0.0953	0.0910	0.0902	0.0894	0.0890	0.0890	0.0963	0.0917	0.0901	0.0889	0.0883	0.0883	0.0879	0.0871	0.0913	0.0911	0.0913	0.0900	0.0912	0.0897	0.0892	0.0894	0.0927	0.0892	0.0882	0.0889	0.0894	0.0883	0.0919	0.0879	0.0899	0.0899	0.0900	0.0901	0.0889	0.0880	0.0873	0.0873	
0.4020	0.2609	0.1719	0.1251	0.0984	0.0914	0.0906	0.0898	0.2352	0.1653	0.1300	0.1036	0.0957	0.0920	0.0917	0.0902	0.1316	0.1142	0.0969	0.0938	0.0899	0.0889	0.0880	0.0882	0.1076	0.0979	0.0954	0.0911	0.0901	0.0889	0.0898	0.0890	0.0987	0.0921	0.0904	0.0888	0.0891	0.0880	0.0880	0.0872	0.0927	0.0911	0.0908	0.0905	0.0917	0.0903	0.0894	0.0906	0.0924	0.0890	0.0900	0.0889	0.0897	0.0882	0.0916	0.0874	0.0896	0.0901	0.0903	0.0898	0.0898	0.0876	0.0881	0.0884	
0.4366	0.2743	0.1780	0.1271	0.0986	0.0912	0.0905	0.0907	0.2498	0.1730	0.1335	0.1052	0.0965	0.0927	0.0921	0.0906	0.1367	0.1165	0.0962	0.0946	0.0899	0.0885	0.0886	0.0885	0.1086	0.0968	0.0959	0.0914	0.0909	0.0888	0.0896	0.0894	0.0968	0.0910	0.0901	0.0888	0.0894	0.0882	0.0873	0.0878	0.0921	0.0918	0.0914	0.0905	0.0914	0.0890	0.0894	0.0894	0.0924	0.0879	0.0893	0.0891	0.0892	0.0877	0.0916	0.0874	0.0905	0.0887	0.0888	0.0896	0.0891	0.0876	0.0879	0.0882	
0.4678	0.2884	0.1867	0.1315	0.0994	0.0915	0.0906	0.0908	0.2626	0.1811	0.1387	0.1061	0.0962	0.0920	0.0915	0.0908	0.1410	0.1181	0.0968	0.0947	0.0904	0.0891	0.0889	0.0886	0.1114	0.0984	0.0957	0.0919	0.0906	0.0894	0.0896	0.0893	0.0976	0.0921	0.0902	0.0893	0.0893	0.0898	0.0881	0.0885	0.0931	0.0914	0.0908	0.0911	0.0917	0.0902	0.0897	0.0904	0.0928	0.0887	0.0891	0.0896	0.0900	0.0888	0.0923	0.0879	0.0905	0.0901	0.0903	0.0907	0.0909	0.0883	0.0889	0.0885	
0.5015	0.3072	0.1951	0.1351	0.0999	0.0910	0.0903	0.0902	0.2753	0.1883	0.1429	0.1083	0.0968	0.0918	0.0915	0.0903	0.1458	0.1218	0.0971	0.0943	0.0896	0.0889	0.0883	0.0884	0.1114	0.0981	0.0958	0.0916	0.0899	0.0891	0.0886	0.0895	0.0983	0.0923	0.0902	0.0890	0.0891	0.0889	0.0878	0.0880	0.0927	0.0910	0.0904	0.0901	0.0908	0.0891	0.0896	0.0895	0.0923	0.0891	0.0888	0.0893	0.0906	0.0881	0.0920	0.0871	0.0893	0.0894	0.0897	0.0902	0.0902	0.0877	0.0886	0.0880	
0.5335	0.3227	0.2066	0.1414	0.1013	0.0914	0.0911	0.0904	0.2923	0.1971	0.1479	0.1098	0.0970	0.0932	0.0916	0.0912	0.1511	0.1246	0.0975	0.0952	0.0899	0.0896	0.0887	0.0888	0.1149	0.0985	0.0960	0.0922	0.0897	0.0894	0.0888	0.0900	0.0992	0.0923	0.0910	0.0892	0.0895	0.0881	0.0879	0.0879	0.0924	0.0916	0.0913	0.0911	0.0912	0.0901	0.0895	0.0901	0.0929	0.0884	0.0898	0.0885	0.0897	0.0877	0.0920	0.0875	0.0901	0.0896	0.0898	0.0901	0.0902	0.0883	0.0876	0.0882	
0.5582	0.3383	0.2163	0.1453	0.1034	0.0915	0.0918	0.0901	0.3049	0.2027	0.1511	0.1108	0.0979	0.0930	0.0925	0.0908	0.1574	0.1284	0.0991	0.0947	0.0898	0.0900	0.0883	0.0889	0.1164	0.0987	0.0953	0.0923	0.0904	0.0898	0.0891	0.0892	0.1001	0.0923	0.0900	0.0893	0.0890	0.0883	0.0886	0.0873	0.0924	0.0908	0.0907	0.0906	0.0913	0.0902	0.0902	0.0908	0.0927	0.0898	0.0896	0.0896	0.0906	0.0887	0.0929	0.0883	0.0906	0.0902	0.0908	0.0907	0.0900	0.0882	0.0881	0.0892	
0.5823	0.3563	0.2293	0.1518	0.1038	0.0916	0.0910	0.0902	0.3226	0.2127	0.1578	0.1131	0.0969	0.0927	0.0925	0.0911	0.1635	0.1304	0.0997	0.0956	0.0904	0.0893	0.0883	0.0892	0.1170	0.0998	0.0960	0.0917	0.0898	0.0894	0.0895	0.0890	0.1005	0.0919	0.0904	0.0893	0.0886	0.0882	0.0881	0.0874	0.0924	0.0910	0.0907	0.0908	0.0913	0.0904	0.0894	0.0898	0.0926	0.0891	0.0892	0.0897	0.0895	0.0878	0.0922	0.0880	0.0906	0.0892	0.0897	0.0891	0.0898	0.0875	0.0884	0.0877	
0.6051	0.3729	0.2410	0.1570	0.1058	0.0912	0.0912	0.0903	0.3390	0.2243	0.1648	0.1142	0.0974	0.0920	0.0915	0.0904	0.1696	0.1348	0.0994	0.0949	0.0900	0.0888	0.0887	0.0887	0.1201	0.1002	0.0956	0.0917	0.0902	0.0895	0.0895	0.0893	0.1001	0.0924	0.0899	0.0890	0.0883	0.0887	0.0883	0.0874	0.0914	0.0916	0.0910	0.0909	0.0908	0.0899	0.0901	0.0899	0.0924	0.0891	0.0892	0.0885	0.0899	0.0878	0.0916	0.0877	0.0896	0.0898	0.0893	0.0899	0.0898	0.0878	0.0883	0.0887	
0.6261	0.3939	0.2580	0.1654	0.1070	0.0925	0.0915	0.0906	0.3681	0.2365	0.1705	0.1161	0.0978	0.0922	0.0922	0.0914	0.1793	0.1386	0.1011	0.0962	0.0911	0.0892	0.0880	0.0890	0.1237	0.1004	0.0967	0.0923	0.0908	0.0900	0.0893	0.0891	0.1017	0.0932	0.0909	0.0893	0.0892	0.0874	0.0875	0.0872	0.0927	0.0914	0.0913	0.0908	0.0916	0.0892	0.0892	0.0899	0.0932	0.0892	0.0892	0.0892	0.0900	0.0889	0.0921	0.0884	0.0907	0.0904	0.0896	0.0892	0.0901	0.0879	0.0883	0.0886	
0.6504	0.4111	0.2733	0.1721	0.1095	0.0919	0.0911	0.0903	0.3876	0.2484	0.1788	0.1177	0.0983	0.0925	0.0919	0.0906	0.1873	0.1441	0.1034	0.0952	0.0898	0.0892	0.0883	0.0884	0.1270	0.1018	0.0965	0.0916	0.0900	0.0893	0.0887	0.0890	0.1018	0.0930	0.0902	0.0882	0.0892	0.0885	0.0882	0.0876	0.0919	0.0915	0.0912	0.0903	0.0911	0.0896	0.0893	0.0898	0.0928	0.0895	0.0892	0.0886	0.0899	0.0883	0.0923	0.0885	0.0908	0.0896	0.0898	0.0901	0.0900	0.0870	0.0878	0.0881	
0.6678	0.4309	0.2885	0.1806	0.1108	0.0921	0.0912	0.0896	0.4043	0.2563	0.1856	0.1210	0.0975	0.0920	0.0919	0.0906	0.1954	0.1477	0.1035	0.0956	0.0903	0.0886	0.0880	0.0880	0.1292	0.1019	0.0957	0.0911	0.0899	0.0895	0.0886	0.0889	0.1029	0.0935	0.0901	0.0885	0.0887	0.0884	0.0879	0.0867	0.0921	0.0912	0.0910	0.0904	0.0907	0.0895	0.0901	0.0896	0.0923	0.0889	0.0889	0.0884	0.0888	0.0870	0.0919	0.0875	0.0894	0.0895	0.0895	0.0893	0.0887	0.0877	0.0872	0.0885	
0.6892	0.4462	0.3003	0.1877	0.1119	0.0921	0.0914	0.0901	0.4199	0.2722	0.1934	0.1230	0.0984	0.0917	0.0915	0.0902	0.2040	0.1544	0.1044	0.0957	0.0900	0.0890	0.0881	0.0874	0.1306	0.1030	0.0974	0.0916	0.0905	0.0889	0.0890	0.0889	0.1030	0.0939	0.0904	0.0885	0.0891	0.0884	0.0869	0.0862	0.0915	0.0918	0.0903	0.0906	0.0902	0.0889	0.0898	0.0889	0.0929	0.0884	0.0891	0.0876	0.0891	0.0877	0.0916	0.0874	0.0895	0.0883	0.0895	0.0889	0.0892	0.0880	0.0883	0.0877	
0.7123	0.4681	0.3196	0.1968	0.1150	0.0923	0.0921	0.0905	0.4453	0.2891	0.2002	0.1259	0.0989	0.0926	0.0917	0.0907	0.2145	0.1590	0.1067	0.0958	0.0909	0.0884	0.0876	0.0878	0.1361	0.1035	0.0976	0.0921	0.0901	0.0897	0.0887	0.0897	0.1032	0.0937	0.0909	0.0890	0.0890	0.0887	0.0879	0.0874	0.0923	0.0913	0.0903	0.0902	0.0905	0.0893	0.0888	0.0902	0.0930	0.0883	0.0893	0.0880	0.0898	0.0869	0.0918	0.0878	0.0896	0.0891	0.0891	0.0901	0.0900	0.0871	0.0872	0.0881	
0.7303	0.4870	0.3389	0.2066	0.1165	0.0918	0.0903	0.0898	0.4619	0.3049	0.2140	0.1286	0.1001	0.0922	0.0915	0.0899	0.2276	0.1670	0.1084	0.0966	0.0909	0.0888	0.0882	0.0885	0.1381	0.1052	0.0973	0.0912	0.0894	0.0889	0.0885	0.0887	0.1052	0.0930	0.0902	0.0879	0.0878	0.0885	0.0875	0.0869	0.0919	0.0905	0.0911	0.0902	0.0918	0.0892	0.0884	0.0882	0.0916	0.0885	0.0887	0.0878	0.0891	0.0871	0.0920	0.0874	0.0895	0.0886	0.0896	0.0899	0.0895	0.0876	0.0867	0.0874	
0.7410	0.5088	0.3598	0.2196	0.1215	0.0926	0.0920	0.0906	0.4880	0.3211	0.2238	0.1343	0.1005	0.0925	0.0923	0.0905	0.2391	0.1739	0.1103	0.0969	0.0901	0.0889	0.0879	0.0894	0.1440	0.1076	0.0984	0.0920	0.0903	0.0899	0.0885	0.0894	0.1071	0.0934	0.0913	0.0891	0.0891	0.0888	0.0879	0.0881	0.0931	0.0917	0.0915	0.0913	0.0916	0.0896	0.0892	0.0895	0.0928	0.0888	0.0893	0.0897	0.0902	0.0881	0.0924	0.0872	0.0912	0.0897	0.0895	0.0897	0.0900	0.0873	0.0874	0.0880	
0.7517	0.5296	0.3740	0.2304	0.1238	0.0926	0.0920	0.0906	0.5101	0.3363	0.2369	0.1388	0.1006	0.0926	0.0919	0.0914	0.2545	0.1829	0.1121	0.0969	0.0906	0.0892	0.0893	0.0890	0.1469	0.1082	0.0993	0.0926	0.0909	0.0887	0.0892	0.0889	0.1086	0.0945	0.0903	0.0891	0.0891	0.0893	0.0876	0.0878	0.0934	0.0919	0.0917	0.0915	0.0918	0.0899	0.0892	0.0906	0.0922	0.0892	0.0892	0.0893	0.0908	0.0880	0.0925	0.0882	0.0898	0.0894	0.0898	0.0915	0.0904	0.0878	0.0879	0.0878	
