0.0908	0.0915	0.0930	0.0920	0.1039	0.0954	0.0958	0.0980	0.0971	0.0940	0.0922	0.0948	0.0940	0.0971	0.0966	0.0984	0.0905	0.0918	0.0932	0.0923	0.0919	0.0949	0.0979	0.0991	0.1115	0.0917	0.0909	0.0932	0.0939	0.0959	0.0977	0.0993	0.0907	0.0907	0.0916	0.0914	0.0915	0.0948	0.0950	0.0979	0.0963	0.0902	0.0956	0.0930	0.0937	0.0970	0.1020	0.0974	0.0877	0.0898	0.0916	0.0917	0.0934	0.0954	0.0954	0.0982	0.0907	0.0949	0.0915	0.0932	0.0954	0.0952	0.1053	0.0977	
0.0894	0.0922	0.0914	0.0930	0.0908	0.0941	0.0939	0.0956	0.0900	0.0916	0.0920	0.0931	0.0916	0.0945	0.0944	0.0972	0.0900	0.0923	0.0917	0.0916	0.0905	0.0941	0.0950	0.0985	0.0919	0.0914	0.0916	0.0920	0.0921	0.0932	0.0952	0.0971	0.0903	0.0913	0.0894	0.0913	0.0907	0.0925	0.0924	0.0947	0.0918	0.0911	0.0924	0.0916	0.0916	0.0946	0.0947	0.0960	0.0901	0.0906	0.0922	0.0913	0.0927	0.0937	0.0958	0.0974	0.0911	0.0903	0.0915	0.0923	0.0923	0.0940	0.0961	0.0966	
0.0900	0.0897	0.0902	0.0895	0.0879	0.0915	0.0943	0.0940	0.0903	0.0905	0.0893	0.0919	0.0902	0.0926	0.0928	0.0951	0.0890	0.0912	0.0909	0.0907	0.0898	0.0925	0.0927	0.0944	0.0907	0.0914	0.0916	0.0903	0.0910	0.0915	0.0952	0.0943	0.0886	0.0884	0.0913	0.0899	0.0895	0.0917	0.0917	0.0940	0.0907	0.0889	0.0911	0.0896	0.0910	0.0918	0.0940	0.0933	0.0877	0.0900	0.0903	0.0890	0.0919	0.0921	0.0929	0.0954	0.0891	0.0899	0.0882	0.0910	0.0900	0.0928	0.0925	0.0946	
0.0900	0.0915	0.0928	0.0904	0.0905	0.0920	0.0929	0.0932	0.0902	0.0926	0.0920	0.0914	0.0927	0.0933	0.0928	0.0964	0.0898	0.0912	0.0916	0.0908	0.0906	0.0945	0.0947	0.0956	0.0914	0.0920	0.0915	0.0912	0.0915	0.0933	0.0956	0.0962	0.0910	0.0916	0.0904	0.0906	0.0915	0.0925	0.0917	0.0934	0.0905	0.0894	0.0905	0.0918	0.0918	0.0931	0.0941	0.0948	0.0901	0.0902	0.0919	0.0898	0.0910	0.0924	0.0940	0.0938	0.0906	0.0911	0.0907	0.0912	0.0917	0.0930	0.0937	0.0947	
0.0887	0.0909	0.0878	0.0881	0.0886	0.0909	0.0910	0.0931	0.0887	0.0902	0.0899	0.0904	0.0896	0.0897	0.0917	0.0950	0.0876	0.0906	0.0895	0.0893	0.0895	0.0912	0.0901	0.0922	0.0882	0.0887	0.0891	0.0884	0.0903	0.0910	0.0922	0.0924	0.0890	0.0889	0.0878	0.0901	0.0882	0.0903	0.0909	0.0917	0.0884	0.0888	0.0892	0.0893	0.0896	0.0912	0.0916	0.0917	0.0870	0.0889	0.0909	0.0887	0.0891	0.0904	0.0913	0.0916	0.0878	0.0894	0.0889	0.0906	0.0887	0.0916	0.0915	0.0922	
0.0907	0.0917	0.0929	0.0913	0.0914	0.0928	0.0915	0.0916	0.0921	0.0923	0.0928	0.0923	0.0937	0.0940	0.0938	0.0925	0.0904	0.0933	0.0920	0.0920	0.0930	0.0919	0.0919	0.0946	0.0905	0.0923	0.0922	0.0924	0.0912	0.0945	0.0939	0.0943	0.0915	0.0914	0.0919	0.0907	0.0904	0.0933	0.0920	0.0936	0.0920	0.0907	0.0942	0.0910	0.0924	0.0938	0.0942	0.0943	0.0908	0.0914	0.0913	0.0920	0.0921	0.0932	0.0930	0.0941	0.0901	0.0913	0.0920	0.0910	0.0916	0.0923	0.0925	0.0937	
0.0894	0.0905	0.0922	0.0904	0.0900	0.0912	0.0924	0.0927	0.0915	0.0919	0.0911	0.0919	0.0907	0.0929	0.0925	0.0937	0.0892	0.0902	0.0902	0.0924	0.0881	0.0904	0.0913	0.0929	0.0914	0.0903	0.0916	0.0899	0.0908	0.0906	0.0930	0.0931	0.0903	0.0896	0.0912	0.0899	0.0899	0.0912	0.0912	0.0908	0.0901	0.0907	0.0902	0.0906	0.0903	0.0921	0.0925	0.0932	0.0888	0.0904	0.0912	0.0901	0.0907	0.0922	0.0938	0.0926	0.0891	0.0893	0.0910	0.0906	0.0909	0.0927	0.0920	0.0929	
0.0916	0.0917	0.0927	0.0909	0.0910	0.0921	0.0940	0.0922	0.0908	0.0928	0.0938	0.0915	0.0926	0.0927	0.0921	0.0931	0.0899	0.0920	0.0917	0.0916	0.0911	0.0919	0.0940	0.0942	0.0914	0.0920	0.0912	0.0922	0.0920	0.0915	0.0943	0.0936	0.0928	0.0913	0.0910	0.0918	0.0893	0.0922	0.0936	0.0934	0.0911	0.0906	0.0911	0.0904	0.0916	0.0918	0.0927	0.0926	0.0908	0.0914	0.0942	0.0913	0.0927	0.0924	0.0931	0.0940	0.0926	0.0916	0.0921	0.0909	0.0916	0.0926	0.0929	0.0933	
0.0902	0.0899	0.0899	0.0897	0.0895	0.0890	0.0918	0.0909	0.0896	0.0909	0.0912	0.0916	0.0907	0.0911	0.0907	0.0914	0.0878	0.0911	0.0903	0.0888	0.0883	0.0907	0.0906	0.0933	0.0893	0.0890	0.0900	0.0889	0.0887	0.0901	0.0919	0.0912	0.0895	0.0893	0.0897	0.0888	0.0876	0.0886	0.0900	0.0893	0.0899	0.0879	0.0903	0.0905	0.0892	0.0912	0.0913	0.0909	0.0899	0.0893	0.0901	0.0940	0.0890	0.0906	0.0911	0.0916	0.0878	0.0900	0.0889	0.0895	0.0900	0.0903	0.0901	0.0899	
0.0900	0.0930	0.0927	0.0910	0.0895	0.0940	0.0919	0.0923	0.0908	0.0922	0.0924	0.0922	0.0930	0.0923	0.0923	0.0937	0.0922	0.0925	0.0921	0.0914	0.0907	0.0928	0.0921	0.0946	0.0917	0.0921	0.0922	0.0906	0.0915	0.0916	0.0923	0.0914	0.0916	0.0915	0.0918	0.0906	0.0911	0.0902	0.0912	0.0925	0.0915	0.0910	0.0905	0.0911	0.0898	0.0917	0.0969	0.0916	0.0897	0.0913	0.0922	0.0904	0.0916	0.0912	0.0926	0.0925	0.0917	0.0910	0.0898	0.0915	0.0903	0.0913	0.0917	0.0929	
0.0916	0.0910	0.0920	0.0896	0.0906	0.0915	0.0920	0.0913	0.0918	0.0936	0.0914	0.0927	0.0918	0.0919	0.0919	0.0924	0.0908	0.0913	0.0912	0.0914	0.0905	0.0920	0.0914	0.0944	0.0911	0.0927	0.0906	0.0929	0.0903	0.0918	0.0934	0.0915	0.0914	0.0903	0.0915	0.0910	0.0894	0.0914	0.0906	0.0914	0.0905	0.0901	0.0906	0.0909	0.0906	0.0923	0.0913	0.0929	0.0917	0.0918	0.0917	0.0911	0.0915	0.0923	0.0918	0.0926	0.0903	0.0909	0.0915	0.0918	0.0901	0.0911	0.0923	0.0906	
0.0893	0.0921	0.0922	0.0902	0.0889	0.0914	0.0898	0.0906	0.0908	0.0920	0.0908	0.0911	0.0913	0.0925	0.0902	0.0914	0.0898	0.0909	0.0899	0.0905	0.0891	0.0900	0.0905	0.0912	0.0910	0.0912	0.0902	0.0899	0.0914	0.0914	0.0922	0.0906	0.0895	0.0906	0.0908	0.0900	0.0901	0.0914	0.0900	0.0905	0.0893	0.0894	0.0912	0.0905	0.0899	0.0900	0.0916	0.0900	0.0896	0.0896	0.0906	0.0899	0.0903	0.0951	0.0916	0.0921	0.0909	0.0959	0.0908	0.0900	0.0908	0.0906	0.0913	0.0902	
0.0929	0.0927	0.0939	0.0907	0.0936	0.0914	0.0921	0.0912	0.0927	0.0936	0.0932	0.0927	0.0924	0.0929	0.0926	0.0940	0.0920	0.0938	0.0921	0.0921	0.0909	0.0911	0.0932	0.0937	0.0927	0.0934	0.0915	0.0932	0.0925	0.0918	0.0947	0.0936	0.0911	0.0917	0.0912	0.0914	0.0907	0.0923	0.0906	0.0924	0.0919	0.0913	0.0924	0.0931	0.0919	0.0913	0.0917	0.0909	0.0932	0.0912	0.0933	0.0921	0.0919	0.0918	0.0942	0.0927	0.0920	0.0916	0.0915	0.0921	0.0951	0.0924	0.0924	0.0921	
0.0915	0.0927	0.0914	0.0932	0.0918	0.0919	0.0915	0.0915	0.0924	0.0939	0.0914	0.0927	0.0924	0.0923	0.0929	0.0927	0.0918	0.0908	0.0927	0.0922	0.0901	0.0915	0.0930	0.0936	0.0914	0.0935	0.0929	0.0908	0.0928	0.0933	0.0941	0.0920	0.0926	0.0910	0.0919	0.0911	0.0915	0.0922	0.0904	0.0921	0.0915	0.0922	0.0911	0.0938	0.0915	0.0922	0.0915	0.0910	0.0913	0.0917	0.0917	0.0920	0.0919	0.0917	0.0912	0.0934	0.0923	0.0923	0.0907	0.0924	0.0922	0.0916	0.0927	0.0926	
0.0891	0.0907	0.0914	0.0898	0.0890	0.0906	0.0908	0.0901	0.0917	0.0917	0.0911	0.0907	0.0907	0.0903	0.0922	0.0901	0.0887	0.0909	0.0912	0.0916	0.0888	0.0901	0.0899	0.0920	0.0899	0.0906	0.0908	0.0906	0.0912	0.0903	0.0916	0.0909	0.0904	0.0901	0.0905	0.0903	0.0888	0.0892	0.0904	0.0901	0.0911	0.0905	0.0908	0.0908	0.0912	0.0901	0.0914	0.0896	0.0896	0.0895	0.0906	0.0945	0.0899	0.0903	0.0914	0.0904	0.0917	0.0898	0.0897	0.0899	0.0885	0.0910	0.0910	0.0895	
0.0902	0.0917	0.0902	0.0910	0.0898	0.0919	0.0910	0.0893	0.0914	0.0927	0.0913	0.0928	0.0924	0.0913	0.0909	0.0904	0.0909	0.0925	0.0919	0.0907	0.0908	0.0916	0.0925	0.0919	0.0916	0.0913	0.0911	0.0919	0.0900	0.0917	0.0940	0.0902	0.0911	0.0915	0.0918	0.0906	0.0900	0.0901	0.0894	0.0889	0.0917	0.0893	0.0905	0.0912	0.0904	0.0911	0.0921	0.0913	0.0897	0.0914	0.0920	0.0913	0.0907	0.0912	0.0914	0.0915	0.0905	0.0921	0.0911	0.0921	0.0908	0.0911	0.0914	0.0921	
0.0915	0.0918	0.0929	0.0910	0.0904	0.0919	0.0913	0.0908	0.0930	0.0942	0.0932	0.0931	0.0938	0.0953	0.0934	0.0902	0.0925	0.0933	0.0920	0.0945	0.0913	0.0930	0.0918	0.0928	0.0930	0.0928	0.0917	0.0933	0.0932	0.0921	0.0945	0.0931	0.0920	0.0923	0.0933	0.0919	0.0895	0.0912	0.0918	0.0919	0.0921	0.0919	0.0931	0.0933	0.0928	0.0920	0.0939	0.0926	0.0908	0.0928	0.0936	0.0990	0.0923	0.0918	0.0924	0.0928	0.0916	0.0922	0.0920	0.0912	0.0923	0.0930	0.0915	0.0919	
0.0903	0.0901	0.0906	0.0908	0.0903	0.0899	0.0895	0.0910	0.0914	0.0916	0.0913	0.0910	0.0922	0.0903	0.0893	0.0900	0.0892	0.0911	0.0900	0.0908	0.0897	0.0900	0.0899	0.0912	0.0917	0.0899	0.0917	0.0900	0.0901	0.0906	0.0914	0.0901	0.0892	0.0906	0.0913	0.0886	0.0889	0.0885	0.0890	0.0895	0.0916	0.0889	0.0904	0.0906	0.0908	0.0924	0.0902	0.0905	0.0892	0.0896	0.0912	0.0894	0.0900	0.0909	0.0912	0.0903	0.0907	0.0905	0.0902	0.0897	0.0909	0.0901	0.0905	0.0903	
0.0935	0.0917	0.0909	0.0913	0.0947	0.0921	0.0914	0.0907	0.0944	0.0929	0.0932	0.0930	0.0928	0.0928	0.0911	0.0910	0.0925	0.0921	0.0925	0.0921	0.0918	0.0923	0.0918	0.0908	0.0919	0.0919	0.0921	0.0917	0.0925	0.0900	0.0934	0.0911	0.0916	0.0897	0.0900	0.0916	0.0905	0.0920	0.0914	0.0907	0.0916	0.0912	0.0908	0.0919	0.0909	0.0928	0.0922	0.0907	0.0899	0.0911	0.0925	0.0927	0.0928	0.0916	0.0972	0.0917	0.0933	0.0920	0.0912	0.0927	0.0911	0.0923	0.0915	0.0915	
0.0907	0.0910	0.0914	0.0914	0.0907	0.0906	0.0895	0.0901	0.0921	0.0942	0.0895	0.0919	0.0912	0.0925	0.0912	0.0904	0.0923	0.0920	0.0914	0.0904	0.0905	0.0899	0.0910	0.0912	0.0911	0.0900	0.0912	0.0908	0.0920	0.0907	0.0921	0.0914	0.0901	0.0899	0.0912	0.0904	0.0895	0.0908	0.0921	0.0889	0.0900	0.0903	0.0915	0.0908	0.0907	0.0902	0.0909	0.0893	0.0907	0.0902	0.0904	0.0916	0.0891	0.0907	0.0912	0.0898	0.0921	0.0917	0.0900	0.0907	0.0910	0.0907	0.0919	0.0908	
0.0924	0.0922	0.0916	0.0926	0.0915	0.0913	0.0916	0.0898	0.0937	0.0941	0.0939	0.0934	0.0927	0.0925	0.0929	0.0910	0.0921	0.0922	0.0916	0.0914	0.0919	0.0930	0.0916	0.0929	0.0949	0.0932	0.0937	0.0924	0.0917	0.0926	0.0926	0.0922	0.0916	0.0922	0.0927	0.0911	0.0899	0.0914	0.0910	0.0917	0.0926	0.0909	0.0919	0.0924	0.0930	0.0922	0.0923	0.0906	0.0913	0.0912	0.0926	0.0945	0.0919	0.0932	0.0959	0.0928	0.0913	0.0932	0.0912	0.0914	0.0918	0.0927	0.0921	0.0921	
0.0902	0.0919	0.0930	0.0917	0.0907	0.0921	0.0911	0.0896	0.0926	0.0923	0.0916	0.0930	0.0910	0.0921	0.0904	0.0899	0.0908	0.0916	0.0925	0.0902	0.0900	0.0907	0.0899	0.0920	0.0904	0.0906	0.0923	0.0908	0.0906	0.0920	0.0926	0.0907	0.0918	0.0908	0.0921	0.0903	0.0904	0.0901	0.0912	0.0899	0.0924	0.0906	0.0911	0.0905	0.0906	0.0904	0.0906	0.0904	0.0909	0.0904	0.0921	0.0907	0.0908	0.0907	0.0922	0.0914	0.0917	0.0909	0.0911	0.0912	0.0923	0.0919	0.0920	0.0926	
0.0917	0.0919	0.0926	0.0912	0.0912	0.0919	0.0916	0.0911	0.0936	0.0939	0.0924	0.0927	0.0925	0.0924	0.0915	0.0919	0.0916	0.0930	0.0924	0.0920	0.0909	0.0917	0.0916	0.0921	0.0924	0.0911	0.0921	0.0918	0.0913	0.0921	0.0921	0.0913	0.0923	0.0921	0.0920	0.0914	0.0901	0.0916	0.0910	0.0907	0.0917	0.0914	0.0920	0.0919	0.0920	0.0923	0.0912	0.0905	0.0906	0.0908	0.0918	0.0914	0.0920	0.0919	0.0920	0.0927	0.0920	0.0930	0.0912	0.0909	0.0926	0.0917	0.0919	0.0910	
0.0916	0.0917	0.0916	0.0911	0.0908	0.0921	0.0914	0.0913	0.0938	0.0932	0.0926	0.0923	0.0916	0.0920	0.0907	0.0910	0.0916	0.0921	0.0926	0.0917	0.0912	0.0915	0.0908	0.0918	0.0929	0.0919	0.0929	0.0910	0.0915	0.0918	0.0924	0.0912	0.0915	0.0903	0.0917	0.0906	0.0911	0.0919	0.0902	0.0909	0.0919	0.0904	0.0946	0.0913	0.0921	0.0925	0.0920	0.0901	0.0907	0.0911	0.0932	0.0911	0.0911	0.0922	0.0922	0.0923	0.0915	0.0914	0.0911	0.0913	0.0925	0.0927	0.0923	0.0909	
0.0920	0.0914	0.0914	0.0920	0.0904	0.0912	0.0915	0.0899	0.0935	0.0933	0.0923	0.0936	0.0927	0.0928	0.0910	0.0902	0.0910	0.0923	0.0931	0.0915	0.0915	0.0910	0.0923	0.0909	0.0918	0.0923	0.0924	0.0911	0.0911	0.0913	0.0917	0.0919	0.0916	0.0912	0.0910	0.0907	0.0903	0.0912	0.0940	0.0899	0.0923	0.0916	0.0919	0.0919	0.0912	0.0924	0.0914	0.0907	0.0911	0.0912	0.0929	0.0914	0.0914	0.0917	0.0922	0.0919	0.0912	0.0918	0.0911	0.0907	0.0912	0.0918	0.0914	0.0905	
0.0908	0.0921	0.0916	0.0914	0.0894	0.0916	0.0909	0.0903	0.0935	0.0925	0.0920	0.0928	0.0923	0.0934	0.0913	0.0911	0.0924	0.0920	0.0922	0.0916	0.0906	0.0909	0.0909	0.0905	0.0928	0.0944	0.0919	0.0908	0.0918	0.0913	0.0927	0.0910	0.0911	0.0910	0.0925	0.0915	0.0904	0.0907	0.0911	0.0898	0.0925	0.0913	0.0912	0.0921	0.0923	0.0924	0.0917	0.0900	0.0913	0.0911	0.0930	0.0913	0.0921	0.0918	0.0918	0.0915	0.0915	0.0925	0.0912	0.0918	0.0923	0.0925	0.0907	0.0904	
0.0921	0.0914	0.0916	0.0911	0.0905	0.0912	0.0915	0.0906	0.0938	0.0932	0.0923	0.0918	0.0919	0.0922	0.0923	0.0906	0.0923	0.0924	0.0915	0.0916	0.0906	0.0907	0.0910	0.0912	0.0931	0.0923	0.0925	0.0915	0.0915	0.0916	0.0924	0.0909	0.0920	0.0916	0.0916	0.0911	0.0902	0.0910	0.0907	0.0902	0.0925	0.0911	0.0910	0.0923	0.0909	0.0926	0.0928	0.0902	0.0913	0.0908	0.0920	0.0916	0.0916	0.0915	0.0916	0.0918	0.0915	0.0917	0.0919	0.0916	0.0917	0.0917	0.0907	0.0909	
0.0928	0.0923	0.0926	0.0912	0.0907	0.0912	0.0918	0.0906	0.0937	0.0928	0.0919	0.0930	0.0920	0.0929	0.0918	0.0906	0.0920	0.0918	0.0930	0.0921	0.0904	0.0915	0.0915	0.0918	0.0931	0.0927	0.0918	0.0911	0.0920	0.0921	0.0922	0.0914	0.0918	0.0919	0.0915	0.0907	0.0899	0.0918	0.0911	0.0908	0.0935	0.0912	0.0917	0.0914	0.0913	0.0922	0.0927	0.0914	0.0921	0.0910	0.0930	0.0912	0.0922	0.0914	0.0920	0.0909	0.0925	0.0913	0.0928	0.0918	0.0925	0.0921	0.0924	0.0923	
0.0930	0.0914	0.0910	0.0909	0.0900	0.0916	0.0919	0.0910	0.0944	0.0926	0.0915	0.0922	0.0912	0.0924	0.0909	0.0903	0.0922	0.0918	0.0924	0.0918	0.0905	0.0923	0.0909	0.0914	0.0922	0.0914	0.0910	0.0906	0.0917	0.0912	0.0924	0.0915	0.0917	0.0921	0.0920	0.0909	0.0907	0.0911	0.0905	0.0892	0.0924	0.0901	0.0920	0.0918	0.0919	0.0912	0.0913	0.0902	0.0913	0.0907	0.0916	0.0909	0.0922	0.0913	0.0909	0.0906	0.0918	0.0914	0.0903	0.0914	0.0912	0.0942	0.0917	0.0906	
0.0933	0.0924	0.0930	0.0905	0.0908	0.0920	0.0916	0.0906	0.0943	0.0931	0.0927	0.0932	0.0914	0.0932	0.0918	0.0913	0.0924	0.0923	0.0922	0.0916	0.0909	0.0915	0.0912	0.0918	0.0932	0.0929	0.0915	0.0911	0.0912	0.0906	0.0925	0.0911	0.0930	0.0914	0.0919	0.0909	0.0899	0.0913	0.0911	0.0906	0.0923	0.0912	0.0909	0.0915	0.0915	0.0913	0.0918	0.0900	0.0905	0.0915	0.0923	0.0914	0.0920	0.0920	0.0918	0.0915	0.0923	0.0915	0.0916	0.0920	0.0916	0.0913	0.0926	0.0912	
0.0937	0.0921	0.0918	0.0913	0.0910	0.0914	0.0914	0.0905	0.0947	0.0928	0.0915	0.0920	0.0916	0.0918	0.0914	0.0905	0.0923	0.0925	0.0919	0.0906	0.0912	0.0919	0.0915	0.0920	0.0930	0.0925	0.0916	0.0917	0.0914	0.0921	0.0914	0.0907	0.0928	0.0917	0.0913	0.0912	0.0905	0.0908	0.0905	0.0894	0.0928	0.0904	0.0915	0.0908	0.0915	0.0920	0.0917	0.0894	0.0918	0.0912	0.0922	0.0909	0.0930	0.0908	0.0919	0.0917	0.0921	0.0915	0.0911	0.0921	0.0916	0.0918	0.0920	0.0907	
0.0928	0.0917	0.0920	0.0911	0.0912	0.0913	0.0915	0.0909	0.0949	0.0934	0.0915	0.0927	0.0925	0.0927	0.0906	0.0912	0.0928	0.0917	0.0924	0.0911	0.0910	0.0914	0.0904	0.0914	0.0926	0.0925	0.0916	0.0913	0.0916	0.0919	0.0920	0.0913	0.0929	0.0906	0.0909	0.0909	0.0919	0.0904	0.0901	0.0905	0.0916	0.0896	0.0907	0.0917	0.0908	0.0907	0.0913	0.0898	0.0918	0.0912	0.0923	0.0905	0.0914	0.0921	0.0914	0.0911	0.0921	0.0925	0.0915	0.0906	0.0921	0.0922	0.0926	0.0914	
0.0939	0.0921	0.0919	0.0905	0.0911	0.0921	0.0915	0.0916	0.0952	0.0938	0.0923	0.0927	0.0923	0.0932	0.0911	0.0913	0.0930	0.0931	0.0921	0.0927	0.0913	0.0915	0.0910	0.0925	0.0941	0.0924	0.0920	0.0919	0.0915	0.0916	0.0925	0.0915	0.0934	0.0922	0.0913	0.0914	0.0912	0.0907	0.0912	0.0913	0.0932	0.0916	0.0921	0.0913	0.0910	0.0918	0.0919	0.0902	0.0921	0.0912	0.0927	0.0915	0.0909	0.0920	0.0927	0.0914	0.0924	0.0919	0.0921	0.0910	0.0910	0.0917	0.0928	0.0911	
0.0954	0.0928	0.0916	0.0916	0.0909	0.0919	0.0920	0.0924	0.0966	0.0940	0.0927	0.0939	0.0927	0.0937	0.0921	0.0919	0.0949	0.0936	0.0928	0.0924	0.0915	0.0921	0.0921	0.0927	0.0949	0.0927	0.0922	0.0905	0.0924	0.0920	0.0929	0.0920	0.0936	0.0936	0.0918	0.0913	0.0912	0.0920	0.0910	0.0911	0.0946	0.0915	0.0920	0.0933	0.0926	0.0930	0.0919	0.0913	0.0931	0.0922	0.0934	0.0915	0.0933	0.0910	0.0933	0.0931	0.0931	0.0927	0.0921	0.0921	0.0922	0.0930	0.0918	0.0911	
0.0949	0.0931	0.0915	0.0911	0.0904	0.0917	0.0910	0.0914	0.0959	0.0935	0.0922	0.0927	0.0919	0.0926	0.0917	0.0909	0.0940	0.0925	0.0924	0.0920	0.0910	0.0916	0.0911	0.0921	0.0935	0.0924	0.0914	0.0905	0.0911	0.0911	0.0935	0.0917	0.0928	0.0917	0.0914	0.0914	0.0904	0.0920	0.0903	0.0902	0.0932	0.0905	0.0909	0.0914	0.0913	0.0918	0.0915	0.0894	0.0935	0.0919	0.0922	0.0908	0.0916	0.0910	0.0916	0.0914	0.0923	0.0923	0.0908	0.0909	0.0917	0.0909	0.0910	0.0904	
0.0943	0.0920	0.0911	0.0904	0.0902	0.0905	0.0906	0.0906	0.0946	0.0929	0.0919	0.0917	0.0914	0.0909	0.0908	0.0896	0.0941	0.0918	0.0912	0.0914	0.0903	0.0905	0.0895	0.0909	0.0928	0.0922	0.0912	0.0913	0.0903	0.0899	0.0910	0.0903	0.0927	0.0909	0.0920	0.0903	0.0896	0.0897	0.0906	0.0892	0.0929	0.0907	0.0908	0.0908	0.0911	0.0909	0.0906	0.0886	0.0917	0.0914	0.0921	0.0905	0.0910	0.0909	0.0931	0.0916	0.0917	0.0902	0.0895	0.0903	0.0905	0.0919	0.0914	0.0896	
0.0960	0.0918	0.0921	0.0914	0.0910	0.0916	0.0922	0.0907	0.0973	0.0943	0.0918	0.0932	0.0937	0.0930	0.0916	0.0912	0.0937	0.0927	0.0924	0.0922	0.0910	0.0913	0.0907	0.0927	0.0942	0.0932	0.0932	0.0915	0.0924	0.0914	0.0925	0.0919	0.0939	0.0912	0.0915	0.0911	0.0904	0.0915	0.0904	0.0898	0.0944	0.0914	0.0927	0.0921	0.0920	0.0922	0.0919	0.0904	0.0935	0.0919	0.0931	0.0923	0.0915	0.0916	0.0921	0.0917	0.0931	0.0930	0.0918	0.0916	0.0915	0.0923	0.0922	0.0909	
0.0970	0.0931	0.0925	0.0914	0.0910	0.0923	0.0915	0.0912	0.0968	0.0944	0.0928	0.0927	0.0923	0.0931	0.0918	0.0912	0.0948	0.0921	0.0924	0.0925	0.0918	0.0918	0.0917	0.0925	0.0949	0.0945	0.0935	0.0917	0.0922	0.0922	0.0929	0.0918	0.0942	0.0919	0.0922	0.0918	0.0910	0.0919	0.0916	0.0919	0.0946	0.0931	0.0926	0.0932	0.0919	0.0928	0.0927	0.0913	0.0930	0.0920	0.0929	0.0925	0.0921	0.0924	0.0929	0.0920	0.0935	0.0932	0.0912	0.0929	0.0933	0.0936	0.0920	0.0913	
0.0971	0.0931	0.0923	0.0910	0.0910	0.0919	0.0916	0.0906	0.0978	0.0944	0.0919	0.0934	0.0925	0.0936	0.0919	0.0907	0.0954	0.0924	0.0924	0.0926	0.0908	0.0912	0.0918	0.0922	0.0954	0.0935	0.0925	0.0917	0.0918	0.0917	0.0928	0.0915	0.0948	0.0921	0.0913	0.0917	0.0916	0.0919	0.0905	0.0904	0.0953	0.0923	0.0920	0.0911	0.0921	0.0925	0.0915	0.0901	0.0933	0.0918	0.0932	0.0918	0.0929	0.0918	0.0916	0.0917	0.0937	0.0922	0.0916	0.0916	0.0918	0.0930	0.0916	0.0908	
0.0981	0.0935	0.0926	0.0910	0.0916	0.0920	0.0913	0.0911	0.0986	0.0942	0.0931	0.0932	0.0929	0.0932	0.0926	0.0912	0.0948	0.0931	0.0927	0.0934	0.0912	0.0913	0.0912	0.0924	0.0955	0.0929	0.0924	0.0920	0.0924	0.0913	0.0934	0.0915	0.0945	0.0925	0.0913	0.0908	0.0908	0.0909	0.0913	0.0907	0.0949	0.0917	0.0929	0.0917	0.0921	0.0929	0.0924	0.0916	0.0931	0.0921	0.0921	0.0931	0.0931	0.0914	0.0913	0.0927	0.0942	0.0932	0.0919	0.0926	0.0923	0.0940	0.0926	0.0915	
0.0990	0.0936	0.0934	0.0922	0.0916	0.0914	0.0920	0.0911	0.0998	0.0954	0.0931	0.0942	0.0928	0.0928	0.0921	0.0914	0.0960	0.0933	0.0929	0.0927	0.0908	0.0918	0.0912	0.0928	0.0951	0.0943	0.0925	0.0921	0.0924	0.0930	0.0931	0.0919	0.0945	0.0926	0.0916	0.0917	0.0908	0.0926	0.0915	0.0913	0.0955	0.0925	0.0925	0.0918	0.0919	0.0932	0.0928	0.0914	0.0939	0.0926	0.0936	0.0915	0.0924	0.0916	0.0938	0.0923	0.0931	0.0917	0.0918	0.0924	0.0922	0.0931	0.0931	0.0913	
0.0988	0.0921	0.0921	0.0903	0.0898	0.0914	0.0910	0.0907	0.0995	0.0938	0.0924	0.0923	0.0916	0.0922	0.0904	0.0903	0.0954	0.0918	0.0919	0.0915	0.0891	0.0905	0.0905	0.0909	0.0953	0.0931	0.0923	0.0915	0.0912	0.0908	0.0920	0.0917	0.0937	0.0908	0.0905	0.0896	0.0898	0.0902	0.0898	0.0897	0.0948	0.0906	0.0909	0.0904	0.0915	0.0914	0.0921	0.0900	0.0924	0.0907	0.0909	0.0917	0.0908	0.0907	0.0915	0.0918	0.0931	0.0914	0.0909	0.0903	0.0915	0.0930	0.0910	0.0906	
0.1000	0.0931	0.0923	0.0912	0.0901	0.0915	0.0921	0.0903	0.1001	0.0946	0.0926	0.0928	0.0925	0.0925	0.0917	0.0904	0.0956	0.0927	0.0927	0.0918	0.0907	0.0915	0.0908	0.0916	0.0951	0.0932	0.0922	0.0908	0.0917	0.0917	0.0918	0.0908	0.0955	0.0911	0.0924	0.0907	0.0896	0.0922	0.0910	0.0903	0.0950	0.0912	0.0916	0.0919	0.0914	0.0926	0.0923	0.0892	0.0938	0.0917	0.0921	0.0907	0.0915	0.0917	0.0923	0.0916	0.0939	0.0923	0.0919	0.0927	0.0905	0.0924	0.0912	0.0907	
0.1018	0.0940	0.0934	0.0918	0.0910	0.0913	0.0915	0.0911	0.1015	0.0940	0.0934	0.0937	0.0929	0.0929	0.0919	0.0906	0.0961	0.0926	0.0923	0.0927	0.0916	0.0918	0.0913	0.0926	0.0958	0.0935	0.0923	0.0919	0.0919	0.0920	0.0930	0.0908	0.0952	0.0915	0.0923	0.0918	0.0912	0.0908	0.0908	0.0916	0.0961	0.0918	0.0924	0.0921	0.0927	0.0925	0.0924	0.0898	0.0947	0.0924	0.0934	0.0919	0.0918	0.0924	0.0921	0.0920	0.0941	0.0930	0.0921	0.0919	0.0924	0.0922	0.0931	0.0907	
0.1028	0.0937	0.0929	0.0916	0.0904	0.0913	0.0922	0.0912	0.1020	0.0959	0.0932	0.0931	0.0933	0.0924	0.0919	0.0916	0.0958	0.0921	0.0933	0.0927	0.0915	0.0918	0.0908	0.0921	0.0965	0.0935	0.0931	0.0920	0.0916	0.0915	0.0928	0.0913	0.0953	0.0913	0.0921	0.0911	0.0907	0.0939	0.0912	0.0905	0.0958	0.0909	0.0914	0.0926	0.0916	0.0916	0.0921	0.0903	0.0943	0.0921	0.0929	0.0920	0.0914	0.0912	0.0957	0.0929	0.0936	0.0928	0.0918	0.0921	0.0924	0.0939	0.0928	0.0911	
0.1038	0.0945	0.0936	0.0910	0.0902	0.0930	0.0918	0.0923	0.1027	0.0954	0.0938	0.0926	0.0924	0.0929	0.0922	0.0900	0.0979	0.0931	0.0929	0.0920	0.0910	0.0912	0.0916	0.0909	0.0969	0.0941	0.0921	0.0909	0.0914	0.0915	0.0928	0.0914	0.0954	0.0919	0.0917	0.0913	0.0909	0.0908	0.0906	0.0904	0.0966	0.0905	0.0921	0.0923	0.0923	0.0923	0.0920	0.0905	0.0940	0.0916	0.0926	0.0913	0.0914	0.0906	0.0928	0.0919	0.0941	0.0928	0.0914	0.0919	0.0914	0.0924	0.0918	0.0904	
0.1060	0.0952	0.0938	0.0915	0.0902	0.0914	0.0921	0.0903	0.1039	0.0957	0.0937	0.0927	0.0932	0.0928	0.0928	0.0917	0.0982	0.0937	0.0929	0.0927	0.0913	0.0919	0.0910	0.0932	0.0960	0.0941	0.0928	0.0920	0.0930	0.0921	0.0932	0.0912	0.0965	0.0923	0.0920	0.0918	0.0908	0.0912	0.0904	0.0911	0.0957	0.0916	0.0924	0.0920	0.0955	0.0925	0.0925	0.0918	0.0942	0.0918	0.0919	0.0911	0.0919	0.0920	0.0927	0.0919	0.0944	0.0920	0.0917	0.0921	0.0923	0.0930	0.0991	0.0903	
0.1076	0.0949	0.0944	0.0925	0.0919	0.0922	0.0929	0.0921	0.1057	0.0965	0.0934	0.0932	0.0937	0.0945	0.0929	0.0917	0.0990	0.0937	0.0930	0.0928	0.0926	0.0921	0.0924	0.0924	0.0983	0.0949	0.0932	0.0926	0.0923	0.0920	0.0934	0.0918	0.0965	0.0919	0.0920	0.0923	0.0917	0.0916	0.0908	0.0913	0.0972	0.0917	0.0921	0.0926	0.0927	0.0930	0.0931	0.0898	0.0963	0.0935	0.0933	0.0925	0.0921	0.0920	0.0928	0.0931	0.0944	0.0937	0.0919	0.0922	0.0927	0.0935	0.0925	0.0925	
0.1082	0.0943	0.0929	0.0912	0.0910	0.0908	0.0915	0.0900	0.1051	0.0961	0.0936	0.0932	0.0922	0.0925	0.0915	0.0917	0.0986	0.0932	0.0930	0.0918	0.0910	0.0908	0.0903	0.0912	0.0984	0.0928	0.0919	0.0914	0.0915	0.0908	0.0924	0.0913	0.0962	0.0910	0.0909	0.0915	0.0895	0.0913	0.0911	0.0891	0.0960	0.0913	0.0906	0.0914	0.0909	0.0910	0.0913	0.0899	0.0937	0.0912	0.0930	0.0917	0.0918	0.0919	0.0916	0.0924	0.0939	0.0922	0.0910	0.0908	0.0921	0.0917	0.0929	0.0904	
0.1094	0.0949	0.0937	0.0930	0.0903	0.0911	0.0920	0.0914	0.1078	0.0961	0.0937	0.0930	0.0929	0.0927	0.0923	0.0911	0.0994	0.0933	0.0931	0.0929	0.0915	0.0925	0.0921	0.0922	0.0984	0.0942	0.0921	0.0922	0.0915	0.0918	0.0929	0.0908	0.0965	0.0922	0.0907	0.0920	0.0906	0.0912	0.0909	0.0908	0.0972	0.0923	0.0910	0.0913	0.0920	0.0925	0.0926	0.0901	0.0945	0.0917	0.0927	0.0915	0.0917	0.0920	0.0922	0.0928	0.0939	0.0918	0.0920	0.0917	0.0916	0.0931	0.0926	0.0907	
0.1118	0.0951	0.0939	0.0914	0.0895	0.0924	0.0916	0.0903	0.1093	0.0959	0.0929	0.0927	0.0937	0.0929	0.0929	0.0911	0.1012	0.0934	0.0926	0.0927	0.0922	0.0910	0.0907	0.0913	0.0988	0.0934	0.0919	0.0920	0.0910	0.0915	0.0928	0.0908	0.0962	0.0918	0.0922	0.0907	0.0911	0.0909	0.0912	0.0898	0.0967	0.0903	0.0926	0.0916	0.0917	0.0909	0.0911	0.0908	0.0953	0.0912	0.0919	0.0919	0.0911	0.0911	0.0918	0.0913	0.0935	0.0918	0.0919	0.0910	0.0915	0.0922	0.0921	0.0893	
0.1153	0.0971	0.0952	0.0930	0.0915	0.0920	0.0925	0.0920	0.1117	0.0971	0.0935	0.0932	0.0933	0.0930	0.0922	0.0912	0.1020	0.0934	0.0935	0.0934	0.0920	0.0928	0.0915	0.0917	0.0996	0.0948	0.0934	0.0911	0.0924	0.0928	0.0930	0.0918	0.0967	0.0929	0.0916	0.0926	0.0909	0.0926	0.0913	0.0909	0.0978	0.0921	0.0910	0.0920	0.0928	0.0930	0.0930	0.0903	0.0952	0.0932	0.0934	0.0921	0.0919	0.0922	0.0921	0.0921	0.0939	0.0926	0.0915	0.0918	0.0929	0.0927	0.0922	0.0916	
0.1181	0.0952	0.0947	0.0922	0.0914	0.0918	0.0926	0.0907	0.1140	0.0963	0.0944	0.0935	0.0922	0.0942	0.0930	0.0921	0.1018	0.0934	0.0938	0.0932	0.0913	0.0908	0.0910	0.0921	0.0990	0.0950	0.0927	0.0920	0.0923	0.0920	0.0929	0.0908	0.0975	0.0921	0.0908	0.0919	0.0914	0.0912	0.0911	0.0901	0.0980	0.0922	0.0917	0.0922	0.0918	0.0922	0.0948	0.0903	0.0947	0.0916	0.0922	0.0928	0.0922	0.0912	0.0910	0.0921	0.0945	0.0918	0.0917	0.0917	0.0916	0.0928	0.0915	0.0906	
0.1199	0.0980	0.0957	0.0941	0.0920	0.0927	0.0933	0.0924	0.1171	0.0982	0.0957	0.0944	0.0943	0.0936	0.0934	0.0926	0.1044	0.0948	0.0943	0.0936	0.0927	0.0930	0.0928	0.0924	0.1016	0.0948	0.0938	0.0929	0.0935	0.0931	0.0945	0.0917	0.0984	0.0941	0.0928	0.0938	0.0920	0.0932	0.0925	0.0911	0.0981	0.0926	0.0924	0.0927	0.0929	0.0934	0.0934	0.0915	0.0958	0.0935	0.0925	0.0935	0.0920	0.0934	0.0929	0.0937	0.0948	0.0943	0.0926	0.0923	0.0928	0.0945	0.0941	0.0910	
0.1240	0.0979	0.0967	0.0928	0.0919	0.0941	0.0936	0.0917	0.1191	0.0995	0.0954	0.0977	0.0934	0.0950	0.0941	0.0922	0.1059	0.0959	0.0941	0.0943	0.0921	0.0919	0.0927	0.0941	0.1025	0.0961	0.0936	0.0933	0.0934	0.0938	0.0939	0.0926	0.1001	0.0926	0.0925	0.0932	0.0924	0.0974	0.0915	0.0921	0.0984	0.0938	0.0922	0.0935	0.0927	0.0939	0.0943	0.0919	0.0969	0.0935	0.0937	0.0930	0.0921	0.0923	0.0935	0.0928	0.0961	0.0941	0.0928	0.0938	0.0930	0.0954	0.0936	0.0916	
0.1274	0.0974	0.0967	0.0932	0.0915	0.0922	0.0930	0.0912	0.1224	0.0998	0.0947	0.0939	0.0940	0.0949	0.0943	0.0918	0.1069	0.0952	0.0943	0.0946	0.0923	0.0928	0.0922	0.0930	0.1034	0.0955	0.0932	0.0925	0.0921	0.0929	0.0940	0.0912	0.0991	0.0932	0.0923	0.0929	0.0915	0.0923	0.0914	0.0907	0.1004	0.0913	0.0919	0.0936	0.0924	0.0933	0.0935	0.0909	0.0964	0.0934	0.0928	0.0921	0.0917	0.0929	0.0917	0.0935	0.0958	0.0925	0.0916	0.0931	0.0925	0.0938	0.0937	0.0910	
0.1295	0.0994	0.0972	0.0929	0.0918	0.0934	0.0931	0.0922	0.1258	0.0997	0.0957	0.0955	0.0941	0.0947	0.0939	0.0927	0.1093	0.0958	0.0958	0.0949	0.0919	0.0930	0.0926	0.0925	0.1041	0.0962	0.0945	0.0932	0.0933	0.0937	0.0950	0.0922	0.0983	0.0934	0.0929	0.0930	0.0924	0.0926	0.0913	0.0907	0.0999	0.0923	0.0926	0.0935	0.0932	0.0931	0.0939	0.0920	0.0966	0.0932	0.0935	0.0925	0.0923	0.0926	0.0923	0.0921	0.1043	0.0937	0.0932	0.0939	0.0924	0.0930	0.0928	0.0917	
0.1345	0.0991	0.0981	0.0925	0.0922	0.0935	0.0927	0.0909	0.1294	0.0996	0.0964	0.0948	0.0938	0.0941	0.0951	0.0924	0.1112	0.0955	0.0945	0.0938	0.0927	0.0926	0.0926	0.0924	0.1038	0.0955	0.0940	0.0923	0.0932	0.0927	0.0932	0.0921	0.0984	0.0922	0.0916	0.0924	0.0920	0.0915	0.0911	0.0915	0.1007	0.0922	0.0924	0.0923	0.0919	0.0928	0.0930	0.0914	0.0965	0.0923	0.0935	0.0916	0.0919	0.0918	0.0919	0.0915	0.0962	0.0938	0.0919	0.0923	0.0921	0.0932	0.0916	0.0909	
0.1378	0.0994	0.0969	0.0938	0.0913	0.0927	0.0929	0.0917	0.1323	0.0998	0.0956	0.0942	0.0927	0.0941	0.0940	0.0913	0.1122	0.0959	0.0938	0.0929	0.0911	0.0918	0.0903	0.0913	0.1051	0.0963	0.0946	0.0934	0.0935	0.0912	0.0935	0.0914	0.0984	0.0920	0.0922	0.0913	0.0912	0.0917	0.0912	0.0911	0.1008	0.0908	0.0923	0.0920	0.0934	0.0920	0.0911	0.0895	0.0955	0.0925	0.0929	0.0903	0.0908	0.0917	0.0916	0.0912	0.0958	0.0927	0.0914	0.0911	0.0918	0.0928	0.0916	0.0897	
0.1433	0.1000	0.0985	0.0931	0.0919	0.0925	0.0931	0.0906	0.1375	0.1000	0.0965	0.0946	0.0937	0.0939	0.0941	0.0909	0.1153	0.0952	0.0949	0.0966	0.0909	0.0912	0.0913	0.0931	0.1070	0.0949	0.0938	0.0929	0.0917	0.0930	0.0927	0.0913	0.0992	0.0918	0.0912	0.0914	0.0904	0.0917	0.0909	0.0901	0.1016	0.0916	0.0924	0.0919	0.0904	0.0919	0.0909	0.0904	0.0962	0.0928	0.0918	0.0910	0.0909	0.0909	0.0925	0.0914	0.0946	0.0930	0.0919	0.0902	0.0924	0.0929	0.0915	0.0900	
0.1503	0.1015	0.1007	0.0923	0.0910	0.0924	0.0939	0.0919	0.1425	0.1013	0.0968	0.0953	0.0936	0.0945	0.0948	0.0919	0.1187	0.0971	0.0949	0.0939	0.0920	0.0936	0.0911	0.0922	0.1090	0.0960	0.0936	0.0934	0.0930	0.0919	0.0938	0.0923	0.0999	0.0924	0.0923	0.0921	0.0902	0.0916	0.0897	0.0906	0.1010	0.0920	0.0911	0.0917	0.0918	0.0923	0.0919	0.0908	0.0967	0.0927	0.0941	0.0907	0.0912	0.0912	0.0928	0.0922	0.0944	0.0925	0.0918	0.0911	0.0920	0.0925	0.0920	0.0913	
0.1576	0.1034	0.0998	0.0927	0.0911	0.0938	0.0942	0.0922	0.1483	0.1021	0.0969	0.0945	0.0946	0.0937	0.0951	0.0924	0.1217	0.0978	0.0954	0.0946	0.0925	0.0917	0.0925	0.0931	0.1103	0.0962	0.0944	0.0933	0.0934	0.0938	0.0935	0.0920	0.1013	0.0927	0.0918	0.0923	0.0910	0.0917	0.0905	0.0909	0.1027	0.0925	0.0916	0.0927	0.0925	0.0923	0.0915	0.0905	0.0975	0.0929	0.0926	0.0926	0.0916	0.0910	0.0974	0.0911	0.0957	0.0931	0.0919	0.0907	0.0918	0.0932	0.0920	0.0907	
0.1632	0.1042	0.1011	0.0934	0.0913	0.0936	0.0942	0.0925	0.1546	0.1034	0.0967	0.0953	0.0950	0.0947	0.0958	0.0920	0.1234	0.0990	0.0951	0.0943	0.0926	0.0912	0.0926	0.0925	0.1115	0.0954	0.0940	0.0924	0.0930	0.0929	0.0941	0.0919	0.1002	0.0913	0.0911	0.0916	0.0898	0.0911	0.0905	0.0893	0.1022	0.0911	0.0910	0.0918	0.0913	0.0914	0.0914	0.0895	0.0961	0.0927	0.0914	0.0911	0.0918	0.0906	0.0914	0.0907	0.0946	0.0924	0.0910	0.0898	0.0905	0.0912	0.0916	0.0905	
0.1736	0.1060	0.1018	0.0932	0.0933	0.0932	0.0945	0.0921	0.1598	0.1062	0.0982	0.0960	0.0947	0.0957	0.0967	0.0917	0.1295	0.0992	0.0975	0.0940	0.0929	0.0923	0.0921	0.0933	0.1137	0.0966	0.0949	0.0937	0.0924	0.0923	0.0935	0.0928	0.1033	0.0931	0.0928	0.0923	0.0907	0.0914	0.0915	0.0907	0.1035	0.0909	0.0919	0.0923	0.0914	0.0914	0.0914	0.0908	0.0968	0.0921	0.0922	0.0918	0.0925	0.0913	0.0921	0.0928	0.0956	0.0937	0.0919	0.0916	0.0912	0.0917	0.0925	0.0907	
0.1814	0.1086	0.1040	0.0948	0.0930	0.0941	0.0956	0.0926	0.1693	0.1082	0.0991	0.0959	0.0961	0.0955	0.0982	0.0923	0.1328	0.0998	0.0974	0.0950	0.0929	0.0927	0.0931	0.0922	0.1182	0.0975	0.0953	0.0937	0.0923	0.0923	0.0933	0.0914	0.1021	0.0934	0.0930	0.0927	0.0907	0.0915	0.0909	0.0897	0.1050	0.0915	0.0913	0.0928	0.0925	0.0918	0.0918	0.0906	0.0988	0.0932	0.0925	0.0909	0.0912	0.0925	0.0927	0.0920	0.0947	0.0922	0.0922	0.0917	0.0924	0.0916	0.0918	0.0902	
0.1901	0.1111	0.1065	0.0949	0.0936	0.0952	0.0949	0.0938	0.1771	0.1107	0.1010	0.0971	0.0966	0.0963	0.0977	0.0933	0.1393	0.1030	0.0982	0.0959	0.0941	0.0943	0.0925	0.0934	0.1203	0.0998	0.0969	0.0953	0.0940	0.0934	0.0956	0.0935	0.1043	0.0950	0.0937	0.0935	0.0908	0.0936	0.0910	0.0909	0.1065	0.0918	0.0927	0.0928	0.0920	0.0923	0.0925	0.0923	0.0996	0.0936	0.0935	0.0923	0.0923	0.0930	0.0938	0.0929	0.0965	0.0921	0.0928	0.0921	0.0919	0.0927	0.0932	0.0910	
0.2011	0.1115	0.1064	0.0983	0.0938	0.0950	0.0960	0.0942	0.1881	0.1122	0.1023	0.0968	0.0963	0.0963	0.0992	0.0939	0.1431	0.1026	0.0985	0.0966	0.0935	0.0935	0.0939	0.0935	0.1225	0.0982	0.0962	0.0958	0.0949	0.0949	0.0938	0.0925	0.1052	0.0932	0.0933	0.0941	0.0919	0.0923	0.0932	0.0919	0.1090	0.0914	0.0933	0.0937	0.0930	0.0927	0.0928	0.0916	0.0997	0.0927	0.0938	0.0929	0.0918	0.0920	0.0933	0.0947	0.0962	0.0918	0.0918	0.0918	0.0932	0.0912	0.0924	0.0908	
0.2147	0.1170	0.1094	0.0976	0.0960	0.0970	0.0981	0.0947	0.1979	0.1146	0.1044	0.0980	0.0975	0.0968	0.0985	0.0935	0.1502	0.1047	0.1001	0.0973	0.0955	0.0933	0.0957	0.0950	0.1268	0.1010	0.0982	0.0962	0.0973	0.0958	0.0951	0.0962	0.1066	0.0947	0.0948	0.0949	0.0916	0.0929	0.0928	0.0917	0.1117	0.0945	0.0944	0.0940	0.0935	0.0938	0.0928	0.0924	0.0993	0.0954	0.0942	0.0946	0.0923	0.0928	0.0934	0.0928	0.0973	0.0933	0.0919	0.0925	0.0923	0.0936	0.0925	0.0915	
0.2250	0.1199	0.1102	0.0971	0.0944	0.0967	0.0978	0.0943	0.2032	0.1158	0.1043	0.0985	0.0977	0.0972	0.0984	0.0938	0.1552	0.1054	0.1005	0.0975	0.0938	0.0937	0.0935	0.0939	0.1291	0.1014	0.0983	0.0961	0.0946	0.0943	0.0953	0.0935	0.1071	0.0952	0.0929	0.0934	0.0924	0.0922	0.0929	0.0913	0.1116	0.0922	0.0920	0.0930	0.0924	0.0921	0.0926	0.0904	0.0994	0.0936	0.0932	0.0920	0.0922	0.0921	0.0925	0.0929	0.0970	0.0938	0.0916	0.0916	0.0927	0.0945	0.0915	0.0913	
0.2373	0.1247	0.1123	0.0975	0.0954	0.0980	0.0976	0.0945	0.2177	0.1191	0.1054	0.0990	0.0980	0.0979	0.0987	0.0939	0.1635	0.1077	0.1030	0.0973	0.0952	0.0942	0.0942	0.0933	0.1357	0.1030	0.0987	0.0959	0.0955	0.0941	0.0955	0.0927	0.1079	0.0953	0.0931	0.0934	0.0914	0.0917	0.0920	0.0910	0.1162	0.0926	0.0931	0.0928	0.0933	0.0914	0.0935	0.0915	0.1013	0.0932	0.0933	0.0927	0.0921	0.0914	0.0934	0.0921	0.0964	0.0936	0.0922	0.0909	0.0931	0.0932	0.0916	0.0909	
0.2512	0.1294	0.1131	0.0981	0.0946	0.0963	0.0982	0.0946	0.2299	0.1221	0.1077	0.0987	0.0974	0.0970	0.1004	0.0939	0.1715	0.1104	0.1037	0.0977	0.0944	0.0945	0.0942	0.0938	0.1383	0.1041	0.0989	0.0961	0.0955	0.0934	0.0958	0.0946	0.1088	0.0959	0.0923	0.0934	0.0920	0.0917	0.0919	0.0909	0.1165	0.0922	0.0923	0.0932	0.0933	0.0922	0.0914	0.0914	0.0996	0.0939	0.0933	0.0923	0.0916	0.0914	0.0925	0.0912	0.0965	0.0931	0.0919	0.0916	0.0915	0.0920	0.0910	0.0902	
0.2651	0.1326	0.1155	0.0985	0.0959	0.0971	0.0986	0.0953	0.2439	0.1250	0.1085	0.0996	0.0994	0.0987	0.0992	0.0948	0.1783	0.1128	0.1041	0.0982	0.0952	0.0947	0.0936	0.0940	0.1432	0.1046	0.0997	0.0958	0.0952	0.0937	0.0958	0.0941	0.1118	0.0962	0.0930	0.0943	0.0924	0.0924	0.0926	0.0902	0.1199	0.0927	0.0929	0.0931	0.0931	0.0927	0.0926	0.0904	0.1012	0.0943	0.0939	0.0914	0.0911	0.0922	0.0922	0.0921	0.0967	0.0925	0.0909	0.0920	0.0919	0.0935	0.0929	0.0899	
0.2828	0.1395	0.1201	0.1004	0.0971	0.0979	0.0998	0.0955	0.2594	0.1293	0.1115	0.1005	0.1004	0.0998	0.1014	0.0938	0.1899	0.1156	0.1072	0.0996	0.0965	0.0956	0.0949	0.0952	0.1487	0.1071	0.1012	0.0979	0.0968	0.0952	0.0967	0.0946	0.1140	0.0981	0.0943	0.0949	0.0932	0.0935	0.0925	0.0911	0.1238	0.0937	0.0934	0.0935	0.0936	0.0935	0.0936	0.0907	0.1031	0.0953	0.0940	0.0928	0.0927	0.0913	0.0927	0.0925	0.0983	0.0942	0.0931	0.0927	0.0926	0.0926	0.0934	0.0912	
0.3041	0.1460	0.1228	0.1009	0.0976	0.0985	0.0997	0.0967	0.2733	0.1342	0.1139	0.1013	0.1005	0.1007	0.1017	0.0956	0.2002	0.1192	0.1079	0.1000	0.0961	0.0949	0.0962	0.0956	0.1559	0.1098	0.1020	0.0979	0.0965	0.0948	0.0964	0.0950	0.1155	0.0985	0.0953	0.0956	0.0924	0.0921	0.0924	0.0909	0.1254	0.0933	0.0935	0.0943	0.0936	0.0923	0.0924	0.0906	0.1038	0.0941	0.0946	0.0930	0.0911	0.0924	0.0918	0.0925	0.0964	0.0927	0.0918	0.0924	0.0919	0.0935	0.0909	0.0902	
0.3248	0.1527	0.1265	0.1021	0.0993	0.0986	0.1002	0.0973	0.2934	0.1397	0.1156	0.1036	0.1007	0.1002	0.1030	0.0943	0.2117	0.1219	0.1100	0.0995	0.0958	0.0950	0.0946	0.0950	0.1612	0.1110	0.1023	0.0987	0.0960	0.0944	0.0968	0.0947	0.1183	0.0986	0.0949	0.0951	0.0914	0.0914	0.0915	0.0906	0.1304	0.0933	0.0938	0.0930	0.0923	0.0918	0.0931	0.0901	0.1034	0.0946	0.0933	0.0917	0.0911	0.0909	0.0920	0.0910	0.0975	0.0927	0.0919	0.0909	0.0921	0.0923	0.0918	0.0897	
0.3468	0.1618	0.1310	0.1056	0.0991	0.1009	0.1027	0.0974	0.3088	0.1451	0.1193	0.1036	0.1024	0.1020	0.1045	0.0953	0.2233	0.1261	0.1116	0.1014	0.0972	0.0953	0.0957	0.0956	0.1697	0.1137	0.1044	0.0996	0.0975	0.0952	0.0967	0.0945	0.1219	0.1016	0.0952	0.0955	0.0918	0.0922	0.0932	0.0909	0.1339	0.0929	0.0933	0.0938	0.0930	0.0917	0.0927	0.0914	0.1062	0.0944	0.0939	0.0912	0.0915	0.0905	0.0921	0.0922	0.0973	0.0934	0.0918	0.0913	0.0917	0.0916	0.0934	0.0905	
0.3697	0.1702	0.1357	0.1060	0.0997	0.1022	0.1040	0.0985	0.3283	0.1517	0.1226	0.1060	0.1044	0.1026	0.1053	0.0963	0.2394	0.1304	0.1136	0.1020	0.0981	0.0968	0.0979	0.0970	0.1804	0.1159	0.1065	0.1015	0.0990	0.0966	0.0969	0.0957	0.1281	0.1013	0.0966	0.0963	0.0932	0.0934	0.0928	0.0916	0.1402	0.0935	0.0941	0.0943	0.0939	0.0922	0.0940	0.0914	0.1070	0.0959	0.0953	0.0931	0.0920	0.0916	0.0933	0.0918	0.0979	0.0945	0.0914	0.0926	0.0928	0.0943	0.0926	0.0906	
0.3920	0.1826	0.1417	0.1087	0.1065	0.1032	0.1063	0.1003	0.3517	0.1610	0.1276	0.1084	0.1073	0.1040	0.1086	0.0973	0.2547	0.1379	0.1193	0.1051	0.0999	0.0983	0.0991	0.0979	0.1881	0.1209	0.1099	0.1023	0.0994	0.0973	0.0990	0.0970	0.1293	0.1042	0.0978	0.0987	0.0943	0.0936	0.0940	0.0920	0.1449	0.0953	0.0963	0.0951	0.0956	0.0926	0.0946	0.0920	0.1096	0.0980	0.0961	0.0941	0.0936	0.0926	0.0950	0.0940	0.0993	0.0940	0.0930	0.0933	0.0944	0.0930	0.0928	0.0912	
0.4118	0.1937	0.1476	0.1093	0.1051	0.1047	0.1063	0.1016	0.3696	0.1674	0.1312	0.1104	0.1060	0.1058	0.1092	0.0970	0.2697	0.1438	0.1208	0.1056	0.1008	0.0984	0.0979	0.0982	0.1991	0.1244	0.1114	0.1040	0.1008	0.0978	0.0991	0.0975	0.1333	0.1051	0.0982	0.0982	0.0948	0.0941	0.0941	0.0935	0.1491	0.0945	0.0957	0.0948	0.0946	0.0932	0.0945	0.0925	0.1098	0.0984	0.0964	0.0942	0.0924	0.0925	0.0940	0.0941	0.0989	0.0938	0.0929	0.0926	0.0917	0.0932	0.0926	0.0912	
0.4378	0.2034	0.1512	0.1113	0.1050	0.1049	0.1068	0.1009	0.3961	0.1746	0.1353	0.1113	0.1084	0.1063	0.1104	0.0974	0.2869	0.1486	0.1243	0.1059	0.0996	0.0981	0.0992	0.0970	0.2056	0.1284	0.1130	0.1043	0.1007	0.0961	0.0984	0.0966	0.1371	0.1057	0.0977	0.0979	0.0936	0.0934	0.0947	0.0913	0.1557	0.0947	0.0956	0.0947	0.0939	0.0923	0.0923	0.0921	0.1114	0.0975	0.0959	0.0930	0.0914	0.0920	0.0930	0.0924	0.0982	0.0944	0.0919	0.0918	0.0916	0.0914	0.0923	0.0901	
0.4616	0.2188	0.1576	0.1140	0.1077	0.1071	0.1083	0.1024	0.4165	0.1858	0.1417	0.1122	0.1106	0.1075	0.1131	0.0982	0.3043	0.1563	0.1291	0.1089	0.1018	0.0991	0.1004	0.0977	0.2186	0.1302	0.1139	0.1047	0.1025	0.0966	0.0992	0.0979	0.1430	0.1089	0.0990	0.0981	0.0948	0.0930	0.0934	0.0916	0.1628	0.0945	0.0970	0.0947	0.0939	0.0929	0.0933	0.0922	0.1133	0.0985	0.0952	0.0938	0.0925	0.0919	0.0940	0.0930	0.0985	0.0936	0.0923	0.0915	0.0918	0.0926	0.0923	0.0908	
0.4847	0.2332	0.1654	0.1158	0.1098	0.1087	0.1115	0.1042	0.4406	0.1981	0.1469	0.1156	0.1116	0.1082	0.1146	0.0990	0.3229	0.1637	0.1329	0.1105	0.1023	0.0995	0.1019	0.0989	0.2299	0.1349	0.1174	0.1063	0.1036	0.0991	0.0999	0.0981	0.1481	0.1119	0.1010	0.0998	0.0958	0.0930	0.0942	0.0920	0.1696	0.0970	0.0975	0.0950	0.0945	0.0928	0.0949	0.0918	0.1151	0.1000	0.0971	0.0931	0.0922	0.0918	0.0933	0.0931	0.0988	0.0936	0.0921	0.0923	0.0927	0.0922	0.0920	0.0904	
0.5087	0.2506	0.1738	0.1190	0.1107	0.1111	0.1130	0.1060	0.4605	0.2078	0.1527	0.1193	0.1141	0.1103	0.1154	0.1004	0.3413	0.1733	0.1373	0.1119	0.1055	0.1011	0.1027	0.0996	0.2401	0.1414	0.1207	0.1080	0.1046	0.0987	0.0998	0.0990	0.1539	0.1148	0.1016	0.1012	0.0960	0.0942	0.0947	0.0930	0.1751	0.0961	0.0983	0.0958	0.0954	0.0921	0.0928	0.0931	0.1170	0.1009	0.0968	0.0942	0.0925	0.0923	0.0936	0.0929	0.1011	0.0942	0.0924	0.0923	0.0918	0.0916	0.0919	0.0911	
0.5354	0.2628	0.1801	0.1219	0.1118	0.1117	0.1143	0.1070	0.4832	0.2199	0.1583	0.1209	0.1155	0.1119	0.1172	0.1001	0.3562	0.1814	0.1425	0.1131	0.1046	0.1016	0.1026	0.1006	0.2577	0.1471	0.1235	0.1107	0.1053	0.0995	0.1013	0.0991	0.1589	0.1161	0.1022	0.1010	0.0963	0.0937	0.0950	0.0906	0.1863	0.0960	0.0981	0.0961	0.0956	0.0931	0.0937	0.0914	0.1198	0.1011	0.0965	0.0950	0.0916	0.0919	0.0930	0.0930	0.1006	0.0941	0.0907	0.0920	0.0921	0.0929	0.0911	0.0898	
0.5571	0.2830	0.1906	0.1257	0.1153	0.1153	0.1169	0.1063	0.5075	0.2350	0.1656	0.1243	0.1183	0.1147	0.1190	0.1013	0.3784	0.1944	0.1501	0.1157	0.1057	0.1023	0.1040	0.1010	0.2726	0.1544	0.1266	0.1124	0.1074	0.0995	0.1028	0.0997	0.1675	0.1211	0.1041	0.1019	0.0974	0.0940	0.0947	0.0928	0.1954	0.0980	0.0992	0.0965	0.0952	0.0923	0.0941	0.0922	0.1214	0.1042	0.0981	0.0947	0.0932	0.0923	0.0993	0.0934	0.1015	0.0954	0.0932	0.0923	0.0918	0.0918	0.0911	0.0913	
0.5731	0.2989	0.1973	0.1293	0.1176	0.1161	0.1182	0.1097	0.5318	0.2491	0.1728	0.1256	0.1204	0.1168	0.1213	0.1013	0.4042	0.2036	0.1546	0.1179	0.1076	0.1029	0.1068	0.1011	0.2915	0.1632	0.1310	0.1138	0.1073	0.1002	0.1022	0.1004	0.1747	0.1223	0.1064	0.1031	0.0967	0.0944	0.0956	0.0923	0.2048	0.0979	0.0989	0.0968	0.0955	0.0926	0.0949	0.0926	0.1254	0.1034	0.0977	0.0938	0.0926	0.0919	0.0924	0.0936	0.1016	0.0947	0.0926	0.0923	0.0909	0.0933	0.0926	0.0902	
0.5938	0.3163	0.2063	0.1330	0.1195	0.1170	0.1208	0.1107	0.5517	0.2612	0.1807	0.1321	0.1218	0.1177	0.1227	0.1016	0.4231	0.2162	0.1610	0.1203	0.1103	0.1035	0.1065	0.1029	0.3045	0.1681	0.1341	0.1159	0.1096	0.1008	0.1038	0.1008	0.1837	0.1292	0.1074	0.1042	0.0970	0.0944	0.0947	0.0918	0.2160	0.0978	0.1007	0.0963	0.0958	0.0933	0.0934	0.0921	0.1285	0.1059	0.0977	0.0941	0.0927	0.0916	0.0927	0.0925	0.1009	0.0949	0.0924	0.0917	0.0915	0.0922	0.0903	0.0893	
0.6169	0.3376	0.2180	0.1410	0.1240	0.1217	0.1255	0.1134	0.5826	0.2805	0.1921	0.1357	0.1276	0.1205	0.1268	0.1044	0.4452	0.2295	0.1683	0.1245	0.1128	0.1050	0.1090	0.1058	0.3224	0.1810	0.1381	0.1217	0.1109	0.1018	0.1057	0.1017	0.1926	0.1348	0.1105	0.1051	0.0981	0.0953	0.0965	0.0918	0.2299	0.1003	0.1024	0.0981	0.0965	0.0936	0.0958	0.0934	0.1330	0.1071	0.1005	0.0959	0.0928	0.0924	0.0941	0.0935	0.1020	0.0970	0.0930	0.0926	0.0921	0.0921	0.0914	0.0901	
0.6318	0.3567	0.2293	0.1455	0.1282	0.1255	0.1291	0.1171	0.6019	0.2962	0.2025	0.1417	0.1311	0.1244	0.1311	0.1065	0.4661	0.2427	0.1787	0.1286	0.1151	0.1065	0.1115	0.1054	0.3388	0.1913	0.1448	0.1240	0.1153	0.1042	0.1062	0.1034	0.2024	0.1401	0.1133	0.1082	0.0981	0.0951	0.0971	0.0927	0.2412	0.1008	0.1043	0.0987	0.0971	0.0941	0.0955	0.0938	0.1365	0.1093	0.1006	0.0944	0.0930	0.0923	0.0937	0.0953	0.1049	0.0975	0.0931	0.0925	0.0921	0.0921	0.0930	0.0903	
0.6478	0.3750	0.2388	0.1513	0.1297	0.1274	0.1308	0.1178	0.6242	0.3128	0.2094	0.1465	0.1331	0.1277	0.1338	0.1058	0.4863	0.2568	0.1864	0.1303	0.1171	0.1073	0.1114	0.1070	0.3557	0.1991	0.1496	0.1249	0.1153	0.1033	0.1067	0.1020	0.2127	0.1450	0.1170	0.1081	0.0980	0.0961	0.0964	0.0934	0.2538	0.1023	0.1048	0.1000	0.0982	0.0936	0.0960	0.0923	0.1428	0.1111	0.1004	0.0945	0.0922	0.0932	0.0935	0.0941	0.1048	0.0969	0.0930	0.0923	0.0926	0.0911	0.0914	0.0903	
0.6574	0.3970	0.2475	0.1538	0.1333	0.1296	0.1344	0.1190	0.6417	0.3289	0.2170	0.1508	0.1348	0.1310	0.1344	0.1073	0.5093	0.2727	0.1938	0.1345	0.1198	0.1083	0.1128	0.1075	0.3797	0.2122	0.1571	0.1266	0.1161	0.1042	0.1059	0.1037	0.2264	0.1514	0.1189	0.1096	0.0988	0.0951	0.0962	0.0942	0.2692	0.1038	0.1056	0.0996	0.0977	0.0923	0.0933	0.0929	0.1439	0.1145	0.1015	0.0945	0.0920	0.0920	0.0919	0.0926	0.1061	0.0989	0.0923	0.0926	0.0918	0.0928	0.0896	0.0894	
0.6624	0.4204	0.2647	0.1683	0.1430	0.1366	0.1409	0.1254	0.6602	0.3492	0.2328	0.1597	0.1439	0.1371	0.1416	0.1113	0.5325	0.2940	0.2071	0.1430	0.1256	0.1144	0.1199	0.1115	0.4024	0.2304	0.1670	0.1368	0.1208	0.1080	0.1110	0.1073	0.2416	0.1609	0.1269	0.1147	0.1028	0.0975	0.1010	0.0938	0.2854	0.1081	0.1097	0.1013	0.0990	0.0956	0.0954	0.0950	0.1540	0.1190	0.1052	0.0977	0.0937	0.0932	0.0947	0.0943	0.1072	0.1002	0.0945	0.0946	0.0928	0.0934	0.0914	0.0909	
0.6702	0.4387	0.2750	0.1720	0.1486	0.1428	0.1471	0.1295	0.6787	0.3719	0.2430	0.1666	0.1505	0.1418	0.1470	0.1150	0.5593	0.3178	0.2186	0.1488	0.1306	0.1173	0.1229	0.1155	0.4274	0.2455	0.1744	0.1407	0.1241	0.1114	0.1129	0.1105	0.2569	0.1708	0.1289	0.1171	0.1041	0.0980	0.1004	0.0969	0.3028	0.1095	0.1116	0.1013	0.1015	0.0954	0.0974	0.0956	0.1605	0.1226	0.1062	0.0973	0.0954	0.0945	0.0960	0.0964	0.1105	0.1014	0.0948	0.0952	0.0938	0.0936	0.0916	0.0909	
0.6740	0.4588	0.2870	0.1804	0.1547	0.1486	0.1529	0.1329	0.6859	0.3906	0.2536	0.1733	0.1551	0.1469	0.1507	0.1178	0.5819	0.3351	0.2277	0.1525	0.1335	0.1197	0.1257	0.1166	0.4456	0.2543	0.1810	0.1439	0.1292	0.1138	0.1161	0.1128	0.2692	0.1801	0.1347	0.1195	0.1056	0.0986	0.1041	0.0965	0.3129	0.1114	0.1135	0.1050	0.1016	0.0966	0.0967	0.0973	0.1660	0.1260	0.1074	0.0996	0.0960	0.0942	0.0970	0.0956	0.1108	0.1018	0.0956	0.0948	0.0938	0.0987	0.0931	0.0927	
0.6758	0.4761	0.2964	0.1859	0.1573	0.1512	0.1597	0.1364	0.6967	0.4083	0.2632	0.1794	0.1596	0.1510	0.1586	0.1197	0.6022	0.3527	0.2385	0.1571	0.1373	0.1208	0.1290	0.1198	0.4679	0.2690	0.1871	0.1477	0.1311	0.1143	0.1169	0.1131	0.2846	0.1869	0.1373	0.1226	0.1080	0.0995	0.1041	0.0956	0.3331	0.1120	0.1158	0.1046	0.1033	0.0957	0.0980	0.0957	0.1726	0.1287	0.1090	0.0992	0.0951	0.0947	0.0966	0.0962	0.1118	0.1028	0.0945	0.0939	0.0931	0.0934	0.0915	0.0911	
0.6727	0.4918	0.3026	0.1954	0.1664	0.1581	0.1651	0.1425	0.6907	0.4235	0.2761	0.1881	0.1671	0.1550	0.1654	0.1223	0.6192	0.3698	0.2487	0.1648	0.1431	0.1241	0.1334	0.1217	0.4848	0.2863	0.1971	0.1550	0.1365	0.1167	0.1206	0.1161	0.2988	0.1999	0.1432	0.1252	0.1093	0.1009	0.1047	0.0961	0.3469	0.1162	0.1204	0.1069	0.1028	0.0960	0.0967	0.0967	0.1778	0.1344	0.1118	0.0996	0.0961	0.0944	0.0953	0.0968	0.1145	0.1031	0.0953	0.0945	0.0935	0.0928	0.0914	0.0916	
