0.0938	0.0962	0.0938	0.0969	0.0937	0.0965	0.0932	0.1098	0.0944	0.0956	0.0949	0.0950	0.0956	0.1138	0.0943	0.1176	0.0941	0.0964	0.0939	0.0975	0.0967	0.1112	0.0947	0.1133	0.0940	0.0949	0.0942	0.0995	0.0946	0.1004	0.0947	0.1253	0.0941	0.0951	0.0951	0.1052	0.0937	0.1089	0.0933	0.1240	0.0938	0.0953	0.0953	0.0992	0.0953	0.1126	0.0960	0.1111	0.0948	0.0952	0.0950	0.1029	0.0950	0.1023	0.0939	0.1046	0.0947	0.0931	0.0954	0.0952	0.0935	0.0966	0.0940	0.0984	
0.0930	0.0936	0.0920	0.0957	0.0937	0.0946	0.0932	0.0951	0.0937	0.0936	0.0927	0.0938	0.0933	0.0940	0.0955	0.0941	0.0928	0.0932	0.0933	0.0939	0.0950	0.0940	0.0964	0.0948	0.0936	0.0933	0.0934	0.0916	0.0933	0.0934	0.0937	0.0952	0.0921	0.0925	0.0943	0.0943	0.0940	0.0945	0.0935	0.0957	0.0914	0.0937	0.0930	0.0925	0.0939	0.0928	0.0947	0.0939	0.0930	0.0929	0.0932	0.0926	0.0952	0.0933	0.0942	0.0948	0.0925	0.0924	0.0928	0.0939	0.0943	0.0946	0.0954	0.0951	
0.0925	0.0947	0.0922	0.0951	0.0948	0.0943	0.0937	0.0952	0.0932	0.0936	0.0936	0.0935	0.0941	0.0944	0.0945	0.0947	0.0928	0.0932	0.0943	0.0948	0.0947	0.0936	0.0944	0.0950	0.0937	0.0936	0.0928	0.0924	0.0940	0.0947	0.0947	0.0946	0.0926	0.0923	0.0935	0.0942	0.0935	0.0951	0.0936	0.0961	0.0925	0.0930	0.0945	0.0926	0.0958	0.0931	0.0960	0.0952	0.0941	0.0931	0.0946	0.0934	0.0952	0.0942	0.0940	0.0938	0.0938	0.0924	0.0937	0.0942	0.0961	0.0945	0.0958	0.0936	
0.0942	0.0955	0.0947	0.0958	0.0948	0.0946	0.0951	0.0967	0.0940	0.0947	0.0955	0.0956	0.0945	0.0960	0.0949	0.0964	0.0938	0.0953	0.0953	0.0951	0.0960	0.0962	0.0956	0.0960	0.0952	0.0939	0.0936	0.0946	0.0955	0.0952	0.0944	0.0962	0.0934	0.0943	0.0961	0.0953	0.0957	0.0964	0.0963	0.0966	0.0939	0.0951	0.0960	0.0936	0.0957	0.0948	0.0978	0.0959	0.0958	0.0964	0.0947	0.0953	0.0959	0.0950	0.0948	0.0960	0.0945	0.0959	0.0944	0.0946	0.0957	0.0947	0.0960	0.0945	
0.0936	0.0935	0.0922	0.0949	0.0908	0.0949	0.0929	0.0944	0.0926	0.0935	0.0921	0.0927	0.0935	0.0933	0.0938	0.0943	0.0927	0.0925	0.0940	0.0945	0.0946	0.0947	0.0954	0.0951	0.0930	0.0920	0.0921	0.0929	0.0941	0.0926	0.0940	0.0948	0.0923	0.0932	0.0937	0.0933	0.0933	0.0940	0.0939	0.0946	0.0918	0.0929	0.0940	0.0926	0.0947	0.0939	0.0954	0.0934	0.0938	0.0936	0.0937	0.0944	0.0947	0.0914	0.0935	0.0941	0.0916	0.0937	0.0944	0.0938	0.0932	0.0935	0.0955	0.0938	
0.0929	0.0943	0.0929	0.0938	0.0930	0.0943	0.0930	0.0958	0.0928	0.0930	0.0938	0.0941	0.0931	0.0935	0.0942	0.0944	0.0930	0.0922	0.0925	0.0946	0.0944	0.0943	0.0958	0.0936	0.0932	0.0932	0.0923	0.0930	0.0946	0.0935	0.0937	0.0947	0.0923	0.0928	0.0944	0.0941	0.0943	0.0936	0.0935	0.0958	0.0929	0.0930	0.0942	0.0925	0.0941	0.0942	0.0933	0.0938	0.0931	0.0940	0.0940	0.0927	0.0942	0.0941	0.0940	0.0942	0.0926	0.0932	0.0925	0.0932	0.0937	0.0931	0.0943	0.0938	
0.0954	0.0953	0.0954	0.0962	0.0945	0.0954	0.0939	0.0958	0.0938	0.0941	0.0948	0.0959	0.0947	0.0945	0.0965	0.0950	0.0950	0.0939	0.0948	0.0945	0.0963	0.0958	0.0960	0.0943	0.0936	0.0941	0.0950	0.0964	0.0960	0.0951	0.0942	0.0963	0.0946	0.0939	0.0947	0.0952	0.0954	0.0951	0.0955	0.0970	0.0934	0.0938	0.0952	0.0950	0.0951	0.0946	0.0951	0.0948	0.0941	0.0949	0.0954	0.0948	0.0961	0.0947	0.0942	0.0948	0.0933	0.0930	0.0943	0.0949	0.0954	0.0946	0.0953	0.0945	
0.0949	0.0945	0.0929	0.0951	0.0936	0.0941	0.0938	0.0950	0.0943	0.0944	0.0943	0.0932	0.0937	0.0946	0.0955	0.0938	0.0937	0.0929	0.0935	0.0951	0.0953	0.0942	0.0944	0.0941	0.0945	0.0924	0.0934	0.0951	0.0961	0.0948	0.0941	0.0952	0.0931	0.0936	0.0956	0.0949	0.0939	0.0960	0.0941	0.0956	0.0932	0.0940	0.0941	0.0941	0.0955	0.0934	0.0957	0.0940	0.0940	0.0940	0.0954	0.0934	0.0935	0.0945	0.0956	0.0949	0.0922	0.0939	0.0936	0.0939	0.0948	0.0951	0.0951	0.0945	
0.0940	0.0931	0.0927	0.0953	0.0929	0.0944	0.0945	0.0962	0.0933	0.0933	0.0940	0.0944	0.0932	0.0951	0.0951	0.0947	0.0938	0.0933	0.0931	0.0957	0.0952	0.0945	0.0946	0.0945	0.0936	0.0928	0.0929	0.0931	0.0953	0.0940	0.0940	0.0953	0.0926	0.0930	0.0935	0.0943	0.0952	0.0947	0.0938	0.0959	0.0937	0.0934	0.0952	0.0937	0.0945	0.0932	0.0947	0.0943	0.0932	0.0945	0.0945	0.0939	0.0939	0.0946	0.0928	0.0936	0.0926	0.0929	0.0950	0.0932	0.0952	0.0927	0.0941	0.0953	
0.0943	0.0957	0.0930	0.0944	0.0929	0.0942	0.0935	0.0949	0.0944	0.0947	0.0940	0.0940	0.0929	0.0945	0.0962	0.0940	0.0938	0.0933	0.0968	0.0943	0.0948	0.0957	0.0949	0.0948	0.0942	0.0929	0.0943	0.0944	0.0949	0.0931	0.0939	0.0953	0.0934	0.0937	0.0947	0.0942	0.0948	0.0946	0.0935	0.0964	0.0937	0.0940	0.0948	0.0933	0.0949	0.0933	0.0951	0.0945	0.0938	0.0943	0.0943	0.0939	0.0949	0.0937	0.0947	0.0944	0.0939	0.0938	0.0941	0.0942	0.0940	0.0944	0.0949	0.0948	
0.0944	0.0953	0.0941	0.0963	0.0940	0.0958	0.0970	0.0956	0.0941	0.0952	0.0946	0.0938	0.0946	0.0952	0.0960	0.0961	0.0944	0.0944	0.0952	0.0963	0.0961	0.0957	0.0956	0.0955	0.0939	0.0938	0.0935	0.0949	0.0957	0.0942	0.0947	0.0956	0.0936	0.0948	0.0955	0.0948	0.0967	0.0951	0.0956	0.0957	0.0942	0.0948	0.0945	0.0942	0.0964	0.0953	0.0964	0.0952	0.0945	0.0952	0.0948	0.0942	0.0957	0.0943	0.0945	0.0941	0.0936	0.0936	0.0936	0.0945	0.0951	0.0945	0.0950	0.0959	
0.0947	0.0948	0.0926	0.0956	0.0938	0.0940	0.0948	0.0956	0.0935	0.0943	0.0941	0.0943	0.0931	0.0943	0.0955	0.0947	0.0942	0.0939	0.0943	0.0961	0.0948	0.0956	0.0950	0.0948	0.0937	0.0937	0.0938	0.0937	0.0962	0.0938	0.0940	0.0943	0.0937	0.0942	0.0947	0.0948	0.0940	0.0944	0.0944	0.0964	0.0935	0.0939	0.0944	0.0944	0.0957	0.0947	0.0951	0.0946	0.0933	0.0946	0.0949	0.0938	0.0944	0.0939	0.0954	0.0947	0.0928	0.0933	0.0939	0.0936	0.0946	0.0943	0.0948	0.0949	
0.0953	0.0958	0.0950	0.0965	0.0956	0.0956	0.0943	0.0964	0.0957	0.0955	0.0954	0.0945	0.0953	0.0952	0.0964	0.0964	0.0955	0.0947	0.0952	0.0967	0.0956	0.0956	0.0961	0.0960	0.0946	0.0949	0.0951	0.0950	0.0956	0.0956	0.0956	0.0963	0.0951	0.0950	0.0961	0.0960	0.0957	0.0961	0.0955	0.0975	0.0940	0.0946	0.0959	0.0949	0.0966	0.0943	0.0966	0.0954	0.0952	0.0951	0.0969	0.0948	0.0963	0.0957	0.0963	0.0949	0.0938	0.0957	0.0954	0.0954	0.0958	0.0952	0.0957	0.0956	
0.0943	0.0943	0.0943	0.0949	0.0936	0.0942	0.0937	0.0947	0.0935	0.0941	0.0934	0.0936	0.0934	0.0943	0.0954	0.0942	0.0938	0.0931	0.0938	0.0953	0.0952	0.0950	0.0947	0.0943	0.0938	0.0936	0.0934	0.0943	0.0946	0.0945	0.0925	0.0951	0.0936	0.0930	0.0939	0.0945	0.0947	0.0945	0.0943	0.0957	0.0936	0.0943	0.0947	0.0929	0.0943	0.0927	0.0946	0.0947	0.0929	0.0946	0.0930	0.0933	0.0942	0.0937	0.0935	0.0945	0.0924	0.0927	0.0935	0.0933	0.0931	0.0933	0.0944	0.0939	
0.0960	0.0967	0.0957	0.0970	0.0949	0.0955	0.0957	0.0978	0.0952	0.0960	0.0951	0.0959	0.0953	0.0966	0.0960	0.0957	0.0962	0.0953	0.0961	0.0953	0.0957	0.0959	0.0966	0.0953	0.0961	0.0952	0.0954	0.0951	0.0969	0.0945	0.0948	0.0972	0.0949	0.0959	0.0953	0.0951	0.0967	0.0954	0.0963	0.0962	0.0949	0.0954	0.0951	0.0949	0.0968	0.0950	0.0955	0.0953	0.0947	0.0954	0.0957	0.0936	0.0952	0.0938	0.0947	0.0978	0.0939	0.0940	0.0954	0.0943	0.0949	0.0940	0.0951	0.0945	
0.0957	0.0966	0.0939	0.0964	0.0955	0.0954	0.0961	0.0974	0.0954	0.0962	0.0950	0.0954	0.0954	0.0956	0.0965	0.0956	0.0962	0.0953	0.0963	0.0965	0.0963	0.0968	0.0958	0.0963	0.0955	0.0951	0.0957	0.0962	0.0963	0.0950	0.0949	0.0965	0.0947	0.0947	0.0955	0.0953	0.0970	0.0944	0.0955	0.0973	0.0947	0.0953	0.0952	0.0950	0.0961	0.0946	0.0951	0.0945	0.0953	0.0955	0.0957	0.0951	0.0946	0.0950	0.0959	0.0941	0.0938	0.0944	0.0943	0.0947	0.0940	0.0948	0.0948	0.0946	
0.0958	0.0959	0.0950	0.0966	0.0953	0.0962	0.0952	0.0962	0.0962	0.0954	0.0943	0.0960	0.0944	0.0963	0.0955	0.0962	0.0965	0.0955	0.0960	0.0968	0.0970	0.0956	0.0962	0.0958	0.0954	0.0956	0.0960	0.0960	0.0969	0.0962	0.0949	0.0965	0.0950	0.0953	0.0956	0.0953	0.0960	0.0957	0.0960	0.0973	0.0944	0.0942	0.0950	0.0945	0.0956	0.0947	0.0964	0.0953	0.0943	0.0954	0.0953	0.0950	0.0948	0.0942	0.0956	0.0946	0.0941	0.0937	0.0941	0.0941	0.0947	0.0944	0.0942	0.0949	
0.0969	0.0967	0.0960	0.0972	0.0968	0.0954	0.0958	0.0976	0.0979	0.0965	0.0974	0.0959	0.0976	0.0975	0.0976	0.0962	0.0974	0.0958	0.0964	0.0968	0.0983	0.0970	0.0973	0.0971	0.0965	0.0962	0.0960	0.0965	0.0980	0.0965	0.0960	0.0976	0.0955	0.0957	0.0968	0.0961	0.0967	0.0960	0.0968	0.0977	0.0960	0.0965	0.0984	0.0963	0.0960	0.0955	0.0962	0.0969	0.0944	0.0957	0.0959	0.0950	0.0972	0.0967	0.0959	0.0957	0.0942	0.0945	0.0952	0.0947	0.0955	0.0951	0.0951	0.0949	
0.0965	0.0964	0.0957	0.0969	0.0949	0.0967	0.0961	0.0973	0.0968	0.0965	0.0966	0.0971	0.0946	0.0963	0.0978	0.0967	0.0961	0.0953	0.0961	0.0963	0.0962	0.0964	0.0969	0.0956	0.0965	0.0960	0.0957	0.0963	0.0973	0.0955	0.0961	0.0976	0.0962	0.0949	0.0957	0.0964	0.0963	0.0960	0.0949	0.0966	0.0945	0.0956	0.0951	0.0940	0.0961	0.0953	0.0955	0.0942	0.0947	0.0950	0.0946	0.0943	0.0950	0.0944	0.0953	0.0930	0.0934	0.0939	0.0940	0.0940	0.0944	0.0941	0.0952	0.0948	
0.0964	0.0965	0.0949	0.0966	0.0949	0.0953	0.0950	0.0958	0.0949	0.0954	0.0961	0.0956	0.0954	0.0948	0.0965	0.0953	0.0962	0.0952	0.0962	0.0960	0.0966	0.0954	0.0950	0.0959	0.0956	0.0961	0.0955	0.0946	0.0966	0.0958	0.0944	0.0964	0.0950	0.0953	0.0965	0.0953	0.0959	0.0957	0.0945	0.0966	0.0942	0.0944	0.0944	0.0933	0.0948	0.0934	0.0949	0.0942	0.0936	0.0939	0.0943	0.0933	0.0953	0.0926	0.0943	0.0932	0.0921	0.0924	0.0933	0.0926	0.0936	0.0929	0.0931	0.0939	
0.0984	0.0974	0.0969	0.0979	0.0968	0.0977	0.0956	0.0975	0.0971	0.0967	0.0977	0.0956	0.0957	0.0966	0.0970	0.0963	0.0971	0.0965	0.0967	0.0975	0.0979	0.0970	0.0973	0.0960	0.0972	0.0964	0.0964	0.0963	0.0967	0.0962	0.0948	0.0978	0.0966	0.0965	0.0960	0.0961	0.0971	0.0965	0.0959	0.0972	0.0954	0.0959	0.0964	0.0952	0.0963	0.0941	0.0965	0.0957	0.0945	0.0951	0.0956	0.0947	0.0952	0.0942	0.0954	0.0950	0.0929	0.0941	0.0944	0.0948	0.0948	0.0935	0.0953	0.0936	
0.0978	0.0971	0.0972	0.0974	0.0963	0.0967	0.0974	0.0977	0.0971	0.0963	0.0976	0.0976	0.0970	0.0970	0.0978	0.0971	0.0981	0.0962	0.0967	0.0979	0.0972	0.0976	0.0981	0.0966	0.0976	0.0959	0.0969	0.0968	0.0974	0.0969	0.0962	0.0975	0.0960	0.0965	0.0961	0.0962	0.0963	0.0971	0.0968	0.0981	0.0956	0.0961	0.0952	0.0940	0.0966	0.0947	0.0973	0.0954	0.0945	0.0949	0.0959	0.0946	0.0954	0.0953	0.0950	0.0946	0.0940	0.0933	0.0936	0.0951	0.0942	0.0939	0.0956	0.0944	
0.1003	0.0983	0.0970	0.0994	0.0975	0.0976	0.0983	0.0993	0.0993	0.0986	0.0991	0.0981	0.0979	0.0981	0.0983	0.0990	0.0992	0.0979	0.0980	0.0994	0.0989	0.0972	0.0990	0.1006	0.0994	0.0967	0.0979	0.0983	0.0996	0.0987	0.0972	0.0998	0.0976	0.0981	0.0976	0.0973	0.0981	0.0979	0.0977	0.0983	0.0960	0.0962	0.0956	0.0965	0.0967	0.0962	0.0969	0.0963	0.0951	0.0952	0.0983	0.0954	0.0967	0.0945	0.0959	0.0958	0.0940	0.0956	0.0942	0.0952	0.0940	0.0949	0.0955	0.0953	
0.1006	0.0989	0.0985	0.0992	0.0977	0.0978	0.0977	0.0980	0.1000	0.0991	0.0993	0.0981	0.0984	0.0987	0.1000	0.0982	0.1006	0.0988	0.0984	0.0994	0.0985	0.0985	0.0996	0.0976	0.0992	0.0985	0.0977	0.1000	0.0997	0.0972	0.0968	0.0991	0.0981	0.0982	0.0987	0.0976	0.0984	0.0979	0.0969	0.0980	0.0968	0.0966	0.0959	0.0962	0.0977	0.0949	0.0967	0.0961	0.0960	0.0952	0.0961	0.0955	0.0958	0.0957	0.0965	0.0961	0.0938	0.0947	0.0951	0.0943	0.0943	0.0948	0.0965	0.0957	
0.1010	0.0997	0.0981	0.0998	0.0982	0.0974	0.0980	0.0978	0.1000	0.0993	0.0993	0.0987	0.0975	0.0990	0.0985	0.0987	0.0998	0.0985	0.0989	0.1001	0.0989	0.0990	0.0993	0.0973	0.0986	0.0983	0.0980	0.0982	0.1000	0.0981	0.0967	0.0982	0.0976	0.0980	0.0989	0.0981	0.0974	0.0973	0.0975	0.0992	0.0966	0.0963	0.0948	0.0952	0.0957	0.0943	0.0968	0.0951	0.0947	0.0953	0.0957	0.0947	0.0967	0.0944	0.0951	0.0948	0.0939	0.0937	0.0941	0.0939	0.0950	0.0940	0.0956	0.0938	
0.1017	0.0992	0.0994	0.1006	0.0985	0.0981	0.0969	0.0992	0.1009	0.0994	0.0990	0.0989	0.0977	0.0984	0.0985	0.0975	0.1006	0.0992	0.0989	0.0991	0.0991	0.0990	0.0980	0.0984	0.0989	0.0985	0.0988	0.1016	0.0993	0.0970	0.0968	0.0978	0.0983	0.0975	0.0978	0.0974	0.0970	0.0965	0.0978	0.0980	0.0956	0.0963	0.0954	0.0941	0.0962	0.0951	0.0955	0.0945	0.0947	0.0945	0.0948	0.0944	0.0954	0.0935	0.0946	0.0952	0.0927	0.0932	0.0941	0.0936	0.0940	0.0936	0.0946	0.0938	
0.1036	0.1020	0.1021	0.1016	0.0989	0.0985	0.0997	0.1009	0.1027	0.1011	0.1010	0.1011	0.1000	0.0998	0.0998	0.0989	0.1028	0.1040	0.1015	0.1027	0.1012	0.0988	0.1005	0.0984	0.1019	0.1003	0.1006	0.1002	0.1004	0.1015	0.0997	0.0994	0.1003	0.1004	0.1010	0.0994	0.0999	0.0991	0.1020	0.0989	0.0973	0.0976	0.0977	0.0961	0.0975	0.0958	0.0970	0.0976	0.0955	0.0969	0.0969	0.0967	0.0956	0.0966	0.0960	0.0956	0.0950	0.0954	0.0953	0.0959	0.0957	0.0956	0.0955	0.0949	
0.1031	0.1018	0.1009	0.1014	0.0995	0.0991	0.0986	0.1006	0.1025	0.1011	0.1015	0.1008	0.0991	0.1000	0.0998	0.0985	0.1031	0.1016	0.1008	0.1011	0.0999	0.0996	0.0991	0.0993	0.1018	0.1006	0.0989	0.0982	0.1005	0.0994	0.0978	0.0987	0.1004	0.0996	0.0996	0.0985	0.0991	0.0978	0.0979	0.0990	0.0975	0.0969	0.0953	0.0949	0.0973	0.0938	0.0973	0.0969	0.0947	0.0960	0.0956	0.0949	0.0949	0.0955	0.0953	0.0954	0.0930	0.0940	0.0939	0.0938	0.0940	0.0955	0.0946	0.0950	
0.1041	0.1024	0.1021	0.1030	0.0999	0.1002	0.0993	0.0998	0.1038	0.1016	0.1011	0.1007	0.1002	0.0994	0.0999	0.0973	0.1039	0.1007	0.1007	0.1013	0.1007	0.0978	0.0996	0.0995	0.1020	0.1012	0.1001	0.0985	0.1007	0.0991	0.0993	0.0985	0.1002	0.0989	0.0989	0.0990	0.0988	0.0976	0.0976	0.0986	0.0973	0.0968	0.0949	0.0939	0.0962	0.0949	0.0971	0.0948	0.0955	0.0949	0.0944	0.0935	0.0952	0.0940	0.0953	0.0941	0.0931	0.0932	0.0935	0.0936	0.0939	0.0938	0.0941	0.0925	
0.1065	0.1047	0.1032	0.1041	0.1027	0.1014	0.1006	0.1001	0.1057	0.1035	0.1037	0.1034	0.1018	0.1014	0.1023	0.1001	0.1062	0.1032	0.1031	0.1033	0.1029	0.1006	0.1026	0.1012	0.1041	0.1021	0.1013	0.1019	0.1026	0.1003	0.1003	0.0997	0.1033	0.1003	0.1023	0.0999	0.0997	0.1007	0.0983	0.0992	0.0982	0.0985	0.0970	0.0964	0.0972	0.0969	0.0979	0.0955	0.0967	0.0961	0.0966	0.0945	0.0952	0.0945	0.0962	0.0950	0.0942	0.0947	0.0953	0.0953	0.0939	0.0953	0.0952	0.0950	
0.1087	0.1051	0.1045	0.1051	0.1030	0.1026	0.1014	0.1033	0.1065	0.1044	0.1050	0.1044	0.1036	0.1019	0.1025	0.1010	0.1068	0.1042	0.1046	0.1037	0.1041	0.1015	0.1025	0.1014	0.1052	0.1029	0.1036	0.1019	0.1026	0.1015	0.1010	0.1005	0.1032	0.1003	0.1028	0.1006	0.1004	0.0993	0.0988	0.0986	0.0981	0.0975	0.0974	0.0956	0.0974	0.0956	0.0980	0.0969	0.0963	0.0961	0.0960	0.0959	0.0952	0.0962	0.0952	0.0958	0.0934	0.0939	0.0947	0.0947	0.0948	0.0949	0.0947	0.0947	
0.1107	0.1066	0.1060	0.1055	0.1037	0.1024	0.1022	0.1023	0.1083	0.1066	0.1046	0.1040	0.1040	0.1027	0.1033	0.1015	0.1094	0.1058	0.1058	0.1047	0.1047	0.1026	0.1019	0.1006	0.1057	0.1048	0.1042	0.1025	0.1040	0.1030	0.1008	0.1007	0.1046	0.1023	0.1034	0.1017	0.1018	0.1001	0.1000	0.1002	0.0985	0.0984	0.0960	0.0965	0.0987	0.0960	0.0970	0.0965	0.0962	0.0953	0.0956	0.0947	0.0959	0.0956	0.0962	0.0961	0.0935	0.0944	0.0947	0.0952	0.0949	0.0934	0.0944	0.0937	
0.1118	0.1082	0.1047	0.1058	0.1041	0.1017	0.1016	0.1006	0.1079	0.1056	0.1057	0.1049	0.1036	0.1026	0.1038	0.1008	0.1097	0.1061	0.1055	0.1045	0.1047	0.1020	0.1029	0.0994	0.1081	0.1058	0.1036	0.1030	0.1035	0.1003	0.0996	0.0992	0.1044	0.1021	0.1021	0.1018	0.1009	0.0990	0.0976	0.0990	0.0980	0.0975	0.0959	0.0943	0.0969	0.0942	0.0966	0.0953	0.0952	0.0954	0.0952	0.0936	0.0952	0.0935	0.0952	0.0958	0.0931	0.0931	0.0929	0.0933	0.0939	0.0928	0.0932	0.0931	
0.1135	0.1107	0.1082	0.1089	0.1062	0.1051	0.1055	0.1048	0.1130	0.1099	0.1089	0.1065	0.1064	0.1051	0.1057	0.1033	0.1127	0.1087	0.1089	0.1079	0.1077	0.1065	0.1048	0.1028	0.1098	0.1081	0.1070	0.1062	0.1065	0.1039	0.1010	0.1009	0.1067	0.1043	0.1048	0.1025	0.1031	0.1007	0.0995	0.1017	0.0996	0.0993	0.0973	0.0963	0.0983	0.0969	0.0976	0.0970	0.0964	0.0957	0.0959	0.0959	0.0954	0.0957	0.0960	0.0951	0.0938	0.0943	0.0935	0.0952	0.0944	0.0941	0.0952	0.0948	
0.1162	0.1127	0.1096	0.1097	0.1077	0.1053	0.1049	0.1054	0.1155	0.1119	0.1094	0.1097	0.1075	0.1052	0.1069	0.1029	0.1146	0.1119	0.1086	0.1090	0.1082	0.1056	0.1056	0.1033	0.1123	0.1094	0.1080	0.1068	0.1061	0.1024	0.1012	0.1022	0.1097	0.1059	0.1060	0.1034	0.1046	0.0998	0.1013	0.1015	0.0998	0.1002	0.0963	0.0959	0.0987	0.0965	0.0976	0.0966	0.0971	0.0957	0.0958	0.0954	0.0947	0.0948	0.0959	0.0952	0.0943	0.0942	0.0946	0.0936	0.0953	0.0938	0.0957	0.0950	
0.1188	0.1132	0.1118	0.1108	0.1092	0.1068	0.1060	0.1061	0.1177	0.1133	0.1121	0.1110	0.1080	0.1070	0.1059	0.1036	0.1179	0.1123	0.1107	0.1089	0.1090	0.1070	0.1058	0.1023	0.1140	0.1113	0.1102	0.1076	0.1085	0.1040	0.1026	0.1018	0.1107	0.1075	0.1065	0.1049	0.1047	0.1008	0.1008	0.1010	0.1014	0.0996	0.0972	0.0976	0.0977	0.0965	0.0982	0.0961	0.0966	0.0960	0.0956	0.0952	0.0958	0.0953	0.0955	0.0951	0.0936	0.0940	0.0942	0.0946	0.0939	0.0936	0.0948	0.0935	
0.1225	0.1167	0.1125	0.1127	0.1109	0.1089	0.1073	0.1078	0.1203	0.1174	0.1135	0.1119	0.1095	0.1077	0.1075	0.1053	0.1197	0.1163	0.1133	0.1120	0.1091	0.1072	0.1075	0.1033	0.1158	0.1145	0.1113	0.1098	0.1094	0.1056	0.1034	0.1033	0.1127	0.1088	0.1086	0.1057	0.1053	0.1015	0.1006	0.1029	0.1019	0.1005	0.0994	0.0978	0.0994	0.0978	0.0984	0.0966	0.0973	0.0960	0.0957	0.0957	0.0963	0.0951	0.0955	0.0950	0.0936	0.0947	0.0934	0.0945	0.0944	0.0935	0.0944	0.0943	
0.1268	0.1190	0.1178	0.1154	0.1131	0.1091	0.1084	0.1076	0.1244	0.1201	0.1151	0.1156	0.1135	0.1092	0.1105	0.1073	0.1252	0.1198	0.1166	0.1128	0.1125	0.1090	0.1093	0.1057	0.1198	0.1163	0.1144	0.1105	0.1115	0.1067	0.1050	0.1035	0.1161	0.1114	0.1104	0.1067	0.1057	0.1033	0.1021	0.1030	0.1030	0.1015	0.0976	0.0984	0.0995	0.0965	0.0977	0.0967	0.0982	0.0960	0.0963	0.0959	0.0968	0.0957	0.0967	0.0957	0.0943	0.0947	0.0941	0.0945	0.0944	0.0937	0.0957	0.0944	
0.1276	0.1227	0.1176	0.1158	0.1131	0.1101	0.1102	0.1081	0.1261	0.1218	0.1173	0.1163	0.1132	0.1092	0.1124	0.1064	0.1278	0.1214	0.1184	0.1144	0.1128	0.1096	0.1087	0.1056	0.1217	0.1187	0.1168	0.1122	0.1119	0.1078	0.1040	0.1072	0.1171	0.1118	0.1108	0.1079	0.1076	0.1037	0.1031	0.1035	0.1039	0.1019	0.0978	0.0972	0.0987	0.0965	0.0982	0.0972	0.0980	0.0967	0.0961	0.0952	0.0969	0.0947	0.0956	0.0954	0.0938	0.0936	0.0948	0.0948	0.0953	0.0950	0.0956	0.0939	
0.1345	0.1273	0.1215	0.1205	0.1172	0.1141	0.1113	0.1095	0.1306	0.1247	0.1210	0.1202	0.1162	0.1132	0.1129	0.1084	0.1310	0.1258	0.1210	0.1184	0.1159	0.1125	0.1104	0.1056	0.1268	0.1218	0.1187	0.1147	0.1148	0.1092	0.1078	0.1063	0.1208	0.1134	0.1134	0.1088	0.1081	0.1042	0.1039	0.1036	0.1048	0.1034	0.0984	0.0983	0.1004	0.0973	0.0986	0.0975	0.0983	0.0965	0.0969	0.0952	0.0970	0.0950	0.0964	0.0964	0.0942	0.0954	0.0944	0.0940	0.0951	0.0944	0.0947	0.0946	
0.1370	0.1280	0.1238	0.1211	0.1177	0.1137	0.1121	0.1116	0.1343	0.1281	0.1237	0.1210	0.1193	0.1126	0.1117	0.1085	0.1360	0.1263	0.1228	0.1193	0.1163	0.1154	0.1126	0.1073	0.1294	0.1238	0.1217	0.1160	0.1153	0.1105	0.1073	0.1067	0.1234	0.1163	0.1152	0.1101	0.1085	0.1057	0.1039	0.1036	0.1057	0.1028	0.0972	0.0976	0.0987	0.0983	0.0985	0.0973	0.0992	0.0963	0.0959	0.0956	0.0964	0.0955	0.0963	0.0968	0.0943	0.0936	0.0942	0.0949	0.0941	0.0944	0.0950	0.0947	
0.1433	0.1346	0.1272	0.1229	0.1185	0.1140	0.1137	0.1121	0.1409	0.1333	0.1263	0.1232	0.1200	0.1133	0.1145	0.1105	0.1398	0.1307	0.1270	0.1214	0.1202	0.1141	0.1146	0.1083	0.1326	0.1290	0.1220	0.1179	0.1172	0.1112	0.1078	0.1077	0.1257	0.1180	0.1174	0.1127	0.1105	0.1054	0.1033	0.1039	0.1070	0.1042	0.0984	0.0981	0.1002	0.0974	0.0977	0.0966	0.0990	0.0958	0.0969	0.0962	0.0964	0.0953	0.0943	0.0951	0.0936	0.0941	0.0945	0.0952	0.0941	0.0921	0.0959	0.0939	
0.1503	0.1378	0.1301	0.1269	0.1213	0.1161	0.1151	0.1120	0.1468	0.1370	0.1297	0.1264	0.1220	0.1142	0.1158	0.1111	0.1466	0.1357	0.1304	0.1240	0.1209	0.1148	0.1140	0.1096	0.1387	0.1338	0.1273	0.1202	0.1181	0.1106	0.1080	0.1065	0.1308	0.1206	0.1197	0.1138	0.1113	0.1056	0.1054	0.1039	0.1087	0.1031	0.0989	0.0986	0.1009	0.0971	0.0996	0.0977	0.0991	0.0965	0.0967	0.0957	0.0970	0.0953	0.0956	0.0956	0.0950	0.0937	0.0943	0.0940	0.0950	0.0947	0.0940	0.0942	
0.1554	0.1434	0.1343	0.1294	0.1265	0.1190	0.1175	0.1133	0.1506	0.1411	0.1333	0.1306	0.1247	0.1180	0.1185	0.1115	0.1518	0.1401	0.1334	0.1280	0.1233	0.1183	0.1155	0.1099	0.1427	0.1373	0.1313	0.1234	0.1219	0.1123	0.1104	0.1087	0.1352	0.1242	0.1212	0.1161	0.1122	0.1076	0.1066	0.1044	0.1094	0.1060	0.0991	0.0990	0.0998	0.0985	0.0997	0.0983	0.1004	0.0972	0.0975	0.0969	0.0963	0.0963	0.0968	0.0969	0.0936	0.0947	0.0945	0.0934	0.0944	0.0941	0.0947	0.0943	
0.1640	0.1491	0.1388	0.1333	0.1283	0.1200	0.1183	0.1154	0.1614	0.1459	0.1364	0.1340	0.1268	0.1188	0.1202	0.1138	0.1602	0.1454	0.1384	0.1298	0.1248	0.1188	0.1173	0.1104	0.1507	0.1434	0.1347	0.1259	0.1232	0.1139	0.1112	0.1091	0.1411	0.1279	0.1250	0.1180	0.1147	0.1074	0.1050	0.1057	0.1115	0.1072	0.0985	0.0993	0.1008	0.0981	0.1008	0.0969	0.1012	0.0971	0.0972	0.0959	0.0972	0.0951	0.0960	0.0965	0.0941	0.0940	0.0943	0.0944	0.0940	0.0941	0.0942	0.0941	
0.1733	0.1552	0.1440	0.1362	0.1289	0.1215	0.1192	0.1165	0.1673	0.1544	0.1413	0.1364	0.1306	0.1197	0.1206	0.1132	0.1683	0.1518	0.1432	0.1338	0.1268	0.1196	0.1187	0.1108	0.1575	0.1470	0.1394	0.1288	0.1259	0.1164	0.1107	0.1110	0.1469	0.1319	0.1285	0.1188	0.1157	0.1094	0.1077	0.1051	0.1133	0.1093	0.0998	0.1001	0.1013	0.0979	0.1002	0.0970	0.1019	0.0980	0.0975	0.0967	0.0975	0.0960	0.0965	0.0952	0.0944	0.0946	0.0940	0.0952	0.0945	0.0949	0.0949	0.0945	
0.1823	0.1622	0.1507	0.1402	0.1341	0.1221	0.1216	0.1180	0.1800	0.1598	0.1479	0.1417	0.1336	0.1224	0.1237	0.1157	0.1783	0.1597	0.1475	0.1387	0.1312	0.1218	0.1209	0.1125	0.1661	0.1557	0.1445	0.1336	0.1288	0.1176	0.1131	0.1103	0.1544	0.1366	0.1313	0.1208	0.1172	0.1084	0.1067	0.1056	0.1165	0.1103	0.0995	0.1004	0.1022	0.0989	0.1008	0.0976	0.1029	0.0980	0.0990	0.0969	0.0970	0.0964	0.0962	0.0954	0.0950	0.0943	0.0946	0.0939	0.0947	0.0942	0.0946	0.0936	
0.1934	0.1712	0.1553	0.1440	0.1354	0.1259	0.1236	0.1194	0.1877	0.1690	0.1523	0.1503	0.1375	0.1241	0.1233	0.1161	0.1895	0.1656	0.1550	0.1415	0.1335	0.1261	0.1226	0.1137	0.1748	0.1615	0.1510	0.1361	0.1303	0.1194	0.1127	0.1112	0.1605	0.1412	0.1373	0.1234	0.1208	0.1119	0.1091	0.1074	0.1186	0.1127	0.0987	0.1004	0.1031	0.0981	0.1005	0.0977	0.1035	0.0973	0.0979	0.0963	0.0968	0.0963	0.0973	0.0955	0.0943	0.0947	0.0951	0.0939	0.0949	0.0948	0.0953	0.0934	
0.2048	0.1785	0.1630	0.1496	0.1403	0.1300	0.1277	0.1236	0.1980	0.1778	0.1598	0.1532	0.1415	0.1282	0.1270	0.1212	0.2002	0.1752	0.1603	0.1472	0.1360	0.1279	0.1237	0.1165	0.1844	0.1697	0.1555	0.1413	0.1353	0.1210	0.1165	0.1143	0.1691	0.1468	0.1421	0.1278	0.1220	0.1127	0.1097	0.1078	0.1220	0.1145	0.1008	0.1018	0.1040	0.1004	0.1013	0.0990	0.1044	0.1002	0.0998	0.0973	0.0988	0.0980	0.0981	0.0975	0.0949	0.0953	0.0944	0.0954	0.0961	0.0957	0.0952	0.0948	
0.2182	0.1886	0.1681	0.1502	0.1417	0.1274	0.1257	0.1221	0.2104	0.1845	0.1634	0.1546	0.1427	0.1280	0.1256	0.1190	0.2124	0.1797	0.1681	0.1488	0.1382	0.1269	0.1252	0.1178	0.1942	0.1750	0.1610	0.1424	0.1354	0.1202	0.1161	0.1128	0.1775	0.1515	0.1424	0.1290	0.1218	0.1116	0.1104	0.1070	0.1245	0.1143	0.1009	0.1010	0.1036	0.0991	0.1009	0.0982	0.1040	0.0990	0.0977	0.0961	0.0966	0.0966	0.0967	0.0959	0.0940	0.0944	0.0944	0.0938	0.0938	0.0952	0.0945	0.0945	
0.2333	0.1994	0.1763	0.1613	0.1497	0.1346	0.1322	0.1264	0.2251	0.1966	0.1724	0.1632	0.1484	0.1330	0.1316	0.1239	0.2260	0.1926	0.1766	0.1560	0.1436	0.1319	0.1278	0.1185	0.2090	0.1873	0.1692	0.1503	0.1422	0.1254	0.1188	0.1148	0.1906	0.1592	0.1499	0.1334	0.1257	0.1152	0.1135	0.1088	0.1286	0.1199	0.1028	0.1020	0.1057	0.1001	0.1016	0.0988	0.1066	0.0994	0.1001	0.0979	0.0988	0.0973	0.0977	0.0972	0.0945	0.0957	0.0957	0.0955	0.0950	0.0954	0.0962	0.0945	
0.2483	0.2110	0.1862	0.1641	0.1516	0.1349	0.1319	0.1270	0.2416	0.2092	0.1847	0.1681	0.1525	0.1326	0.1324	0.1217	0.2431	0.2029	0.1836	0.1604	0.1469	0.1331	0.1305	0.1191	0.2218	0.1968	0.1763	0.1523	0.1431	0.1266	0.1194	0.1155	0.1989	0.1663	0.1553	0.1350	0.1266	0.1165	0.1115	0.1077	0.1332	0.1192	0.1016	0.1028	0.1045	0.0998	0.1012	0.0984	0.1069	0.0993	0.0995	0.0968	0.0978	0.0969	0.0969	0.0962	0.0950	0.0957	0.0949	0.0948	0.0950	0.0942	0.0953	0.0939	
0.2656	0.2249	0.1959	0.1704	0.1597	0.1401	0.1343	0.1307	0.2607	0.2212	0.1921	0.1781	0.1583	0.1379	0.1374	0.1239	0.2615	0.2180	0.1929	0.1658	0.1520	0.1383	0.1335	0.1211	0.2400	0.2105	0.1873	0.1590	0.1479	0.1278	0.1222	0.1177	0.2153	0.1758	0.1631	0.1411	0.1321	0.1173	0.1143	0.1105	0.1387	0.1230	0.1033	0.1036	0.1066	0.1009	0.1037	0.0999	0.1087	0.1010	0.1003	0.0979	0.0989	0.0980	0.0977	0.0978	0.0951	0.0953	0.0952	0.0956	0.0953	0.0949	0.0954	0.0947	
0.2842	0.2387	0.2063	0.1786	0.1661	0.1424	0.1384	0.1304	0.2786	0.2346	0.1991	0.1830	0.1632	0.1404	0.1392	0.1263	0.2805	0.2305	0.2035	0.1741	0.1563	0.1415	0.1330	0.1225	0.2565	0.2229	0.1956	0.1656	0.1528	0.1295	0.1224	0.1184	0.2270	0.1834	0.1695	0.1439	0.1321	0.1181	0.1149	0.1116	0.1425	0.1272	0.1031	0.1041	0.1058	0.1001	0.1016	0.0990	0.1100	0.1002	0.1005	0.0983	0.0987	0.0968	0.0972	0.0969	0.0947	0.0943	0.0958	0.0952	0.0948	0.0945	0.0943	0.0942	
0.3022	0.2530	0.2157	0.1830	0.1677	0.1469	0.1389	0.1326	0.2970	0.2467	0.2097	0.1896	0.1680	0.1430	0.1407	0.1265	0.3011	0.2440	0.2142	0.1778	0.1599	0.1409	0.1367	0.1225	0.2743	0.2345	0.2027	0.1702	0.1582	0.1306	0.1224	0.1189	0.2421	0.1934	0.1753	0.1458	0.1357	0.1188	0.1140	0.1089	0.1470	0.1287	0.1039	0.1034	0.1063	0.1006	0.1017	0.0981	0.1106	0.1003	0.1006	0.0973	0.0978	0.0972	0.0967	0.0957	0.0940	0.0945	0.0942	0.0946	0.0958	0.0940	0.0951	0.0956	
0.3279	0.2701	0.2296	0.1925	0.1727	0.1472	0.1419	0.1359	0.3231	0.2662	0.2218	0.1983	0.1738	0.1457	0.1421	0.1310	0.3227	0.2581	0.2252	0.1858	0.1680	0.1454	0.1388	0.1252	0.2954	0.2484	0.2166	0.1758	0.1626	0.1350	0.1268	0.1203	0.2591	0.2035	0.1837	0.1522	0.1389	0.1217	0.1175	0.1125	0.1535	0.1329	0.1046	0.1049	0.1072	0.1027	0.1034	0.0995	0.1125	0.1025	0.1007	0.0991	0.0992	0.0978	0.0983	0.0976	0.0955	0.0960	0.0957	0.0955	0.0959	0.0959	0.0962	0.0947	
0.3478	0.2845	0.2429	0.1975	0.1784	0.1521	0.1452	0.1362	0.3441	0.2812	0.2313	0.2078	0.1805	0.1472	0.1451	0.1308	0.3474	0.2758	0.2352	0.1916	0.1693	0.1477	0.1430	0.1257	0.3177	0.2673	0.2290	0.1834	0.1659	0.1358	0.1272	0.1219	0.2808	0.2150	0.1924	0.1547	0.1417	0.1226	0.1174	0.1136	0.1611	0.1368	0.1054	0.1062	0.1087	0.1032	0.1021	0.1003	0.1144	0.1021	0.1025	0.0988	0.0995	0.0972	0.0972	0.0975	0.0957	0.0959	0.0954	0.0948	0.0953	0.0964	0.0953	0.0948	
0.3730	0.3045	0.2552	0.2111	0.1881	0.1589	0.1516	0.1413	0.3751	0.2992	0.2452	0.2185	0.1888	0.1530	0.1501	0.1335	0.3757	0.2945	0.2516	0.2017	0.1783	0.1521	0.1458	0.1283	0.3442	0.2832	0.2384	0.1905	0.1722	0.1375	0.1295	0.1247	0.3017	0.2301	0.2024	0.1621	0.1461	0.1241	0.1190	0.1145	0.1671	0.1423	0.1062	0.1069	0.1096	0.1024	0.1026	0.0997	0.1172	0.1023	0.1015	0.0986	0.0975	0.0980	0.0976	0.0966	0.0956	0.0958	0.0946	0.0957	0.0956	0.0952	0.0949	0.0954	
0.4009	0.3249	0.2710	0.2207	0.1944	0.1602	0.1536	0.1411	0.4009	0.3179	0.2603	0.2278	0.1967	0.1548	0.1527	0.1339	0.4030	0.3124	0.2668	0.2087	0.1833	0.1580	0.1502	0.1305	0.3703	0.3018	0.2530	0.1972	0.1765	0.1415	0.1301	0.1239	0.3253	0.2433	0.2154	0.1683	0.1490	0.1258	0.1188	0.1146	0.1746	0.1474	0.1069	0.1066	0.1095	0.1027	0.1035	0.1013	0.1191	0.1037	0.1030	0.0989	0.1002	0.0979	0.0988	0.0966	0.0959	0.0955	0.0948	0.0950	0.0953	0.0941	0.0963	0.0947	
0.4300	0.3462	0.2890	0.2309	0.2004	0.1651	0.1570	0.1438	0.4296	0.3432	0.2735	0.2387	0.2035	0.1573	0.1583	0.1374	0.4333	0.3347	0.2805	0.2177	0.1905	0.1585	0.1529	0.1317	0.4007	0.3234	0.2654	0.2065	0.1839	0.1463	0.1341	0.1258	0.3508	0.2574	0.2230	0.1725	0.1501	0.1280	0.1218	0.1165	0.1858	0.1509	0.1076	0.1083	0.1090	0.1030	0.1067	0.1009	0.1207	0.1048	0.1032	0.0991	0.0993	0.0975	0.0978	0.0981	0.0951	0.0955	0.0953	0.0965	0.0953	0.0956	0.0959	0.0948	
0.4558	0.3689	0.3093	0.2358	0.2088	0.1675	0.1600	0.1466	0.4560	0.3660	0.2883	0.2474	0.2054	0.1629	0.1589	0.1410	0.4609	0.3537	0.2970	0.2269	0.1960	0.1621	0.1552	0.1327	0.4278	0.3455	0.2795	0.2141	0.1867	0.1472	0.1368	0.1254	0.3716	0.2721	0.2370	0.1769	0.1553	0.1288	0.1227	0.1156	0.1939	0.1573	0.1088	0.1083	0.1114	0.1015	0.1039	0.1012	0.1237	0.1048	0.1042	0.0989	0.1003	0.0978	0.0990	0.0971	0.0956	0.0952	0.0957	0.0947	0.0955	0.0944	0.0950	0.0942	
0.4904	0.3945	0.3304	0.2529	0.2224	0.1775	0.1669	0.1516	0.4909	0.3942	0.3076	0.2642	0.2220	0.1690	0.1671	0.1440	0.4888	0.3846	0.3184	0.2414	0.2082	0.1704	0.1617	0.1385	0.4598	0.3717	0.3012	0.2251	0.1961	0.1541	0.1389	0.1306	0.4062	0.2931	0.2512	0.1866	0.1625	0.1327	0.1271	0.1196	0.2083	0.1649	0.1106	0.1110	0.1131	0.1044	0.1054	0.1014	0.1276	0.1057	0.1048	0.1006	0.0996	0.0987	0.0993	0.0987	0.0962	0.0961	0.0975	0.0953	0.0960	0.0945	0.0967	0.0948	
0.5117	0.4232	0.3483	0.2644	0.2301	0.1824	0.1716	0.1559	0.5219	0.4180	0.3295	0.2769	0.2274	0.1737	0.1694	0.1470	0.5178	0.4045	0.3383	0.2490	0.2139	0.1752	0.1613	0.1389	0.4905	0.3956	0.3206	0.2375	0.2037	0.1540	0.1410	0.1307	0.4381	0.3147	0.2660	0.1937	0.1654	0.1371	0.1265	0.1192	0.2222	0.1747	0.1113	0.1114	0.1141	0.1038	0.1057	0.1014	0.1312	0.1066	0.1046	0.0999	0.1007	0.0978	0.0982	0.0981	0.0969	0.0960	0.0960	0.0958	0.0967	0.0948	0.0952	0.0948	
0.5453	0.4464	0.3674	0.2775	0.2374	0.1891	0.1747	0.1588	0.5454	0.4417	0.3427	0.2895	0.2376	0.1802	0.1756	0.1464	0.5478	0.4315	0.3511	0.2602	0.2180	0.1767	0.1670	0.1432	0.5175	0.4180	0.3356	0.2448	0.2112	0.1585	0.1438	0.1323	0.4636	0.3304	0.2796	0.1990	0.1684	0.1372	0.1294	0.1201	0.2337	0.1794	0.1123	0.1137	0.1149	0.1064	0.1085	0.1023	0.1325	0.1072	0.1051	0.1002	0.1022	0.0981	0.0991	0.0976	0.0967	0.0969	0.0962	0.0951	0.0961	0.0948	0.0971	0.0938	
0.5664	0.4747	0.3904	0.2875	0.2518	0.1933	0.1832	0.1636	0.5742	0.4691	0.3654	0.3057	0.2475	0.1852	0.1813	0.1539	0.5779	0.4612	0.3803	0.2716	0.2304	0.1852	0.1731	0.1464	0.5529	0.4456	0.3586	0.2593	0.2192	0.1627	0.1484	0.1359	0.4988	0.3556	0.2964	0.2075	0.1755	0.1395	0.1304	0.1221	0.2531	0.1912	0.1137	0.1148	0.1169	0.1066	0.1077	0.1029	0.1397	0.1084	0.1070	0.1024	0.1011	0.0999	0.0996	0.0977	0.0973	0.0964	0.0964	0.0966	0.0970	0.0961	0.0961	0.0960	
0.6023	0.5038	0.4232	0.3021	0.2630	0.2030	0.1861	0.1671	0.6057	0.4998	0.3893	0.3164	0.2580	0.1905	0.1851	0.1550	0.6075	0.4901	0.3983	0.2820	0.2382	0.1905	0.1770	0.1469	0.5809	0.4745	0.3786	0.2681	0.2227	0.1681	0.1524	0.1385	0.5241	0.3801	0.3150	0.2161	0.1781	0.1426	0.1336	0.1239	0.2704	0.1999	0.1154	0.1157	0.1182	0.1068	0.1090	0.1033	0.1425	0.1090	0.1068	0.1023	0.1011	0.0990	0.1004	0.0985	0.1025	0.0972	0.0968	0.0961	0.0966	0.0953	0.0965	0.0947	
0.6210	0.5326	0.4492	0.3152	0.2735	0.2081	0.1906	0.1701	0.6254	0.5246	0.4121	0.3362	0.2684	0.1960	0.1879	0.1569	0.6271	0.5168	0.4192	0.2949	0.2500	0.1959	0.1797	0.1479	0.6063	0.5013	0.4012	0.2759	0.2291	0.1722	0.1522	0.1411	0.5532	0.4009	0.3317	0.2237	0.1848	0.1468	0.1349	0.1249	0.2869	0.2115	0.1159	0.1169	0.1190	0.1072	0.1078	0.1034	0.1479	0.1110	0.1071	0.1018	0.1022	0.0991	0.0988	0.0988	0.0967	0.0968	0.0971	0.0957	0.0963	0.0954	0.0954	0.0953	
0.6400	0.5553	0.4712	0.3269	0.2818	0.2126	0.1966	0.1733	0.6507	0.5548	0.4323	0.3460	0.2805	0.2016	0.1942	0.1631	0.6486	0.5415	0.4459	0.3073	0.2580	0.1986	0.1870	0.1534	0.6309	0.5271	0.4241	0.2873	0.2370	0.1734	0.1562	0.1425	0.5813	0.4227	0.3501	0.2339	0.1934	0.1467	0.1358	0.1262	0.3056	0.2248	0.1184	0.1191	0.1210	0.1096	0.1085	0.1044	0.1537	0.1126	0.1082	0.1035	0.1024	0.0996	0.0999	0.0988	0.0969	0.0972	0.0961	0.0963	0.0961	0.0962	0.0957	0.0969	
0.6598	0.5831	0.4970	0.3441	0.2955	0.2208	0.2015	0.1766	0.6676	0.5825	0.4565	0.3635	0.2902	0.2055	0.1995	0.1627	0.6702	0.5737	0.4715	0.3217	0.2648	0.2052	0.1887	0.1542	0.6521	0.5553	0.4442	0.3044	0.2467	0.1788	0.1588	0.1457	0.6120	0.4570	0.3689	0.2413	0.1938	0.1497	0.1377	0.1280	0.3272	0.2375	0.1209	0.1205	0.1225	0.1090	0.1087	0.1040	0.1598	0.1130	0.1085	0.1023	0.1018	0.1000	0.0998	0.0985	0.0974	0.0968	0.0956	0.0957	0.0958	0.0953	0.0950	0.0945	
0.6952	0.6136	0.5348	0.3631	0.3077	0.2268	0.2065	0.1837	0.6990	0.6124	0.4905	0.3838	0.3054	0.2146	0.2054	0.1678	0.6931	0.6027	0.4972	0.3379	0.2788	0.2148	0.1985	0.1579	0.6818	0.5874	0.4761	0.3177	0.2589	0.1861	0.1616	0.1483	0.6383	0.4836	0.3913	0.2504	0.2045	0.1555	0.1409	0.1306	0.3520	0.2523	0.1245	0.1232	0.1253	0.1108	0.1107	0.1048	0.1673	0.1158	0.1109	0.1038	0.1028	0.1009	0.1014	0.1002	0.0986	0.0969	0.0969	0.0957	0.0973	0.0946	0.0958	0.0961	
0.7006	0.6370	0.5641	0.3778	0.3225	0.2368	0.2142	0.1881	0.7094	0.6395	0.5097	0.3989	0.3178	0.2203	0.2122	0.1719	0.7103	0.6278	0.5267	0.3527	0.2920	0.2219	0.2028	0.1620	0.7013	0.6127	0.4983	0.3286	0.2679	0.1916	0.1672	0.1496	0.6606	0.5120	0.4152	0.2601	0.2101	0.1591	0.1446	0.1323	0.3808	0.2671	0.1268	0.1255	0.1272	0.1108	0.1118	0.1052	0.1752	0.1172	0.1133	0.1040	0.1041	0.1017	0.1018	0.1005	0.0982	0.0974	0.0975	0.0965	0.0970	0.0963	0.0965	0.0963	
0.7068	0.6581	0.5858	0.4006	0.3311	0.2449	0.2217	0.1905	0.7202	0.6619	0.5361	0.4199	0.3306	0.2270	0.2191	0.1767	0.7200	0.6513	0.5523	0.3671	0.2995	0.2237	0.2051	0.1622	0.7168	0.6380	0.5276	0.3435	0.2755	0.1952	0.1684	0.1495	0.6818	0.5365	0.4367	0.2731	0.2131	0.1617	0.1461	0.1312	0.4063	0.2807	0.1284	0.1265	0.1268	0.1133	0.1119	0.1054	0.1825	0.1178	0.1125	0.1063	0.1039	0.1003	0.1004	0.0989	0.0980	0.0974	0.0971	0.0950	0.0971	0.0953	0.0961	0.0956	
0.7161	0.6819	0.6178	0.4142	0.3457	0.2508	0.2246	0.1961	0.7257	0.6805	0.5599	0.4348	0.3417	0.2335	0.2225	0.1777	0.7281	0.6741	0.5761	0.3777	0.3107	0.2317	0.2139	0.1670	0.7277	0.6631	0.5484	0.3526	0.2826	0.2010	0.1721	0.1552	0.7004	0.5690	0.4563	0.2824	0.2246	0.1649	0.1486	0.1348	0.4282	0.3014	0.1313	0.1302	0.1309	0.1133	0.1147	0.1071	0.1933	0.1227	0.1146	0.1069	0.1055	0.1025	0.1020	0.1007	0.1000	0.0986	0.0972	0.0972	0.0972	0.0966	0.0975	0.0960	
0.7309	0.7027	0.6354	0.4370	0.3597	0.2630	0.2325	0.1993	0.7295	0.7034	0.5914	0.4611	0.3569	0.2406	0.2322	0.1836	0.7364	0.7007	0.6030	0.4011	0.3278	0.2416	0.2161	0.1693	0.7428	0.6831	0.5779	0.3693	0.2946	0.2076	0.1770	0.1581	0.7210	0.5928	0.4859	0.3002	0.2327	0.1706	0.1519	0.1366	0.4650	0.3236	0.1350	0.1332	0.1349	0.1163	0.1149	0.1071	0.2054	0.1248	0.1163	0.1081	0.1068	0.1031	0.1028	0.1010	0.1007	0.0984	0.0984	0.0973	0.0976	0.0971	0.0975	0.0965	
0.7261	0.7259	0.6709	0.4500	0.3721	0.2679	0.2433	0.2087	0.7354	0.7281	0.6137	0.4834	0.3725	0.2545	0.2415	0.1891	0.7367	0.7210	0.6323	0.4138	0.3358	0.2476	0.2240	0.1718	0.7431	0.7114	0.6007	0.3848	0.3039	0.2093	0.1816	0.1590	0.7318	0.6246	0.5110	0.3097	0.2360	0.1729	0.1533	0.1390	0.4889	0.3421	0.1377	0.1357	0.1346	0.1168	0.1149	0.1078	0.2167	0.1258	0.1188	0.1084	0.1059	0.1027	0.1014	0.1005	0.1009	0.0987	0.0974	0.0970	0.0975	0.0958	0.0968	0.0964	
0.7206	0.7385	0.6913	0.4742	0.3863	0.2776	0.2453	0.2109	0.7357	0.7386	0.6414	0.5031	0.3850	0.2579	0.2453	0.1914	0.7351	0.7415	0.6519	0.4302	0.3504	0.2519	0.2319	0.1772	0.7442	0.7310	0.6251	0.4005	0.3146	0.2150	0.1860	0.1626	0.7365	0.6453	0.5341	0.3184	0.2424	0.1779	0.1560	0.1385	0.5157	0.3668	0.1410	0.1369	0.1387	0.1162	0.1167	0.1085	0.2291	0.1285	0.1191	0.1078	0.1069	0.1036	0.1040	0.1013	0.1003	0.0995	0.0986	0.0976	0.0973	0.0966	0.0968	0.0960	
0.7310	0.7509	0.7129	0.4884	0.4095	0.2841	0.2528	0.2143	0.7409	0.7584	0.6644	0.5228	0.4002	0.2638	0.2492	0.1948	0.7379	0.7587	0.6817	0.4488	0.3606	0.2613	0.2369	0.1821	0.7462	0.7467	0.6519	0.4198	0.3262	0.2229	0.1884	0.1625	0.7397	0.6743	0.5586	0.3322	0.2534	0.1833	0.1605	0.1410	0.5438	0.3897	0.1455	0.1401	0.1407	0.1176	0.1180	0.1093	0.2418	0.1317	0.1221	0.1100	0.1059	0.1033	0.1031	0.1021	0.1015	0.0993	0.0976	0.0980	0.0962	0.0965	0.0965	0.0961	
0.7382	0.7596	0.7426	0.5063	0.4243	0.2990	0.2603	0.2195	0.7421	0.7648	0.6929	0.5402	0.4126	0.2736	0.2543	0.1946	0.7395	0.7711	0.7035	0.4606	0.3673	0.2706	0.2424	0.1846	0.7471	0.7635	0.6745	0.4325	0.3356	0.2281	0.1924	0.1677	0.7447	0.6940	0.5829	0.3395	0.2602	0.1862	0.1616	0.1432	0.5772	0.4153	0.1488	0.1418	0.1427	0.1197	0.1180	0.1111	0.2557	0.1354	0.1223	0.1103	0.1089	0.1037	0.1034	0.1030	0.1022	0.0997	0.0985	0.0971	0.0974	0.0972	0.0967	0.0965	
0.7292	0.7601	0.7556	0.5260	0.4254	0.3004	0.2656	0.2184	0.7395	0.7615	0.7084	0.5528	0.4181	0.2812	0.2640	0.1976	0.7387	0.7715	0.7242	0.4803	0.3821	0.2742	0.2460	0.1864	0.7480	0.7668	0.6946	0.4485	0.3422	0.2344	0.1973	0.1688	0.7464	0.7133	0.6093	0.3578	0.2671	0.1911	0.1639	0.1433	0.5977	0.4365	0.1539	0.1453	0.1440	0.1216	0.1180	0.1118	0.2707	0.1396	0.1248	0.1106	0.1095	0.1052	0.1026	0.1011	0.1023	0.0993	0.0983	0.0973	0.0975	0.0963	0.0969	0.0959	
0.7336	0.7633	0.7739	0.5463	0.4549	0.3097	0.2764	0.2274	0.7453	0.7699	0.7294	0.5818	0.4459	0.2904	0.2705	0.2016	0.7460	0.7755	0.7456	0.5029	0.3979	0.2880	0.2561	0.1928	0.7557	0.7758	0.7188	0.4663	0.3623	0.2426	0.2019	0.1727	0.7496	0.7352	0.6363	0.3712	0.2818	0.1952	0.1715	0.1494	0.6263	0.4680	0.1592	0.1517	0.1513	0.1227	0.1218	0.1107	0.2937	0.1427	0.1286	0.1138	0.1113	0.1063	0.1058	0.1036	0.1038	0.0999	0.0985	0.0979	0.0985	0.0963	0.0973	0.0973	
0.7304	0.7671	0.7796	0.5680	0.4672	0.3223	0.2785	0.2292	0.7439	0.7677	0.7439	0.5970	0.4484	0.2938	0.2768	0.2046	0.7450	0.7787	0.7632	0.5145	0.4065	0.2907	0.2601	0.1925	0.7519	0.7769	0.7340	0.4834	0.3678	0.2467	0.2034	0.1768	0.7482	0.7527	0.6532	0.3824	0.2832	0.2005	0.1702	0.1487	0.6495	0.4956	0.1632	0.1546	0.1533	0.1231	0.1206	0.1112	0.3113	0.1485	0.1292	0.1140	0.1106	0.1069	0.1051	0.1032	0.1045	0.0998	0.0989	0.0983	0.0984	0.0970	0.0967	0.0974	
0.7355	0.7675	0.7831	0.5900	0.4887	0.3305	0.2873	0.2435	0.7485	0.7712	0.7681	0.6210	0.4724	0.3053	0.2889	0.2166	0.7484	0.7780	0.7795	0.5391	0.4293	0.3009	0.2726	0.1998	0.7570	0.7778	0.7558	0.5016	0.3844	0.2575	0.2152	0.1810	0.7520	0.7670	0.6793	0.3988	0.3007	0.2048	0.1771	0.1541	0.6745	0.5264	0.1725	0.1587	0.1572	0.1286	0.1243	0.1144	0.3342	0.1550	0.1340	0.1181	0.1147	0.1087	0.1079	0.1054	0.1065	0.1035	0.1015	0.1006	0.1031	0.0991	0.0999	0.0997	
0.7379	0.7663	0.7856	0.6046	0.5054	0.3360	0.2910	0.2380	0.7480	0.7721	0.7833	0.6359	0.4849	0.3100	0.2882	0.2152	0.7488	0.7818	0.7903	0.5566	0.4384	0.3092	0.2717	0.1992	0.7564	0.7781	0.7718	0.5156	0.3963	0.2580	0.2173	0.1815	0.7522	0.7707	0.6963	0.4091	0.3044	0.2082	0.1756	0.1511	0.6992	0.5462	0.1732	0.1617	0.1584	0.1270	0.1240	0.1128	0.3504	0.1583	0.1336	0.1150	0.1128	0.1065	0.1063	0.1019	0.1045	0.0998	0.0974	0.0978	0.0988	0.0971	0.0970	0.0964	
0.7411	0.7748	0.7959	0.6275	0.5224	0.3403	0.3048	0.2530	0.7531	0.7764	0.7937	0.6603	0.5033	0.3170	0.3001	0.2267	0.7512	0.7852	0.8012	0.5713	0.4526	0.3175	0.2815	0.2107	0.7602	0.7856	0.8481	0.5335	0.4171	0.2728	0.2217	0.1891	0.7563	0.7809	0.7206	0.4256	0.3146	0.2176	0.1824	0.1600	0.7164	0.5783	0.1831	0.1693	0.1648	0.1331	0.1272	0.1173	0.3787	0.1671	0.1390	0.1195	0.1155	0.1100	0.1095	0.1052	0.1081	0.1029	0.1005	0.1005	0.0994	0.1015	0.0987	0.0984	
0.7432	0.7740	0.8012	0.6484	0.5394	0.3603	0.3092	0.2543	0.7559	0.7772	0.7974	0.6816	0.5221	0.3305	0.3115	0.2310	0.7581	0.7875	0.8049	0.5929	0.4661	0.3302	0.2907	0.2106	0.7646	0.7884	0.8559	0.5589	0.4252	0.2760	0.2280	0.1885	0.7587	0.7867	0.7423	0.4473	0.3282	0.2213	0.1874	0.1578	0.7274	0.6049	0.1906	0.1740	0.1689	0.1326	0.1300	0.1151	0.4044	0.1715	0.1432	0.1217	0.1157	0.1094	0.1087	0.1059	0.1103	0.1030	0.1003	0.0990	0.1003	0.0982	0.0984	0.0989	
0.7485	0.7788	0.7994	0.6638	0.5529	0.3697	0.3186	0.2615	0.7577	0.7850	0.8000	0.6989	0.5390	0.3389	0.3252	0.2369	0.7606	0.7905	0.8071	0.6122	0.4843	0.3413	0.2970	0.2157	0.7654	0.7880	0.8658	0.5710	0.4369	0.2859	0.2324	0.1900	0.7608	0.7892	0.7630	0.4591	0.3387	0.2268	0.1907	0.1630	0.7327	0.6317	0.1966	0.1781	0.1719	0.1356	0.1284	0.1165	0.4266	0.1792	0.1463	0.1222	0.1178	0.1106	0.1097	0.1044	0.1105	0.1037	0.1009	0.1011	0.1006	0.0986	0.0992	0.0984	
0.7518	0.7823	0.8599	0.6890	0.5611	0.3824	0.3240	0.2637	0.7610	0.7862	0.8050	0.7180	0.5538	0.3483	0.3304	0.2370	0.7617	0.7941	0.8128	0.6313	0.5006	0.3451	0.3033	0.2133	0.7662	0.7920	0.8776	0.5841	0.4518	0.2953	0.2340	0.1950	0.7627	0.7917	0.7808	0.4740	0.3525	0.2354	0.1932	0.1641	0.7395	0.6584	0.2059	0.1881	0.1797	0.1379	0.1320	0.1195	0.4567	0.1881	0.1511	0.1229	0.1222	0.1121	0.1115	0.1072	0.1123	0.1030	0.1081	0.1011	0.1014	0.0992	0.0988	0.0985	
0.7480	0.7834	0.8588	0.7078	0.5879	0.3934	0.3319	0.2728	0.7608	0.7872	0.7960	0.7415	0.5720	0.3601	0.3425	0.2436	0.7599	0.7929	0.8069	0.6487	0.5131	0.3574	0.3118	0.2190	0.7652	0.7928	0.8121	0.6035	0.4627	0.3045	0.2452	0.1977	0.7642	0.7905	0.7909	0.4904	0.3671	0.2392	0.1985	0.1633	0.7402	0.6847	0.2142	0.1913	0.1821	0.1395	0.1333	0.1184	0.4826	0.1970	0.1558	0.1250	0.1200	0.1118	0.1109	0.1055	0.1138	0.1040	0.1016	0.1015	0.1011	0.0989	0.0984	0.0988	
0.7526	0.7803	0.8574	0.7283	0.6114	0.4119	0.3368	0.2781	0.7630	0.7846	0.7980	0.7573	0.5925	0.3719	0.3437	0.2447	0.7611	0.7924	0.8138	0.6643	0.5283	0.3650	0.3193	0.2240	0.7684	0.7893	0.8138	0.6219	0.4783	0.3055	0.2472	0.2013	0.7613	0.7890	0.8026	0.5060	0.3744	0.2454	0.2006	0.1686	0.7370	0.7045	0.2221	0.1952	0.1901	0.1409	0.1373	0.1202	0.5095	0.2046	0.1606	0.1268	0.1235	0.1143	0.1133	0.1081	0.1160	0.1043	0.1019	0.1012	0.1011	0.0998	0.0991	0.0995	
0.7629	0.7858	0.8061	0.7412	0.6170	0.4259	0.3499	0.2923	0.7659	0.7883	0.7998	0.7618	0.6059	0.3815	0.3510	0.2518	0.7653	0.7952	0.8127	0.6728	0.5413	0.3705	0.3247	0.2296	0.7719	0.7912	0.8166	0.6406	0.4893	0.3182	0.2506	0.2046	0.7645	0.7930	0.8057	0.5185	0.3823	0.2538	0.2064	0.1688	0.7429	0.7262	0.2343	0.2024	0.1939	0.1463	0.1378	0.1206	0.5387	0.2160	0.1655	0.1299	0.1231	0.1144	0.1138	0.1067	0.1170	0.1053	0.1022	0.1017	0.1013	0.0993	0.0996	0.0983	
0.7540	0.7836	0.8577	0.7583	0.6448	0.4354	0.3622	0.2992	0.7659	0.7911	0.7964	0.7799	0.6166	0.3853	0.3609	0.2581	0.7645	0.7930	0.8116	0.6994	0.5603	0.3817	0.3368	0.2304	0.7696	0.7953	0.8166	0.6626	0.5054	0.3236	0.2584	0.2035	0.7646	0.7938	0.8686	0.5409	0.3983	0.2544	0.2075	0.1692	0.7414	0.7427	0.2436	0.2053	0.1969	0.1458	0.1404	0.1211	0.5643	0.2250	0.1687	0.1320	0.1245	0.1152	0.1138	0.1047	0.1179	0.1045	0.1003	0.1010	0.1010	0.0982	0.0983	0.0986	
0.7581	0.7865	0.8101	0.7747	0.6578	0.4401	0.3688	0.3000	0.7709	0.7936	0.8031	0.7823	0.6415	0.3889	0.3591	0.2565	0.7692	0.7966	0.8134	0.7127	0.5774	0.3906	0.3455	0.2351	0.7758	0.7993	0.8148	0.6740	0.5181	0.3329	0.2605	0.2091	0.7685	0.7951	0.8687	0.5520	0.4037	0.2621	0.2145	0.1732	0.7449	0.7600	0.2588	0.2169	0.2078	0.1516	0.1414	0.1238	0.5953	0.2429	0.1773	0.1353	0.1279	0.1186	0.1154	0.1095	0.1228	0.1067	0.1031	0.1035	0.1036	0.1011	0.1001	0.0991	
0.7583	0.7911	0.8099	0.7799	0.6731	0.4465	0.3839	0.3004	0.7702	0.7923	0.7973	0.7844	0.6508	0.4146	0.3781	0.2611	0.7701	0.8026	0.8112	0.7355	0.5911	0.4019	0.3556	0.2394	0.7750	0.7997	0.8126	0.6897	0.5330	0.3400	0.2699	0.2117	0.7662	0.7996	0.8118	0.5709	0.4184	0.2711	0.2147	0.1773	0.7445	0.7700	0.2706	0.2239	0.2136	0.1555	0.1436	0.1259	0.6204	0.2550	0.1829	0.1388	0.1283	0.1218	0.1174	0.1103	0.1242	0.1075	0.1036	0.1043	0.1035	0.1017	0.1004	0.1008	
0.7651	0.7929	0.8090	0.7870	0.6959	0.4627	0.3987	0.3151	0.7740	0.7963	0.8032	0.7870	0.6760	0.4210	0.3821	0.2688	0.7728	0.8025	0.8098	0.7475	0.6085	0.4131	0.3619	0.2455	0.7799	0.7991	0.8142	0.7046	0.5502	0.3517	0.2747	0.2159	0.7730	0.8001	0.8088	0.5957	0.4332	0.2790	0.2194	0.1829	0.7477	0.7722	0.2819	0.2306	0.2195	0.1596	0.1453	0.1274	0.6463	0.2682	0.1930	0.1410	0.1320	0.1227	0.1200	0.1113	0.1264	0.1074	0.1040	0.1040	0.1039	0.1009	0.1011	0.0994	
0.7809	0.7967	0.8201	0.7934	0.7141	0.4749	0.4119	0.3217	0.7806	0.8004	0.8106	0.7954	0.6947	0.4324	0.3982	0.2793	0.7792	0.8039	0.8237	0.7650	0.6348	0.4225	0.3739	0.2537	0.7843	0.8076	0.8249	0.7244	0.5695	0.3660	0.2811	0.2191	0.7758	0.8069	0.8106	0.6045	0.4497	0.2864	0.2265	0.1813	0.7546	0.7818	0.2961	0.2414	0.2293	0.1645	0.1495	0.1277	0.6735	0.2834	0.1981	0.1448	0.1352	0.1242	0.1213	0.1105	0.1317	0.1081	0.1050	0.1061	0.1058	0.1021	0.1014	0.1005	
0.7768	0.7942	0.8215	0.7925	0.7257	0.4946	0.4287	0.3371	0.7832	0.8023	0.8139	0.7947	0.6994	0.4430	0.4067	0.2833	0.7791	0.8101	0.8247	0.7785	0.6412	0.4438	0.3800	0.2554	0.7842	0.8105	0.8236	0.7341	0.5757	0.3731	0.2906	0.2286	0.7766	0.8023	0.8168	0.6210	0.4613	0.2977	0.2317	0.1860	0.7504	0.7804	0.3166	0.2509	0.2370	0.1686	0.1526	0.1277	0.6926	0.3006	0.2085	0.1477	0.1381	0.1254	0.1223	0.1121	0.1340	0.1099	0.1057	0.1060	0.1050	0.1031	0.1009	0.0997	
