0.1012	0.1019	0.0982	0.1175	0.0983	0.1303	0.0968	0.1024	0.1012	0.1056	0.1005	0.1445	0.0980	0.1119	0.0966	0.1069	0.1007	0.1013	0.0990	0.1405	0.0968	0.1055	0.0987	0.1077	0.1014	0.1033	0.1008	0.1421	0.1001	0.1058	0.0982	0.1042	0.1008	0.0985	0.1001	0.1125	0.0995	0.1020	0.0958	0.0996	0.1032	0.1035	0.1014	0.1352	0.0991	0.1038	0.0982	0.1053	0.1043	0.1069	0.1022	0.1664	0.1014	0.1219	0.0989	0.1286	0.1030	0.1036	0.1017	0.1002	0.1026	0.0997	0.1010	0.1027	
0.0913	0.0921	0.0921	0.0914	0.0900	0.0955	0.0932	0.0929	0.0924	0.0937	0.0931	0.0932	0.0911	0.0922	0.0923	0.0942	0.0910	0.0922	0.0919	0.0938	0.0922	0.0929	0.0940	0.0938	0.0921	0.0928	0.0927	0.0932	0.0941	0.0940	0.0925	0.0943	0.0913	0.0921	0.0927	0.0937	0.0931	0.0934	0.0934	0.0931	0.0915	0.0914	0.0918	0.0937	0.0904	0.0944	0.0936	0.0933	0.0930	0.0921	0.0926	0.0925	0.0923	0.0955	0.0930	0.0969	0.0919	0.0925	0.0924	0.0919	0.0929	0.0932	0.0937	0.0945	
0.0941	0.0921	0.0927	0.0931	0.0923	0.0966	0.0937	0.0936	0.0923	0.0939	0.0935	0.0940	0.0935	0.0935	0.0928	0.0948	0.0922	0.0923	0.0912	0.0942	0.0915	0.0940	0.0934	0.0940	0.0923	0.0926	0.0918	0.0931	0.0944	0.0944	0.0931	0.0947	0.0917	0.0917	0.0929	0.0939	0.0941	0.0932	0.0938	0.0918	0.0919	0.0928	0.0925	0.0943	0.0935	0.0941	0.0943	0.0945	0.0932	0.0915	0.0920	0.0929	0.0931	0.0935	0.0927	0.0968	0.0919	0.0924	0.0928	0.0925	0.0931	0.0942	0.0941	0.0946	
0.0934	0.0928	0.0926	0.0929	0.0931	0.0966	0.0936	0.0937	0.0926	0.0937	0.0935	0.0936	0.0926	0.0927	0.0922	0.0944	0.0924	0.0928	0.0911	0.0920	0.0932	0.0941	0.0929	0.0935	0.0928	0.0928	0.0930	0.0929	0.0943	0.0947	0.0938	0.0954	0.0919	0.0921	0.0925	0.0932	0.0935	0.0943	0.0935	0.0947	0.0926	0.0929	0.0912	0.0942	0.0930	0.0941	0.0942	0.0933	0.0934	0.0921	0.0925	0.0933	0.0936	0.0955	0.0931	0.0969	0.0921	0.0923	0.0924	0.0919	0.0941	0.0938	0.0933	0.0932	
0.0937	0.0927	0.0922	0.0920	0.0929	0.0960	0.0936	0.0949	0.0930	0.0946	0.0944	0.0940	0.0926	0.0909	0.0939	0.0955	0.0917	0.0922	0.0926	0.0942	0.0930	0.0943	0.0946	0.0935	0.0927	0.0924	0.0931	0.0928	0.0949	0.0943	0.0929	0.0948	0.0912	0.0921	0.0925	0.0939	0.0930	0.0940	0.0930	0.0938	0.0925	0.0929	0.0927	0.0945	0.0930	0.0952	0.0936	0.0942	0.0929	0.0927	0.0927	0.0931	0.0931	0.0949	0.0946	0.0961	0.0929	0.0911	0.0928	0.0919	0.0948	0.0931	0.0941	0.0943	
0.0947	0.0928	0.0937	0.0933	0.0923	0.0958	0.0940	0.0947	0.0932	0.0943	0.0921	0.0942	0.0932	0.0935	0.0939	0.0949	0.0916	0.0922	0.0934	0.0944	0.0931	0.0950	0.0945	0.0946	0.0925	0.0930	0.0937	0.0935	0.0923	0.0960	0.0933	0.0955	0.0927	0.0928	0.0931	0.0951	0.0941	0.0944	0.0937	0.0946	0.0926	0.0929	0.0921	0.0945	0.0907	0.0949	0.0943	0.0933	0.0933	0.0930	0.0931	0.0924	0.0941	0.0949	0.0942	0.0970	0.0934	0.0932	0.0928	0.0921	0.0942	0.0938	0.0945	0.0940	
0.0936	0.0928	0.0926	0.0933	0.0939	0.0960	0.0934	0.0952	0.0936	0.0940	0.0942	0.0948	0.0934	0.0936	0.0936	0.0959	0.0925	0.0926	0.0928	0.0937	0.0917	0.0942	0.0947	0.0944	0.0930	0.0916	0.0936	0.0932	0.0947	0.0953	0.0934	0.0948	0.0916	0.0920	0.0931	0.0935	0.0942	0.0938	0.0938	0.0937	0.0926	0.0925	0.0923	0.0943	0.0933	0.0940	0.0939	0.0942	0.0936	0.0925	0.0925	0.0930	0.0939	0.0945	0.0943	0.0978	0.0931	0.0927	0.0931	0.0919	0.0937	0.0935	0.0938	0.0934	
0.0945	0.0932	0.0928	0.0932	0.0942	0.0960	0.0947	0.0940	0.0933	0.0977	0.0932	0.0943	0.0932	0.0925	0.0947	0.0953	0.0923	0.0925	0.0929	0.0939	0.0933	0.0943	0.0921	0.0940	0.0926	0.0925	0.0936	0.0933	0.0946	0.0941	0.0924	0.0948	0.0923	0.0925	0.0929	0.0936	0.0939	0.0941	0.0931	0.0945	0.0925	0.0926	0.0929	0.0948	0.0936	0.0952	0.0945	0.0944	0.0914	0.0924	0.0930	0.0925	0.0945	0.0954	0.0939	0.0973	0.0925	0.0923	0.0926	0.0930	0.0939	0.0937	0.0941	0.0944	
0.0948	0.0940	0.0937	0.0920	0.0939	0.0962	0.0942	0.0949	0.0943	0.0945	0.0950	0.0948	0.0943	0.0933	0.0949	0.0957	0.0930	0.0929	0.0936	0.0952	0.0943	0.0941	0.0942	0.0951	0.0934	0.0931	0.0940	0.0940	0.0948	0.0959	0.0956	0.0949	0.0920	0.0929	0.0934	0.0943	0.0942	0.0946	0.0945	0.0941	0.0931	0.0933	0.0931	0.0951	0.0939	0.0946	0.0950	0.0943	0.0940	0.0925	0.0928	0.0937	0.0953	0.0949	0.0949	0.0984	0.0912	0.0932	0.0930	0.0924	0.0942	0.0937	0.0943	0.0945	
0.0945	0.0931	0.0938	0.0937	0.0939	0.0964	0.0947	0.0950	0.0937	0.0950	0.0947	0.0937	0.0936	0.0946	0.0931	0.0962	0.0930	0.0928	0.0939	0.0947	0.0940	0.0936	0.0949	0.0942	0.0931	0.0926	0.0938	0.0939	0.0949	0.0944	0.0946	0.0957	0.0921	0.0927	0.0937	0.0949	0.0944	0.0949	0.0947	0.0953	0.0931	0.0934	0.0930	0.0948	0.0936	0.0949	0.0929	0.0945	0.0937	0.0925	0.0936	0.0937	0.0948	0.0948	0.0949	0.0969	0.0934	0.0928	0.0932	0.0929	0.0945	0.0946	0.0951	0.0943	
0.0943	0.0932	0.0930	0.0938	0.0938	0.0958	0.0943	0.0943	0.0939	0.0940	0.0947	0.0942	0.0941	0.0916	0.0943	0.0952	0.0929	0.0925	0.0938	0.0946	0.0940	0.0938	0.0944	0.0941	0.0926	0.0929	0.0939	0.0937	0.0950	0.0953	0.0937	0.0943	0.0921	0.0933	0.0930	0.0936	0.0945	0.0943	0.0939	0.0936	0.0924	0.0931	0.0925	0.0947	0.0938	0.0940	0.0941	0.0943	0.0935	0.0928	0.0937	0.0938	0.0944	0.0941	0.0946	0.0969	0.0928	0.0920	0.0931	0.0927	0.0939	0.0933	0.0942	0.0939	
0.0946	0.0932	0.0935	0.0939	0.0937	0.0955	0.0951	0.0947	0.0934	0.0951	0.0944	0.0946	0.0939	0.0936	0.0943	0.0967	0.0930	0.0933	0.0925	0.0947	0.0932	0.0946	0.0942	0.0952	0.0927	0.0930	0.0935	0.0937	0.0946	0.0946	0.0941	0.0965	0.0919	0.0930	0.0929	0.0916	0.0943	0.0938	0.0918	0.0946	0.0928	0.0931	0.0924	0.0948	0.0939	0.0945	0.0943	0.0945	0.0931	0.0926	0.0934	0.0928	0.0939	0.0948	0.0944	0.0964	0.0928	0.0924	0.0920	0.0923	0.0943	0.0935	0.0948	0.0935	
0.0952	0.0939	0.0941	0.0941	0.0948	0.0964	0.0953	0.0956	0.0939	0.0951	0.0948	0.0939	0.0948	0.0939	0.0948	0.0965	0.0937	0.0941	0.0933	0.0927	0.0946	0.0954	0.0951	0.0956	0.0934	0.0936	0.0945	0.0944	0.0953	0.0952	0.0944	0.0957	0.0928	0.0934	0.0942	0.0948	0.0935	0.0949	0.0949	0.0952	0.0930	0.0938	0.0930	0.0945	0.0936	0.0948	0.0944	0.0950	0.0941	0.0932	0.0939	0.0935	0.0937	0.0959	0.0954	0.0983	0.0934	0.0937	0.0933	0.0935	0.0946	0.0946	0.0938	0.0952	
0.0956	0.0949	0.0935	0.0944	0.0938	0.0961	0.0945	0.0939	0.0944	0.0963	0.0954	0.0956	0.0938	0.0952	0.0958	0.0963	0.0955	0.0934	0.0938	0.0951	0.0949	0.0953	0.0944	0.0953	0.0935	0.1042	0.0945	0.0942	0.0948	0.0953	0.0945	0.0950	0.0931	0.0937	0.0942	0.0944	0.0944	0.0945	0.0947	0.0941	0.0926	0.0934	0.0927	0.0953	0.0942	0.0951	0.0946	0.0955	0.0942	0.0939	0.0935	0.0934	0.0946	0.0951	0.0948	0.0972	0.0940	0.0935	0.0914	0.0923	0.0948	0.0948	0.0946	0.0949	
0.0960	0.0943	0.0941	0.0938	0.0941	0.0957	0.0940	0.0949	0.0946	0.0956	0.0947	0.0957	0.0937	0.0939	0.0943	0.0962	0.0935	0.0934	0.0938	0.0952	0.0940	0.0948	0.0941	0.0946	0.0937	0.0929	0.0938	0.0944	0.0945	0.0952	0.0944	0.0952	0.0928	0.0935	0.0925	0.0949	0.0939	0.0939	0.0946	0.0957	0.0933	0.0928	0.0924	0.0943	0.0936	0.0943	0.0933	0.0943	0.0935	0.0932	0.0925	0.0936	0.0942	0.0949	0.0948	0.0967	0.0937	0.0929	0.0932	0.0929	0.0934	0.0932	0.0934	0.0938	
0.0965	0.0942	0.0951	0.0942	0.0951	0.0963	0.0948	0.0956	0.0951	0.0961	0.0961	0.0955	0.0930	0.0949	0.0966	0.0962	0.0940	0.0941	0.0938	0.0954	0.0950	0.0942	0.0950	0.0943	0.0943	0.0938	0.0943	0.0941	0.0953	0.0950	0.0938	0.0951	0.0926	0.0935	0.0940	0.0947	0.0945	0.0941	0.0939	0.0966	0.0919	0.0938	0.0930	0.0950	0.0938	0.0949	0.0939	0.0946	0.0932	0.0927	0.0942	0.0938	0.0945	0.0952	0.0926	0.0971	0.0937	0.0937	0.0937	0.0932	0.0944	0.0920	0.0938	0.0929	
0.0968	0.0953	0.0954	0.0950	0.0951	0.0946	0.0956	0.0951	0.0952	0.0940	0.0954	0.0938	0.0945	0.0942	0.0953	0.0967	0.0942	0.0942	0.0939	0.0948	0.0947	0.0941	0.0943	0.0955	0.0936	0.0935	0.0939	0.0942	0.0955	0.0936	0.0931	0.0957	0.0927	0.0924	0.0933	0.0942	0.0946	0.0950	0.0937	0.0938	0.0933	0.0921	0.0935	0.0938	0.0928	0.0936	0.0938	0.0942	0.0919	0.0922	0.0941	0.0936	0.0943	0.0945	0.0937	0.0982	0.0908	0.0926	0.0929	0.0930	0.0941	0.0929	0.0942	0.0938	
0.0984	0.0972	0.0973	0.0975	0.0958	0.0979	0.0964	0.0966	0.0965	0.0976	0.0981	0.0978	0.0957	0.0958	0.0972	0.0975	0.0956	0.0957	0.0959	0.0955	0.0959	0.0966	0.0962	0.0967	0.0955	0.0953	0.0950	0.0956	0.0962	0.0965	0.0955	0.0972	0.0948	0.0938	0.0955	0.0958	0.0966	0.0958	0.0964	0.0954	0.0930	0.0950	0.0941	0.0961	0.0947	0.0968	0.0952	0.0953	0.0954	0.0944	0.0952	0.0946	0.0960	0.0957	0.0969	0.0986	0.0945	0.0944	0.0942	0.0946	0.0955	0.0949	0.0967	0.0954	
0.0977	0.0955	0.0964	0.0956	0.0938	0.0888	0.0885	0.0880	0.0955	0.0967	0.0945	0.0951	0.0945	0.0868	0.0881	0.0895	0.0944	0.0937	0.0944	0.0928	0.0950	0.0879	0.0894	0.0887	0.0935	0.0939	0.0940	0.0944	0.0946	0.0880	0.0871	0.0885	0.0934	0.0931	0.0936	0.0943	0.0900	0.0874	0.0877	0.0887	0.0936	0.0927	0.0913	0.0943	0.0867	0.0877	0.0863	0.0866	0.0940	0.0931	0.0939	0.0942	0.0865	0.0880	0.0875	0.0903	0.0937	0.0935	0.0927	0.0932	0.0870	0.0860	0.0872	0.0868	
0.1010	0.0959	0.0954	0.0971	0.1000	0.1019	0.0990	0.1001	0.0981	0.0998	0.1010	0.1012	0.0992	0.0996	0.0978	0.0996	0.0955	0.0947	0.0983	0.0976	0.1000	0.0996	0.0976	0.1000	0.0955	0.0961	0.0987	0.0988	0.0977	0.0979	0.0988	0.1003	0.0954	0.0956	0.0988	0.0991	0.0980	0.0995	0.0988	0.0990	0.0921	0.0940	0.0967	0.0980	0.0977	0.0989	0.0986	0.0975	0.0936	0.0946	0.0973	0.0960	0.0988	0.0994	0.0980	0.1015	0.0935	0.0921	0.0939	0.0932	0.0987	0.0981	0.0994	0.0979	
0.0996	0.0981	0.0963	0.0962	0.0960	0.0962	0.0955	0.0963	0.0973	0.0983	0.0981	0.0952	0.0961	0.0953	0.0960	0.0959	0.0968	0.0946	0.0951	0.0955	0.0949	0.0948	0.0962	0.0956	0.0940	0.0947	0.0955	0.0943	0.0952	0.0954	0.0942	0.0942	0.0933	0.0928	0.0942	0.0949	0.0949	0.0951	0.0945	0.0943	0.0934	0.0940	0.0932	0.0941	0.0944	0.0958	0.0934	0.0959	0.0936	0.0933	0.0944	0.0944	0.0949	0.0956	0.0946	0.0982	0.0946	0.0943	0.0932	0.0931	0.0938	0.0939	0.0948	0.0947	
0.1020	0.1011	0.1005	0.0975	0.0978	0.0985	0.0973	0.0982	0.0989	0.1006	0.0988	0.0988	0.0993	0.0969	0.0979	0.0984	0.0990	0.0976	0.0971	0.0975	0.0961	0.0963	0.0972	0.0976	0.0970	0.0969	0.0962	0.0963	0.0960	0.0972	0.0962	0.0990	0.0956	0.0959	0.0962	0.0958	0.0964	0.0959	0.0967	0.0972	0.0954	0.0964	0.0961	0.0965	0.0960	0.0964	0.0949	0.0979	0.0956	0.0951	0.0959	0.0963	0.0963	0.0977	0.0973	0.0994	0.0953	0.0951	0.0947	0.0945	0.0970	0.0964	0.0966	0.0968	
0.1005	0.0997	0.0991	0.0986	0.0966	0.0970	0.0966	0.0962	0.0983	0.0993	0.0982	0.0985	0.0969	0.0955	0.0965	0.0959	0.0955	0.0964	0.0961	0.0966	0.0955	0.0961	0.0960	0.0952	0.0950	0.0935	0.0953	0.0962	0.0954	0.0962	0.0947	0.0960	0.0943	0.0937	0.0945	0.0947	0.0953	0.0943	0.0949	0.0957	0.0922	0.0948	0.0938	0.0953	0.0942	0.0953	0.0949	0.0963	0.0945	0.0935	0.0929	0.0953	0.0950	0.0949	0.0947	0.0996	0.0938	0.0936	0.0932	0.0932	0.0946	0.0931	0.0948	0.0947	
0.1023	0.1004	0.1001	0.0987	0.0969	0.0973	0.0966	0.0971	0.0993	0.0995	0.0989	0.0954	0.0954	0.0969	0.0959	0.0971	0.0965	0.0955	0.0966	0.0893	0.0970	0.0975	0.0965	0.0968	0.0950	0.0938	0.0948	0.0915	0.0956	0.0941	0.0961	0.0962	0.0943	0.0943	0.0946	0.0951	0.0949	0.0954	0.0943	0.0960	0.0948	0.0944	0.0925	0.0945	0.0947	0.0958	0.0938	0.0968	0.0947	0.0940	0.0938	0.0942	0.0950	0.0959	0.0946	0.0984	0.0946	0.0936	0.0936	0.0932	0.0952	0.0937	0.0966	0.0943	
0.1034	0.1024	0.1005	0.0995	0.0982	0.0970	0.0973	0.0964	0.0976	0.1008	0.0994	0.1002	0.0975	0.0960	0.0970	0.0975	0.0969	0.0963	0.0965	0.0969	0.0965	0.0954	0.0963	0.0959	0.0957	0.0948	0.0952	0.0945	0.0951	0.0962	0.0957	0.0956	0.0935	0.0939	0.0942	0.0928	0.0947	0.0952	0.0950	0.0962	0.0938	0.0941	0.0932	0.0925	0.0943	0.0950	0.0944	0.0965	0.0946	0.0934	0.0938	0.0942	0.0935	0.0953	0.0954	0.0974	0.0944	0.0933	0.0933	0.0932	0.0944	0.0944	0.0958	0.0937	
0.1048	0.1044	0.1026	0.1011	0.0986	0.0990	0.0967	0.0970	0.1015	0.1022	0.1016	0.1009	0.0976	0.0972	0.0982	0.0981	0.0986	0.0975	0.0977	0.0980	0.0973	0.0968	0.0975	0.0969	0.0962	0.0971	0.0969	0.0959	0.0976	0.0974	0.0967	0.0970	0.0956	0.0941	0.0962	0.0953	0.0961	0.0959	0.0947	0.0966	0.0954	0.0953	0.0943	0.0954	0.0952	0.0953	0.0959	0.0969	0.0956	0.0932	0.0944	0.0955	0.0964	0.0969	0.0955	0.0970	0.0941	0.0920	0.0939	0.0935	0.0947	0.0941	0.0958	0.0957	
0.1086	0.1079	0.1064	0.1031	0.1010	0.1000	0.0993	0.0988	0.1047	0.1041	0.1025	0.1030	0.1012	0.0992	0.0995	0.0997	0.1000	0.0998	0.0991	0.0983	0.0999	0.0987	0.0981	0.0991	0.0986	0.0987	0.0985	0.0986	0.0988	0.0983	0.0977	0.0993	0.0976	0.0967	0.0976	0.0987	0.0977	0.0962	0.0973	0.0977	0.0962	0.0967	0.0938	0.0965	0.0975	0.0976	0.0968	0.0978	0.0970	0.0966	0.0965	0.0972	0.0973	0.0981	0.0967	0.0999	0.0971	0.0966	0.0955	0.0960	0.0967	0.0960	0.0973	0.0968	
0.1079	0.1064	0.1054	0.1030	0.1002	0.1014	0.0969	0.0957	0.1038	0.1044	0.1023	0.1002	0.0993	0.0972	0.0966	0.0989	0.0983	0.0989	0.0979	0.0985	0.0980	0.0972	0.0972	0.0974	0.0967	0.0967	0.0969	0.0966	0.0967	0.0970	0.0953	0.0971	0.0940	0.0943	0.0957	0.0956	0.0945	0.0962	0.0956	0.0963	0.0947	0.0950	0.0925	0.0963	0.0944	0.0952	0.0946	0.0955	0.0950	0.0934	0.0937	0.0947	0.0943	0.0957	0.0945	0.0973	0.0942	0.0944	0.0934	0.0926	0.0953	0.0939	0.0953	0.0944	
0.1106	0.1092	0.1076	0.1047	0.1014	0.0996	0.0953	0.0980	0.1057	0.1061	0.1037	0.1038	0.0986	0.0987	0.0978	0.0980	0.1000	0.1002	0.0998	0.0989	0.0976	0.0971	0.0977	0.0972	0.0975	0.0978	0.0986	0.0982	0.0973	0.0971	0.0955	0.0971	0.0959	0.0950	0.0971	0.0961	0.0962	0.0964	0.0958	0.0971	0.0953	0.0954	0.0938	0.0963	0.0956	0.0964	0.0962	0.0961	0.0949	0.0944	0.0950	0.0955	0.0953	0.0958	0.0960	0.0999	0.0953	0.0939	0.0941	0.0932	0.0947	0.0932	0.0962	0.0950	
0.1133	0.1108	0.1084	0.1046	0.1020	0.1004	0.0982	0.0980	0.1073	0.1061	0.1050	0.1058	0.1023	0.0981	0.1003	0.0986	0.1010	0.1000	0.1008	0.0996	0.0994	0.0971	0.0986	0.0974	0.0987	0.0971	0.0985	0.0979	0.0963	0.0970	0.0969	0.0973	0.0963	0.0955	0.0962	0.0968	0.0964	0.0962	0.0958	0.0969	0.0958	0.0950	0.0940	0.0969	0.0948	0.0964	0.0961	0.0976	0.0949	0.0944	0.0954	0.0955	0.0956	0.0974	0.0966	0.0984	0.0939	0.0937	0.0940	0.0945	0.0962	0.0963	0.0956	0.0952	
0.1167	0.1151	0.1131	0.1087	0.1034	0.1013	0.0997	0.0998	0.1109	0.1100	0.1078	0.1074	0.1043	0.1018	0.1002	0.0999	0.1021	0.1039	0.1032	0.1029	0.1010	0.1004	0.0994	0.0999	0.0998	0.1007	0.0974	0.1002	0.0973	0.0989	0.0980	0.0989	0.0984	0.0976	0.0984	0.0979	0.0984	0.0985	0.0980	0.0971	0.0967	0.0952	0.0960	0.0973	0.0961	0.0982	0.0977	0.0987	0.0960	0.0962	0.0959	0.0958	0.0956	0.0980	0.0965	0.1000	0.0966	0.0964	0.0949	0.0953	0.0956	0.0971	0.0977	0.0951	
0.1206	0.1170	0.1149	0.1101	0.1060	0.1004	0.0967	0.1002	0.1111	0.1121	0.1091	0.1094	0.1021	0.1015	0.1001	0.1008	0.1033	0.1039	0.1033	0.1013	0.1009	0.1000	0.0994	0.0990	0.0982	0.1003	0.1005	0.1004	0.0996	0.0990	0.0968	0.0981	0.0976	0.0973	0.0981	0.0986	0.0962	0.0976	0.0984	0.0969	0.0965	0.0958	0.0966	0.0983	0.0971	0.0982	0.0957	0.0978	0.0964	0.0961	0.0960	0.0964	0.0973	0.0965	0.0972	0.1011	0.0959	0.0949	0.0953	0.0938	0.0957	0.0956	0.0971	0.0954	
0.1208	0.1193	0.1162	0.1122	0.1051	0.1011	0.0996	0.0985	0.1125	0.1121	0.1100	0.1097	0.1036	0.0999	0.0995	0.0986	0.1042	0.1036	0.1034	0.1017	0.1014	0.0983	0.0974	0.0992	0.0975	0.1003	0.0994	0.0998	0.0968	0.0984	0.0954	0.0954	0.0971	0.0966	0.0975	0.0966	0.0967	0.0966	0.0970	0.0948	0.0952	0.0954	0.0953	0.0968	0.0968	0.0978	0.0954	0.0973	0.0956	0.0940	0.0948	0.0963	0.0963	0.0946	0.0958	0.0985	0.0946	0.0941	0.0941	0.0924	0.0937	0.0957	0.0940	0.0942	
0.1275	0.1248	0.1203	0.1155	0.1079	0.1023	0.0982	0.0999	0.1166	0.1159	0.1131	0.1127	0.1061	0.1020	0.1008	0.0996	0.1058	0.1057	0.1061	0.1037	0.1016	0.1010	0.1012	0.0996	0.1010	0.0998	0.1012	0.1008	0.0992	0.0997	0.0983	0.0988	0.0987	0.0974	0.0993	0.0980	0.0981	0.0979	0.0972	0.0980	0.0968	0.0967	0.0964	0.0970	0.0954	0.0972	0.0966	0.0977	0.0976	0.0958	0.0962	0.0960	0.0963	0.0972	0.0962	0.0994	0.0961	0.0951	0.0955	0.0935	0.0959	0.0952	0.0979	0.0959	
0.1383	0.1264	0.1242	0.1168	0.1092	0.1038	0.1001	0.0999	0.1188	0.1176	0.1142	0.1139	0.1075	0.1024	0.1002	0.1005	0.1066	0.1069	0.1053	0.1042	0.1027	0.0997	0.0994	0.0993	0.1020	0.1029	0.1019	0.1009	0.0995	0.0984	0.0964	0.0992	0.0969	0.0977	0.0989	0.0986	0.0982	0.0983	0.0966	0.0968	0.0967	0.0971	0.0955	0.0977	0.0968	0.0977	0.0972	0.0977	0.0951	0.0947	0.0966	0.0962	0.0963	0.0974	0.0968	0.1003	0.0953	0.0950	0.0948	0.0944	0.0964	0.0956	0.0968	0.0949	
0.1346	0.1325	0.1282	0.1189	0.1105	0.1035	0.1008	0.0990	0.1224	0.1205	0.1182	0.1154	0.1099	0.1042	0.1021	0.1011	0.1089	0.1083	0.1084	0.1055	0.1023	0.1019	0.0989	0.0998	0.1023	0.1025	0.1026	0.1020	0.1005	0.0989	0.0985	0.0976	0.0991	0.0981	0.0995	0.0991	0.0988	0.0992	0.0980	0.0977	0.0966	0.0980	0.0965	0.0981	0.0968	0.0977	0.0968	0.0975	0.0972	0.0947	0.0961	0.0973	0.0961	0.0977	0.0965	0.0999	0.0962	0.0958	0.0950	0.0953	0.0961	0.0947	0.0975	0.0970	
0.1430	0.1396	0.1343	0.1252	0.1148	0.1060	0.1005	0.0999	0.1279	0.1240	0.1219	0.1217	0.1118	0.1059	0.1042	0.1020	0.1121	0.1102	0.1119	0.1088	0.1068	0.1039	0.1024	0.1018	0.1051	0.1050	0.1027	0.1048	0.1008	0.1025	0.1001	0.1001	0.1006	0.1005	0.0990	0.1007	0.0999	0.0992	0.0994	0.0992	0.0975	0.0986	0.0981	0.0978	0.0983	0.0992	0.0986	0.0989	0.0992	0.0969	0.0976	0.0976	0.0981	0.0989	0.0974	0.1012	0.0962	0.0962	0.0972	0.0964	0.0973	0.0965	0.0981	0.0968	
0.1486	0.1451	0.1385	0.1297	0.1165	0.1042	0.1015	0.1002	0.1316	0.1273	0.1250	0.1227	0.1126	0.1061	0.1041	0.1012	0.1134	0.1119	0.1110	0.1085	0.1060	0.1032	0.1014	0.1011	0.1052	0.1053	0.1043	0.1034	0.1022	0.1018	0.0990	0.0993	0.1003	0.0987	0.0987	0.0999	0.0988	0.0981	0.0995	0.0997	0.0981	0.0982	0.0966	0.0980	0.0969	0.0972	0.1016	0.0969	0.0983	0.0961	0.0961	0.0971	0.0971	0.0954	0.0966	0.1004	0.0962	0.0958	0.0953	0.0946	0.0971	0.0958	0.0974	0.0954	
0.1573	0.1514	0.1460	0.1360	0.1206	0.1067	0.1024	0.0999	0.1360	0.1330	0.1284	0.1264	0.1163	0.1074	0.1055	0.1029	0.1160	0.1151	0.1151	0.1110	0.1069	0.1054	0.1019	0.1012	0.1068	0.1074	0.1072	0.1050	0.1045	0.1020	0.1003	0.0995	0.1013	0.1012	0.1027	0.1017	0.0995	0.0981	0.0987	0.0991	0.0989	0.0987	0.0987	0.0998	0.0970	0.0985	0.0993	0.0975	0.0984	0.0977	0.0984	0.0979	0.0986	0.0987	0.0967	0.1021	0.0989	0.0969	0.0953	0.0956	0.0976	0.0960	0.0973	0.0959	
0.1644	0.1573	0.1538	0.1398	0.1208	0.1070	0.1034	0.1013	0.1403	0.1372	0.1330	0.1301	0.1193	0.1082	0.1063	0.1021	0.1185	0.1173	0.1164	0.1121	0.1105	0.1059	0.1026	0.1018	0.1072	0.1083	0.1064	0.1077	0.1050	0.1023	0.1000	0.1002	0.1028	0.1018	0.1004	0.1007	0.1012	0.1012	0.1005	0.0990	0.0995	0.0996	0.0980	0.0996	0.0982	0.0981	0.0975	0.0981	0.0987	0.0973	0.0986	0.0980	0.0987	0.0990	0.0969	0.1019	0.0971	0.0971	0.0960	0.0968	0.0971	0.0960	0.0978	0.0945	
0.1720	0.1678	0.1591	0.1479	0.1255	0.1087	0.1028	0.1015	0.1455	0.1416	0.1369	0.1362	0.1206	0.1105	0.1067	0.1036	0.1207	0.1202	0.1208	0.1143	0.1111	0.1073	0.1028	0.0998	0.1095	0.1084	0.1087	0.1071	0.1045	0.1025	0.1013	0.0996	0.1024	0.1024	0.1030	0.1022	0.1017	0.1005	0.0996	0.0997	0.0993	0.0989	0.0985	0.0993	0.0995	0.0972	0.0990	0.0973	0.0983	0.0961	0.0965	0.0984	0.0978	0.0981	0.0977	0.0999	0.0967	0.0951	0.0953	0.0952	0.0976	0.0953	0.0980	0.0968	
0.1842	0.1778	0.1709	0.1554	0.1302	0.1123	0.1042	0.1017	0.1529	0.1480	0.1432	0.1414	0.1240	0.1142	0.1099	0.1048	0.1247	0.1240	0.1233	0.1175	0.1146	0.1091	0.1050	0.1037	0.1110	0.1119	0.1093	0.1092	0.1064	0.1055	0.1026	0.1018	0.1055	0.1036	0.1057	0.1038	0.1027	0.1030	0.1021	0.0996	0.1004	0.1009	0.1001	0.1018	0.1005	0.0998	0.1002	0.0994	0.1006	0.0965	0.0987	0.0998	0.0987	0.0999	0.0984	0.1009	0.0977	0.0968	0.0972	0.0970	0.0979	0.0970	0.0978	0.0976	
0.1943	0.1856	0.1751	0.1582	0.1313	0.1093	0.1023	0.1009	0.1593	0.1495	0.1445	0.1426	0.1253	0.1123	0.1064	0.1026	0.1268	0.1238	0.1236	0.1166	0.1128	0.1059	0.1020	0.1010	0.1095	0.1108	0.1068	0.1074	0.1044	0.1008	0.0992	0.0984	0.1016	0.1015	0.1022	0.1004	0.0994	0.0985	0.0992	0.0960	0.0972	0.0978	0.0959	0.0981	0.0971	0.0958	0.0973	0.0960	0.0981	0.0952	0.0962	0.0959	0.0951	0.0956	0.0934	0.0988	0.0939	0.0930	0.0937	0.0931	0.0944	0.0939	0.0952	0.0950	
0.2110	0.2011	0.1923	0.1714	0.1390	0.1132	0.1051	0.1046	0.1680	0.1614	0.1583	0.1538	0.1325	0.1178	0.1127	0.1053	0.1334	0.1320	0.1309	0.1228	0.1201	0.1097	0.1069	0.1048	0.1148	0.1118	0.1141	0.1136	0.1097	0.1075	0.1040	0.1028	0.1078	0.1066	0.1088	0.1057	0.1034	0.1034	0.1034	0.1005	0.0984	0.1026	0.0991	0.1026	0.0991	0.1008	0.1012	0.0997	0.1013	0.0991	0.0988	0.1004	0.1000	0.1000	0.1006	0.1023	0.0982	0.0985	0.0973	0.0980	0.0991	0.0956	0.0993	0.0966	
0.2251	0.2177	0.2058	0.1826	0.1442	0.1165	0.1059	0.1044	0.1763	0.1717	0.1658	0.1625	0.1395	0.1218	0.1149	0.1064	0.1374	0.1376	0.1347	0.1274	0.1218	0.1146	0.1067	0.1048	0.1172	0.1193	0.1164	0.1150	0.1099	0.1090	0.1037	0.1034	0.1077	0.1076	0.1096	0.1063	0.1055	0.1045	0.1025	0.1017	0.1027	0.1028	0.0994	0.1031	0.1000	0.1024	0.1013	0.0995	0.1014	0.0993	0.1001	0.1001	0.1003	0.0990	0.1008	0.1007	0.0992	0.0988	0.0960	0.0974	0.0982	0.0977	0.0966	0.0963	
0.2400	0.2336	0.2206	0.1955	0.1514	0.1179	0.1077	0.1044	0.1885	0.1821	0.1768	0.1705	0.1416	0.1225	0.1155	0.1063	0.1431	0.1426	0.1413	0.1297	0.1241	0.1156	0.1081	0.1061	0.1210	0.1207	0.1182	0.1163	0.1127	0.1092	0.1048	0.1025	0.1096	0.1086	0.1104	0.1062	0.1056	0.1039	0.1034	0.1019	0.1036	0.1032	0.1025	0.1040	0.1019	0.1017	0.0995	0.1007	0.1022	0.1006	0.1013	0.1016	0.1008	0.1022	0.0989	0.1025	0.0987	0.0987	0.0978	0.0973	0.0990	0.0985	0.0974	0.0977	
0.2610	0.2540	0.2363	0.2085	0.1577	0.1203	0.1069	0.1043	0.2005	0.1950	0.1881	0.1789	0.1480	0.1276	0.1168	0.1080	0.1480	0.1474	0.1452	0.1324	0.1292	0.1178	0.1100	0.1065	0.1233	0.1247	0.1185	0.1197	0.1149	0.1112	0.1069	0.1038	0.1109	0.1111	0.1126	0.1091	0.1083	0.1046	0.1049	0.1018	0.1023	0.1041	0.1036	0.1050	0.1014	0.1020	0.1026	0.1006	0.1034	0.1019	0.1012	0.1014	0.1008	0.1006	0.0996	0.1021	0.1005	0.1002	0.0972	0.0996	0.1001	0.0991	0.1005	0.0969	
0.2809	0.2706	0.2539	0.2211	0.1662	0.1226	0.1096	0.1047	0.2156	0.2056	0.1973	0.1884	0.1559	0.1299	0.1191	0.1060	0.1549	0.1542	0.1513	0.1386	0.1308	0.1182	0.1095	0.1069	0.1239	0.1263	0.1233	0.1222	0.1168	0.1102	0.1067	0.1031	0.1133	0.1120	0.1141	0.1103	0.1088	0.1044	0.1047	0.1051	0.1042	0.1051	0.1029	0.1046	0.1017	0.1016	0.1017	0.1007	0.1034	0.1012	0.1008	0.1012	0.1006	0.1011	0.1007	0.1030	0.0991	0.0971	0.0991	0.0984	0.0992	0.0985	0.0989	0.0979	
0.3016	0.2898	0.2723	0.2375	0.1759	0.1184	0.1091	0.1046	0.2303	0.2188	0.2090	0.1993	0.1645	0.1320	0.1190	0.1085	0.1645	0.1601	0.1604	0.1437	0.1351	0.1155	0.1115	0.1047	0.1296	0.1313	0.1275	0.1233	0.1183	0.1118	0.1074	0.1050	0.1151	0.1132	0.1165	0.1116	0.1102	0.1083	0.1054	0.1005	0.1064	0.1072	0.1054	0.1041	0.1037	0.1017	0.1009	0.1001	0.1039	0.1012	0.1026	0.1020	0.1009	0.1021	0.1005	0.1024	0.1002	0.1001	0.0987	0.0989	0.0990	0.0992	0.0987	0.0968	
0.3254	0.3141	0.2917	0.2570	0.1859	0.1304	0.1118	0.1055	0.2479	0.2340	0.2232	0.2145	0.1703	0.1377	0.1227	0.1097	0.1715	0.1697	0.1671	0.1492	0.1407	0.1245	0.1120	0.1078	0.1346	0.1334	0.1318	0.1277	0.1201	0.1157	0.1079	0.1052	0.1182	0.1154	0.1184	0.1128	0.1110	0.1080	0.1067	0.1031	0.1068	0.1068	0.1054	0.1070	0.1039	0.1041	0.1020	0.1020	0.1048	0.1030	0.1030	0.1035	0.1003	0.1014	0.1005	0.1028	0.1019	0.1009	0.0997	0.0998	0.0993	0.0972	0.1002	0.0992	
0.3521	0.3368	0.3150	0.2728	0.1960	0.1334	0.1120	0.1042	0.2611	0.2483	0.2419	0.2274	0.1808	0.1411	0.1271	0.1090	0.1798	0.1780	0.1761	0.1542	0.1448	0.1285	0.1143	0.1099	0.1371	0.1394	0.1339	0.1321	0.1239	0.1170	0.1104	0.1070	0.1197	0.1176	0.1193	0.1154	0.1138	0.1097	0.1080	0.1050	0.1084	0.1086	0.1062	0.1085	0.1051	0.1049	0.1039	0.1015	0.1059	0.1042	0.1052	0.1042	0.1038	0.1030	0.1012	0.1049	0.1024	0.1008	0.0999	0.0992	0.1015	0.1010	0.1009	0.0977	
0.3775	0.3602	0.3383	0.2963	0.2061	0.1386	0.1131	0.1079	0.2820	0.2668	0.2574	0.2411	0.1919	0.1496	0.1305	0.1103	0.1912	0.1862	0.1815	0.1632	0.1515	0.1349	0.1166	0.1113	0.1417	0.1439	0.1380	0.1351	0.1252	0.1210	0.1111	0.1074	0.1221	0.1197	0.1225	0.1167	0.1158	0.1122	0.1091	0.1060	0.1093	0.1089	0.1063	0.1094	0.1069	0.1044	0.1041	0.1028	0.1070	0.1046	0.1055	0.1050	0.1045	0.1043	0.1029	0.1036	0.1025	0.1010	0.1008	0.1003	0.1011	0.0994	0.1001	0.0994	
0.4071	0.3900	0.3617	0.3146	0.2211	0.1422	0.1149	0.1078	0.3049	0.2865	0.2760	0.2610	0.2040	0.1567	0.1336	0.1124	0.2051	0.1960	0.1924	0.1703	0.1576	0.1377	0.1176	0.1110	0.1476	0.1478	0.1431	0.1385	0.1311	0.1220	0.1130	0.1073	0.1245	0.1224	0.1258	0.1188	0.1169	0.1139	0.1081	0.1054	0.1101	0.1119	0.1094	0.1105	0.1082	0.1063	0.1052	0.1016	0.1081	0.1056	0.1060	0.1050	0.1079	0.1046	0.1024	0.1056	0.1028	0.1018	0.1000	0.1006	0.1027	0.1009	0.1008	0.0999	
0.4354	0.4177	0.3895	0.3419	0.2393	0.1472	0.1168	0.1088	0.3281	0.3103	0.2973	0.2815	0.2195	0.1628	0.1379	0.1148	0.2149	0.2107	0.2083	0.1817	0.1658	0.1428	0.1202	0.1153	0.1518	0.1558	0.1487	0.1551	0.1359	0.1258	0.1164	0.1107	0.1272	0.1266	0.1293	0.1229	0.1203	0.1158	0.1137	0.1078	0.1130	0.1145	0.1108	0.1144	0.1107	0.1083	0.1081	0.1059	0.1100	0.1071	0.1095	0.1078	0.1067	0.1069	0.1056	0.1063	0.1043	0.1035	0.1027	0.1026	0.1034	0.1019	0.1032	0.1011	
0.4682	0.4475	0.4200	0.3716	0.2591	0.1552	0.1206	0.1099	0.3561	0.3307	0.3210	0.3030	0.2326	0.1727	0.1428	0.1152	0.2288	0.2231	0.2232	0.1912	0.1762	0.1497	0.1237	0.1147	0.1628	0.1616	0.1548	0.1521	0.1398	0.1287	0.1167	0.1121	0.1337	0.1293	0.1336	0.1256	0.1247	0.1179	0.1135	0.1088	0.1166	0.1169	0.1132	0.1158	0.1117	0.1088	0.1066	0.1037	0.1125	0.1092	0.1095	0.1088	0.1081	0.1078	0.1059	0.1057	0.1074	0.1045	0.1036	0.1038	0.1040	0.1024	0.1037	0.1015	
0.4945	0.4744	0.4493	0.3971	0.2760	0.1565	0.1189	0.1101	0.3827	0.3552	0.3416	0.3224	0.2448	0.1798	0.1437	0.1185	0.2445	0.2397	0.2357	0.2034	0.1807	0.1503	0.1257	0.1149	0.1701	0.1687	0.1596	0.1560	0.1448	0.1322	0.1173	0.1111	0.1361	0.1299	0.1366	0.1278	0.1250	0.1192	0.1156	0.1071	0.1182	0.1175	0.1139	0.1155	0.1120	0.1097	0.1066	0.1066	0.1124	0.1088	0.1097	0.1104	0.1080	0.1082	0.1064	0.1061	0.1064	0.1047	0.1036	0.1028	0.1033	0.1033	0.1033	0.1020	
0.5210	0.5052	0.4765	0.4245	0.2948	0.1634	0.1228	0.1108	0.4087	0.3831	0.3687	0.3461	0.2635	0.1880	0.1506	0.1190	0.2626	0.2544	0.2466	0.2129	0.1903	0.1576	0.1278	0.1165	0.1758	0.1774	0.1693	0.1640	0.1495	0.1340	0.1206	0.1104	0.1395	0.1361	0.1400	0.1285	0.1276	0.1210	0.1168	0.1093	0.1195	0.1190	0.1139	0.1178	0.1146	0.1104	0.1105	0.1075	0.1143	0.1109	0.1118	0.1102	0.1099	0.1089	0.1060	0.1085	0.1058	0.1053	0.1033	0.1047	0.1050	0.1021	0.1044	0.1022	
0.5454	0.5246	0.4998	0.4472	0.3145	0.1688	0.1249	0.1116	0.4370	0.4042	0.3945	0.3698	0.2801	0.2003	0.1547	0.1194	0.2764	0.2735	0.2663	0.2267	0.2010	0.1621	0.1295	0.1173	0.1836	0.1839	0.1758	0.1695	0.1537	0.1379	0.1212	0.1132	0.1421	0.1391	0.1440	0.1325	0.1293	0.1235	0.1175	0.1088	0.1207	0.1198	0.1162	0.1199	0.1143	0.1118	0.1068	0.1080	0.1148	0.1102	0.1136	0.1122	0.1095	0.1083	0.1069	0.1064	0.1073	0.1067	0.1039	0.1051	0.1051	0.1024	0.1039	0.1015	
0.5755	0.5528	0.5264	0.4739	0.3368	0.1779	0.1240	0.1111	0.4648	0.4361	0.4191	0.3925	0.2972	0.2073	0.1571	0.1210	0.2973	0.2888	0.2829	0.2410	0.2130	0.1711	0.1311	0.1174	0.1945	0.1943	0.1820	0.1778	0.1606	0.1417	0.1242	0.1128	0.1490	0.1436	0.1502	0.1369	0.1334	0.1251	0.1177	0.1098	0.1223	0.1236	0.1186	0.1202	0.1156	0.1121	0.1088	0.1079	0.1138	0.1108	0.1138	0.1123	0.1111	0.1101	0.1062	0.1083	0.1099	0.1062	0.1051	0.1055	0.1057	0.1021	0.1039	0.1008	
0.5960	0.5769	0.5494	0.5005	0.3607	0.1847	0.1254	0.1125	0.4923	0.4600	0.4417	0.4204	0.3177	0.2206	0.1632	0.1226	0.3167	0.3057	0.3003	0.2594	0.2253	0.1777	0.1353	0.1207	0.2033	0.2010	0.1915	0.1863	0.1668	0.1478	0.1253	0.1165	0.1532	0.1488	0.1542	0.1395	0.1380	0.1287	0.1204	0.1118	0.1254	0.1243	0.1200	0.1225	0.1185	0.1125	0.1115	0.1073	0.1180	0.1138	0.1159	0.1126	0.1127	0.1108	0.1076	0.1082	0.1093	0.1077	0.1054	0.1062	0.1076	0.1042	0.1054	0.1023	
0.6198	0.6000	0.5760	0.5274	0.3831	0.1929	0.1306	0.1139	0.5177	0.4834	0.4720	0.4442	0.3393	0.2345	0.1724	0.1242	0.3391	0.3300	0.3254	0.2717	0.2376	0.1860	0.1378	0.1225	0.2144	0.2125	0.2010	0.1957	0.1741	0.1535	0.1280	0.1154	0.1582	0.1532	0.1614	0.1442	0.1409	0.1299	0.1221	0.1133	0.1273	0.1277	0.1219	0.1258	0.1205	0.1155	0.1108	0.1088	0.1196	0.1150	0.1167	0.1145	0.1138	0.1106	0.1098	0.1081	0.1119	0.1082	0.1070	0.1078	0.1082	0.1049	0.1061	0.1028	
0.6440	0.6220	0.5990	0.5524	0.4099	0.2046	0.1321	0.1151	0.5478	0.5123	0.4971	0.4717	0.3575	0.2471	0.1791	0.1253	0.3615	0.3528	0.3415	0.2922	0.2512	0.1950	0.1421	0.1226	0.2274	0.2255	0.2127	0.2061	0.1795	0.1566	0.1300	0.1182	0.1661	0.1589	0.1652	0.1491	0.1446	0.1322	0.1240	0.1132	0.1300	0.1304	0.1253	0.1265	0.1223	0.1165	0.1132	0.1092	0.1211	0.1162	0.1188	0.1156	0.1151	0.1128	0.1098	0.1098	0.1120	0.1093	0.1074	0.1074	0.1073	0.1039	0.1062	0.1020	
0.6673	0.6496	0.6173	0.5803	0.4371	0.2154	0.1346	0.1175	0.5692	0.5378	0.5226	0.4988	0.3848	0.2640	0.1865	0.1296	0.3861	0.3764	0.3672	0.3135	0.2693	0.2096	0.1449	0.1272	0.2401	0.2432	0.2240	0.2194	0.1899	0.1658	0.1358	0.1209	0.1719	0.1669	0.1729	0.1537	0.1506	0.1387	0.1274	0.1147	0.1335	0.1352	0.1281	0.1309	0.1256	0.1194	0.1143	0.1106	0.1232	0.1196	0.1216	0.1177	0.1176	0.1142	0.1133	0.1102	0.1144	0.1126	0.1089	0.1098	0.1099	0.1082	0.1074	0.1037	
0.6888	0.6746	0.6427	0.6066	0.4701	0.2279	0.1364	0.1180	0.5918	0.5645	0.5468	0.5251	0.4103	0.2814	0.1986	0.1309	0.4099	0.4012	0.3924	0.3372	0.2872	0.2209	0.1492	0.1294	0.2520	0.2540	0.2351	0.2315	0.1996	0.1678	0.1390	0.1215	0.1810	0.1725	0.1810	0.1601	0.1554	0.1403	0.1301	0.1163	0.1367	0.1382	0.1309	0.1334	0.1267	0.1229	0.1156	0.1126	0.1262	0.1210	0.1228	0.1212	0.1201	0.1151	0.1125	0.1111	0.1152	0.1124	0.1094	0.1105	0.1118	0.1071	0.1091	0.1036	
0.7139	0.6919	0.6707	0.6290	0.4936	0.2430	0.1389	0.1173	0.6186	0.5874	0.5762	0.5547	0.4384	0.3020	0.2049	0.1332	0.4373	0.4224	0.4183	0.3576	0.3078	0.2303	0.1545	0.1300	0.2706	0.2707	0.2503	0.2458	0.2113	0.1778	0.1427	0.1235	0.1878	0.1793	0.1905	0.1626	0.1609	0.1427	0.1330	0.1163	0.1402	0.1411	0.1339	0.1360	0.1311	0.1234	0.1165	0.1109	0.1286	0.1223	0.1252	0.1220	0.1205	0.1160	0.1127	0.1103	0.1164	0.1123	0.1101	0.1112	0.1106	0.1088	0.1080	0.1052	
0.7331	0.7138	0.6869	0.6531	0.5206	0.2558	0.1429	0.1201	0.6487	0.6103	0.5958	0.5798	0.4643	0.3220	0.2127	0.1347	0.4648	0.4523	0.4402	0.3842	0.3273	0.2399	0.1594	0.1352	0.2878	0.2888	0.2660	0.2610	0.2208	0.1839	0.1444	0.1247	0.2007	0.1888	0.2013	0.1733	0.1671	0.1466	0.1357	0.1177	0.1446	0.1448	0.1385	0.1419	0.1341	0.1256	0.1195	0.1126	0.1331	0.1249	0.1279	0.1245	0.1227	0.1186	0.1153	0.1120	0.1190	0.1150	0.1122	0.1129	0.1126	0.1088	0.1101	0.1046	
0.7476	0.7311	0.7130	0.6808	0.5468	0.2735	0.1486	0.1227	0.6727	0.6369	0.6181	0.6050	0.4901	0.3436	0.2241	0.1381	0.4912	0.4799	0.4679	0.4112	0.3523	0.2593	0.1661	0.1360	0.3100	0.3137	0.2889	0.2788	0.2356	0.1932	0.1478	0.1271	0.2135	0.2026	0.2127	0.1850	0.1778	0.1557	0.1416	0.1202	0.1507	0.1529	0.1424	0.1453	0.1399	0.1283	0.1209	0.1156	0.1378	0.1311	0.1335	0.1303	0.1284	0.1232	0.1195	0.1156	0.1229	0.1205	0.1148	0.1176	0.1159	0.1120	0.1120	0.1072	
0.7474	0.7423	0.7217	0.6957	0.5713	0.2850	0.1505	0.1215	0.6931	0.6564	0.6426	0.6259	0.5111	0.3649	0.2357	0.1371	0.5141	0.5036	0.4867	0.4354	0.3695	0.2709	0.1663	0.1383	0.3274	0.3256	0.3016	0.2918	0.2474	0.1995	0.1500	0.1266	0.2217	0.2056	0.2221	0.1861	0.1823	0.1564	0.1398	0.1204	0.1539	0.1535	0.1426	0.1477	0.1398	0.1278	0.1212	0.1127	0.1345	0.1297	0.1320	0.1304	0.1251	0.1192	0.1175	0.1135	0.1226	0.1170	0.1132	0.1160	0.1149	0.1105	0.1111	0.1058	
0.7502	0.7451	0.7350	0.7138	0.5865	0.3019	0.1521	0.1231	0.7145	0.6768	0.6659	0.6466	0.5367	0.3871	0.2472	0.1429	0.5375	0.5201	0.5127	0.4560	0.3964	0.2856	0.1763	0.1409	0.3492	0.3477	0.3190	0.3128	0.2620	0.2114	0.1571	0.1288	0.2296	0.2201	0.2321	0.1969	0.1876	0.1614	0.1435	0.1219	0.1583	0.1585	0.1507	0.1528	0.1434	0.1316	0.1225	0.1156	0.1403	0.1323	0.1366	0.1314	0.1299	0.1216	0.1188	0.1131	0.1233	0.1203	0.1159	0.1181	0.1153	0.1115	0.1116	0.1067	
0.7504	0.7499	0.7379	0.7313	0.6173	0.3235	0.1578	0.1232	0.7264	0.7020	0.6912	0.6697	0.5628	0.4126	0.2593	0.1454	0.5551	0.5448	0.5370	0.4854	0.4168	0.3019	0.1778	0.1431	0.3657	0.3696	0.3408	0.3300	0.2754	0.2140	0.1589	0.1310	0.2433	0.2290	0.2458	0.2057	0.1985	0.1677	0.1480	0.1230	0.1624	0.1647	0.1515	0.1565	0.1456	0.1334	0.1243	0.1166	0.1428	0.1354	0.1382	0.1346	0.1297	0.1247	0.1203	0.1145	0.1251	0.1209	0.1169	0.1176	0.1190	0.1111	0.1130	0.1082	
0.7513	0.7500	0.7419	0.7369	0.6331	0.3404	0.1630	0.1276	0.7385	0.7193	0.7051	0.6934	0.5904	0.4328	0.2757	0.1458	0.5801	0.5695	0.5530	0.5097	0.4399	0.3215	0.1878	0.1474	0.3895	0.3914	0.3598	0.3478	0.2944	0.2257	0.1665	0.1334	0.2579	0.2431	0.2564	0.2143	0.2081	0.1736	0.1537	0.1258	0.1674	0.1700	0.1568	0.1625	0.1519	0.1374	0.1271	0.1172	0.1485	0.1388	0.1404	0.1373	0.1337	0.1275	0.1230	0.1158	0.1262	0.1230	0.1190	0.1216	0.1192	0.1135	0.1137	0.1080	
0.7568	0.7511	0.7429	0.7460	0.6553	0.3648	0.1674	0.1268	0.7378	0.7269	0.7189	0.7075	0.6108	0.4604	0.2894	0.1519	0.5997	0.5867	0.5787	0.5343	0.4693	0.3419	0.1976	0.1500	0.4121	0.4152	0.3817	0.3717	0.3086	0.2381	0.1722	0.1388	0.2741	0.2556	0.2710	0.2282	0.2188	0.1827	0.1562	0.1263	0.1748	0.1771	0.1617	0.1670	0.1564	0.1391	0.1278	0.1188	0.1534	0.1413	0.1483	0.1411	0.1372	0.1294	0.1238	0.1170	0.1311	0.1260	0.1217	0.1242	0.1206	0.1150	0.1157	0.1090	
0.7523	0.7513	0.7435	0.7466	0.6795	0.3915	0.1752	0.1289	0.7373	0.7403	0.7285	0.7283	0.6338	0.4922	0.3067	0.1571	0.6208	0.6115	0.6019	0.5605	0.4900	0.3639	0.2040	0.1545	0.4327	0.4357	0.4022	0.3903	0.3262	0.2520	0.1776	0.1396	0.2866	0.2692	0.2852	0.2368	0.2279	0.1904	0.1632	0.1293	0.1775	0.1833	0.1661	0.1726	0.1611	0.1419	0.1319	0.1226	0.1553	0.1445	0.1503	0.1441	0.1426	0.1328	0.1265	0.1179	0.1327	0.1284	0.1232	0.1255	0.1230	0.1157	0.1177	0.1081	
0.7554	0.7572	0.7408	0.7498	0.6960	0.4088	0.1793	0.1299	0.7428	0.7417	0.7351	0.7388	0.6568	0.5175	0.3280	0.1593	0.6424	0.6283	0.6240	0.5843	0.5163	0.3786	0.2103	0.1573	0.4582	0.4575	0.4211	0.4105	0.3434	0.2670	0.1829	0.1399	0.3062	0.2858	0.3022	0.2494	0.2385	0.1964	0.1648	0.1303	0.1865	0.1918	0.1736	0.1784	0.1644	0.1484	0.1331	0.1226	0.1581	0.1479	0.1521	0.1474	0.1440	0.1333	0.1286	0.1176	0.1342	0.1292	0.1240	0.1256	0.1221	0.1186	0.1161	0.1083	
0.7571	0.7582	0.7442	0.7521	0.7106	0.4382	0.1860	0.1327	0.7448	0.7446	0.7356	0.7451	0.6730	0.5456	0.3536	0.1637	0.6650	0.6551	0.6471	0.6124	0.5444	0.4010	0.2198	0.1652	0.4817	0.4813	0.4452	0.4358	0.3649	0.2821	0.1915	0.1433	0.3251	0.3046	0.3219	0.2638	0.2505	0.2025	0.1739	0.1319	0.1943	0.1982	0.1788	0.1856	0.1714	0.1526	0.1357	0.1248	0.1651	0.1518	0.1592	0.1538	0.1463	0.1363	0.1317	0.1171	0.1375	0.1326	0.1274	0.1306	0.1259	0.1197	0.1193	0.1099	
0.7605	0.7623	0.7477	0.7549	0.7170	0.4642	0.1939	0.1345	0.7501	0.7475	0.7425	0.7510	0.6984	0.5736	0.3750	0.1710	0.6832	0.6760	0.6672	0.6305	0.5705	0.4280	0.2350	0.1677	0.5025	0.5031	0.4686	0.4590	0.3838	0.2988	0.1997	0.1481	0.3459	0.3176	0.3382	0.2784	0.2652	0.2158	0.1797	0.1377	0.2027	0.2098	0.1889	0.1921	0.1783	0.1565	0.1399	0.1271	0.1708	0.1545	0.1648	0.1576	0.1517	0.1411	0.1336	0.1208	0.1415	0.1348	0.1286	0.1332	0.1261	0.1216	0.1201	0.1108	
0.7544	0.7595	0.7480	0.7548	0.7251	0.4840	0.1986	0.1384	0.7488	0.7552	0.7423	0.7575	0.7096	0.5983	0.3962	0.1757	0.6978	0.6939	0.6829	0.6622	0.5910	0.4470	0.2475	0.1728	0.5213	0.5229	0.4913	0.4846	0.4060	0.3141	0.2102	0.1538	0.3626	0.3427	0.3605	0.2939	0.2810	0.2239	0.1851	0.1393	0.2106	0.2180	0.1948	0.2023	0.1864	0.1615	0.1425	0.1287	0.1763	0.1618	0.1697	0.1622	0.1550	0.1423	0.1363	0.1244	0.1429	0.1387	0.1311	0.1362	0.1293	0.1228	0.1213	0.1124	
0.7640	0.7620	0.7506	0.7587	0.7265	0.5094	0.2065	0.1395	0.7519	0.7488	0.7498	0.7590	0.7161	0.6191	0.4135	0.1809	0.7101	0.7062	0.7025	0.6771	0.6213	0.4737	0.2542	0.1770	0.5468	0.5485	0.5145	0.5047	0.4243	0.3310	0.2217	0.1574	0.3843	0.3585	0.3766	0.3106	0.2934	0.2338	0.1914	0.1424	0.2219	0.2253	0.2032	0.2133	0.1904	0.1657	0.1447	0.1301	0.1845	0.1662	0.1751	0.1668	0.1609	0.1464	0.1373	0.1241	0.1463	0.1409	0.1346	0.1389	0.1305	0.1236	0.1223	0.1133	
0.7664	0.7633	0.7553	0.7638	0.7408	0.5325	0.2189	0.1424	0.7540	0.7525	0.7501	0.7636	0.7262	0.6362	0.4393	0.1861	0.7178	0.7197	0.7134	0.7031	0.6446	0.4938	0.2701	0.1826	0.5677	0.5669	0.5343	0.5301	0.4533	0.3547	0.2308	0.1596	0.4083	0.3793	0.4031	0.3291	0.3114	0.2449	0.1994	0.1411	0.2324	0.2382	0.2131	0.2246	0.2025	0.1685	0.1487	0.1319	0.1892	0.1711	0.1828	0.1722	0.1702	0.1479	0.1405	0.1257	0.1506	0.1431	0.1361	0.1400	0.1350	0.1282	0.1228	0.1131	
0.7663	0.7689	0.7572	0.7646	0.7385	0.5593	0.2267	0.1435	0.7541	0.7553	0.7470	0.7668	0.7228	0.6493	0.4541	0.1898	0.7214	0.7279	0.7200	0.7153	0.6679	0.5060	0.2792	0.1888	0.5839	0.5809	0.5480	0.5559	0.4721	0.3707	0.2386	0.1645	0.4309	0.4001	0.4210	0.3466	0.3245	0.2590	0.2094	0.1461	0.2433	0.2494	0.2234	0.2320	0.2082	0.1752	0.1519	0.1346	0.1989	0.1787	0.1886	0.1780	0.1741	0.1531	0.1428	0.1277	0.1556	0.1455	0.1387	0.1434	0.1377	0.1292	0.1256	0.1139	
0.7721	0.7667	0.7608	0.7700	0.7435	0.5794	0.2429	0.1454	0.7551	0.7528	0.7526	0.7670	0.7307	0.6740	0.4855	0.1998	0.7244	0.7311	0.7327	0.7275	0.6893	0.5354	0.2968	0.1944	0.6084	0.6038	0.5760	0.5660	0.4954	0.3892	0.2545	0.1700	0.4551	0.4173	0.4453	0.3642	0.3445	0.2730	0.2155	0.1491	0.2562	0.2616	0.2363	0.2425	0.2207	0.1805	0.1564	0.1367	0.2054	0.1831	0.1978	0.1859	0.1780	0.1569	0.1462	0.1278	0.1567	0.1528	0.1416	0.1486	0.1404	0.1291	0.1294	0.1166	
0.7739	0.7712	0.7623	0.7716	0.7463	0.6039	0.2526	0.1497	0.7610	0.7578	0.7520	0.7699	0.7344	0.6759	0.5037	0.2033	0.7262	0.7397	0.7266	0.7323	0.7050	0.5516	0.3101	0.2022	0.6262	0.6216	0.5848	0.5879	0.5209	0.4120	0.2656	0.1741	0.4734	0.4403	0.4620	0.3837	0.3605	0.2801	0.2239	0.1502	0.2684	0.2752	0.2452	0.2565	0.2347	0.1861	0.1582	0.1366	0.2138	0.1893	0.2033	0.1908	0.1828	0.1603	0.1479	0.1271	0.1626	0.1552	0.1457	0.1513	0.1419	0.1307	0.1277	0.1156	
0.7755	0.7690	0.7604	0.7702	0.7458	0.6246	0.2656	0.1530	0.7569	0.7544	0.7502	0.7716	0.7332	0.6858	0.5227	0.2142	0.7307	0.7332	0.7350	0.7373	0.7132	0.5817	0.3262	0.2096	0.6473	0.6388	0.6043	0.6061	0.5377	0.4278	0.2751	0.1783	0.4952	0.4629	0.4773	0.3999	0.3776	0.2966	0.2325	0.1540	0.2814	0.2901	0.2559	0.2655	0.2387	0.1929	0.1621	0.1393	0.2215	0.1965	0.2126	0.1957	0.1883	0.1631	0.1522	0.1292	0.1667	0.1614	0.1484	0.1550	0.1457	0.1336	0.1320	0.1167	
0.7795	0.7689	0.7618	0.7723	0.7432	0.6471	0.2760	0.1551	0.7607	0.7555	0.7547	0.7687	0.7314	0.7101	0.5488	0.2187	0.7299	0.7355	0.7266	0.7409	0.7109	0.5921	0.3427	0.2175	0.6639	0.6592	0.6260	0.6326	0.5561	0.4416	0.2914	0.1827	0.5209	0.4761	0.5014	0.4214	0.3916	0.3114	0.2409	0.1574	0.2950	0.3026	0.2660	0.2790	0.2477	0.2017	0.1664	0.1437	0.2323	0.2049	0.2185	0.2036	0.1962	0.1708	0.1569	0.1340	0.1701	0.1654	0.1517	0.1599	0.1497	0.1389	0.1342	0.1190	
0.7747	0.7754	0.7622	0.7723	0.7431	0.6668	0.2915	0.1587	0.7598	0.7582	0.7522	0.7686	0.7346	0.7178	0.5674	0.2303	0.7262	0.7412	0.7323	0.7385	0.7189	0.6180	0.3672	0.2274	0.6796	0.6787	0.6433	0.6439	0.5746	0.4685	0.3053	0.1884	0.5349	0.4983	0.5182	0.4391	0.4139	0.3255	0.2565	0.1614	0.3098	0.3172	0.2808	0.2900	0.2592	0.2075	0.1734	0.1444	0.2390	0.2095	0.2283	0.2120	0.2007	0.1741	0.1614	0.1337	0.1772	0.1701	0.1555	0.1642	0.1504	0.1365	0.1344	0.1178	
0.7764	0.7793	0.7654	0.7719	0.7485	0.6825	0.3040	0.1634	0.7574	0.7594	0.7546	0.7725	0.7376	0.7125	0.5920	0.2399	0.7273	0.7392	0.7322	0.7388	0.7243	0.6177	0.3796	0.2382	0.6897	0.6938	0.6642	0.6650	0.5977	0.4880	0.3213	0.1966	0.5486	0.5190	0.5343	0.4587	0.4313	0.3440	0.2658	0.1678	0.3227	0.3347	0.2942	0.3050	0.2704	0.2178	0.1786	0.1495	0.2508	0.2204	0.2355	0.2188	0.2104	0.1784	0.1661	0.1362	0.1804	0.1723	0.1597	0.1696	0.1556	0.1429	0.1392	0.1201	
0.7769	0.7806	0.7709	0.7764	0.7491	0.7021	0.3189	0.1684	0.7647	0.7642	0.7599	0.7750	0.7396	0.7219	0.6054	0.2491	0.7292	0.7446	0.7648	0.7424	0.7238	0.6448	0.3960	0.2513	0.7041	0.7039	0.6783	0.6843	0.6157	0.5188	0.3355	0.2027	0.5729	0.5387	0.5521	0.4800	0.4478	0.3574	0.2737	0.1711	0.3398	0.3540	0.3131	0.3199	0.2866	0.2252	0.1836	0.1519	0.2602	0.2289	0.2473	0.2256	0.2172	0.1834	0.1679	0.1374	0.1847	0.1780	0.1628	0.1737	0.1589	0.1458	0.1410	0.1224	
0.7842	0.7865	0.7700	0.7823	0.7528	0.7093	0.3342	0.1702	0.7665	0.7636	0.7627	0.7755	0.7435	0.7309	0.6317	0.2637	0.7329	0.7444	0.7401	0.7454	0.7312	0.6541	0.4208	0.2537	0.7085	0.7164	0.6983	0.6979	0.6369	0.5403	0.3532	0.2133	0.5934	0.5578	0.5722	0.5020	0.4742	0.3807	0.2890	0.1771	0.3570	0.3705	0.3293	0.3364	0.2994	0.2384	0.1917	0.1550	0.2769	0.2396	0.2621	0.2362	0.2278	0.1923	0.1737	0.1408	0.1949	0.1848	0.1709	0.1799	0.1621	0.1503	0.1442	0.1244	
0.7877	0.7851	0.7748	0.7788	0.7547	0.7187	0.3558	0.1734	0.7645	0.7673	0.7621	0.7740	0.7436	0.7293	0.6500	0.2736	0.7298	0.7440	0.7403	0.7463	0.7305	0.6753	0.4440	0.2698	0.7093	0.7197	0.7031	0.7069	0.6573	0.5611	0.3716	0.2170	0.6153	0.5744	0.5876	0.5209	0.4936	0.3987	0.2973	0.1781	0.3765	0.3884	0.3438	0.3529	0.3109	0.2483	0.1954	0.1593	0.2866	0.2469	0.2724	0.2522	0.2395	0.1959	0.1792	0.1433	0.1993	0.1897	0.1739	0.1849	0.1688	0.1539	0.1458	0.1248	
0.7952	0.7877	0.7768	0.7849	0.7631	0.7255	0.3778	0.1760	0.7730	0.7650	0.7679	0.7787	0.7497	0.7390	0.6747	0.2809	0.7337	0.7424	0.7823	0.7514	0.7352	0.6740	0.4628	0.2822	0.7117	0.7205	0.7150	0.7190	0.6768	0.5858	0.3919	0.2271	0.6328	0.5926	0.6053	0.5412	0.5171	0.4168	0.3198	0.1836	0.3897	0.4080	0.3592	0.3728	0.3319	0.2573	0.2048	0.1630	0.2992	0.2598	0.2863	0.2591	0.2493	0.2036	0.1836	0.1440	0.2073	0.1973	0.1806	0.1919	0.1701	0.1583	0.1482	0.1259	
0.7970	0.7915	0.7789	0.7878	0.7633	0.7233	0.3928	0.1854	0.7772	0.7754	0.7661	0.7816	0.7476	0.7305	0.6777	0.2956	0.7355	0.7487	0.7450	0.7513	0.7397	0.6839	0.4843	0.2979	0.7214	0.7242	0.7193	0.7266	0.6898	0.6041	0.4082	0.2336	0.6562	0.6146	0.6281	0.5588	0.5353	0.4396	0.3345	0.1915	0.4131	0.4249	0.3731	0.3903	0.3473	0.2692	0.2084	0.1648	0.3170	0.2749	0.2976	0.2686	0.2561	0.2129	0.1913	0.1475	0.2136	0.2033	0.1857	0.1996	0.1766	0.1628	0.1516	0.1285	
0.8017	0.7905	0.7813	0.7930	0.7637	0.7243	0.4176	0.1901	0.7824	0.7750	0.7697	0.7823	0.7496	0.7268	0.6916	0.3129	0.7397	0.7499	0.7454	0.7529	0.7432	0.6898	0.4994	0.3092	0.7193	0.7329	0.7233	0.7255	0.7006	0.6137	0.4349	0.2435	0.6721	0.6339	0.6394	0.5767	0.5563	0.4551	0.3479	0.1936	0.4315	0.4416	0.3912	0.4034	0.3617	0.2770	0.2202	0.1675	0.3298	0.2841	0.3127	0.2839	0.2706	0.2165	0.1945	0.1501	0.2258	0.2116	0.1928	0.2054	0.1812	0.1644	0.1549	0.1310	
0.8023	0.7959	0.7883	0.7923	0.7689	0.7364	0.4375	0.1958	0.7868	0.7784	0.7736	0.7875	0.7540	0.7444	0.6996	0.3277	0.7381	0.7502	0.7461	0.7532	0.7421	0.7084	0.5152	0.3226	0.7251	0.7283	0.7216	0.7265	0.7056	0.6393	0.4470	0.2479	0.6848	0.6486	0.6531	0.5916	0.5704	0.4742	0.3651	0.2021	0.4460	0.4621	0.4094	0.4233	0.3810	0.2937	0.2268	0.1708	0.3430	0.2982	0.3259	0.2960	0.2787	0.2269	0.2025	0.1531	0.2323	0.2212	0.1978	0.2151	0.1878	0.1725	0.1587	0.1311	
0.8067	0.7985	0.7868	0.7966	0.7693	0.7355	0.4601	0.1996	0.7896	0.7820	0.7769	0.7885	0.7563	0.7415	0.7055	0.3425	0.7442	0.7529	0.7505	0.7581	0.7449	0.7106	0.5383	0.3377	0.7254	0.7283	0.7282	0.7344	0.7118	0.6576	0.4656	0.2620	0.6950	0.6641	0.6675	0.6163	0.5905	0.4926	0.3780	0.2055	0.4686	0.4821	0.4241	0.4475	0.3919	0.3065	0.2345	0.1788	0.3640	0.3157	0.3449	0.3075	0.2930	0.2355	0.2055	0.1503	0.2422	0.2257	0.2061	0.2212	0.1929	0.1747	0.1613	0.1310	
0.8014	0.7981	0.7898	0.7966	0.7708	0.7412	0.4734	0.2076	0.7907	0.7860	0.7769	0.7887	0.7536	0.7445	0.7080	0.3618	0.7398	0.7518	0.7481	0.7604	0.7467	0.7156	0.5575	0.3530	0.7240	0.7321	0.7252	0.7342	0.7150	0.6759	0.4790	0.2735	0.6895	0.6776	0.6809	0.6276	0.6118	0.5060	0.3961	0.2125	0.4842	0.4990	0.4396	0.4557	0.4126	0.3218	0.2411	0.1822	0.3760	0.3287	0.3515	0.3223	0.3005	0.2453	0.2116	0.1592	0.2476	0.2345	0.2130	0.2300	0.1983	0.1798	0.1655	0.1349	
0.8112	0.8045	0.7928	0.8010	0.7742	0.7427	0.4928	0.2127	0.7987	0.7891	0.7836	0.7917	0.7601	0.7468	0.7122	0.3793	0.7498	0.7547	0.7521	0.7589	0.7497	0.7233	0.5778	0.3662	0.7300	0.7353	0.7293	0.7405	0.7199	0.6859	0.4979	0.2832	0.6984	0.6904	0.6913	0.6436	0.6278	0.5231	0.4125	0.2220	0.5047	0.5219	0.4598	0.4759	0.4277	0.3337	0.2515	0.1867	0.4001	0.3463	0.3717	0.3381	0.3145	0.2526	0.2210	0.1609	0.2647	0.2441	0.2214	0.2390	0.2062	0.1783	0.1686	0.1375	
