0.0878	0.1021	0.0885	0.0905	0.0936	0.1001	0.1084	0.1157	0.0905	0.0948	0.0886	0.0929	0.0908	0.1046	0.1089	0.1138	0.0894	0.0963	0.0892	0.0913	0.0929	0.1015	0.1080	0.1244	0.0890	0.1031	0.0893	0.0932	0.0946	0.1010	0.1046	0.1102	0.0983	0.0988	0.0899	0.0914	0.0935	0.1066	0.1024	0.1136	0.0899	0.0999	0.0890	0.0935	0.0933	0.1004	0.1060	0.1108	0.0895	0.1089	0.0897	0.0915	0.0932	0.0991	0.1041	0.1136	0.0908	0.1144	0.0896	0.0918	0.0952	0.1010	0.1092	0.1107	
0.0881	0.0877	0.0865	0.0872	0.0873	0.0926	0.0992	0.1122	0.0884	0.0880	0.0874	0.0878	0.0876	0.0954	0.1043	0.1126	0.0881	0.0879	0.0874	0.0878	0.0883	0.0948	0.0994	0.1194	0.0871	0.0874	0.0870	0.0881	0.0887	0.0955	0.0987	0.1052	0.0937	0.0872	0.0878	0.0881	0.0884	0.0948	0.0986	0.1103	0.0881	0.0875	0.0873	0.0887	0.0893	0.0963	0.1037	0.1066	0.0879	0.0880	0.0874	0.0877	0.0885	0.0927	0.1002	0.1149	0.0885	0.0883	0.0872	0.0877	0.0878	0.0974	0.1049	0.1145	
0.0886	0.0877	0.0875	0.0878	0.0879	0.0934	0.0992	0.1149	0.0890	0.0887	0.0876	0.0880	0.0882	0.0957	0.1028	0.1136	0.0889	0.0883	0.0881	0.0884	0.0887	0.0949	0.1013	0.1211	0.0874	0.0883	0.0879	0.0879	0.0894	0.0977	0.1000	0.1093	0.0939	0.0872	0.0882	0.0884	0.0886	0.0947	0.0992	0.1104	0.0882	0.0878	0.0879	0.0888	0.0892	0.0964	0.1061	0.1083	0.0883	0.0882	0.0881	0.0873	0.0884	0.0926	0.1012	0.1166	0.0884	0.0885	0.0879	0.0881	0.0877	0.0947	0.1053	0.1152	
0.0888	0.0880	0.0876	0.0880	0.0878	0.0931	0.1012	0.1128	0.0890	0.0883	0.0883	0.0886	0.0882	0.0959	0.1024	0.1145	0.0888	0.0884	0.0885	0.0879	0.0886	0.0951	0.1013	0.1206	0.0878	0.0881	0.0886	0.0890	0.0896	0.0970	0.1017	0.1064	0.0940	0.0876	0.0884	0.0888	0.0889	0.0948	0.0987	0.1108	0.0885	0.0877	0.0880	0.0890	0.0893	0.0973	0.1052	0.1086	0.0887	0.0884	0.0885	0.0881	0.0889	0.0927	0.1021	0.1178	0.0889	0.0885	0.0881	0.0882	0.0889	0.0945	0.1060	0.1161	
0.0888	0.0885	0.0875	0.0880	0.0879	0.0935	0.1004	0.1122	0.0895	0.0881	0.0884	0.0887	0.0884	0.0957	0.1027	0.1133	0.0887	0.0890	0.0882	0.0881	0.0886	0.0959	0.1012	0.1204	0.0883	0.0884	0.0879	0.0887	0.0892	0.0962	0.1010	0.1070	0.0949	0.0877	0.0885	0.0887	0.0893	0.0950	0.0992	0.1097	0.0889	0.0880	0.0882	0.0889	0.0892	0.0977	0.1057	0.1081	0.0889	0.0888	0.0887	0.0881	0.0888	0.0931	0.1019	0.1163	0.0889	0.0890	0.0885	0.0882	0.0890	0.0943	0.1050	0.1146	
0.0890	0.0881	0.0880	0.0881	0.0881	0.0935	0.1000	0.1128	0.0891	0.0881	0.0883	0.0883	0.0886	0.1000	0.1033	0.1128	0.0889	0.0885	0.0886	0.0882	0.0893	0.0948	0.0998	0.1196	0.0882	0.0884	0.0884	0.0893	0.0901	0.0961	0.1006	0.1068	0.0947	0.0880	0.0885	0.0887	0.0893	0.0949	0.0988	0.1092	0.0892	0.0881	0.0879	0.0895	0.0893	0.0977	0.1057	0.1095	0.0889	0.0891	0.0884	0.0885	0.0894	0.0931	0.1019	0.1180	0.0889	0.0889	0.0881	0.0887	0.0893	0.0940	0.1061	0.1145	
0.0890	0.0882	0.0876	0.0880	0.0878	0.0933	0.0992	0.1110	0.0895	0.0881	0.0887	0.0880	0.0890	0.0951	0.1029	0.1135	0.0886	0.0887	0.0883	0.0884	0.0888	0.0942	0.1002	0.1197	0.0883	0.0881	0.0879	0.0885	0.0895	0.0954	0.1006	0.1068	0.0942	0.0876	0.0882	0.0887	0.0893	0.0946	0.0991	0.1087	0.0888	0.0881	0.0882	0.0892	0.0891	0.0973	0.1046	0.1072	0.0892	0.0889	0.0883	0.0887	0.0893	0.0923	0.1009	0.1180	0.0888	0.0890	0.0881	0.0879	0.0888	0.0942	0.1052	0.1152	
0.0894	0.0880	0.0883	0.0889	0.0880	0.0928	0.0993	0.1124	0.0897	0.0887	0.0877	0.0880	0.0883	0.0957	0.1029	0.1132	0.0886	0.0887	0.0882	0.0881	0.0890	0.0942	0.1001	0.1189	0.0881	0.0883	0.0891	0.0886	0.0898	0.0949	0.0991	0.1056	0.0941	0.0878	0.0884	0.0888	0.0894	0.0944	0.0983	0.1089	0.0889	0.0881	0.0877	0.0887	0.0890	0.0970	0.1039	0.1073	0.0886	0.0887	0.0884	0.0880	0.0891	0.0960	0.1009	0.1178	0.0890	0.0889	0.0881	0.0882	0.0886	0.0933	0.1051	0.1140	
0.0896	0.0889	0.0879	0.0882	0.0878	0.0928	0.0991	0.1109	0.0895	0.0885	0.0886	0.0881	0.0886	0.0950	0.1024	0.1124	0.0889	0.0887	0.0886	0.0881	0.0891	0.0940	0.0999	0.1204	0.0883	0.0879	0.0880	0.0890	0.0897	0.0957	0.1001	0.1060	0.0950	0.0880	0.0885	0.0886	0.0894	0.0963	0.0981	0.1088	0.0890	0.0880	0.0877	0.0891	0.0897	0.0968	0.1039	0.1074	0.0889	0.0892	0.0882	0.0889	0.0896	0.0921	0.1017	0.1159	0.0888	0.0888	0.0882	0.0882	0.0885	0.0945	0.1057	0.1147	
0.0894	0.0887	0.0880	0.0883	0.0885	0.0926	0.1003	0.1121	0.0900	0.0891	0.0887	0.0885	0.0886	0.0952	0.1024	0.1125	0.0893	0.0888	0.0888	0.0890	0.0897	0.0951	0.0997	0.1185	0.0888	0.0884	0.0886	0.0887	0.0906	0.0955	0.1004	0.1061	0.0947	0.0882	0.0888	0.0890	0.0894	0.0951	0.0983	0.1081	0.0893	0.0884	0.0879	0.0894	0.0899	0.0975	0.1057	0.1078	0.0890	0.0890	0.0888	0.0885	0.0897	0.0924	0.1018	0.1153	0.0893	0.0891	0.0882	0.0885	0.0894	0.0944	0.1051	0.1133	
0.0896	0.0887	0.0883	0.0881	0.0879	0.0928	0.0979	0.1110	0.0899	0.0890	0.0887	0.0887	0.0892	0.0949	0.1020	0.1131	0.0896	0.0884	0.0887	0.0882	0.0901	0.0942	0.0994	0.1187	0.0889	0.0880	0.0883	0.0885	0.0900	0.0949	0.1001	0.1065	0.0950	0.0882	0.0885	0.0888	0.0892	0.0943	0.0986	0.1088	0.0892	0.0881	0.0881	0.0890	0.0896	0.0959	0.1042	0.1068	0.0894	0.0889	0.0890	0.0884	0.0890	0.0924	0.1008	0.1159	0.0895	0.0892	0.0890	0.0882	0.0888	0.0936	0.1048	0.1122	
0.0894	0.0887	0.0876	0.0879	0.0879	0.0925	0.0985	0.1118	0.0898	0.0890	0.0881	0.0884	0.0887	0.0942	0.1013	0.1130	0.0892	0.0887	0.0879	0.0881	0.0888	0.0937	0.0991	0.1177	0.0885	0.0882	0.0882	0.0883	0.0893	0.0941	0.0989	0.1056	0.0942	0.0878	0.0883	0.0882	0.0897	0.0944	0.0981	0.1080	0.0892	0.0883	0.0879	0.0885	0.0892	0.0956	0.1036	0.1083	0.0888	0.0885	0.0888	0.0877	0.0888	0.0920	0.1003	0.1147	0.0889	0.0888	0.0881	0.0882	0.0888	0.0935	0.1046	0.1122	
0.0896	0.0892	0.0884	0.0885	0.0879	0.0925	0.0997	0.1117	0.0904	0.0885	0.0885	0.0886	0.0893	0.0942	0.1019	0.1140	0.0891	0.0884	0.0888	0.0886	0.0893	0.0938	0.0995	0.1194	0.0888	0.0881	0.0882	0.0892	0.0900	0.0946	0.1004	0.1054	0.0945	0.0883	0.0885	0.0879	0.0895	0.0939	0.0986	0.1072	0.0895	0.0878	0.0879	0.0888	0.0898	0.0955	0.1038	0.1071	0.0894	0.0886	0.0887	0.0886	0.0888	0.0920	0.1005	0.1162	0.0889	0.0891	0.0881	0.0884	0.0895	0.0931	0.1037	0.1127	
0.0897	0.0893	0.0886	0.0892	0.0883	0.0925	0.0994	0.1109	0.0906	0.0887	0.0881	0.0887	0.0891	0.0947	0.1017	0.1117	0.0895	0.0892	0.0885	0.0885	0.0895	0.0939	0.0987	0.1195	0.0891	0.0884	0.0889	0.0889	0.0899	0.0943	0.0988	0.1055	0.0947	0.0878	0.0895	0.0884	0.0897	0.0940	0.0976	0.1082	0.0891	0.0879	0.0880	0.0891	0.0896	0.0957	0.1037	0.1076	0.0897	0.0887	0.0883	0.0881	0.0894	0.0921	0.1007	0.1156	0.0891	0.0889	0.0885	0.0881	0.0889	0.0943	0.1035	0.1122	
0.0904	0.0897	0.0881	0.0890	0.0883	0.0925	0.0981	0.1109	0.0906	0.0892	0.0888	0.0885	0.0891	0.0941	0.1001	0.1135	0.0896	0.0892	0.0886	0.0884	0.0894	0.0940	0.0989	0.1187	0.0890	0.0886	0.0884	0.0885	0.0901	0.0943	0.0992	0.1058	0.0952	0.0884	0.0889	0.0886	0.0895	0.0940	0.0978	0.1072	0.0898	0.0879	0.0880	0.0890	0.0891	0.0964	0.1042	0.1069	0.0890	0.0887	0.0885	0.0880	0.0893	0.0921	0.1004	0.1147	0.0893	0.0889	0.0887	0.0882	0.0890	0.0934	0.1034	0.1111	
0.0903	0.0899	0.0889	0.0890	0.0884	0.0927	0.0991	0.1110	0.0908	0.0894	0.0888	0.0894	0.0895	0.0943	0.1008	0.1142	0.0900	0.0890	0.0888	0.0885	0.0898	0.0934	0.0984	0.1173	0.0890	0.0885	0.0885	0.0886	0.0904	0.0942	0.0990	0.1050	0.0951	0.0883	0.0886	0.0887	0.0897	0.0941	0.0976	0.1084	0.0896	0.0880	0.0884	0.0894	0.0888	0.0959	0.1032	0.1062	0.0890	0.0889	0.0887	0.0879	0.0893	0.0968	0.1005	0.1142	0.0891	0.0892	0.0884	0.0886	0.0891	0.0937	0.1032	0.1106	
0.0904	0.0901	0.0887	0.0893	0.0887	0.0921	0.0986	0.1106	0.0910	0.0895	0.0895	0.0890	0.0894	0.0943	0.1011	0.1134	0.0900	0.0892	0.0893	0.0885	0.0895	0.0929	0.0988	0.1173	0.0893	0.0886	0.0878	0.0888	0.0898	0.0933	0.0989	0.1056	0.0952	0.0884	0.0885	0.0884	0.0890	0.0942	0.0983	0.1083	0.0898	0.0879	0.0880	0.0890	0.0893	0.0954	0.1031	0.1063	0.0894	0.0889	0.0885	0.0879	0.0890	0.0925	0.1004	0.1135	0.0894	0.0889	0.0882	0.0883	0.0886	0.0933	0.1033	0.1107	
0.0910	0.0902	0.0894	0.0897	0.0887	0.0933	0.0996	0.1110	0.0915	0.0901	0.0893	0.0894	0.0896	0.0947	0.1006	0.1120	0.0905	0.0897	0.0886	0.0886	0.0902	0.0944	0.0987	0.1184	0.0899	0.0890	0.0888	0.0899	0.0900	0.0936	0.0989	0.1050	0.0958	0.0889	0.0894	0.0889	0.0893	0.0947	0.0981	0.1077	0.0900	0.0885	0.0883	0.0892	0.0895	0.0960	0.1037	0.1061	0.0901	0.0890	0.0887	0.0889	0.0894	0.0933	0.1010	0.1137	0.0895	0.0893	0.0889	0.0887	0.0894	0.0941	0.1035	0.1106	
0.0913	0.0906	0.0892	0.0914	0.0895	0.0931	0.0993	0.1113	0.0919	0.0901	0.0896	0.0891	0.0906	0.0944	0.1008	0.1122	0.0904	0.0892	0.0891	0.0889	0.0896	0.0942	0.0989	0.1173	0.0900	0.0891	0.0891	0.0897	0.0902	0.0937	0.0989	0.1052	0.0960	0.0887	0.0889	0.0886	0.0895	0.0938	0.0979	0.1067	0.0900	0.0886	0.0885	0.0898	0.0895	0.0957	0.1030	0.1060	0.0900	0.0894	0.0890	0.0890	0.0891	0.0967	0.1003	0.1130	0.0899	0.0895	0.0888	0.0882	0.0894	0.0940	0.1034	0.1114	
0.0919	0.0930	0.0917	0.0917	0.0909	0.0947	0.1010	0.1126	0.0921	0.0920	0.0914	0.0913	0.0918	0.0957	0.1029	0.1146	0.0905	0.0915	0.0912	0.0902	0.0911	0.0955	0.1005	0.1189	0.0902	0.0907	0.0907	0.0910	0.0914	0.0952	0.1003	0.1058	0.0961	0.0904	0.0906	0.0900	0.0906	0.0956	0.0989	0.1095	0.0904	0.0906	0.0896	0.0907	0.0909	0.0969	0.1044	0.1065	0.0900	0.0908	0.0908	0.0903	0.0906	0.0941	0.1014	0.1143	0.0896	0.0913	0.0905	0.0901	0.0905	0.0954	0.1052	0.1117	
0.0928	0.0922	0.0907	0.0909	0.0900	0.0937	0.1002	0.1104	0.0923	0.0912	0.0904	0.0904	0.0906	0.0955	0.1005	0.1133	0.0914	0.0899	0.0898	0.0895	0.0903	0.0942	0.0983	0.1171	0.0912	0.0896	0.0903	0.0897	0.0902	0.0941	0.0987	0.1047	0.0967	0.0889	0.0892	0.0891	0.0898	0.0943	0.0975	0.1074	0.0910	0.0892	0.0889	0.0899	0.0890	0.0958	0.1029	0.1064	0.0905	0.0895	0.0890	0.0894	0.0894	0.0942	0.1002	0.1130	0.0902	0.0895	0.0888	0.0893	0.0894	0.0948	0.1046	0.1106	
0.0930	0.0912	0.0893	0.0907	0.0896	0.0927	0.0993	0.1114	0.0935	0.0899	0.0900	0.0897	0.0904	0.0934	0.1003	0.1136	0.0915	0.0889	0.0890	0.0879	0.0900	0.0931	0.0984	0.1171	0.0904	0.0881	0.0883	0.0888	0.0901	0.0924	0.0977	0.1046	0.0957	0.0880	0.0893	0.0883	0.0892	0.0941	0.0969	0.1074	0.0904	0.0885	0.0879	0.0890	0.0882	0.0948	0.1022	0.1063	0.0896	0.0892	0.0883	0.0886	0.0876	0.0917	0.0999	0.1118	0.0894	0.0885	0.0887	0.0883	0.0882	0.0940	0.1026	0.1093	
0.0932	0.0920	0.0916	0.0906	0.0902	0.0937	0.0991	0.1105	0.0930	0.0900	0.0893	0.0892	0.0905	0.0944	0.1001	0.1126	0.0915	0.0895	0.0885	0.0882	0.0898	0.0925	0.0977	0.1161	0.0904	0.0891	0.0882	0.0894	0.0901	0.0928	0.0977	0.1041	0.0964	0.0888	0.0888	0.0884	0.0900	0.0930	0.0965	0.1072	0.0905	0.0884	0.0877	0.0891	0.0891	0.0939	0.1011	0.1051	0.0904	0.0887	0.0888	0.0884	0.0895	0.0922	0.0984	0.1116	0.0894	0.0892	0.0883	0.0888	0.0895	0.0938	0.1024	0.1092	
0.0936	0.0931	0.0918	0.0918	0.0898	0.0939	0.1008	0.1120	0.0944	0.0910	0.0909	0.0904	0.0902	0.0943	0.1010	0.1128	0.0924	0.0900	0.0893	0.0887	0.0901	0.0942	0.0985	0.1168	0.0913	0.0890	0.0892	0.0897	0.0904	0.0937	0.0985	0.1032	0.0979	0.0890	0.0890	0.0889	0.0893	0.0935	0.0971	0.1077	0.0912	0.0887	0.0890	0.0893	0.0890	0.0960	0.1034	0.1051	0.0908	0.0890	0.0893	0.0888	0.0891	0.0926	0.1002	0.1119	0.0908	0.0896	0.0887	0.0881	0.0890	0.0944	0.1029	0.1108	
0.0947	0.0940	0.0918	0.0923	0.0913	0.0944	0.1003	0.1117	0.0948	0.0910	0.0902	0.0905	0.0903	0.0943	0.1006	0.1134	0.0928	0.0903	0.0897	0.0900	0.0899	0.0936	0.0987	0.1168	0.0920	0.0898	0.0890	0.0891	0.0901	0.0931	0.0982	0.1043	0.0975	0.0897	0.0894	0.0888	0.0895	0.0945	0.0968	0.1073	0.0915	0.0891	0.0889	0.0899	0.0896	0.0949	0.1020	0.1058	0.0913	0.0897	0.0890	0.0884	0.0893	0.0928	0.1003	0.1115	0.0904	0.0894	0.0888	0.0890	0.0891	0.0951	0.1030	0.1101	
0.0950	0.0941	0.0924	0.0925	0.0912	0.0946	0.1007	0.1112	0.0956	0.0916	0.0905	0.0912	0.0906	0.0944	0.1003	0.1126	0.0935	0.0900	0.0898	0.0893	0.0904	0.0939	0.0982	0.1177	0.0924	0.0893	0.0888	0.0896	0.0903	0.0930	0.0981	0.1039	0.0978	0.0891	0.0894	0.0885	0.0890	0.0937	0.0965	0.1070	0.0917	0.0885	0.0883	0.0893	0.0896	0.0963	0.1017	0.1051	0.0909	0.0893	0.0890	0.0888	0.0895	0.0927	0.0996	0.1115	0.0904	0.0900	0.0884	0.0892	0.0894	0.0941	0.1026	0.1093	
0.0959	0.0956	0.0931	0.0929	0.0914	0.0944	0.1002	0.1113	0.0967	0.0920	0.0906	0.0908	0.0904	0.0943	0.0999	0.1129	0.0940	0.0908	0.0903	0.0893	0.0902	0.0943	0.0985	0.1167	0.0932	0.0898	0.0888	0.0899	0.0901	0.0929	0.0982	0.1041	0.0982	0.0893	0.0889	0.0891	0.0892	0.0933	0.0969	0.1060	0.0919	0.0891	0.0886	0.0892	0.0891	0.0951	0.1024	0.1054	0.0914	0.0894	0.0891	0.0887	0.0891	0.0923	0.1006	0.1111	0.0907	0.0901	0.0891	0.0888	0.0888	0.0937	0.1027	0.1098	
0.0978	0.0957	0.0934	0.0938	0.0910	0.0947	0.1001	0.1116	0.0968	0.0930	0.0911	0.0905	0.0911	0.0941	0.1004	0.1121	0.0942	0.0910	0.0894	0.0899	0.0904	0.0937	0.0980	0.1168	0.0935	0.0900	0.0891	0.0900	0.0897	0.0929	0.0980	0.1044	0.0984	0.0891	0.0892	0.0890	0.0899	0.0930	0.0964	0.1062	0.0923	0.0892	0.0886	0.0897	0.0898	0.0947	0.1017	0.1053	0.0919	0.0895	0.0888	0.0882	0.0894	0.0924	0.0997	0.1115	0.0908	0.0901	0.0884	0.0886	0.0891	0.0933	0.1029	0.1104	
0.0987	0.0970	0.0947	0.0948	0.0919	0.0954	0.1009	0.1119	0.0986	0.0935	0.0916	0.0913	0.0911	0.0949	0.0997	0.1128	0.0954	0.0914	0.0901	0.0896	0.0903	0.0942	0.0983	0.1164	0.0943	0.0899	0.0892	0.0897	0.0900	0.0928	0.0984	0.1044	0.0995	0.0893	0.0896	0.0892	0.0894	0.0934	0.0969	0.1067	0.0925	0.0894	0.0885	0.0897	0.0901	0.0955	0.1016	0.1052	0.0920	0.0897	0.0892	0.0889	0.0894	0.0930	0.1011	0.1119	0.0913	0.0899	0.0892	0.0888	0.0898	0.0947	0.1034	0.1102	
0.1007	0.0985	0.0956	0.0954	0.0927	0.0960	0.1015	0.1117	0.0996	0.0935	0.0919	0.0920	0.0913	0.0948	0.1012	0.1128	0.0965	0.0913	0.0903	0.0898	0.0908	0.0943	0.0987	0.1171	0.0949	0.0902	0.0896	0.0895	0.0897	0.0932	0.0986	0.1050	0.1002	0.0896	0.0901	0.0891	0.0898	0.0936	0.0966	0.1070	0.0934	0.0894	0.0893	0.0892	0.0901	0.0955	0.1019	0.1055	0.0925	0.0896	0.0899	0.0889	0.0897	0.0926	0.1004	0.1120	0.0920	0.0901	0.0896	0.0889	0.0893	0.0953	0.1026	0.1109	
0.1013	0.0994	0.0957	0.0960	0.0934	0.0959	0.1015	0.1132	0.1008	0.0942	0.0918	0.0919	0.0918	0.0949	0.1005	0.1127	0.0970	0.0914	0.0905	0.0897	0.0905	0.0941	0.0987	0.1164	0.0954	0.0901	0.0894	0.0896	0.0902	0.0926	0.0984	0.1046	0.1003	0.0893	0.0893	0.0890	0.0896	0.0933	0.0970	0.1063	0.0935	0.0892	0.0887	0.0894	0.0892	0.0946	0.1016	0.1046	0.0929	0.0893	0.0891	0.0890	0.0890	0.0926	0.1000	0.1120	0.0918	0.0902	0.0894	0.0895	0.0894	0.0941	0.1026	0.1103	
0.1023	0.0999	0.0972	0.0964	0.0929	0.0962	0.1008	0.1132	0.1020	0.0948	0.0921	0.0921	0.0920	0.0954	0.1008	0.1119	0.0976	0.0918	0.0904	0.0899	0.0909	0.0943	0.0990	0.1169	0.0958	0.0901	0.0900	0.0894	0.0905	0.0931	0.0977	0.1049	0.1010	0.0901	0.0896	0.0893	0.0895	0.0935	0.0963	0.1065	0.0939	0.0895	0.0892	0.0894	0.0896	0.0949	0.1012	0.1048	0.0930	0.0894	0.0895	0.0889	0.0895	0.0925	0.1006	0.1121	0.0919	0.0899	0.0893	0.0886	0.0898	0.0941	0.1026	0.1095	
0.1045	0.1018	0.0976	0.0975	0.0944	0.0975	0.1031	0.1126	0.1034	0.0959	0.0925	0.0927	0.0921	0.0956	0.1012	0.1132	0.0991	0.0921	0.0912	0.0903	0.0906	0.0942	0.0984	0.1166	0.0973	0.0904	0.0896	0.0895	0.0905	0.0933	0.0980	0.1045	0.1019	0.0900	0.0899	0.0896	0.0898	0.0938	0.0965	0.1063	0.0946	0.0898	0.0890	0.0899	0.0894	0.0951	0.1013	0.1042	0.0936	0.0899	0.0898	0.0891	0.0901	0.0925	0.1029	0.1116	0.0924	0.0905	0.0895	0.0891	0.0895	0.0943	0.1031	0.1103	
0.1068	0.1032	0.0994	0.0992	0.0953	0.0969	0.1031	0.1153	0.1051	0.0960	0.0930	0.0930	0.0921	0.0954	0.1010	0.1124	0.1003	0.0927	0.0908	0.0904	0.0907	0.0940	0.0981	0.1161	0.0986	0.0907	0.0902	0.0898	0.0903	0.0929	0.0984	0.1043	0.1022	0.0902	0.0903	0.0894	0.0902	0.0938	0.0969	0.1062	0.0951	0.0901	0.0889	0.0898	0.0899	0.0948	0.1013	0.1051	0.0943	0.0901	0.0898	0.0892	0.0902	0.0927	0.1000	0.1124	0.0930	0.0906	0.0899	0.0892	0.0895	0.0943	0.1025	0.1099	
0.1086	0.1052	0.1002	0.1000	0.0961	0.0978	0.1035	0.1138	0.1066	0.0972	0.0935	0.0936	0.0923	0.0955	0.1008	0.1130	0.1016	0.0926	0.0912	0.0904	0.0907	0.0939	0.0984	0.1164	0.0992	0.0910	0.0900	0.0903	0.0905	0.0930	0.0984	0.1042	0.1029	0.0904	0.0899	0.0894	0.0901	0.0940	0.0963	0.1063	0.0955	0.0899	0.0894	0.0899	0.0896	0.0949	0.1009	0.1041	0.0944	0.0901	0.0897	0.0893	0.0902	0.0935	0.1013	0.1117	0.0933	0.0903	0.0896	0.0892	0.0893	0.0943	0.1031	0.1099	
0.1110	0.1066	0.1007	0.0999	0.0963	0.0970	0.1021	0.1120	0.1088	0.0975	0.0959	0.0922	0.0914	0.0947	0.0993	0.1120	0.1029	0.0928	0.0905	0.0889	0.0897	0.0928	0.0971	0.1155	0.1000	0.0905	0.0891	0.0889	0.0893	0.0918	0.0979	0.1040	0.1034	0.0900	0.0889	0.0879	0.0884	0.0924	0.0957	0.1046	0.0961	0.0894	0.0882	0.0882	0.0884	0.0929	0.0995	0.1025	0.0948	0.0894	0.0886	0.0883	0.0886	0.0911	0.0988	0.1106	0.0935	0.0902	0.0885	0.0876	0.0886	0.0925	0.1017	0.1080	
0.1131	0.1085	0.1031	0.1027	0.0968	0.0998	0.1037	0.1143	0.1109	0.0987	0.0948	0.0947	0.0927	0.0963	0.1018	0.1138	0.1045	0.0935	0.0914	0.0904	0.0912	0.0941	0.0987	0.1168	0.1012	0.0909	0.0907	0.0911	0.0906	0.0939	0.0981	0.1049	0.1045	0.0907	0.0902	0.0896	0.0905	0.0936	0.0967	0.1056	0.0972	0.0901	0.0890	0.0900	0.0896	0.0941	0.1012	0.1041	0.0955	0.0901	0.0898	0.0893	0.0903	0.0927	0.1013	0.1118	0.0939	0.0913	0.0893	0.0894	0.0904	0.0949	0.1037	0.1100	
0.1171	0.1100	0.1034	0.1037	0.0976	0.0988	0.1063	0.1136	0.1140	0.0991	0.0941	0.0941	0.0928	0.0957	0.1030	0.1123	0.1057	0.0932	0.0915	0.0906	0.0900	0.0932	0.1001	0.1165	0.1024	0.0907	0.0898	0.0903	0.0903	0.0924	0.0998	0.1037	0.1057	0.0902	0.0896	0.0891	0.0899	0.0933	0.0961	0.1052	0.0976	0.0901	0.0887	0.0895	0.0914	0.0939	0.1015	0.1036	0.0956	0.0898	0.0891	0.0891	0.0917	0.0923	0.1007	0.1112	0.0947	0.0902	0.0892	0.0892	0.0917	0.0936	0.1020	0.1097	
0.1218	0.1133	0.1054	0.1059	0.1003	0.1015	0.1041	0.1152	0.1170	0.1006	0.0955	0.0948	0.0939	0.0958	0.1011	0.1134	0.1092	0.0940	0.0921	0.0905	0.0912	0.0938	0.0985	0.1168	0.1041	0.0912	0.0904	0.0903	0.0909	0.0931	0.0977	0.1043	0.1078	0.0909	0.0901	0.0901	0.0901	0.0942	0.0961	0.1057	0.0993	0.0904	0.0893	0.0899	0.0895	0.0944	0.1001	0.1038	0.0967	0.0903	0.0899	0.0891	0.0899	0.0930	0.1027	0.1113	0.0948	0.0903	0.0898	0.0895	0.0895	0.0942	0.1027	0.1092	
0.1245	0.1164	0.1073	0.1073	0.1009	0.1014	0.1047	0.1150	0.1202	0.1011	0.0952	0.0954	0.0947	0.0966	0.1010	0.1134	0.1099	0.0942	0.0922	0.0912	0.0914	0.0941	0.0990	0.1169	0.1057	0.0913	0.0902	0.0909	0.0903	0.0933	0.0975	0.1039	0.1075	0.0911	0.0902	0.0895	0.0903	0.0940	0.0961	0.1051	0.0993	0.0905	0.0894	0.0898	0.0898	0.0942	0.1005	0.1039	0.0973	0.0907	0.0899	0.0891	0.0902	0.0925	0.1030	0.1112	0.0960	0.0911	0.0895	0.0892	0.0899	0.0944	0.1021	0.1089	
0.1277	0.1192	0.1094	0.1087	0.1032	0.1025	0.1067	0.1159	0.1235	0.1025	0.0958	0.0951	0.0942	0.0968	0.1018	0.1134	0.1123	0.0947	0.0925	0.0909	0.0912	0.0945	0.0981	0.1163	0.1065	0.0916	0.0906	0.0907	0.0910	0.0935	0.0978	0.1042	0.1094	0.0910	0.0904	0.0897	0.0903	0.0938	0.0953	0.1051	0.1003	0.0905	0.0894	0.0903	0.0899	0.0937	0.1003	0.1032	0.0976	0.0910	0.0898	0.0896	0.0900	0.0927	0.1012	0.1109	0.0965	0.0912	0.0896	0.0892	0.0898	0.0943	0.1028	0.1091	
0.1325	0.1225	0.1117	0.1120	0.1032	0.1036	0.1060	0.1168	0.1273	0.1031	0.0965	0.0969	0.0950	0.0969	0.1015	0.1136	0.1157	0.0950	0.0921	0.0914	0.0917	0.0944	0.0987	0.1161	0.1091	0.0914	0.0907	0.0922	0.0911	0.0935	0.0976	0.1040	0.1100	0.0915	0.0908	0.0905	0.0894	0.0952	0.0955	0.1053	0.1010	0.0904	0.0894	0.0906	0.0911	0.0947	0.0997	0.1042	0.0986	0.0903	0.0901	0.0897	0.0904	0.0931	0.1014	0.1118	0.0967	0.0907	0.0896	0.0913	0.0901	0.0944	0.1026	0.1092	
0.1388	0.1251	0.1146	0.1126	0.1049	0.1054	0.1069	0.1176	0.1329	0.1045	0.0970	0.0963	0.0946	0.0972	0.1019	0.1143	0.1178	0.0955	0.0926	0.0909	0.0910	0.0941	0.0991	0.1160	0.1113	0.0916	0.0908	0.0905	0.0904	0.0926	0.0973	0.1038	0.1117	0.0912	0.0906	0.0894	0.0902	0.0939	0.0951	0.1052	0.1019	0.0902	0.0888	0.0897	0.0897	0.0935	0.0993	0.1030	0.0991	0.0904	0.0896	0.0890	0.0903	0.0920	0.1017	0.1111	0.0967	0.0912	0.0893	0.0890	0.0898	0.0936	0.1022	0.1088	
0.1463	0.1302	0.1168	0.1159	0.1064	0.1066	0.1076	0.1172	0.1385	0.1063	0.0981	0.0973	0.0957	0.0974	0.1019	0.1144	0.1216	0.0965	0.0935	0.0915	0.0917	0.0937	0.0991	0.1160	0.1136	0.0928	0.0911	0.0908	0.0917	0.0938	0.0975	0.1039	0.1137	0.0915	0.0905	0.0902	0.0904	0.0944	0.0952	0.1043	0.1035	0.0911	0.0895	0.0903	0.0901	0.0946	0.1003	0.1037	0.1009	0.0906	0.0902	0.0897	0.0907	0.0930	0.1000	0.1107	0.0973	0.0908	0.0894	0.0891	0.0898	0.0939	0.1021	0.1083	
0.1526	0.1345	0.1196	0.1185	0.1078	0.1068	0.1081	0.1176	0.1436	0.1079	0.0985	0.0980	0.0953	0.0974	0.1024	0.1151	0.1248	0.0963	0.0933	0.0921	0.0908	0.0933	0.0983	0.1152	0.1154	0.0917	0.0909	0.0908	0.0905	0.0930	0.0966	0.1035	0.1148	0.0917	0.0906	0.0899	0.0896	0.0941	0.0944	0.1041	0.1041	0.0911	0.0890	0.0897	0.0897	0.0933	0.1002	0.1025	0.1010	0.0909	0.0903	0.0888	0.0903	0.0924	0.1006	0.1098	0.0981	0.0906	0.0899	0.0895	0.0900	0.0935	0.1011	0.1080	
0.1601	0.1398	0.1224	0.1205	0.1107	0.1091	0.1102	0.1194	0.1491	0.1103	0.0992	0.0983	0.0964	0.0979	0.1024	0.1140	0.1289	0.0974	0.0932	0.0919	0.0916	0.0940	0.0982	0.1162	0.1173	0.0929	0.0907	0.0911	0.0913	0.0935	0.0966	0.1033	0.1176	0.0912	0.0906	0.0899	0.0899	0.0943	0.0947	0.1047	0.1049	0.0908	0.0896	0.0899	0.0901	0.0930	0.0992	0.1030	0.1013	0.0909	0.0895	0.0894	0.0894	0.0929	0.1013	0.1099	0.0992	0.0907	0.0897	0.0889	0.0895	0.0938	0.1018	0.1080	
0.1710	0.1451	0.1267	0.1244	0.1136	0.1108	0.1112	0.1206	0.1577	0.1114	0.0996	0.0995	0.0969	0.0991	0.1037	0.1156	0.1332	0.0978	0.0942	0.0928	0.0919	0.0940	0.0994	0.1165	0.1214	0.0933	0.0910	0.0909	0.0909	0.0937	0.0966	0.1040	0.1190	0.0920	0.0909	0.0901	0.0909	0.0946	0.0945	0.1051	0.1071	0.0913	0.0902	0.0905	0.0900	0.0931	0.1002	0.1042	0.1025	0.0914	0.0903	0.0903	0.0899	0.0927	0.1008	0.1109	0.1004	0.0918	0.0895	0.0898	0.0898	0.0939	0.1019	0.1083	
0.1786	0.1518	0.1302	0.1287	0.1148	0.1115	0.1111	0.1202	0.1648	0.1128	0.1002	0.0993	0.0967	0.0985	0.1036	0.1151	0.1376	0.0982	0.0937	0.0925	0.0911	0.0937	0.0990	0.1159	0.1239	0.0929	0.0911	0.0906	0.0909	0.0936	0.0962	0.1044	0.1214	0.0919	0.0910	0.0903	0.0903	0.0940	0.0940	0.1037	0.1082	0.0905	0.0893	0.0906	0.0893	0.0936	0.0992	0.1029	0.1037	0.0906	0.0903	0.0898	0.0895	0.0925	0.1015	0.1106	0.1004	0.0907	0.0897	0.0895	0.0891	0.0938	0.1019	0.1076	
0.1915	0.1589	0.1353	0.1322	0.1188	0.1133	0.1121	0.1209	0.1745	0.1144	0.1015	0.1005	0.0974	0.0986	0.1032	0.1157	0.1436	0.0992	0.0938	0.0924	0.0918	0.0944	0.0985	0.1158	0.1271	0.0935	0.0913	0.0911	0.0907	0.0936	0.0957	0.1037	0.1240	0.0923	0.0911	0.0902	0.0895	0.0940	0.0940	0.1046	0.1101	0.0914	0.0900	0.0900	0.0901	0.0938	0.0989	0.1034	0.1043	0.0912	0.0903	0.0892	0.0898	0.0920	0.1009	0.1100	0.1018	0.0909	0.0904	0.0896	0.0899	0.0932	0.1018	0.1079	
0.2042	0.1674	0.1404	0.1359	0.1217	0.1159	0.1141	0.1232	0.1840	0.1173	0.1027	0.1018	0.0979	0.0994	0.1043	0.1153	0.1508	0.0995	0.0950	0.0927	0.0925	0.0946	0.0989	0.1164	0.1325	0.0938	0.0917	0.0915	0.0914	0.0934	0.0970	0.1036	0.1273	0.0923	0.0912	0.0907	0.0906	0.0945	0.0940	0.1036	0.1119	0.0916	0.0895	0.0907	0.0898	0.0935	0.1002	0.1034	0.1065	0.0904	0.0903	0.0897	0.0899	0.0924	0.1016	0.1108	0.1027	0.0912	0.0903	0.0894	0.0899	0.0943	0.1015	0.1075	
0.2158	0.1748	0.1456	0.1419	0.1253	0.1175	0.1147	0.1247	0.1952	0.1193	0.1039	0.1024	0.0985	0.1008	0.1044	0.1156	0.1554	0.1004	0.0957	0.0931	0.0922	0.0944	0.0994	0.1164	0.1367	0.0937	0.0919	0.0917	0.0911	0.0939	0.0963	0.1042	0.1308	0.0926	0.0908	0.0908	0.0908	0.0940	0.0944	0.1039	0.1143	0.0918	0.0895	0.0906	0.0897	0.0925	0.0996	0.1033	0.1075	0.0917	0.0903	0.0894	0.0905	0.0924	0.1009	0.1103	0.1033	0.0911	0.0904	0.0893	0.0899	0.0935	0.1015	0.1079	
0.2325	0.1855	0.1502	0.1471	0.1299	0.1206	0.1164	0.1256	0.2084	0.1227	0.1051	0.1031	0.0992	0.1005	0.1042	0.1165	0.1643	0.1010	0.0955	0.0937	0.0927	0.0952	0.0988	0.1161	0.1416	0.0941	0.0919	0.0921	0.0915	0.0932	0.0960	0.1036	0.1337	0.0927	0.0909	0.0906	0.0907	0.0946	0.0936	0.1033	0.1154	0.0917	0.0900	0.0905	0.0899	0.0940	0.0994	0.1039	0.1090	0.0920	0.0907	0.0894	0.0902	0.0928	0.1010	0.1096	0.1053	0.0914	0.0897	0.0896	0.0901	0.0936	0.1017	0.1078	
0.2516	0.1976	0.1584	0.1528	0.1327	0.1232	0.1183	0.1261	0.2221	0.1252	0.1056	0.1040	0.0997	0.1007	0.1046	0.1153	0.1716	0.1018	0.0960	0.0933	0.0925	0.0946	0.0990	0.1155	0.1461	0.0949	0.0923	0.0912	0.0911	0.0931	0.0961	0.1036	0.1367	0.0928	0.0916	0.0907	0.0903	0.0942	0.0938	0.1030	0.1176	0.0914	0.0900	0.0905	0.0895	0.0928	0.0996	0.1030	0.1107	0.0914	0.0906	0.0899	0.0908	0.0922	0.1024	0.1098	0.1058	0.0916	0.0901	0.0899	0.0902	0.0935	0.1014	0.1070	
0.2710	0.2079	0.1641	0.1595	0.1371	0.1265	0.1195	0.1292	0.2378	0.1274	0.1063	0.1051	0.1004	0.1003	0.1045	0.1158	0.1814	0.1033	0.0963	0.0932	0.0928	0.0943	0.0987	0.1166	0.1528	0.0942	0.0918	0.0918	0.0914	0.0928	0.0964	0.1026	0.1415	0.0931	0.0915	0.0907	0.0909	0.0945	0.0930	0.1030	0.1206	0.0921	0.0895	0.0909	0.0900	0.0928	0.0989	0.1032	0.1127	0.0916	0.0904	0.0900	0.0901	0.0923	0.1008	0.1095	0.1074	0.0917	0.0902	0.0901	0.0901	0.0935	0.1012	0.1072	
0.2900	0.2195	0.1711	0.1664	0.1415	0.1299	0.1223	0.1304	0.2531	0.1297	0.1073	0.1055	0.1004	0.1019	0.1056	0.1174	0.1900	0.1032	0.0959	0.0935	0.0930	0.0958	0.0993	0.1169	0.1594	0.0950	0.0921	0.0917	0.0910	0.0941	0.0963	0.1041	0.1431	0.0928	0.0911	0.0909	0.0904	0.0951	0.0935	0.1034	0.1216	0.0915	0.0900	0.0902	0.0900	0.0940	0.1005	0.1033	0.1134	0.0913	0.0904	0.0901	0.0896	0.0937	0.1014	0.1104	0.1080	0.0914	0.0901	0.0896	0.0889	0.0935	0.1021	0.1076	
0.3129	0.2365	0.1827	0.1739	0.1471	0.1333	0.1243	0.1312	0.2760	0.1347	0.1100	0.1079	0.1015	0.1017	0.1055	0.1165	0.2037	0.1042	0.0971	0.0948	0.0935	0.0955	0.0992	0.1163	0.1662	0.0957	0.0929	0.0917	0.0915	0.0935	0.0959	0.1036	0.1494	0.0939	0.0918	0.0909	0.0911	0.0946	0.0931	0.1028	0.1256	0.0922	0.0902	0.0909	0.0901	0.0932	0.0993	0.1028	0.1158	0.0921	0.0908	0.0903	0.0901	0.0921	0.0995	0.1096	0.1106	0.0922	0.0902	0.0899	0.0897	0.0939	0.1011	0.1073	
0.3357	0.2521	0.1918	0.1846	0.1536	0.1372	0.1257	0.1326	0.2923	0.1389	0.1113	0.1084	0.1019	0.1028	0.1074	0.1166	0.2145	0.1053	0.0977	0.0946	0.0932	0.0946	0.0989	0.1163	0.1742	0.0962	0.0926	0.0926	0.0916	0.0934	0.0957	0.1036	0.1530	0.0945	0.0919	0.0908	0.0903	0.0946	0.0928	0.1014	0.1270	0.0926	0.0903	0.0908	0.0902	0.0929	0.0988	0.1021	0.1175	0.0921	0.0911	0.0898	0.0900	0.0924	0.0991	0.1096	0.1115	0.0918	0.0903	0.0899	0.0901	0.0938	0.1011	0.1069	
0.3680	0.2695	0.2020	0.1927	0.1604	0.1425	0.1278	0.1361	0.3158	0.1414	0.1118	0.1094	0.1036	0.1024	0.1070	0.1169	0.2289	0.1063	0.0980	0.0952	0.0937	0.0950	0.1000	0.1161	0.1832	0.0963	0.0934	0.0930	0.0915	0.0933	0.0957	0.1037	0.1603	0.0946	0.0922	0.0917	0.0904	0.0943	0.0923	0.1019	0.1316	0.0926	0.0903	0.0906	0.0903	0.0927	0.0993	0.1022	0.1205	0.0920	0.0909	0.0901	0.0903	0.0924	0.0996	0.1094	0.1132	0.0921	0.0906	0.0898	0.0901	0.0937	0.1009	0.1069	
0.3933	0.2888	0.2153	0.2032	0.1686	0.1452	0.1288	0.1379	0.3362	0.1471	0.1139	0.1109	0.1042	0.1035	0.1068	0.1178	0.2457	0.1072	0.0982	0.0949	0.0936	0.0954	0.0992	0.1162	0.1913	0.0962	0.0929	0.0922	0.0916	0.0929	0.0956	0.1024	0.1659	0.0941	0.0921	0.0916	0.0909	0.0945	0.0922	0.1016	0.1361	0.0923	0.0904	0.0908	0.0901	0.0930	0.0988	0.1011	0.1221	0.0918	0.0907	0.0897	0.0905	0.0923	0.0997	0.1093	0.1150	0.0917	0.0905	0.0901	0.0898	0.0934	0.1007	0.1064	
0.4226	0.3088	0.2282	0.2146	0.1764	0.1507	0.1333	0.1409	0.3676	0.1517	0.1159	0.1124	0.1054	0.1037	0.1078	0.1185	0.2625	0.1088	0.0994	0.0954	0.0944	0.0955	0.1001	0.1161	0.2016	0.0972	0.0938	0.0924	0.0922	0.0935	0.0958	0.1038	0.1724	0.0947	0.0924	0.0914	0.0912	0.0942	0.0928	0.1014	0.1391	0.0934	0.0902	0.0908	0.0899	0.0930	0.0990	0.1020	0.1254	0.0928	0.0910	0.0904	0.0903	0.0925	0.1005	0.1087	0.1166	0.0923	0.0906	0.0899	0.0896	0.0938	0.1012	0.1067	
0.4487	0.3330	0.2429	0.2241	0.1830	0.1557	0.1353	0.1429	0.3955	0.1558	0.1176	0.1141	0.1060	0.1047	0.1084	0.1182	0.2805	0.1098	0.0998	0.0961	0.0942	0.0955	0.0994	0.1163	0.2148	0.0975	0.0935	0.0933	0.0920	0.0939	0.0957	0.1033	0.1801	0.0950	0.0928	0.0918	0.0908	0.0950	0.0930	0.1008	0.1441	0.0938	0.0909	0.0913	0.0905	0.0922	0.0993	0.1017	0.1285	0.0931	0.0908	0.0906	0.0903	0.0923	0.0994	0.1089	0.1187	0.0925	0.0907	0.0899	0.0897	0.0937	0.1009	0.1062	
0.4786	0.3563	0.2545	0.2389	0.1933	0.1615	0.1396	0.1460	0.4223	0.1634	0.1187	0.1161	0.1070	0.1050	0.1089	0.1202	0.3019	0.1113	0.0998	0.0964	0.0942	0.0955	0.1000	0.1159	0.2277	0.0974	0.0940	0.0932	0.0920	0.0934	0.0958	0.1035	0.1890	0.0954	0.0927	0.0916	0.0907	0.0942	0.0924	0.1005	0.1499	0.0937	0.0903	0.0911	0.0901	0.0925	0.0985	0.1008	0.1313	0.0925	0.0911	0.0905	0.0901	0.0921	0.0991	0.1089	0.1218	0.0922	0.0905	0.0901	0.0897	0.0933	0.1008	0.1057	
0.5083	0.3807	0.2697	0.2526	0.2039	0.1676	0.1422	0.1469	0.4489	0.1679	0.1209	0.1168	0.1069	0.1051	0.1103	0.1193	0.3211	0.1123	0.1006	0.0964	0.0939	0.0956	0.0995	0.1163	0.2396	0.0978	0.0940	0.0932	0.0926	0.0936	0.0959	0.1039	0.1937	0.0958	0.0928	0.0916	0.0911	0.0945	0.0924	0.1001	0.1518	0.0934	0.0906	0.0911	0.0902	0.0921	0.0985	0.1005	0.1337	0.0930	0.0911	0.0898	0.0904	0.0920	0.0996	0.1081	0.1235	0.0924	0.0907	0.0900	0.0898	0.0934	0.1007	0.1056	
0.5370	0.4116	0.2951	0.2722	0.2134	0.1751	0.1479	0.1501	0.4780	0.1746	0.1235	0.1198	0.1087	0.1067	0.1102	0.1188	0.3453	0.1139	0.1011	0.0968	0.0951	0.0957	0.1002	0.1168	0.2548	0.0983	0.0939	0.0931	0.0916	0.0932	0.0959	0.1033	0.2030	0.0956	0.0929	0.0912	0.0909	0.0946	0.0924	0.0999	0.1595	0.0937	0.0907	0.0912	0.0900	0.0927	0.0985	0.1004	0.1368	0.0928	0.0909	0.0902	0.0903	0.0921	0.1008	0.1080	0.1258	0.0923	0.0905	0.0895	0.0901	0.0934	0.1004	0.1052	
0.5672	0.4395	0.3140	0.2890	0.2251	0.1812	0.1501	0.1533	0.5074	0.1825	0.1264	0.1215	0.1100	0.1074	0.1111	0.1200	0.3723	0.1155	0.1019	0.0971	0.0949	0.0959	0.1004	0.1169	0.2720	0.0985	0.0946	0.0928	0.0922	0.0936	0.0956	0.1032	0.2152	0.0960	0.0927	0.0921	0.0914	0.0945	0.0926	0.1006	0.1653	0.0939	0.0906	0.0916	0.0899	0.0923	0.0983	0.1004	0.1412	0.0929	0.0915	0.0906	0.0906	0.0923	0.0992	0.1086	0.1286	0.0923	0.0907	0.0900	0.0900	0.0933	0.1003	0.1052	
0.5962	0.4699	0.3345	0.3067	0.2388	0.1902	0.1560	0.1571	0.5387	0.1911	0.1273	0.1241	0.1106	0.1074	0.1108	0.1207	0.3946	0.1176	0.1028	0.0983	0.0953	0.0956	0.1002	0.1175	0.2879	0.0997	0.0946	0.0941	0.0923	0.0934	0.0957	0.1026	0.2267	0.0966	0.0932	0.0916	0.0912	0.0939	0.0919	0.0996	0.1717	0.0939	0.0915	0.0912	0.0896	0.0930	0.0984	0.1006	0.1445	0.0932	0.0911	0.0904	0.0897	0.0926	0.0993	0.1077	0.1312	0.0926	0.0915	0.0900	0.0900	0.0930	0.1002	0.1056	
0.6203	0.4999	0.3601	0.3261	0.2521	0.1996	0.1588	0.1608	0.5640	0.1993	0.1314	0.1256	0.1113	0.1089	0.1114	0.1210	0.4227	0.1208	0.1029	0.0983	0.0953	0.0957	0.1006	0.1165	0.3067	0.0999	0.0952	0.0939	0.0921	0.0934	0.0955	0.1030	0.2387	0.0968	0.0932	0.0918	0.0911	0.0947	0.0920	0.0997	0.1774	0.0945	0.0910	0.0912	0.0902	0.0925	0.0987	0.1009	0.1497	0.0931	0.0911	0.0903	0.0905	0.0922	0.0989	0.1080	0.1342	0.0927	0.0910	0.0902	0.0900	0.0935	0.1005	0.1057	
0.6404	0.5302	0.3801	0.3452	0.2688	0.2081	0.1659	0.1660	0.5914	0.2068	0.1339	0.1280	0.1132	0.1089	0.1129	0.1216	0.4433	0.1206	0.1036	0.0987	0.0958	0.0967	0.1009	0.1185	0.3280	0.1004	0.0955	0.0940	0.0921	0.0934	0.0959	0.1034	0.2500	0.0977	0.0934	0.0917	0.0914	0.0946	0.0922	0.0995	0.1853	0.0946	0.0913	0.0911	0.0901	0.0921	0.0987	0.1007	0.1544	0.0937	0.0914	0.0908	0.0906	0.0924	0.0993	0.1088	0.1373	0.0927	0.0909	0.0898	0.0898	0.0933	0.1000	0.1052	
0.6672	0.5656	0.4089	0.3680	0.2834	0.2191	0.1685	0.1712	0.6146	0.2183	0.1374	0.1313	0.1156	0.1105	0.1137	0.1218	0.4693	0.1228	0.1049	0.0992	0.0964	0.0969	0.1014	0.1173	0.3521	0.1015	0.0957	0.0947	0.0931	0.0939	0.0957	0.1038	0.2659	0.0977	0.0936	0.0926	0.0916	0.0949	0.0928	0.0992	0.1961	0.0948	0.0913	0.0915	0.0904	0.0926	0.0983	0.1006	0.1600	0.0939	0.0915	0.0905	0.0909	0.0923	0.0989	0.1087	0.1408	0.0932	0.0910	0.0905	0.0901	0.0936	0.0999	0.1052	
0.6842	0.5998	0.4322	0.3931	0.2981	0.2325	0.1757	0.1734	0.6428	0.2303	0.1413	0.1332	0.1171	0.1114	0.1136	0.1231	0.4984	0.1249	0.1061	0.0994	0.0972	0.0970	0.1009	0.1174	0.3711	0.1018	0.0959	0.0953	0.0926	0.0937	0.0952	0.1032	0.2794	0.0986	0.0944	0.0930	0.0917	0.0943	0.0924	0.0994	0.2040	0.0959	0.0916	0.0918	0.0907	0.0926	0.0981	0.1002	0.1657	0.0928	0.0922	0.0908	0.0908	0.0921	0.0989	0.1077	0.1451	0.0933	0.0917	0.0899	0.0898	0.0940	0.0999	0.1054	
0.7010	0.6233	0.4588	0.4158	0.3152	0.2428	0.1806	0.1807	0.6687	0.2385	0.1429	0.1364	0.1176	0.1120	0.1150	0.1232	0.5275	0.1278	0.1062	0.1000	0.0967	0.0970	0.1013	0.1171	0.3940	0.1014	0.0958	0.0946	0.0926	0.0942	0.0955	0.1031	0.2948	0.0984	0.0941	0.0918	0.0913	0.0944	0.0925	0.0994	0.2108	0.0953	0.0914	0.0912	0.0903	0.0922	0.0981	0.0996	0.1711	0.0938	0.0912	0.0913	0.0910	0.0924	0.0996	0.1078	0.1484	0.0927	0.0909	0.0904	0.0894	0.0932	0.1003	0.1048	
0.7115	0.6518	0.4808	0.4465	0.3348	0.2553	0.1862	0.1838	0.6908	0.2517	0.1461	0.1374	0.1198	0.1119	0.1146	0.1220	0.5564	0.1284	0.1071	0.1003	0.0965	0.0968	0.1006	0.1160	0.4212	0.1022	0.0949	0.0937	0.0918	0.0929	0.0939	0.1018	0.3103	0.0982	0.0930	0.0921	0.0907	0.0942	0.0909	0.0982	0.2212	0.0949	0.0900	0.0907	0.0895	0.0913	0.0977	0.0991	0.1760	0.0927	0.0912	0.0898	0.0895	0.0911	0.0979	0.1075	0.1519	0.0926	0.0902	0.0889	0.0884	0.0921	0.0991	0.1039	
0.7127	0.6789	0.5162	0.4735	0.3561	0.2697	0.1933	0.1928	0.7149	0.2658	0.1524	0.1437	0.1212	0.1141	0.1175	0.1239	0.5819	0.1333	0.1086	0.1012	0.0975	0.0972	0.1020	0.1178	0.4426	0.1039	0.0973	0.0957	0.0928	0.0934	0.0957	0.1030	0.3289	0.0997	0.0943	0.0928	0.0915	0.0950	0.0923	0.0989	0.2323	0.0961	0.0920	0.0917	0.0905	0.0924	0.0982	0.1001	0.1843	0.0942	0.0920	0.0910	0.0909	0.0923	0.0995	0.1074	0.1573	0.0935	0.0917	0.0904	0.0899	0.0935	0.0999	0.1046	
0.7192	0.7108	0.5494	0.5012	0.3764	0.2876	0.2045	0.2008	0.7286	0.2790	0.1564	0.1466	0.1245	0.1151	0.1189	0.1257	0.6039	0.1349	0.1095	0.1018	0.0979	0.0985	0.1026	0.1180	0.4660	0.1045	0.0990	0.0952	0.0938	0.0944	0.0962	0.1043	0.3501	0.0999	0.0948	0.0934	0.0916	0.0958	0.0920	0.0990	0.2445	0.0973	0.0925	0.0931	0.0907	0.0922	0.0982	0.0994	0.1920	0.0949	0.0927	0.0913	0.0920	0.0927	0.0992	0.1074	0.1618	0.0940	0.0915	0.0904	0.0908	0.0935	0.1007	0.1053	
0.7228	0.7394	0.5758	0.5313	0.3952	0.3013	0.2135	0.2071	0.7373	0.2950	0.1609	0.1488	0.1248	0.1166	0.1184	0.1264	0.6271	0.1386	0.1112	0.1030	0.0983	0.0984	0.1030	0.1179	0.4905	0.1049	0.0978	0.0964	0.0931	0.0943	0.0962	0.1039	0.3688	0.1004	0.0951	0.0931	0.0920	0.0952	0.0930	0.0992	0.2589	0.0967	0.0917	0.0917	0.0905	0.0920	0.0985	0.0997	0.2004	0.0947	0.0924	0.0904	0.0911	0.0927	0.0988	0.1081	0.1673	0.0936	0.0917	0.0908	0.0903	0.0941	0.0998	0.1049	
0.7258	0.7672	0.6052	0.5589	0.4160	0.3136	0.2205	0.2126	0.7443	0.3089	0.1658	0.1515	0.1273	0.1173	0.1202	0.1260	0.6502	0.1417	0.1116	0.1038	0.0985	0.0983	0.1035	0.1191	0.5152	0.1077	0.0985	0.0973	0.0941	0.0940	0.0959	0.1051	0.3875	0.1006	0.0959	0.0931	0.0922	0.0955	0.0932	0.0988	0.2697	0.0968	0.0928	0.0924	0.0903	0.0931	0.0985	0.1007	0.2098	0.0957	0.0921	0.0913	0.0907	0.0924	0.1001	0.1080	0.1722	0.0943	0.0917	0.0908	0.0910	0.0929	0.1001	0.1059	
0.7228	0.7882	0.6300	0.5911	0.4509	0.3369	0.2334	0.2222	0.7432	0.3262	0.1701	0.1595	0.1314	0.1190	0.1214	0.1271	0.6636	0.1451	0.1133	0.1041	0.0997	0.0995	0.1038	0.1177	0.5422	0.1071	0.0987	0.0969	0.0943	0.0936	0.0961	0.1036	0.4057	0.1016	0.0951	0.0933	0.0935	0.0954	0.0929	0.0987	0.2860	0.0973	0.0929	0.0927	0.0904	0.0931	0.0982	0.1004	0.2197	0.0958	0.0926	0.0914	0.0914	0.0927	0.0989	0.1077	0.1799	0.0938	0.0920	0.0909	0.0908	0.0940	0.1001	0.1052	
0.7350	0.8040	0.6536	0.6214	0.4667	0.3547	0.2443	0.2303	0.7551	0.3476	0.1754	0.1625	0.1323	0.1205	0.1221	0.1283	0.6875	0.1481	0.1146	0.1053	0.0990	0.0997	0.1023	0.1193	0.5685	0.1082	0.0988	0.0971	0.0940	0.0942	0.0966	0.1056	0.4308	0.1021	0.0955	0.0941	0.0928	0.0948	0.0922	0.0985	0.3033	0.0973	0.0927	0.0916	0.0911	0.0917	0.0976	0.0995	0.2283	0.0955	0.0919	0.0912	0.0912	0.0929	0.0982	0.1065	0.1855	0.0950	0.0913	0.0910	0.0908	0.0942	0.0995	0.1048	
0.7297	0.8070	0.6925	0.6500	0.4932	0.3759	0.2542	0.2407	0.7529	0.3623	0.1811	0.1666	0.1347	0.1213	0.1239	0.1284	0.6980	0.1514	0.1159	0.1060	0.0994	0.0985	0.1030	0.1190	0.5856	0.1089	0.0997	0.0980	0.0941	0.0940	0.0964	0.1032	0.4448	0.1020	0.0963	0.0947	0.0926	0.0951	0.0924	0.0984	0.3161	0.0977	0.0927	0.0922	0.0899	0.0930	0.0986	0.0992	0.2364	0.0961	0.0921	0.0915	0.0908	0.0928	0.1003	0.1069	0.1906	0.0939	0.0921	0.0907	0.0902	0.0930	0.1009	0.1046	
0.7399	0.8072	0.7175	0.6723	0.5176	0.3955	0.2674	0.2530	0.7529	0.3829	0.1881	0.1723	0.1362	0.1220	0.1242	0.1300	0.7040	0.1553	0.1167	0.1055	0.1000	0.0991	0.1038	0.1186	0.6058	0.1085	0.0992	0.0979	0.0927	0.0946	0.0962	0.1035	0.4698	0.1027	0.0960	0.0930	0.0914	0.0949	0.0922	0.0977	0.3358	0.0986	0.0930	0.0929	0.0904	0.0907	0.0986	0.1003	0.2486	0.0955	0.0918	0.0913	0.0909	0.0919	0.0987	0.1057	0.1979	0.0937	0.0911	0.0901	0.0900	0.0927	0.0996	0.1042	
0.7390	0.8156	0.7539	0.6963	0.5487	0.4169	0.2821	0.2599	0.7561	0.4041	0.1939	0.1757	0.1395	0.1223	0.1257	0.1295	0.7110	0.1597	0.1169	0.1066	0.1004	0.0994	0.1026	0.1172	0.6273	0.1106	0.0997	0.0970	0.0935	0.0940	0.0957	0.1029	0.4902	0.1034	0.0954	0.0934	0.0929	0.0947	0.0923	0.0973	0.3523	0.0987	0.0930	0.0916	0.0896	0.0913	0.0971	0.0996	0.2611	0.0956	0.0924	0.0910	0.0908	0.0918	0.0983	0.1066	0.2069	0.0938	0.0919	0.0898	0.0899	0.0932	0.0995	0.1047	
0.7396	0.8159	0.7790	0.7291	0.5709	0.4373	0.2988	0.2721	0.7598	0.4276	0.2009	0.1810	0.1426	0.1262	0.1283	0.1326	0.7169	0.1646	0.1210	0.1069	0.1022	0.1004	0.1039	0.1199	0.6479	0.1120	0.1015	0.0981	0.0941	0.0949	0.0973	0.1045	0.5121	0.1042	0.0969	0.0951	0.0932	0.0949	0.0928	0.0990	0.3693	0.0984	0.0934	0.0932	0.0913	0.0917	0.0974	0.1008	0.2723	0.0971	0.0933	0.0926	0.0918	0.0921	0.0992	0.1075	0.2147	0.0950	0.0922	0.0911	0.0910	0.0938	0.1000	0.1056	
0.7464	0.8178	0.7830	0.7626	0.5998	0.4652	0.3117	0.2851	0.7612	0.4459	0.2082	0.1877	0.1446	0.1265	0.1305	0.1314	0.7145	0.1674	0.1224	0.1084	0.1017	0.0993	0.1038	0.1198	0.6657	0.1139	0.1001	0.0992	0.0942	0.0947	0.0958	0.1041	0.5361	0.1042	0.0972	0.0941	0.0925	0.0944	0.0930	0.0981	0.3894	0.0986	0.0928	0.0916	0.0901	0.0925	0.0963	0.0987	0.2846	0.0960	0.0930	0.0918	0.0917	0.0918	0.0991	0.1063	0.2217	0.0945	0.0922	0.0915	0.0900	0.0933	0.0994	0.1044	
0.7482	0.8241	0.8038	0.7828	0.6290	0.4892	0.3271	0.2987	0.7641	0.4696	0.2175	0.1936	0.1470	0.1289	0.1304	0.1346	0.7196	0.1737	0.1229	0.1099	0.1011	0.1002	0.1041	0.1194	0.6810	0.1145	0.1013	0.0994	0.0933	0.0933	0.0959	0.1036	0.5593	0.1045	0.0973	0.0946	0.0925	0.0946	0.0925	0.0980	0.4097	0.0986	0.0925	0.0929	0.0901	0.0921	0.0970	0.0999	0.2987	0.0964	0.0929	0.0912	0.0908	0.0925	0.0975	0.1068	0.2311	0.0945	0.0921	0.0904	0.0897	0.0920	0.0985	0.1036	
0.7506	0.8270	0.8090	0.8082	0.6513	0.5196	0.3500	0.3138	0.7687	0.4935	0.2265	0.2019	0.1521	0.1320	0.1319	0.1379	0.7239	0.1806	0.1249	0.1114	0.1025	0.1004	0.1055	0.1206	0.6921	0.1150	0.1014	0.1007	0.0943	0.0960	0.0964	0.1043	0.5761	0.1068	0.0969	0.0946	0.0925	0.0965	0.0937	0.0992	0.4310	0.1006	0.0939	0.0928	0.0900	0.0920	0.0983	0.0999	0.3195	0.0975	0.0937	0.0932	0.0923	0.0923	0.0988	0.1060	0.2440	0.0957	0.0924	0.0917	0.0898	0.0940	0.0992	0.1044	
0.7541	0.8245	0.8110	0.8238	0.6865	0.5401	0.3641	0.3277	0.7699	0.5135	0.2338	0.2089	0.1560	0.1333	0.1349	0.1373	0.7273	0.1853	0.1268	0.1125	0.1039	0.1011	0.1053	0.1218	0.6973	0.1176	0.1026	0.1012	0.0961	0.0952	0.0969	0.1052	0.5955	0.1072	0.0984	0.0944	0.0935	0.0960	0.0931	0.0978	0.4512	0.1001	0.0944	0.0929	0.0908	0.0924	0.0984	0.1007	0.3324	0.0970	0.0936	0.0915	0.0915	0.0933	0.0991	0.1073	0.2544	0.0944	0.0928	0.0910	0.0906	0.0947	0.1007	0.1044	
0.7524	0.8290	0.8113	0.8248	0.7070	0.5717	0.3842	0.3418	0.7707	0.5351	0.2456	0.2127	0.1576	0.1358	0.1360	0.1392	0.7242	0.1887	0.1283	0.1114	0.1022	0.1012	0.1068	0.1202	0.7000	0.1188	0.1038	0.1021	0.0939	0.0943	0.0975	0.1042	0.6107	0.1076	0.0972	0.0956	0.0921	0.0955	0.0932	0.0981	0.4700	0.1006	0.0940	0.0934	0.0897	0.0918	0.0982	0.0989	0.3486	0.0977	0.0931	0.0929	0.0911	0.0923	0.0982	0.1070	0.2636	0.0949	0.0930	0.0918	0.0895	0.0923	0.1007	0.1045	
0.7613	0.8266	0.8141	0.8299	0.7316	0.5982	0.4071	0.3629	0.7737	0.5578	0.2520	0.2236	0.1630	0.1368	0.1377	0.1399	0.7276	0.1931	0.1298	0.1125	0.1042	0.1017	0.1053	0.1215	0.7019	0.1191	0.1033	0.1007	0.0953	0.0957	0.0970	0.1036	0.6261	0.1071	0.0968	0.0947	0.0918	0.0955	0.0922	0.0982	0.4890	0.1005	0.0943	0.0919	0.0908	0.0923	0.0973	0.0999	0.3639	0.0985	0.0931	0.0914	0.0914	0.0929	0.0999	0.1065	0.2815	0.0958	0.0917	0.0901	0.0908	0.0935	0.1002	0.1047	
0.7629	0.8296	0.8132	0.8345	0.7615	0.6266	0.4288	0.3778	0.7771	0.5812	0.2643	0.2312	0.1700	0.1382	0.1385	0.1403	0.7328	0.2027	0.1345	0.1150	0.1050	0.1021	0.1067	0.1211	0.7069	0.1214	0.1040	0.1025	0.0956	0.0954	0.0968	0.1038	0.6453	0.1096	0.0990	0.0947	0.0934	0.0961	0.0930	0.0969	0.5145	0.1023	0.0955	0.0938	0.0912	0.0927	0.0969	0.0992	0.3838	0.0980	0.0939	0.0934	0.0917	0.0920	0.0989	0.1065	0.2891	0.0954	0.0928	0.0910	0.0909	0.0942	0.1004	0.1048	
0.7679	0.8343	0.8155	0.8325	0.7758	0.6498	0.4512	0.4053	0.7798	0.6018	0.2734	0.2409	0.1707	0.1407	0.1427	0.1431	0.7367	0.2090	0.1331	0.1155	0.1030	0.1019	0.1067	0.1216	0.7101	0.1234	0.1045	0.1008	0.0952	0.0941	0.0967	0.1048	0.6541	0.1083	0.0989	0.0953	0.0934	0.0940	0.0911	0.0981	0.5284	0.1019	0.0924	0.0935	0.0906	0.0921	0.0963	0.0989	0.4010	0.0981	0.0935	0.0925	0.0903	0.0923	0.0983	0.1053	0.3062	0.0959	0.0934	0.0917	0.0907	0.0937	0.0991	0.1034	
0.7715	0.8393	0.8234	0.8373	0.7868	0.6815	0.4804	0.4174	0.7821	0.6225	0.2868	0.2505	0.1767	0.1435	0.1432	0.1430	0.7390	0.2185	0.1372	0.1163	0.1058	0.1006	0.1063	0.1205	0.7119	0.1252	0.1060	0.1027	0.0952	0.0933	0.0956	0.1053	0.6689	0.1101	0.0992	0.0955	0.0925	0.0944	0.0911	0.0983	0.5485	0.1030	0.0939	0.0936	0.0898	0.0910	0.0968	0.0992	0.4210	0.0984	0.0929	0.0924	0.0916	0.0929	0.0985	0.1066	0.3157	0.0959	0.0915	0.0913	0.0905	0.0938	0.0999	0.1047	
0.7716	0.8373	0.8160	0.8388	0.7946	0.7093	0.5007	0.4347	0.7855	0.6444	0.2981	0.2588	0.1821	0.1465	0.1452	0.1455	0.7410	0.2242	0.1380	0.1170	0.1066	0.1023	0.1069	0.1205	0.7153	0.1259	0.1050	0.1036	0.0968	0.0944	0.0966	0.1039	0.6782	0.1100	0.1002	0.0963	0.0936	0.0952	0.0928	0.0968	0.5647	0.1023	0.0961	0.0948	0.0914	0.0914	0.0968	0.0985	0.4398	0.0985	0.0940	0.0918	0.0925	0.0923	0.0982	0.1063	0.3302	0.0960	0.0920	0.0918	0.0911	0.0929	0.0989	0.1040	
0.7743	0.8360	0.8211	0.8378	0.7916	0.7342	0.5241	0.4590	0.7888	0.6672	0.3097	0.2673	0.1879	0.1488	0.1475	0.1454	0.7456	0.2329	0.1407	0.1170	0.1078	0.1022	0.1070	0.1215	0.7164	0.1282	0.1043	0.1019	0.0966	0.0945	0.0957	0.1030	0.6776	0.1119	0.0983	0.0950	0.0927	0.0947	0.0917	0.0964	0.5797	0.1035	0.0937	0.0922	0.0896	0.0919	0.0966	0.0983	0.4593	0.0986	0.0931	0.0914	0.0905	0.0911	0.0980	0.1053	0.3481	0.0958	0.0921	0.0902	0.0889	0.0923	0.0983	0.1032	
0.7736	0.8430	0.8248	0.8431	0.7978	0.7592	0.5529	0.4783	0.7892	0.6821	0.3241	0.2793	0.1921	0.1515	0.1521	0.1464	0.7447	0.2429	0.1443	0.1198	0.1068	0.1033	0.1074	0.1219	0.7200	0.1296	0.1060	0.1034	0.0960	0.0949	0.0967	0.1043	0.6867	0.1124	0.0999	0.0955	0.0936	0.0955	0.0927	0.0966	0.5952	0.1025	0.0946	0.0936	0.0901	0.0920	0.0973	0.0990	0.4787	0.0994	0.0939	0.0920	0.0915	0.0921	0.0988	0.1057	0.3629	0.0968	0.0928	0.0911	0.0899	0.0930	0.0996	0.1039	
0.7809	0.8453	0.8240	0.8455	0.7986	0.7869	0.5781	0.5051	0.7928	0.7029	0.3392	0.2897	0.1981	0.1558	0.1516	0.1481	0.7454	0.2501	0.1472	0.1216	0.1082	0.1041	0.1077	0.1230	0.7215	0.1299	0.1070	0.1048	0.0959	0.0946	0.0969	0.1046	0.6936	0.1134	0.0995	0.0960	0.0931	0.0950	0.0921	0.0968	0.6138	0.1041	0.0950	0.0933	0.0902	0.0922	0.0970	0.0991	0.4948	0.1002	0.0936	0.0919	0.0907	0.0917	0.0984	0.1058	0.3830	0.0979	0.0926	0.0911	0.0894	0.0930	0.0995	0.1036	
0.7821	0.8488	0.8269	0.8459	0.7982	0.8058	0.6051	0.5306	0.7973	0.7230	0.3541	0.3001	0.2037	0.1573	0.1565	0.1520	0.7503	0.2609	0.1502	0.1218	0.1083	0.1040	0.1078	0.1221	0.7241	0.1327	0.1082	0.1047	0.0958	0.0943	0.0972	0.1038	0.6911	0.1140	0.0995	0.0958	0.0925	0.0948	0.0921	0.0970	0.6215	0.1040	0.0950	0.0930	0.0901	0.0919	0.0971	0.0987	0.5143	0.1001	0.0937	0.0920	0.0915	0.0920	0.0975	0.1057	0.3983	0.0979	0.0928	0.0914	0.0901	0.0928	0.0989	0.1033	
