0.0904	0.0906	0.0894	0.0918	0.0907	0.0988	0.0967	0.1011	0.0898	0.0902	0.0888	0.0905	0.0925	0.0952	0.0961	0.0968	0.0902	0.0900	0.0898	0.0922	0.0924	0.0948	0.0968	0.0992	0.0905	0.0905	0.0898	0.0924	0.0931	0.0967	0.0965	0.0960	0.0892	0.0905	0.0897	0.0926	0.0947	0.0969	0.1000	0.1021	0.0890	0.0895	0.0901	0.0922	0.0922	0.0963	0.0970	0.0998	0.0919	0.0902	0.0904	0.0925	0.0932	0.0961	0.0966	0.1036	0.0900	0.0921	0.0902	0.0926	0.0916	0.0962	0.0975	0.1062	
0.0907	0.0901	0.0889	0.0897	0.0886	0.0901	0.0894	0.0921	0.0901	0.0897	0.0896	0.0895	0.0900	0.0903	0.0909	0.0903	0.0903	0.0914	0.0904	0.0902	0.0906	0.0892	0.0898	0.0920	0.0908	0.0892	0.0901	0.0909	0.0915	0.0901	0.0898	0.0918	0.0899	0.0905	0.0894	0.0916	0.0910	0.0903	0.0911	0.0907	0.0904	0.0912	0.0905	0.0955	0.0896	0.0912	0.0904	0.0920	0.0907	0.0905	0.0918	0.0931	0.0906	0.0908	0.0889	0.0921	0.0907	0.0953	0.0898	0.0912	0.0905	0.0933	0.0905	0.0946	
0.0908	0.0900	0.0888	0.0900	0.0887	0.0900	0.0891	0.0918	0.0897	0.0898	0.0894	0.0895	0.0900	0.0898	0.0908	0.0905	0.0896	0.0904	0.0902	0.0907	0.0903	0.0899	0.0893	0.0917	0.0906	0.0898	0.0900	0.0909	0.0913	0.0895	0.0895	0.0915	0.0892	0.0896	0.0892	0.0914	0.0907	0.0902	0.0907	0.0906	0.0904	0.0898	0.0902	0.0907	0.0898	0.0900	0.0896	0.0923	0.0907	0.0898	0.0897	0.0900	0.0900	0.0903	0.0892	0.0914	0.0904	0.0905	0.0901	0.0904	0.0902	0.0899	0.0903	0.0924	
0.0911	0.0904	0.0896	0.0904	0.0890	0.0904	0.0892	0.0922	0.0903	0.0902	0.0896	0.0898	0.0908	0.0903	0.0911	0.0912	0.0901	0.0899	0.0901	0.0908	0.0908	0.0897	0.0899	0.0921	0.0910	0.0899	0.0905	0.0913	0.0919	0.0900	0.0903	0.0923	0.0901	0.0899	0.0896	0.0918	0.0914	0.0903	0.0916	0.0915	0.0908	0.0908	0.0903	0.0913	0.0897	0.0902	0.0905	0.0931	0.0913	0.0907	0.0901	0.0907	0.0906	0.0908	0.0894	0.0918	0.0910	0.0905	0.0902	0.0903	0.0908	0.0901	0.0908	0.0928	
0.0913	0.0903	0.0895	0.0902	0.0893	0.0909	0.0899	0.0928	0.0903	0.0902	0.0895	0.0901	0.0907	0.0906	0.0914	0.0909	0.0906	0.0901	0.0901	0.0908	0.0913	0.0901	0.0903	0.0924	0.0911	0.0901	0.0907	0.0911	0.0918	0.0902	0.0902	0.0928	0.0901	0.0901	0.0902	0.0923	0.0914	0.0909	0.0917	0.0915	0.0909	0.0904	0.0904	0.0914	0.0896	0.0899	0.0905	0.0929	0.0912	0.0907	0.0901	0.0905	0.0906	0.0905	0.0892	0.0918	0.0911	0.0905	0.0900	0.0904	0.0907	0.0897	0.0909	0.0929	
0.0912	0.0908	0.0893	0.0905	0.0897	0.0906	0.0898	0.0926	0.0904	0.0901	0.0894	0.0897	0.0906	0.0909	0.0911	0.0912	0.0906	0.0900	0.0907	0.0911	0.0913	0.0901	0.0902	0.0932	0.0910	0.0903	0.0906	0.0914	0.0920	0.0901	0.0903	0.0930	0.0900	0.0898	0.0900	0.0917	0.0915	0.0905	0.0921	0.0916	0.0910	0.0903	0.0905	0.0910	0.0900	0.0901	0.0905	0.0928	0.0911	0.0907	0.0903	0.0908	0.0907	0.0906	0.0896	0.0925	0.0910	0.0903	0.0905	0.0908	0.0907	0.0900	0.0909	0.0925	
0.0910	0.0903	0.0891	0.0901	0.0893	0.0906	0.0896	0.0928	0.0905	0.0901	0.0896	0.0897	0.0909	0.0905	0.0913	0.0914	0.0902	0.0898	0.0905	0.0908	0.0910	0.0898	0.0899	0.0925	0.0907	0.0896	0.0904	0.0913	0.0915	0.0899	0.0904	0.0928	0.0898	0.0895	0.0902	0.0914	0.0918	0.0904	0.0915	0.0916	0.0903	0.0898	0.0904	0.0913	0.0900	0.0901	0.0899	0.0925	0.0908	0.0904	0.0900	0.0905	0.0901	0.0903	0.0895	0.0922	0.0907	0.0900	0.0904	0.0903	0.0907	0.0900	0.0905	0.0928	
0.0915	0.0906	0.0894	0.0907	0.0896	0.0905	0.0901	0.0929	0.0904	0.0899	0.0899	0.0900	0.0908	0.0906	0.0909	0.0913	0.0902	0.0899	0.0907	0.0910	0.0911	0.0903	0.0905	0.0925	0.0907	0.0902	0.0909	0.0913	0.0917	0.0903	0.0903	0.0931	0.0899	0.0898	0.0901	0.0914	0.0922	0.0903	0.0920	0.0917	0.0906	0.0903	0.0907	0.0913	0.0899	0.0908	0.0902	0.0928	0.0911	0.0905	0.0903	0.0909	0.0906	0.0905	0.0898	0.0920	0.0907	0.0900	0.0902	0.0909	0.0907	0.0900	0.0907	0.0929	
0.0918	0.0907	0.0896	0.0910	0.0900	0.0908	0.0901	0.0932	0.0902	0.0903	0.0898	0.0900	0.0909	0.0913	0.0914	0.0910	0.0905	0.0899	0.0905	0.0910	0.0914	0.0909	0.0902	0.0927	0.0909	0.0901	0.0906	0.0915	0.0914	0.0906	0.0898	0.0926	0.0899	0.0898	0.0900	0.0917	0.0917	0.0906	0.0917	0.0918	0.0906	0.0900	0.0908	0.0911	0.0901	0.0903	0.0904	0.0921	0.0911	0.0907	0.0902	0.0903	0.0904	0.0905	0.0896	0.0923	0.0908	0.0899	0.0903	0.0906	0.0909	0.0898	0.0909	0.0929	
0.0919	0.0906	0.0897	0.0912	0.0899	0.0961	0.0952	0.0934	0.0907	0.0906	0.0897	0.0900	0.0913	0.0938	0.0967	0.0942	0.0907	0.0900	0.0905	0.0916	0.0961	0.1010	0.0951	0.0956	0.0911	0.0905	0.0910	0.0919	0.1024	0.0960	0.0979	0.0979	0.0899	0.0903	0.0904	0.0920	0.1019	0.0939	0.0998	0.0941	0.0907	0.0905	0.0907	0.0911	0.1001	0.0914	0.0994	0.0974	0.0930	0.0908	0.0903	0.0908	0.1007	0.0959	0.0926	0.0955	0.0934	0.0904	0.0906	0.0908	0.1006	0.1004	0.0958	0.0957	
0.0916	0.0909	0.0900	0.0910	0.0903	0.0906	0.0905	0.0963	0.0908	0.0903	0.0902	0.0904	0.0911	0.0908	0.0914	0.0911	0.0906	0.0899	0.0905	0.0912	0.0918	0.0902	0.0903	0.0929	0.0911	0.0904	0.0909	0.0915	0.0920	0.0905	0.0903	0.0933	0.0902	0.0899	0.0904	0.0926	0.0916	0.0907	0.0915	0.0915	0.0906	0.0906	0.0908	0.0913	0.0902	0.0905	0.0901	0.0933	0.0910	0.0905	0.0902	0.0908	0.0906	0.0906	0.0895	0.0924	0.0909	0.0901	0.0906	0.0908	0.0908	0.0902	0.0910	0.0925	
0.0917	0.0910	0.0898	0.0908	0.0904	0.0930	0.0901	0.0930	0.0912	0.0904	0.0899	0.0903	0.0911	0.0906	0.0915	0.0915	0.0907	0.0900	0.0907	0.0909	0.0914	0.0907	0.0904	0.0926	0.0910	0.0909	0.0911	0.0917	0.0921	0.0906	0.0909	0.0931	0.0903	0.0901	0.0903	0.0917	0.0916	0.0906	0.0918	0.0920	0.0905	0.0905	0.0906	0.0912	0.0902	0.0906	0.0907	0.0922	0.0910	0.0906	0.0907	0.0903	0.0910	0.0905	0.0898	0.0921	0.0910	0.0902	0.0904	0.0911	0.0908	0.0901	0.0908	0.0930	
0.0922	0.0909	0.0903	0.0914	0.0904	0.0912	0.0906	0.0935	0.0908	0.0908	0.0903	0.0907	0.0915	0.0915	0.0916	0.0920	0.0908	0.0902	0.0911	0.0919	0.0915	0.0909	0.0906	0.0931	0.0912	0.0907	0.0918	0.0919	0.0920	0.0911	0.0905	0.0930	0.0905	0.0903	0.0905	0.0926	0.0919	0.0912	0.0922	0.0918	0.0911	0.0908	0.0909	0.0916	0.0904	0.0909	0.0907	0.0926	0.0911	0.0909	0.0905	0.0908	0.0912	0.0908	0.0899	0.0920	0.0912	0.0903	0.0911	0.0909	0.0909	0.0906	0.0916	0.0929	
0.0925	0.0913	0.0905	0.0917	0.0910	0.0915	0.0909	0.0934	0.0912	0.0913	0.0905	0.0908	0.0918	0.0917	0.0923	0.0916	0.0909	0.0905	0.0912	0.0914	0.0919	0.0909	0.0910	0.0932	0.0916	0.0909	0.0913	0.0922	0.0928	0.0910	0.0906	0.0930	0.0907	0.0904	0.0907	0.0920	0.0922	0.0909	0.0921	0.0920	0.0909	0.0909	0.0912	0.0912	0.0908	0.0908	0.0908	0.0931	0.0914	0.0907	0.0910	0.0909	0.0910	0.0908	0.0903	0.0922	0.0913	0.0907	0.0907	0.0909	0.0915	0.0901	0.0909	0.0927	
0.0935	0.0916	0.0906	0.0921	0.0909	0.0916	0.0910	0.0944	0.0912	0.0915	0.0905	0.0911	0.0916	0.0914	0.0916	0.0923	0.0914	0.0903	0.0912	0.0917	0.0918	0.0912	0.0907	0.0933	0.0920	0.0907	0.0915	0.0920	0.0928	0.0907	0.0910	0.0931	0.0906	0.0909	0.0906	0.0918	0.0922	0.0910	0.0921	0.0916	0.0910	0.0907	0.0907	0.0916	0.0903	0.0908	0.0907	0.0928	0.0919	0.0910	0.0907	0.0908	0.0907	0.0912	0.0901	0.0923	0.0912	0.0906	0.0908	0.0907	0.0911	0.0901	0.0912	0.0924	
0.0932	0.0915	0.0909	0.0918	0.0910	0.0918	0.0910	0.0931	0.0914	0.0915	0.0909	0.0911	0.0914	0.0914	0.0919	0.0915	0.0917	0.0907	0.0909	0.0917	0.0921	0.0912	0.0909	0.0930	0.0917	0.0909	0.0913	0.0921	0.0925	0.0907	0.0905	0.0926	0.0907	0.0904	0.0907	0.0917	0.0925	0.0912	0.0922	0.0914	0.0911	0.0911	0.0912	0.0915	0.0907	0.0911	0.0910	0.0927	0.0912	0.0908	0.0906	0.0909	0.0917	0.0911	0.0901	0.0920	0.0913	0.0911	0.0905	0.0909	0.0915	0.0908	0.0916	0.0927	
0.0933	0.0917	0.0908	0.0918	0.0908	0.0920	0.0908	0.0933	0.0912	0.0911	0.0907	0.0909	0.0916	0.0914	0.0915	0.0918	0.0916	0.0905	0.0910	0.0916	0.0919	0.0908	0.0907	0.0926	0.0917	0.0907	0.0914	0.0919	0.0925	0.0905	0.0907	0.0930	0.0904	0.0905	0.0905	0.0916	0.0920	0.0911	0.0917	0.0916	0.0912	0.0906	0.0905	0.0917	0.0900	0.0910	0.0900	0.0924	0.0913	0.0904	0.0902	0.0910	0.0911	0.0909	0.0901	0.0918	0.0911	0.0907	0.0907	0.0909	0.0912	0.0904	0.0910	0.0925	
0.0939	0.0922	0.0914	0.0927	0.0916	0.0933	0.0919	0.1002	0.0923	0.0919	0.0915	0.0912	0.0925	0.0924	0.0924	0.0924	0.0921	0.0912	0.0915	0.0924	0.0924	0.0916	0.0911	0.0938	0.0921	0.0915	0.0919	0.0924	0.0930	0.0910	0.0909	0.0935	0.0911	0.0911	0.0914	0.0928	0.0923	0.0916	0.0925	0.0918	0.0914	0.0913	0.0916	0.0923	0.0908	0.0912	0.0908	0.0931	0.0916	0.0911	0.0910	0.0914	0.0919	0.0910	0.0911	0.0926	0.0913	0.0909	0.0912	0.0916	0.0917	0.0907	0.0917	0.0932	
0.0939	0.0930	0.0915	0.0928	0.0914	0.0963	0.0915	0.0947	0.0921	0.0921	0.0916	0.0918	0.0923	0.0923	0.0927	0.0924	0.0920	0.0913	0.0920	0.0924	0.0921	0.0918	0.0912	0.0934	0.0920	0.0914	0.0921	0.0930	0.0928	0.0914	0.0911	0.0934	0.0912	0.0911	0.0909	0.0921	0.0926	0.0915	0.0921	0.0919	0.0916	0.0909	0.0917	0.0921	0.0903	0.0912	0.0910	0.0927	0.0923	0.0912	0.0909	0.0915	0.0917	0.0911	0.0899	0.0920	0.0921	0.0911	0.0911	0.0919	0.0914	0.0906	0.0919	0.0931	
0.0942	0.0925	0.0914	0.0929	0.0920	0.0930	0.0932	0.0939	0.0921	0.0917	0.0915	0.0916	0.0922	0.0918	0.0922	0.0923	0.0921	0.0912	0.0915	0.0922	0.0921	0.0915	0.0909	0.0928	0.0921	0.0910	0.0917	0.0921	0.0926	0.0914	0.0912	0.0928	0.0911	0.0914	0.0912	0.0918	0.0922	0.0916	0.0921	0.0914	0.0912	0.0908	0.0908	0.0917	0.0900	0.0912	0.0910	0.0922	0.0917	0.0910	0.0904	0.0907	0.0909	0.0909	0.0902	0.0921	0.0915	0.0905	0.0908	0.0913	0.0918	0.0909	0.0916	0.0927	
0.0947	0.0932	0.0929	0.0931	0.0927	0.0945	0.0934	0.0957	0.0927	0.0924	0.0916	0.0919	0.0928	0.0940	0.0940	0.0940	0.0923	0.0912	0.0915	0.0926	0.0920	0.0935	0.0929	0.0943	0.0925	0.0912	0.0916	0.0927	0.0932	0.0930	0.0924	0.0946	0.0914	0.0912	0.0911	0.0928	0.0928	0.0930	0.0938	0.0935	0.0916	0.0914	0.0912	0.0917	0.0907	0.0928	0.0925	0.0935	0.0919	0.0910	0.0910	0.0912	0.0914	0.0913	0.0919	0.0934	0.0914	0.0909	0.0910	0.0912	0.0918	0.0910	0.0925	0.0936	
0.0943	0.0949	0.0937	0.0946	0.0933	0.0955	0.0926	0.1055	0.0923	0.0937	0.0932	0.0926	0.0940	0.0933	0.0933	0.0933	0.0923	0.0917	0.0931	0.0933	0.0929	0.0930	0.0920	0.0949	0.0924	0.0919	0.0932	0.0939	0.0939	0.0928	0.0919	0.0938	0.0911	0.0906	0.0923	0.0927	0.0939	0.0924	0.0929	0.0925	0.0915	0.0909	0.0921	0.0922	0.0912	0.0921	0.0911	0.0939	0.0913	0.0906	0.0920	0.0925	0.0926	0.0920	0.0909	0.0928	0.0910	0.0905	0.0919	0.0926	0.0927	0.0917	0.0917	0.0936	
0.0965	0.0949	0.0933	0.0950	0.0932	0.0936	0.0927	0.0949	0.0946	0.0940	0.0934	0.0934	0.0941	0.0935	0.0937	0.0927	0.0936	0.0923	0.0929	0.0936	0.0930	0.0929	0.0917	0.0937	0.0932	0.0925	0.0923	0.0940	0.0936	0.0924	0.0920	0.0937	0.0919	0.0923	0.0922	0.0928	0.0934	0.0929	0.0932	0.0922	0.0921	0.0924	0.0922	0.0926	0.0911	0.0920	0.0915	0.0956	0.0930	0.0923	0.0916	0.0919	0.0919	0.0919	0.0913	0.0922	0.0926	0.0917	0.0921	0.0921	0.0926	0.0912	0.0923	0.0931	
0.0969	0.0951	0.0940	0.0952	0.0937	0.0947	0.0933	0.0963	0.0953	0.0938	0.0928	0.0929	0.0934	0.0935	0.0938	0.0933	0.0936	0.0927	0.0927	0.0937	0.0938	0.0922	0.0928	0.0939	0.0937	0.0924	0.0929	0.0933	0.0939	0.0922	0.0923	0.0937	0.0934	0.0925	0.0916	0.0931	0.0936	0.0921	0.0930	0.0920	0.0923	0.0922	0.0920	0.0923	0.0915	0.0919	0.0916	0.0936	0.0927	0.0917	0.0922	0.0925	0.0924	0.0919	0.0914	0.0934	0.0927	0.0912	0.0924	0.0922	0.0923	0.0916	0.0919	0.0935	
0.0976	0.0960	0.0946	0.0957	0.0941	0.0939	0.0929	0.0962	0.0959	0.0941	0.0941	0.0946	0.0945	0.0938	0.0940	0.0936	0.0939	0.0930	0.0929	0.0943	0.0942	0.0933	0.0924	0.0945	0.0937	0.0925	0.0929	0.0934	0.0936	0.0923	0.0921	0.0941	0.0925	0.0924	0.0924	0.0934	0.0931	0.0914	0.0933	0.0923	0.0926	0.0924	0.0923	0.0932	0.0913	0.0923	0.0914	0.0935	0.0928	0.0916	0.0915	0.0919	0.0921	0.0917	0.0914	0.0926	0.0922	0.0911	0.0914	0.0922	0.0923	0.0918	0.0919	0.0932	
0.0976	0.0960	0.0954	0.0960	0.0943	0.0942	0.0947	0.0961	0.0957	0.0951	0.0934	0.0939	0.0936	0.0938	0.0938	0.0937	0.0938	0.0928	0.0926	0.0935	0.0934	0.0925	0.0921	0.0942	0.0938	0.0923	0.0929	0.0934	0.0934	0.0919	0.0919	0.0940	0.0922	0.0924	0.0916	0.0928	0.0934	0.0924	0.0931	0.0927	0.0925	0.0922	0.0912	0.0925	0.0906	0.0913	0.0911	0.0930	0.0928	0.0914	0.0916	0.0917	0.0922	0.0915	0.0907	0.0930	0.0921	0.0920	0.0916	0.0923	0.0920	0.0905	0.0922	0.0928	
0.0987	0.0971	0.0960	0.0966	0.0946	0.0952	0.0941	0.0971	0.0963	0.0962	0.0944	0.0944	0.0945	0.0946	0.0936	0.0941	0.0950	0.0937	0.0933	0.0940	0.0939	0.0934	0.0923	0.0943	0.0948	0.0930	0.0931	0.0941	0.0938	0.0926	0.0923	0.0940	0.0932	0.0931	0.0922	0.0936	0.0940	0.0923	0.0933	0.0925	0.0932	0.0924	0.0920	0.0927	0.0916	0.0916	0.0919	0.0929	0.0935	0.0920	0.0919	0.0917	0.0924	0.0918	0.0913	0.0931	0.0927	0.0918	0.0917	0.0918	0.0924	0.0915	0.0923	0.0935	
0.1000	0.0976	0.0960	0.0966	0.0955	0.0956	0.0942	0.0964	0.0965	0.0960	0.0948	0.0945	0.0951	0.0944	0.0943	0.0950	0.0956	0.0940	0.0932	0.0940	0.0936	0.0935	0.0921	0.0944	0.0948	0.0935	0.0933	0.0940	0.0947	0.0922	0.0912	0.0942	0.0937	0.0928	0.0926	0.0931	0.0935	0.0928	0.0930	0.0925	0.0936	0.0928	0.0922	0.0931	0.0911	0.0914	0.0911	0.0934	0.0935	0.0920	0.0914	0.0918	0.0923	0.0916	0.0913	0.0928	0.0926	0.0919	0.0915	0.0921	0.0922	0.0915	0.0924	0.0931	
0.1018	0.0991	0.0973	0.0979	0.0960	0.0962	0.0945	0.0966	0.0979	0.0972	0.0958	0.0956	0.0956	0.0946	0.0950	0.0944	0.0959	0.0946	0.0944	0.0950	0.0942	0.0939	0.0925	0.0945	0.0955	0.0942	0.0936	0.0942	0.0942	0.0930	0.0923	0.0945	0.0942	0.0938	0.0928	0.0934	0.0938	0.0924	0.0935	0.0925	0.0933	0.0930	0.0925	0.0931	0.0915	0.0921	0.0916	0.0936	0.0938	0.0925	0.0918	0.0922	0.0922	0.0917	0.0910	0.0934	0.0934	0.0920	0.0922	0.0922	0.0924	0.0919	0.0925	0.0938	
0.1023	0.1003	0.0974	0.0979	0.0959	0.0959	0.0942	0.0969	0.0984	0.0974	0.0959	0.0955	0.0956	0.0950	0.0948	0.0952	0.0970	0.0948	0.0944	0.0948	0.0938	0.0931	0.0927	0.0943	0.0960	0.0938	0.0938	0.0945	0.0940	0.0921	0.0918	0.0937	0.0943	0.0934	0.0929	0.0941	0.0937	0.0928	0.0933	0.0922	0.0935	0.0924	0.0922	0.0932	0.0917	0.0916	0.0909	0.0928	0.0937	0.0920	0.0918	0.0917	0.0921	0.0919	0.0909	0.0928	0.0930	0.0918	0.0915	0.0920	0.0927	0.0917	0.0917	0.0936	
0.1041	0.1012	0.0986	0.0992	0.0973	0.0967	0.0966	0.0978	0.1005	0.0985	0.0973	0.0969	0.0960	0.0954	0.0945	0.0950	0.0983	0.0950	0.0949	0.0954	0.0946	0.0942	0.0932	0.0948	0.0969	0.0946	0.0946	0.0946	0.0946	0.0922	0.0920	0.0947	0.0948	0.0938	0.0929	0.0939	0.0937	0.0929	0.0933	0.0923	0.0941	0.0931	0.0932	0.0933	0.0917	0.0922	0.0915	0.0936	0.0942	0.0928	0.0920	0.0923	0.0917	0.0924	0.0910	0.0932	0.0937	0.0923	0.0922	0.0924	0.0923	0.0914	0.0916	0.0932	
0.1054	0.1023	0.1001	0.1004	0.0973	0.0976	0.0957	0.0980	0.1011	0.0997	0.0977	0.0980	0.0966	0.0965	0.0954	0.0959	0.0980	0.0964	0.0961	0.0961	0.0951	0.0939	0.0934	0.0955	0.0975	0.0948	0.0945	0.0953	0.0947	0.0934	0.0921	0.0952	0.0953	0.0941	0.0939	0.0945	0.0949	0.0929	0.0939	0.0929	0.0941	0.0933	0.0929	0.0940	0.0921	0.0923	0.0916	0.0938	0.0945	0.0927	0.0924	0.0923	0.0928	0.0922	0.0914	0.0932	0.0940	0.0926	0.0921	0.0923	0.0926	0.0919	0.0921	0.0941	
0.1072	0.1040	0.1007	0.1008	0.0984	0.0976	0.0964	0.0986	0.1024	0.1008	0.0990	0.0988	0.0969	0.0968	0.0962	0.0963	0.0995	0.0974	0.0958	0.0966	0.0959	0.0944	0.0937	0.0954	0.0982	0.0959	0.0953	0.0951	0.0949	0.0935	0.0925	0.0949	0.0956	0.0947	0.0942	0.0939	0.0945	0.0936	0.0937	0.0935	0.0948	0.0938	0.0928	0.0934	0.0920	0.0925	0.0914	0.0938	0.0944	0.0927	0.0924	0.0925	0.0923	0.0925	0.0914	0.0935	0.0943	0.0925	0.0923	0.0925	0.0928	0.0918	0.0924	0.0944	
0.1087	0.1042	0.1017	0.1023	0.0991	0.0979	0.0962	0.0984	0.1034	0.1017	0.0999	0.0983	0.0973	0.0970	0.0955	0.0959	0.1007	0.0973	0.0961	0.0963	0.0954	0.0942	0.0932	0.0954	0.0985	0.0960	0.0952	0.0953	0.0950	0.0933	0.0925	0.0945	0.0960	0.0949	0.0934	0.0944	0.0944	0.0933	0.0942	0.0925	0.0951	0.0936	0.0930	0.0934	0.0919	0.0921	0.0915	0.0932	0.0952	0.0932	0.0920	0.0920	0.0926	0.0925	0.0911	0.0930	0.0943	0.0928	0.0924	0.0927	0.0922	0.0921	0.0926	0.0933	
0.1114	0.1065	0.1035	0.1037	0.1002	0.0988	0.0969	0.0995	0.1058	0.1034	0.1005	0.0997	0.0982	0.0975	0.0966	0.0966	0.1018	0.0986	0.0968	0.0974	0.0958	0.0950	0.0940	0.0957	0.0992	0.0969	0.0960	0.0958	0.0957	0.0933	0.0931	0.0952	0.0973	0.0953	0.0946	0.0947	0.0952	0.0933	0.0939	0.0933	0.0952	0.0940	0.0936	0.0937	0.0923	0.0924	0.0918	0.0941	0.0959	0.0936	0.0926	0.0926	0.0924	0.0928	0.0912	0.0931	0.0949	0.0928	0.0925	0.0931	0.0932	0.0919	0.0926	0.0938	
0.1140	0.1083	0.1055	0.1049	0.1003	0.0993	0.0975	0.0996	0.1079	0.1051	0.1020	0.1006	0.0996	0.0985	0.0970	0.0973	0.1028	0.0994	0.0982	0.0978	0.0966	0.0953	0.0942	0.0960	0.1010	0.0973	0.0966	0.0964	0.0956	0.0938	0.0930	0.0958	0.0976	0.0962	0.0951	0.0953	0.0954	0.0935	0.0944	0.0935	0.0962	0.0945	0.0936	0.0940	0.0923	0.0925	0.0918	0.0943	0.0962	0.0939	0.0932	0.0930	0.0925	0.0929	0.0918	0.0934	0.0951	0.0933	0.0933	0.0930	0.0932	0.0921	0.0930	0.0936	
0.1166	0.1101	0.1068	0.1057	0.1018	0.1003	0.0980	0.1008	0.1092	0.1061	0.1030	0.1013	0.0997	0.0990	0.0974	0.0975	0.1048	0.1013	0.0985	0.0982	0.0972	0.0955	0.0944	0.0963	0.1014	0.0978	0.0966	0.0967	0.0958	0.0942	0.0935	0.0955	0.0982	0.0968	0.0954	0.0955	0.0952	0.0943	0.0943	0.0939	0.0961	0.0951	0.0937	0.0943	0.0925	0.0928	0.0926	0.0941	0.0963	0.0938	0.0935	0.0933	0.0928	0.0929	0.0923	0.0934	0.0952	0.0935	0.0930	0.0932	0.0932	0.0921	0.0929	0.0938	
0.1195	0.1123	0.1078	0.1073	0.1025	0.1006	0.0988	0.1000	0.1123	0.1083	0.1038	0.1022	0.1008	0.0995	0.0976	0.0970	0.1053	0.1009	0.0987	0.0986	0.0972	0.0958	0.0943	0.0969	0.1017	0.0989	0.0973	0.0975	0.0962	0.0946	0.0932	0.0958	0.0990	0.0965	0.0952	0.0957	0.0956	0.0940	0.0947	0.0937	0.0968	0.0951	0.0939	0.0940	0.0923	0.0929	0.0923	0.0939	0.0971	0.0941	0.0931	0.0929	0.0932	0.0929	0.0915	0.0934	0.0955	0.0935	0.0930	0.0931	0.0936	0.0924	0.0930	0.0936	
0.1238	0.1144	0.1100	0.1089	0.1041	0.1013	0.0993	0.1008	0.1144	0.1105	0.1057	0.1043	0.1017	0.1006	0.0985	0.0984	0.1073	0.1028	0.1000	0.1001	0.0979	0.0964	0.0954	0.0967	0.1036	0.1000	0.0981	0.0977	0.0963	0.0942	0.0939	0.0963	0.0994	0.0977	0.0956	0.0957	0.0956	0.0940	0.0952	0.0936	0.0973	0.0952	0.0941	0.0947	0.0927	0.0931	0.0923	0.0946	0.0971	0.0948	0.0934	0.0934	0.0934	0.0934	0.0923	0.0934	0.0961	0.0938	0.0931	0.0940	0.0938	0.0924	0.0929	0.0936	
0.1280	0.1174	0.1112	0.1104	0.1048	0.1020	0.0991	0.1008	0.1174	0.1119	0.1072	0.1058	0.1020	0.1009	0.0983	0.0989	0.1091	0.1036	0.1010	0.0999	0.0981	0.0967	0.0951	0.0966	0.1051	0.1002	0.0985	0.0976	0.0962	0.0945	0.0936	0.0957	0.1006	0.0977	0.0959	0.0957	0.0956	0.0943	0.0948	0.0938	0.0978	0.0954	0.0945	0.0946	0.0926	0.0931	0.0919	0.0939	0.0984	0.0947	0.0936	0.0926	0.0932	0.0932	0.0917	0.0933	0.0962	0.0942	0.0933	0.0930	0.0933	0.0921	0.0928	0.0936	
0.1337	0.1216	0.1142	0.1124	0.1067	0.1033	0.1004	0.1019	0.1205	0.1157	0.1099	0.1073	0.1033	0.1021	0.0994	0.0991	0.1117	0.1059	0.1020	0.1010	0.0989	0.0973	0.0957	0.0976	0.1065	0.1010	0.1000	0.0982	0.0972	0.0950	0.0941	0.0963	0.1013	0.0992	0.0968	0.0965	0.0961	0.0945	0.0950	0.0937	0.0986	0.0959	0.0952	0.0954	0.0934	0.0932	0.0923	0.0944	0.0990	0.0956	0.0940	0.0935	0.0931	0.0933	0.0926	0.0940	0.0968	0.0946	0.0937	0.0944	0.0933	0.0928	0.0931	0.0941	
0.1384	0.1240	0.1163	0.1150	0.1075	0.1038	0.1005	0.1017	0.1247	0.1174	0.1107	0.1085	0.1047	0.1028	0.0995	0.1004	0.1127	0.1062	0.1024	0.1021	0.0990	0.0975	0.0958	0.0974	0.1084	0.1015	0.0998	0.0989	0.0980	0.0955	0.0937	0.0962	0.1028	0.0998	0.0968	0.0967	0.0962	0.0944	0.0952	0.0935	0.0991	0.0970	0.0947	0.0949	0.0933	0.0935	0.0923	0.0944	0.0995	0.0958	0.0943	0.0933	0.0940	0.0933	0.0925	0.0935	0.0975	0.0946	0.0940	0.0936	0.0940	0.0926	0.0935	0.0939	
0.1439	0.1269	0.1193	0.1174	0.1093	0.1047	0.1007	0.1055	0.1285	0.1201	0.1130	0.1104	0.1056	0.1032	0.1004	0.1001	0.1151	0.1084	0.1042	0.1025	0.1001	0.0982	0.0955	0.0973	0.1096	0.1028	0.1001	0.0991	0.0971	0.0956	0.0942	0.0957	0.1033	0.1005	0.0975	0.0968	0.0959	0.0949	0.0955	0.0937	0.0994	0.0965	0.0956	0.0952	0.0930	0.0932	0.0924	0.0942	0.0999	0.0955	0.0943	0.0935	0.0934	0.0933	0.0925	0.0935	0.0976	0.0948	0.0937	0.0938	0.0939	0.0930	0.0933	0.0942	
0.1509	0.1317	0.1220	0.1198	0.1110	0.1058	0.1025	0.1030	0.1329	0.1234	0.1157	0.1124	0.1067	0.1044	0.1011	0.1016	0.1181	0.1098	0.1055	0.1036	0.1009	0.0983	0.0960	0.0981	0.1120	0.1044	0.1016	0.0998	0.0981	0.0961	0.0946	0.0968	0.1053	0.1009	0.0983	0.0980	0.0963	0.0950	0.0953	0.0939	0.1004	0.0970	0.0959	0.0957	0.0932	0.0939	0.0928	0.0944	0.1007	0.0963	0.0946	0.0940	0.0937	0.0936	0.0922	0.0941	0.0982	0.0951	0.0941	0.0942	0.0938	0.0926	0.0935	0.0946	
0.1591	0.1364	0.1244	0.1215	0.1121	0.1076	0.1024	0.1034	0.1383	0.1269	0.1183	0.1144	0.1081	0.1056	0.1016	0.1012	0.1203	0.1119	0.1067	0.1048	0.1016	0.0993	0.0970	0.0988	0.1130	0.1052	0.1016	0.1003	0.0984	0.0954	0.0945	0.0970	0.1063	0.1018	0.0981	0.0977	0.0969	0.0951	0.0956	0.0942	0.1015	0.0975	0.0960	0.0961	0.0935	0.0937	0.0924	0.0949	0.1008	0.0959	0.0949	0.0938	0.0937	0.0937	0.0926	0.0944	0.0992	0.0958	0.0942	0.0943	0.0938	0.0929	0.0935	0.0946	
0.1660	0.1424	0.1294	0.1252	0.1146	0.1080	0.1036	0.1042	0.1445	0.1313	0.1206	0.1163	0.1094	0.1068	0.1027	0.1019	0.1253	0.1138	0.1088	0.1063	0.1023	0.0995	0.0969	0.0985	0.1159	0.1068	0.1034	0.1015	0.0987	0.0968	0.0949	0.0972	0.1074	0.1028	0.0992	0.0981	0.0966	0.0954	0.0956	0.0950	0.1023	0.0981	0.0958	0.0962	0.0939	0.0940	0.0934	0.0945	0.1020	0.0971	0.0955	0.0944	0.0946	0.0940	0.0923	0.0942	0.0994	0.0961	0.0945	0.0949	0.0943	0.0933	0.0934	0.0940	
0.1751	0.1480	0.1326	0.1283	0.1161	0.1093	0.1039	0.1045	0.1490	0.1360	0.1231	0.1183	0.1114	0.1083	0.1027	0.1029	0.1277	0.1161	0.1090	0.1074	0.1029	0.1000	0.0971	0.0986	0.1172	0.1073	0.1044	0.1021	0.0988	0.0966	0.0950	0.0972	0.1088	0.1042	0.0995	0.0988	0.0971	0.0959	0.0960	0.0946	0.1030	0.0987	0.0966	0.0965	0.0936	0.0940	0.0928	0.0948	0.1027	0.0969	0.0951	0.0942	0.0939	0.0938	0.0926	0.0936	0.1006	0.0961	0.0949	0.0943	0.0940	0.0928	0.0936	0.0936	
0.1886	0.1546	0.1381	0.1310	0.1184	0.1107	0.1055	0.1066	0.1577	0.1403	0.1275	0.1217	0.1134	0.1090	0.1039	0.1038	0.1333	0.1200	0.1123	0.1086	0.1037	0.1015	0.0986	0.0992	0.1205	0.1104	0.1056	0.1031	0.1001	0.0975	0.0956	0.0978	0.1109	0.1056	0.1007	0.0987	0.0982	0.0962	0.0962	0.0950	0.1048	0.0997	0.0971	0.0969	0.0943	0.0945	0.0930	0.0954	0.1041	0.0980	0.0962	0.0945	0.0941	0.0942	0.0927	0.0939	0.1007	0.0964	0.0951	0.0950	0.0948	0.0935	0.0941	0.0944	
0.1991	0.1613	0.1419	0.1342	0.1204	0.1162	0.1062	0.1050	0.1643	0.1461	0.1306	0.1236	0.1144	0.1103	0.1043	0.1035	0.1373	0.1217	0.1145	0.1104	0.1047	0.1019	0.0984	0.0993	0.1236	0.1116	0.1057	0.1036	0.0999	0.0978	0.0959	0.0978	0.1123	0.1062	0.1013	0.0992	0.0980	0.0966	0.0963	0.0946	0.1055	0.1002	0.0975	0.0970	0.0943	0.0946	0.0934	0.0952	0.1045	0.0981	0.0962	0.0947	0.0944	0.0942	0.0932	0.0942	0.1017	0.0970	0.0951	0.0950	0.0946	0.0933	0.0934	0.0942	
0.2091	0.1693	0.1485	0.1382	0.1231	0.1139	0.1066	0.1065	0.1721	0.1505	0.1347	0.1272	0.1165	0.1123	0.1055	0.1048	0.1417	0.1255	0.1156	0.1113	0.1059	0.1023	0.0983	0.0997	0.1257	0.1134	0.1076	0.1041	0.1007	0.0975	0.0960	0.0977	0.1142	0.1078	0.1017	0.0998	0.0977	0.0965	0.0958	0.0950	0.1052	0.1003	0.0978	0.0976	0.0946	0.0944	0.0933	0.0956	0.1058	0.0986	0.0964	0.0950	0.0944	0.0941	0.0922	0.0941	0.1018	0.0975	0.0958	0.0946	0.0945	0.0931	0.0939	0.0944	
0.2253	0.1773	0.1519	0.1424	0.1255	0.1147	0.1087	0.1071	0.1810	0.1579	0.1393	0.1307	0.1191	0.1139	0.1063	0.1053	0.1478	0.1284	0.1185	0.1127	0.1064	0.1027	0.0990	0.0999	0.1307	0.1149	0.1079	0.1052	0.1012	0.0982	0.0962	0.0980	0.1174	0.1087	0.1026	0.1011	0.0990	0.0968	0.0969	0.0952	0.1076	0.1018	0.0983	0.0980	0.0945	0.0947	0.0935	0.0955	0.1069	0.0992	0.0971	0.0954	0.0949	0.0949	0.0932	0.0943	0.1032	0.0981	0.0956	0.0953	0.0947	0.0934	0.0939	0.0946	
0.2441	0.1893	0.1609	0.1474	0.1278	0.1179	0.1093	0.1103	0.1947	0.1650	0.1459	0.1348	0.1207	0.1161	0.1083	0.1067	0.1543	0.1329	0.1207	0.1153	0.1079	0.1043	0.1001	0.1006	0.1348	0.1184	0.1105	0.1067	0.1019	0.0992	0.0968	0.0984	0.1196	0.1105	0.1041	0.1014	0.1014	0.0974	0.0971	0.0959	0.1089	0.1021	0.0985	0.0985	0.0947	0.0949	0.0934	0.0958	0.1086	0.1004	0.0977	0.0964	0.0945	0.0950	0.0938	0.0949	0.1046	0.0984	0.0964	0.0956	0.0950	0.0943	0.0942	0.0949	
0.2611	0.1974	0.1652	0.1520	0.1308	0.1188	0.1100	0.1081	0.2049	0.1735	0.1482	0.1385	0.1235	0.1167	0.1084	0.1074	0.1612	0.1367	0.1228	0.1169	0.1091	0.1043	0.1003	0.1014	0.1388	0.1200	0.1115	0.1067	0.1020	0.0992	0.0966	0.0988	0.1220	0.1126	0.1047	0.1021	0.0994	0.0977	0.0969	0.0958	0.1098	0.1031	0.0994	0.0984	0.0951	0.0953	0.0939	0.0951	0.1098	0.1001	0.0975	0.0958	0.0952	0.0945	0.0930	0.0944	0.1044	0.0986	0.0961	0.0959	0.0945	0.0936	0.0941	0.0946	
0.2824	0.2107	0.1733	0.1582	0.1339	0.1211	0.1120	0.1111	0.2184	0.1816	0.1558	0.1429	0.1272	0.1200	0.1101	0.1082	0.1690	0.1411	0.1264	0.1194	0.1104	0.1058	0.1006	0.1021	0.1427	0.1233	0.1134	0.1085	0.1035	0.1003	0.0977	0.0992	0.1253	0.1141	0.1052	0.1026	0.0998	0.0982	0.0975	0.0959	0.1123	0.1029	0.1003	0.0985	0.0952	0.0955	0.0940	0.0959	0.1106	0.1013	0.0981	0.0964	0.0949	0.0953	0.0934	0.0949	0.1058	0.0997	0.0967	0.0962	0.0953	0.0947	0.0945	0.0950	
0.3018	0.2243	0.1790	0.1635	0.1360	0.1220	0.1122	0.1093	0.2318	0.1914	0.1607	0.1464	0.1292	0.1214	0.1116	0.1093	0.1766	0.1467	0.1284	0.1212	0.1113	0.1062	0.1016	0.1014	0.1473	0.1244	0.1152	0.1093	0.1037	0.1004	0.0975	0.0997	0.1272	0.1142	0.1058	0.1029	0.1007	0.0980	0.0976	0.0957	0.1129	0.1045	0.1003	0.0986	0.0952	0.0947	0.0933	0.0958	0.1119	0.1015	0.0982	0.0969	0.0952	0.0951	0.0932	0.0943	0.1068	0.0994	0.0970	0.0959	0.0954	0.0937	0.0948	0.0949	
0.3310	0.2386	0.1858	0.1689	0.1404	0.1233	0.1133	0.1107	0.2498	0.2030	0.1672	0.1516	0.1316	0.1245	0.1128	0.1094	0.1890	0.1520	0.1325	0.1237	0.1130	0.1071	0.1019	0.1020	0.1551	0.1275	0.1166	0.1109	0.1043	0.1011	0.0977	0.0988	0.1305	0.1167	0.1072	0.1033	0.1001	0.0975	0.0977	0.0960	0.1159	0.1045	0.1004	0.0993	0.0952	0.0959	0.0939	0.0955	0.1142	0.1023	0.0990	0.0966	0.0951	0.0945	0.0933	0.0943	0.1075	0.1001	0.0969	0.0960	0.0948	0.0935	0.0947	0.0947	
0.3563	0.2562	0.1966	0.1743	0.1440	0.1268	0.1153	0.1108	0.2623	0.2133	0.1749	0.1581	0.1352	0.1263	0.1142	0.1113	0.1959	0.1569	0.1362	0.1265	0.1139	0.1082	0.1019	0.1023	0.1584	0.1311	0.1185	0.1114	0.1048	0.1019	0.0978	0.0992	0.1339	0.1186	0.1086	0.1045	0.1012	0.0984	0.0983	0.0952	0.1169	0.1064	0.1012	0.0999	0.0955	0.0954	0.0947	0.0953	0.1154	0.1028	0.0989	0.0970	0.0952	0.0955	0.0940	0.0948	0.1091	0.1008	0.0973	0.0966	0.0951	0.0944	0.0945	0.0949	
0.3897	0.2705	0.2112	0.1817	0.1484	0.1287	0.1173	0.1122	0.2863	0.2275	0.1832	0.1630	0.1399	0.1297	0.1151	0.1122	0.2080	0.1617	0.1407	0.1294	0.1165	0.1091	0.1032	0.1029	0.1662	0.1340	0.1215	0.1131	0.1059	0.1019	0.0987	0.1001	0.1378	0.1207	0.1098	0.1050	0.1013	0.0995	0.0991	0.0961	0.1195	0.1071	0.1019	0.1001	0.0960	0.0961	0.0941	0.0957	0.1169	0.1042	0.0997	0.0970	0.0957	0.0954	0.0939	0.0948	0.1109	0.1013	0.0982	0.0971	0.0958	0.0945	0.0947	0.0954	
0.4182	0.2944	0.2209	0.1880	0.1522	0.1318	0.1182	0.1130	0.3106	0.2439	0.1921	0.1710	0.1441	0.1319	0.1175	0.1136	0.2194	0.1685	0.1462	0.1326	0.1183	0.1109	0.1041	0.1036	0.1744	0.1373	0.1241	0.1162	0.1066	0.1038	0.0989	0.1004	0.1425	0.1228	0.1113	0.1062	0.1023	0.0992	0.0990	0.0962	0.1217	0.1088	0.1035	0.1008	0.0961	0.0965	0.0945	0.0957	0.1196	0.1047	0.1004	0.0975	0.0961	0.0956	0.0946	0.0954	0.1109	0.1022	0.0987	0.0971	0.0961	0.0942	0.0949	0.0949	
0.4499	0.3132	0.2333	0.1973	0.1568	0.1350	0.1189	0.1161	0.3332	0.2576	0.2029	0.1773	0.1468	0.1354	0.1193	0.1148	0.2332	0.1773	0.1509	0.1356	0.1198	0.1117	0.1049	0.1038	0.1807	0.1429	0.1258	0.1165	0.1075	0.1031	0.0996	0.1007	0.1470	0.1253	0.1131	0.1077	0.1029	0.1002	0.0991	0.0968	0.1230	0.1094	0.1035	0.1016	0.0964	0.0972	0.0948	0.0963	0.1210	0.1057	0.1014	0.0977	0.0963	0.0957	0.0942	0.0953	0.1126	0.1028	0.0989	0.0976	0.0964	0.0945	0.0950	0.0953	
0.4785	0.3340	0.2382	0.2034	0.1601	0.1364	0.1208	0.1140	0.3552	0.2737	0.2120	0.1854	0.1506	0.1378	0.1202	0.1163	0.2460	0.1860	0.1567	0.1386	0.1214	0.1135	0.1052	0.1041	0.1893	0.1459	0.1283	0.1177	0.1087	0.1040	0.0995	0.1007	0.1521	0.1281	0.1139	0.1080	0.1030	0.0999	0.0996	0.0968	0.1266	0.1099	0.1036	0.1012	0.0968	0.0969	0.0944	0.0959	0.1238	0.1069	0.1013	0.0982	0.0963	0.0959	0.0945	0.0951	0.1136	0.1029	0.0989	0.0977	0.0962	0.0951	0.0948	0.0971	
0.5078	0.3594	0.2524	0.2144	0.1667	0.1393	0.1229	0.1159	0.3805	0.2944	0.2250	0.1939	0.1561	0.1410	0.1227	0.1171	0.2628	0.1938	0.1623	0.1444	0.1246	0.1144	0.1061	0.1045	0.1988	0.1519	0.1322	0.1193	0.1097	0.1043	0.1002	0.1006	0.1567	0.1308	0.1155	0.1093	0.1040	0.1004	0.0992	0.0967	0.1285	0.1121	0.1050	0.1021	0.0973	0.0967	0.0947	0.0960	0.1257	0.1082	0.1023	0.0991	0.0969	0.0960	0.0942	0.0947	0.1154	0.1036	0.0995	0.0979	0.0961	0.0947	0.0950	0.0955	
0.5376	0.3811	0.2698	0.2215	0.1700	0.1418	0.1240	0.1172	0.4054	0.3141	0.2359	0.2020	0.1614	0.1447	0.1250	0.1196	0.2802	0.2040	0.1683	0.1477	0.1269	0.1164	0.1075	0.1054	0.2097	0.1568	0.1346	0.1220	0.1108	0.1058	0.1004	0.1014	0.1625	0.1332	0.1170	0.1097	0.1039	0.1008	0.0997	0.0973	0.1331	0.1135	0.1065	0.1028	0.0977	0.0975	0.0953	0.0961	0.1283	0.1092	0.1029	0.0992	0.0969	0.0960	0.0949	0.0959	0.1184	0.1043	0.1005	0.0979	0.0968	0.0940	0.0953	0.0957	
0.5732	0.4061	0.2777	0.2316	0.1753	0.1444	0.1266	0.1172	0.4365	0.3369	0.2500	0.2110	0.1664	0.1486	0.1274	0.1201	0.3059	0.2160	0.1751	0.1514	0.1290	0.1179	0.1084	0.1063	0.2227	0.1624	0.1378	0.1247	0.1116	0.1055	0.1007	0.1016	0.1691	0.1380	0.1197	0.1112	0.1051	0.1018	0.1003	0.0976	0.1359	0.1153	0.1076	0.1038	0.0973	0.0972	0.0955	0.0968	0.1310	0.1096	0.1035	0.0998	0.0971	0.0961	0.0952	0.0952	0.1203	0.1058	0.1009	0.0981	0.0963	0.0947	0.0950	0.0955	
0.6037	0.4351	0.2948	0.2399	0.1801	0.1488	0.1277	0.1182	0.4637	0.3620	0.2645	0.2234	0.1735	0.1529	0.1302	0.1225	0.3310	0.2322	0.1850	0.1573	0.1319	0.1192	0.1092	0.1067	0.2363	0.1695	0.1426	0.1262	0.1140	0.1074	0.1023	0.1024	0.1771	0.1406	0.1212	0.1129	0.1060	0.1024	0.1012	0.0976	0.1395	0.1177	0.1087	0.1042	0.0985	0.0978	0.0957	0.0974	0.1351	0.1117	0.1045	0.1002	0.0978	0.0968	0.0951	0.0956	0.1220	0.1067	0.1009	0.0991	0.0973	0.0948	0.0959	0.0959	
0.6309	0.4588	0.3118	0.2504	0.1854	0.1515	0.1301	0.1206	0.4914	0.3811	0.2784	0.2324	0.1774	0.1585	0.1323	0.1239	0.3510	0.2442	0.1921	0.1622	0.1346	0.1215	0.1096	0.1073	0.2491	0.1755	0.1464	0.1284	0.1141	0.1079	0.1018	0.1018	0.1830	0.1441	0.1227	0.1139	0.1069	0.1029	0.1004	0.0980	0.1440	0.1198	0.1092	0.1045	0.0988	0.0973	0.0953	0.0966	0.1367	0.1123	0.1049	0.1003	0.0972	0.0970	0.0945	0.0951	0.1232	0.1081	0.1011	0.0990	0.0965	0.0945	0.0953	0.0961	
0.6545	0.4884	0.3343	0.2646	0.1919	0.1548	0.1306	0.1208	0.5224	0.4045	0.2983	0.2456	0.1838	0.1608	0.1347	0.1263	0.3805	0.2596	0.2028	0.1693	0.1378	0.1234	0.1111	0.1084	0.2658	0.1824	0.1511	0.1314	0.1153	0.1097	0.1025	0.1049	0.1937	0.1481	0.1257	0.1156	0.1077	0.1038	0.1009	0.0982	0.1478	0.1199	0.1105	0.1054	0.0991	0.0981	0.0962	0.0971	0.1405	0.1139	0.1057	0.1011	0.0980	0.0970	0.0950	0.0960	0.1253	0.1083	0.1022	0.0999	0.0973	0.0954	0.0956	0.0955	
0.6791	0.5148	0.3488	0.2725	0.1982	0.1596	0.1329	0.1214	0.5501	0.4308	0.3128	0.2584	0.1922	0.1672	0.1375	0.1283	0.4051	0.2749	0.2134	0.1749	0.1406	0.1245	0.1125	0.1087	0.2807	0.1919	0.1562	0.1345	0.1172	0.1103	0.1034	0.1027	0.2028	0.1533	0.1284	0.1176	0.1087	0.1034	0.1019	0.0981	0.1526	0.1223	0.1122	0.1058	0.0992	0.0990	0.0962	0.0970	0.1434	0.1156	0.1064	0.1016	0.0979	0.0971	0.0951	0.0954	0.1283	0.1090	0.1027	0.0997	0.0978	0.0954	0.0952	0.0956	
0.7013	0.5420	0.3686	0.2835	0.2023	0.1622	0.1346	0.1224	0.5759	0.4575	0.3311	0.2697	0.1986	0.1720	0.1400	0.1299	0.4312	0.2888	0.2244	0.1820	0.1438	0.1267	0.1134	0.1104	0.3013	0.2000	0.1606	0.1371	0.1185	0.1117	0.1035	0.1042	0.2109	0.1567	0.1306	0.1186	0.1100	0.1038	0.1020	0.0980	0.1568	0.1252	0.1135	0.1065	0.0994	0.0985	0.0968	0.0971	0.1472	0.1173	0.1075	0.1020	0.0985	0.0976	0.0953	0.0962	0.1307	0.1110	0.1031	0.1005	0.0984	0.0957	0.0958	0.0964	
0.7297	0.5680	0.3763	0.2965	0.2092	0.1643	0.1366	0.1238	0.6052	0.4857	0.3499	0.2857	0.2073	0.1755	0.1432	0.1312	0.4635	0.3076	0.2343	0.1883	0.1477	0.1286	0.1141	0.1102	0.3194	0.2092	0.1661	0.1394	0.1193	0.1122	0.1046	0.1033	0.2210	0.1625	0.1328	0.1205	0.1101	0.1055	0.1022	0.0982	0.1620	0.1276	0.1141	0.1077	0.1004	0.0990	0.0964	0.0972	0.1515	0.1188	0.1079	0.1023	0.0986	0.0973	0.0955	0.0957	0.1327	0.1120	0.1040	0.1009	0.0977	0.0963	0.0959	0.0966	
0.7397	0.5916	0.4024	0.3068	0.2152	0.1655	0.1376	0.1247	0.6295	0.5059	0.3680	0.2991	0.2152	0.1810	0.1453	0.1330	0.4868	0.3280	0.2450	0.1987	0.1509	0.1311	0.1159	0.1107	0.3365	0.2161	0.1723	0.1441	0.1209	0.1126	0.1038	0.1036	0.2286	0.1664	0.1353	0.1218	0.1101	0.1049	0.1021	0.0976	0.1664	0.1284	0.1158	0.1082	0.1003	0.0985	0.0962	0.0967	0.1559	0.1188	0.1093	0.1020	0.0982	0.0971	0.0953	0.0954	0.1350	0.1119	0.1037	0.1006	0.0974	0.0953	0.0953	0.0953	
0.7595	0.6195	0.4131	0.3181	0.2210	0.1703	0.1399	0.1268	0.6600	0.5336	0.3910	0.3160	0.2246	0.1880	0.1502	0.1362	0.5221	0.3498	0.2599	0.2063	0.1555	0.1329	0.1175	0.1116	0.3640	0.2303	0.1768	0.1485	0.1232	0.1157	0.1057	0.1044	0.2449	0.1736	0.1391	0.1246	0.1122	0.1065	0.1039	0.0991	0.1747	0.1325	0.1175	0.1099	0.1012	0.0996	0.0972	0.0975	0.1616	0.1224	0.1103	0.1034	0.0996	0.0980	0.0961	0.0962	0.1388	0.1143	0.1056	0.1014	0.0985	0.0965	0.0957	0.0971	
0.7655	0.6422	0.4319	0.3309	0.2270	0.1724	0.1406	0.1275	0.6742	0.5606	0.4105	0.3289	0.2340	0.1927	0.1527	0.1384	0.5489	0.3702	0.2749	0.2159	0.1587	0.1349	0.1192	0.1122	0.3892	0.2459	0.1844	0.1510	0.1253	0.1157	0.1065	0.1044	0.2600	0.1801	0.1420	0.1257	0.1129	0.1059	0.1040	0.0993	0.1819	0.1350	0.1179	0.1109	0.1010	0.0996	0.0975	0.0970	0.1656	0.1236	0.1115	0.1041	0.0999	0.0980	0.0956	0.0959	0.1424	0.1156	0.1059	0.1017	0.0981	0.0960	0.0958	0.0960	
0.7663	0.6658	0.4509	0.3414	0.2337	0.1776	0.1434	0.1286	0.7083	0.5850	0.4320	0.3479	0.2411	0.1999	0.1556	0.1417	0.5711	0.3918	0.2896	0.2248	0.1641	0.1383	0.1192	0.1126	0.4126	0.2558	0.1950	0.1554	0.1278	0.1171	0.1069	0.1047	0.2741	0.1860	0.1467	0.1285	0.1144	0.1071	0.1041	0.0992	0.1887	0.1377	0.1210	0.1112	0.1013	0.0998	0.0980	0.0976	0.1719	0.1261	0.1125	0.1049	0.0997	0.0982	0.0957	0.0957	0.1460	0.1165	0.1070	0.1024	0.0985	0.0965	0.0964	0.0967	
0.7701	0.6859	0.4686	0.3543	0.2393	0.1804	0.1460	0.1296	0.7216	0.6082	0.4514	0.3637	0.2518	0.2070	0.1595	0.1443	0.6004	0.4141	0.3063	0.2367	0.1705	0.1416	0.1224	0.1145	0.4353	0.2691	0.1996	0.1600	0.1294	0.1193	0.1071	0.1060	0.2897	0.1931	0.1496	0.1300	0.1152	0.1078	0.1048	0.0990	0.1955	0.1400	0.1216	0.1122	0.1020	0.1006	0.0977	0.0976	0.1775	0.1279	0.1133	0.1058	0.1003	0.0991	0.0968	0.0964	0.1489	0.1174	0.1072	0.1030	0.0990	0.0960	0.0964	0.0958	
0.7749	0.7068	0.4898	0.3620	0.2449	0.1828	0.1484	0.1320	0.7393	0.6332	0.4753	0.3800	0.2614	0.2141	0.1635	0.1458	0.6249	0.4422	0.3242	0.2478	0.1748	0.1452	0.1228	0.1158	0.4661	0.2864	0.2101	0.1648	0.1322	0.1198	0.1085	0.1060	0.3114	0.2040	0.1541	0.1335	0.1169	0.1094	0.1049	0.0990	0.2059	0.1445	0.1240	0.1134	0.1026	0.1013	0.0977	0.0976	0.1846	0.1297	0.1151	0.1065	0.1004	0.0986	0.0958	0.0963	0.1534	0.1195	0.1079	0.1041	0.0994	0.0967	0.0963	0.0975	
0.7757	0.7260	0.5091	0.3760	0.2534	0.1875	0.1497	0.1322	0.7535	0.6552	0.4938	0.3959	0.2730	0.2201	0.1664	0.1495	0.6470	0.4640	0.3442	0.2610	0.1807	0.1470	0.1255	0.1169	0.4897	0.3024	0.2203	0.1695	0.1349	0.1223	0.1097	0.1069	0.3273	0.2096	0.1590	0.1347	0.1179	0.1095	0.1048	0.0999	0.2147	0.1474	0.1260	0.1139	0.1032	0.1009	0.0978	0.0984	0.1896	0.1324	0.1166	0.1068	0.1015	0.0995	0.0968	0.0964	0.1585	0.1218	0.1089	0.1040	0.0995	0.0976	0.0967	0.0968	
0.7773	0.7384	0.5241	0.3868	0.2576	0.1898	0.1523	0.1328	0.7574	0.6806	0.5170	0.4122	0.2829	0.2268	0.1705	0.1524	0.6675	0.4860	0.3594	0.2702	0.1864	0.1506	0.1259	0.1167	0.5066	0.3181	0.2299	0.1741	0.1363	0.1232	0.1097	0.1066	0.3436	0.2171	0.1627	0.1376	0.1189	0.1098	0.1052	0.0994	0.2223	0.1509	0.1264	0.1152	0.1037	0.1007	0.0979	0.0985	0.1958	0.1350	0.1175	0.1066	0.1014	0.0989	0.0964	0.0964	0.1600	0.1219	0.1096	0.1040	0.0996	0.0963	0.0965	0.0961	
0.7756	0.7470	0.5418	0.3969	0.2651	0.1926	0.1533	0.1417	0.7612	0.6976	0.5382	0.4313	0.2957	0.2346	0.1749	0.1543	0.6877	0.5101	0.3803	0.2859	0.1934	0.1536	0.1285	0.1190	0.5346	0.3362	0.2406	0.1824	0.1402	0.1249	0.1103	0.1072	0.3660	0.2269	0.1660	0.1402	0.1210	0.1100	0.1053	0.1001	0.2318	0.1552	0.1304	0.1167	0.1037	0.1017	0.0986	0.0982	0.2028	0.1368	0.1189	0.1082	0.1012	0.0996	0.0965	0.0965	0.1652	0.1246	0.1112	0.1056	0.1002	0.0968	0.0968	0.0966	
0.7808	0.7517	0.5637	0.4072	0.2716	0.1970	0.1563	0.1361	0.7658	0.7169	0.5613	0.4495	0.3053	0.2423	0.1792	0.1577	0.7082	0.5410	0.4029	0.3011	0.2003	0.1576	0.1302	0.1196	0.5625	0.3568	0.2545	0.1898	0.1425	0.1269	0.1117	0.1073	0.3886	0.2383	0.1726	0.1436	0.1227	0.1114	0.1066	0.1008	0.2456	0.1599	0.1332	0.1181	0.1047	0.1023	0.0982	0.0985	0.2120	0.1411	0.1212	0.1096	0.1020	0.0999	0.0974	0.0978	0.1702	0.1269	0.1122	0.1061	0.1005	0.0974	0.0975	0.0969	
0.7773	0.7574	0.5750	0.4231	0.2781	0.1995	0.1562	0.1360	0.7664	0.7341	0.5852	0.4685	0.3162	0.2501	0.1831	0.1585	0.7251	0.5583	0.4247	0.3178	0.2079	0.1619	0.1328	0.1201	0.5816	0.3784	0.2669	0.1963	0.1456	0.1293	0.1119	0.1085	0.4073	0.2509	0.1790	0.1483	0.1234	0.1114	0.1070	0.1000	0.2564	0.1636	0.1358	0.1193	0.1055	0.1011	0.0972	0.0979	0.2208	0.1424	0.1224	0.1094	0.1023	0.0993	0.0968	0.0960	0.1747	0.1295	0.1127	0.1059	0.1014	0.0968	0.0960	0.0967	
0.7867	0.7591	0.5921	0.4320	0.2835	0.2036	0.1593	0.1381	0.7727	0.7481	0.5996	0.4868	0.3269	0.2592	0.1882	0.1623	0.7375	0.5825	0.4419	0.3332	0.2158	0.1662	0.1352	0.1216	0.6046	0.3988	0.2790	0.2037	0.1482	0.1301	0.1128	0.1085	0.4330	0.2612	0.1853	0.1514	0.1259	0.1131	0.1076	0.1009	0.2720	0.1700	0.1372	0.1211	0.1063	0.1031	0.0988	0.0987	0.2305	0.1469	0.1247	0.1108	0.1025	0.1001	0.0975	0.0970	0.1807	0.1301	0.1129	0.1072	0.1015	0.0974	0.0969	0.0968	
0.7785	0.7582	0.6110	0.4432	0.2894	0.2055	0.1604	0.1394	0.7667	0.7542	0.6238	0.5073	0.3390	0.2674	0.1923	0.1657	0.7436	0.6018	0.4649	0.3477	0.2239	0.1694	0.1369	0.1228	0.6215	0.4166	0.2910	0.2085	0.1522	0.1335	0.1139	0.1097	0.4478	0.2732	0.1906	0.1538	0.1276	0.1137	0.1085	0.1008	0.2825	0.1757	0.1403	0.1217	0.1070	0.1031	0.0987	0.0989	0.2392	0.1496	0.1274	0.1120	0.1030	0.1001	0.0977	0.0968	0.1862	0.1320	0.1147	0.1083	0.1016	0.0982	0.0975	0.0966	
0.7910	0.7615	0.6245	0.4512	0.2954	0.2085	0.1631	0.1421	0.7774	0.7615	0.6388	0.5252	0.3525	0.2741	0.1965	0.1695	0.7498	0.6231	0.4792	0.3625	0.2321	0.1741	0.1391	0.1241	0.6387	0.4424	0.3050	0.2195	0.1562	0.1354	0.1154	0.1096	0.4762	0.2872	0.1948	0.1590	0.1292	0.1154	0.1091	0.1015	0.3011	0.1796	0.1431	0.1238	0.1077	0.1039	0.0992	0.0986	0.2488	0.1535	0.1283	0.1131	0.1034	0.1007	0.0975	0.0966	0.1932	0.1344	0.1158	0.1083	0.1020	0.0987	0.0977	0.0973	
0.7926	0.7643	0.6422	0.4655	0.3011	0.2113	0.1639	0.1429	0.7802	0.7670	0.6619	0.5390	0.3655	0.2851	0.2020	0.1730	0.7509	0.6394	0.5022	0.3808	0.2428	0.1794	0.1418	0.1265	0.6639	0.4607	0.3234	0.2277	0.1598	0.1378	0.1160	0.1104	0.4996	0.3031	0.2062	0.1653	0.1323	0.1166	0.1096	0.1018	0.3169	0.1874	0.1470	0.1256	0.1088	0.1042	0.0993	0.0989	0.2594	0.1588	0.1294	0.1131	0.1040	0.1014	0.0980	0.0975	0.1995	0.1370	0.1176	0.1095	0.1019	0.0985	0.0980	0.0969	
0.7944	0.7631	0.6568	0.4725	0.3085	0.2123	0.1654	0.1424	0.7815	0.7666	0.6781	0.5572	0.3757	0.2907	0.2058	0.1760	0.7551	0.6536	0.5254	0.3944	0.2490	0.1827	0.1438	0.1276	0.6840	0.4818	0.3379	0.2368	0.1645	0.1406	0.1178	0.1109	0.5234	0.3156	0.2138	0.1667	0.1334	0.1176	0.1096	0.1013	0.3305	0.1934	0.1498	0.1269	0.1091	0.1049	0.0989	0.0994	0.2724	0.1593	0.1326	0.1151	0.1046	0.1010	0.0984	0.0974	0.2055	0.1389	0.1192	0.1103	0.1024	0.0978	0.0975	0.0971	
0.7923	0.7637	0.6707	0.4882	0.3138	0.2166	0.1674	0.1428	0.7794	0.7676	0.6916	0.5742	0.3847	0.3009	0.2087	0.1784	0.7557	0.6724	0.5427	0.4130	0.2595	0.1874	0.1460	0.1289	0.6936	0.5046	0.3523	0.2477	0.1687	0.1420	0.1187	0.1104	0.5443	0.3331	0.2220	0.1721	0.1345	0.1185	0.1095	0.1018	0.3462	0.1994	0.1520	0.1287	0.1094	0.1051	0.0993	0.0991	0.2871	0.1653	0.1339	0.1159	0.1050	0.1023	0.0979	0.0977	0.2140	0.1425	0.1205	0.1113	0.1026	0.0990	0.0978	0.0966	
0.8021	0.7689	0.6770	0.4966	0.3208	0.2195	0.1702	0.1451	0.7859	0.7732	0.7058	0.5863	0.3994	0.3069	0.2147	0.1831	0.7582	0.6889	0.5621	0.4339	0.2702	0.1946	0.1500	0.1306	0.7127	0.5284	0.3729	0.2588	0.1734	0.1463	0.1202	0.1126	0.5701	0.3491	0.2335	0.1783	0.1378	0.1202	0.1122	0.1019	0.3658	0.2078	0.1573	0.1320	0.1110	0.1058	0.1003	0.0990	0.2993	0.1688	0.1375	0.1175	0.1056	0.1023	0.0985	0.0981	0.2235	0.1458	0.1225	0.1113	0.1031	0.0990	0.0979	0.0971	
0.8003	0.7677	0.6860	0.5115	0.3234	0.2194	0.1703	0.1451	0.7846	0.7722	0.7146	0.6034	0.4097	0.3161	0.2183	0.1862	0.7605	0.7006	0.5775	0.4520	0.2804	0.1991	0.1513	0.1325	0.7180	0.5392	0.3900	0.2700	0.1784	0.1475	0.1205	0.1133	0.5833	0.3613	0.2404	0.1820	0.1399	0.1203	0.1115	0.1009	0.3799	0.2147	0.1591	0.1315	0.1116	0.1054	0.1004	0.0988	0.3111	0.1737	0.1403	0.1183	0.1060	0.1021	0.0987	0.0971	0.2294	0.1479	0.1236	0.1119	0.1033	0.0990	0.0979	0.0971	
0.8077	0.7701	0.6885	0.5243	0.3298	0.2210	0.1718	0.1593	0.7933	0.7781	0.7238	0.6179	0.4233	0.3247	0.2233	0.1886	0.7654	0.7169	0.5995	0.4701	0.2905	0.2068	0.1536	0.1338	0.7223	0.5657	0.4050	0.2835	0.1838	0.1519	0.1222	0.1139	0.6043	0.3816	0.2511	0.1891	0.1437	0.1215	0.1117	0.1025	0.3989	0.2249	0.1651	0.1347	0.1123	0.1064	0.1007	0.0995	0.3291	0.1788	0.1420	0.1193	0.1065	0.1026	0.0980	0.0970	0.2401	0.1507	0.1249	0.1131	0.1033	0.0994	0.0984	0.0976	
0.8096	0.7676	0.6803	0.5305	0.3333	0.2228	0.1741	0.1473	0.7951	0.7789	0.7185	0.6289	0.4353	0.3323	0.2278	0.1923	0.7641	0.7226	0.6110	0.4878	0.3024	0.2102	0.1583	0.1355	0.7246	0.5825	0.4243	0.2955	0.1896	0.1533	0.1240	0.1139	0.6235	0.4001	0.2608	0.1962	0.1451	0.1232	0.1129	0.1024	0.4173	0.2328	0.1669	0.1372	0.1137	0.1071	0.1008	0.1003	0.3438	0.1850	0.1460	0.1214	0.1071	0.1030	0.0988	0.0975	0.2481	0.1547	0.1263	0.1142	0.1048	0.0995	0.0983	0.0977	
0.8049	0.7671	0.6942	0.5481	0.3417	0.2251	0.1745	0.1482	0.7917	0.7770	0.7219	0.6425	0.4469	0.3424	0.2317	0.1950	0.7668	0.7270	0.6286	0.5031	0.3134	0.2145	0.1596	0.1376	0.7252	0.5958	0.4429	0.3073	0.1950	0.1576	0.1253	0.1144	0.6375	0.4183	0.2720	0.2027	0.1489	0.1241	0.1137	0.1025	0.4330	0.2396	0.1715	0.1392	0.1144	0.1085	0.1010	0.1001	0.3580	0.1905	0.1480	0.1235	0.1079	0.1037	0.0986	0.0976	0.2586	0.1569	0.1287	0.1157	0.1048	0.0997	0.0994	0.0974	
0.8185	0.7701	0.6935	0.5610	0.3527	0.2291	0.1769	0.1494	0.7965	0.7808	0.7268	0.6683	0.4545	0.3468	0.2369	0.1993	0.7700	0.7325	0.6438	0.5203	0.3238	0.2214	0.1629	0.1391	0.7304	0.6109	0.4598	0.3204	0.1987	0.1611	0.1264	0.1152	0.6512	0.4375	0.2858	0.2107	0.1517	0.1257	0.1141	0.1035	0.4505	0.2502	0.1793	0.1416	0.1160	0.1075	0.1012	0.0998	0.3677	0.1968	0.1533	0.1237	0.1078	0.1039	0.0995	0.0973	0.2705	0.1606	0.1311	0.1163	0.1047	0.1000	0.0986	0.0977	
0.8121	0.7714	0.6891	0.5691	0.3561	0.2283	0.1769	0.1498	0.7918	0.7840	0.7295	0.6743	0.4680	0.3503	0.2411	0.2007	0.7681	0.7373	0.6555	0.5374	0.3366	0.2286	0.1653	0.1410	0.7287	0.6294	0.4785	0.3352	0.2059	0.1662	0.1275	0.1162	0.6672	0.4558	0.2968	0.2164	0.1548	0.1278	0.1148	0.1033	0.4658	0.2610	0.1837	0.1458	0.1168	0.1082	0.1015	0.0995	0.3847	0.2042	0.1539	0.1266	0.1091	0.1043	0.0998	0.0978	0.2792	0.1641	0.1323	0.1171	0.1055	0.1001	0.0989	0.0977	
0.8218	0.7731	0.6933	0.5828	0.3645	0.2319	0.1788	0.1544	0.8030	0.7832	0.7340	0.6866	0.4813	0.3567	0.2455	0.2046	0.7711	0.7402	0.6681	0.5540	0.3487	0.2351	0.1694	0.1428	0.7316	0.6389	0.4946	0.3510	0.2156	0.1694	0.1289	0.1174	0.6895	0.4752	0.3128	0.2280	0.1603	0.1295	0.1160	0.1037	0.4932	0.2722	0.1910	0.1493	0.1183	0.1092	0.1022	0.1010	0.4035	0.2111	0.1575	0.1281	0.1096	0.1054	0.1005	0.0985	0.2957	0.1711	0.1348	0.1186	0.1066	0.1009	0.0984	0.0982	
0.8219	0.7749	0.6874	0.5884	0.3704	0.2362	0.1817	0.1526	0.8043	0.7872	0.7360	0.6857	0.4877	0.3632	0.2503	0.2085	0.7721	0.7407	0.6747	0.5693	0.3598	0.2408	0.1728	0.1444	0.7329	0.6558	0.5151	0.3656	0.2222	0.1732	0.1313	0.1182	0.6949	0.4924	0.3261	0.2348	0.1623	0.1308	0.1168	0.1042	0.5046	0.2836	0.1961	0.1498	0.1192	0.1096	0.1022	0.1001	0.4159	0.2191	0.1611	0.1296	0.1106	0.1048	0.0995	0.0983	0.3060	0.1747	0.1370	0.1196	0.1070	0.1013	0.0989	0.0980	
