0.1577	0.1350	0.1614	0.1720	0.1708	0.1619	0.1215	0.1798	0.1626	0.1557	0.1625	0.1685	0.1717	0.1828	0.1844	0.1905	0.1655	0.1612	0.1664	0.1633	0.1732	0.1819	0.1901	0.1889	0.1669	0.1627	0.1688	0.1689	0.1464	0.1639	0.1859	0.1766	0.1627	0.1648	0.1741	0.1769	0.1765	0.1895	0.1850	0.1951	0.1633	0.1651	0.1724	0.1707	0.1753	0.2009	0.1820	0.2072	0.1525	0.1611	0.1691	0.1649	0.1780	0.1783	0.1844	0.2090	0.1409	0.1436	0.1695	0.1650	0.1790	0.1979	0.1838	0.2015	
0.0861	0.0875	0.0882	0.0869	0.0882	0.0875	0.0884	0.0894	0.0886	0.0880	0.0862	0.0880	0.0868	0.0873	0.0878	0.0881	0.0872	0.0876	0.0878	0.0872	0.0865	0.0873	0.0880	0.0905	0.0874	0.0880	0.0872	0.0889	0.0865	0.0874	0.0870	0.0916	0.0864	0.0874	0.0860	0.0884	0.0860	0.0876	0.0883	0.0906	0.0866	0.0875	0.0863	0.0867	0.0864	0.0866	0.0876	0.0914	0.0867	0.0876	0.0856	0.0878	0.0882	0.0871	0.0872	0.0955	0.0860	0.0873	0.0864	0.0869	0.0864	0.0865	0.0896	0.0911	
0.0888	0.0914	0.0898	0.0910	0.0904	0.0914	0.0923	0.0937	0.0893	0.0922	0.0885	0.0921	0.0894	0.0907	0.0892	0.0927	0.0897	0.0919	0.0900	0.0903	0.0884	0.0901	0.0900	0.0943	0.0901	0.0915	0.0888	0.0926	0.0886	0.0902	0.0888	0.0947	0.0887	0.0913	0.0879	0.0923	0.0876	0.0910	0.0898	0.0942	0.0894	0.0913	0.0886	0.0907	0.0883	0.0900	0.0892	0.0948	0.0896	0.0914	0.0881	0.0908	0.0891	0.0905	0.0899	0.0985	0.0916	0.0912	0.0890	0.0900	0.0891	0.0903	0.0913	0.0947	
0.0870	0.0857	0.0882	0.0872	0.0883	0.0858	0.0890	0.0885	0.0865	0.0863	0.0854	0.0864	0.0869	0.0848	0.0857	0.0869	0.0868	0.0859	0.0867	0.0857	0.0849	0.0852	0.0857	0.0899	0.0867	0.0863	0.0865	0.0868	0.0857	0.0852	0.0860	0.0904	0.0866	0.0858	0.0865	0.0869	0.0859	0.0850	0.0865	0.0911	0.0866	0.0862	0.0856	0.0853	0.0853	0.0850	0.0862	0.0899	0.0866	0.0856	0.0855	0.0859	0.0867	0.0854	0.0863	0.0941	0.0870	0.0861	0.0858	0.0859	0.0854	0.0852	0.0880	0.0901	
0.0848	0.0834	0.0840	0.0841	0.0842	0.0840	0.0831	0.0867	0.0855	0.0843	0.0849	0.0840	0.0851	0.0834	0.0851	0.0846	0.0857	0.0840	0.0862	0.0830	0.0841	0.0826	0.0852	0.0869	0.0852	0.0838	0.0852	0.0850	0.0856	0.0835	0.0849	0.0885	0.0855	0.0839	0.0850	0.0842	0.0851	0.0837	0.0866	0.0880	0.0859	0.0836	0.0847	0.0833	0.0846	0.0827	0.0855	0.0879	0.0856	0.0828	0.0845	0.0836	0.0862	0.0832	0.0846	0.0923	0.0853	0.0829	0.0850	0.0840	0.0850	0.0826	0.0869	0.0874	
0.0861	0.0869	0.0863	0.0866	0.0866	0.0867	0.0871	0.0882	0.0865	0.0878	0.0858	0.0873	0.0861	0.0864	0.0874	0.0879	0.0864	0.0871	0.0869	0.0860	0.0857	0.0859	0.0863	0.0898	0.0871	0.0866	0.0866	0.0874	0.0857	0.0856	0.0870	0.0901	0.0869	0.0872	0.0869	0.0872	0.0861	0.0863	0.0868	0.0905	0.0869	0.0878	0.0856	0.0857	0.0858	0.0858	0.0864	0.0899	0.0870	0.0863	0.0855	0.0860	0.0869	0.0854	0.0861	0.0944	0.0864	0.0864	0.0853	0.0861	0.0856	0.0852	0.0888	0.0890	
0.0887	0.0927	0.0908	0.0902	0.0910	0.0905	0.0916	0.0928	0.0887	0.0913	0.0883	0.0911	0.0875	0.0906	0.0881	0.0905	0.0891	0.0908	0.0889	0.0893	0.0870	0.0897	0.0881	0.0919	0.0890	0.0901	0.0889	0.0904	0.0877	0.0894	0.0875	0.0928	0.0890	0.0901	0.0879	0.0910	0.0877	0.0903	0.0877	0.0923	0.0897	0.0905	0.0879	0.0902	0.0869	0.0895	0.0881	0.0923	0.0898	0.0902	0.0879	0.0898	0.0887	0.0891	0.0872	0.0963	0.0887	0.0901	0.0880	0.0896	0.0877	0.0893	0.0894	0.0916	
0.0839	0.0825	0.0833	0.0834	0.0828	0.0827	0.0834	0.0865	0.0842	0.0830	0.0836	0.0829	0.0843	0.0825	0.0842	0.0855	0.0840	0.0828	0.0847	0.0816	0.0837	0.0817	0.0843	0.0867	0.0839	0.0830	0.0845	0.0836	0.0845	0.0826	0.0844	0.0870	0.0842	0.0829	0.0844	0.0841	0.0839	0.0828	0.0842	0.0871	0.0849	0.0830	0.0837	0.0828	0.0834	0.0828	0.0850	0.0863	0.0849	0.0820	0.0831	0.0821	0.0855	0.0821	0.0841	0.0905	0.0841	0.0835	0.0834	0.0834	0.0845	0.0822	0.0859	0.0849	
0.0855	0.0857	0.0856	0.0866	0.0860	0.0863	0.0871	0.0883	0.0867	0.0866	0.0855	0.0867	0.0861	0.0860	0.0860	0.0866	0.0866	0.0860	0.0871	0.0854	0.0848	0.0850	0.0860	0.0881	0.0868	0.0868	0.0857	0.0866	0.0862	0.0864	0.0863	0.0887	0.0868	0.0862	0.0857	0.0869	0.0859	0.0863	0.0862	0.0888	0.0868	0.0857	0.0854	0.0855	0.0851	0.0862	0.0861	0.0890	0.0872	0.0855	0.0854	0.0854	0.0875	0.0853	0.0859	0.0922	0.0864	0.0847	0.0853	0.0856	0.0856	0.0855	0.0877	0.0883	
0.0885	0.0914	0.0908	0.0909	0.0904	0.0911	0.0914	0.0917	0.0888	0.0916	0.0880	0.0907	0.0883	0.0901	0.0892	0.0905	0.0890	0.0913	0.0896	0.0900	0.0878	0.0900	0.0893	0.0923	0.0892	0.0912	0.0888	0.0913	0.0884	0.0902	0.0882	0.0926	0.0887	0.0906	0.0884	0.0910	0.0884	0.0907	0.0890	0.0916	0.0890	0.0913	0.0886	0.0897	0.0882	0.0896	0.0886	0.0916	0.0894	0.0904	0.0878	0.0907	0.0897	0.0898	0.0882	0.0959	0.0891	0.0909	0.0884	0.0900	0.0881	0.0895	0.0902	0.0912	
0.0856	0.0836	0.0847	0.0848	0.0856	0.0843	0.0850	0.0875	0.0861	0.0851	0.0845	0.0842	0.0850	0.0836	0.0854	0.0846	0.0851	0.0839	0.0854	0.0839	0.0853	0.0829	0.0855	0.0861	0.0853	0.0837	0.0850	0.0847	0.0852	0.0837	0.0857	0.0864	0.0861	0.0839	0.0853	0.0851	0.0851	0.0833	0.0857	0.0873	0.0858	0.0840	0.0844	0.0838	0.0845	0.0826	0.0864	0.0869	0.0863	0.0830	0.0841	0.0840	0.0864	0.0839	0.0856	0.0903	0.0872	0.0835	0.0845	0.0833	0.0850	0.0835	0.0873	0.0859	
0.0867	0.0869	0.0864	0.0869	0.0864	0.0864	0.0866	0.0892	0.0869	0.0872	0.0868	0.0870	0.0881	0.0854	0.0872	0.0874	0.0869	0.0869	0.0878	0.0861	0.0856	0.0853	0.0869	0.0886	0.0871	0.0865	0.0864	0.0871	0.0868	0.0857	0.0863	0.0889	0.0873	0.0865	0.0865	0.0877	0.0866	0.0863	0.0876	0.0896	0.0874	0.0866	0.0863	0.0857	0.0855	0.0854	0.0867	0.0891	0.0877	0.0859	0.0859	0.0863	0.0875	0.0855	0.0862	0.0936	0.0871	0.0857	0.0859	0.0859	0.0854	0.0856	0.0874	0.0883	
0.0880	0.0899	0.0898	0.0894	0.0898	0.0888	0.0904	0.0905	0.0887	0.0902	0.0874	0.0891	0.0881	0.0890	0.0882	0.0885	0.0882	0.0908	0.0886	0.0886	0.0868	0.0875	0.0876	0.0900	0.0886	0.0893	0.0878	0.0893	0.0875	0.0884	0.0882	0.0893	0.0879	0.0890	0.0877	0.0889	0.0873	0.0889	0.0874	0.0902	0.0886	0.0889	0.0876	0.0882	0.0859	0.0881	0.0874	0.0902	0.0887	0.0890	0.0872	0.0888	0.0884	0.0879	0.0872	0.0934	0.0882	0.0888	0.0875	0.0887	0.0872	0.0880	0.0884	0.0889	
0.0872	0.0858	0.0865	0.0864	0.0871	0.0859	0.0873	0.0873	0.0861	0.0852	0.0853	0.0852	0.0862	0.0850	0.0858	0.0865	0.0864	0.0856	0.0874	0.0852	0.0850	0.0840	0.0860	0.0874	0.0861	0.0851	0.0859	0.0864	0.0856	0.0845	0.0862	0.0875	0.0868	0.0857	0.0863	0.0864	0.0862	0.0857	0.0873	0.0880	0.0863	0.0855	0.0855	0.0850	0.0858	0.0845	0.0864	0.0872	0.0873	0.0843	0.0850	0.0856	0.0870	0.0854	0.0854	0.0915	0.0867	0.0850	0.0851	0.0854	0.0858	0.0849	0.0878	0.0865	
0.0861	0.0869	0.0868	0.0873	0.0859	0.0867	0.0869	0.0870	0.0866	0.0873	0.0862	0.0866	0.0871	0.0857	0.0863	0.0862	0.0873	0.0863	0.0872	0.0856	0.0856	0.0857	0.0862	0.0879	0.0872	0.0866	0.0866	0.0873	0.0867	0.0860	0.0869	0.0880	0.0872	0.0868	0.0864	0.0875	0.0855	0.0855	0.0865	0.0882	0.0874	0.0868	0.0863	0.0859	0.0855	0.0855	0.0867	0.0893	0.0876	0.0861	0.0853	0.0866	0.0870	0.0857	0.0859	0.0915	0.0865	0.0861	0.0862	0.0856	0.0860	0.0863	0.0884	0.0875	
0.0884	0.0901	0.0898	0.0892	0.0894	0.0897	0.0895	0.0905	0.0883	0.0894	0.0873	0.0893	0.0882	0.0879	0.0886	0.0888	0.0883	0.0889	0.0889	0.0886	0.0871	0.0874	0.0883	0.0897	0.0886	0.0890	0.0877	0.0898	0.0881	0.0883	0.0882	0.0897	0.0884	0.0886	0.0881	0.0894	0.0874	0.0883	0.0874	0.0890	0.0889	0.0890	0.0878	0.0879	0.0870	0.0876	0.0881	0.0897	0.0891	0.0886	0.0871	0.0885	0.0885	0.0872	0.0872	0.0934	0.0882	0.0883	0.0873	0.0880	0.0876	0.0872	0.0897	0.0882	
0.0899	0.0882	0.0901	0.0884	0.0911	0.0870	0.0908	0.0910	0.0888	0.0879	0.0871	0.0874	0.0881	0.0880	0.0881	0.0892	0.0890	0.0883	0.0880	0.0878	0.0878	0.0871	0.0879	0.0895	0.0887	0.0880	0.0879	0.0895	0.0874	0.0875	0.0869	0.0904	0.0891	0.0877	0.0900	0.0887	0.0870	0.0882	0.0872	0.0904	0.0892	0.0885	0.0871	0.0876	0.0865	0.0875	0.0877	0.0907	0.0892	0.0875	0.0874	0.0875	0.0892	0.0874	0.0874	0.0946	0.0890	0.0881	0.0879	0.0881	0.0876	0.0877	0.0891	0.0891	
0.0883	0.0888	0.0880	0.0880	0.0875	0.0881	0.0872	0.0889	0.0877	0.0882	0.0872	0.0871	0.0883	0.0871	0.0874	0.0870	0.0876	0.0876	0.0892	0.0863	0.0874	0.0863	0.0883	0.0878	0.0877	0.0872	0.0878	0.0874	0.0879	0.0861	0.0878	0.0878	0.0880	0.0873	0.0873	0.0878	0.0875	0.0870	0.0877	0.0888	0.0884	0.0868	0.0876	0.0862	0.0875	0.0863	0.0888	0.0877	0.0882	0.0867	0.0870	0.0861	0.0886	0.0863	0.0870	0.0923	0.0877	0.0859	0.0868	0.0865	0.0869	0.0856	0.0889	0.0873	
0.0890	0.0925	0.0907	0.0908	0.0906	0.0899	0.0906	0.0917	0.0884	0.0904	0.0876	0.0895	0.0883	0.0890	0.0884	0.0894	0.0886	0.0901	0.0892	0.0888	0.0877	0.0879	0.0885	0.0895	0.0884	0.0895	0.0878	0.0904	0.0878	0.0888	0.0877	0.0896	0.0884	0.0895	0.0874	0.0895	0.0882	0.0893	0.0881	0.0900	0.0882	0.0896	0.0874	0.0887	0.0879	0.0885	0.0880	0.0898	0.0885	0.0895	0.0873	0.0882	0.0891	0.0887	0.0870	0.0934	0.0882	0.0893	0.0876	0.0885	0.0887	0.0892	0.0893	0.0889	
0.0891	0.0877	0.0890	0.0886	0.0882	0.0868	0.0871	0.0894	0.0871	0.0868	0.0861	0.0864	0.0871	0.0861	0.0877	0.0869	0.0877	0.0868	0.0872	0.0860	0.0868	0.0854	0.0874	0.0882	0.0872	0.0866	0.0868	0.0873	0.0871	0.0855	0.0872	0.0877	0.0878	0.0869	0.0866	0.0876	0.0879	0.0862	0.0876	0.0892	0.0874	0.0868	0.0863	0.0861	0.0871	0.0856	0.0872	0.0881	0.0878	0.0859	0.0855	0.0863	0.0879	0.0856	0.0865	0.0919	0.0873	0.0862	0.0862	0.0860	0.0878	0.0851	0.0906	0.0874	
0.0889	0.0884	0.0884	0.0888	0.0878	0.0873	0.0880	0.0892	0.0878	0.0874	0.0872	0.0873	0.0879	0.0864	0.0887	0.0870	0.0878	0.0871	0.0887	0.0855	0.0874	0.0854	0.0880	0.0882	0.0879	0.0869	0.0875	0.0877	0.0877	0.0858	0.0881	0.0879	0.0884	0.0867	0.0882	0.0871	0.0881	0.0867	0.0878	0.0884	0.0879	0.0871	0.0873	0.0857	0.0878	0.0850	0.0874	0.0876	0.0881	0.0862	0.0870	0.0861	0.0896	0.0864	0.0877	0.0915	0.0876	0.0857	0.0872	0.0856	0.0880	0.0855	0.0883	0.0870	
0.0901	0.0907	0.0893	0.0898	0.0886	0.0889	0.0887	0.0898	0.0884	0.0886	0.0877	0.0881	0.0884	0.0880	0.0889	0.0878	0.0881	0.0884	0.0888	0.0870	0.0877	0.0871	0.0882	0.0896	0.0881	0.0883	0.0870	0.0886	0.0874	0.0872	0.0877	0.0888	0.0880	0.0882	0.0875	0.0882	0.0880	0.0871	0.0880	0.0886	0.0884	0.0883	0.0867	0.0868	0.0878	0.0859	0.0881	0.0884	0.0887	0.0876	0.0869	0.0869	0.0886	0.0868	0.0871	0.0926	0.0878	0.0870	0.0870	0.0870	0.0875	0.0869	0.0889	0.0885	
0.0920	0.0946	0.0918	0.0928	0.0924	0.0918	0.0923	0.0930	0.0897	0.0913	0.0885	0.0909	0.0892	0.0898	0.0901	0.0901	0.0901	0.0911	0.0897	0.0899	0.0879	0.0892	0.0885	0.0905	0.0896	0.0910	0.0888	0.0904	0.0887	0.0898	0.0887	0.0907	0.0892	0.0911	0.0885	0.0913	0.0892	0.0900	0.0878	0.0906	0.0892	0.0906	0.0886	0.0890	0.0883	0.0892	0.0886	0.0900	0.0894	0.0901	0.0878	0.0890	0.0893	0.0890	0.0882	0.0943	0.0890	0.0898	0.0884	0.0893	0.0881	0.0894	0.0896	0.0886	
0.0908	0.0891	0.0888	0.0884	0.0883	0.0879	0.0884	0.0883	0.0871	0.0865	0.0859	0.0862	0.0866	0.0855	0.0869	0.0873	0.0865	0.0860	0.0866	0.0853	0.0857	0.0846	0.0862	0.0873	0.0867	0.0855	0.0865	0.0869	0.0862	0.0849	0.0860	0.0867	0.0871	0.0860	0.0860	0.0867	0.0858	0.0863	0.0863	0.0870	0.0876	0.0858	0.0855	0.0853	0.0860	0.0851	0.0865	0.0864	0.0869	0.0850	0.0854	0.0853	0.0878	0.0854	0.0861	0.0906	0.0863	0.0856	0.0857	0.0855	0.0857	0.0844	0.0874	0.0861	
0.0925	0.0937	0.0918	0.0922	0.0910	0.0912	0.0902	0.0919	0.0896	0.0894	0.0884	0.0899	0.0893	0.0894	0.0893	0.0896	0.0886	0.0892	0.0898	0.0879	0.0879	0.0882	0.0881	0.0894	0.0892	0.0888	0.0886	0.0892	0.0880	0.0881	0.0883	0.0897	0.0889	0.0884	0.0885	0.0896	0.0888	0.0885	0.0882	0.0889	0.0892	0.0890	0.0878	0.0879	0.0878	0.0877	0.0888	0.0896	0.0889	0.0883	0.0870	0.0885	0.0896	0.0869	0.0879	0.0927	0.0880	0.0880	0.0868	0.0875	0.0881	0.0882	0.0887	0.0879	
0.0973	0.0992	0.0974	0.0974	0.0978	0.0962	0.0952	0.0962	0.0929	0.0954	0.0924	0.0943	0.0920	0.0936	0.0922	0.0937	0.0928	0.0947	0.0929	0.0935	0.0909	0.0931	0.0920	0.0947	0.0928	0.0946	0.0925	0.0950	0.0917	0.0938	0.0913	0.0943	0.0924	0.0941	0.0919	0.0951	0.0916	0.0938	0.0913	0.0937	0.0927	0.0942	0.0917	0.0932	0.0911	0.0927	0.0915	0.0935	0.0927	0.0940	0.0908	0.0935	0.0925	0.0933	0.0905	0.0982	0.0922	0.0937	0.0911	0.0930	0.0908	0.0925	0.0925	0.0931	
0.0931	0.0927	0.0910	0.0908	0.0893	0.0882	0.0875	0.0901	0.0877	0.0869	0.0872	0.0865	0.0872	0.0854	0.0869	0.0856	0.0872	0.0866	0.0882	0.0847	0.0871	0.0848	0.0863	0.0868	0.0869	0.0856	0.0866	0.0863	0.0865	0.0843	0.0858	0.0860	0.0874	0.0854	0.0868	0.0861	0.0869	0.0857	0.0866	0.0863	0.0874	0.0855	0.0860	0.0848	0.0855	0.0843	0.0862	0.0869	0.0868	0.0847	0.0856	0.0846	0.0874	0.0840	0.0857	0.0895	0.0863	0.0838	0.0856	0.0851	0.0861	0.0835	0.0874	0.0852	
0.0958	0.0970	0.0949	0.0955	0.0942	0.0925	0.0916	0.0927	0.0906	0.0906	0.0899	0.0908	0.0899	0.0889	0.0903	0.0903	0.0901	0.0900	0.0904	0.0889	0.0886	0.0878	0.0883	0.0890	0.0898	0.0897	0.0890	0.0901	0.0880	0.0883	0.0882	0.0894	0.0895	0.0896	0.0882	0.0900	0.0880	0.0886	0.0881	0.0894	0.0893	0.0893	0.0883	0.0893	0.0882	0.0885	0.0882	0.0881	0.0894	0.0885	0.0875	0.0881	0.0888	0.0874	0.0878	0.0937	0.0880	0.0880	0.0881	0.0878	0.0883	0.0869	0.0892	0.0885	
0.0998	0.1019	0.0987	0.0989	0.0978	0.0968	0.0950	0.0962	0.0927	0.0953	0.0918	0.0946	0.0914	0.0930	0.0917	0.0929	0.0922	0.0949	0.0921	0.0923	0.0907	0.0912	0.0901	0.0917	0.0921	0.0943	0.0907	0.0930	0.0904	0.0912	0.0901	0.0918	0.0912	0.0936	0.0907	0.0924	0.0893	0.0918	0.0901	0.0920	0.0915	0.0930	0.0900	0.0917	0.0891	0.0910	0.0901	0.0911	0.0909	0.0927	0.0897	0.0914	0.0907	0.0917	0.0891	0.0965	0.0903	0.0924	0.0900	0.0915	0.0892	0.0915	0.0916	0.0921	
0.0966	0.0964	0.0945	0.0935	0.0915	0.0902	0.0879	0.0903	0.0891	0.0878	0.0878	0.0869	0.0872	0.0870	0.0870	0.0859	0.0872	0.0869	0.0878	0.0852	0.0855	0.0841	0.0866	0.0857	0.0868	0.0859	0.0865	0.0864	0.0857	0.0857	0.0858	0.0855	0.0869	0.0863	0.0871	0.0867	0.0861	0.0857	0.0867	0.0866	0.0866	0.0855	0.0856	0.0841	0.0858	0.0844	0.0858	0.0855	0.0865	0.0844	0.0854	0.0845	0.0867	0.0846	0.0853	0.0902	0.0858	0.0839	0.0845	0.0844	0.0858	0.0842	0.0874	0.0844	
0.1008	0.1014	0.0982	0.0985	0.0958	0.0937	0.0936	0.0945	0.0926	0.0928	0.0908	0.0916	0.0901	0.0900	0.0905	0.0896	0.0906	0.0919	0.0909	0.0884	0.0880	0.0878	0.0880	0.0893	0.0901	0.0903	0.0891	0.0896	0.0887	0.0873	0.0884	0.0890	0.0893	0.0899	0.0883	0.0887	0.0879	0.0876	0.0881	0.0886	0.0890	0.0890	0.0879	0.0878	0.0877	0.0874	0.0880	0.0893	0.0889	0.0889	0.0875	0.0881	0.0888	0.0873	0.0875	0.0934	0.0883	0.0877	0.0880	0.0874	0.0875	0.0872	0.0893	0.0890	
0.1049	0.1067	0.1029	0.1027	0.1000	0.0985	0.0971	0.0983	0.0947	0.0970	0.0928	0.0952	0.0922	0.0929	0.0921	0.0929	0.0928	0.0964	0.0924	0.0930	0.0896	0.0918	0.0905	0.0913	0.0927	0.0946	0.0912	0.0934	0.0899	0.0919	0.0901	0.0913	0.0914	0.0937	0.0906	0.0928	0.0898	0.0916	0.0902	0.0919	0.0914	0.0930	0.0897	0.0913	0.0896	0.0910	0.0899	0.0920	0.0909	0.0929	0.0894	0.0920	0.0913	0.0915	0.0892	0.0955	0.0908	0.0928	0.0894	0.0912	0.0899	0.0911	0.0914	0.0916	
0.1024	0.1029	0.0982	0.0980	0.0940	0.0928	0.0913	0.0907	0.0907	0.0900	0.0891	0.0880	0.0871	0.0859	0.0868	0.0859	0.0885	0.0882	0.0881	0.0850	0.0857	0.0842	0.0854	0.0851	0.0872	0.0865	0.0863	0.0852	0.0861	0.0843	0.0856	0.0843	0.0870	0.0860	0.0863	0.0853	0.0857	0.0846	0.0853	0.0849	0.0865	0.0856	0.0856	0.0837	0.0852	0.0840	0.0857	0.0842	0.0865	0.0842	0.0849	0.0834	0.0864	0.0830	0.0855	0.0896	0.0857	0.0835	0.0850	0.0828	0.0846	0.0832	0.0870	0.0839	
0.1088	0.1094	0.1047	0.1041	0.1006	0.0985	0.0964	0.0968	0.0957	0.0967	0.0928	0.0941	0.0920	0.0914	0.0915	0.0910	0.0928	0.0940	0.0921	0.0909	0.0890	0.0892	0.0900	0.0900	0.0916	0.0922	0.0902	0.0909	0.0894	0.0900	0.0884	0.0905	0.0908	0.0914	0.0896	0.0908	0.0886	0.0900	0.0887	0.0907	0.0904	0.0906	0.0885	0.0896	0.0880	0.0885	0.0890	0.0892	0.0901	0.0902	0.0882	0.0893	0.0899	0.0890	0.0883	0.0941	0.0889	0.0893	0.0885	0.0891	0.0884	0.0894	0.0896	0.0893	
0.1105	0.1102	0.1054	0.1046	0.1019	0.0985	0.0997	0.0981	0.0964	0.0963	0.0937	0.0941	0.0923	0.0917	0.0899	0.0915	0.0932	0.0939	0.0915	0.0906	0.0900	0.0889	0.0889	0.0901	0.0916	0.0922	0.0907	0.0908	0.0892	0.0897	0.0882	0.0897	0.0910	0.0908	0.0892	0.0896	0.0891	0.0902	0.0895	0.0906	0.0910	0.0901	0.0886	0.0886	0.0878	0.0887	0.0889	0.0901	0.0904	0.0892	0.0886	0.0892	0.0892	0.0875	0.0880	0.0940	0.0896	0.0892	0.0886	0.0883	0.0887	0.0883	0.0916	0.0896	
0.1125	0.1128	0.1060	0.1052	0.1004	0.0976	0.0964	0.0960	0.0976	0.0952	0.0935	0.0930	0.0912	0.0902	0.0903	0.0887	0.0931	0.0926	0.0911	0.0885	0.0876	0.0863	0.0875	0.0876	0.0904	0.0895	0.0888	0.0885	0.0881	0.0866	0.0870	0.0877	0.0897	0.0890	0.0878	0.0874	0.0879	0.0866	0.0877	0.0876	0.0892	0.0877	0.0867	0.0863	0.0871	0.0868	0.0873	0.0881	0.0887	0.0873	0.0862	0.0863	0.0884	0.0862	0.0870	0.0923	0.0872	0.0865	0.0865	0.0867	0.0870	0.0864	0.0887	0.0875	
0.1191	0.1201	0.1127	0.1118	0.1072	0.1038	0.1013	0.1010	0.1008	0.1017	0.0971	0.0986	0.0944	0.0959	0.0928	0.0933	0.0959	0.0987	0.0950	0.0936	0.0910	0.0916	0.0908	0.0924	0.0937	0.0960	0.0919	0.0936	0.0904	0.0927	0.0904	0.0925	0.0928	0.0939	0.0909	0.0930	0.0903	0.0933	0.0899	0.0927	0.0925	0.0936	0.0905	0.0923	0.0900	0.0913	0.0907	0.0924	0.0920	0.0935	0.0893	0.0924	0.0914	0.0919	0.0898	0.0958	0.0914	0.0923	0.0898	0.0917	0.0904	0.0918	0.0915	0.0921	
0.1203	0.1202	0.1094	0.1097	0.1025	0.0990	0.0961	0.0956	0.0997	0.0963	0.0945	0.0925	0.0919	0.0894	0.0890	0.0875	0.0926	0.0927	0.0911	0.0870	0.0868	0.0849	0.0876	0.0865	0.0907	0.0890	0.0881	0.0871	0.0871	0.0853	0.0868	0.0860	0.0891	0.0876	0.0877	0.0866	0.0876	0.0849	0.0869	0.0863	0.0888	0.0860	0.0864	0.0847	0.0863	0.0850	0.0867	0.0864	0.0886	0.0857	0.0864	0.0857	0.0871	0.0850	0.0856	0.0912	0.0873	0.0844	0.0867	0.0851	0.0862	0.0843	0.0879	0.0859	
0.1270	0.1275	0.1164	0.1150	0.1071	0.1033	0.0998	0.1003	0.1025	0.1009	0.0972	0.0969	0.0932	0.0912	0.0907	0.0897	0.0942	0.0964	0.0927	0.0898	0.0880	0.0876	0.0885	0.0895	0.0919	0.0926	0.0890	0.0899	0.0882	0.0889	0.0881	0.0888	0.0905	0.0909	0.0886	0.0894	0.0878	0.0889	0.0881	0.0886	0.0899	0.0895	0.0879	0.0877	0.0870	0.0876	0.0880	0.0895	0.0895	0.0889	0.0873	0.0881	0.0892	0.0873	0.0878	0.0932	0.0882	0.0880	0.0875	0.0882	0.0876	0.0874	0.0889	0.0888	
0.1328	0.1335	0.1201	0.1195	0.1088	0.1058	0.1016	0.1022	0.1051	0.1049	0.0984	0.0998	0.0935	0.0936	0.0917	0.0909	0.0950	0.0987	0.0938	0.0916	0.0881	0.0884	0.0885	0.0892	0.0925	0.0943	0.0896	0.0911	0.0875	0.0902	0.0882	0.0894	0.0907	0.0922	0.0888	0.0907	0.0883	0.0897	0.0880	0.0900	0.0905	0.0910	0.0882	0.0902	0.0875	0.0889	0.0887	0.0897	0.0901	0.0906	0.0875	0.0895	0.0892	0.0888	0.0870	0.0938	0.0894	0.0897	0.0879	0.0887	0.0876	0.0892	0.0892	0.0898	
0.1368	0.1340	0.1211	0.1188	0.1103	0.1042	0.1005	0.0999	0.1057	0.1023	0.0979	0.0962	0.0915	0.0906	0.0894	0.0884	0.0944	0.0948	0.0909	0.0877	0.0872	0.0865	0.0873	0.0865	0.0903	0.0893	0.0882	0.0879	0.0869	0.0869	0.0865	0.0880	0.0896	0.0884	0.0878	0.0878	0.0872	0.0874	0.0876	0.0878	0.0889	0.0874	0.0863	0.0860	0.0868	0.0864	0.0872	0.0875	0.0884	0.0866	0.0860	0.0862	0.0881	0.0863	0.0868	0.0911	0.0871	0.0857	0.0858	0.0856	0.0865	0.0860	0.0885	0.0875	
0.1448	0.1448	0.1267	0.1246	0.1116	0.1062	0.1014	0.1010	0.1106	0.1061	0.1008	0.0987	0.0943	0.0919	0.0906	0.0883	0.0956	0.0975	0.0926	0.0885	0.0874	0.0872	0.0873	0.0874	0.0921	0.0910	0.0887	0.0878	0.0868	0.0867	0.0872	0.0876	0.0900	0.0890	0.0878	0.0872	0.0870	0.0865	0.0871	0.0876	0.0894	0.0882	0.0869	0.0865	0.0865	0.0861	0.0869	0.0877	0.0887	0.0872	0.0863	0.0864	0.0881	0.0859	0.0864	0.0925	0.0871	0.0863	0.0866	0.0862	0.0867	0.0868	0.0886	0.0873	
0.1520	0.1507	0.1330	0.1311	0.1175	0.1113	0.1059	0.1029	0.1138	0.1111	0.1033	0.1027	0.0949	0.0945	0.0923	0.0904	0.0977	0.1004	0.0937	0.0920	0.0888	0.0893	0.0884	0.0899	0.0936	0.0945	0.0915	0.0911	0.0885	0.0893	0.0878	0.0893	0.0909	0.0923	0.0881	0.0902	0.0876	0.0896	0.0884	0.0896	0.0906	0.0904	0.0872	0.0891	0.0877	0.0882	0.0880	0.0892	0.0897	0.0905	0.0872	0.0903	0.0889	0.0893	0.0871	0.0929	0.0894	0.0895	0.0872	0.0889	0.0872	0.0892	0.0888	0.0895	
0.1599	0.1547	0.1364	0.1317	0.1175	0.1090	0.1054	0.1035	0.1169	0.1111	0.1038	0.1007	0.0954	0.0922	0.0904	0.0893	0.0982	0.0984	0.0931	0.0891	0.0877	0.0862	0.0879	0.0879	0.0925	0.0908	0.0890	0.0887	0.0872	0.0868	0.0870	0.0882	0.0909	0.0889	0.0883	0.0881	0.0883	0.0878	0.0883	0.0881	0.0901	0.0879	0.0872	0.0873	0.0872	0.0862	0.0888	0.0879	0.0893	0.0878	0.0860	0.0872	0.0884	0.0869	0.0875	0.0924	0.0895	0.0864	0.0869	0.0869	0.0876	0.0866	0.0887	0.0878	
0.1711	0.1648	0.1405	0.1364	0.1183	0.1115	0.1035	0.1037	0.1226	0.1140	0.1063	0.1021	0.0946	0.0909	0.0909	0.0887	0.0975	0.0979	0.0920	0.0875	0.0865	0.0841	0.0868	0.0875	0.0913	0.0894	0.0879	0.0872	0.0873	0.0846	0.0863	0.0867	0.0894	0.0875	0.0876	0.0870	0.0872	0.0856	0.0866	0.0864	0.0887	0.0863	0.0864	0.0854	0.0867	0.0845	0.0873	0.0862	0.0883	0.0857	0.0852	0.0852	0.0873	0.0837	0.0867	0.0910	0.0872	0.0841	0.0864	0.0846	0.0867	0.0840	0.0870	0.0861	
0.1847	0.1769	0.1490	0.1429	0.1237	0.1141	0.1064	0.1052	0.1300	0.1180	0.1093	0.1039	0.0952	0.0942	0.0914	0.0893	0.0999	0.1010	0.0941	0.0892	0.0874	0.0868	0.0875	0.0877	0.0930	0.0920	0.0887	0.0885	0.0871	0.0870	0.0876	0.0873	0.0903	0.0895	0.0878	0.0872	0.0872	0.0873	0.0873	0.0876	0.0892	0.0881	0.0867	0.0865	0.0869	0.0865	0.0874	0.0870	0.0885	0.0871	0.0865	0.0860	0.0876	0.0855	0.0869	0.0915	0.0888	0.0861	0.0866	0.0863	0.0865	0.0863	0.0888	0.0876	
0.1951	0.1889	0.1590	0.1505	0.1290	0.1177	0.1104	0.1072	0.1362	0.1253	0.1125	0.1079	0.0973	0.0951	0.0924	0.0899	0.1027	0.1048	0.0942	0.0908	0.0869	0.0877	0.0871	0.0893	0.0944	0.0938	0.0885	0.0898	0.0864	0.0880	0.0872	0.0882	0.0917	0.0905	0.0881	0.0893	0.0874	0.0885	0.0869	0.0886	0.0905	0.0889	0.0868	0.0875	0.0865	0.0876	0.0874	0.0871	0.0893	0.0893	0.0864	0.0879	0.0886	0.0869	0.0873	0.0919	0.0892	0.0875	0.0865	0.0868	0.0864	0.0866	0.0887	0.0881	
0.2075	0.1972	0.1641	0.1554	0.1327	0.1168	0.1108	0.1073	0.1443	0.1283	0.1156	0.1073	0.0973	0.0945	0.0914	0.0898	0.1046	0.1036	0.0941	0.0889	0.0883	0.0863	0.0879	0.0879	0.0950	0.0923	0.0887	0.0883	0.0879	0.0870	0.0873	0.0885	0.0921	0.0893	0.0879	0.0881	0.0869	0.0871	0.0872	0.0878	0.0901	0.0876	0.0867	0.0866	0.0875	0.0856	0.0872	0.0871	0.0891	0.0871	0.0865	0.0863	0.0889	0.0866	0.0872	0.0905	0.0883	0.0858	0.0867	0.0866	0.0868	0.0858	0.0888	0.0874	
0.2258	0.2133	0.1746	0.1642	0.1360	0.1207	0.1114	0.1070	0.1575	0.1360	0.1194	0.1104	0.0990	0.0944	0.0921	0.0878	0.1081	0.1062	0.0947	0.0880	0.0868	0.0861	0.0869	0.0860	0.0959	0.0914	0.0882	0.0872	0.0870	0.0862	0.0860	0.0871	0.0916	0.0877	0.0874	0.0863	0.0858	0.0860	0.0860	0.0869	0.0901	0.0862	0.0857	0.0850	0.0861	0.0851	0.0869	0.0866	0.0891	0.0865	0.0855	0.0853	0.0871	0.0851	0.0866	0.0899	0.0877	0.0851	0.0857	0.0852	0.0866	0.0851	0.0880	0.0868	
0.2470	0.2351	0.1885	0.1768	0.1451	0.1277	0.1166	0.1119	0.1712	0.1476	0.1266	0.1194	0.1020	0.0985	0.0939	0.0916	0.1140	0.1123	0.0975	0.0922	0.0896	0.0892	0.0898	0.0901	0.0989	0.0961	0.0911	0.0910	0.0884	0.0884	0.0883	0.0891	0.0942	0.0926	0.0892	0.0906	0.0886	0.0897	0.0892	0.0895	0.0920	0.0899	0.0885	0.0892	0.0883	0.0889	0.0890	0.0900	0.0908	0.0900	0.0875	0.0891	0.0896	0.0881	0.0884	0.0940	0.0891	0.0888	0.0884	0.0887	0.0885	0.0883	0.0973	0.0891	
0.2615	0.2421	0.1942	0.1819	0.1482	0.1277	0.1187	0.1136	0.1798	0.1530	0.1278	0.1194	0.1014	0.0973	0.0931	0.0920	0.1172	0.1130	0.0964	0.0913	0.0883	0.0878	0.0891	0.0903	0.0987	0.0948	0.0916	0.0901	0.0885	0.0883	0.0881	0.0887	0.0944	0.0905	0.0889	0.0894	0.0884	0.0888	0.0888	0.0897	0.0920	0.0888	0.0877	0.0882	0.0877	0.0879	0.0885	0.0888	0.0911	0.0888	0.0877	0.0881	0.0890	0.0877	0.0881	0.0937	0.0897	0.0875	0.0875	0.0875	0.0879	0.0871	0.0902	0.0893	
0.2873	0.2641	0.2076	0.1922	0.1544	0.1319	0.1182	0.1131	0.1956	0.1648	0.1358	0.1228	0.1027	0.0970	0.0928	0.0899	0.1232	0.1168	0.0968	0.0892	0.0874	0.0864	0.0875	0.0877	0.0996	0.0943	0.0914	0.0879	0.0874	0.0862	0.0871	0.0873	0.0933	0.0895	0.0878	0.0876	0.0877	0.0861	0.0874	0.0876	0.0907	0.0877	0.0872	0.0864	0.0868	0.0866	0.0869	0.0871	0.0891	0.0865	0.0867	0.0855	0.0882	0.0855	0.0859	0.0911	0.0887	0.0850	0.0864	0.0859	0.0870	0.0856	0.0886	0.0876	
0.3122	0.2855	0.2248	0.2048	0.1630	0.1380	0.1227	0.1165	0.2119	0.1806	0.1439	0.1299	0.1059	0.1002	0.0942	0.0921	0.1348	0.1237	0.0993	0.0918	0.0892	0.0883	0.0880	0.0883	0.1035	0.0973	0.0898	0.0895	0.0886	0.0890	0.0882	0.0891	0.0958	0.0917	0.0890	0.0897	0.0881	0.0888	0.0886	0.0891	0.0922	0.0892	0.0875	0.0883	0.0875	0.0885	0.0891	0.0891	0.0907	0.0894	0.0872	0.0884	0.0895	0.0877	0.0880	0.0933	0.0884	0.0882	0.0870	0.0880	0.0875	0.0883	0.0900	0.0898	
0.3316	0.2981	0.2342	0.2132	0.1690	0.1382	0.1246	0.1167	0.2267	0.1903	0.1488	0.1306	0.1062	0.0987	0.0933	0.0913	0.1461	0.1266	0.0996	0.0913	0.0888	0.0879	0.0875	0.0887	0.1055	0.0967	0.0898	0.0902	0.0877	0.0875	0.0874	0.0890	0.0962	0.0903	0.0890	0.0887	0.0880	0.0882	0.0880	0.0891	0.0937	0.0885	0.0869	0.0878	0.0871	0.0869	0.0883	0.0876	0.0907	0.0880	0.0872	0.0871	0.0889	0.0866	0.0881	0.0929	0.0893	0.0874	0.0875	0.0876	0.0883	0.0872	0.0901	0.0894	
0.3623	0.3263	0.2498	0.2297	0.1767	0.1429	0.1246	0.1188	0.2490	0.2089	0.1594	0.1379	0.1075	0.0983	0.0929	0.0887	0.1667	0.1338	0.1002	0.0895	0.0877	0.0857	0.0860	0.0864	0.1089	0.0958	0.0877	0.0878	0.0871	0.0853	0.0868	0.0866	0.0964	0.0895	0.0878	0.0868	0.0870	0.0868	0.0868	0.0865	0.0919	0.0861	0.0863	0.0854	0.0869	0.0848	0.0870	0.0866	0.0895	0.0867	0.0854	0.0856	0.0879	0.0854	0.0850	0.0904	0.0869	0.0854	0.0859	0.0856	0.0866	0.0854	0.0881	0.0876	
0.3889	0.3492	0.2670	0.2438	0.1875	0.1497	0.1298	0.1222	0.2714	0.2279	0.1707	0.1472	0.1111	0.1015	0.0939	0.0906	0.1925	0.1456	0.1016	0.0916	0.0886	0.0888	0.0879	0.0891	0.1139	0.1010	0.0895	0.0896	0.0884	0.0885	0.0881	0.0888	0.0987	0.0921	0.0881	0.0888	0.0872	0.0884	0.0879	0.0879	0.0933	0.0898	0.0878	0.0877	0.0868	0.0881	0.0879	0.0892	0.0906	0.0891	0.0871	0.0880	0.0884	0.0873	0.0869	0.0932	0.0881	0.0877	0.0878	0.0872	0.0872	0.0878	0.0888	0.0880	
0.4201	0.3702	0.2775	0.2490	0.1922	0.1531	0.1334	0.1240	0.2928	0.2392	0.1795	0.1504	0.1127	0.1031	0.0956	0.0936	0.2186	0.1531	0.1033	0.0932	0.0893	0.0890	0.0887	0.0910	0.1200	0.1016	0.0911	0.0912	0.0897	0.0904	0.0893	0.0910	0.1013	0.0926	0.0902	0.0909	0.0897	0.0902	0.0891	0.0908	0.0955	0.0906	0.0891	0.0901	0.0894	0.0895	0.0895	0.0906	0.0921	0.0900	0.0889	0.0896	0.0895	0.0898	0.0883	0.0961	0.0915	0.0890	0.0887	0.0896	0.0896	0.0891	0.0908	0.0914	
0.4457	0.3962	0.2988	0.2684	0.2013	0.1568	0.1309	0.1224	0.3170	0.2602	0.1904	0.1563	0.1144	0.1003	0.0930	0.0886	0.2479	0.1624	0.1030	0.0889	0.0871	0.0855	0.0869	0.0850	0.1266	0.0989	0.0878	0.0865	0.0867	0.0860	0.0864	0.0851	0.1010	0.0878	0.0868	0.0859	0.0868	0.0855	0.0869	0.0852	0.0932	0.0856	0.0863	0.0846	0.0868	0.0850	0.0874	0.0855	0.0893	0.0851	0.0858	0.0847	0.0875	0.0845	0.0863	0.0900	0.0868	0.0840	0.0857	0.0843	0.0867	0.0855	0.0886	0.0855	
0.4735	0.4230	0.3176	0.2863	0.2164	0.1640	0.1369	0.1283	0.3490	0.2848	0.2051	0.1681	0.1182	0.1046	0.0950	0.0911	0.2798	0.1782	0.1065	0.0922	0.0880	0.0884	0.0883	0.0889	0.1411	0.1048	0.0892	0.0893	0.0879	0.0886	0.0881	0.0883	0.1054	0.0919	0.0882	0.0883	0.0877	0.0883	0.0879	0.0891	0.0956	0.0890	0.0875	0.0884	0.0868	0.0879	0.0879	0.0885	0.0910	0.0883	0.0864	0.0882	0.0892	0.0875	0.0875	0.0927	0.0960	0.0877	0.0869	0.0874	0.0882	0.0874	0.0892	0.0891	
0.4947	0.4440	0.3347	0.2962	0.2204	0.1696	0.1426	0.1328	0.3685	0.3014	0.2193	0.1778	0.1211	0.1092	0.0981	0.0951	0.3044	0.1950	0.1108	0.0969	0.0918	0.0922	0.0911	0.0927	0.1611	0.1107	0.0930	0.0939	0.0916	0.0924	0.0903	0.0932	0.1118	0.0955	0.0910	0.0930	0.0913	0.0932	0.0904	0.0920	0.1004	0.0930	0.0912	0.0919	0.0905	0.0920	0.0910	0.0925	0.0946	0.0931	0.0900	0.0920	0.0921	0.0928	0.0916	0.0964	0.0948	0.0927	0.0904	0.0918	0.0915	0.0920	0.0932	0.0934	
0.5264	0.4699	0.3508	0.3126	0.2287	0.1704	0.1404	0.1278	0.4007	0.3153	0.2305	0.1820	0.1196	0.1038	0.0930	0.0883	0.3333	0.2053	0.1075	0.0887	0.0869	0.0834	0.0862	0.0851	0.1898	0.1065	0.0879	0.0867	0.0859	0.0849	0.0862	0.0854	0.1119	0.0890	0.0868	0.0861	0.0863	0.0849	0.0860	0.0860	0.0976	0.0854	0.0858	0.0848	0.0856	0.0841	0.0862	0.0860	0.0895	0.0854	0.0852	0.0843	0.0870	0.0844	0.0856	0.0907	0.0863	0.0844	0.0855	0.0847	0.0861	0.0844	0.0881	0.0863	
0.5564	0.5047	0.3775	0.3367	0.2462	0.1800	0.1458	0.1321	0.4332	0.3526	0.2525	0.1970	0.1247	0.1052	0.0941	0.0881	0.3691	0.2305	0.1110	0.0893	0.0873	0.0848	0.0871	0.0848	0.2392	0.1113	0.0881	0.0866	0.0870	0.0850	0.0866	0.0860	0.1228	0.0897	0.0877	0.0857	0.0873	0.0855	0.0869	0.0860	0.1000	0.0857	0.0865	0.0842	0.0868	0.0837	0.0872	0.0860	0.0908	0.0859	0.0861	0.0843	0.0878	0.0841	0.0874	0.0898	0.0874	0.0842	0.0861	0.0849	0.0867	0.0851	0.0885	0.0861	
0.5836	0.5463	0.4038	0.3556	0.2610	0.1875	0.1514	0.1376	0.4622	0.3730	0.2646	0.2106	0.1299	0.1107	0.0959	0.0918	0.3997	0.2501	0.1150	0.0936	0.0887	0.0883	0.0882	0.0890	0.2763	0.1187	0.0899	0.0902	0.0882	0.0887	0.0874	0.0892	0.1319	0.0938	0.0876	0.0890	0.0879	0.0886	0.0873	0.0878	0.1030	0.0898	0.0883	0.0877	0.0877	0.0881	0.0879	0.0887	0.0921	0.0897	0.0875	0.0879	0.0888	0.0877	0.0873	0.0932	0.0882	0.0879	0.0872	0.0887	0.0875	0.0881	0.0897	0.0896	
0.5956	0.5509	0.4198	0.3658	0.2688	0.1923	0.1543	0.1404	0.4796	0.3935	0.2732	0.2182	0.1305	0.1110	0.0968	0.0931	0.4191	0.2664	0.1168	0.0931	0.0891	0.0888	0.0887	0.0906	0.3014	0.1210	0.0900	0.0908	0.0881	0.0890	0.0878	0.0898	0.1454	0.0931	0.0889	0.0898	0.0883	0.0890	0.0885	0.0898	0.1066	0.0891	0.0878	0.0883	0.0883	0.0888	0.0893	0.0888	0.0932	0.0891	0.0883	0.0885	0.0892	0.0888	0.0883	0.0948	0.0897	0.0882	0.0880	0.0887	0.0879	0.0882	0.0897	0.0902	
0.6202	0.5769	0.4432	0.3894	0.2840	0.1986	0.1573	0.1382	0.5081	0.4281	0.3047	0.2326	0.1356	0.1104	0.0951	0.0880	0.4544	0.2939	0.1197	0.0906	0.0861	0.0846	0.0868	0.0857	0.3399	0.1258	0.0884	0.0873	0.0869	0.0852	0.0870	0.0855	0.1758	0.0910	0.0871	0.0862	0.0866	0.0851	0.0867	0.0859	0.1100	0.0865	0.0867	0.0849	0.0862	0.0857	0.0869	0.0866	0.0918	0.0859	0.0857	0.0854	0.0879	0.0853	0.0866	0.0905	0.0867	0.0843	0.0857	0.0845	0.0868	0.0843	0.0881	0.0871	
0.6440	0.6007	0.4658	0.4110	0.2981	0.2060	0.1640	0.1437	0.5317	0.4524	0.3270	0.2446	0.1407	0.1135	0.0966	0.0905	0.4822	0.3179	0.1245	0.0934	0.0872	0.0869	0.0874	0.0870	0.3735	0.1350	0.0886	0.0884	0.0873	0.0879	0.0874	0.0874	0.2198	0.0931	0.0867	0.0881	0.0868	0.0878	0.0868	0.0869	0.1162	0.0878	0.0867	0.0870	0.0859	0.0879	0.0879	0.0879	0.0930	0.0884	0.0859	0.0865	0.0879	0.0863	0.0873	0.0918	0.0873	0.0869	0.0863	0.0873	0.0873	0.0872	0.0876	0.0879	
0.6627	0.6198	0.4869	0.4308	0.3114	0.2139	0.1686	0.1469	0.5523	0.4842	0.3461	0.2599	0.1436	0.1150	0.0972	0.0928	0.5032	0.3368	0.1260	0.0943	0.0898	0.0878	0.0881	0.0896	0.4057	0.1424	0.0905	0.0907	0.0887	0.0883	0.0887	0.0895	0.2593	0.0939	0.0889	0.0896	0.0885	0.0894	0.0891	0.0905	0.1225	0.0889	0.0880	0.0893	0.0881	0.0886	0.0885	0.0887	0.0952	0.0888	0.0880	0.0875	0.0889	0.0883	0.0877	0.0935	0.0897	0.0880	0.0876	0.0888	0.0879	0.0882	0.0893	0.0896	
0.6687	0.6425	0.5141	0.4555	0.3322	0.2228	0.1720	0.1512	0.5718	0.5098	0.3723	0.2776	0.1496	0.1168	0.0958	0.0897	0.5199	0.3600	0.1324	0.0928	0.0869	0.0858	0.0876	0.0857	0.4351	0.1553	0.0884	0.0878	0.0867	0.0864	0.0863	0.0867	0.2977	0.0932	0.0868	0.0867	0.0874	0.0862	0.0875	0.0864	0.1329	0.0871	0.0864	0.0860	0.0861	0.0856	0.0870	0.0861	0.0932	0.0864	0.0856	0.0853	0.0870	0.0847	0.0866	0.0913	0.0869	0.0852	0.0855	0.0852	0.0869	0.0858	0.0882	0.0866	
0.6693	0.6555	0.5291	0.4713	0.3432	0.2312	0.1787	0.1541	0.5886	0.5338	0.3929	0.2939	0.1553	0.1223	0.0990	0.0945	0.5404	0.3861	0.1376	0.0977	0.0893	0.0906	0.0902	0.0919	0.4676	0.1688	0.0918	0.0931	0.0896	0.0917	0.0891	0.0905	0.3314	0.0981	0.0900	0.0923	0.0885	0.0914	0.0884	0.0914	0.1504	0.0925	0.0898	0.0911	0.0887	0.0918	0.0888	0.0916	0.0974	0.0923	0.0891	0.0915	0.0900	0.0915	0.0894	0.0953	0.0906	0.0913	0.0892	0.0916	0.0896	0.0918	0.0911	0.0922	
0.6710	0.6762	0.5485	0.4888	0.3620	0.2379	0.1822	0.1553	0.6044	0.5506	0.4170	0.3111	0.1588	0.1179	0.0956	0.0877	0.5599	0.4064	0.1420	0.0912	0.0872	0.0849	0.0862	0.0853	0.4983	0.1794	0.0880	0.0856	0.0873	0.0843	0.0867	0.0839	0.3665	0.0925	0.0869	0.0852	0.0865	0.0839	0.0860	0.0851	0.1790	0.0850	0.0860	0.0836	0.0858	0.0841	0.0862	0.0851	0.0958	0.0850	0.0852	0.0841	0.0869	0.0838	0.0854	0.0888	0.0867	0.0837	0.0856	0.0842	0.0856	0.0838	0.0874	0.0851	
0.6781	0.6893	0.5755	0.5179	0.3811	0.2497	0.1886	0.1613	0.6223	0.5752	0.4456	0.3378	0.1669	0.1244	0.0982	0.0916	0.5777	0.4365	0.1493	0.0952	0.0879	0.0868	0.0876	0.0878	0.5244	0.2000	0.0884	0.0889	0.0878	0.0872	0.0871	0.0872	0.4023	0.0965	0.0875	0.0882	0.0865	0.0876	0.0871	0.0888	0.2206	0.0884	0.0866	0.0871	0.0867	0.0863	0.0869	0.0878	0.0986	0.0877	0.0860	0.0874	0.0881	0.0868	0.0867	0.0914	0.0905	0.0865	0.0864	0.0869	0.0867	0.0870	0.0887	0.0883	
0.6866	0.6930	0.5902	0.5263	0.3897	0.2589	0.1913	0.1649	0.6276	0.5874	0.4641	0.3480	0.1712	0.1267	0.0995	0.0938	0.5818	0.4578	0.1544	0.0973	0.0900	0.0898	0.0900	0.0902	0.5431	0.2161	0.0914	0.0911	0.0897	0.0900	0.0888	0.0905	0.4306	0.0986	0.0893	0.0910	0.0893	0.0901	0.0888	0.0909	0.2538	0.0906	0.0894	0.0902	0.0887	0.0898	0.0895	0.0912	0.1017	0.0900	0.0887	0.0892	0.0901	0.0901	0.0885	0.0961	0.0907	0.0897	0.0891	0.0895	0.0889	0.0891	0.0912	0.0919	
0.6874	0.6982	0.6041	0.5573	0.4149	0.2654	0.1975	0.1633	0.6330	0.6146	0.4930	0.3659	0.1800	0.1278	0.0974	0.0885	0.5914	0.4922	0.1593	0.0936	0.0860	0.0845	0.0871	0.0845	0.5617	0.2345	0.0881	0.0865	0.0866	0.0851	0.0863	0.0854	0.4661	0.0953	0.0868	0.0852	0.0863	0.0853	0.0864	0.0848	0.2874	0.0852	0.0864	0.0838	0.0862	0.0846	0.0871	0.0847	0.1008	0.0844	0.0852	0.0839	0.0863	0.0848	0.0861	0.0897	0.0865	0.0837	0.0855	0.0836	0.0862	0.0848	0.0876	0.0850	
0.6810	0.7028	0.6220	0.5739	0.4352	0.2796	0.2082	0.1741	0.6366	0.6273	0.5150	0.3979	0.1881	0.1313	0.0993	0.0913	0.5966	0.5176	0.1711	0.0958	0.0871	0.0866	0.0880	0.0874	0.5833	0.2626	0.0889	0.0891	0.0868	0.0873	0.0870	0.0878	0.4967	0.0990	0.0875	0.0878	0.0870	0.0871	0.0871	0.0878	0.3241	0.0877	0.0871	0.0872	0.0865	0.0867	0.0879	0.0874	0.1054	0.0877	0.0857	0.0873	0.0882	0.0867	0.0871	0.0922	0.0874	0.0867	0.0863	0.0864	0.0870	0.0868	0.0886	0.0878	
0.6834	0.7034	0.6323	0.5758	0.4447	0.2834	0.2094	0.1753	0.6363	0.6305	0.5324	0.4146	0.1887	0.1340	0.1000	0.0939	0.5962	0.5309	0.1780	0.0980	0.0901	0.0889	0.0902	0.0903	0.5930	0.2799	0.0914	0.0915	0.0889	0.0890	0.0888	0.0899	0.5191	0.1016	0.0892	0.0898	0.0897	0.0893	0.0890	0.0900	0.3533	0.0896	0.0886	0.0897	0.0889	0.0882	0.0899	0.0901	0.1100	0.0900	0.0880	0.0890	0.0902	0.0891	0.0878	0.0941	0.0905	0.0892	0.0890	0.0887	0.0897	0.0884	0.0910	0.0897	
0.6941	0.7125	0.6519	0.6019	0.4655	0.2989	0.2188	0.1799	0.6484	0.6370	0.5609	0.4411	0.1997	0.1362	0.0996	0.0896	0.6059	0.5603	0.1907	0.0947	0.0865	0.0852	0.0858	0.0851	0.6078	0.3048	0.0884	0.0870	0.0863	0.0857	0.0861	0.0848	0.5474	0.1011	0.0864	0.0866	0.0858	0.0848	0.0855	0.0863	0.3944	0.0860	0.0857	0.0848	0.0854	0.0842	0.0861	0.0861	0.1135	0.0856	0.0850	0.0849	0.0869	0.0848	0.0860	0.0902	0.0870	0.0844	0.0851	0.0839	0.0854	0.0854	0.0868	0.0858	
0.7027	0.7163	0.6653	0.6239	0.4872	0.3112	0.2282	0.1863	0.6514	0.6474	0.5806	0.4597	0.2084	0.1428	0.0992	0.0920	0.6098	0.5861	0.2028	0.0973	0.0871	0.0865	0.0873	0.0876	0.6133	0.3308	0.0901	0.0885	0.0862	0.0872	0.0867	0.0866	0.5713	0.1037	0.0876	0.0888	0.0861	0.0869	0.0860	0.0864	0.4265	0.0880	0.0882	0.0873	0.0859	0.0871	0.0872	0.0871	0.1201	0.0884	0.0862	0.0872	0.0872	0.0867	0.0861	0.0914	0.0880	0.0871	0.0861	0.0867	0.0864	0.0881	0.0875	0.0874	
0.7021	0.7204	0.6716	0.6487	0.5061	0.3210	0.2322	0.1868	0.6520	0.6519	0.5924	0.4662	0.2203	0.1401	0.0976	0.0884	0.6087	0.6023	0.2128	0.0943	0.0854	0.0824	0.0855	0.0845	0.6140	0.3525	0.0860	0.0853	0.0849	0.0831	0.0850	0.0833	0.5821	0.1013	0.0853	0.0846	0.0851	0.0837	0.0847	0.0851	0.4544	0.0839	0.0847	0.0831	0.0842	0.0829	0.0856	0.0848	0.1258	0.0829	0.0845	0.0826	0.0850	0.0826	0.0849	0.0884	0.0859	0.0823	0.0840	0.0830	0.0843	0.0828	0.0865	0.0846	
0.7115	0.7193	0.6733	0.6630	0.5213	0.3327	0.2395	0.1933	0.6562	0.6467	0.6069	0.4897	0.2288	0.1454	0.1009	0.0918	0.6121	0.6137	0.2314	0.0974	0.0869	0.0854	0.0866	0.0867	0.6162	0.3741	0.0889	0.0876	0.0869	0.0851	0.0869	0.0859	0.5952	0.1070	0.0870	0.0870	0.0860	0.0856	0.0870	0.0863	0.4869	0.0871	0.0856	0.0857	0.0863	0.0853	0.0871	0.0857	0.1396	0.0863	0.0855	0.0855	0.0864	0.0852	0.0865	0.0912	0.0918	0.0852	0.0859	0.0854	0.0864	0.0851	0.0880	0.0867	
0.7011	0.7172	0.6701	0.6701	0.5372	0.3401	0.2402	0.1978	0.6466	0.6419	0.6034	0.5179	0.2409	0.1509	0.1015	0.0942	0.6049	0.6096	0.2437	0.1006	0.0878	0.0891	0.0874	0.0882	0.6101	0.3882	0.0898	0.0902	0.0875	0.0891	0.0872	0.0884	0.5959	0.1115	0.0884	0.0896	0.0867	0.0898	0.0875	0.0886	0.5059	0.0901	0.0875	0.0877	0.0863	0.0883	0.0876	0.0875	0.1545	0.0899	0.0867	0.0884	0.0871	0.0889	0.0871	0.0927	0.0897	0.0891	0.0872	0.0883	0.0864	0.0892	0.0888	0.0891	
0.7031	0.7169	0.6741	0.6670	0.5482	0.3500	0.2494	0.2000	0.6526	0.6481	0.6115	0.5376	0.2514	0.1530	0.1001	0.0896	0.6103	0.6160	0.2619	0.0956	0.0866	0.0831	0.0857	0.0854	0.6172	0.4156	0.0868	0.0854	0.0857	0.0838	0.0850	0.0842	0.6028	0.1101	0.0858	0.0845	0.0850	0.0831	0.0860	0.0843	0.5359	0.0842	0.0847	0.0826	0.0847	0.0827	0.0864	0.0840	0.1715	0.0830	0.0841	0.0828	0.0866	0.0829	0.0857	0.0884	0.0871	0.0827	0.0841	0.0824	0.0854	0.0830	0.0875	0.0846	
0.7086	0.7231	0.6759	0.6745	0.5679	0.3639	0.2645	0.2079	0.6607	0.6515	0.6159	0.5582	0.2655	0.1576	0.1034	0.0931	0.6190	0.6151	0.2791	0.1003	0.0887	0.0878	0.0878	0.0879	0.6245	0.4382	0.0891	0.0894	0.0878	0.0876	0.0875	0.0881	0.6069	0.1172	0.0875	0.0881	0.0877	0.0878	0.0870	0.0884	0.5595	0.0881	0.0873	0.0871	0.0864	0.0870	0.0877	0.0882	0.1974	0.0881	0.0865	0.0871	0.0880	0.0874	0.0870	0.0922	0.0926	0.0869	0.0869	0.0868	0.0874	0.0869	0.0890	0.0879	
0.7092	0.7221	0.6732	0.6696	0.5778	0.3743	0.2653	0.2096	0.6564	0.6527	0.6142	0.5743	0.2694	0.1586	0.1032	0.0944	0.6163	0.6176	0.2947	0.1011	0.0898	0.0883	0.0883	0.0894	0.6212	0.4630	0.0915	0.0899	0.0888	0.0891	0.0889	0.0891	0.6077	0.1206	0.0888	0.0895	0.0884	0.0890	0.0880	0.0895	0.5730	0.0894	0.0886	0.0893	0.0876	0.0884	0.0888	0.0894	0.2208	0.0888	0.0875	0.0888	0.0891	0.0893	0.0880	0.0917	0.0911	0.0879	0.0883	0.0882	0.0879	0.0883	0.0904	0.0905	
0.7169	0.7287	0.6803	0.6810	0.5964	0.3877	0.2800	0.2149	0.6674	0.6610	0.6193	0.5971	0.2857	0.1644	0.1030	0.0913	0.6249	0.6244	0.3193	0.0980	0.0874	0.0844	0.0854	0.0858	0.6302	0.4912	0.0889	0.0867	0.0862	0.0848	0.0861	0.0862	0.6146	0.1247	0.0866	0.0862	0.0864	0.0855	0.0855	0.0862	0.5945	0.0856	0.0866	0.0846	0.0866	0.0846	0.0863	0.0859	0.2473	0.0852	0.0853	0.0849	0.0871	0.0846	0.0853	0.0906	0.0891	0.0841	0.0851	0.0845	0.0855	0.0845	0.0871	0.0858	
0.7165	0.7230	0.6748	0.6823	0.6101	0.3989	0.2848	0.2227	0.6701	0.6523	0.6094	0.6009	0.2890	0.1713	0.1034	0.0940	0.6182	0.6182	0.3334	0.1013	0.0872	0.0876	0.0869	0.0878	0.6249	0.5108	0.0894	0.0892	0.0870	0.0884	0.0863	0.0867	0.6096	0.1328	0.0869	0.0882	0.0858	0.0882	0.0865	0.0877	0.5924	0.0890	0.0867	0.0869	0.0865	0.0879	0.0872	0.0875	0.2660	0.0890	0.0858	0.0869	0.0876	0.0868	0.0863	0.0917	0.0915	0.0871	0.0864	0.0870	0.0862	0.0872	0.0887	0.0869	
0.7160	0.7254	0.6797	0.6858	0.6257	0.4053	0.2853	0.2220	0.6621	0.6573	0.6181	0.6111	0.3036	0.1712	0.1008	0.0899	0.6180	0.6267	0.3505	0.0975	0.0848	0.0833	0.0841	0.0840	0.6243	0.5363	0.0869	0.0852	0.0841	0.0831	0.0838	0.0845	0.6107	0.1341	0.0845	0.0838	0.0842	0.0828	0.0839	0.0846	0.5972	0.0838	0.0845	0.0835	0.0836	0.0822	0.0844	0.0842	0.2885	0.0830	0.0828	0.0844	0.0855	0.0822	0.0836	0.0888	0.0881	0.0823	0.0835	0.0831	0.0844	0.0824	0.0857	0.0835	
0.7184	0.7317	0.6845	0.6978	0.6358	0.4218	0.2983	0.2327	0.6690	0.6693	0.6250	0.6239	0.3220	0.1776	0.1042	0.0922	0.6269	0.6355	0.3741	0.1011	0.0870	0.0857	0.0861	0.0865	0.6335	0.5642	0.0895	0.0873	0.0869	0.0858	0.0861	0.0862	0.6195	0.1457	0.0862	0.0870	0.0857	0.0852	0.0861	0.0866	0.6102	0.0868	0.0852	0.0855	0.0851	0.0848	0.0868	0.0866	0.3228	0.0860	0.0851	0.0851	0.0876	0.0852	0.0851	0.0906	0.0902	0.0852	0.0857	0.0853	0.0861	0.0856	0.0875	0.0867	
0.7223	0.7280	0.6806	0.6852	0.6388	0.4302	0.3034	0.2367	0.6686	0.6629	0.6202	0.6220	0.3305	0.1812	0.1071	0.0965	0.6281	0.6261	0.3858	0.1057	0.0904	0.0907	0.0888	0.0906	0.6303	0.5676	0.0923	0.0926	0.0890	0.0914	0.0882	0.0901	0.6158	0.1571	0.0903	0.0912	0.0888	0.0912	0.0886	0.0916	0.6072	0.0922	0.0886	0.0905	0.0884	0.0912	0.0896	0.0896	0.3490	0.0919	0.0885	0.0916	0.0895	0.0905	0.0885	0.0952	0.0938	0.0916	0.0888	0.0905	0.0891	0.0908	0.0908	0.0906	
0.7316	0.7329	0.6832	0.6973	0.6446	0.4493	0.3103	0.2393	0.6722	0.6651	0.6233	0.6267	0.3450	0.1818	0.1025	0.0896	0.6274	0.6335	0.4076	0.0974	0.0849	0.0815	0.0841	0.0826	0.6326	0.5872	0.0867	0.0841	0.0842	0.0833	0.0842	0.0831	0.6201	0.1618	0.0848	0.0838	0.0840	0.0830	0.0839	0.0832	0.6085	0.0834	0.0833	0.0821	0.0840	0.0825	0.0843	0.0836	0.3738	0.0823	0.0829	0.0819	0.0849	0.0828	0.0833	0.0876	0.0891	0.0815	0.0835	0.0818	0.0838	0.0819	0.0869	0.0826	
0.7368	0.7339	0.6856	0.6989	0.6469	0.4651	0.3277	0.2518	0.6789	0.6660	0.6278	0.6271	0.3613	0.1922	0.1052	0.0938	0.6336	0.6377	0.4291	0.1030	0.0874	0.0855	0.0869	0.0868	0.6382	0.5931	0.0893	0.0882	0.0869	0.0862	0.0856	0.0874	0.6183	0.1768	0.0863	0.0875	0.0862	0.0868	0.0865	0.0866	0.6087	0.0875	0.0863	0.0856	0.0854	0.0866	0.0863	0.0867	0.4056	0.0871	0.0853	0.0860	0.0875	0.0855	0.0859	0.0914	0.0923	0.0859	0.0861	0.0861	0.0856	0.0866	0.0870	0.0866	
0.7329	0.7262	0.6796	0.6915	0.6402	0.4706	0.3280	0.2499	0.6752	0.6529	0.6197	0.6220	0.3729	0.1936	0.1097	0.0979	0.6285	0.6206	0.4432	0.1073	0.0915	0.0905	0.0905	0.0922	0.6340	0.5803	0.0935	0.0924	0.0908	0.0904	0.0898	0.0921	0.6179	0.1904	0.0903	0.0914	0.0906	0.0904	0.0904	0.0904	0.6084	0.0916	0.0899	0.0908	0.0901	0.0901	0.0905	0.0912	0.4319	0.0913	0.0891	0.0901	0.0907	0.0908	0.0897	0.0959	0.0967	0.0902	0.0900	0.0898	0.0904	0.0902	0.0914	0.0927	
0.7328	0.7351	0.6847	0.6953	0.6441	0.4806	0.3367	0.2568	0.6794	0.6682	0.6259	0.6298	0.3897	0.1987	0.1077	0.0922	0.6351	0.6389	0.4624	0.1023	0.0873	0.0845	0.0871	0.0851	0.6406	0.5929	0.0894	0.0864	0.0866	0.0845	0.0867	0.0852	0.6258	0.2049	0.0870	0.0858	0.0867	0.0857	0.0872	0.0855	0.6156	0.0865	0.0858	0.0839	0.0855	0.0853	0.0862	0.0850	0.4656	0.0852	0.0852	0.0841	0.0873	0.0843	0.0854	0.0899	0.0940	0.0836	0.0854	0.0844	0.0862	0.0851	0.0880	0.0858	
0.7371	0.7349	0.6804	0.6886	0.6417	0.4963	0.3423	0.2646	0.6828	0.6728	0.6307	0.6268	0.4028	0.2052	0.1083	0.0950	0.6409	0.6392	0.4759	0.1051	0.0881	0.0860	0.0866	0.0869	0.6479	0.6000	0.0895	0.0877	0.0860	0.0868	0.0852	0.0864	0.6324	0.2254	0.0874	0.0876	0.0861	0.0869	0.0860	0.0872	0.6223	0.0885	0.0865	0.0866	0.0858	0.0859	0.0863	0.0866	0.4973	0.0875	0.0856	0.0864	0.0870	0.0860	0.0859	0.0917	0.0960	0.0863	0.0859	0.0856	0.0858	0.0865	0.0876	0.0867	
0.7380	0.7339	0.6799	0.6838	0.6379	0.5047	0.3567	0.2658	0.6828	0.6705	0.6240	0.6247	0.4153	0.2075	0.1086	0.0971	0.6421	0.6344	0.4891	0.1072	0.0894	0.0882	0.0885	0.0892	0.6485	0.5943	0.0921	0.0901	0.0885	0.0882	0.0881	0.0879	0.6318	0.2407	0.0890	0.0886	0.0888	0.0880	0.0889	0.0889	0.6214	0.0903	0.0874	0.0892	0.0880	0.0883	0.0886	0.0885	0.5191	0.0889	0.0873	0.0881	0.0891	0.0881	0.0876	0.0929	0.1023	0.0882	0.0883	0.0873	0.0879	0.0879	0.0897	0.0903	
0.7508	0.7492	0.6928	0.7033	0.6450	0.5238	0.3686	0.2748	0.6977	0.6827	0.6349	0.6359	0.4369	0.2130	0.1092	0.0947	0.6533	0.6468	0.5140	0.1051	0.0881	0.0846	0.0873	0.0856	0.6590	0.6042	0.0899	0.0867	0.0869	0.0845	0.0867	0.0857	0.6438	0.2675	0.0870	0.0859	0.0866	0.0856	0.0865	0.0860	0.6307	0.0863	0.0859	0.0840	0.0858	0.0846	0.0857	0.0855	0.5461	0.0850	0.0854	0.0837	0.0866	0.0845	0.0857	0.0902	0.0979	0.0838	0.0854	0.0839	0.0856	0.0846	0.0873	0.0858	
0.7567	0.7480	0.6971	0.7004	0.6550	0.5460	0.3842	0.2800	0.7021	0.6852	0.6411	0.6368	0.4541	0.2263	0.1118	0.0963	0.6606	0.6499	0.5342	0.1090	0.0889	0.0873	0.0878	0.0875	0.6641	0.6078	0.0921	0.0895	0.0868	0.0875	0.0873	0.0877	0.6464	0.2911	0.0877	0.0889	0.0872	0.0874	0.0875	0.0872	0.6333	0.0891	0.0867	0.0875	0.0870	0.0868	0.0875	0.0881	0.5686	0.0881	0.0864	0.0877	0.0884	0.0866	0.0871	0.0924	0.1002	0.0869	0.0866	0.0876	0.0873	0.0875	0.0896	0.0886	
