0.0931	0.0923	0.0933	0.0990	0.0944	0.0948	0.0948	0.1200	0.0915	0.0935	0.0912	0.0986	0.0929	0.1063	0.0933	0.1290	0.0936	0.0993	0.0928	0.1117	0.0925	0.1075	0.0931	0.1263	0.0925	0.0954	0.0926	0.0929	0.0931	0.0939	0.0942	0.0930	0.0952	0.0978	0.0912	0.0943	0.0919	0.0906	0.0898	0.0908	0.0960	0.0972	0.0955	0.1166	0.0898	0.0916	0.0902	0.0947	0.0988	0.0937	0.0926	0.0957	0.0894	0.0921	0.0884	0.0946	0.0943	0.1100	0.0962	0.1083	0.0878	0.0938	0.0907	0.0917	
0.0894	0.0894	0.0910	0.0892	0.0884	0.0896	0.0900	0.0909	0.0883	0.0898	0.0893	0.0898	0.0903	0.0899	0.0900	0.0920	0.0898	0.0898	0.0917	0.0911	0.0901	0.0905	0.0920	0.0903	0.0886	0.0880	0.0893	0.0892	0.0901	0.0893	0.0901	0.0906	0.0942	0.0930	0.0927	0.0924	0.0894	0.0913	0.0912	0.0928	0.0956	0.0937	0.0917	0.0914	0.0920	0.0931	0.0942	0.0930	0.0947	0.0935	0.0917	0.0928	0.0926	0.0916	0.0913	0.0918	0.0937	0.0919	0.0916	0.0914	0.0916	0.0906	0.0929	0.0920	
0.0906	0.0905	0.0909	0.0895	0.0905	0.0896	0.0907	0.0913	0.0898	0.0914	0.0897	0.0901	0.0909	0.0909	0.0908	0.0913	0.0897	0.0921	0.0900	0.0922	0.0905	0.0908	0.0910	0.0907	0.0900	0.0894	0.0893	0.0888	0.0916	0.0900	0.0900	0.0905	0.0907	0.0889	0.0885	0.0907	0.0879	0.0889	0.0891	0.0920	0.0901	0.0901	0.0883	0.0894	0.0883	0.0912	0.0887	0.0915	0.0915	0.0885	0.0882	0.0892	0.0892	0.0899	0.0889	0.0893	0.0904	0.0909	0.0929	0.0890	0.0890	0.0888	0.0913	0.0937	
0.0911	0.0899	0.0926	0.0894	0.0889	0.0891	0.0961	0.0908	0.0890	0.0917	0.0895	0.0904	0.0908	0.0905	0.0901	0.0912	0.0892	0.0903	0.0901	0.0916	0.0903	0.0907	0.0905	0.0910	0.0897	0.0892	0.0899	0.0891	0.0900	0.0901	0.0907	0.0901	0.0908	0.0863	0.0854	0.0869	0.0849	0.0883	0.0863	0.0889	0.0909	0.0879	0.0878	0.0878	0.0860	0.0885	0.0880	0.0905	0.0911	0.0870	0.0885	0.0905	0.0898	0.0885	0.0866	0.0876	0.0893	0.0902	0.0885	0.0886	0.0891	0.0874	0.0886	0.0881	
0.0915	0.0907	0.0914	0.0899	0.0890	0.0895	0.0921	0.0918	0.0896	0.0920	0.0897	0.0909	0.0908	0.0902	0.0906	0.0914	0.0895	0.0912	0.0904	0.0923	0.0905	0.0908	0.0910	0.0901	0.0897	0.0887	0.0897	0.0886	0.0898	0.0894	0.0895	0.0903	0.0954	0.0897	0.0894	0.0907	0.0894	0.0924	0.0896	0.0983	0.0941	0.0913	0.0898	0.0915	0.0893	0.0955	0.0948	0.0982	0.0935	0.0888	0.0909	0.0922	0.0898	0.0907	0.0895	0.0972	0.0909	0.0918	0.0971	0.0907	0.0900	0.0891	0.0935	0.0982	
0.0905	0.0918	0.0931	0.0899	0.0894	0.0894	0.0906	0.0911	0.0891	0.0908	0.0904	0.0902	0.0909	0.0911	0.0908	0.0917	0.0894	0.0921	0.0908	0.0915	0.0902	0.0942	0.0903	0.0908	0.0894	0.0890	0.0895	0.0891	0.0898	0.0903	0.0902	0.0900	0.0921	0.0846	0.0866	0.0873	0.0846	0.0856	0.0857	0.0872	0.0903	0.0862	0.0872	0.0888	0.0857	0.0906	0.0875	0.0882	0.0901	0.0874	0.0874	0.0897	0.0820	0.0866	0.0851	0.0862	0.0930	0.0907	0.0878	0.0875	0.0799	0.0895	0.0865	0.0844	
0.0905	0.0906	0.0911	0.0896	0.0895	0.0896	0.0901	0.0912	0.0893	0.0916	0.0896	0.0907	0.0908	0.0902	0.0905	0.0921	0.0902	0.0920	0.0902	0.0916	0.0898	0.0912	0.0904	0.0907	0.0907	0.0889	0.0894	0.0898	0.0903	0.0902	0.0901	0.0898	0.0921	0.0894	0.0874	0.0887	0.0871	0.0868	0.0881	0.0868	0.0916	0.0866	0.0896	0.0875	0.0885	0.0900	0.0881	0.0896	0.0919	0.0880	0.0888	0.0911	0.0881	0.0872	0.0868	0.0875	0.0916	0.0920	0.0911	0.0892	0.0883	0.0895	0.0886	0.0868	
0.0905	0.0900	0.0910	0.0892	0.0883	0.0896	0.0911	0.0913	0.0889	0.0911	0.0892	0.0898	0.0913	0.0898	0.0909	0.0912	0.0895	0.0922	0.0900	0.0909	0.0906	0.0912	0.0913	0.0911	0.0896	0.0889	0.0894	0.0893	0.0894	0.0900	0.0903	0.0910	0.0931	0.0874	0.0922	0.0911	0.0895	0.0900	0.0919	0.0904	0.0922	0.0888	0.0889	0.0908	0.0925	0.0911	0.0916	0.0913	0.0929	0.0910	0.0935	0.0901	0.0922	0.0907	0.0898	0.0908	0.0934	0.0901	0.0911	0.0892	0.0930	0.0890	0.0958	0.0898	
0.0911	0.0907	0.0918	0.0908	0.0902	0.0902	0.0909	0.0920	0.0897	0.0926	0.0905	0.0913	0.0913	0.0909	0.0907	0.0911	0.0900	0.0914	0.0905	0.0925	0.0907	0.0921	0.0907	0.0911	0.0905	0.0897	0.0897	0.0892	0.0908	0.0905	0.0909	0.0909	0.0927	0.0876	0.0912	0.0891	0.0888	0.0889	0.0893	0.0913	0.0922	0.0917	0.0879	0.0889	0.0896	0.0913	0.0906	0.0917	0.0920	0.0888	0.0887	0.0881	0.0889	0.0896	0.0898	0.0916	0.0905	0.0911	0.0893	0.0883	0.0891	0.0890	0.0909	0.0911	
0.0912	0.0912	0.0924	0.0904	0.0899	0.0907	0.0913	0.0925	0.0948	0.0915	0.0906	0.0905	0.0913	0.0910	0.0909	0.0933	0.0938	0.0913	0.0906	0.0923	0.0906	0.0930	0.0912	0.0926	0.0931	0.0920	0.0902	0.0893	0.0899	0.0907	0.0900	0.0916	0.0949	0.0885	0.0900	0.0924	0.0873	0.0903	0.0900	0.0913	0.0913	0.0923	0.0908	0.0889	0.0896	0.0923	0.0900	0.0923	0.0929	0.0929	0.0904	0.0913	0.0924	0.0898	0.0906	0.0917	0.0913	0.0930	0.0921	0.0915	0.0909	0.0907	0.0907	0.0906	
0.0924	0.0910	0.0923	0.0901	0.0909	0.0904	0.0920	0.0926	0.0902	0.0924	0.0904	0.0906	0.0919	0.0910	0.0912	0.0916	0.0904	0.0919	0.0911	0.0924	0.0909	0.0922	0.0920	0.0913	0.0902	0.0903	0.0906	0.0893	0.0907	0.0911	0.0918	0.0911	0.0943	0.0885	0.0899	0.0887	0.0891	0.0948	0.0949	0.0908	0.0920	0.0895	0.0886	0.0910	0.0895	0.0965	0.1013	0.0936	0.0894	0.0919	0.0917	0.0950	0.0925	0.0907	0.0909	0.0963	0.0908	0.0909	0.0910	0.0940	0.0944	0.0941	0.0969	0.0930	
0.0924	0.0920	0.0936	0.0912	0.0901	0.0913	0.0923	0.0921	0.0904	0.0925	0.0909	0.0918	0.0922	0.0920	0.0915	0.0925	0.0912	0.0921	0.0911	0.0925	0.0911	0.0927	0.0921	0.0918	0.0907	0.0899	0.0904	0.0903	0.0912	0.0908	0.0920	0.0919	0.0958	0.0944	0.0927	0.0934	0.0915	0.0953	0.0970	0.0925	0.0955	0.0932	0.0936	0.0957	0.0933	0.0974	0.0962	0.0941	0.0926	0.0935	0.0925	0.0932	0.0924	0.0975	0.0934	0.0934	0.0970	0.0932	0.0944	0.0950	0.0968	0.0930	0.0956	0.0938	
0.0922	0.0924	0.0943	0.0917	0.0902	0.0915	0.0921	0.0928	0.0904	0.0919	0.0907	0.0921	0.0915	0.0917	0.0918	0.0929	0.0907	0.0922	0.0917	0.0925	0.0908	0.0931	0.0918	0.0926	0.0906	0.0897	0.0905	0.0895	0.0909	0.0915	0.0910	0.0915	0.0917	0.0883	0.0885	0.0885	0.0867	0.0895	0.0890	0.0901	0.0954	0.0893	0.0877	0.0902	0.0899	0.0912	0.0906	0.0908	0.0917	0.0899	0.0883	0.0892	0.0897	0.0899	0.0913	0.0927	0.0907	0.0889	0.0905	0.0914	0.0886	0.0913	0.0911	0.0921	
0.0927	0.0926	0.0946	0.0921	0.0908	0.0912	0.0925	0.0943	0.0909	0.0923	0.0903	0.0910	0.0916	0.0907	0.0924	0.0924	0.0919	0.0924	0.0968	0.0923	0.0912	0.0928	0.0919	0.0922	0.0911	0.0909	0.0907	0.0895	0.0907	0.0918	0.0922	0.0920	0.0905	0.0895	0.0878	0.0902	0.0868	0.0894	0.0886	0.0905	0.0916	0.0895	0.0885	0.0884	0.0889	0.0900	0.0901	0.0922	0.0918	0.0876	0.0889	0.0894	0.0890	0.0889	0.0878	0.0929	0.0887	0.0895	0.0890	0.0879	0.0876	0.0882	0.0914	0.0937	
0.0927	0.0920	0.0952	0.0915	0.0904	0.0915	0.0926	0.0928	0.0906	0.0924	0.0908	0.0915	0.0912	0.0921	0.0913	0.0924	0.0905	0.0928	0.0910	0.0933	0.0910	0.0934	0.0999	0.0924	0.0902	0.0904	0.0906	0.0892	0.0917	0.0913	0.0912	0.0912	0.0901	0.0896	0.0882	0.0902	0.0889	0.0907	0.0902	0.0918	0.0922	0.0898	0.0887	0.0923	0.0902	0.0914	0.0912	0.0940	0.0913	0.0883	0.0902	0.0896	0.0912	0.0938	0.0890	0.0930	0.0906	0.0939	0.0922	0.0908	0.0910	0.0909	0.0925	0.0925	
0.0923	0.0929	0.0929	0.0913	0.0906	0.0909	0.0940	0.0932	0.0897	0.0925	0.0906	0.0909	0.0914	0.0914	0.0940	0.0928	0.0902	0.0922	0.0928	0.0922	0.0913	0.0925	0.0943	0.0929	0.0900	0.0904	0.0904	0.0895	0.0914	0.0914	0.0922	0.0914	0.0961	0.0922	0.0935	0.0932	0.0908	0.0955	0.0926	0.0952	0.0969	0.0952	0.0925	0.0927	0.0940	0.0985	0.0967	0.0967	0.0942	0.0932	0.0931	0.0951	0.0948	0.0945	0.0950	0.0956	0.0931	0.0954	0.0931	0.0941	0.0929	0.0936	0.0966	0.0943	
0.0932	0.0924	0.0949	0.0916	0.0903	0.0905	0.0919	0.0922	0.0903	0.0926	0.0915	0.0919	0.0917	0.0908	0.0912	0.0923	0.0902	0.0920	0.0922	0.0931	0.0914	0.0919	0.0926	0.0919	0.0900	0.0900	0.0918	0.0908	0.0911	0.0910	0.0915	0.0906	0.0936	0.0905	0.0969	0.0954	0.0898	0.0933	0.0915	0.0928	0.0938	0.0979	0.0953	0.0920	0.0920	0.0963	0.0957	0.0941	0.0923	0.0912	0.0910	0.0968	0.0931	0.0921	0.0939	0.0923	0.0927	0.0949	0.1009	0.0935	0.0925	0.0920	0.0940	0.0928	
0.0940	0.0938	0.0947	0.0929	0.0918	0.0920	0.0932	0.0930	0.0916	0.0929	0.0911	0.0922	0.0927	0.0920	0.0920	0.0932	0.0912	0.0931	0.0917	0.0940	0.0912	0.0925	0.0921	0.0929	0.0910	0.0906	0.0913	0.0905	0.0911	0.0910	0.0929	0.0924	0.0869	0.0862	0.0866	0.0861	0.0847	0.0900	0.0851	0.0887	0.0887	0.0894	0.0883	0.0858	0.0878	0.0881	0.0877	0.0892	0.0898	0.0839	0.0878	0.0869	0.0895	0.0866	0.0863	0.0890	0.0866	0.0885	0.0884	0.0862	0.0874	0.0865	0.0908	0.0863	
0.0945	0.0944	0.0955	0.0939	0.0925	0.0924	0.0927	0.0938	0.0921	0.0938	0.0912	0.0923	0.0924	0.0931	0.0925	0.0933	0.0919	0.0934	0.0923	0.0935	0.0928	0.0935	0.0926	0.0934	0.0916	0.0906	0.0913	0.0907	0.0915	0.0920	0.0931	0.0918	0.0882	0.0866	0.0909	0.0872	0.0860	0.0898	0.0865	0.0901	0.0886	0.0913	0.0910	0.0896	0.0887	0.0899	0.0912	0.0912	0.0955	0.0872	0.0898	0.0866	0.0890	0.0915	0.0890	0.0872	0.0927	0.0889	0.0898	0.0871	0.0904	0.0894	0.0897	0.0874	
0.0955	0.0957	0.0966	0.0944	0.0924	0.0933	0.0941	0.0938	0.0926	0.0942	0.0921	0.0926	0.0923	0.0952	0.0924	0.0941	0.0922	0.0948	0.0923	0.0934	0.0925	0.0940	0.0929	0.0943	0.0917	0.0915	0.0916	0.0911	0.0913	0.0925	0.0928	0.0919	0.0953	0.0918	0.0935	0.0960	0.0936	0.0950	0.0923	0.0931	0.0940	0.1036	0.0938	0.0923	0.0928	0.0937	0.0955	0.0967	0.0956	0.0948	0.0935	0.0928	0.0947	0.0957	0.0918	0.0930	0.0947	0.0974	0.0970	0.0934	0.0918	0.0934	0.0943	0.0937	
0.0958	0.0962	0.0970	0.0955	0.0933	0.0932	0.0947	0.0939	0.0922	0.0942	0.0923	0.0944	0.0947	0.0929	0.0934	0.0935	0.0923	0.0939	0.0926	0.0939	0.0933	0.0943	0.0933	0.0927	0.0920	0.0917	0.0925	0.0919	0.0926	0.0930	0.0936	0.0927	0.0937	0.0896	0.0926	0.0900	0.0885	0.0929	0.0940	0.0970	0.0932	0.0894	0.0918	0.0931	0.0899	0.0957	0.0964	0.0957	0.0905	0.0889	0.0911	0.0895	0.0902	0.0972	0.0948	0.0962	0.0906	0.0928	0.0909	0.0911	0.0910	0.0970	0.0944	0.0931	
0.0982	0.0966	0.0990	0.0953	0.0936	0.0931	0.0942	0.0932	0.0926	0.0937	0.0925	0.0927	0.0934	0.0927	0.0925	0.0934	0.0921	0.0944	0.0928	0.0934	0.0920	0.0934	0.0929	0.0933	0.0923	0.0912	0.0917	0.0902	0.0919	0.0924	0.0920	0.0915	0.0963	0.0930	0.0941	0.0991	0.0916	0.0914	0.0904	0.0918	0.0954	0.0929	0.0944	0.0905	0.0969	0.0932	0.0939	0.0964	0.0966	0.0895	0.0942	0.0936	0.0919	0.0956	0.0907	0.0917	0.0948	0.0938	0.0971	0.0923	0.0938	0.0919	0.0974	0.0978	
0.0986	0.0989	0.0989	0.0970	0.0932	0.0937	0.0941	0.0943	0.0938	0.0947	0.0929	0.0936	0.0930	0.0930	0.0928	0.0938	0.0928	0.0946	0.0930	0.0944	0.0922	0.0936	0.0923	0.0934	0.0923	0.0915	0.0924	0.0931	0.0919	0.0926	0.0924	0.0919	0.0944	0.0908	0.0895	0.0879	0.0869	0.0889	0.0880	0.0890	0.0901	0.0896	0.0895	0.0901	0.0882	0.0892	0.0891	0.0900	0.0874	0.0870	0.0875	0.0877	0.0890	0.0882	0.0869	0.0883	0.0928	0.0883	0.0921	0.0887	0.0883	0.0877	0.0901	0.0906	
0.0995	0.1001	0.0992	0.0972	0.0945	0.0944	0.0947	0.0949	0.0940	0.0956	0.0943	0.0930	0.0931	0.0934	0.0936	0.0937	0.0935	0.0950	0.0937	0.0948	0.0930	0.0942	0.0948	0.0938	0.0931	0.0928	0.0927	0.0913	0.0924	0.0924	0.0933	0.0924	0.0942	0.0923	0.0922	0.0934	0.0915	0.0930	0.0963	0.0939	0.0932	0.0934	0.0925	0.0931	0.0933	0.0965	0.0958	0.0943	0.0931	0.0917	0.0926	0.0941	0.0933	0.0974	0.0937	0.0936	0.0926	0.0937	0.0929	0.0929	0.0931	0.0941	0.0967	0.0942	
0.1018	0.1011	0.1010	0.0987	0.0950	0.0953	0.0958	0.0947	0.0954	0.0963	0.0939	0.0937	0.0937	0.0935	0.0938	0.0944	0.0940	0.0953	0.0940	0.0949	0.0933	0.0947	0.0936	0.0948	0.0940	0.0928	0.0937	0.0925	0.0923	0.0924	0.0934	0.0929	0.0937	0.0921	0.0927	0.0932	0.0914	0.0928	0.0927	0.0958	0.0932	0.0932	0.0932	0.0925	0.0932	0.0944	0.0961	0.0945	0.0928	0.0929	0.0937	0.0938	0.0936	0.0937	0.0924	0.0944	0.0928	0.0944	0.0939	0.0931	0.0921	0.0924	0.0954	0.0937	
0.1019	0.1028	0.1029	0.1012	0.0974	0.0970	0.0975	0.0977	0.0952	0.0975	0.0942	0.0942	0.0959	0.0963	0.0952	0.0962	0.0944	0.0965	0.0958	0.0952	0.0954	0.0997	0.0961	0.0961	0.0942	0.0928	0.0935	0.0923	0.0944	0.0947	0.0952	0.0959	0.0949	0.0936	0.0904	0.0903	0.0892	0.0903	0.0898	0.0910	0.0931	0.0920	0.0908	0.0908	0.0910	0.0923	0.1002	0.0916	0.0929	0.0893	0.0903	0.0903	0.0910	0.0905	0.0903	0.0915	0.0919	0.0943	0.0920	0.0926	0.0904	0.0901	0.0923	0.0912	
0.1038	0.1043	0.1021	0.1001	0.0955	0.0956	0.0951	0.0955	0.0954	0.0974	0.0943	0.0946	0.0938	0.0934	0.0931	0.0947	0.0951	0.0964	0.0945	0.0954	0.0930	0.0951	0.0927	0.0934	0.0941	0.0927	0.0933	0.0916	0.0925	0.0931	0.0926	0.0927	0.0999	0.0924	0.0947	0.0937	0.0924	0.0946	0.0967	0.0931	0.0947	0.0938	0.0930	0.0940	0.0942	0.0960	0.0943	0.0954	0.0954	0.0941	0.0921	0.0945	0.0946	0.0951	0.0933	0.0949	0.0949	0.0960	0.0941	0.0941	0.0932	0.0939	0.0944	0.0947	
0.1070	0.1069	0.1053	0.1014	0.0964	0.0960	0.0955	0.0948	0.0966	0.0983	0.0939	0.0946	0.0938	0.0940	0.0935	0.0938	0.0955	0.0967	0.0943	0.0952	0.0927	0.0946	0.0928	0.0939	0.0950	0.0932	0.0933	0.0913	0.0924	0.0928	0.0931	0.0922	0.0912	0.0888	0.0912	0.0909	0.0909	0.0894	0.0883	0.0898	0.0998	0.0906	0.0896	0.0896	0.0894	0.0914	0.0911	0.0910	0.0909	0.0902	0.0888	0.0900	0.0903	0.0897	0.0891	0.0902	0.0917	0.0945	0.0888	0.0937	0.0904	0.0894	0.0915	0.0901	
0.1098	0.1096	0.1070	0.1045	0.0982	0.0964	0.0969	0.0967	0.0971	0.1003	0.0960	0.0970	0.0943	0.0955	0.0940	0.0945	0.0969	0.0982	0.0958	0.0977	0.0942	0.0956	0.0944	0.0945	0.0958	0.0940	0.0947	0.0935	0.0939	0.0936	0.0943	0.0933	0.0967	0.0891	0.0892	0.0891	0.0886	0.0909	0.0915	0.0907	0.0937	0.0947	0.0880	0.0918	0.0918	0.0887	0.0914	0.0917	0.0954	0.0907	0.0919	0.0931	0.0933	0.0910	0.0906	0.0902	0.0907	0.0913	0.0910	0.0885	0.0903	0.0918	0.0920	0.0916	
0.1104	0.1108	0.1069	0.1035	0.0975	0.0963	0.0965	0.0966	0.0978	0.0999	0.0967	0.0965	0.0943	0.0945	0.0941	0.0954	0.0967	0.0983	0.0961	0.0968	0.0934	0.0946	0.0943	0.0944	0.0960	0.0937	0.0943	0.0926	0.0925	0.0925	0.0932	0.0937	0.0940	0.0910	0.0921	0.0893	0.0905	0.0887	0.0879	0.0897	0.0970	0.0935	0.0925	0.0893	0.0876	0.0902	0.0901	0.0915	0.0954	0.0925	0.0910	0.0921	0.0899	0.0889	0.0882	0.0893	0.0941	0.0912	0.0924	0.0919	0.0874	0.0879	0.0916	0.0885	
0.1154	0.1150	0.1095	0.1053	0.0988	0.0985	0.0969	0.0968	0.0998	0.1009	0.0960	0.0965	0.0946	0.0963	0.0940	0.0946	0.0980	0.0987	0.0955	0.0963	0.0933	0.0986	0.0963	0.0944	0.0964	0.0940	0.0943	0.0927	0.0929	0.0943	0.0934	0.0932	0.0958	0.0884	0.0917	0.0896	0.0901	0.0885	0.0877	0.0895	0.0945	0.0887	0.0907	0.0884	0.0905	0.0901	0.0897	0.0901	0.0933	0.0870	0.0925	0.0929	0.0920	0.0894	0.0876	0.0892	0.0911	0.0943	0.0908	0.0889	0.0887	0.0885	0.0902	0.0908	
0.1172	0.1176	0.1136	0.1070	0.0990	0.0982	0.0995	0.0970	0.1007	0.1022	0.0981	0.0969	0.0957	0.0958	0.0953	0.0955	0.0991	0.0994	0.0963	0.0981	0.0941	0.0971	0.0941	0.0949	0.0975	0.0949	0.0956	0.0930	0.0935	0.0936	0.0941	0.0935	0.1001	0.0956	0.0947	0.0941	0.0936	0.0932	0.0928	0.0952	0.1011	0.0948	0.0953	0.0950	0.0952	0.0950	0.0952	0.0949	0.0998	0.0926	0.0949	0.0934	0.0934	0.0931	0.0930	0.0938	0.0954	0.0955	0.0943	0.0953	0.0925	0.0930	0.0952	0.0939	
0.1193	0.1202	0.1124	0.1092	0.1001	0.0981	0.0975	0.0968	0.1023	0.1029	0.0982	0.0973	0.0942	0.0945	0.0949	0.0953	0.0988	0.1003	0.0962	0.0973	0.0931	0.0949	0.1043	0.0944	0.0971	0.0947	0.0946	0.0927	0.0920	0.0921	0.0932	0.0932	0.0970	0.0940	0.0946	0.0909	0.0883	0.0908	0.0893	0.0951	0.0960	0.0916	0.0905	0.0913	0.0903	0.0916	0.0930	0.0960	0.0981	0.0913	0.0913	0.0917	0.0928	0.0917	0.0898	0.0985	0.0969	0.0949	0.0946	0.0924	0.0924	0.0914	0.0921	0.0992	
0.1258	0.1257	0.1172	0.1130	0.1002	0.1001	0.1002	0.0978	0.1037	0.1051	0.0997	0.0997	0.0953	0.0954	0.0949	0.0957	0.1005	0.1013	0.0982	0.0993	0.0950	0.0981	0.0942	0.0947	0.0984	0.0961	0.0954	0.0935	0.0936	0.0945	0.0946	0.0937	0.0963	0.0930	0.0939	0.0965	0.0928	0.0954	0.0928	0.0950	0.0942	0.0954	0.0928	0.0923	0.0935	0.0969	0.0967	0.0945	0.0938	0.0927	0.0929	0.0939	0.0937	0.0935	0.0951	0.0935	0.0929	0.0933	0.0935	0.0936	0.0959	0.0946	0.0952	0.0940	
0.1293	0.1307	0.1168	0.1133	0.1009	0.0998	0.0989	0.0982	0.1054	0.1058	0.1005	0.0990	0.0953	0.0952	0.0952	0.0951	0.1019	0.1025	0.0971	0.0976	0.0947	0.0957	0.0944	0.0943	0.0986	0.0969	0.0955	0.0926	0.0937	0.0924	0.0934	0.0937	0.0965	0.0933	0.0893	0.0968	0.0942	0.0941	0.0952	0.0916	0.0938	0.0958	0.0963	0.0935	0.0920	0.0978	0.1000	0.0958	0.0928	0.0963	0.0937	0.0964	0.0967	0.0946	0.0922	0.0948	0.0897	0.0941	0.0911	0.0924	0.0945	0.0961	0.0923	0.0932	
0.1364	0.1370	0.1206	0.1154	0.1022	0.1006	0.1010	0.0998	0.1080	0.1086	0.1017	0.1000	0.0964	0.0964	0.0965	0.0961	0.1044	0.1040	0.0986	0.0997	0.0937	0.0955	0.0957	0.0951	0.1007	0.0977	0.0968	0.0928	0.0931	0.0936	0.0951	0.0950	0.0958	0.0942	0.0922	0.0903	0.0852	0.0881	0.0858	0.0921	0.0934	0.0917	0.0887	0.0918	0.0912	0.0879	0.0889	0.0905	0.0903	0.0866	0.0913	0.0908	0.0911	0.0897	0.0866	0.0864	0.0901	0.0929	0.0908	0.0859	0.0858	0.0873	0.0909	0.0873	
0.1423	0.1439	0.1244	0.1204	0.1044	0.1020	0.1012	0.1007	0.1111	0.1106	0.1053	0.1034	0.0977	0.0979	0.0969	0.0972	0.1060	0.1065	0.1008	0.1006	0.0955	0.0964	0.0966	0.0957	0.1020	0.0986	0.0982	0.0946	0.0955	0.0938	0.0950	0.0949	0.1014	0.0933	0.0927	0.0999	0.0990	0.0943	0.0930	0.0951	0.1007	0.0952	0.0945	0.0993	0.1008	0.0961	0.0970	0.0946	0.0989	0.0943	0.0947	0.0970	0.0947	0.0964	0.0935	0.0944	0.0950	0.0943	0.0944	0.0940	0.0979	0.0941	0.0958	0.0944	
0.1493	0.1507	0.1261	0.1201	0.1035	0.1014	0.0997	0.0990	0.1143	0.1132	0.1045	0.1017	0.0951	0.0962	0.0943	0.0951	0.1072	0.1075	0.0995	0.0988	0.0934	0.0949	0.0944	0.0943	0.1029	0.0978	0.0966	0.0926	0.0926	0.0941	0.0925	0.0933	0.0961	0.0948	0.0923	0.0924	0.0905	0.0934	0.0914	0.0944	0.0955	0.0920	0.0982	0.0911	0.0921	0.0941	0.0932	0.0947	0.0918	0.0928	0.0912	0.0920	0.0929	0.0932	0.0918	0.0931	0.0916	0.0950	0.0922	0.0921	0.0919	0.0919	0.0944	0.0929	
0.1589	0.1591	0.1310	0.1270	0.1068	0.1035	0.1021	0.1012	0.1184	0.1182	0.1081	0.1051	0.0980	0.0987	0.0971	0.0966	0.1101	0.1104	0.1015	0.1017	0.0948	0.0961	0.0950	0.0960	0.1053	0.1003	0.0979	0.0944	0.0936	0.0938	0.0949	0.0939	0.0982	0.0943	0.0947	0.0949	0.0933	0.0943	0.0934	0.0947	0.0960	0.0945	0.0936	0.0957	0.0944	0.0955	0.0964	0.0962	0.0939	0.0933	0.0934	0.0945	0.0967	0.0950	0.0941	0.0953	0.0939	0.0948	0.0948	0.0941	0.0941	0.0939	0.0968	0.0944	
0.1691	0.1718	0.1365	0.1289	0.1075	0.1051	0.1039	0.1018	0.1217	0.1220	0.1111	0.1077	0.0989	0.0990	0.0977	0.0969	0.1130	0.1136	0.1029	0.1019	0.0950	0.0961	0.0955	0.0956	0.1067	0.1010	0.0997	0.0955	0.0943	0.0938	0.0943	0.0961	0.0937	0.0890	0.0889	0.0899	0.0880	0.0897	0.0884	0.0907	0.0909	0.0885	0.0896	0.0879	0.0892	0.0911	0.0905	0.0908	0.0890	0.0871	0.0879	0.0888	0.0888	0.0896	0.0889	0.0896	0.0879	0.0884	0.0890	0.0888	0.0881	0.0879	0.0906	0.0893	
0.1789	0.1806	0.1399	0.1327	0.1117	0.1059	0.1056	0.1038	0.1270	0.1265	0.1132	0.1085	0.0993	0.1006	0.0991	0.0988	0.1172	0.1163	0.1056	0.1045	0.0965	0.0983	0.0962	0.0960	0.1110	0.1032	0.1011	0.0956	0.0942	0.0940	0.0951	0.0971	0.0992	0.0946	0.0941	0.0952	0.0919	0.0948	0.0939	0.0952	0.0967	0.0940	0.0933	0.0940	0.0935	0.0956	0.0952	0.0960	0.0935	0.0925	0.0927	0.0945	0.0944	0.0952	0.0941	0.0950	0.0929	0.0937	0.0945	0.0942	0.0946	0.0944	0.0966	0.0943	
0.1891	0.1912	0.1457	0.1348	0.1104	0.1074	0.1060	0.1019	0.1320	0.1316	0.1154	0.1102	0.0993	0.1003	0.0979	0.0973	0.1192	0.1194	0.1130	0.1056	0.0958	0.0965	0.0959	0.0955	0.1105	0.1040	0.1018	0.0943	0.0929	0.0944	0.0945	0.0950	0.0998	0.0957	0.0944	0.0949	0.0927	0.0998	0.0996	0.1038	0.0998	0.0950	0.0953	0.0938	0.0940	0.1041	0.1020	0.1011	0.0960	0.0925	0.0936	0.0940	0.0944	0.1005	0.1009	0.0993	0.0932	0.0945	0.0935	0.0940	0.0940	0.1022	0.1026	0.1005	
0.2028	0.2039	0.1529	0.1421	0.1119	0.1068	0.1068	0.1020	0.1398	0.1385	0.1225	0.1158	0.1001	0.1009	0.1000	0.0982	0.1243	0.1251	0.1086	0.1079	0.0963	0.0973	0.0976	0.0951	0.1141	0.1069	0.1032	0.0963	0.0938	0.0945	0.0943	0.0951	0.1023	0.0972	0.0921	0.0968	0.0906	0.0905	0.0892	0.0903	0.1002	0.0954	0.0921	0.0930	0.0946	0.0902	0.0924	0.0902	0.0958	0.0958	0.0938	0.0923	0.0927	0.0912	0.0925	0.0887	0.0907	0.0950	0.0924	0.0928	0.0924	0.0900	0.0910	0.0907	
0.2215	0.2241	0.1608	0.1482	0.1165	0.1090	0.1074	0.1046	0.1474	0.1468	0.1261	0.1186	0.1009	0.1029	0.1007	0.0989	0.1299	0.1303	0.1190	0.1101	0.0970	0.0973	0.0975	0.0958	0.1174	0.1094	0.1060	0.0965	0.0936	0.0931	0.0947	0.0942	0.1007	0.0974	0.0936	0.0927	0.0899	0.0908	0.0898	0.0947	0.0975	0.0920	0.0907	0.0904	0.0906	0.0922	0.0918	0.0920	0.0956	0.0931	0.0916	0.0921	0.0926	0.0903	0.0902	0.0905	0.0939	0.0938	0.0906	0.0942	0.0913	0.0899	0.0927	0.0915	
0.2338	0.2386	0.1654	0.1503	0.1171	0.1070	0.1064	0.1038	0.1568	0.1556	0.1304	0.1204	0.1012	0.1017	0.0989	0.0985	0.1364	0.1364	0.1125	0.1124	0.0956	0.0958	0.0950	0.0940	0.1197	0.1119	0.1062	0.0962	0.0929	0.0919	0.0927	0.0929	0.1038	0.0974	0.0961	0.0960	0.0925	0.0943	0.0932	0.0977	0.1012	0.0953	0.0944	0.1007	0.0944	0.0956	0.0954	0.0952	0.0966	0.0933	0.0938	0.0938	0.0942	0.0934	0.0940	0.0946	0.0934	0.0952	0.0930	0.0935	0.0936	0.0941	0.0956	0.0941	
0.2563	0.2591	0.1769	0.1603	0.1214	0.1134	0.1105	0.1052	0.1683	0.1693	0.1404	0.1287	0.1058	0.1060	0.1027	0.1015	0.1449	0.1460	0.1204	0.1182	0.1005	0.1026	0.0980	0.0960	0.1273	0.1175	0.1112	0.1000	0.0960	0.0959	0.0957	0.0962	0.1045	0.0962	0.0937	0.0941	0.0902	0.0929	0.0910	0.0928	0.0983	0.0942	0.0923	0.0912	0.0922	0.0939	0.0930	0.0943	0.0940	0.0911	0.0916	0.0920	0.0924	0.0924	0.0921	0.0940	0.0936	0.0922	0.0915	0.0917	0.0915	0.0906	0.0941	0.0919	
0.2684	0.2753	0.1844	0.1671	0.1221	0.1113	0.1113	0.1052	0.1825	0.1825	0.1495	0.1369	0.1044	0.1068	0.1024	0.1013	0.1546	0.1577	0.1249	0.1221	0.0976	0.0976	0.0979	0.0954	0.1329	0.1227	0.1131	0.1000	0.0937	0.0927	0.0950	0.0950	0.1046	0.0953	0.0946	0.0922	0.0883	0.0969	0.0981	0.0973	0.0994	0.0929	0.0896	0.0899	0.0894	0.0932	0.1024	0.0978	0.0929	0.0919	0.0905	0.0900	0.0983	0.0922	0.0975	0.0987	0.0890	0.0894	0.0937	0.0914	0.0964	0.0925	0.0993	0.0962	
0.2952	0.2960	0.1944	0.1782	0.1249	0.1127	0.1122	0.1059	0.1973	0.1979	0.1586	0.1440	0.1072	0.1078	0.1055	0.1033	0.1650	0.1683	0.1315	0.1275	0.0990	0.0979	0.0977	0.0961	0.1397	0.1271	0.1174	0.1022	0.0943	0.0933	0.0942	0.0954	0.1067	0.0956	0.0968	0.0945	0.0877	0.0900	0.0849	0.0865	0.1020	0.0930	0.0900	0.0919	0.0900	0.0886	0.0872	0.0859	0.0955	0.0911	0.0936	0.0908	0.0876	0.0861	0.0858	0.0866	0.0913	0.0936	0.0920	0.0883	0.0877	0.0924	0.0871	0.0843	
0.3185	0.3224	0.2072	0.1847	0.1285	0.1157	0.1168	0.1089	0.2147	0.2112	0.1712	0.1514	0.1081	0.1101	0.1070	0.1036	0.1793	0.1843	0.1412	0.1339	0.1011	0.0994	0.0999	0.0957	0.1482	0.1357	0.1234	0.1049	0.0956	0.0934	0.0954	0.0953	0.1107	0.1011	0.0973	0.0932	0.0884	0.0885	0.0882	0.0897	0.1033	0.0963	0.0907	0.0896	0.0902	0.0909	0.0906	0.0912	0.0974	0.0960	0.0923	0.0897	0.0899	0.0905	0.0889	0.0902	0.0919	0.0918	0.0884	0.0897	0.0888	0.0897	0.0915	0.0896	
0.3406	0.3500	0.2196	0.1928	0.1329	0.1169	0.1182	0.1117	0.2312	0.2299	0.1852	0.1619	0.1102	0.1129	0.1086	0.1052	0.1984	0.2035	0.1511	0.1414	0.1025	0.1004	0.1018	0.0969	0.1591	0.1460	0.1296	0.1085	0.0966	0.0936	0.0969	0.0963	0.1129	0.1054	0.1016	0.0970	0.0912	0.0912	0.0918	0.0925	0.1085	0.0992	0.0982	0.0907	0.0944	0.0951	0.0927	0.0928	0.0939	0.0972	0.0943	0.0904	0.0909	0.0947	0.0899	0.0915	0.0925	0.0957	0.0945	0.0937	0.0909	0.0960	0.0920	0.0928	
0.3765	0.3764	0.2318	0.2018	0.1339	0.1181	0.1146	0.1091	0.2481	0.2518	0.1975	0.1697	0.1108	0.1128	0.1078	0.1041	0.2152	0.2225	0.1611	0.1507	0.1017	0.0991	0.0994	0.0934	0.1687	0.1582	0.1339	0.1098	0.0942	0.0931	0.0937	0.0936	0.1120	0.1017	0.0958	0.0926	0.0861	0.0940	0.0895	0.0943	0.1013	0.0942	0.0897	0.0873	0.0871	0.0967	0.0900	0.0947	0.0908	0.0881	0.0872	0.0867	0.0875	0.0899	0.0913	0.0903	0.0884	0.0891	0.0890	0.0892	0.0893	0.0910	0.0976	0.0865	
0.3915	0.4016	0.2459	0.2184	0.1384	0.1215	0.1191	0.1093	0.2703	0.2760	0.2117	0.1870	0.1153	0.1183	0.1138	0.1063	0.2387	0.2527	0.1817	0.1653	0.1039	0.1004	0.1022	0.0954	0.1862	0.1768	0.1475	0.1168	0.0968	0.0940	0.0949	0.0958	0.1234	0.1100	0.1035	0.0969	0.0895	0.0940	0.0892	0.0895	0.1068	0.1018	0.0955	0.0890	0.0893	0.0897	0.0901	0.0905	0.0964	0.0961	0.0927	0.0886	0.0913	0.0894	0.0894	0.0909	0.0917	0.0927	0.0881	0.0884	0.0892	0.0884	0.0920	0.0888	
0.4333	0.4336	0.2691	0.2324	0.1434	0.1233	0.1213	0.1109	0.2944	0.3012	0.2347	0.1986	0.1173	0.1235	0.1151	0.1077	0.2642	0.2770	0.1974	0.1805	0.1051	0.1036	0.1041	0.0956	0.2033	0.1961	0.1623	0.1216	0.0974	0.0944	0.0962	0.0963	0.1257	0.1161	0.1079	0.1025	0.0930	0.0973	0.0929	0.0949	0.1141	0.1033	0.0972	0.0941	0.0943	0.0979	0.0966	0.0954	0.0988	0.0952	0.0943	0.0936	0.0946	0.1008	0.0943	0.0949	0.0931	0.0941	0.0931	0.0932	0.0938	0.0964	0.0961	0.0929	
0.4613	0.4629	0.2883	0.2464	0.1481	0.1240	0.1217	0.1123	0.3165	0.3272	0.2525	0.2169	0.1220	0.1252	0.1186	0.1102	0.2895	0.3048	0.2178	0.1946	0.1074	0.1025	0.1043	0.0961	0.2256	0.2187	0.1761	0.1288	0.0974	0.0937	0.0962	0.0970	0.1314	0.1177	0.1099	0.1018	0.0893	0.0918	0.0896	0.0917	0.1142	0.1028	0.0951	0.0906	0.0903	0.0923	0.0912	0.0924	0.0961	0.0932	0.0907	0.0902	0.0906	0.0913	0.0908	0.0914	0.0900	0.0905	0.0899	0.0900	0.0898	0.0908	0.0932	0.0917	
0.4863	0.4914	0.2995	0.2617	0.1570	0.1289	0.1267	0.1147	0.3453	0.3532	0.2700	0.2341	0.1263	0.1305	0.1229	0.1123	0.3143	0.3330	0.2375	0.2167	0.1120	0.1045	0.1073	0.0970	0.2572	0.2491	0.1952	0.1371	0.0996	0.0950	0.0970	0.0972	0.1398	0.1266	0.1161	0.1130	0.0964	0.1012	0.0998	0.0954	0.1202	0.1091	0.1003	0.0998	0.1005	0.1035	0.1014	0.1005	0.0996	0.0963	0.0948	0.0992	0.0986	0.0990	0.0985	0.0973	0.0938	0.0940	0.0929	0.0970	0.0968	0.0999	0.1003	0.0982	
0.5152	0.5140	0.3240	0.2809	0.1585	0.1315	0.1284	0.1143	0.3725	0.3815	0.2880	0.2546	0.1298	0.1358	0.1282	0.1132	0.3432	0.3623	0.2626	0.2382	0.1122	0.1049	0.1089	0.0968	0.2929	0.2799	0.2271	0.1506	0.0994	0.0955	0.0973	0.0969	0.1543	0.1377	0.1264	0.1094	0.0906	0.0921	0.0916	0.0937	0.1283	0.1130	0.1044	0.0927	0.0905	0.0970	0.0933	0.0934	0.1020	0.0958	0.0954	0.0957	0.0947	0.0927	0.0929	0.0923	0.0945	0.0922	0.0980	0.0931	0.0936	0.0942	0.0939	0.0921	
0.5320	0.5443	0.3494	0.2986	0.1648	0.1350	0.1305	0.1156	0.3980	0.4091	0.3167	0.2748	0.1352	0.1429	0.1313	0.1156	0.3724	0.3946	0.2924	0.2609	0.1154	0.1068	0.1104	0.0961	0.3254	0.3110	0.2566	0.1676	0.0997	0.0942	0.0977	0.0972	0.1584	0.1437	0.1286	0.1110	0.0915	0.0923	0.0921	0.0941	0.1281	0.1158	0.0997	0.0928	0.0922	0.0955	0.0949	0.0945	0.1009	0.0969	0.0931	0.0927	0.0925	0.0937	0.0926	0.0943	0.0918	0.0922	0.0914	0.0912	0.0918	0.0930	0.0950	0.0966	
0.5595	0.5722	0.3729	0.3186	0.1710	0.1389	0.1320	0.1169	0.4242	0.4354	0.3381	0.2968	0.1417	0.1519	0.1371	0.1173	0.4054	0.4225	0.3151	0.2795	0.1198	0.1079	0.1129	0.0973	0.3571	0.3386	0.2848	0.1909	0.1022	0.0942	0.0975	0.0979	0.1733	0.1591	0.1356	0.1152	0.0907	0.0916	0.0901	0.0920	0.1341	0.1185	0.1015	0.0929	0.0909	0.0926	0.0921	0.0926	0.1018	0.0974	0.0932	0.0914	0.0913	0.0933	0.0908	0.0911	0.0912	0.0913	0.0910	0.0917	0.0909	0.0920	0.0932	0.0914	
0.5849	0.5925	0.3987	0.3425	0.1821	0.1397	0.1370	0.1204	0.4483	0.4588	0.3695	0.3263	0.1518	0.1592	0.1452	0.1212	0.4318	0.4551	0.3395	0.3091	0.1252	0.1104	0.1176	0.0983	0.3889	0.3644	0.3136	0.2219	0.1049	0.0962	0.0999	0.0996	0.1980	0.1819	0.1506	0.1233	0.0929	0.1021	0.1015	0.1001	0.1459	0.1285	0.1068	0.0946	0.0931	0.1025	0.1032	0.1015	0.1079	0.1013	0.0969	0.0929	0.0972	0.1008	0.1021	0.1028	0.0936	0.0933	0.0931	0.0937	0.1006	0.1018	0.1038	0.1002	
0.6107	0.6177	0.4301	0.3673	0.1931	0.1440	0.1401	0.1205	0.4735	0.4821	0.3978	0.3549	0.1575	0.1712	0.1506	0.1234	0.4592	0.4795	0.3709	0.3381	0.1293	0.1133	0.1193	0.0985	0.4190	0.4064	0.3439	0.2478	0.1069	0.0952	0.1003	0.1001	0.2208	0.2031	0.1674	0.1255	0.0893	0.0871	0.0881	0.0877	0.1586	0.1329	0.1067	0.0966	0.0872	0.0892	0.0881	0.0884	0.1058	0.1023	0.0897	0.0913	0.0929	0.0890	0.0865	0.0874	0.0929	0.0931	0.0918	0.0837	0.0907	0.0885	0.0883	0.0866	
0.6365	0.6488	0.4589	0.3899	0.2029	0.1503	0.1470	0.1232	0.5012	0.5118	0.4295	0.3908	0.1680	0.1803	0.1593	0.1271	0.4893	0.5136	0.4024	0.3700	0.1373	0.1168	0.1259	0.0988	0.4500	0.4359	0.3810	0.2776	0.1098	0.0967	0.1017	0.1019	0.2508	0.2308	0.1850	0.1358	0.0913	0.0910	0.0903	0.0922	0.1671	0.1424	0.1111	0.0916	0.0907	0.0916	0.0911	0.0911	0.1076	0.1030	0.0961	0.0893	0.0913	0.0909	0.0899	0.0904	0.0914	0.0905	0.0895	0.0899	0.0904	0.0899	0.0919	0.0907	
0.6503	0.6576	0.4762	0.4118	0.2126	0.1556	0.1516	0.1257	0.5237	0.5289	0.4621	0.4240	0.1811	0.1979	0.1679	0.1330	0.5168	0.5391	0.4301	0.3947	0.1459	0.1201	0.1318	0.1016	0.4860	0.4701	0.4084	0.3059	0.1139	0.0976	0.1033	0.1029	0.2875	0.2610	0.2143	0.1541	0.0938	0.0940	0.0938	0.0953	0.1951	0.1623	0.1201	0.0959	0.0926	0.0946	0.0947	0.0955	0.1152	0.1082	0.0985	0.0930	0.0932	0.0942	0.0931	0.0945	0.0946	0.0944	0.0996	0.0933	0.0930	0.0933	0.0954	0.0944	
0.6724	0.6891	0.5052	0.4374	0.2224	0.1611	0.1569	0.1277	0.5456	0.5539	0.4877	0.4475	0.1903	0.2128	0.1759	0.1355	0.5408	0.5593	0.4520	0.4138	0.1530	0.1235	0.1372	0.1015	0.5184	0.4992	0.4295	0.3221	0.1184	0.0979	0.1055	0.1043	0.3182	0.2950	0.2422	0.1682	0.0948	0.0929	0.0936	0.0945	0.2181	0.1774	0.1267	0.0970	0.0939	0.0951	0.0950	0.0952	0.1185	0.1118	0.0990	0.0931	0.0942	0.0940	0.0927	0.0940	0.0944	0.0940	0.0928	0.0925	0.0935	0.0935	0.0957	0.0939	
0.7067	0.7131	0.5339	0.4693	0.2393	0.1667	0.1629	0.1310	0.5705	0.5744	0.5027	0.4742	0.2010	0.2277	0.1860	0.1404	0.5597	0.5773	0.4775	0.4454	0.1637	0.1335	0.1465	0.1032	0.5406	0.5352	0.4590	0.3561	0.1228	0.0993	0.1067	0.1053	0.3482	0.3178	0.2660	0.1919	0.0953	0.0947	0.0931	0.0959	0.2535	0.2078	0.1367	0.0965	0.0936	0.0950	0.0942	0.0947	0.1230	0.1170	0.1010	0.0926	0.0935	0.0945	0.0941	0.0938	0.0948	0.0943	0.0932	0.0934	0.0933	0.0936	0.0966	0.0942	
0.7151	0.7243	0.5577	0.4890	0.2513	0.1728	0.1660	0.1324	0.5996	0.6010	0.5418	0.5057	0.2164	0.2432	0.1953	0.1453	0.5820	0.6059	0.5076	0.4773	0.1773	0.1342	0.1547	0.1043	0.5689	0.5639	0.4981	0.3929	0.1297	0.0992	0.1086	0.1086	0.3774	0.3531	0.2956	0.2160	0.0962	0.0936	0.0934	0.0954	0.2878	0.2370	0.1497	0.0979	0.0934	0.0945	0.0941	0.0946	0.1332	0.1223	0.1027	0.0927	0.0928	0.0936	0.0925	0.0954	0.0952	0.0961	0.0923	0.0922	0.0927	0.0930	0.0964	0.0942	
0.7234	0.7367	0.5891	0.5199	0.2676	0.1793	0.1738	0.1358	0.6226	0.6289	0.5650	0.5227	0.2331	0.2667	0.2040	0.1535	0.6005	0.6281	0.5134	0.4955	0.1944	0.1410	0.1619	0.1056	0.5828	0.5827	0.5144	0.4117	0.1367	0.1022	0.1111	0.1108	0.4136	0.3824	0.3258	0.2397	0.0951	0.0926	0.0927	0.0951	0.3209	0.2668	0.1669	0.1008	0.0927	0.0929	0.0938	0.0949	0.1382	0.1298	0.1026	0.0914	0.0932	0.0933	0.0922	0.0929	0.0941	0.0938	0.0920	0.0920	0.0921	0.0928	0.0955	0.0949	
0.7399	0.7436	0.6109	0.5532	0.2891	0.1888	0.1798	0.1420	0.6420	0.6469	0.5833	0.5500	0.2470	0.2764	0.2182	0.1563	0.6253	0.6411	0.5372	0.5172	0.2119	0.1503	0.1777	0.1060	0.6101	0.6106	0.5366	0.4419	0.1452	0.1015	0.1142	0.1133	0.4432	0.4183	0.3546	0.2647	0.0921	0.0891	0.0896	0.0919	0.3557	0.2976	0.1894	0.0961	0.0900	0.0925	0.0936	0.0931	0.1497	0.1368	0.1040	0.0896	0.0898	0.0930	0.0946	0.0905	0.0945	0.0940	0.0906	0.0905	0.0909	0.0912	0.0944	0.0906	
0.7399	0.7855	0.6310	0.5659	0.2994	0.1987	0.1893	0.1418	0.6609	0.6695	0.6060	0.5779	0.2636	0.2983	0.2340	0.1644	0.6449	0.6647	0.5587	0.5437	0.2293	0.1560	0.1925	0.1069	0.6383	0.6393	0.5687	0.4729	0.1549	0.1046	0.1162	0.1161	0.4774	0.4404	0.3830	0.2873	0.0963	0.0923	0.0908	0.0902	0.3833	0.3288	0.2159	0.1006	0.0866	0.0925	0.0887	0.0866	0.1610	0.1468	0.1073	0.0896	0.0928	0.0884	0.0911	0.0923	0.0935	0.0917	0.0893	0.0921	0.0881	0.0893	0.0949	0.0932	
0.7323	0.7396	0.6515	0.5910	0.3167	0.2053	0.1952	0.1456	0.6760	0.6841	0.6304	0.6069	0.2876	0.3189	0.2534	0.1712	0.6545	0.6751	0.5874	0.5607	0.2551	0.1690	0.2109	0.1119	0.6514	0.6567	0.5845	0.4933	0.1727	0.1056	0.1218	0.1214	0.5031	0.4776	0.4183	0.3187	0.1004	0.0935	0.0906	0.0911	0.4205	0.3702	0.2531	0.1023	0.0952	0.0911	0.0915	0.0901	0.1953	0.1822	0.1108	0.0920	0.0949	0.0928	0.0906	0.0915	0.0954	0.0944	0.0882	0.0884	0.0889	0.0887	0.0938	0.0924	
0.7333	0.7449	0.6812	0.6183	0.3359	0.2168	0.2035	0.1515	0.6775	0.6800	0.6514	0.6267	0.3020	0.3508	0.2658	0.1785	0.6658	0.6713	0.6059	0.5885	0.2746	0.1790	0.2311	0.1119	0.6719	0.6750	0.6067	0.5257	0.1896	0.1065	0.1252	0.1266	0.5275	0.5052	0.4498	0.3447	0.0962	0.0890	0.0897	0.0929	0.4496	0.3963	0.2770	0.1076	0.0893	0.0908	0.0917	0.0918	0.2171	0.1966	0.1149	0.0891	0.0904	0.0916	0.0887	0.0920	0.0944	0.0933	0.0890	0.0908	0.0890	0.0891	0.0919	0.0897	
0.7450	0.8160	0.7029	0.6468	0.3593	0.2271	0.2159	0.1551	0.6840	0.6889	0.6616	0.6388	0.3247	0.3740	0.2845	0.1858	0.6693	0.6825	0.6170	0.5995	0.3008	0.1922	0.2457	0.1144	0.6846	0.6921	0.6243	0.5423	0.2062	0.1094	0.1311	0.1304	0.5484	0.5288	0.4857	0.3760	0.0959	0.0905	0.0916	0.0911	0.4786	0.4240	0.3076	0.1045	0.0898	0.0909	0.0914	0.0910	0.2400	0.2276	0.1198	0.0894	0.0910	0.0914	0.0903	0.0897	0.0972	0.0937	0.0910	0.0902	0.0907	0.0895	0.0921	0.0898	
0.7452	0.7535	0.7095	0.6768	0.3775	0.2377	0.2271	0.1575	0.6891	0.6959	0.6658	0.6694	0.3461	0.3945	0.3040	0.1998	0.6707	0.6817	0.6353	0.6280	0.3319	0.2069	0.2693	0.1190	0.6932	0.7005	0.6402	0.5635	0.2265	0.1127	0.1369	0.1382	0.5793	0.5533	0.5053	0.4036	0.0996	0.0909	0.0914	0.0926	0.5134	0.4553	0.3350	0.1094	0.0908	0.0920	0.0927	0.0918	0.2787	0.2627	0.1266	0.0905	0.0920	0.0915	0.0918	0.0919	0.0973	0.0955	0.0910	0.0904	0.0908	0.0898	0.0923	0.0945	
0.7397	0.7483	0.7120	0.6922	0.4034	0.2560	0.2308	0.1648	0.6889	0.6897	0.6635	0.6879	0.3728	0.4197	0.3238	0.2072	0.6699	0.6784	0.6398	0.6505	0.3605	0.2301	0.2979	0.1222	0.6939	0.7044	0.6574	0.5922	0.2530	0.1174	0.1451	0.1490	0.5916	0.5685	0.5282	0.4269	0.0969	0.0878	0.0888	0.0907	0.5374	0.4862	0.3633	0.1124	0.0898	0.0899	0.0892	0.0898	0.3182	0.2934	0.1356	0.0876	0.0903	0.0879	0.0877	0.0885	0.0967	0.0920	0.0891	0.0872	0.0881	0.0884	0.0901	0.0875	
0.7438	0.7529	0.7177	0.7132	0.4344	0.2667	0.2538	0.1713	0.6870	0.6950	0.6707	0.6872	0.4001	0.4538	0.3550	0.2207	0.6706	0.6738	0.6447	0.6490	0.3983	0.2543	0.3183	0.1284	0.6962	0.7041	0.6529	0.6028	0.2853	0.1203	0.1587	0.1585	0.6231	0.5943	0.5475	0.4520	0.1022	0.0896	0.0885	0.0917	0.5620	0.5138	0.3918	0.1199	0.0889	0.0877	0.0906	0.0906	0.3503	0.3287	0.1497	0.0902	0.0877	0.0881	0.0915	0.0897	0.0987	0.0943	0.0897	0.0881	0.0913	0.0875	0.0956	0.0892	
0.7426	0.7603	0.7249	0.7162	0.4553	0.2844	0.2683	0.1781	0.6935	0.7008	0.6773	0.6930	0.4215	0.4699	0.3789	0.2344	0.6726	0.6796	0.6554	0.6555	0.4122	0.2657	0.3427	0.1340	0.6977	0.7072	0.6599	0.6207	0.2946	0.1242	0.1702	0.1714	0.6332	0.6100	0.5774	0.4838	0.1056	0.0937	0.0928	0.0945	0.5873	0.5417	0.4275	0.1322	0.0925	0.0942	0.0926	0.0943	0.3921	0.3634	0.1702	0.0949	0.0918	0.1004	0.0918	0.0929	0.1062	0.0976	0.0955	0.0914	0.0937	0.0943	0.0943	0.0941	
0.7449	0.7560	0.7258	0.7230	0.4813	0.2984	0.2812	0.1832	0.6957	0.6996	0.6769	0.6982	0.4519	0.5011	0.3966	0.2431	0.6712	0.6780	0.6525	0.6576	0.4474	0.2871	0.3617	0.1396	0.7009	0.7065	0.6573	0.6319	0.3276	0.1309	0.1818	0.1830	0.6507	0.6264	0.5948	0.5059	0.1051	0.0884	0.0909	0.0939	0.6160	0.5609	0.4511	0.1421	0.0907	0.0900	0.0914	0.0899	0.4219	0.3966	0.1953	0.0876	0.0910	0.0899	0.0902	0.0890	0.1022	0.0966	0.0907	0.0896	0.0887	0.0911	0.0915	0.0886	
0.7506	0.7584	0.7262	0.7808	0.5113	0.3172	0.2980	0.1919	0.6993	0.7043	0.6810	0.7036	0.4897	0.5375	0.4300	0.2587	0.6762	0.6910	0.6576	0.6662	0.4833	0.3072	0.3861	0.1471	0.6971	0.7092	0.6737	0.6416	0.3557	0.1374	0.1996	0.1983	0.6641	0.6353	0.6093	0.5190	0.1054	0.0862	0.0879	0.0903	0.6297	0.5828	0.4737	0.1471	0.0884	0.0892	0.0892	0.0874	0.4486	0.4214	0.2175	0.0917	0.0887	0.0864	0.0868	0.0872	0.1029	0.0940	0.0889	0.0854	0.0876	0.0852	0.0869	0.0867	
0.7529	0.8180	0.7243	0.7743	0.5386	0.3389	0.3205	0.1997	0.6998	0.7068	0.6829	0.7024	0.5096	0.5575	0.4489	0.2745	0.6766	0.6859	0.6602	0.6736	0.5103	0.3362	0.4152	0.1548	0.7002	0.7074	0.6726	0.6548	0.3883	0.1452	0.2126	0.2141	0.6684	0.6466	0.6327	0.5450	0.1087	0.0894	0.0901	0.0955	0.6571	0.6026	0.5025	0.1691	0.0884	0.0894	0.0891	0.0897	0.4790	0.4533	0.2482	0.0882	0.0881	0.0886	0.0880	0.0887	0.1036	0.0953	0.0872	0.0866	0.0880	0.0879	0.0908	0.0886	
0.7476	0.7603	0.7302	0.7304	0.5608	0.3550	0.3373	0.2091	0.7004	0.7003	0.6827	0.7004	0.5346	0.5890	0.4822	0.2850	0.6737	0.6843	0.6555	0.6691	0.5415	0.3625	0.4493	0.1657	0.6977	0.7091	0.6606	0.6428	0.4174	0.1539	0.2347	0.2290	0.6684	0.6427	0.6391	0.5641	0.1124	0.0872	0.0890	0.0921	0.6648	0.6196	0.5279	0.1945	0.0882	0.0882	0.0859	0.0873	0.5098	0.4811	0.2818	0.0878	0.0862	0.0870	0.0865	0.0861	0.1057	0.0977	0.0879	0.0858	0.0854	0.0858	0.0890	0.0875	
0.7520	0.7674	0.7304	0.7383	0.5842	0.3752	0.3548	0.2133	0.7025	0.7048	0.6808	0.7011	0.5601	0.6095	0.5136	0.3108	0.6722	0.6913	0.6579	0.6587	0.5561	0.3825	0.4777	0.1802	0.6988	0.7093	0.6567	0.6408	0.4512	0.1664	0.2568	0.2532	0.6656	0.6420	0.6406	0.5848	0.1186	0.0895	0.0901	0.0952	0.6639	0.6323	0.5472	0.2139	0.0921	0.0876	0.0878	0.0936	0.5360	0.5090	0.3140	0.0890	0.0883	0.0906	0.0884	0.0905	0.1100	0.0983	0.0900	0.0859	0.0868	0.0864	0.0891	0.0878	
0.7618	0.7691	0.7339	0.7430	0.6138	0.4032	0.3752	0.2253	0.7022	0.7097	0.6841	0.7027	0.5830	0.6331	0.5383	0.3281	0.6742	0.6865	0.6656	0.6694	0.5914	0.4094	0.5059	0.1976	0.6991	0.7110	0.6614	0.6504	0.4803	0.1776	0.2786	0.2697	0.6755	0.6530	0.6456	0.5943	0.1257	0.0874	0.0930	0.0970	0.6710	0.6511	0.5750	0.2394	0.0912	0.0888	0.0919	0.0902	0.5604	0.5390	0.3413	0.0898	0.0910	0.0905	0.0884	0.0893	0.1125	0.1006	0.0927	0.0894	0.0886	0.0881	0.0916	0.0876	
0.7570	0.7675	0.7324	0.7375	0.6270	0.4182	0.3959	0.2357	0.7042	0.7134	0.6816	0.7035	0.6151	0.6595	0.5644	0.3428	0.6781	0.6918	0.6648	0.6758	0.6072	0.4339	0.5415	0.2154	0.7008	0.7100	0.6674	0.6516	0.5126	0.1960	0.3020	0.2978	0.6678	0.6457	0.6478	0.6111	0.1328	0.0868	0.0894	0.0925	0.6715	0.6447	0.5875	0.2688	0.0893	0.0865	0.0879	0.0855	0.5800	0.5550	0.3712	0.0890	0.0886	0.0892	0.0873	0.0876	0.1158	0.1011	0.0908	0.0858	0.0858	0.0860	0.0873	0.0882	
0.7675	0.7733	0.7387	0.7394	0.6593	0.4475	0.4222	0.2497	0.7029	0.7124	0.6849	0.7005	0.6251	0.6721	0.5892	0.3613	0.6757	0.6882	0.6656	0.6622	0.6326	0.4621	0.5624	0.2252	0.7018	0.7155	0.6552	0.6407	0.5425	0.2075	0.3257	0.3154	0.6757	0.6433	0.6477	0.6180	0.1436	0.0926	0.0963	0.0981	0.6794	0.6533	0.6044	0.2949	0.0919	0.0913	0.0905	0.0912	0.6086	0.5807	0.3979	0.0948	0.0938	0.0886	0.0894	0.0923	0.1254	0.1039	0.0930	0.0881	0.0890	0.0877	0.0895	0.0895	
0.7654	0.7696	0.7403	0.7387	0.6741	0.4741	0.4492	0.2612	0.7067	0.7129	0.6880	0.7031	0.6475	0.6964	0.6105	0.3771	0.6784	0.6913	0.6691	0.6680	0.6418	0.4875	0.5866	0.2332	0.6996	0.7102	0.6593	0.6451	0.5651	0.2242	0.3517	0.3414	0.6740	0.6505	0.6487	0.6215	0.1535	0.0875	0.0905	0.0985	0.6759	0.6542	0.6158	0.3198	0.0883	0.0856	0.0858	0.0888	0.6283	0.5940	0.4275	0.0901	0.0885	0.0867	0.0855	0.0885	0.1304	0.0999	0.0870	0.0881	0.0862	0.0848	0.0890	0.0879	
0.7601	0.7690	0.7378	0.7420	0.6867	0.4912	0.4720	0.2699	0.7105	0.7118	0.6871	0.7107	0.6653	0.7064	0.6268	0.4006	0.6778	0.6967	0.6709	0.6729	0.6616	0.5177	0.6116	0.2491	0.6994	0.7141	0.6620	0.6524	0.5940	0.2484	0.3774	0.3707	0.6653	0.6515	0.6524	0.6295	0.1715	0.0949	0.0980	0.1067	0.6682	0.6568	0.6267	0.3505	0.0957	0.0934	0.0941	0.0949	0.6350	0.6205	0.4582	0.0963	0.0925	0.0936	0.0930	0.0941	0.1400	0.1087	0.0929	0.0929	0.0924	0.0936	0.0952	0.0933	
0.7688	0.8135	0.7442	0.7916	0.6922	0.5138	0.4927	0.2912	0.7155	0.7241	0.6938	0.7090	0.6708	0.7022	0.6567	0.4322	0.6836	0.7041	0.6719	0.6739	0.6593	0.5431	0.6324	0.2696	0.7030	0.7151	0.6650	0.6499	0.6094	0.2739	0.4130	0.4057	0.6675	0.6567	0.6563	0.6341	0.1825	0.0949	0.0991	0.1081	0.6744	0.6614	0.6346	0.3754	0.0962	0.0952	0.0946	0.0948	0.6479	0.6306	0.4885	0.0959	0.0931	0.0935	0.0935	0.0937	0.1515	0.1105	0.0930	0.0923	0.0926	0.0929	0.0958	0.0941	
0.7692	0.7794	0.7399	0.7431	0.6976	0.5459	0.5178	0.3030	0.7171	0.7229	0.6917	0.7137	0.6820	0.7143	0.6727	0.4624	0.6882	0.7050	0.6841	0.6903	0.6750	0.5679	0.6484	0.2878	0.7074	0.7144	0.6773	0.6659	0.6314	0.2992	0.4389	0.4293	0.6727	0.6508	0.6531	0.6283	0.2015	0.0982	0.1030	0.1143	0.6758	0.6581	0.6322	0.3952	0.0973	0.0980	0.1003	0.0997	0.6497	0.6362	0.5106	0.0961	0.0925	0.0952	0.0949	0.1003	0.1703	0.1160	0.0932	0.0921	0.0917	0.0985	0.1008	0.0983	
0.7749	0.7885	0.7473	0.7937	0.6996	0.5671	0.5427	0.3170	0.7199	0.7260	0.6985	0.7151	0.6790	0.7131	0.6858	0.4800	0.6916	0.7050	0.6763	0.6803	0.6737	0.5886	0.6648	0.3047	0.7051	0.7201	0.6714	0.6582	0.6534	0.3200	0.4747	0.4734	0.6782	0.6543	0.6487	0.6286	0.2100	0.0918	0.0971	0.1054	0.6816	0.6664	0.6405	0.4142	0.0934	0.0908	0.0867	0.0878	0.6607	0.6394	0.5370	0.0919	0.0911	0.0899	0.0873	0.0875	0.1886	0.1163	0.0900	0.0919	0.0881	0.0896	0.0929	0.0878	
0.7707	0.7814	0.7474	0.7489	0.7001	0.5988	0.5660	0.3407	0.7215	0.7251	0.7016	0.7196	0.6805	0.7088	0.6913	0.5074	0.6907	0.7026	0.6861	0.6839	0.6770	0.6218	0.6756	0.3243	0.7089	0.7211	0.6690	0.6591	0.6606	0.3462	0.4934	0.4962	0.6760	0.6593	0.6578	0.6287	0.2301	0.0930	0.0982	0.1121	0.6803	0.6705	0.6379	0.4412	0.0961	0.0893	0.0917	0.0897	0.6603	0.6405	0.5556	0.0955	0.0915	0.0911	0.0903	0.0889	0.2184	0.1222	0.0901	0.0899	0.0913	0.0888	0.0921	0.0899	
0.7749	0.7780	0.7500	0.7510	0.7042	0.6199	0.5936	0.3597	0.7263	0.7337	0.7007	0.7154	0.6893	0.7169	0.6962	0.5277	0.6950	0.7091	0.6773	0.6903	0.6747	0.6410	0.6830	0.3416	0.7160	0.7221	0.6764	0.6651	0.6672	0.3713	0.5292	0.5179	0.6696	0.6575	0.6579	0.6355	0.2560	0.0960	0.1021	0.1251	0.6783	0.6653	0.6419	0.4780	0.0991	0.0934	0.0929	0.1014	0.6602	0.6447	0.5780	0.0985	0.0925	0.0933	0.0919	0.0938	0.2510	0.1309	0.0967	0.0915	0.0929	0.0915	0.0938	0.0965	
0.7863	0.7867	0.7538	0.7570	0.7047	0.6368	0.6164	0.3826	0.7233	0.7277	0.7013	0.7159	0.6798	0.7056	0.7012	0.5636	0.6940	0.7099	0.6846	0.6957	0.6786	0.6603	0.6838	0.3688	0.7106	0.7264	0.6745	0.6682	0.6684	0.3927	0.5527	0.5475	0.6791	0.6643	0.6572	0.6363	0.2732	0.0955	0.1036	0.1204	0.6844	0.6724	0.6348	0.4955	0.0984	0.0926	0.0932	0.0933	0.6583	0.6465	0.5949	0.1004	0.0957	0.0927	0.0916	0.0914	0.2807	0.1409	0.0948	0.0895	0.0917	0.0917	0.0939	0.0925	
0.7855	0.7905	0.7579	0.7614	0.7062	0.6660	0.6434	0.4002	0.7297	0.7343	0.7072	0.7281	0.6844	0.7177	0.7025	0.5934	0.6966	0.7165	0.6910	0.6981	0.6775	0.6785	0.6825	0.3947	0.7171	0.7251	0.6870	0.6784	0.6724	0.4223	0.5841	0.5807	0.6880	0.6656	0.6684	0.6396	0.2947	0.0997	0.1044	0.1257	0.6890	0.6647	0.6435	0.5209	0.1035	0.0951	0.0944	0.0946	0.6676	0.6454	0.6179	0.1015	0.0941	0.0939	0.0945	0.0966	0.3121	0.1484	0.0950	0.0932	0.0914	0.0927	0.0950	0.0937	
0.7772	0.7873	0.7520	0.7594	0.7058	0.6806	0.6532	0.4138	0.7288	0.7381	0.7005	0.7207	0.6853	0.7173	0.6954	0.6152	0.6958	0.7196	0.6830	0.6869	0.6815	0.6815	0.6812	0.4174	0.7164	0.7227	0.6739	0.6633	0.6756	0.4428	0.6008	0.6080	0.6778	0.6589	0.6589	0.6395	0.3183	0.0972	0.1083	0.1327	0.6902	0.6613	0.6352	0.5405	0.1042	0.0936	0.0943	0.0942	0.6615	0.6437	0.6204	0.1034	0.0958	0.0938	0.0935	0.0933	0.3413	0.1649	0.0949	0.0924	0.0943	0.0935	0.0947	0.0937	
0.7810	0.7907	0.7614	0.7577	0.7089	0.6987	0.6789	0.4535	0.7327	0.7379	0.7081	0.7240	0.6895	0.7241	0.7084	0.6464	0.7002	0.7171	0.6957	0.7002	0.6822	0.6868	0.6941	0.4452	0.7205	0.7304	0.6793	0.6714	0.6775	0.4711	0.6226	0.6142	0.6680	0.6611	0.6627	0.6330	0.3454	0.1006	0.1101	0.1400	0.6784	0.6621	0.6366	0.5591	0.1050	0.0936	0.0982	0.0946	0.6595	0.6490	0.6225	0.1036	0.0930	0.0934	0.0934	0.0925	0.3730	0.1887	0.0977	0.0952	0.0917	0.0931	0.0955	0.0978	
0.7918	0.8568	0.7652	0.7659	0.7149	0.7106	0.6849	0.4631	0.7346	0.7374	0.7161	0.7286	0.6859	0.7141	0.7056	0.6631	0.7071	0.7212	0.6964	0.7008	0.6880	0.6919	0.6870	0.4621	0.7239	0.7348	0.6843	0.6698	0.6810	0.5064	0.6433	0.6456	0.6852	0.6720	0.6659	0.6374	0.3704	0.0999	0.1110	0.1479	0.6944	0.6678	0.6429	0.5741	0.1062	0.0938	0.0942	0.0936	0.6726	0.6488	0.6315	0.1063	0.0932	0.0942	0.0918	0.0932	0.4103	0.2080	0.0949	0.0914	0.0920	0.0920	0.0948	0.0932	
0.7875	0.7988	0.7670	0.7671	0.7107	0.7116	0.6974	0.4942	0.7407	0.7460	0.7126	0.7319	0.6921	0.7146	0.7040	0.6846	0.7025	0.7284	0.6945	0.6996	0.6738	0.6943	0.6870	0.4973	0.7229	0.7340	0.6843	0.6714	0.6692	0.5284	0.6640	0.6549	0.6833	0.6702	0.6686	0.6468	0.3988	0.1010	0.1172	0.1625	0.6893	0.6680	0.6413	0.6019	0.1107	0.0962	0.0977	0.0971	0.6686	0.6551	0.6328	0.1124	0.0971	0.0960	0.0955	0.0955	0.4407	0.2423	0.0964	0.0945	0.0950	0.0955	0.0973	0.0960	
