0.0904	0.0906	0.0902	0.0890	0.0890	0.0973	0.0890	0.1180	0.0905	0.1160	0.0909	0.1043	0.0915	0.1023	0.0926	0.1266	0.0911	0.0936	0.0918	0.1018	0.0919	0.1024	0.0916	0.1314	0.0909	0.1276	0.0922	0.1261	0.0911	0.1087	0.0910	0.1326	0.0906	0.0902	0.0919	0.0913	0.0929	0.0905	0.0927	0.0931	0.0922	0.0929	0.0896	0.0954	0.0925	0.1035	0.0906	0.0928	0.0941	0.0911	0.0910	0.0968	0.0914	0.0937	0.0920	0.0967	0.0941	0.0954	0.0911	0.0916	0.0969	0.0938	0.0938	0.0949	
0.0910	0.0890	0.0895	0.0882	0.0882	0.0883	0.0891	0.0895	0.0904	0.0902	0.0893	0.0906	0.0893	0.0905	0.0920	0.0918	0.0905	0.0904	0.0899	0.0906	0.0894	0.0906	0.0916	0.0908	0.0903	0.0914	0.0904	0.0931	0.0914	0.0913	0.0903	0.0904	0.0905	0.0906	0.0901	0.0899	0.0914	0.0902	0.0903	0.0908	0.0975	0.0922	0.0914	0.0947	0.0926	0.0954	0.0927	0.0940	0.0901	0.0905	0.0914	0.0931	0.0911	0.0913	0.0913	0.0922	0.0914	0.0922	0.0916	0.0917	0.0923	0.0931	0.0900	0.0972	
0.0917	0.0896	0.0884	0.0890	0.0874	0.0877	0.0868	0.0894	0.0909	0.0897	0.0899	0.0902	0.0893	0.0896	0.0912	0.0899	0.0902	0.0908	0.0894	0.0901	0.0890	0.0903	0.0912	0.0898	0.0899	0.0907	0.0895	0.0922	0.0901	0.0909	0.0899	0.0908	0.0902	0.0897	0.0909	0.0887	0.0908	0.0897	0.0906	0.0904	0.0985	0.0905	0.0877	0.0906	0.0926	0.0971	0.0907	0.0909	0.0903	0.0906	0.0920	0.0917	0.0918	0.0916	0.0907	0.0931	0.0907	0.0900	0.0918	0.0927	0.0907	0.0915	0.0898	0.0930	
0.0929	0.0883	0.0882	0.0891	0.0884	0.0891	0.0879	0.0899	0.0909	0.0908	0.0904	0.0911	0.0908	0.0902	0.0925	0.0910	0.0906	0.0907	0.0903	0.0912	0.0897	0.0911	0.0923	0.0927	0.0899	0.0915	0.0906	0.0932	0.0912	0.0912	0.0915	0.0914	0.0906	0.0901	0.0903	0.0903	0.0912	0.0907	0.0925	0.0908	0.0979	0.0912	0.0893	0.0930	0.0926	0.0934	0.0932	0.0929	0.0933	0.0922	0.0914	0.0928	0.0949	0.0919	0.0926	0.0930	0.0909	0.0916	0.0916	0.0939	0.0922	0.0922	0.0924	0.0968	
0.0927	0.0890	0.0894	0.0912	0.0895	0.0887	0.0884	0.0870	0.0903	0.0893	0.0890	0.0899	0.0894	0.0897	0.0907	0.0906	0.0906	0.0909	0.0901	0.0899	0.0888	0.0907	0.0912	0.0907	0.0893	0.0900	0.0893	0.0927	0.0904	0.0906	0.0908	0.0912	0.0905	0.0896	0.0902	0.0886	0.0907	0.0893	0.0911	0.0913	0.0900	0.0907	0.0890	0.0915	0.0903	0.0920	0.0906	0.0942	0.0909	0.0898	0.0906	0.0910	0.0912	0.0936	0.0941	0.0943	0.0912	0.0907	0.0911	0.0912	0.0914	0.0907	0.0949	0.0970	
0.0925	0.0885	0.0886	0.0889	0.0877	0.0875	0.0872	0.0884	0.0889	0.0893	0.0884	0.0895	0.0888	0.0888	0.0896	0.0891	0.0891	0.0899	0.0886	0.0899	0.0891	0.0900	0.0901	0.0891	0.0881	0.0904	0.0887	0.0930	0.0907	0.0898	0.0892	0.0906	0.0894	0.0893	0.0904	0.0886	0.0902	0.0896	0.0892	0.0884	0.0928	0.0901	0.0899	0.0906	0.0900	0.0937	0.0922	0.0923	0.0910	0.0909	0.0934	0.0902	0.0914	0.0918	0.0921	0.0936	0.0914	0.0907	0.0905	0.0905	0.0946	0.0926	0.0916	0.0973	
0.0906	0.0886	0.0879	0.0894	0.0886	0.0891	0.0887	0.0896	0.0897	0.0893	0.0885	0.0897	0.0895	0.0902	0.0917	0.0898	0.0906	0.0901	0.0890	0.0902	0.0897	0.0906	0.0914	0.0905	0.0890	0.0901	0.0890	0.0916	0.0910	0.0903	0.0907	0.0905	0.0898	0.0897	0.0892	0.0888	0.0912	0.0896	0.0903	0.0888	0.0924	0.0903	0.0897	0.0913	0.0917	0.0918	0.0885	0.0933	0.0900	0.0907	0.0893	0.0902	0.0891	0.0922	0.0915	0.0928	0.0914	0.0897	0.0917	0.0908	0.0898	0.0911	0.0903	0.0932	
0.0907	0.0888	0.0888	0.0895	0.0897	0.0892	0.0877	0.0890	0.0904	0.0898	0.0893	0.0902	0.0901	0.0902	0.0927	0.0904	0.0903	0.0899	0.0897	0.0909	0.0898	0.0899	0.0915	0.0905	0.0900	0.0906	0.0891	0.0925	0.0914	0.0907	0.0909	0.0924	0.0899	0.0900	0.0895	0.0894	0.0905	0.0894	0.0902	0.0901	0.0910	0.0886	0.0891	0.0898	0.0900	0.0905	0.0884	0.0905	0.0892	0.0893	0.0896	0.0907	0.0910	0.0909	0.0901	0.0909	0.0895	0.0886	0.0910	0.0899	0.0913	0.0900	0.0912	0.0922	
0.0934	0.0891	0.0888	0.0884	0.0873	0.0877	0.0880	0.0889	0.0905	0.0892	0.0892	0.0896	0.0893	0.0906	0.0911	0.0901	0.0898	0.0888	0.0891	0.0902	0.0891	0.0893	0.0915	0.0903	0.0897	0.0891	0.0893	0.0927	0.0908	0.0901	0.0900	0.0911	0.0895	0.0894	0.0898	0.0883	0.0903	0.0891	0.0912	0.0897	0.0929	0.0915	0.0896	0.0911	0.0907	0.0920	0.0903	0.0917	0.0906	0.0901	0.0903	0.0921	0.0907	0.0938	0.0935	0.0933	0.0915	0.0912	0.0925	0.0923	0.0928	0.0917	0.0910	0.0939	
0.0905	0.0898	0.0895	0.0884	0.0868	0.0879	0.0872	0.0895	0.0899	0.0895	0.0894	0.0899	0.0899	0.0894	0.0919	0.0908	0.0902	0.0901	0.0890	0.0902	0.0899	0.0908	0.0905	0.0904	0.0898	0.0907	0.0900	0.0916	0.0912	0.0902	0.0905	0.0912	0.0896	0.0898	0.0899	0.0889	0.0900	0.0901	0.0903	0.0907	0.0916	0.0919	0.0904	0.0912	0.0920	0.0918	0.0892	0.0930	0.0905	0.0916	0.0918	0.0906	0.0912	0.0918	0.0918	0.0936	0.0914	0.0923	0.0916	0.0925	0.0914	0.0918	0.0923	0.0950	
0.0902	0.0894	0.0888	0.0886	0.0884	0.0892	0.0888	0.0887	0.0899	0.0898	0.0888	0.0903	0.0893	0.0892	0.0901	0.0909	0.0899	0.0896	0.0895	0.0897	0.0892	0.0901	0.0905	0.0903	0.0900	0.0902	0.0897	0.0921	0.0905	0.0904	0.0902	0.0920	0.0892	0.0895	0.0901	0.0885	0.0902	0.0892	0.0894	0.0904	0.0919	0.0910	0.0900	0.0920	0.0926	0.0923	0.0912	0.0947	0.0934	0.0906	0.0914	0.0914	0.0926	0.0913	0.0918	0.0932	0.0927	0.0910	0.0903	0.0932	0.0918	0.0918	0.0919	0.0940	
0.0948	0.0911	0.0913	0.0915	0.0895	0.0916	0.0907	0.0910	0.0924	0.0912	0.0915	0.0915	0.0912	0.0914	0.0934	0.0916	0.0921	0.0921	0.0914	0.0916	0.0916	0.0923	0.0935	0.0921	0.0909	0.0927	0.0918	0.0934	0.0922	0.0929	0.0924	0.0936	0.0912	0.0902	0.0913	0.0909	0.0925	0.0913	0.0927	0.0926	0.0916	0.0910	0.0913	0.0937	0.0927	0.0947	0.0911	0.0944	0.0921	0.0904	0.0911	0.0913	0.0922	0.0948	0.0928	0.0930	0.0925	0.0916	0.0921	0.0923	0.0926	0.0944	0.0926	0.0936	
0.0962	0.0907	0.0899	0.0907	0.0900	0.0906	0.0903	0.0911	0.0912	0.0905	0.0908	0.0916	0.0907	0.0910	0.0932	0.0909	0.0915	0.0917	0.0908	0.0916	0.0906	0.0919	0.0920	0.0918	0.0905	0.0916	0.0905	0.0936	0.0907	0.0917	0.0921	0.0916	0.0913	0.0902	0.0914	0.0906	0.0919	0.0910	0.0933	0.0914	0.0926	0.0913	0.0897	0.0919	0.0940	0.0929	0.0919	0.0945	0.0920	0.0903	0.0912	0.0927	0.0931	0.0928	0.0934	0.0947	0.0925	0.0916	0.0911	0.0926	0.0935	0.0932	0.0940	0.0964	
0.0930	0.0892	0.0902	0.0907	0.0895	0.0896	0.0880	0.0889	0.0905	0.0914	0.0885	0.0911	0.0903	0.0910	0.0927	0.0921	0.0908	0.0915	0.0888	0.0908	0.0897	0.0912	0.0928	0.0914	0.0895	0.0915	0.0887	0.0930	0.0911	0.0907	0.0914	0.0921	0.0901	0.0900	0.0904	0.0888	0.0906	0.0904	0.0907	0.0913	0.0922	0.0911	0.0906	0.0940	0.0911	0.0985	0.0975	0.0976	0.0918	0.0911	0.0913	0.0914	0.0922	0.0986	0.0991	0.0990	0.0924	0.0915	0.0931	0.0926	0.0942	0.0982	0.0972	0.0997	
0.0963	0.0906	0.0907	0.0904	0.0898	0.0905	0.0892	0.0906	0.0905	0.0901	0.0908	0.0915	0.0910	0.0914	0.0923	0.0909	0.0913	0.0915	0.0902	0.0913	0.0895	0.0906	0.0925	0.0909	0.0911	0.0912	0.0910	0.0933	0.0916	0.0907	0.0905	0.0926	0.0906	0.0905	0.0905	0.0903	0.0900	0.0894	0.0909	0.0904	0.0936	0.0946	0.0914	0.0950	0.0929	0.0943	0.0920	0.0938	0.0928	0.0915	0.0902	0.0949	0.0915	0.0920	0.0956	0.0949	0.0923	0.0927	0.0925	0.0940	0.0942	0.0946	0.0941	0.0952	
0.0972	0.0920	0.0915	0.0919	0.0905	0.0912	0.0904	0.0919	0.0920	0.0923	0.0913	0.0931	0.0917	0.0918	0.0944	0.0933	0.0922	0.0922	0.0909	0.0926	0.0914	0.0931	0.0938	0.0927	0.0909	0.0927	0.0920	0.0946	0.0926	0.0927	0.0917	0.0934	0.0916	0.0916	0.0922	0.0912	0.0932	0.0920	0.0924	0.0924	0.0935	0.0914	0.0902	0.0939	0.0917	0.0958	0.0942	0.0958	0.0903	0.0904	0.0894	0.0915	0.0937	0.0955	0.0959	0.0929	0.0923	0.0913	0.0924	0.0939	0.0920	0.0962	0.0939	0.0947	
0.0961	0.0906	0.0906	0.0903	0.0892	0.0901	0.0895	0.0905	0.0909	0.0909	0.0906	0.0902	0.0902	0.0910	0.0920	0.0902	0.0908	0.0901	0.0902	0.0913	0.0897	0.0905	0.0921	0.0899	0.0905	0.0915	0.0896	0.0925	0.0907	0.0901	0.0905	0.0916	0.0905	0.0895	0.0903	0.0898	0.0905	0.0901	0.0909	0.0904	0.0941	0.0933	0.0889	0.0901	0.0895	0.0890	0.0881	0.0891	0.0918	0.0909	0.0901	0.0903	0.0890	0.0886	0.0902	0.0903	0.0905	0.0885	0.0897	0.0926	0.0896	0.0895	0.0888	0.0921	
0.0972	0.0929	0.0914	0.0924	0.0913	0.0906	0.0907	0.0911	0.0911	0.0908	0.0900	0.0918	0.0911	0.0909	0.0917	0.0908	0.0918	0.0922	0.0907	0.0920	0.0911	0.0908	0.0924	0.0903	0.0915	0.0923	0.0915	0.0944	0.0913	0.0911	0.0901	0.0918	0.0915	0.0911	0.0915	0.0900	0.0919	0.0916	0.0917	0.0915	0.0937	0.0919	0.0903	0.0930	0.0928	0.0932	0.0920	0.0929	0.0920	0.0915	0.0922	0.0926	0.0928	0.0930	0.0935	0.0945	0.0924	0.0916	0.0913	0.0931	0.0933	0.0924	0.0923	0.0947	
0.0961	0.0912	0.0889	0.0912	0.0911	0.0900	0.0899	0.0911	0.0904	0.0914	0.0899	0.0906	0.0908	0.0901	0.0908	0.0914	0.0907	0.0911	0.0897	0.0910	0.0897	0.0911	0.0912	0.0902	0.0905	0.0916	0.0900	0.0926	0.0898	0.0894	0.0905	0.0915	0.0897	0.0900	0.0903	0.0882	0.0890	0.0870	0.0902	0.0901	0.0926	0.0914	0.0905	0.0922	0.0924	0.0929	0.0916	0.0915	0.0924	0.0910	0.0916	0.0913	0.0923	0.0923	0.0920	0.0921	0.0927	0.0913	0.0918	0.0935	0.0934	0.0925	0.0910	0.0941	
0.0974	0.0929	0.0915	0.0929	0.0899	0.0914	0.0906	0.0917	0.0924	0.0912	0.0902	0.0905	0.0903	0.0911	0.0922	0.0906	0.0910	0.0912	0.0900	0.0909	0.0897	0.0922	0.0909	0.0914	0.0904	0.0909	0.0903	0.0914	0.0916	0.0909	0.0903	0.0914	0.0906	0.0899	0.0905	0.0896	0.0912	0.0907	0.0889	0.0905	0.0958	0.0911	0.0912	0.0917	0.0918	0.0919	0.0917	0.0912	0.0924	0.0903	0.0929	0.0911	0.0915	0.0925	0.0919	0.0916	0.0922	0.0915	0.0914	0.0938	0.0912	0.0922	0.0906	0.0931	
0.0988	0.0933	0.0932	0.0929	0.0911	0.0900	0.0888	0.0908	0.0924	0.0917	0.0913	0.0923	0.0913	0.0910	0.0927	0.0924	0.0921	0.0920	0.0905	0.0912	0.0912	0.0914	0.0931	0.0917	0.0911	0.0926	0.0913	0.0927	0.0921	0.0917	0.0916	0.0923	0.0914	0.0902	0.0913	0.0901	0.0916	0.0905	0.0916	0.0908	0.0950	0.0916	0.0911	0.0924	0.0928	0.0922	0.0904	0.0923	0.0921	0.0924	0.0917	0.0919	0.0922	0.0921	0.0932	0.0931	0.0936	0.0919	0.0913	0.0934	0.0924	0.0926	0.0917	0.0941	
0.0989	0.0933	0.0932	0.0938	0.0919	0.0912	0.0909	0.0929	0.0920	0.0919	0.0912	0.0919	0.0908	0.0921	0.0922	0.0914	0.0917	0.0920	0.0914	0.0922	0.0906	0.0915	0.0927	0.0918	0.0904	0.0922	0.0918	0.0935	0.0918	0.0920	0.0904	0.0920	0.0913	0.0908	0.0910	0.0896	0.0907	0.0910	0.0914	0.0908	0.0933	0.0922	0.0904	0.0920	0.0922	0.0925	0.0918	0.0926	0.0922	0.0921	0.0921	0.0917	0.0933	0.0919	0.0931	0.0929	0.0922	0.0921	0.0936	0.0929	0.0921	0.0915	0.0913	0.0951	
0.0966	0.0968	0.0963	0.0964	0.0938	0.0946	0.0931	0.0940	0.0951	0.0939	0.0929	0.0934	0.0927	0.0927	0.0938	0.0942	0.0931	0.0933	0.0925	0.0940	0.0929	0.0932	0.0940	0.0937	0.0933	0.0935	0.0935	0.0949	0.0923	0.0931	0.0932	0.0940	0.0929	0.0925	0.0924	0.0919	0.0933	0.0916	0.0934	0.0922	0.0945	0.0922	0.0904	0.0920	0.0925	0.0929	0.0927	0.0915	0.0926	0.0910	0.0916	0.0930	0.0919	0.0927	0.0935	0.0932	0.0919	0.0914	0.0913	0.0924	0.0913	0.0921	0.0927	0.0964	
0.1015	0.0971	0.0961	0.0964	0.0935	0.0931	0.0915	0.0931	0.0935	0.0935	0.0923	0.0927	0.0923	0.0926	0.0933	0.0923	0.0926	0.0928	0.0926	0.0923	0.0917	0.0926	0.0946	0.0925	0.0914	0.0930	0.0921	0.0951	0.0919	0.0927	0.0932	0.0927	0.0919	0.0922	0.0923	0.0911	0.0922	0.0920	0.0918	0.0922	0.0950	0.0929	0.0921	0.0931	0.0929	0.0939	0.0932	0.0950	0.0932	0.0935	0.0924	0.0928	0.0936	0.0929	0.0939	0.0948	0.0938	0.0922	0.0930	0.0944	0.0927	0.0938	0.0931	0.0967	
0.1029	0.0974	0.0961	0.0973	0.0957	0.0934	0.0928	0.0927	0.0944	0.0931	0.0930	0.0925	0.0927	0.0933	0.0936	0.0928	0.0932	0.0936	0.0918	0.0933	0.0913	0.0928	0.0935	0.0913	0.0930	0.0939	0.0917	0.0949	0.0924	0.0923	0.0918	0.0934	0.0931	0.0925	0.0921	0.0909	0.0922	0.0915	0.0914	0.0917	0.0963	0.0928	0.0922	0.0935	0.0932	0.0943	0.0941	0.0949	0.0938	0.0930	0.0936	0.0944	0.0930	0.0934	0.0943	0.0942	0.0927	0.0935	0.0942	0.0951	0.0942	0.0940	0.0941	0.0970	
0.1022	0.0977	0.0963	0.0972	0.0964	0.0948	0.0941	0.0924	0.0943	0.0944	0.0935	0.0929	0.0917	0.0933	0.0919	0.0924	0.0934	0.0935	0.0925	0.0941	0.0917	0.0928	0.0945	0.0922	0.0923	0.0929	0.0922	0.0941	0.0925	0.0924	0.0918	0.0934	0.0926	0.0924	0.0912	0.0913	0.0917	0.0907	0.0912	0.0915	0.0942	0.0941	0.0922	0.0931	0.0929	0.0949	0.0932	0.0934	0.0935	0.0927	0.0925	0.0934	0.0938	0.0941	0.0947	0.0933	0.0932	0.0951	0.0935	0.0943	0.0934	0.0934	0.0937	0.0954	
0.1046	0.0998	0.0990	0.0993	0.0958	0.0947	0.0934	0.0936	0.0939	0.0939	0.0928	0.0928	0.0920	0.0915	0.0931	0.0926	0.0935	0.0934	0.0907	0.0939	0.0912	0.0929	0.0930	0.0922	0.0925	0.0931	0.0925	0.0944	0.0923	0.0916	0.0922	0.0932	0.0916	0.0919	0.0918	0.0903	0.0917	0.0917	0.0921	0.0917	0.0946	0.0935	0.0913	0.0923	0.0918	0.0925	0.0917	0.0925	0.0925	0.0910	0.0920	0.0919	0.0924	0.0923	0.0925	0.0924	0.0934	0.0914	0.0914	0.0933	0.0922	0.0920	0.0927	0.0943	
0.1070	0.1017	0.1006	0.1007	0.0970	0.0959	0.0931	0.0928	0.0959	0.0953	0.0924	0.0934	0.0927	0.0931	0.0928	0.0937	0.0933	0.0946	0.0923	0.0936	0.0918	0.0935	0.0935	0.0927	0.0931	0.0943	0.0919	0.0933	0.0915	0.0923	0.0921	0.0934	0.0921	0.0921	0.0917	0.0907	0.0920	0.0917	0.0921	0.0914	0.0930	0.0928	0.0917	0.0932	0.0936	0.0940	0.0924	0.0931	0.0928	0.0923	0.0933	0.0930	0.0936	0.0934	0.0934	0.0938	0.0930	0.0923	0.0935	0.0933	0.0927	0.0931	0.0928	0.0953	
0.1069	0.1052	0.1035	0.1042	0.0999	0.0989	0.0951	0.0950	0.0992	0.0977	0.0956	0.0964	0.0945	0.0950	0.0942	0.0954	0.0964	0.0960	0.0949	0.0958	0.0944	0.0948	0.0949	0.0941	0.0951	0.0956	0.0949	0.0963	0.0945	0.0951	0.0921	0.0953	0.0943	0.0940	0.0944	0.0929	0.0945	0.0939	0.0921	0.0929	0.0927	0.0930	0.0925	0.0930	0.0930	0.0938	0.0918	0.0942	0.0932	0.0921	0.0917	0.0922	0.0937	0.0939	0.0945	0.0945	0.0928	0.0918	0.0921	0.0935	0.0932	0.0961	0.0927	0.0957	
0.1088	0.1051	0.1036	0.1056	0.0982	0.0967	0.0931	0.0941	0.0980	0.0963	0.0951	0.0940	0.0929	0.0924	0.0924	0.0929	0.0943	0.0947	0.0940	0.0941	0.0930	0.0927	0.0933	0.0934	0.0938	0.0942	0.0921	0.0952	0.0924	0.0917	0.0912	0.0921	0.0917	0.0907	0.0915	0.0907	0.0916	0.0910	0.0910	0.0915	0.0929	0.0911	0.0909	0.0919	0.0955	0.0924	0.0917	0.0938	0.0918	0.0909	0.0906	0.0922	0.0932	0.0928	0.0932	0.0930	0.0911	0.0909	0.0909	0.0926	0.0925	0.0921	0.0918	0.0960	
0.1115	0.1087	0.1069	0.1072	0.1014	0.0993	0.0970	0.0954	0.0994	0.0991	0.0955	0.0951	0.0933	0.0947	0.0952	0.0950	0.0975	0.0960	0.0948	0.0955	0.0933	0.0946	0.0962	0.0936	0.0954	0.0951	0.0939	0.0955	0.0935	0.0942	0.0937	0.0938	0.0943	0.0923	0.0938	0.0920	0.0934	0.0926	0.0934	0.0943	0.0944	0.0931	0.0920	0.0953	0.0933	0.0953	0.0926	0.0941	0.0931	0.0921	0.0931	0.0948	0.0934	0.0941	0.0948	0.0939	0.0929	0.0927	0.0923	0.0935	0.0937	0.0923	0.0953	0.0962	
0.1147	0.1100	0.1079	0.1078	0.1004	0.0964	0.0929	0.0946	0.0985	0.0975	0.0949	0.0937	0.0931	0.0923	0.0929	0.0933	0.0952	0.0940	0.0936	0.0934	0.0922	0.0925	0.0938	0.0923	0.0930	0.0930	0.0927	0.0940	0.0919	0.0927	0.0911	0.0931	0.0921	0.0911	0.0917	0.0895	0.0918	0.0916	0.0909	0.0905	0.0948	0.0950	0.0927	0.0942	0.0940	0.0939	0.0933	0.0940	0.0932	0.0924	0.0923	0.0942	0.0938	0.0933	0.0928	0.0943	0.0929	0.0919	0.0944	0.0938	0.0934	0.0943	0.0936	0.0973	
0.1168	0.1152	0.1141	0.1133	0.1042	0.1003	0.0978	0.0958	0.1028	0.1014	0.0976	0.0970	0.0953	0.0950	0.0956	0.0947	0.1004	0.0968	0.0965	0.0965	0.0937	0.0960	0.0962	0.0947	0.0967	0.0965	0.0947	0.0970	0.0947	0.0945	0.0955	0.0947	0.0956	0.0939	0.0935	0.0930	0.0940	0.0929	0.0939	0.0943	0.0957	0.0924	0.0910	0.0939	0.0916	0.0932	0.0939	0.0919	0.0924	0.0925	0.0911	0.0964	0.0913	0.0934	0.0938	0.0950	0.0927	0.0919	0.0923	0.0946	0.0932	0.0921	0.0959	0.0949	
0.1174	0.1170	0.1139	0.1125	0.1029	0.0979	0.0946	0.0951	0.1020	0.1003	0.0955	0.0949	0.0929	0.0922	0.0925	0.0927	0.0982	0.0957	0.0936	0.0937	0.0918	0.0914	0.0927	0.0926	0.0954	0.0940	0.0912	0.0930	0.0917	0.0923	0.0908	0.0926	0.0933	0.0914	0.0910	0.0901	0.0910	0.0901	0.0902	0.0903	0.0939	0.0918	0.0925	0.0932	0.0946	0.0933	0.0921	0.0924	0.0949	0.0917	0.0931	0.0933	0.0953	0.0933	0.0936	0.0941	0.0938	0.0947	0.0924	0.0957	0.0926	0.0926	0.0943	0.0949	
0.1264	0.1196	0.1183	0.1163	0.1041	0.0993	0.0952	0.0959	0.1035	0.1023	0.0971	0.0955	0.0923	0.0919	0.0928	0.0926	0.0989	0.0961	0.0935	0.0937	0.0921	0.0935	0.0930	0.0922	0.0958	0.0948	0.0913	0.0944	0.0923	0.0922	0.0920	0.0932	0.0937	0.0926	0.0912	0.0895	0.0923	0.0911	0.0913	0.0903	0.0926	0.0942	0.0947	0.0928	0.0946	0.0928	0.0923	0.0927	0.0926	0.0919	0.0919	0.0926	0.0933	0.0926	0.0941	0.0938	0.0922	0.0918	0.0939	0.0930	0.0917	0.0928	0.0921	0.0954	
0.1302	0.1243	0.1221	0.1204	0.1059	0.1003	0.0970	0.0952	0.1074	0.1036	0.0985	0.0964	0.0947	0.0925	0.0936	0.0944	0.1001	0.0973	0.0956	0.0943	0.0919	0.0937	0.0931	0.0937	0.0969	0.0953	0.0928	0.0942	0.0923	0.0910	0.0924	0.0929	0.0943	0.0936	0.0923	0.0910	0.0922	0.0903	0.0916	0.0911	0.0914	0.0912	0.0903	0.0913	0.0904	0.0916	0.0906	0.0923	0.0910	0.0907	0.0906	0.0933	0.0910	0.0914	0.0952	0.0924	0.0910	0.0908	0.0908	0.0925	0.0919	0.0910	0.0912	0.0935	
0.1366	0.1324	0.1285	0.1272	0.1107	0.1035	0.1000	0.0998	0.1113	0.1077	0.1021	0.0989	0.0964	0.0948	0.0963	0.0965	0.1033	0.1003	0.0974	0.0974	0.0954	0.0961	0.0968	0.0964	0.0999	0.0980	0.0959	0.0967	0.0949	0.0948	0.0951	0.0960	0.0976	0.0949	0.0943	0.0934	0.0935	0.0938	0.0946	0.0943	0.0934	0.0933	0.0911	0.0976	0.0938	0.0953	0.0947	0.0957	0.0930	0.0922	0.0928	0.0982	0.0958	0.0957	0.0957	0.0961	0.0929	0.0922	0.0953	0.0967	0.0964	0.0947	0.0949	0.0969	
0.1404	0.1344	0.1294	0.1298	0.1100	0.0999	0.0968	0.0962	0.1104	0.1072	0.0999	0.0954	0.0937	0.0926	0.0957	0.0934	0.1026	0.0981	0.0955	0.0949	0.0921	0.0926	0.0939	0.0927	0.0978	0.0959	0.0932	0.0927	0.0912	0.0921	0.0910	0.0916	0.0956	0.0911	0.0912	0.0900	0.0916	0.0913	0.0907	0.0905	0.1007	0.0924	0.0914	0.0931	0.0917	0.0936	0.0925	0.0937	0.0925	0.0920	0.0920	0.0929	0.0929	0.0932	0.0937	0.0946	0.0914	0.0921	0.0916	0.0931	0.0930	0.0916	0.0920	0.0956	
0.1483	0.1412	0.1378	0.1337	0.1120	0.1024	0.0991	0.0965	0.1139	0.1107	0.1020	0.0976	0.0947	0.0934	0.0937	0.0932	0.1047	0.0999	0.0974	0.0947	0.0932	0.0928	0.0933	0.0930	0.0992	0.0962	0.0936	0.0938	0.0911	0.0926	0.0918	0.0926	0.0958	0.0928	0.0918	0.0906	0.0914	0.0910	0.0918	0.0919	0.0926	0.0926	0.0921	0.0928	0.0924	0.0929	0.0921	0.0936	0.0927	0.0919	0.0925	0.0933	0.0971	0.0928	0.0935	0.0936	0.0922	0.0928	0.0925	0.0932	0.0934	0.0924	0.0923	0.0947	
0.1561	0.1494	0.1451	0.1393	0.1137	0.1025	0.0978	0.0967	0.1160	0.1131	0.1016	0.0971	0.0943	0.0936	0.0940	0.0948	0.1059	0.1004	0.0971	0.0947	0.0930	0.0938	0.0937	0.0921	0.1004	0.0953	0.0929	0.0933	0.0922	0.0922	0.0920	0.0929	0.0971	0.0919	0.0919	0.0897	0.0921	0.0916	0.0923	0.0917	0.0924	0.0921	0.0915	0.0927	0.0935	0.0930	0.0930	0.0936	0.0929	0.0918	0.0923	0.0932	0.0940	0.0936	0.0937	0.0936	0.0923	0.0927	0.0928	0.0941	0.0932	0.0928	0.0926	0.0955	
0.1671	0.1597	0.1505	0.1499	0.1188	0.1052	0.0998	0.0984	0.1215	0.1176	0.1044	0.0981	0.0949	0.0934	0.0948	0.0949	0.1090	0.1026	0.0983	0.0952	0.0929	0.0931	0.0959	0.0933	0.1021	0.0983	0.0937	0.0946	0.0924	0.0932	0.0923	0.0944	0.0978	0.0930	0.0919	0.0915	0.0921	0.0922	0.0934	0.0933	0.0930	0.0922	0.0909	0.0947	0.0922	0.0937	0.0923	0.0937	0.0925	0.0915	0.0929	0.0930	0.0950	0.0926	0.0940	0.0936	0.0921	0.0995	0.0920	0.0931	0.0932	0.0935	0.0922	0.0974	
0.1769	0.1680	0.1597	0.1550	0.1188	0.1050	0.0999	0.0969	0.1256	0.1198	0.1035	0.0982	0.0944	0.0938	0.0932	0.0944	0.1122	0.1020	0.0988	0.0964	0.0922	0.0938	0.0944	0.0935	0.1034	0.0974	0.0919	0.0937	0.0915	0.0923	0.0925	0.0933	0.0980	0.0918	0.0910	0.0913	0.0915	0.0914	0.0920	0.0910	0.0929	0.0922	0.0918	0.0929	0.0927	0.0935	0.0931	0.0970	0.0934	0.0922	0.0931	0.0927	0.0935	0.0938	0.0938	0.0950	0.0927	0.0929	0.0937	0.0936	0.0932	0.0940	0.0927	0.0958	
0.1859	0.1790	0.1692	0.1649	0.1214	0.1064	0.1002	0.0976	0.1310	0.1249	0.1068	0.0994	0.0951	0.0942	0.0939	0.0939	0.1144	0.1064	0.0990	0.0970	0.0929	0.0936	0.0944	0.0932	0.1052	0.0979	0.0928	0.0931	0.0924	0.0920	0.0914	0.0928	0.0988	0.0924	0.0914	0.0896	0.0920	0.0913	0.0918	0.0924	0.0925	0.0927	0.0919	0.0928	0.0923	0.0937	0.0925	0.0931	0.0919	0.0918	0.0930	0.0945	0.0923	0.0926	0.0973	0.0981	0.0924	0.0913	0.0926	0.0930	0.0929	0.0925	0.0927	0.0959	
0.2008	0.1899	0.1827	0.1741	0.1244	0.1068	0.1012	0.0979	0.1392	0.1317	0.1084	0.0991	0.0959	0.0938	0.0940	0.0937	0.1195	0.1095	0.1014	0.0970	0.0939	0.0945	0.0939	0.0928	0.1079	0.0987	0.0937	0.0937	0.0921	0.0924	0.0920	0.0942	0.1007	0.0922	0.0915	0.0906	0.0925	0.0916	0.0925	0.0919	0.0931	0.0941	0.0914	0.0926	0.0925	0.0921	0.0927	0.0932	0.0925	0.0922	0.0922	0.0947	0.0955	0.0936	0.0940	0.0937	0.0917	0.0926	0.0916	0.0944	0.0947	0.0917	0.0927	0.0963	
0.2127	0.2082	0.1915	0.1888	0.1317	0.1097	0.1045	0.1007	0.1492	0.1413	0.1111	0.1020	0.0980	0.0960	0.0974	0.0954	0.1250	0.1138	0.1032	0.0989	0.0966	0.0954	0.0952	0.0953	0.1117	0.1022	0.0962	0.0957	0.0940	0.0941	0.0953	0.0948	0.1039	0.0940	0.0930	0.0920	0.0938	0.0941	0.0932	0.0920	0.0947	0.0914	0.0910	0.0924	0.0914	0.0923	0.0932	0.0950	0.0933	0.0915	0.0919	0.0918	0.0925	0.0920	0.0953	0.0946	0.0911	0.0914	0.0919	0.0919	0.0927	0.0915	0.0916	0.0927	
0.2317	0.2179	0.2071	0.1974	0.1341	0.1106	0.1023	0.0990	0.1571	0.1489	0.1114	0.0993	0.0961	0.0928	0.0952	0.0937	0.1307	0.1179	0.1033	0.0978	0.0935	0.0934	0.0940	0.0936	0.1145	0.1011	0.0922	0.0927	0.0928	0.0929	0.0925	0.0938	0.1047	0.0928	0.0895	0.0888	0.0917	0.0923	0.0914	0.0922	0.0931	0.0909	0.0887	0.0904	0.0916	0.0920	0.0918	0.0928	0.0919	0.0911	0.0906	0.0934	0.0928	0.0904	0.0931	0.0916	0.0924	0.0921	0.0931	0.0921	0.0908	0.0947	0.0938	0.0936	
0.2465	0.2351	0.2269	0.2127	0.1367	0.1114	0.1026	0.0988	0.1688	0.1583	0.1136	0.1020	0.0964	0.0937	0.0959	0.0950	0.1373	0.1196	0.1043	0.0999	0.0944	0.0928	0.0954	0.0936	0.1175	0.1012	0.0938	0.0950	0.0930	0.0925	0.0928	0.0943	0.1058	0.0930	0.0921	0.0898	0.0924	0.0914	0.0920	0.0923	0.0983	0.0924	0.0909	0.0924	0.0940	0.0933	0.0923	0.0942	0.0930	0.0921	0.0928	0.0932	0.0954	0.0938	0.0948	0.0939	0.0929	0.0918	0.0936	0.0935	0.0925	0.0930	0.0941	0.0954	
0.2703	0.2551	0.2411	0.2267	0.1434	0.1129	0.1030	0.1003	0.1807	0.1685	0.1165	0.1021	0.0964	0.0958	0.0957	0.0952	0.1444	0.1269	0.1076	0.0983	0.0944	0.0943	0.0952	0.0936	0.1216	0.1033	0.0941	0.0943	0.0919	0.0925	0.0927	0.0938	0.1081	0.0941	0.0921	0.0904	0.0922	0.0907	0.0923	0.0920	0.0949	0.0927	0.0923	0.0921	0.0923	0.0934	0.0925	0.0944	0.0972	0.0926	0.0918	0.0928	0.0931	0.0923	0.0938	0.0943	0.0938	0.0933	0.0929	0.0934	0.0932	0.0930	0.0925	0.0981	
0.2898	0.2767	0.2641	0.2449	0.1485	0.1143	0.1053	0.1017	0.1961	0.1806	0.1192	0.1030	0.0976	0.0952	0.0958	0.0953	0.1546	0.1321	0.1085	0.1003	0.0938	0.0933	0.0954	0.0945	0.1277	0.1033	0.0956	0.0943	0.0918	0.0905	0.0927	0.0942	0.1091	0.0928	0.0923	0.0901	0.0896	0.0898	0.0914	0.0931	0.0933	0.0913	0.0922	0.0909	0.0895	0.0902	0.0893	0.0907	0.0928	0.0925	0.0921	0.0892	0.0905	0.0894	0.0910	0.0920	0.0932	0.0921	0.0931	0.0907	0.0897	0.0899	0.0898	0.0945	
0.3145	0.2937	0.2807	0.2604	0.1512	0.1142	0.1042	0.1003	0.2112	0.1944	0.1200	0.1035	0.0959	0.0953	0.0946	0.0929	0.1682	0.1422	0.1110	0.1001	0.0946	0.0928	0.0929	0.0915	0.1347	0.1057	0.0951	0.0943	0.0919	0.0913	0.0905	0.0930	0.1117	0.0932	0.0911	0.0894	0.0917	0.0910	0.0902	0.0905	0.0957	0.0902	0.0890	0.0948	0.0926	0.0937	0.0915	0.0918	0.0920	0.0894	0.0924	0.0922	0.0952	0.0912	0.0926	0.0916	0.0905	0.0924	0.0915	0.0952	0.0905	0.0930	0.0949	0.0931	
0.3414	0.3213	0.3043	0.2819	0.1589	0.1157	0.1061	0.1022	0.2303	0.2133	0.1230	0.1040	0.0976	0.0946	0.0948	0.0939	0.1829	0.1533	0.1124	0.1016	0.0947	0.0931	0.0942	0.0927	0.1425	0.1092	0.0956	0.0947	0.0923	0.0912	0.0926	0.0927	0.1162	0.0932	0.0912	0.0888	0.0914	0.0904	0.0910	0.0912	0.0945	0.0935	0.0917	0.0912	0.0956	0.0935	0.0939	0.1015	0.0947	0.0905	0.0930	0.0917	0.0913	0.0962	0.0987	0.0996	0.0929	0.0959	0.0926	0.0933	0.0922	0.0955	0.0949	0.0979	
0.3710	0.3449	0.3277	0.3037	0.1627	0.1171	0.1059	0.1023	0.2512	0.2303	0.1255	0.1051	0.0979	0.0947	0.0962	0.0935	0.2029	0.1653	0.1152	0.1017	0.0945	0.0943	0.0947	0.0936	0.1551	0.1114	0.0955	0.0954	0.0930	0.0927	0.0920	0.0934	0.1212	0.0937	0.0918	0.0897	0.0905	0.0912	0.0913	0.0913	0.0949	0.0917	0.0876	0.0902	0.0896	0.0917	0.0911	0.0907	0.0891	0.0878	0.0891	0.0886	0.0867	0.0903	0.0906	0.0907	0.0892	0.0911	0.0889	0.0955	0.0921	0.0913	0.0921	0.0947	
0.3990	0.3721	0.3577	0.3294	0.1748	0.1199	0.1069	0.1039	0.2677	0.2460	0.1310	0.1068	0.0996	0.0960	0.0969	0.0962	0.2204	0.1809	0.1180	0.1028	0.0968	0.0952	0.0957	0.0946	0.1665	0.1154	0.0968	0.0961	0.0941	0.0927	0.0930	0.0946	0.1260	0.0936	0.0917	0.0907	0.0930	0.0915	0.0928	0.0926	0.0984	0.0923	0.0873	0.0897	0.0927	0.0939	0.0959	0.0939	0.0928	0.0871	0.0905	0.0907	0.0910	0.0946	0.0934	0.0908	0.0921	0.0896	0.0897	0.0898	0.0897	0.0926	0.0972	0.0979	
0.4372	0.4040	0.3820	0.3527	0.1779	0.1228	0.1096	0.1050	0.2937	0.2710	0.1334	0.1064	0.0981	0.0962	0.0980	0.0946	0.2434	0.1989	0.1220	0.1044	0.0959	0.0945	0.0949	0.0946	0.1841	0.1185	0.0969	0.0945	0.0940	0.0924	0.0934	0.0944	0.1332	0.0944	0.0919	0.0906	0.0924	0.0918	0.0923	0.0918	0.0989	0.0924	0.0919	0.0905	0.0923	0.0964	0.0936	0.0959	0.0944	0.0929	0.0912	0.0967	0.0937	0.0980	0.0975	0.0974	0.0942	0.0925	0.0914	0.0926	0.0941	0.0978	0.0981	0.1000	
0.4594	0.4322	0.4122	0.3687	0.1861	0.1217	0.1082	0.1031	0.3231	0.2946	0.1359	0.1076	0.0988	0.0956	0.0948	0.0945	0.2714	0.2242	0.1236	0.1050	0.0969	0.0944	0.0949	0.0945	0.2145	0.1228	0.0966	0.0956	0.0931	0.0920	0.0918	0.0925	0.1419	0.0934	0.0911	0.0891	0.0914	0.0902	0.0912	0.0921	0.1033	0.0937	0.0906	0.0922	0.0934	0.0923	0.0960	0.0946	0.0911	0.0931	0.0971	0.0937	0.0970	0.0918	0.0960	0.0919	0.0958	0.0952	0.0914	0.0945	0.0935	0.0973	0.0933	0.0934	
0.4968	0.4642	0.4454	0.4049	0.1925	0.1258	0.1103	0.1049	0.3502	0.3188	0.1389	0.1070	0.0991	0.0961	0.0966	0.0953	0.3005	0.2427	0.1292	0.1057	0.0973	0.0938	0.0948	0.0940	0.2425	0.1288	0.0961	0.0943	0.0932	0.0925	0.0920	0.0934	0.1514	0.0940	0.0890	0.0881	0.0917	0.0910	0.0915	0.0910	0.1018	0.0919	0.0900	0.0949	0.0933	0.0960	0.0905	0.0959	0.0916	0.0958	0.0925	0.0928	0.0967	0.0969	0.0987	0.0914	0.0938	0.0932	0.0931	0.0945	0.0933	0.0936	0.0925	0.0956	
0.5215	0.4933	0.4704	0.4276	0.2012	0.1269	0.1110	0.1056	0.3774	0.3407	0.1434	0.1084	0.1002	0.0960	0.0968	0.0944	0.3342	0.2720	0.1344	0.1059	0.0973	0.0952	0.0953	0.0940	0.2716	0.1364	0.0982	0.0964	0.0937	0.0916	0.0922	0.0941	0.1676	0.0943	0.0918	0.0901	0.0920	0.0926	0.0914	0.0917	0.1056	0.0876	0.0862	0.0905	0.0891	0.0917	0.0918	0.0909	0.0915	0.0917	0.0899	0.0869	0.0903	0.0936	0.0896	0.0909	0.0890	0.0873	0.0909	0.0913	0.0908	0.0919	0.0900	0.0946	
0.5597	0.5210	0.4990	0.4531	0.2108	0.1290	0.1125	0.1059	0.4065	0.3719	0.1459	0.1101	0.0992	0.0970	0.0972	0.0954	0.3671	0.3014	0.1382	0.1085	0.0974	0.0953	0.0949	0.0933	0.2983	0.1454	0.0993	0.0967	0.0937	0.0934	0.0929	0.0932	0.1863	0.0960	0.0920	0.0895	0.0916	0.0917	0.0915	0.0918	0.1097	0.0956	0.0910	0.0919	0.0903	0.0936	0.0933	0.0937	0.0956	0.0922	0.0903	0.0934	0.0953	0.0908	0.0940	0.0948	0.0918	0.0961	0.0924	0.0936	0.0916	0.0928	0.0940	0.0950	
0.5775	0.5475	0.5127	0.4833	0.2194	0.1308	0.1147	0.1067	0.4233	0.3944	0.1498	0.1105	0.1018	0.0976	0.0968	0.0964	0.3899	0.3253	0.1442	0.1097	0.0982	0.0949	0.0960	0.0949	0.3244	0.1571	0.1001	0.0971	0.0948	0.0933	0.0922	0.0934	0.2091	0.0957	0.0920	0.0898	0.0922	0.0919	0.0919	0.0926	0.1129	0.0934	0.0905	0.0940	0.0929	0.0944	0.0918	0.0941	0.0940	0.0906	0.0941	0.0918	0.0948	0.0921	0.0935	0.0934	0.0922	0.0952	0.0911	0.0929	0.0948	0.0949	0.0935	0.0932	
0.6018	0.5720	0.5473	0.5091	0.2339	0.1331	0.1133	0.1058	0.4473	0.4213	0.1533	0.1118	0.1004	0.0962	0.0958	0.0948	0.4169	0.3540	0.1505	0.1106	0.0983	0.0949	0.0937	0.0933	0.3536	0.1692	0.0996	0.0949	0.0935	0.0912	0.0911	0.0933	0.2375	0.0955	0.0906	0.0888	0.0911	0.0909	0.0911	0.0915	0.1144	0.0892	0.0875	0.0908	0.0887	0.0878	0.0889	0.0909	0.0901	0.0890	0.0907	0.0876	0.0906	0.0883	0.0916	0.0902	0.0905	0.0883	0.0890	0.0895	0.0882	0.0902	0.0885	0.0932	
0.6358	0.6025	0.5798	0.5395	0.2544	0.1371	0.1165	0.1090	0.4812	0.4528	0.1580	0.1125	0.1019	0.0982	0.0970	0.0950	0.4546	0.3808	0.1561	0.1121	0.0994	0.0962	0.0963	0.0945	0.3872	0.1849	0.1017	0.0972	0.0950	0.0929	0.0917	0.0946	0.2728	0.0971	0.0924	0.0901	0.0920	0.0912	0.0920	0.0926	0.1197	0.0913	0.0896	0.0929	0.0950	0.0935	0.0928	0.0944	0.0956	0.0941	0.0907	0.0965	0.0958	0.0965	0.0964	0.0986	0.0935	0.0936	0.0915	0.0945	0.0951	0.0943	0.0929	0.0998	
0.6595	0.6232	0.6134	0.5594	0.2597	0.1378	0.1172	0.1083	0.5067	0.4870	0.1601	0.1129	0.1020	0.0970	0.0966	0.0960	0.4813	0.4080	0.1622	0.1132	0.0985	0.0945	0.0958	0.0934	0.4162	0.2057	0.1019	0.0974	0.0936	0.0916	0.0924	0.0941	0.3140	0.0969	0.0905	0.0896	0.0916	0.0911	0.0929	0.0921	0.1301	0.0928	0.0926	0.0914	0.0921	0.0920	0.0917	0.0932	0.0915	0.0924	0.0962	0.0921	0.0925	0.0919	0.0933	0.0931	0.0923	0.0939	0.0935	0.0918	0.0914	0.0938	0.0934	0.0964	
0.6856	0.6518	0.6338	0.5954	0.2832	0.1433	0.1195	0.1102	0.5211	0.5131	0.1661	0.1159	0.1031	0.0980	0.0981	0.0952	0.5084	0.4391	0.1689	0.1155	0.1003	0.0970	0.0962	0.0943	0.4499	0.2246	0.1035	0.0981	0.0938	0.0927	0.0932	0.0936	0.3429	0.0983	0.0916	0.0909	0.0921	0.0920	0.0933	0.0928	0.1377	0.0910	0.0887	0.0951	0.0919	0.0946	0.0926	0.0943	0.0930	0.0915	0.0905	0.0933	0.0933	0.0952	0.0961	0.0922	0.0921	0.0904	0.0914	0.0952	0.0933	0.0962	0.0942	0.0963	
0.7108	0.6635	0.6591	0.6152	0.2928	0.1465	0.1210	0.1123	0.5552	0.5455	0.1684	0.1184	0.1036	0.0999	0.0991	0.0981	0.5327	0.4709	0.1805	0.1182	0.1017	0.0974	0.0971	0.0948	0.4804	0.2467	0.1054	0.0996	0.0959	0.0935	0.0940	0.0947	0.3764	0.1002	0.0923	0.0908	0.0934	0.0917	0.0943	0.0938	0.1457	0.0942	0.0933	0.0899	0.0935	0.0920	0.0916	0.0931	0.0906	0.0912	0.0940	0.0902	0.0933	0.0916	0.0955	0.0944	0.0918	0.0888	0.0953	0.0900	0.0932	0.0926	0.0904	0.0980	
0.7303	0.6926	0.6818	0.6405	0.2972	0.1466	0.1213	0.1101	0.5712	0.5750	0.1740	0.1184	0.1033	0.0976	0.0973	0.0952	0.5572	0.4988	0.1864	0.1189	0.0998	0.0952	0.0960	0.0938	0.5124	0.2695	0.1039	0.0974	0.0948	0.0925	0.0925	0.0933	0.4122	0.0991	0.0909	0.0896	0.0910	0.0903	0.0907	0.0919	0.1618	0.0905	0.1009	0.0875	0.0931	0.0907	0.0905	0.0929	0.0956	0.0902	0.0912	0.0911	0.0914	0.0917	0.0926	0.0920	0.0948	0.0884	0.0910	0.0911	0.0893	0.0934	0.0949	0.0957	
0.7465	0.7141	0.7118	0.6621	0.3214	0.1518	0.1224	0.1106	0.6012	0.6074	0.1775	0.1173	0.1042	0.0982	0.0982	0.0936	0.5801	0.5242	0.1953	0.1193	0.0996	0.0956	0.0951	0.0941	0.5362	0.2950	0.1049	0.0978	0.0942	0.0920	0.0929	0.0924	0.4465	0.0996	0.0907	0.0888	0.0919	0.0900	0.0914	0.0912	0.1923	0.0964	0.0918	0.0936	0.0930	0.0935	0.0922	0.0969	0.0963	0.0938	0.0931	0.0925	0.0942	0.0934	0.0968	0.0970	0.0955	0.0927	0.0957	0.0959	0.0953	0.0958	0.0926	0.0941	
0.7561	0.7314	0.7256	0.6919	0.3302	0.1551	0.1216	0.1119	0.6239	0.6323	0.1800	0.1191	0.1041	0.0986	0.0979	0.0962	0.5953	0.5493	0.2030	0.1218	0.1016	0.0969	0.0958	0.0933	0.5554	0.3179	0.1068	0.0985	0.0947	0.0926	0.0916	0.0926	0.4717	0.1016	0.0901	0.0890	0.0911	0.0892	0.0913	0.0913	0.2259	0.0923	0.0877	0.0911	0.0917	0.0910	0.0908	0.0931	0.0928	0.0899	0.0920	0.0920	0.0959	0.0921	0.0926	0.0946	0.0937	0.0913	0.0912	0.0925	0.0926	0.0927	0.0918	0.0947	
0.7613	0.7415	0.7472	0.7136	0.3549	0.1599	0.1267	0.1113	0.6472	0.6565	0.1898	0.1208	0.1053	0.0991	0.0985	0.0954	0.6212	0.5766	0.2117	0.1243	0.1031	0.0973	0.0966	0.0935	0.5868	0.3482	0.1083	0.1001	0.0953	0.0921	0.0930	0.0927	0.5103	0.1031	0.0906	0.0890	0.0921	0.0906	0.0917	0.0918	0.2560	0.0902	0.0912	0.0919	0.0899	0.0932	0.0883	0.0906	0.0918	0.0884	0.0909	0.0909	0.0886	0.0906	0.0931	0.0909	0.0898	0.0893	0.0896	0.0919	0.0916	0.0902	0.0936	0.0940	
0.7636	0.7427	0.7438	0.7395	0.3757	0.1609	0.1263	0.1133	0.6593	0.6779	0.1970	0.1215	0.1057	0.0978	0.0972	0.0946	0.6318	0.5990	0.2189	0.1257	0.1018	0.0964	0.0968	0.0922	0.5988	0.3750	0.1099	0.0989	0.0950	0.0923	0.0924	0.0923	0.5364	0.1055	0.0905	0.0896	0.0906	0.0896	0.0910	0.0908	0.2884	0.0906	0.0868	0.0914	0.0949	0.0958	0.0929	0.0935	0.0904	0.0878	0.0910	0.0936	0.0958	0.0968	0.0973	0.0966	0.0895	0.0889	0.0897	0.0969	0.0964	0.0940	0.0958	0.0983	
0.7703	0.7467	0.7522	0.7438	0.3950	0.1684	0.1297	0.1130	0.6750	0.6935	0.2028	0.1231	0.1064	0.0994	0.0990	0.0939	0.6537	0.6251	0.2308	0.1301	0.1036	0.0974	0.0962	0.0935	0.6290	0.4066	0.1108	0.0987	0.0955	0.0929	0.0920	0.0935	0.5685	0.1085	0.0904	0.0888	0.0916	0.0901	0.0918	0.0904	0.3174	0.0904	0.0932	0.0920	0.0916	0.0911	0.0916	0.0907	0.0930	0.0910	0.0932	0.0914	0.0963	0.0927	0.0929	0.0919	0.0914	0.0922	0.0927	0.0927	0.0957	0.0924	0.0887	0.0951	
0.7748	0.7502	0.7517	0.7575	0.4125	0.1710	0.1303	0.1138	0.6801	0.7005	0.2124	0.1242	0.1072	0.0998	0.0995	0.0964	0.6602	0.6445	0.2382	0.1295	0.1044	0.0978	0.0975	0.0938	0.6417	0.4308	0.1132	0.0989	0.0957	0.0928	0.0929	0.0935	0.5876	0.1111	0.0896	0.0884	0.0922	0.0913	0.0908	0.0904	0.3463	0.0961	0.0950	0.0943	0.0982	0.0932	0.0944	0.0968	0.0969	0.0924	0.0936	0.0949	0.0954	0.0963	0.0990	0.0935	0.0923	0.0964	0.0928	0.0961	0.0979	0.0968	0.0968	0.0951	
0.7727	0.7542	0.7529	0.7630	0.4356	0.1760	0.1321	0.1162	0.6740	0.7019	0.2188	0.1257	0.1083	0.1014	0.0986	0.0963	0.6624	0.6572	0.2483	0.1350	0.1060	0.0985	0.0968	0.0931	0.6580	0.4572	0.1164	0.1000	0.0960	0.0945	0.0920	0.0933	0.6055	0.1134	0.0910	0.0893	0.0911	0.0910	0.0913	0.0916	0.3695	0.0864	0.0844	0.0903	0.0878	0.0908	0.0874	0.0891	0.0918	0.0896	0.0853	0.0891	0.0911	0.0878	0.0925	0.0877	0.0913	0.0904	0.0897	0.0885	0.0940	0.0889	0.0874	0.0920	
0.7750	0.7562	0.7661	0.7676	0.4619	0.1805	0.1357	0.1173	0.6764	0.7047	0.2318	0.1294	0.1090	0.1005	0.1007	0.0969	0.6615	0.6694	0.2574	0.1402	0.1059	0.0993	0.0969	0.0955	0.6650	0.4916	0.1195	0.1014	0.0977	0.0933	0.0932	0.0933	0.6244	0.1192	0.0919	0.0905	0.0914	0.0902	0.0924	0.0929	0.4066	0.0948	0.0906	0.0923	0.0921	0.0938	0.0922	0.0927	0.0965	0.0882	0.0954	0.0932	0.0919	0.0935	0.0970	0.0932	0.0928	0.0901	0.0922	0.0939	0.0947	0.0930	0.0943	0.0955	
0.7732	0.7569	0.7667	0.7724	0.4725	0.1845	0.1375	0.1167	0.6864	0.7103	0.2405	0.1315	0.1097	0.1017	0.0996	0.0958	0.6639	0.6754	0.2646	0.1417	0.1066	0.0980	0.0967	0.0939	0.6765	0.5289	0.1209	0.1016	0.0965	0.0936	0.0924	0.0940	0.6519	0.1229	0.0906	0.0898	0.0916	0.0905	0.0910	0.0916	0.4367	0.0898	0.0890	0.0912	0.0906	0.0939	0.0933	0.0897	0.0955	0.0886	0.0891	0.0923	0.0905	0.0880	0.0897	0.0922	0.0949	0.0898	0.0886	0.0903	0.0917	0.0909	0.0922	0.0922	
0.7730	0.7568	0.7684	0.7743	0.4925	0.1917	0.1395	0.1193	0.6862	0.7136	0.2492	0.1318	0.1110	0.1028	0.1005	0.0973	0.6664	0.6797	0.2718	0.1435	0.1084	0.0990	0.0987	0.0945	0.6741	0.5528	0.1230	0.1023	0.0976	0.0952	0.0940	0.0942	0.6692	0.1323	0.0915	0.0899	0.0926	0.0916	0.0920	0.0920	0.4597	0.0902	0.0898	0.0900	0.0900	0.0893	0.0890	0.0900	0.0973	0.0874	0.0894	0.0903	0.0921	0.0885	0.0911	0.0909	0.0921	0.0902	0.0902	0.0944	0.0940	0.0898	0.0903	0.0942	
0.7754	0.7586	0.7615	0.7706	0.4968	0.1965	0.1409	0.1206	0.6899	0.7154	0.2568	0.1333	0.1120	0.1024	0.1011	0.0972	0.6660	0.6835	0.2790	0.1467	0.1084	0.0992	0.0988	0.0948	0.6753	0.5828	0.1258	0.1022	0.0978	0.0954	0.0928	0.0943	0.6761	0.1397	0.0898	0.0891	0.0925	0.0918	0.0921	0.0922	0.4892	0.0915	0.0909	0.0912	0.0908	0.0920	0.0905	0.0916	0.0983	0.0892	0.0913	0.0919	0.0901	0.0929	0.0934	0.0931	0.0926	0.0908	0.0910	0.0940	0.0909	0.0911	0.0895	0.0946	
0.7784	0.7654	0.7681	0.7823	0.5249	0.2018	0.1474	0.1200	0.6886	0.7224	0.2685	0.1358	0.1124	0.1028	0.1010	0.0975	0.6679	0.6847	0.2891	0.1513	0.1093	0.1001	0.0978	0.0946	0.6799	0.6115	0.1301	0.1027	0.0975	0.0949	0.0926	0.0936	0.6840	0.1509	0.0908	0.0884	0.0921	0.0913	0.0918	0.0927	0.5139	0.0894	0.0886	0.0914	0.0933	0.0905	0.0881	0.0922	0.0980	0.0905	0.0904	0.0928	0.0922	0.0887	0.0939	0.0917	0.0921	0.0903	0.0910	0.0910	0.0893	0.0917	0.0912	0.0925	
0.7811	0.7633	0.7668	0.7825	0.5570	0.2105	0.1450	0.1230	0.6846	0.7201	0.2820	0.1393	0.1147	0.1023	0.1010	0.0965	0.6621	0.6857	0.2974	0.1539	0.1104	0.1004	0.0990	0.0955	0.6753	0.6348	0.1317	0.1034	0.0987	0.0953	0.0937	0.0930	0.6835	0.1619	0.0895	0.0888	0.0924	0.0917	0.0918	0.0931	0.5431	0.0946	0.0908	0.0891	0.0922	0.0909	0.0909	0.0929	0.1002	0.0915	0.0928	0.0906	0.0915	0.0903	0.0933	0.0916	0.0940	0.0892	0.0926	0.0919	0.0928	0.0910	0.0916	0.0936	
0.7860	0.7691	0.7648	0.7849	0.5692	0.2148	0.1521	0.1255	0.6878	0.7219	0.2967	0.1407	0.1146	0.1040	0.1024	0.0971	0.6689	0.6884	0.3050	0.1588	0.1107	0.0999	0.0981	0.0946	0.6758	0.6523	0.1367	0.1036	0.0990	0.0956	0.0928	0.0942	0.6868	0.1773	0.0911	0.0897	0.0919	0.0912	0.0919	0.0913	0.5599	0.0883	0.0886	0.0897	0.0887	0.0918	0.0930	0.0904	0.1013	0.0885	0.0918	0.0901	0.0908	0.0954	0.0948	0.0917	0.0938	0.0893	0.0874	0.0938	0.0911	0.0942	0.0944	0.1020	
0.7834	0.7659	0.7723	0.7807	0.5766	0.2173	0.1505	0.1242	0.6924	0.7214	0.3018	0.1421	0.1125	0.1031	0.1019	0.0976	0.6616	0.6878	0.3136	0.1608	0.1085	0.0999	0.0980	0.0934	0.6728	0.6647	0.1414	0.1044	0.0968	0.0938	0.0930	0.0926	0.6811	0.1994	0.0912	0.0896	0.0901	0.0889	0.0905	0.0912	0.5791	0.0925	0.0885	0.0905	0.0899	0.0897	0.0882	0.0889	0.1023	0.0954	0.0902	0.0874	0.0883	0.0895	0.0901	0.0900	0.0915	0.0958	0.0927	0.0910	0.0898	0.0895	0.0919	0.0913	
0.7883	0.7739	0.7777	0.7900	0.6012	0.2290	0.1544	0.1256	0.6911	0.7183	0.3231	0.1444	0.1176	0.1058	0.1022	0.0974	0.6690	0.6924	0.3314	0.1662	0.1134	0.1023	0.0977	0.0954	0.6813	0.6845	0.1463	0.1062	0.0998	0.0965	0.0941	0.0939	0.6860	0.2232	0.0918	0.0900	0.0926	0.0923	0.0918	0.0920	0.5990	0.0896	0.0892	0.0873	0.0889	0.0868	0.0874	0.0888	0.1039	0.0877	0.0894	0.0889	0.0891	0.0899	0.0898	0.0908	0.0919	0.0889	0.0879	0.0901	0.0897	0.0902	0.0877	0.0923	
0.7922	0.7704	0.7831	0.7841	0.6201	0.2340	0.1573	0.1272	0.7010	0.7251	0.3351	0.1483	0.1184	0.1060	0.1042	0.0990	0.6655	0.6961	0.3430	0.1718	0.1121	0.1028	0.0993	0.0963	0.6776	0.6812	0.1526	0.1072	0.0980	0.0963	0.0945	0.0950	0.6867	0.2480	0.0919	0.0906	0.0921	0.0924	0.0915	0.0913	0.6149	0.0917	0.0896	0.0898	0.0926	0.0898	0.0898	0.0897	0.1094	0.0908	0.0929	0.0900	0.0922	0.0903	0.0919	0.0941	0.0933	0.0907	0.0896	0.0916	0.0907	0.0895	0.0912	0.0919	
0.7961	0.7778	0.7941	0.7943	0.6631	0.2450	0.1594	0.1279	0.7016	0.7305	0.3548	0.1515	0.1204	0.1067	0.1054	0.0992	0.6716	0.6947	0.3562	0.1785	0.1166	0.1046	0.1011	0.0966	0.6833	0.6895	0.1584	0.1101	0.1013	0.0990	0.0961	0.0946	0.6927	0.2743	0.0934	0.0916	0.0949	0.0934	0.0917	0.0920	0.6203	0.0879	0.0875	0.0876	0.0871	0.0926	0.0912	0.0872	0.1114	0.0853	0.0877	0.0872	0.0869	0.0904	0.0927	0.0903	0.0909	0.0878	0.0870	0.0877	0.0888	0.0881	0.0895	0.0915	
0.7950	0.7737	0.7752	0.7884	0.6773	0.2498	0.1636	0.1300	0.7027	0.7340	0.3713	0.1507	0.1200	0.1060	0.1028	0.0974	0.6721	0.6980	0.3684	0.1806	0.1160	0.1039	0.1017	0.0954	0.6817	0.6925	0.1674	0.1093	0.1006	0.0965	0.0926	0.0947	0.6945	0.3025	0.0922	0.0894	0.0930	0.0912	0.0917	0.0932	0.6182	0.0935	0.0939	0.0913	0.0892	0.0901	0.0925	0.0910	0.1164	0.0881	0.0902	0.0902	0.0916	0.0899	0.0929	0.0944	0.0930	0.0902	0.0900	0.0904	0.0904	0.0905	0.0933	0.0990	
0.8001	0.7724	0.7771	0.7869	0.6627	0.2561	0.1667	0.1281	0.7013	0.7284	0.3809	0.1541	0.1202	0.1073	0.1016	0.0986	0.6679	0.6918	0.3873	0.1845	0.1158	0.1025	0.0982	0.0934	0.6761	0.6870	0.1759	0.1095	0.0982	0.0954	0.0943	0.0935	0.6830	0.3241	0.0907	0.0890	0.0903	0.0901	0.0929	0.0918	0.6251	0.0919	0.0894	0.0936	0.0933	0.0907	0.0880	0.0905	0.1233	0.0887	0.0901	0.0899	0.0886	0.0948	0.0908	0.0932	0.0949	0.0895	0.0909	0.0887	0.0946	0.0896	0.0915	0.0945	
0.8061	0.7824	0.7881	0.7970	0.7111	0.2670	0.1705	0.1314	0.7054	0.7365	0.4039	0.1550	0.1217	0.1079	0.1039	0.0990	0.6738	0.7048	0.3894	0.1864	0.1177	0.1040	0.0993	0.0942	0.6859	0.6948	0.1800	0.1083	0.0997	0.0956	0.0930	0.0936	0.6951	0.3610	0.0902	0.0876	0.0905	0.0895	0.0902	0.0894	0.6258	0.0916	0.0904	0.0911	0.0898	0.0924	0.0887	0.0891	0.1367	0.0901	0.0912	0.0904	0.0934	0.0910	0.0930	0.0908	0.0951	0.0902	0.0915	0.0910	0.0917	0.0913	0.0906	0.0939	
0.8037	0.7773	0.7867	0.7937	0.7262	0.2729	0.1694	0.1350	0.7072	0.7349	0.4178	0.1601	0.1245	0.1079	0.1048	0.0991	0.6736	0.7029	0.4098	0.1957	0.1218	0.1042	0.1008	0.0957	0.6825	0.6916	0.1906	0.1122	0.1026	0.0961	0.0935	0.0935	0.6904	0.3826	0.0909	0.0902	0.0929	0.0913	0.0906	0.0899	0.6226	0.0907	0.0870	0.0907	0.0889	0.0892	0.0884	0.0898	0.1397	0.0899	0.0884	0.0911	0.0903	0.0913	0.0894	0.0895	0.0960	0.0882	0.0874	0.0909	0.0904	0.0911	0.0900	0.0938	
0.8125	0.7878	0.7853	0.7994	0.7454	0.2863	0.1787	0.1360	0.7125	0.7409	0.4377	0.1642	0.1283	0.1101	0.1069	0.1011	0.6758	0.7073	0.4153	0.2023	0.1242	0.1073	0.1020	0.0977	0.6862	0.7007	0.2037	0.1161	0.1032	0.0975	0.0949	0.0951	0.6899	0.4132	0.0930	0.0913	0.0922	0.0916	0.0918	0.0915	0.6280	0.0910	0.0902	0.0898	0.0919	0.0905	0.0912	0.0940	0.1510	0.0884	0.0888	0.0892	0.0910	0.0890	0.0930	0.0923	0.0977	0.0875	0.0905	0.0898	0.0894	0.0909	0.0898	0.0937	
0.8190	0.7904	0.7927	0.8050	0.7523	0.2996	0.1866	0.1395	0.7041	0.7405	0.4628	0.1659	0.1276	0.1100	0.1053	0.1014	0.6804	0.7083	0.4409	0.2053	0.1249	0.1077	0.1015	0.0966	0.6904	0.6972	0.2088	0.1159	0.1034	0.0977	0.0943	0.0950	0.6967	0.4507	0.0926	0.0896	0.0926	0.0920	0.0918	0.0918	0.6326	0.0945	0.0892	0.0920	0.0921	0.0927	0.0923	0.0938	0.1660	0.0887	0.0919	0.0903	0.0905	0.0933	0.0902	0.0939	0.0992	0.0886	0.0905	0.0950	0.0903	0.0934	0.0905	0.0959	
0.8233	0.7855	0.7847	0.8024	0.7585	0.3068	0.1871	0.1399	0.7185	0.7399	0.4756	0.1708	0.1302	0.1111	0.1079	0.1012	0.6807	0.7088	0.4537	0.2131	0.1277	0.1094	0.1034	0.0969	0.6834	0.6922	0.2190	0.1180	0.1046	0.0995	0.0954	0.0956	0.6941	0.4669	0.0935	0.0905	0.0928	0.0918	0.0915	0.0917	0.6300	0.0912	0.0891	0.0884	0.0873	0.0905	0.0891	0.0935	0.1849	0.0908	0.0900	0.0883	0.0910	0.0894	0.0926	0.0906	0.0991	0.0888	0.0907	0.0909	0.0907	0.0897	0.0909	0.0920	
0.8268	0.7855	0.7967	0.8076	0.7635	0.3192	0.1925	0.1398	0.7144	0.7395	0.4914	0.1747	0.1334	0.1135	0.1075	0.1023	0.6805	0.7118	0.4673	0.2218	0.1296	0.1104	0.1026	0.0986	0.6899	0.6959	0.2307	0.1200	0.1060	0.0995	0.0954	0.0956	0.6955	0.5012	0.0930	0.0902	0.0924	0.0922	0.0917	0.0908	0.6231	0.0907	0.0862	0.0873	0.0851	0.0888	0.0884	0.0889	0.2058	0.0886	0.0865	0.0873	0.0874	0.0905	0.0889	0.0893	0.0997	0.0856	0.0867	0.0883	0.0881	0.0898	0.0885	0.0904	
0.8323	0.7929	0.8060	0.8077	0.7722	0.3313	0.1989	0.1446	0.7265	0.7485	0.5132	0.1771	0.1343	0.1141	0.1097	0.1020	0.6875	0.7143	0.4865	0.2219	0.1318	0.1110	0.1065	0.0988	0.6913	0.7039	0.2383	0.1210	0.1059	0.1000	0.0964	0.0960	0.6955	0.5290	0.0939	0.0905	0.0932	0.0934	0.0923	0.0918	0.6293	0.0915	0.0910	0.0891	0.0892	0.0898	0.0907	0.0924	0.2302	0.0887	0.0912	0.0886	0.0911	0.0926	0.0916	0.0909	0.1034	0.0885	0.0900	0.0900	0.0923	0.0895	0.0901	0.0946	
0.8401	0.7938	0.8027	0.8105	0.7555	0.3433	0.2030	0.1460	0.7259	0.7522	0.5396	0.1795	0.1366	0.1143	0.1095	0.1034	0.6884	0.7224	0.5075	0.2300	0.1348	0.1115	0.1045	0.0998	0.6900	0.7035	0.2463	0.1222	0.1076	0.1011	0.0967	0.0962	0.6977	0.5640	0.0936	0.0911	0.0931	0.0933	0.0928	0.0911	0.6260	0.0890	0.0871	0.0878	0.0883	0.0881	0.0880	0.0883	0.2477	0.0893	0.0877	0.0873	0.0885	0.0893	0.0886	0.0899	0.1030	0.0884	0.0884	0.0906	0.0892	0.0870	0.0891	0.0934	
0.8422	0.7996	0.8030	0.8114	0.7699	0.3560	0.2050	0.1486	0.7237	0.7544	0.5585	0.1853	0.1376	0.1155	0.1097	0.1027	0.6893	0.7253	0.5270	0.2347	0.1365	0.1118	0.1047	0.0976	0.6906	0.7133	0.2601	0.1232	0.1083	0.1005	0.0964	0.0965	0.7030	0.5924	0.0942	0.0907	0.0929	0.0922	0.0923	0.0918	0.6391	0.0941	0.0892	0.0907	0.0889	0.0921	0.0898	0.0918	0.2832	0.0904	0.0916	0.0921	0.0933	0.0910	0.0923	0.0928	0.1074	0.0918	0.0933	0.0934	0.0910	0.0902	0.0907	0.0944	
0.8501	0.7990	0.8039	0.8169	0.7765	0.3710	0.2132	0.1487	0.7286	0.7546	0.5813	0.1905	0.1398	0.1170	0.1106	0.1034	0.6950	0.7211	0.5419	0.2436	0.1399	0.1142	0.1056	0.0987	0.6973	0.7034	0.2765	0.1276	0.1093	0.1026	0.0961	0.0970	0.7010	0.6099	0.0949	0.0908	0.0933	0.0939	0.0914	0.0906	0.6338	0.0922	0.0876	0.0914	0.0936	0.0954	0.0936	0.0933	0.3075	0.0894	0.0920	0.0929	0.0945	0.0961	0.0951	0.0951	0.1115	0.0891	0.0903	0.0918	0.0930	0.0960	0.0944	0.0944	
0.8510	0.7942	0.8067	0.8136	0.7529	0.3815	0.2177	0.1518	0.7331	0.7546	0.6021	0.1940	0.1416	0.1186	0.1125	0.1037	0.6930	0.7272	0.5448	0.2499	0.1426	0.1162	0.1065	0.0996	0.6931	0.7131	0.2787	0.1285	0.1099	0.1030	0.0967	0.0972	0.7009	0.6286	0.0950	0.0909	0.0933	0.0938	0.0917	0.0915	0.6358	0.0935	0.0886	0.0928	0.0919	0.0914	0.0918	0.0887	0.3294	0.0870	0.0908	0.0914	0.0925	0.0913	0.0944	0.0894	0.1158	0.0892	0.0893	0.0931	0.0927	0.0927	0.0925	0.0917	
