0.0878	0.0898	0.0892	0.0886	0.0906	0.0906	0.0959	0.0988	0.0899	0.0906	0.0901	0.0887	0.0893	0.0896	0.0967	0.1017	0.0866	0.0890	0.0874	0.0874	0.0880	0.0905	0.0960	0.1079	0.0874	0.0891	0.0878	0.0892	0.0883	0.0900	0.1013	0.1021	0.0864	0.0884	0.0881	0.0888	0.0884	0.0893	0.0892	0.0937	0.0907	0.0908	0.0923	0.0871	0.0877	0.0890	0.0936	0.0984	0.0864	0.0894	0.0881	0.0880	0.0879	0.0891	0.0879	0.0920	0.1166	0.0883	0.0888	0.0892	0.0881	0.0917	0.0925	0.0914	
0.0883	0.0886	0.0883	0.0887	0.0900	0.0887	0.0947	0.0995	0.0882	0.0890	0.0873	0.0885	0.0899	0.0895	0.0979	0.1078	0.0871	0.0897	0.0880	0.0884	0.0889	0.0893	0.0964	0.1087	0.0881	0.0877	0.0872	0.0887	0.0873	0.0890	0.0996	0.1052	0.0863	0.0884	0.0883	0.0885	0.0888	0.0889	0.0896	0.0968	0.0874	0.0883	0.0883	0.0880	0.0886	0.0890	0.0895	0.0929	0.0855	0.0884	0.0877	0.0884	0.0876	0.0884	0.0882	0.0897	0.0880	0.0880	0.0875	0.0886	0.0878	0.0889	0.0891	0.0894	
0.0889	0.0890	0.0883	0.0889	0.0905	0.0890	0.1083	0.1004	0.0873	0.0886	0.0870	0.0874	0.0886	0.0885	0.0980	0.1091	0.0864	0.0888	0.0873	0.0881	0.0875	0.0895	0.0983	0.1118	0.0874	0.0873	0.0874	0.0890	0.0880	0.0892	0.1011	0.1081	0.0862	0.0879	0.0880	0.0889	0.0882	0.0900	0.0910	0.0986	0.0878	0.0877	0.0880	0.0878	0.0879	0.0891	0.0903	0.0937	0.0860	0.0886	0.0880	0.0889	0.0891	0.0885	0.0888	0.0905	0.0881	0.0884	0.0886	0.0884	0.0877	0.0895	0.0892	0.0897	
0.0887	0.0889	0.0881	0.0887	0.0902	0.0886	0.0998	0.1011	0.0875	0.0882	0.0870	0.0879	0.0885	0.0934	0.0981	0.1106	0.0862	0.0888	0.0877	0.0871	0.0875	0.0899	0.0992	0.1134	0.0876	0.0876	0.0873	0.0891	0.0879	0.0899	0.1016	0.1091	0.0860	0.0880	0.0885	0.0885	0.0883	0.0903	0.0916	0.0996	0.0878	0.0882	0.0882	0.0887	0.0874	0.0891	0.0898	0.0940	0.0855	0.0886	0.0884	0.0890	0.0882	0.0888	0.0892	0.0905	0.0881	0.0884	0.0884	0.0885	0.0872	0.0892	0.0891	0.0896	
0.0889	0.0885	0.0875	0.0885	0.0902	0.0887	0.1068	0.1004	0.0871	0.0884	0.0866	0.0880	0.0884	0.0888	0.0988	0.1109	0.0866	0.0889	0.0873	0.0873	0.0868	0.0912	0.0993	0.1136	0.0868	0.0876	0.0871	0.0889	0.0875	0.0896	0.1170	0.1091	0.0859	0.0877	0.0884	0.0883	0.0881	0.0903	0.0913	0.0996	0.0875	0.0875	0.0874	0.0877	0.0870	0.0891	0.0899	0.0956	0.0852	0.0883	0.0879	0.0890	0.0884	0.0878	0.0884	0.0898	0.0876	0.0878	0.0881	0.0882	0.0877	0.0892	0.0889	0.0894	
0.0883	0.0887	0.0878	0.0885	0.0899	0.0885	0.0968	0.1000	0.0876	0.0883	0.0867	0.0888	0.0883	0.0890	0.1125	0.1109	0.0858	0.0937	0.0870	0.0874	0.0871	0.0921	0.0990	0.1457	0.0876	0.0873	0.0868	0.0890	0.0875	0.0924	0.1216	0.1096	0.0857	0.0885	0.0881	0.0889	0.0884	0.0917	0.0909	0.0986	0.0872	0.0890	0.0877	0.0875	0.0874	0.0889	0.0897	0.0944	0.0855	0.0882	0.0874	0.0889	0.0883	0.0880	0.0885	0.0903	0.0878	0.0882	0.0880	0.0886	0.0873	0.0889	0.0890	0.0892	
0.0888	0.0889	0.0884	0.0894	0.0906	0.0895	0.1035	0.1003	0.0880	0.0886	0.0876	0.0890	0.0889	0.0897	0.0992	0.1113	0.0877	0.0892	0.0875	0.0878	0.0876	0.0906	0.0991	0.1170	0.0878	0.0879	0.0873	0.0891	0.0880	0.0942	0.1014	0.1096	0.0861	0.0883	0.0880	0.0893	0.0888	0.0902	0.0916	0.0980	0.0882	0.0886	0.0880	0.0879	0.0882	0.0897	0.0903	0.0939	0.0865	0.0945	0.0882	0.0891	0.0885	0.0882	0.0890	0.0906	0.0885	0.0882	0.0884	0.0891	0.0877	0.0892	0.0895	0.0898	
0.0886	0.0887	0.0884	0.0888	0.0902	0.0889	0.0988	0.0992	0.0873	0.0884	0.0870	0.0892	0.0885	0.0894	0.1268	0.1108	0.0870	0.0927	0.0876	0.0878	0.0871	0.0913	0.0990	0.1154	0.0876	0.0881	0.0873	0.0893	0.0877	0.0913	0.1020	0.1103	0.0870	0.0885	0.0881	0.0880	0.0883	0.0898	0.0912	0.0989	0.0877	0.0880	0.0882	0.0880	0.0877	0.0893	0.0897	0.0945	0.0867	0.0892	0.0877	0.0889	0.0884	0.0884	0.0884	0.0899	0.0874	0.0884	0.0885	0.0882	0.0873	0.0891	0.0891	0.0887	
0.0889	0.0891	0.0885	0.0896	0.0906	0.0897	0.0977	0.0999	0.0878	0.0891	0.0878	0.0891	0.0889	0.0896	0.1050	0.1118	0.0874	0.0894	0.0882	0.0879	0.0879	0.0904	0.0997	0.1112	0.0883	0.0882	0.0877	0.0894	0.0881	0.0902	0.1072	0.1099	0.0866	0.0889	0.0885	0.0893	0.0887	0.0902	0.0916	0.1047	0.0880	0.0890	0.0885	0.0885	0.0881	0.0899	0.0907	0.0944	0.0870	0.0890	0.0884	0.0893	0.0892	0.0889	0.0894	0.0901	0.0882	0.0891	0.0889	0.0893	0.0887	0.0900	0.0895	0.0902	
0.0889	0.0887	0.0882	0.0894	0.0904	0.0892	0.0971	0.0992	0.0878	0.0886	0.0871	0.0899	0.0887	0.0893	0.1025	0.1113	0.0867	0.0891	0.0878	0.0877	0.0880	0.0914	0.0991	0.1112	0.0879	0.0879	0.0876	0.0890	0.0880	0.0907	0.1030	0.1095	0.0866	0.0881	0.0880	0.0890	0.0885	0.0898	0.0913	0.0979	0.0881	0.0884	0.0880	0.0883	0.0875	0.0894	0.0899	0.0950	0.0865	0.0889	0.0884	0.0892	0.0886	0.0893	0.0891	0.0900	0.0883	0.0889	0.0886	0.0886	0.0878	0.0894	0.0896	0.0897	
0.0895	0.0890	0.0884	0.0894	0.0902	0.0898	0.1033	0.0991	0.0879	0.0893	0.0878	0.0893	0.0890	0.0914	0.1002	0.1108	0.0868	0.0893	0.0877	0.0882	0.0883	0.0902	0.0993	0.1119	0.0878	0.0887	0.0883	0.0894	0.0884	0.0905	0.1013	0.1101	0.0869	0.0890	0.0887	0.0897	0.0888	0.0913	0.0918	0.0976	0.0877	0.0887	0.0887	0.0889	0.0885	0.0908	0.0900	0.0962	0.0870	0.0904	0.0887	0.0898	0.0894	0.0891	0.0898	0.0907	0.0886	0.0888	0.0896	0.0890	0.0880	0.0900	0.0899	0.0900	
0.0895	0.0892	0.0890	0.0900	0.0907	0.0900	0.1113	0.0986	0.0882	0.0891	0.0877	0.0903	0.0891	0.0900	0.1007	0.1107	0.0870	0.0891	0.0879	0.0881	0.0880	0.0896	0.0985	0.1301	0.0881	0.0884	0.0882	0.0892	0.0876	0.0904	0.1103	0.1091	0.0872	0.0892	0.0888	0.0895	0.0886	0.0906	0.0914	0.0992	0.0880	0.0890	0.0888	0.0887	0.0890	0.0901	0.0907	0.0947	0.0863	0.0892	0.0887	0.0895	0.0893	0.0889	0.0895	0.0907	0.0887	0.0892	0.0892	0.0890	0.0880	0.0901	0.0900	0.0905	
0.0896	0.0897	0.0888	0.0897	0.0910	0.0901	0.1018	0.0992	0.0881	0.0891	0.0877	0.0900	0.0898	0.0896	0.1114	0.1107	0.0874	0.0896	0.0882	0.0879	0.0884	0.0907	0.0988	0.1136	0.0886	0.0885	0.0881	0.0899	0.0885	0.0907	0.1004	0.1093	0.0869	0.0887	0.0885	0.0897	0.0890	0.0904	0.0923	0.0983	0.0886	0.0890	0.0893	0.0885	0.0889	0.0904	0.0905	0.0943	0.0873	0.0901	0.0885	0.0897	0.0894	0.0895	0.0894	0.0905	0.0886	0.0897	0.0891	0.0896	0.0888	0.0901	0.0903	0.0905	
0.0899	0.0899	0.0895	0.0900	0.0908	0.0898	0.0967	0.0982	0.0884	0.0893	0.0877	0.0894	0.0896	0.0905	0.0990	0.1108	0.0870	0.0891	0.0877	0.0883	0.0883	0.0899	0.0993	0.1103	0.0882	0.0879	0.0879	0.0896	0.0882	0.0906	0.1142	0.1091	0.0871	0.0886	0.0893	0.0896	0.0894	0.0908	0.0918	0.0976	0.0890	0.0894	0.0891	0.0891	0.0889	0.0916	0.0908	0.0982	0.0871	0.0888	0.0887	0.0893	0.0891	0.0894	0.0943	0.0922	0.0885	0.0893	0.0898	0.0895	0.0882	0.0899	0.0897	0.0905	
0.0902	0.0900	0.0895	0.0905	0.0914	0.0900	0.0991	0.0992	0.0891	0.0894	0.0889	0.0906	0.0897	0.0901	0.1041	0.1163	0.0875	0.0897	0.0884	0.0889	0.0886	0.0917	0.0993	0.1117	0.0885	0.0886	0.0887	0.0897	0.0886	0.0903	0.1069	0.1094	0.0872	0.0890	0.0891	0.0900	0.0893	0.0913	0.0916	0.0990	0.0884	0.0897	0.0895	0.0894	0.0893	0.0904	0.0905	0.0939	0.0871	0.0900	0.0896	0.0899	0.0904	0.0894	0.0899	0.0907	0.0897	0.0896	0.0899	0.0895	0.0889	0.0904	0.0906	0.0908	
0.0913	0.0899	0.0896	0.0901	0.0913	0.0904	0.1101	0.0980	0.0885	0.0891	0.0881	0.0898	0.0893	0.0899	0.0979	0.1103	0.0881	0.0900	0.0885	0.0885	0.0887	0.0903	0.0986	0.1112	0.0884	0.0884	0.0883	0.0901	0.0886	0.0903	0.0998	0.1093	0.0874	0.0887	0.0888	0.0898	0.0888	0.0909	0.0915	0.0971	0.0886	0.0899	0.0894	0.0892	0.0887	0.0911	0.0910	0.0948	0.0874	0.0952	0.0892	0.0899	0.0896	0.0894	0.0902	0.0908	0.0895	0.0902	0.0899	0.0897	0.0889	0.0912	0.0909	0.0909	
0.0911	0.0905	0.0896	0.0905	0.0914	0.0903	0.0962	0.0982	0.0885	0.0905	0.0879	0.0897	0.0893	0.0901	0.1043	0.1110	0.0884	0.0899	0.0890	0.0885	0.0884	0.0905	0.0986	0.1090	0.0880	0.0887	0.0888	0.0900	0.0883	0.0901	0.1010	0.1107	0.0868	0.0891	0.0886	0.0896	0.0897	0.0904	0.0919	0.0969	0.0893	0.0894	0.0891	0.0888	0.0891	0.0902	0.0897	0.0945	0.0876	0.0943	0.0893	0.0903	0.0900	0.0894	0.0904	0.0905	0.0889	0.0894	0.0891	0.0894	0.0889	0.0905	0.0899	0.0902	
0.0916	0.0910	0.0897	0.0909	0.0916	0.0909	0.1056	0.0979	0.0888	0.0896	0.0889	0.0913	0.0899	0.0904	0.0980	0.1118	0.0877	0.0906	0.0887	0.0888	0.0890	0.0910	0.0979	0.1152	0.0884	0.0885	0.0888	0.0897	0.0888	0.0910	0.1002	0.1088	0.0877	0.0892	0.0894	0.0895	0.0894	0.0907	0.0915	0.0974	0.0888	0.0896	0.0892	0.0893	0.0893	0.0908	0.0905	0.0963	0.0872	0.0900	0.0889	0.0898	0.0899	0.0896	0.0897	0.0906	0.0894	0.0896	0.0896	0.0896	0.0886	0.0902	0.0906	0.0903	
0.0920	0.0913	0.0905	0.0916	0.0921	0.0907	0.1025	0.0975	0.0888	0.0901	0.0884	0.0902	0.0899	0.0908	0.0975	0.1110	0.0878	0.0901	0.0886	0.0886	0.0888	0.0908	0.0988	0.1198	0.0889	0.0890	0.0888	0.0906	0.0892	0.0909	0.1007	0.1082	0.0875	0.0891	0.0892	0.0902	0.0896	0.0909	0.0921	0.0970	0.0890	0.0896	0.0895	0.0894	0.0894	0.0907	0.0910	0.0997	0.0872	0.0897	0.0892	0.0905	0.0895	0.0893	0.0907	0.0908	0.0898	0.0900	0.0895	0.0903	0.0891	0.0910	0.0905	0.0910	
0.0926	0.0915	0.0910	0.0914	0.0922	0.0913	0.1008	0.0977	0.0895	0.0903	0.0883	0.0904	0.0901	0.0908	0.0977	0.1102	0.0886	0.0903	0.0885	0.0891	0.0892	0.0906	0.0985	0.1104	0.0892	0.0891	0.0891	0.0905	0.0895	0.0913	0.0999	0.1092	0.0879	0.0897	0.0895	0.0900	0.0901	0.0910	0.0916	0.0969	0.0895	0.0899	0.0898	0.0897	0.0895	0.0920	0.0912	0.0953	0.0881	0.0903	0.0895	0.0905	0.0902	0.0895	0.0908	0.0906	0.0896	0.0897	0.0901	0.0903	0.0897	0.0909	0.0911	0.0912	
0.0932	0.0924	0.0910	0.0935	0.0937	0.0920	0.0999	0.0982	0.0901	0.0901	0.0891	0.0906	0.0905	0.0911	0.0985	0.1138	0.0885	0.0901	0.0893	0.0894	0.0894	0.0906	0.0986	0.1096	0.0895	0.0892	0.0892	0.0909	0.0898	0.0908	0.1007	0.1108	0.0879	0.0895	0.0897	0.0903	0.0900	0.0915	0.0922	0.0975	0.0894	0.0903	0.0894	0.0896	0.0897	0.0908	0.0902	0.0947	0.0884	0.0897	0.0894	0.0901	0.0906	0.0901	0.0910	0.0914	0.0897	0.0899	0.0898	0.0905	0.0892	0.0915	0.0911	0.0914	
0.0949	0.0930	0.0913	0.0929	0.0935	0.0917	0.1066	0.0981	0.0899	0.0903	0.0890	0.0913	0.0907	0.0912	0.0981	0.1113	0.0886	0.0906	0.0892	0.0891	0.0898	0.0914	0.0990	0.1089	0.0898	0.0899	0.0891	0.0910	0.0899	0.0914	0.1000	0.1080	0.0880	0.0902	0.0897	0.0908	0.0900	0.0918	0.0921	0.0978	0.0902	0.0903	0.0899	0.0913	0.0906	0.0923	0.0915	0.0978	0.0883	0.0902	0.0904	0.0909	0.0912	0.0904	0.0908	0.0922	0.0898	0.0903	0.0909	0.0902	0.0896	0.0909	0.0913	0.0917	
0.0947	0.0931	0.0914	0.0927	0.0935	0.0923	0.0979	0.0973	0.0900	0.0901	0.0894	0.0908	0.0905	0.0907	0.0975	0.1118	0.0885	0.0906	0.0890	0.0894	0.0896	0.0909	0.0978	0.1118	0.0898	0.0899	0.0897	0.0911	0.0896	0.0910	0.1005	0.1080	0.0884	0.0900	0.0901	0.0916	0.0903	0.0922	0.0924	0.0979	0.0900	0.0901	0.0899	0.0898	0.0902	0.0927	0.0915	0.0952	0.0882	0.0906	0.0898	0.0906	0.0906	0.0904	0.0913	0.0911	0.0898	0.0901	0.0903	0.0903	0.0897	0.0913	0.0913	0.0916	
0.0959	0.0941	0.0926	0.0934	0.0943	0.0922	0.0976	0.0976	0.0902	0.0907	0.0894	0.0915	0.0908	0.0914	0.1066	0.1139	0.0886	0.0908	0.0898	0.0893	0.0901	0.0913	0.0985	0.1202	0.0900	0.0896	0.0898	0.0911	0.0901	0.0912	0.1001	0.1083	0.0884	0.0905	0.0897	0.0910	0.0900	0.0920	0.0923	0.0988	0.0899	0.0903	0.0903	0.0902	0.0911	0.0922	0.0928	0.0970	0.0881	0.0908	0.0899	0.0905	0.0905	0.0905	0.0911	0.0914	0.0901	0.0901	0.0904	0.0907	0.0896	0.0913	0.0909	0.0919	
0.0968	0.0944	0.0929	0.0939	0.0947	0.0932	0.0970	0.0971	0.0907	0.0909	0.0893	0.0918	0.0909	0.0949	0.0976	0.1148	0.0883	0.0906	0.0896	0.0899	0.0900	0.0906	0.0983	0.1089	0.0902	0.0897	0.0899	0.0914	0.0904	0.0914	0.0999	0.1094	0.0884	0.0899	0.0897	0.0906	0.0898	0.0916	0.0926	0.0962	0.0899	0.0907	0.0906	0.0904	0.0906	0.0924	0.0913	0.0953	0.0890	0.0903	0.0897	0.0912	0.0905	0.0901	0.0907	0.0912	0.0902	0.0904	0.0907	0.0909	0.0901	0.0921	0.0912	0.0915	
0.0983	0.0954	0.0935	0.0944	0.0953	0.0934	0.0960	0.0972	0.0909	0.0914	0.0897	0.0912	0.0912	0.0914	0.0989	0.1129	0.0888	0.0905	0.0903	0.0900	0.0904	0.0911	0.0999	0.1083	0.0902	0.0897	0.0900	0.0917	0.0902	0.0918	0.1001	0.1083	0.0889	0.0906	0.0899	0.0907	0.0902	0.0917	0.0917	0.0970	0.0907	0.0909	0.0905	0.0904	0.0908	0.0924	0.0923	0.0960	0.0885	0.0908	0.0904	0.0918	0.0910	0.0903	0.0918	0.0913	0.0909	0.0907	0.0905	0.0911	0.0901	0.0914	0.0918	0.0921	
0.1000	0.0970	0.0950	0.0953	0.0968	0.0936	0.1020	0.0977	0.0917	0.0914	0.0901	0.0923	0.0914	0.0928	0.0980	0.1146	0.0891	0.0986	0.0901	0.0902	0.0906	0.0928	0.0990	0.1091	0.0909	0.0905	0.0904	0.0916	0.0907	0.0920	0.1027	0.1112	0.0892	0.0909	0.0904	0.0915	0.0913	0.0924	0.0928	0.0976	0.0906	0.0910	0.0911	0.0908	0.0913	0.0932	0.0929	0.0960	0.0892	0.0910	0.0909	0.0912	0.0913	0.0906	0.0922	0.0922	0.0908	0.0910	0.0910	0.0912	0.0906	0.0920	0.0923	0.0923	
0.1015	0.0987	0.0957	0.0964	0.0975	0.0943	0.0996	0.0975	0.0922	0.0916	0.0904	0.0922	0.0914	0.0937	0.0978	0.1108	0.0896	0.0981	0.0905	0.0905	0.0910	0.0924	0.0982	0.1088	0.0911	0.0907	0.0909	0.0922	0.0915	0.0928	0.1020	0.1088	0.0898	0.0911	0.0912	0.0914	0.0912	0.0920	0.0926	0.0987	0.0910	0.0910	0.0907	0.0910	0.0913	0.0931	0.0922	0.0961	0.0891	0.0922	0.0910	0.0912	0.0919	0.0911	0.0918	0.0921	0.0913	0.0907	0.0915	0.0915	0.0905	0.0920	0.0922	0.0936	
0.1037	0.1001	0.0966	0.0978	0.0985	0.0947	0.0985	0.0978	0.0927	0.0925	0.0911	0.0925	0.0923	0.0928	0.0980	0.1146	0.0902	0.0930	0.0909	0.0907	0.0914	0.0929	0.0994	0.1094	0.0914	0.0905	0.0912	0.0922	0.0909	0.0926	0.1000	0.1076	0.0904	0.0914	0.0913	0.0923	0.0918	0.0921	0.0929	0.0981	0.0912	0.0913	0.0919	0.0913	0.0924	0.0930	0.0917	0.0968	0.0898	0.0916	0.0911	0.0919	0.0929	0.0913	0.0928	0.0934	0.0914	0.0913	0.0918	0.0913	0.0911	0.0936	0.0930	0.0931	
0.1055	0.1001	0.0977	0.0972	0.0988	0.0944	0.1032	0.0975	0.0976	0.0928	0.0910	0.0926	0.0927	0.0925	0.0977	0.1235	0.0900	0.0923	0.0912	0.0904	0.0913	0.0921	0.0990	0.1094	0.0917	0.0906	0.0907	0.0925	0.0913	0.0927	0.1017	0.1076	0.0908	0.0914	0.0912	0.0922	0.0913	0.0931	0.0928	0.0974	0.0913	0.0919	0.0919	0.0923	0.0915	0.0950	0.0926	0.0975	0.0897	0.0924	0.0917	0.0916	0.0925	0.0918	0.0927	0.0928	0.0917	0.0909	0.0912	0.0919	0.0913	0.0928	0.0931	0.0930	
0.1085	0.1016	0.0985	0.0990	0.0997	0.0954	0.0986	0.0975	0.0939	0.0920	0.0912	0.0925	0.0923	0.0927	0.0974	0.1184	0.0910	0.0974	0.0906	0.0910	0.0908	0.0923	0.0992	0.1073	0.0919	0.0905	0.0910	0.0918	0.0909	0.0920	0.0995	0.1090	0.0898	0.0912	0.0904	0.0916	0.0910	0.0924	0.0933	0.0971	0.0913	0.0919	0.0911	0.0922	0.0918	0.0934	0.0922	0.0996	0.0895	0.0921	0.0903	0.0913	0.0918	0.0913	0.0917	0.0914	0.0912	0.0911	0.0908	0.0920	0.0906	0.0923	0.0926	0.0928	
0.1113	0.1041	0.1003	0.1007	0.1014	0.0961	0.1018	0.0982	0.0947	0.0935	0.0923	0.0938	0.0936	0.0935	0.1085	0.1185	0.0917	0.0925	0.0916	0.0912	0.0916	0.0931	0.0994	0.1085	0.0931	0.0915	0.0913	0.0927	0.0921	0.0932	0.1011	0.1082	0.0910	0.0921	0.0914	0.0925	0.0923	0.0933	0.0937	0.0976	0.0917	0.0925	0.0918	0.0912	0.0917	0.0934	0.0924	0.0955	0.0900	0.0923	0.0914	0.0915	0.0922	0.0922	0.0928	0.0931	0.0922	0.0915	0.0919	0.0920	0.0916	0.0930	0.0931	0.0935	
0.1136	0.1059	0.1020	0.1020	0.1021	0.0968	0.0974	0.0988	0.0961	0.0935	0.0922	0.0938	0.0929	0.0948	0.1011	0.1129	0.0920	0.0929	0.0918	0.0918	0.0919	0.0984	0.0993	0.1079	0.0930	0.0910	0.0916	0.0925	0.0912	0.0924	0.1007	0.1079	0.0917	0.0921	0.0915	0.0924	0.0918	0.0937	0.0936	0.0977	0.0921	0.0924	0.0923	0.0920	0.0932	0.0940	0.0935	0.0978	0.0902	0.0923	0.0920	0.0917	0.0925	0.0919	0.0932	0.0925	0.0921	0.0917	0.0922	0.0924	0.0916	0.0932	0.0932	0.0938	
0.1169	0.1079	0.1029	0.1037	0.1034	0.0986	0.0985	0.0984	0.0969	0.0938	0.0926	0.0942	0.0927	0.0935	0.0981	0.1181	0.0926	0.0947	0.0919	0.0915	0.0923	0.0926	0.0987	0.1096	0.0943	0.0917	0.0921	0.0931	0.0919	0.0934	0.1000	0.1072	0.0920	0.0921	0.0914	0.0927	0.0919	0.0935	0.0938	0.0991	0.0933	0.0927	0.0924	0.0922	0.0925	0.0940	0.0930	0.1003	0.0908	0.0928	0.0919	0.0920	0.0920	0.0924	0.0932	0.0930	0.0932	0.0916	0.0918	0.0924	0.0916	0.0936	0.0936	0.0935	
0.1207	0.1106	0.1043	0.1050	0.1047	0.0988	0.0984	0.0986	0.0982	0.0945	0.0926	0.0940	0.0941	0.0941	0.1037	0.1122	0.0936	0.0991	0.0919	0.0919	0.0924	0.0949	0.1004	0.1088	0.0948	0.0916	0.0921	0.0934	0.0918	0.0935	0.1016	0.1131	0.0920	0.0923	0.0912	0.0929	0.0920	0.0934	0.0932	0.0995	0.0930	0.0927	0.0924	0.0928	0.0928	0.0945	0.0934	0.0960	0.0908	0.0924	0.0915	0.0920	0.0922	0.0922	0.0929	0.0930	0.0930	0.0921	0.0926	0.0928	0.0917	0.0936	0.0937	0.0939	
0.1247	0.1125	0.1065	0.1055	0.1062	0.0995	0.0989	0.0984	0.0995	0.0950	0.0930	0.0944	0.0944	0.0956	0.0988	0.1125	0.0944	0.0947	0.0926	0.0918	0.0923	0.0931	0.0997	0.1084	0.0954	0.0926	0.0923	0.0932	0.0919	0.0931	0.1029	0.1085	0.0926	0.0919	0.0912	0.0925	0.0921	0.0930	0.0939	0.0976	0.0938	0.0927	0.0921	0.0924	0.0934	0.0943	0.0928	0.0959	0.0909	0.0921	0.0934	0.0916	0.0932	0.0923	0.0937	0.0932	0.0930	0.0919	0.0923	0.0924	0.0923	0.0938	0.0939	0.0939	
0.1304	0.1166	0.1089	0.1086	0.1083	0.1009	0.0985	0.0985	0.1012	0.0955	0.0936	0.0945	0.0946	0.0979	0.1010	0.1121	0.0950	0.0984	0.0926	0.0922	0.0925	0.0933	0.0991	0.1081	0.0965	0.0925	0.0928	0.0931	0.0928	0.0940	0.1008	0.1082	0.0935	0.0925	0.0918	0.0927	0.0926	0.0943	0.0931	0.0993	0.0938	0.0927	0.0922	0.0922	0.0929	0.0939	0.0940	0.1011	0.0913	0.0931	0.0921	0.0926	0.0928	0.0937	0.0935	0.0934	0.0938	0.0929	0.0927	0.0928	0.0916	0.0937	0.0937	0.0945	
0.1360	0.1201	0.1118	0.1115	0.1104	0.1013	0.1010	0.0988	0.1023	0.0966	0.0937	0.0947	0.0944	0.0942	0.0989	0.1122	0.0958	0.0939	0.0931	0.0924	0.0927	0.0934	0.1032	0.1083	0.0969	0.0928	0.0923	0.0924	0.0924	0.0941	0.1005	0.1070	0.0940	0.0930	0.0917	0.0922	0.0925	0.0943	0.0939	0.0980	0.0941	0.0926	0.0926	0.0923	0.0927	0.0949	0.0942	0.0983	0.0915	0.0927	0.0923	0.0929	0.0930	0.0925	0.0937	0.0936	0.0936	0.0918	0.0919	0.0931	0.0920	0.0942	0.0944	0.0947	
0.1434	0.1235	0.1149	0.1128	0.1126	0.1023	0.1003	0.0996	0.1043	0.0975	0.0949	0.0952	0.0951	0.0948	0.1026	0.1113	0.0969	0.0954	0.0931	0.0926	0.0932	0.0940	0.1003	0.1111	0.0978	0.0931	0.0920	0.0933	0.0930	0.0938	0.1008	0.1075	0.0948	0.0934	0.0916	0.0929	0.0928	0.0945	0.0932	0.0991	0.0951	0.0934	0.0932	0.0928	0.0930	0.0937	0.0936	0.1029	0.0916	0.0931	0.0920	0.0924	0.0928	0.0929	0.0935	0.0944	0.0944	0.0917	0.0926	0.0933	0.0918	0.0940	0.0942	0.0944	
0.1494	0.1274	0.1162	0.1158	0.1144	0.1041	0.1016	0.0996	0.1071	0.0987	0.0957	0.0966	0.0951	0.0960	0.0992	0.1140	0.0978	0.0958	0.0937	0.0926	0.0931	0.0945	0.0993	0.1087	0.0996	0.0932	0.0925	0.0940	0.0932	0.0937	0.1005	0.1114	0.0953	0.0936	0.0924	0.0926	0.0928	0.0941	0.0944	0.1010	0.0981	0.0948	0.0954	0.0951	0.0970	0.0978	0.0959	0.0995	0.0948	0.0953	0.0950	0.0952	0.0951	0.0955	0.0965	0.0958	0.0972	0.0946	0.0948	0.0956	0.0945	0.0965	0.0969	0.0970	
0.1577	0.1329	0.1197	0.1185	0.1164	0.1049	0.1030	0.0995	0.1086	0.0983	0.0959	0.0957	0.0949	0.0997	0.0993	0.1156	0.0976	0.0980	0.0929	0.0917	0.0927	0.0927	0.0989	0.1067	0.1003	0.0929	0.0919	0.0922	0.0913	0.0925	0.1037	0.1101	0.0953	0.0926	0.0909	0.0923	0.0917	0.0934	0.0930	0.0966	0.0954	0.0926	0.0914	0.0910	0.0923	0.0946	0.0926	0.1038	0.0924	0.0928	0.0918	0.0917	0.0915	0.0924	0.0932	0.0931	0.0934	0.0910	0.0905	0.0916	0.0913	0.0928	0.0933	0.0939	
0.1677	0.1393	0.1246	0.1219	0.1201	0.1066	0.1020	0.0994	0.1117	0.1002	0.0972	0.0964	0.0963	0.0964	0.0995	0.1178	0.1013	0.0954	0.0945	0.0933	0.0941	0.0945	0.1007	0.1080	0.1014	0.0949	0.0941	0.0939	0.0939	0.0946	0.1007	0.1087	0.0962	0.0953	0.0930	0.0925	0.0932	0.0945	0.0945	0.0975	0.0967	0.0937	0.0935	0.0935	0.0941	0.0960	0.0950	0.0960	0.0935	0.0960	0.0919	0.0924	0.0935	0.0930	0.0947	0.1052	0.0957	0.0930	0.0914	0.0931	0.0924	0.0939	0.0937	0.0949	
0.1752	0.1448	0.1275	0.1249	0.1233	0.1074	0.1012	0.0995	0.1154	0.1010	0.0981	0.0966	0.0963	0.0964	0.1071	0.1158	0.1021	0.0945	0.0937	0.0933	0.0937	0.0941	0.1009	0.1105	0.1033	0.0949	0.0926	0.0936	0.0925	0.0932	0.1019	0.1070	0.0982	0.0941	0.0923	0.0924	0.0928	0.0943	0.0944	0.0978	0.0976	0.0934	0.0928	0.0925	0.0937	0.0947	0.0945	0.0978	0.0932	0.0926	0.0922	0.0920	0.0933	0.0929	0.0939	0.0933	0.0958	0.0921	0.0929	0.0931	0.0919	0.0948	0.0950	0.0952	
0.1872	0.1518	0.1317	0.1284	0.1265	0.1113	0.1016	0.1005	0.1192	0.1024	0.0986	0.0975	0.0969	0.0967	0.1083	0.1208	0.1040	0.0962	0.0951	0.0934	0.0939	0.0962	0.1005	0.1075	0.1046	0.0949	0.0940	0.0939	0.0932	0.0946	0.1015	0.1101	0.0985	0.0953	0.0924	0.0930	0.0936	0.0950	0.0946	0.0977	0.0977	0.0934	0.0930	0.0926	0.0940	0.0950	0.0947	0.0978	0.0936	0.0968	0.0930	0.0924	0.0929	0.0933	0.0941	0.0942	0.1002	0.0931	0.0926	0.0932	0.0925	0.0952	0.0951	0.0946	
0.2042	0.1597	0.1386	0.1333	0.1295	0.1120	0.1059	0.1015	0.1232	0.1040	0.0996	0.0984	0.0970	0.0969	0.1018	0.1135	0.1058	0.0975	0.0956	0.0936	0.0943	0.0940	0.0994	0.1077	0.1061	0.0948	0.0934	0.0937	0.0928	0.0942	0.1010	0.1075	0.0990	0.0951	0.0918	0.0932	0.0926	0.0954	0.0944	0.0987	0.0983	0.0939	0.0927	0.0921	0.0936	0.0963	0.0941	0.0972	0.0941	0.0938	0.0926	0.0923	0.0927	0.0938	0.0946	0.0940	0.0966	0.0924	0.0921	0.0932	0.0928	0.0944	0.0941	0.0955	
0.2169	0.1701	0.1431	0.1381	0.1351	0.1149	0.1031	0.1020	0.1284	0.1060	0.1007	0.0983	0.0981	0.0974	0.1006	0.1149	0.1083	0.0967	0.0965	0.0937	0.0943	0.0954	0.1003	0.1100	0.1079	0.0962	0.0936	0.0938	0.0931	0.0948	0.1010	0.1087	0.1003	0.0957	0.0926	0.0929	0.0930	0.0956	0.0943	0.0990	0.0988	0.0940	0.0938	0.0937	0.0942	0.0964	0.0945	0.1010	0.0950	0.0939	0.0928	0.0924	0.0937	0.0940	0.0949	0.0941	0.0970	0.0926	0.0931	0.0933	0.0929	0.0950	0.0952	0.0945	
0.2341	0.1781	0.1498	0.1428	0.1371	0.1168	0.1032	0.1020	0.1343	0.1069	0.1018	0.0983	0.0981	0.0976	0.1009	0.1122	0.1098	0.0980	0.0960	0.0938	0.0949	0.0981	0.1000	0.1079	0.1099	0.0964	0.0936	0.0937	0.0934	0.0952	0.1010	0.1073	0.1013	0.0958	0.0927	0.0935	0.0932	0.0954	0.0941	0.0981	0.0997	0.0936	0.0929	0.0927	0.0944	0.0956	0.0939	0.0978	0.0944	0.0937	0.0924	0.0925	0.0924	0.0936	0.0939	0.0941	0.0973	0.0929	0.0928	0.0935	0.0935	0.0947	0.0953	0.0952	
0.2547	0.1911	0.1580	0.1498	0.1424	0.1181	0.1111	0.1024	0.1425	0.1095	0.1037	0.0993	0.0979	0.0969	0.1019	0.1186	0.1126	0.0978	0.0958	0.0950	0.0956	0.0968	0.1002	0.1084	0.1119	0.0964	0.0933	0.0934	0.0928	0.0943	0.1031	0.1078	0.1018	0.0957	0.0924	0.0928	0.0939	0.0951	0.0942	0.0981	0.1004	0.0939	0.0934	0.0926	0.0940	0.0952	0.0957	0.0980	0.0954	0.0941	0.0926	0.0929	0.0930	0.0939	0.0947	0.0937	0.0980	0.0925	0.0928	0.0935	0.0926	0.0950	0.0953	0.0949	
0.2701	0.2008	0.1628	0.1544	0.1497	0.1200	0.1043	0.1017	0.1535	0.1155	0.1077	0.1002	0.0991	0.0981	0.1184	0.1130	0.1183	0.0998	0.0990	0.0961	0.0967	0.0972	0.1020	0.1162	0.1171	0.0996	0.0956	0.0960	0.0959	0.0974	0.1035	0.1103	0.1057	0.0988	0.0949	0.0949	0.0955	0.0975	0.0968	0.1012	0.1042	0.0967	0.0960	0.0952	0.0966	0.0981	0.0972	0.1085	0.0977	0.0963	0.0957	0.0948	0.0957	0.0964	0.0972	0.0973	0.1006	0.0945	0.0944	0.0954	0.0946	0.0974	0.0978	0.0973	
0.2927	0.2163	0.1738	0.1638	0.1565	0.1240	0.1084	0.1034	0.1607	0.1155	0.1067	0.1009	0.0997	0.0989	0.1109	0.1135	0.1201	0.0980	0.0964	0.0937	0.0948	0.0950	0.1011	0.1082	0.1162	0.0977	0.0936	0.0935	0.0934	0.0946	0.1015	0.1087	0.1040	0.0970	0.0927	0.0929	0.0934	0.0956	0.0934	0.0989	0.1017	0.0942	0.0930	0.0928	0.0937	0.0938	0.0939	0.0980	0.0964	0.0942	0.0920	0.0920	0.0922	0.0932	0.0941	0.0938	0.0988	0.0925	0.0921	0.0927	0.0926	0.0948	0.0951	0.0947	
0.3195	0.2309	0.1819	0.1702	0.1603	0.1252	0.1068	0.1032	0.1728	0.1185	0.1082	0.1015	0.1002	0.0978	0.1106	0.1147	0.1230	0.0997	0.0966	0.0935	0.0933	0.1011	0.0999	0.1066	0.1174	0.0974	0.0933	0.0934	0.0929	0.0935	0.1029	0.1065	0.1050	0.0970	0.0927	0.0932	0.0928	0.0948	0.0941	0.0977	0.1021	0.0943	0.0932	0.0920	0.0942	0.0955	0.0949	0.1053	0.0953	0.0937	0.0919	0.0919	0.0921	0.0933	0.0937	0.0937	0.0978	0.0916	0.0922	0.0927	0.0920	0.0942	0.0952	0.0948	
0.3444	0.2482	0.1940	0.1779	0.1688	0.1309	0.1053	0.1028	0.1922	0.1227	0.1117	0.1031	0.1002	0.0996	0.1071	0.1151	0.1260	0.1002	0.0973	0.0937	0.0946	0.0965	0.0995	0.1076	0.1216	0.0978	0.0937	0.0933	0.0922	0.0947	0.1000	0.1062	0.1058	0.0973	0.0928	0.0930	0.0923	0.0943	0.0942	0.0986	0.1038	0.0930	0.0924	0.0929	0.0933	0.0947	0.0944	0.1005	0.0970	0.0933	0.0912	0.0923	0.0924	0.0935	0.0930	0.0935	0.0991	0.0924	0.0917	0.0919	0.0914	0.0934	0.0946	0.0941	
0.3723	0.2696	0.2062	0.1874	0.1766	0.1333	0.1068	0.1050	0.2102	0.1256	0.1153	0.1046	0.1021	0.1004	0.1084	0.1144	0.1280	0.0991	0.0985	0.0936	0.0938	0.0960	0.1030	0.1084	0.1243	0.0994	0.0929	0.0927	0.0931	0.0942	0.1008	0.1110	0.1071	0.0967	0.0914	0.0930	0.0931	0.0943	0.0935	0.0975	0.1031	0.0938	0.0939	0.0921	0.0944	0.0941	0.0935	0.0997	0.0970	0.0931	0.0913	0.0925	0.0921	0.0933	0.0941	0.0932	0.0997	0.0921	0.0917	0.0921	0.0921	0.0939	0.0945	0.0940	
0.3976	0.2871	0.2179	0.1992	0.1841	0.1367	0.1081	0.1045	0.2314	0.1316	0.1177	0.1056	0.1036	0.1006	0.1057	0.1175	0.1332	0.1065	0.0987	0.0951	0.0939	0.0964	0.1015	0.1089	0.1297	0.1024	0.0964	0.0964	0.0956	0.0967	0.1028	0.1099	0.1107	0.1007	0.0952	0.0957	0.0957	0.0975	0.0974	0.1010	0.1070	0.0971	0.0956	0.0944	0.0962	0.0973	0.0965	0.1035	0.0997	0.0961	0.0935	0.0935	0.0958	0.0961	0.0966	0.0959	0.1020	0.0941	0.0944	0.0944	0.0941	0.0971	0.0970	0.0960	
0.4285	0.3095	0.2318	0.2118	0.1969	0.1438	0.1099	0.1052	0.2564	0.1370	0.1207	0.1075	0.1045	0.1019	0.1065	0.1147	0.1362	0.1035	0.0993	0.0943	0.0953	0.0961	0.1002	0.1092	0.1302	0.1009	0.0932	0.0935	0.0933	0.0947	0.1018	0.1070	0.1080	0.0978	0.0922	0.0930	0.0931	0.0947	0.0932	0.0982	0.1053	0.0962	0.0941	0.0921	0.0941	0.0944	0.0930	0.0995	0.0973	0.0939	0.0911	0.0918	0.0922	0.0943	0.0949	0.0930	0.0990	0.0920	0.0914	0.0927	0.0912	0.0947	0.0940	0.0942	
0.4628	0.3370	0.2480	0.2252	0.2090	0.1479	0.1169	0.1069	0.2859	0.1429	0.1258	0.1103	0.1059	0.1050	0.1097	0.1166	0.1443	0.1061	0.0999	0.0949	0.0943	0.0975	0.1012	0.1148	0.1341	0.1011	0.0938	0.0937	0.0936	0.0955	0.1018	0.1088	0.1105	0.0988	0.0932	0.0927	0.0933	0.0958	0.0948	0.0994	0.1055	0.0957	0.0934	0.0929	0.0942	0.0952	0.0942	0.0986	0.0980	0.0933	0.0920	0.0920	0.0931	0.0940	0.0947	0.0987	0.1009	0.0922	0.0922	0.0930	0.0918	0.0951	0.0957	0.0946	
0.4855	0.3557	0.2614	0.2368	0.2163	0.1509	0.1125	0.1063	0.3133	0.1500	0.1283	0.1102	0.1058	0.0999	0.1049	0.1156	0.1453	0.1106	0.0992	0.0930	0.0933	0.0950	0.0989	0.1059	0.1362	0.1001	0.0927	0.0909	0.0909	0.0942	0.1007	0.1068	0.1101	0.0977	0.0915	0.0913	0.0923	0.0940	0.0921	0.0962	0.1053	0.0933	0.0915	0.0911	0.0932	0.0949	0.0926	0.1007	0.0965	0.0919	0.0909	0.0914	0.0909	0.0930	0.0921	0.0912	0.0985	0.0903	0.0887	0.0901	0.0904	0.0924	0.0924	0.0936	
0.5239	0.3881	0.2846	0.2560	0.2322	0.1588	0.1174	0.1104	0.3508	0.1597	0.1358	0.1136	0.1091	0.1045	0.1110	0.1179	0.1566	0.1078	0.1030	0.0958	0.0951	0.0978	0.1016	0.1094	0.1425	0.1026	0.0951	0.0943	0.0929	0.0950	0.1119	0.1093	0.1136	0.1002	0.0937	0.0935	0.0933	0.0962	0.0965	0.0990	0.1083	0.0960	0.0931	0.0942	0.0953	0.0975	0.0955	0.1005	0.0989	0.0930	0.0924	0.0915	0.0927	0.0944	0.0957	0.0957	0.1013	0.0923	0.0920	0.0929	0.0919	0.0946	0.0951	0.0943	
0.5437	0.4080	0.2989	0.2689	0.2421	0.1632	0.1165	0.1079	0.3830	0.1761	0.1483	0.1204	0.1096	0.1025	0.1182	0.1281	0.1669	0.1108	0.1007	0.0938	0.0948	0.0985	0.1007	0.1083	0.1448	0.1022	0.0934	0.0932	0.0933	0.0936	0.1009	0.1072	0.1131	0.0995	0.0917	0.0928	0.0924	0.0940	0.0937	0.0975	0.1067	0.0943	0.0926	0.0922	0.0937	0.0941	0.0942	0.0969	0.0977	0.0929	0.0908	0.0911	0.0915	0.0926	0.0937	0.0924	0.1023	0.0937	0.0926	0.0936	0.0932	0.0960	0.0964	0.0937	
0.5731	0.4417	0.3179	0.2867	0.2578	0.1721	0.1218	0.1122	0.4186	0.1889	0.1506	0.1197	0.1142	0.1059	0.1097	0.1186	0.1825	0.1150	0.1026	0.0958	0.0962	0.0976	0.1024	0.1084	0.1523	0.1054	0.0949	0.0951	0.0949	0.0965	0.1020	0.1095	0.1153	0.1009	0.0936	0.0944	0.0942	0.0972	0.0962	0.0996	0.1103	0.0967	0.0945	0.0941	0.0954	0.0981	0.0967	0.1048	0.1004	0.0942	0.0924	0.0933	0.0937	0.0956	0.0955	0.0960	0.1036	0.0940	0.0930	0.0939	0.0932	0.0975	0.0965	0.0945	
0.5893	0.4707	0.3454	0.3088	0.2767	0.1778	0.1179	0.1122	0.4461	0.2079	0.1601	0.1239	0.1149	0.1096	0.1095	0.1209	0.1997	0.1141	0.1033	0.0951	0.0991	0.0994	0.1018	0.1079	0.1563	0.1058	0.0946	0.0939	0.0940	0.0958	0.1030	0.1091	0.1161	0.1019	0.0929	0.0942	0.0936	0.0958	0.0948	0.0992	0.1098	0.0958	0.0926	0.0917	0.0938	0.0954	0.0950	0.0995	0.1003	0.0936	0.0927	0.0927	0.0919	0.0943	0.0950	0.0953	0.1029	0.0937	0.0916	0.0925	0.0925	0.0948	0.0960	0.0952	
0.6153	0.5021	0.3666	0.3270	0.2935	0.1877	0.1194	0.1152	0.4754	0.2287	0.1691	0.1276	0.1185	0.1067	0.1136	0.1183	0.2207	0.1171	0.1031	0.0956	0.0959	0.0986	0.1019	0.1089	0.1622	0.1068	0.0946	0.0940	0.0941	0.0952	0.1092	0.1086	0.1176	0.1023	0.0927	0.0931	0.0937	0.0964	0.0947	0.0987	0.1119	0.0963	0.0933	0.0924	0.0939	0.0968	0.0952	0.0980	0.0998	0.0931	0.0914	0.0921	0.0923	0.0939	0.0945	0.0952	0.1036	0.0924	0.0918	0.0929	0.0924	0.0944	0.0953	0.0952	
0.6376	0.5269	0.3927	0.3505	0.3112	0.2015	0.1227	0.1166	0.5042	0.2534	0.1803	0.1317	0.1214	0.1077	0.1115	0.1222	0.2452	0.1186	0.1050	0.0953	0.0952	0.0964	0.1015	0.1076	0.1610	0.1072	0.0947	0.0931	0.0929	0.0943	0.1037	0.1072	0.1186	0.1014	0.0923	0.0930	0.0926	0.0957	0.0942	0.0986	0.1118	0.0955	0.0929	0.0907	0.0944	0.0959	0.0937	0.0974	0.1002	0.0933	0.0924	0.0920	0.0927	0.0942	0.0949	0.0953	0.1028	0.0923	0.0912	0.0922	0.0920	0.0955	0.0949	0.0944	
0.6654	0.5569	0.4174	0.3680	0.3343	0.2039	0.1221	0.1159	0.5237	0.2831	0.1962	0.1361	0.1246	0.1083	0.1218	0.1193	0.2788	0.1217	0.1049	0.0956	0.0941	0.0961	0.1003	0.1076	0.1743	0.1076	0.0940	0.0927	0.0928	0.0948	0.1005	0.1071	0.1204	0.1015	0.0925	0.0926	0.0925	0.0950	0.0943	0.0975	0.1128	0.0961	0.0927	0.0914	0.0932	0.0957	0.0943	0.1020	0.0999	0.0932	0.0913	0.0910	0.0916	0.0933	0.0939	0.0942	0.1033	0.0924	0.0906	0.0920	0.0918	0.0947	0.0948	0.0931	
0.6920	0.5839	0.4457	0.3947	0.3537	0.2177	0.1254	0.1178	0.5458	0.3097	0.2101	0.1419	0.1284	0.1099	0.1126	0.1205	0.3060	0.1241	0.1062	0.0959	0.0949	0.0983	0.1015	0.1185	0.1844	0.1097	0.0947	0.0935	0.0932	0.0946	0.1018	0.1078	0.1216	0.1020	0.0927	0.0929	0.0933	0.0958	0.0949	0.1001	0.1138	0.0965	0.0936	0.0931	0.0946	0.0957	0.0957	0.1038	0.1017	0.0940	0.0921	0.0924	0.0931	0.0952	0.0945	0.0951	0.1034	0.0931	0.0917	0.0923	0.0920	0.0956	0.0960	0.0946	
0.7133	0.6103	0.4749	0.4200	0.3749	0.2291	0.1386	0.1189	0.5648	0.3439	0.2250	0.1475	0.1320	0.1110	0.1150	0.1189	0.3465	0.1268	0.1056	0.0958	0.0946	0.0957	0.1012	0.1074	0.2052	0.1098	0.0936	0.0927	0.0923	0.0935	0.1003	0.1066	0.1231	0.1020	0.0917	0.0916	0.0921	0.0945	0.0942	0.0973	0.1139	0.0955	0.0918	0.0900	0.0923	0.0943	0.0945	0.0964	0.0999	0.0925	0.0901	0.0905	0.0908	0.0931	0.0935	0.0932	0.1043	0.0931	0.0915	0.0921	0.0921	0.0943	0.0954	0.0941	
0.7324	0.6340	0.5011	0.4484	0.3985	0.2415	0.1309	0.1201	0.5874	0.3777	0.2439	0.1548	0.1351	0.1116	0.1140	0.1198	0.3854	0.1321	0.1065	0.0953	0.0935	0.0967	0.1005	0.1069	0.2258	0.1107	0.0933	0.0914	0.0913	0.0937	0.0992	0.1062	0.1235	0.1016	0.0914	0.0909	0.0915	0.0949	0.0934	0.0980	0.1148	0.0951	0.0919	0.0899	0.0926	0.0944	0.0951	0.1016	0.1001	0.0921	0.0904	0.0901	0.0907	0.0929	0.0925	0.0935	0.1031	0.0914	0.0900	0.0909	0.0902	0.0936	0.0933	0.0925	
0.7548	0.6640	0.5274	0.4760	0.4227	0.2566	0.1374	0.1235	0.6129	0.4085	0.2669	0.1639	0.1418	0.1143	0.1655	0.1240	0.4334	0.1332	0.1084	0.0966	0.0947	0.1013	0.1018	0.1097	0.2484	0.1125	0.0947	0.0928	0.0923	0.0955	0.1021	0.1107	0.1270	0.1036	0.0922	0.0930	0.0925	0.0962	0.0948	0.0982	0.1159	0.0966	0.0923	0.0911	0.0933	0.0950	0.0948	0.0981	0.1008	0.0933	0.0913	0.0908	0.0912	0.0933	0.0948	0.0941	0.1047	0.0927	0.0912	0.0920	0.0915	0.0938	0.0945	0.0938	
0.7541	0.6914	0.5548	0.5017	0.4469	0.2688	0.1440	0.1266	0.6296	0.4447	0.2890	0.1748	0.1490	0.1184	0.1190	0.1239	0.4636	0.1454	0.1103	0.0971	0.0949	0.0972	0.1007	0.1201	0.2839	0.1139	0.0953	0.0929	0.0921	0.0949	0.1017	0.1102	0.1289	0.1047	0.0923	0.0928	0.0929	0.0964	0.0956	0.0987	0.1186	0.0965	0.0928	0.0913	0.0938	0.0957	0.0938	0.0968	0.1022	0.0987	0.0915	0.0910	0.0915	0.0940	0.0933	0.0953	0.1048	0.0924	0.0915	0.0914	0.0916	0.0955	0.0940	0.0936	
0.7567	0.7202	0.5824	0.5311	0.4786	0.2896	0.1535	0.1271	0.6503	0.4773	0.3140	0.1848	0.1537	0.1175	0.1268	0.1219	0.5012	0.1579	0.1113	0.0965	0.0956	0.0966	0.1013	0.1078	0.3125	0.1150	0.0945	0.0922	0.0916	0.0941	0.1010	0.1069	0.1301	0.1033	0.0917	0.0910	0.0920	0.0945	0.0940	0.0974	0.1180	0.0958	0.0922	0.0902	0.0928	0.0946	0.0941	0.1038	0.1012	0.0925	0.0905	0.0904	0.0904	0.0934	0.0933	0.0930	0.1043	0.0918	0.0906	0.0907	0.0911	0.0930	0.0948	0.0931	
0.7591	0.7467	0.6095	0.5550	0.5011	0.3013	0.1592	0.1301	0.6644	0.5172	0.3399	0.1951	0.1620	0.1212	0.1593	0.1253	0.5321	0.1638	0.1129	0.0973	0.0947	0.0970	0.1009	0.1073	0.3513	0.1165	0.0943	0.0920	0.0920	0.0943	0.1028	0.1069	0.1326	0.1037	0.0917	0.0915	0.0921	0.0951	0.0950	0.0982	0.1199	0.0968	0.0924	0.0911	0.0930	0.0952	0.0936	0.0985	0.1017	0.0929	0.0906	0.0907	0.0913	0.0927	0.0929	0.0936	0.1053	0.0921	0.0911	0.0912	0.0907	0.0939	0.0950	0.0931	
0.7603	0.7700	0.6356	0.5845	0.5317	0.3261	0.1470	0.1329	0.6708	0.5477	0.3685	0.2073	0.1693	0.1235	0.1268	0.1238	0.5592	0.1785	0.1138	0.0978	0.0949	0.0973	0.1005	0.1086	0.3974	0.1187	0.0946	0.0925	0.0914	0.0937	0.1012	0.1212	0.1351	0.1043	0.0922	0.0917	0.0919	0.0946	0.0942	0.0984	0.1218	0.0963	0.0925	0.0915	0.0926	0.0951	0.0948	0.0990	0.1023	0.0925	0.0908	0.0906	0.0908	0.0936	0.0937	0.0939	0.1056	0.0923	0.0901	0.0914	0.0908	0.0941	0.0947	0.0930	
0.7654	0.7798	0.6680	0.6123	0.5595	0.3428	0.1702	0.1361	0.6802	0.5796	0.3997	0.2214	0.1805	0.1250	0.1235	0.1233	0.5923	0.1891	0.1164	0.0987	0.0959	0.0972	0.1016	0.1082	0.4293	0.1221	0.0954	0.0929	0.0918	0.0959	0.1019	0.1079	0.1377	0.1051	0.0921	0.0921	0.0920	0.0952	0.0945	0.0997	0.1228	0.0965	0.0921	0.0900	0.0928	0.0943	0.0938	0.0984	0.1028	0.0930	0.0908	0.0912	0.0909	0.0952	0.0942	0.0940	0.1058	0.0926	0.0903	0.0915	0.0913	0.0939	0.0945	0.0931	
0.8380	0.7908	0.6995	0.6448	0.5945	0.3655	0.1704	0.1396	0.6896	0.6158	0.4310	0.2366	0.1891	0.1285	0.1501	0.1283	0.6225	0.2097	0.1173	0.0988	0.0955	0.0979	0.1019	0.1089	0.4649	0.1230	0.0953	0.0930	0.0920	0.0948	0.1012	0.1077	0.1383	0.1053	0.0919	0.0916	0.0920	0.0944	0.0943	0.0983	0.1232	0.0968	0.0920	0.0909	0.0926	0.0951	0.0945	0.0981	0.1028	0.0928	0.0904	0.0910	0.0908	0.0935	0.0930	0.0940	0.1062	0.0924	0.0901	0.0910	0.0904	0.0938	0.0949	0.0922	
0.7674	0.7886	0.7236	0.6673	0.6166	0.3857	0.1615	0.1429	0.6865	0.6443	0.4576	0.2506	0.2010	0.1326	0.1314	0.1273	0.6488	0.2525	0.1190	0.0985	0.0954	0.0969	0.1018	0.1094	0.5094	0.1259	0.0954	0.0927	0.0915	0.0944	0.1011	0.1070	0.1415	0.1056	0.0916	0.0916	0.0916	0.0948	0.0945	0.0985	0.1267	0.0970	0.0921	0.0915	0.0923	0.0948	0.0961	0.1047	0.1035	0.0928	0.0906	0.0905	0.0907	0.0936	0.0936	0.0940	0.1070	0.0923	0.0905	0.0927	0.0906	0.0937	0.0949	0.0926	
0.7787	0.7906	0.7532	0.6953	0.6433	0.4093	0.1694	0.1462	0.6845	0.6769	0.4867	0.2681	0.2116	0.1349	0.1280	0.1286	0.6584	0.2841	0.1218	0.0996	0.0962	0.0975	0.1018	0.1096	0.5447	0.1301	0.0982	0.0924	0.0915	0.0944	0.1048	0.1068	0.1464	0.1087	0.0937	0.0930	0.0937	0.0958	0.0956	0.0996	0.1294	0.0989	0.0931	0.0932	0.0939	0.0978	0.0965	0.1022	0.1061	0.0948	0.0922	0.0925	0.0930	0.0948	0.0953	0.0958	0.1090	0.0940	0.0921	0.0929	0.0926	0.0955	0.0960	0.0945	
0.7705	0.7915	0.7733	0.7228	0.6742	0.4306	0.1738	0.1488	0.6870	0.7038	0.5215	0.2858	0.2247	0.1394	0.1304	0.1277	0.6687	0.3373	0.1241	0.0993	0.0967	0.0964	0.1018	0.1091	0.5785	0.1310	0.0942	0.0919	0.0908	0.0939	0.1005	0.1127	0.1490	0.1059	0.0910	0.0914	0.0920	0.0944	0.0931	0.0979	0.1284	0.0973	0.0918	0.0897	0.0926	0.0949	0.0934	0.0997	0.1029	0.0923	0.0897	0.0899	0.0903	0.0931	0.0929	0.0928	0.1066	0.0908	0.0891	0.0903	0.0906	0.0923	0.0940	0.0914	
0.7702	0.7927	0.7851	0.7544	0.6992	0.4567	0.1801	0.1518	0.6903	0.7364	0.5485	0.3056	0.2376	0.1434	0.1376	0.1311	0.6799	0.3731	0.1270	0.0995	0.0958	0.0969	0.1009	0.1069	0.6162	0.1328	0.0950	0.0923	0.0917	0.0943	0.1016	0.1055	0.1532	0.1073	0.0905	0.0916	0.0913	0.0938	0.0923	0.0982	0.1300	0.0962	0.0915	0.0894	0.0917	0.0928	0.0938	0.0983	0.1043	0.0914	0.0898	0.0902	0.0912	0.0914	0.0933	0.0938	0.1071	0.0927	0.0911	0.0906	0.0903	0.0937	0.0936	0.0922	
0.7784	0.8030	0.7983	0.7852	0.7373	0.4871	0.1894	0.1581	0.6896	0.7537	0.5897	0.3277	0.2521	0.1499	0.1413	0.1322	0.6839	0.4169	0.1290	0.1006	0.0965	0.0974	0.1018	0.1069	0.6360	0.1384	0.0951	0.0930	0.0910	0.0946	0.1006	0.1058	0.1580	0.1080	0.0916	0.0920	0.0916	0.0952	0.0948	0.0964	0.1322	0.0976	0.0915	0.0907	0.0925	0.0958	0.0931	0.1006	0.1052	0.0953	0.0897	0.0908	0.0906	0.0924	0.0939	0.0937	0.1065	0.0919	0.0907	0.0902	0.0888	0.0926	0.0932	0.0922	
0.7769	0.8005	0.7973	0.7960	0.7618	0.5089	0.1944	0.1618	0.6968	0.7565	0.6147	0.3567	0.2702	0.1569	0.1465	0.1363	0.6890	0.4663	0.1341	0.1020	0.1138	0.0976	0.1015	0.1092	0.6529	0.1434	0.0960	0.0920	0.0907	0.0946	0.1010	0.1072	0.1635	0.1082	0.0913	0.0907	0.0912	0.0944	0.0931	0.0975	0.1362	0.0970	0.0917	0.0909	0.0941	0.0949	0.0956	0.0989	0.1051	0.0930	0.0905	0.0912	0.0909	0.0931	0.0925	0.0937	0.1093	0.0924	0.0893	0.0905	0.0906	0.0939	0.0937	0.0927	
0.7778	0.8029	0.7954	0.8045	0.7878	0.5339	0.2057	0.1692	0.6936	0.7549	0.6439	0.3752	0.2859	0.1610	0.1414	0.1343	0.6892	0.5056	0.1382	0.1023	0.0960	0.0974	0.1009	0.1096	0.6601	0.1461	0.0964	0.0921	0.0909	0.0938	0.1013	0.1063	0.1692	0.1091	0.0912	0.0913	0.0927	0.0957	0.0943	0.0994	0.1365	0.0984	0.0924	0.0911	0.0909	0.0946	0.0947	0.0977	0.1060	0.0925	0.0903	0.0902	0.0903	0.0930	0.0931	0.0933	0.1085	0.0921	0.0896	0.0904	0.0900	0.0934	0.0940	0.0916	
0.7814	0.8052	0.8017	0.8110	0.8097	0.5685	0.2145	0.1752	0.6932	0.7542	0.6783	0.4025	0.3062	0.1674	0.1455	0.1355	0.6895	0.5428	0.1436	0.1037	0.0969	0.0975	0.1020	0.1079	0.6648	0.1543	0.0994	0.0940	0.0907	0.0943	0.1016	0.1092	0.1787	0.1125	0.0942	0.0938	0.0942	0.0975	0.0972	0.1005	0.1420	0.1006	0.0939	0.0925	0.0939	0.0963	0.0956	0.0976	0.1084	0.0946	0.0926	0.0925	0.0926	0.0951	0.0954	0.0954	0.1117	0.0942	0.0929	0.0933	0.0924	0.0957	0.0968	0.0942	
0.7825	0.8058	0.8020	0.8111	0.8128	0.5942	0.2216	0.1817	0.6976	0.7557	0.7036	0.4273	0.3230	0.1751	0.1477	0.1379	0.6855	0.5808	0.1482	0.1047	0.0976	0.0978	0.1022	0.1094	0.6674	0.1568	0.0975	0.0920	0.0915	0.0942	0.1011	0.1093	0.1849	0.1102	0.0924	0.0914	0.0916	0.0946	0.0941	0.0976	0.1432	0.0984	0.0921	0.0896	0.0922	0.0942	0.0936	0.0993	0.1062	0.0920	0.0902	0.0900	0.0909	0.0929	0.0935	0.0936	0.1091	0.0922	0.0898	0.0900	0.0909	0.0937	0.0950	0.0927	
0.7899	0.8120	0.8111	0.8202	0.8215	0.6305	0.2364	0.1903	0.6984	0.7555	0.7231	0.4534	0.3430	0.1833	0.1517	0.1406	0.6816	0.6212	0.1543	0.1049	0.0969	0.0968	0.1009	0.1085	0.6675	0.1620	0.0967	0.0922	0.0898	0.0943	0.1005	0.1076	0.1911	0.1097	0.0913	0.0913	0.0910	0.0940	0.0931	0.0969	0.1445	0.0981	0.0911	0.0900	0.0911	0.0939	0.0933	0.0978	0.1068	0.0920	0.0901	0.0895	0.0902	0.0925	0.0926	0.0932	0.1092	0.0914	0.0899	0.0900	0.0894	0.0926	0.0934	0.0913	
0.7924	0.8121	0.8118	0.8195	0.8239	0.6532	0.2447	0.1957	0.7002	0.7596	0.7319	0.4804	0.3630	0.1912	0.1728	0.1425	0.6906	0.6541	0.1600	0.1059	0.0978	0.0974	0.1014	0.1085	0.6671	0.1699	0.0974	0.0915	0.0910	0.0938	0.1001	0.1090	0.2043	0.1122	0.0913	0.0910	0.0905	0.0948	0.0943	0.0966	0.1471	0.0985	0.0914	0.0894	0.0911	0.0942	0.0920	0.0948	0.1070	0.0953	0.0903	0.0897	0.0892	0.0923	0.0921	0.0929	0.1095	0.0911	0.0898	0.0903	0.0894	0.0925	0.0936	0.0910	
0.7930	0.8085	0.8089	0.8154	0.8188	0.6793	0.2598	0.2081	0.7025	0.7593	0.7410	0.5099	0.3875	0.2006	0.1678	0.1465	0.6843	0.6765	0.1681	0.1062	0.0966	0.1006	0.1019	0.1077	0.6710	0.1776	0.0961	0.0916	0.0897	0.0928	0.1013	0.1055	0.2146	0.1114	0.0899	0.0906	0.0904	0.0923	0.0922	0.0963	0.1491	0.0972	0.0911	0.0886	0.0914	0.0923	0.0924	0.0942	0.1057	0.0902	0.0897	0.0884	0.0885	0.0905	0.0905	0.0927	0.1092	0.0904	0.0880	0.0885	0.0888	0.0917	0.0929	0.0901	
0.7895	0.8134	0.8122	0.8218	0.8247	0.7143	0.2744	0.2146	0.7031	0.7610	0.7398	0.5399	0.4061	0.2107	0.1689	0.1462	0.6914	0.7123	0.1805	0.1098	0.0987	0.0976	0.1027	0.1089	0.6738	0.1881	0.0983	0.0924	0.0916	0.0943	0.1007	0.1073	0.2342	0.1135	0.0914	0.0912	0.0918	0.0950	0.0943	0.0975	0.1568	0.0996	0.0926	0.0898	0.0918	0.0954	0.0952	0.0972	0.1097	0.0927	0.0914	0.0894	0.0909	0.0938	0.0927	0.0943	0.1109	0.0930	0.0914	0.0906	0.0906	0.0933	0.0947	0.0927	
0.7910	0.8114	0.8117	0.8222	0.8220	0.7414	0.2839	0.2221	0.7065	0.7571	0.7407	0.5626	0.4294	0.2202	0.1698	0.1460	0.6916	0.7117	0.1899	0.1115	0.0985	0.0980	0.1034	0.1098	0.6709	0.1985	0.0987	0.0917	0.0906	0.0928	0.0993	0.1061	0.2570	0.1145	0.0906	0.0905	0.0900	0.0946	0.0932	0.0972	0.1601	0.0988	0.0912	0.0905	0.0913	0.0941	0.0927	0.1000	0.1066	0.0924	0.0893	0.0895	0.0915	0.0924	0.0931	0.0945	0.1121	0.0938	0.0914	0.0916	0.0915	0.0943	0.0944	0.0925	
0.7927	0.8111	0.8129	0.8213	0.8275	0.7656	0.3010	0.2344	0.7094	0.7598	0.7381	0.5927	0.4525	0.2302	0.1804	0.1591	0.6914	0.7125	0.2010	0.1137	0.1006	0.0994	0.1025	0.1102	0.6736	0.2131	0.0988	0.0911	0.0912	0.0942	0.1014	0.1137	0.2808	0.1151	0.0914	0.0901	0.0911	0.0939	0.0930	0.0969	0.1638	0.0982	0.0919	0.0909	0.0920	0.0935	0.0937	0.0957	0.1082	0.0924	0.0904	0.0898	0.0904	0.0913	0.0935	0.0931	0.1099	0.0929	0.0892	0.0899	0.0891	0.0936	0.0937	0.0913	
0.8086	0.8226	0.8200	0.8289	0.8318	0.7986	0.3174	0.2437	0.7091	0.7594	0.7349	0.6180	0.4780	0.2439	0.1790	0.1552	0.6951	0.7120	0.2154	0.1146	0.0994	0.0995	0.1025	0.1096	0.6746	0.2272	0.0992	0.0932	0.0900	0.0925	0.1086	0.1143	0.3072	0.1160	0.0913	0.0908	0.0899	0.0940	0.0944	0.0978	0.1712	0.1005	0.0914	0.0903	0.0912	0.0955	0.0953	0.0959	0.1095	0.0918	0.0905	0.0894	0.0899	0.0925	0.0916	0.0929	0.1113	0.0915	0.0891	0.0902	0.0888	0.0927	0.0928	0.0910	
0.8045	0.8191	0.8167	0.8221	0.8326	0.8161	0.3373	0.2582	0.7126	0.7620	0.7433	0.6506	0.5074	0.2635	0.1919	0.1582	0.6952	0.7092	0.2344	0.1164	0.0997	0.0969	0.1016	0.1094	0.6817	0.2470	0.0996	0.0915	0.0898	0.0950	0.0988	0.1147	0.3406	0.1182	0.0908	0.0904	0.0899	0.0933	0.0925	0.0961	0.1759	0.0989	0.0911	0.0886	0.0905	0.0929	0.0922	0.0956	0.1098	0.0921	0.0891	0.0889	0.0895	0.0914	0.0918	0.0936	0.1127	0.0913	0.0887	0.0895	0.0890	0.0922	0.0928	0.0908	
0.8056	0.8198	0.8197	0.8249	0.8344	0.8210	0.3504	0.2696	0.7107	0.7622	0.7356	0.6675	0.5248	0.2716	0.1921	0.1582	0.6938	0.7042	0.2567	0.1193	0.1012	0.0969	0.1014	0.1101	0.6797	0.2699	0.1007	0.0917	0.0910	0.0932	0.1007	0.1058	0.3648	0.1189	0.0915	0.0905	0.0901	0.0942	0.0936	0.0974	0.1863	0.1000	0.0911	0.0888	0.0908	0.0933	0.0931	0.0971	0.1107	0.0921	0.0894	0.0899	0.0901	0.0920	0.0914	0.0922	0.1126	0.0921	0.0888	0.0904	0.0891	0.0925	0.0926	0.0912	
0.8093	0.8274	0.8245	0.8293	0.8350	0.8299	0.3699	0.2840	0.7187	0.7651	0.7407	0.6873	0.5546	0.2901	0.1991	0.1602	0.7028	0.7096	0.2797	0.1213	0.1018	0.0980	0.1023	0.1095	0.6795	0.2985	0.1008	0.0912	0.0903	0.0930	0.1051	0.1109	0.3990	0.1193	0.0908	0.0898	0.0902	0.0929	0.0937	0.0968	0.1942	0.0992	0.0908	0.0887	0.0905	0.0927	0.0925	0.0947	0.1105	0.0916	0.0894	0.0891	0.0892	0.0916	0.0919	0.0929	0.1132	0.0919	0.0890	0.0900	0.0888	0.0918	0.0927	0.0915	
0.8212	0.8277	0.8276	0.8321	0.8391	0.8308	0.3960	0.2993	0.7189	0.7644	0.7371	0.6952	0.5760	0.3068	0.2131	0.1667	0.6965	0.7122	0.3059	0.1245	0.1034	0.0985	0.1028	0.1099	0.6792	0.3281	0.1013	0.0920	0.0906	0.0936	0.1005	0.1075	0.4276	0.1214	0.0917	0.0914	0.0907	0.0938	0.0938	0.0972	0.2054	0.1009	0.0922	0.0899	0.0905	0.0938	0.0930	0.0958	0.1120	0.0928	0.0893	0.0897	0.0896	0.0919	0.0922	0.0962	0.1142	0.0927	0.0899	0.0900	0.0898	0.0931	0.0941	0.0912	
0.8138	0.8257	0.8281	0.8298	0.8394	0.8323	0.4158	0.3158	0.7182	0.7665	0.7382	0.6925	0.6031	0.3223	0.2291	0.1723	0.7023	0.7067	0.3290	0.1271	0.1042	0.0971	0.1027	0.1200	0.6834	0.3637	0.1012	0.0916	0.0900	0.0931	0.1004	0.1079	0.4527	0.1231	0.0910	0.0911	0.0900	0.0933	0.0927	0.0962	0.2174	0.1004	0.0909	0.0901	0.0902	0.0933	0.0931	0.0983	0.1111	0.0963	0.0900	0.0892	0.0900	0.0913	0.0913	0.0932	0.1137	0.0918	0.0895	0.0891	0.0897	0.0925	0.0930	0.0916	
0.8169	0.8326	0.8411	0.8347	0.8407	0.8330	0.4397	0.3341	0.7247	0.7721	0.7402	0.7020	0.6257	0.3392	0.2291	0.1734	0.7151	0.7157	0.3642	0.1311	0.1057	0.0979	0.1028	0.1097	0.6791	0.4050	0.1019	0.0909	0.0898	0.0930	0.1003	0.1080	0.4834	0.1241	0.0905	0.0897	0.0897	0.0941	0.0928	0.0963	0.2273	0.1006	0.0909	0.0893	0.0901	0.0926	0.0917	0.0948	0.1114	0.0916	0.0893	0.0891	0.0897	0.0917	0.0919	0.0927	0.1142	0.0912	0.0898	0.0888	0.0890	0.0917	0.0930	0.0912	
