0.0886	0.0875	0.0904	0.0892	0.0910	0.1177	0.0900	0.1296	0.0879	0.0884	0.0900	0.1010	0.0904	0.1090	0.0907	0.1156	0.0886	0.0938	0.0897	0.0975	0.0898	0.1151	0.0908	0.1259	0.0883	0.0889	0.0898	0.0893	0.0899	0.0898	0.0904	0.0912	0.0912	0.0977	0.0906	0.1019	0.0904	0.1091	0.0912	0.1038	0.0912	0.1210	0.0936	0.1195	0.0921	0.1116	0.0921	0.1034	0.0979	0.0944	0.0912	0.1187	0.0911	0.1105	0.0932	0.1205	0.0918	0.0925	0.0925	0.1129	0.0926	0.1193	0.0925	0.1286	
0.0885	0.0881	0.0891	0.0899	0.0896	0.0909	0.0890	0.0904	0.0889	0.0886	0.0891	0.0898	0.0901	0.0976	0.0909	0.0922	0.0895	0.0903	0.0888	0.0895	0.0896	0.0894	0.0900	0.0912	0.0889	0.0889	0.0895	0.0878	0.0904	0.0898	0.0900	0.0904	0.0908	0.0901	0.0900	0.0922	0.0986	0.0915	0.0904	0.0915	0.0901	0.0903	0.0903	0.0912	0.0906	0.0909	0.0917	0.0919	0.0990	0.0897	0.0899	0.0925	0.0902	0.0920	0.0912	0.0947	0.0911	0.0911	0.0908	0.0911	0.0917	0.0914	0.0914	0.0926	
0.0915	0.0898	0.0894	0.0895	0.0901	0.0900	0.0894	0.0901	0.0912	0.0901	0.0901	0.0897	0.0906	0.0893	0.0901	0.0920	0.0908	0.0916	0.0887	0.0897	0.0897	0.0892	0.0899	0.0910	0.0899	0.0910	0.0897	0.0890	0.0904	0.0897	0.0902	0.0922	0.0909	0.0896	0.0887	0.0911	0.0891	0.0913	0.0910	0.0910	0.0900	0.0901	0.0896	0.0909	0.0900	0.0912	0.0913	0.0920	0.0979	0.0906	0.0896	0.0913	0.0900	0.0913	0.0919	0.0947	0.0908	0.0905	0.0905	0.0912	0.0922	0.0921	0.0912	0.0914	
0.0897	0.0878	0.0894	0.0895	0.0888	0.0884	0.0883	0.0898	0.0883	0.0883	0.0885	0.0896	0.0900	0.0893	0.0901	0.0904	0.0889	0.0895	0.0881	0.0892	0.0884	0.0890	0.0892	0.0903	0.0883	0.0886	0.0887	0.0870	0.0893	0.0874	0.0889	0.0894	0.0908	0.0903	0.0898	0.0930	0.0908	0.0923	0.0909	0.0920	0.0905	0.0910	0.0905	0.0924	0.0913	0.0919	0.0922	0.0917	0.0982	0.0914	0.0906	0.0935	0.0910	0.0922	0.0919	0.0957	0.0921	0.0919	0.0914	0.0935	0.0943	0.0929	0.0922	0.0927	
0.0884	0.0880	0.0891	0.0890	0.0892	0.0891	0.0888	0.0897	0.0890	0.0888	0.0887	0.0895	0.0897	0.0891	0.0903	0.0911	0.0890	0.0898	0.0886	0.0896	0.0890	0.0890	0.0893	0.0904	0.0884	0.0895	0.0889	0.0880	0.0890	0.0883	0.0897	0.0896	0.0903	0.0905	0.0887	0.0916	0.0881	0.0916	0.0919	0.0910	0.0904	0.0906	0.0897	0.0911	0.0904	0.0911	0.0918	0.0917	0.0981	0.0903	0.0898	0.0914	0.0899	0.0916	0.0906	0.0943	0.0915	0.0908	0.0906	0.0915	0.0916	0.0913	0.0909	0.0913	
0.0883	0.0887	0.0891	0.0899	0.0894	0.0892	0.0895	0.0904	0.0895	0.0893	0.0887	0.0895	0.0899	0.0897	0.0940	0.0919	0.0890	0.0899	0.0889	0.0892	0.0887	0.0895	0.0920	0.0911	0.0885	0.0897	0.0895	0.0878	0.0894	0.0882	0.0903	0.0915	0.0908	0.0911	0.0901	0.0912	0.0907	0.0925	0.0919	0.0924	0.0906	0.0915	0.0905	0.0913	0.0910	0.0916	0.0923	0.0928	0.0987	0.0914	0.0909	0.0919	0.0900	0.0920	0.0915	0.0944	0.0914	0.0908	0.0913	0.0928	0.0924	0.0921	0.0914	0.0931	
0.0895	0.0881	0.0897	0.0899	0.0892	0.0890	0.0899	0.0901	0.0894	0.0890	0.0897	0.0900	0.0905	0.0894	0.0906	0.0912	0.0893	0.0899	0.0894	0.0897	0.0893	0.0898	0.0900	0.0906	0.0888	0.0890	0.0892	0.0887	0.0899	0.0885	0.0905	0.0904	0.0917	0.0905	0.0905	0.0918	0.0892	0.0918	0.0914	0.0915	0.0911	0.0912	0.0897	0.0914	0.0909	0.0917	0.0924	0.0924	0.0985	0.0911	0.0904	0.0922	0.0913	0.0916	0.0912	0.0945	0.0937	0.0920	0.0906	0.0918	0.0915	0.0917	0.0921	0.0923	
0.0939	0.0901	0.0911	0.0907	0.0908	0.0898	0.0896	0.0896	0.0914	0.0915	0.0909	0.0901	0.0912	0.0898	0.0906	0.0912	0.0916	0.0920	0.0902	0.0908	0.0894	0.0902	0.0900	0.0904	0.0909	0.0909	0.0893	0.0910	0.0905	0.0901	0.0903	0.0898	0.0912	0.0891	0.0905	0.0918	0.0896	0.0909	0.0900	0.0912	0.0924	0.0895	0.0899	0.0915	0.0956	0.0916	0.0917	0.0919	0.0983	0.0890	0.0899	0.0921	0.0900	0.0914	0.0911	0.0943	0.0920	0.0887	0.0906	0.0916	0.0925	0.0927	0.0899	0.0926	
0.0913	0.0892	0.0894	0.0896	0.0894	0.0902	0.0893	0.0901	0.0897	0.0895	0.0891	0.0895	0.0896	0.0895	0.0903	0.0910	0.0894	0.0902	0.0891	0.0903	0.0892	0.0899	0.0905	0.0907	0.0887	0.0893	0.0894	0.0888	0.0895	0.0887	0.0902	0.0902	0.0909	0.0894	0.0884	0.0906	0.0884	0.0903	0.0904	0.0898	0.0884	0.0894	0.0904	0.0894	0.0902	0.0903	0.0899	0.0901	0.0965	0.0911	0.0887	0.0902	0.0886	0.0907	0.0896	0.0939	0.0926	0.0898	0.0897	0.0905	0.0910	0.0905	0.0898	0.0905	
0.0892	0.0889	0.0896	0.0899	0.0899	0.0898	0.0895	0.0907	0.0896	0.0893	0.0894	0.0900	0.0902	0.0899	0.0905	0.0914	0.0898	0.0903	0.0894	0.0902	0.0894	0.0905	0.0904	0.0906	0.0891	0.0894	0.0894	0.0889	0.0900	0.0889	0.0897	0.0902	0.0902	0.0917	0.0902	0.0912	0.0894	0.0909	0.0908	0.0908	0.0924	0.0926	0.0904	0.0907	0.0898	0.0919	0.0914	0.0916	0.0991	0.0911	0.0915	0.0917	0.0905	0.0913	0.0913	0.0944	0.0916	0.0911	0.0904	0.0912	0.0915	0.0918	0.0909	0.0944	
0.0893	0.0887	0.0895	0.0896	0.0897	0.0903	0.0897	0.0904	0.0894	0.0890	0.0894	0.0901	0.0901	0.0901	0.0906	0.0916	0.0891	0.0904	0.0890	0.0901	0.0896	0.0900	0.0897	0.0910	0.0890	0.0893	0.0893	0.0885	0.0900	0.0892	0.0904	0.0903	0.0903	0.0942	0.0926	0.0945	0.0964	0.0988	0.0963	0.0951	0.0909	0.0971	0.0959	0.0915	0.0960	0.0953	0.0939	0.0909	0.0993	0.0945	0.0932	0.0956	0.0924	0.0930	0.0907	0.0954	0.0914	0.0962	0.0928	0.0979	0.0970	0.0966	0.0916	0.0919	
0.0910	0.0906	0.0899	0.0898	0.0902	0.0902	0.0894	0.0902	0.0897	0.0908	0.0897	0.0897	0.0901	0.0900	0.0904	0.0911	0.0899	0.0919	0.0893	0.0895	0.0892	0.0898	0.0903	0.0908	0.0891	0.0903	0.0896	0.0889	0.0898	0.0891	0.0903	0.0904	0.0910	0.0918	0.0903	0.0889	0.0856	0.0937	0.0948	0.0905	0.0896	0.0897	0.0946	0.0875	0.0874	0.0939	0.0981	0.0904	0.1021	0.0952	0.0889	0.0892	0.0876	0.0920	0.0934	0.0945	0.0933	0.0930	0.0913	0.0902	0.0910	0.0921	0.0946	0.0918	
0.0894	0.0897	0.0896	0.0902	0.0900	0.0901	0.0894	0.0907	0.0894	0.0897	0.0892	0.0904	0.0903	0.0901	0.0907	0.0916	0.0895	0.0906	0.0895	0.0901	0.0901	0.0906	0.0908	0.0906	0.0892	0.0896	0.0892	0.0886	0.0895	0.0891	0.0908	0.0905	0.0887	0.0907	0.0885	0.0926	0.0885	0.0891	0.0883	0.0886	0.0881	0.0942	0.0925	0.0883	0.0872	0.0891	0.0887	0.0887	0.0957	0.0915	0.0911	0.0909	0.0881	0.0888	0.0882	0.0921	0.0912	0.0935	0.0932	0.0911	0.0898	0.0897	0.0903	0.0887	
0.0897	0.0896	0.0904	0.0906	0.0903	0.0908	0.0900	0.0908	0.0900	0.0900	0.0897	0.0902	0.0902	0.0907	0.0912	0.0916	0.0897	0.0907	0.0897	0.0909	0.0897	0.0903	0.0903	0.0911	0.0891	0.0897	0.0895	0.0892	0.0905	0.0895	0.0902	0.0908	0.0947	0.0970	0.0961	0.0911	0.0897	0.0914	0.0908	0.0958	0.0952	0.0958	0.0906	0.0905	0.0899	0.0913	0.0911	0.0959	0.1003	0.0935	0.0924	0.0911	0.0935	0.0942	0.0906	0.0983	0.0942	0.0985	0.0923	0.0912	0.0941	0.0908	0.0904	0.0939	
0.0902	0.0900	0.0907	0.0908	0.0907	0.0906	0.0907	0.0913	0.0898	0.0901	0.0899	0.0905	0.0906	0.0903	0.0916	0.0920	0.0900	0.0921	0.0897	0.0906	0.0900	0.0907	0.0914	0.0910	0.0894	0.0898	0.0903	0.0892	0.0906	0.0901	0.0909	0.0903	0.0912	0.0896	0.0875	0.0891	0.0864	0.0891	0.0883	0.0881	0.0912	0.0885	0.0888	0.0885	0.0888	0.0894	0.0885	0.0890	0.0977	0.0899	0.0898	0.0906	0.0883	0.0891	0.0895	0.0922	0.0947	0.0932	0.0895	0.0904	0.0912	0.0893	0.0897	0.0895	
0.0920	0.0905	0.0910	0.0911	0.0908	0.0912	0.0903	0.0915	0.0900	0.0898	0.0899	0.0908	0.0908	0.0909	0.0907	0.0925	0.0900	0.0910	0.0897	0.0908	0.0899	0.0906	0.0907	0.0917	0.0897	0.0902	0.0904	0.0894	0.0912	0.0894	0.0908	0.0906	0.0888	0.0924	0.0912	0.0893	0.0873	0.0903	0.0890	0.0905	0.0909	0.0902	0.0889	0.0904	0.0887	0.0895	0.0901	0.0899	0.1009	0.0926	0.0895	0.0925	0.0886	0.0908	0.0902	0.0937	0.0945	0.0934	0.0888	0.0902	0.0906	0.0895	0.0896	0.0900	
0.0910	0.0905	0.0913	0.0917	0.0908	0.0912	0.0902	0.0915	0.0901	0.0902	0.0898	0.0909	0.0910	0.0909	0.0917	0.0928	0.0900	0.0913	0.0898	0.0906	0.0908	0.0908	0.0911	0.0915	0.0900	0.0900	0.0898	0.0892	0.0909	0.0904	0.0916	0.0908	0.0897	0.0909	0.0861	0.0933	0.0886	0.0965	0.0970	0.0949	0.0921	0.0901	0.0904	0.0873	0.0923	0.0952	0.0928	0.0960	0.0987	0.0905	0.0878	0.0877	0.0921	0.0963	0.0953	0.0961	0.0930	0.0906	0.0876	0.0879	0.0955	0.0943	0.0953	0.0921	
0.0911	0.0913	0.0916	0.0920	0.0914	0.0911	0.0905	0.0904	0.0906	0.0904	0.0901	0.0907	0.0910	0.0909	0.0912	0.0918	0.0901	0.0911	0.0898	0.0909	0.0906	0.0913	0.0911	0.0914	0.0898	0.0903	0.0900	0.0895	0.0906	0.0900	0.0907	0.0904	0.0910	0.0889	0.0886	0.0909	0.0887	0.0915	0.0877	0.0931	0.0894	0.0919	0.0840	0.0875	0.0919	0.0929	0.0882	0.0934	0.0982	0.0889	0.0908	0.0933	0.0895	0.0861	0.0891	0.0937	0.0935	0.0925	0.0916	0.0925	0.0881	0.0884	0.0880	0.0933	
0.0925	0.0913	0.0920	0.0919	0.0923	0.0919	0.0905	0.0914	0.0907	0.0910	0.0906	0.0911	0.0916	0.0915	0.0920	0.0921	0.0905	0.0911	0.0903	0.0908	0.0908	0.0914	0.0914	0.0922	0.0903	0.0904	0.0904	0.0897	0.0909	0.0906	0.0915	0.0915	0.0941	0.0926	0.0918	0.0875	0.0849	0.0878	0.0870	0.0877	0.0948	0.0928	0.0919	0.0891	0.0887	0.0901	0.0897	0.0870	0.0988	0.0944	0.0917	0.0899	0.0864	0.0872	0.0890	0.0926	0.0957	0.0953	0.0925	0.0871	0.0898	0.0875	0.0872	0.0898	
0.0922	0.0927	0.0924	0.0930	0.0917	0.0922	0.0903	0.0911	0.0908	0.0904	0.0910	0.0914	0.0912	0.0916	0.0910	0.0925	0.0904	0.0913	0.0905	0.0914	0.0907	0.0914	0.0918	0.0914	0.0908	0.0904	0.0905	0.0897	0.0912	0.0896	0.0914	0.0904	0.0882	0.0895	0.0846	0.0883	0.0883	0.0865	0.0861	0.0875	0.0906	0.0884	0.0882	0.0873	0.0873	0.0867	0.0866	0.0871	0.0958	0.0864	0.0877	0.0888	0.0858	0.0864	0.0865	0.0903	0.0913	0.0888	0.0861	0.0868	0.0873	0.0871	0.0860	0.0867	
0.0932	0.0928	0.0932	0.0934	0.0955	0.0941	0.0923	0.0929	0.0914	0.0907	0.0909	0.0915	0.0937	0.0932	0.0927	0.0937	0.0906	0.0916	0.0906	0.0915	0.0930	0.0935	0.0927	0.0935	0.0909	0.0915	0.0912	0.0903	0.0932	0.0913	0.0924	0.0920	0.0889	0.0867	0.0862	0.0981	0.0984	0.0922	0.0917	0.0892	0.0865	0.0878	0.0875	0.0993	0.0971	0.0904	0.0888	0.0893	0.0942	0.0876	0.0870	0.1002	0.0976	0.0902	0.0890	0.0925	0.0878	0.0898	0.0875	0.0976	0.0988	0.0903	0.0889	0.0887	
0.0942	0.0937	0.0931	0.0934	0.0923	0.0918	0.0905	0.0917	0.0919	0.0919	0.0910	0.0927	0.0918	0.0918	0.0912	0.0919	0.0918	0.0920	0.0914	0.0923	0.0910	0.0911	0.0911	0.0919	0.0917	0.0915	0.0914	0.0898	0.0912	0.0902	0.0908	0.0904	0.0933	0.0893	0.0886	0.0909	0.0887	0.0905	0.0898	0.0903	0.0935	0.0905	0.0899	0.0911	0.0890	0.0898	0.0906	0.0908	0.0972	0.0907	0.0893	0.0902	0.0908	0.0906	0.0900	0.0942	0.0960	0.0901	0.0899	0.0906	0.0906	0.0903	0.0895	0.0911	
0.0944	0.0945	0.0943	0.0936	0.0924	0.0925	0.0929	0.0915	0.0913	0.0914	0.0914	0.0917	0.0917	0.0919	0.0915	0.0919	0.0909	0.0920	0.0909	0.0915	0.0914	0.0914	0.0916	0.0913	0.0914	0.0913	0.0914	0.0899	0.0914	0.0902	0.0915	0.0911	0.0906	0.0902	0.0907	0.0919	0.0903	0.0929	0.0920	0.0917	0.0909	0.0910	0.0909	0.0920	0.0911	0.0909	0.0920	0.0917	0.0984	0.0908	0.0940	0.0925	0.0908	0.0917	0.0908	0.0957	0.0948	0.0955	0.0918	0.0930	0.0928	0.0916	0.0927	0.0930	
0.0946	0.0952	0.0949	0.0953	0.0941	0.0927	0.0921	0.0923	0.0920	0.0926	0.0912	0.0928	0.0925	0.0925	0.0923	0.0928	0.0913	0.0927	0.0908	0.0924	0.0911	0.0920	0.0920	0.0917	0.0915	0.0919	0.0923	0.0905	0.0928	0.0909	0.0916	0.0910	0.0875	0.0886	0.0929	0.0884	0.0875	0.0886	0.0880	0.0884	0.0924	0.0877	0.0909	0.0910	0.0887	0.0880	0.0887	0.0888	0.0976	0.0898	0.0891	0.0886	0.0873	0.0878	0.0883	0.0915	0.0973	0.0921	0.0896	0.0897	0.0895	0.0902	0.0884	0.0886	
0.0958	0.0955	0.0959	0.0960	0.0933	0.0939	0.0918	0.0926	0.0922	0.0923	0.0919	0.0923	0.0918	0.0927	0.0919	0.0927	0.0912	0.0927	0.0912	0.0923	0.0912	0.0914	0.0925	0.0917	0.0914	0.0921	0.0918	0.0907	0.0920	0.0905	0.0919	0.0914	0.0947	0.0905	0.0922	0.0922	0.0900	0.0925	0.0913	0.0912	0.0921	0.0909	0.0908	0.0933	0.0897	0.0913	0.0914	0.0910	0.1025	0.0965	0.0945	0.0917	0.0907	0.0923	0.0909	0.0939	0.0949	0.0928	0.0929	0.0925	0.0937	0.0913	0.0909	0.0914	
0.0972	0.0984	0.0968	0.0961	0.0940	0.0933	0.0914	0.0922	0.0927	0.0924	0.0920	0.0927	0.0920	0.0918	0.0920	0.0929	0.0917	0.0931	0.0914	0.0924	0.0914	0.0917	0.0913	0.0917	0.0917	0.0930	0.0923	0.0905	0.0916	0.0903	0.0921	0.0909	0.0904	0.0874	0.0904	0.0905	0.0871	0.0887	0.0879	0.0882	0.0917	0.0898	0.0883	0.0889	0.0880	0.0886	0.0889	0.0884	0.1002	0.0908	0.0895	0.0890	0.0875	0.0889	0.0887	0.0919	0.0960	0.0909	0.0918	0.0916	0.0908	0.0890	0.0880	0.0884	
0.0980	0.0985	0.0978	0.0969	0.0945	0.0941	0.0918	0.0925	0.0935	0.0924	0.0929	0.0935	0.0927	0.0919	0.0925	0.0928	0.0923	0.0927	0.0917	0.0932	0.0916	0.0922	0.0922	0.0921	0.0927	0.0926	0.0929	0.0909	0.0927	0.0910	0.0917	0.0910	0.0879	0.0890	0.0890	0.0885	0.0895	0.0880	0.0887	0.0878	0.0944	0.0902	0.0902	0.0892	0.0900	0.0876	0.0880	0.0874	0.1013	0.0918	0.0908	0.0903	0.0871	0.0874	0.0889	0.0915	0.0965	0.0930	0.0926	0.0925	0.0887	0.0885	0.0905	0.0889	
0.0986	0.1003	0.0997	0.0978	0.0943	0.0946	0.0916	0.0931	0.0936	0.0933	0.0929	0.0940	0.0928	0.0924	0.0922	0.0929	0.0924	0.0936	0.0921	0.0932	0.0917	0.0921	0.0920	0.0922	0.0929	0.0927	0.0929	0.0911	0.0925	0.0911	0.0916	0.0911	0.0877	0.0881	0.0891	0.0883	0.0888	0.0903	0.0916	0.0887	0.0891	0.0896	0.0894	0.0882	0.0852	0.0925	0.0912	0.0858	0.0985	0.0903	0.0883	0.0886	0.0850	0.0955	0.0880	0.0909	0.0904	0.0893	0.0878	0.0890	0.0891	0.0878	0.0858	0.0853	
0.1010	0.1015	0.1003	0.0986	0.0955	0.0947	0.0925	0.0927	0.0941	0.0939	0.0931	0.0943	0.0929	0.0929	0.0922	0.0930	0.0932	0.0941	0.0920	0.0940	0.0921	0.0926	0.0921	0.0921	0.0938	0.0936	0.0936	0.0910	0.0930	0.0907	0.0923	0.0914	0.0932	0.0957	0.0942	0.0920	0.0900	0.0912	0.0918	0.0907	0.0941	0.0921	0.0937	0.0939	0.0917	0.0912	0.0907	0.0920	0.1015	0.0949	0.0935	0.0944	0.0905	0.0917	0.0909	0.0953	0.0968	0.0961	0.0911	0.0960	0.0917	0.0918	0.0926	0.0908	
0.1027	0.1033	0.1020	0.0992	0.0959	0.0959	0.0941	0.0932	0.0949	0.0944	0.0931	0.0938	0.0937	0.0935	0.0924	0.0939	0.0934	0.0941	0.0921	0.0936	0.0929	0.0930	0.0923	0.0921	0.0939	0.0937	0.0939	0.0913	0.0928	0.0927	0.0923	0.0914	0.0953	0.0900	0.0923	0.0896	0.0915	0.0972	0.0969	0.0964	0.0944	0.0920	0.0923	0.0929	0.0891	0.0955	0.0982	0.0965	0.1055	0.0939	0.0908	0.0914	0.0885	0.0975	0.0971	0.0975	0.0972	0.0933	0.0914	0.0949	0.0915	0.0974	0.0965	0.0949	
0.1048	0.1056	0.1039	0.1008	0.0960	0.0959	0.0936	0.0939	0.0954	0.0951	0.0937	0.0948	0.0939	0.0931	0.0931	0.0931	0.0943	0.0950	0.0929	0.0937	0.0925	0.0931	0.0922	0.0925	0.0948	0.0945	0.0941	0.0913	0.0927	0.0919	0.0927	0.0917	0.0923	0.0885	0.0877	0.0871	0.0858	0.0849	0.0845	0.0840	0.0907	0.0884	0.0910	0.0860	0.0855	0.0852	0.0858	0.0853	0.1003	0.0872	0.0853	0.0888	0.0858	0.0847	0.0850	0.0875	0.0923	0.0912	0.0877	0.0860	0.0877	0.0852	0.0843	0.0850	
0.1079	0.1086	0.1057	0.1027	0.0970	0.0958	0.0934	0.0947	0.0964	0.0957	0.0945	0.0948	0.0940	0.0935	0.0926	0.0934	0.0952	0.0953	0.0928	0.0948	0.0927	0.0932	0.0924	0.0923	0.0955	0.0950	0.0948	0.0914	0.0938	0.0918	0.0927	0.0918	0.0947	0.0930	0.0924	0.0943	0.0921	0.0942	0.0933	0.0940	0.0938	0.0949	0.0940	0.0946	0.0926	0.0939	0.0935	0.0935	0.1018	0.0936	0.0933	0.0947	0.0925	0.0937	0.0938	0.0971	0.0953	0.0938	0.0940	0.0945	0.0942	0.0937	0.0932	0.0946	
0.1112	0.1121	0.1065	0.1036	0.0976	0.0972	0.0938	0.0943	0.0976	0.0968	0.0951	0.0952	0.0944	0.0945	0.0929	0.0937	0.0953	0.0961	0.0936	0.0943	0.0928	0.0933	0.0925	0.0927	0.0962	0.0951	0.0952	0.0914	0.0940	0.0921	0.0934	0.0913	0.0958	0.0914	0.0939	0.0968	0.0921	0.0955	0.0936	0.0954	0.0970	0.0931	0.0951	0.0953	0.0953	0.0930	0.0960	0.0964	0.1033	0.0926	0.0906	0.0957	0.0967	0.0961	0.0935	0.0993	0.0976	0.0925	0.0948	0.0985	0.0963	0.1007	0.0947	0.0984	
0.1127	0.1146	0.1087	0.1048	0.0978	0.0985	0.0950	0.0938	0.0991	0.0977	0.0959	0.0951	0.0943	0.0962	0.0949	0.0936	0.0964	0.0966	0.0942	0.0947	0.0926	0.0954	0.0925	0.0927	0.0971	0.0958	0.0957	0.0920	0.0950	0.0944	0.0925	0.0923	0.0934	0.0884	0.0918	0.0902	0.0874	0.0963	0.0921	0.0942	0.0926	0.0919	0.0951	0.0925	0.0881	0.0914	0.0912	0.0937	0.1002	0.0919	0.0945	0.0974	0.0885	0.0897	0.0960	0.1011	0.0960	0.0965	0.0949	0.0930	0.0903	0.0944	0.0940	0.0966	
0.1162	0.1197	0.1108	0.1062	0.0995	0.0980	0.0943	0.0949	0.1003	0.1006	0.0957	0.0960	0.0950	0.0939	0.0931	0.0937	0.1000	0.0985	0.0942	0.0955	0.0934	0.0939	0.0930	0.0926	0.0999	0.0973	0.0962	0.0918	0.0938	0.0913	0.0926	0.0915	0.0970	0.0888	0.0917	0.0906	0.0881	0.0897	0.0894	0.0893	0.0905	0.0898	0.0943	0.0906	0.0893	0.0894	0.0919	0.0909	0.1005	0.0915	0.0935	0.0903	0.0887	0.0891	0.0885	0.0927	0.0961	0.0914	0.0902	0.0911	0.0908	0.0893	0.0888	0.0896	
0.1201	0.1227	0.1139	0.1080	0.0990	0.0987	0.0949	0.0951	0.1014	0.1002	0.0976	0.0968	0.0948	0.0940	0.0926	0.0937	0.0985	0.0985	0.0944	0.0965	0.0933	0.0941	0.0932	0.0928	0.0992	0.0969	0.0971	0.0917	0.0939	0.0913	0.0922	0.0919	0.0979	0.0940	0.0922	0.0931	0.0912	0.0927	0.0919	0.0926	0.0946	0.0950	0.0934	0.0938	0.0923	0.0922	0.0924	0.0914	0.1007	0.0993	0.0919	0.0956	0.0909	0.0922	0.0916	0.0943	0.0946	0.0926	0.0946	0.0957	0.0929	0.0920	0.0914	0.0930	
0.1241	0.1277	0.1169	0.1108	0.1005	0.0994	0.0940	0.0955	0.1036	0.1017	0.0982	0.0982	0.0956	0.0954	0.0941	0.0940	0.0995	0.0995	0.0958	0.0967	0.0938	0.0945	0.0929	0.0921	0.0999	0.0983	0.0979	0.0922	0.0943	0.0922	0.0928	0.0917	0.0997	0.0964	0.0968	0.0956	0.0925	0.0942	0.0956	0.0946	0.1008	0.0957	0.0962	0.0954	0.0961	0.0947	0.0964	0.0934	0.1080	0.0955	0.1009	0.0950	0.0952	0.0957	0.0939	0.0969	0.1006	0.0964	0.0954	0.0962	0.0981	0.0945	0.0934	0.0936	
0.1287	0.1340	0.1205	0.1136	0.1022	0.0996	0.0950	0.0994	0.1057	0.1047	0.1000	0.1001	0.0962	0.0955	0.0943	0.0945	0.1015	0.1020	0.0968	0.0997	0.0944	0.0941	0.0930	0.0931	0.1022	0.0992	0.1015	0.0929	0.0953	0.0925	0.0925	0.0923	0.0971	0.0936	0.0946	0.0961	0.0951	0.0972	0.0943	0.0948	0.0974	0.0952	0.0956	0.0966	0.0938	0.0945	0.0955	0.0946	0.1042	0.0964	0.0946	0.0959	0.0941	0.0942	0.0939	0.0980	0.0980	0.0952	0.0947	0.1004	0.0952	0.0961	0.0939	0.0946	
0.1346	0.1370	0.1240	0.1133	0.1024	0.1008	0.0965	0.0965	0.1076	0.1058	0.1006	0.0997	0.0965	0.0959	0.0946	0.0962	0.1029	0.1029	0.0975	0.0987	0.0946	0.0947	0.0935	0.0930	0.1025	0.0999	0.0993	0.0924	0.0948	0.0924	0.0937	0.0925	0.0985	0.0951	0.0951	0.0961	0.0920	0.0930	0.0930	0.0940	0.0961	0.0941	0.0951	0.0949	0.0928	0.0938	0.0928	0.0933	0.1018	0.0963	0.0946	0.0953	0.0938	0.0933	0.0930	0.0973	0.0981	0.0947	0.0947	0.0956	0.0945	0.0946	0.0927	0.0935	
0.1412	0.1440	0.1267	0.1179	0.1033	0.1016	0.0961	0.0961	0.1108	0.1082	0.1031	0.1013	0.0971	0.0965	0.0936	0.0949	0.1042	0.1043	0.0981	0.0991	0.0946	0.0951	0.0932	0.0931	0.1048	0.1018	0.1007	0.0927	0.0960	0.0926	0.0932	0.0921	0.1012	0.0947	0.0950	0.0962	0.0936	0.0947	0.0933	0.0947	0.1008	0.0959	0.0956	0.0958	0.0944	0.0948	0.0944	0.0933	0.1074	0.0957	0.0941	0.0955	0.0944	0.0942	0.0947	0.0985	0.0993	0.0960	0.0947	0.0961	0.0957	0.0951	0.0940	0.0949	
0.1475	0.1508	0.1324	0.1184	0.1039	0.1027	0.0958	0.0966	0.1138	0.1105	0.1052	0.1030	0.0976	0.0966	0.0942	0.0946	0.1068	0.1066	0.0999	0.1001	0.0951	0.0961	0.0931	0.0938	0.1060	0.1025	0.1010	0.0930	0.0969	0.0924	0.0938	0.0918	0.0971	0.0932	0.0938	0.0954	0.0940	0.0935	0.0925	0.0919	0.0959	0.0949	0.0940	0.0970	0.0940	0.0929	0.0934	0.0924	0.1050	0.0942	0.0931	0.0947	0.0927	0.0929	0.0928	0.0967	0.0982	0.0941	0.0940	0.0950	0.0941	0.0930	0.0921	0.0955	
0.1577	0.1595	0.1375	0.1219	0.1046	0.1022	0.0967	0.0967	0.1166	0.1142	0.1071	0.1044	0.0985	0.0976	0.0939	0.0944	0.1079	0.1087	0.1007	0.1013	0.0958	0.0954	0.0943	0.0932	0.1074	0.1031	0.1022	0.0930	0.0962	0.0929	0.0932	0.0923	0.0996	0.0948	0.0956	0.0966	0.0927	0.0970	0.0956	0.0950	0.0959	0.0963	0.0967	0.0962	0.0957	0.0947	0.0950	0.0949	0.1055	0.0967	0.0940	0.0949	0.0949	0.0964	0.0940	0.0983	0.1041	0.0971	0.0948	0.0967	0.0961	0.0948	0.0949	0.0949	
0.1684	0.1718	0.1425	0.1245	0.1070	0.1041	0.0975	0.1005	0.1222	0.1178	0.1096	0.1060	0.0989	0.0981	0.0947	0.0957	0.1118	0.1117	0.1021	0.1022	0.0963	0.0955	0.0939	0.0931	0.1101	0.1047	0.1027	0.0938	0.0968	0.0926	0.0932	0.0923	0.0990	0.0984	0.1010	0.0967	0.0954	0.0943	0.0936	0.0931	0.0995	0.0994	0.0980	0.0995	0.0978	0.0941	0.0935	0.0918	0.1039	0.0988	0.0965	0.0970	0.0959	0.0934	0.0923	0.0953	0.0989	0.1009	0.0985	0.0969	0.0929	0.0947	0.0922	0.0921	
0.1783	0.1855	0.1462	0.1265	0.1060	0.1031	0.0955	0.0954	0.1254	0.1207	0.1100	0.1054	0.0977	0.0967	0.0938	0.0928	0.1132	0.1127	0.1015	0.1015	0.0950	0.0935	0.0910	0.0915	0.1122	0.1059	0.1021	0.0921	0.0953	0.0908	0.0917	0.0904	0.1010	0.0943	0.0940	0.0937	0.0912	0.0905	0.0929	0.0918	0.0972	0.0963	0.0958	0.0937	0.0899	0.0911	0.0899	0.0902	0.1077	0.0956	0.0923	0.0925	0.0895	0.0904	0.0895	0.0955	0.0985	0.0958	0.0928	0.0943	0.0923	0.0948	0.0909	0.0905	
0.1905	0.1938	0.1558	0.1328	0.1089	0.1050	0.0981	0.0985	0.1337	0.1275	0.1179	0.1114	0.1009	0.0992	0.0959	0.0947	0.1182	0.1177	0.1070	0.1057	0.0978	0.0967	0.0944	0.0942	0.1150	0.1085	0.1069	0.0936	0.0977	0.0936	0.0938	0.0926	0.0965	0.0913	0.0932	0.0920	0.0911	0.0882	0.0893	0.0883	0.0928	0.0924	0.0915	0.0910	0.0912	0.0873	0.0882	0.0856	0.1019	0.0947	0.0895	0.0914	0.0877	0.0887	0.0897	0.0917	0.0985	0.0936	0.0892	0.0913	0.0910	0.0880	0.0870	0.0885	
0.2052	0.2091	0.1645	0.1367	0.1113	0.1067	0.1000	0.0988	0.1410	0.1331	0.1208	0.1137	0.1018	0.0995	0.0963	0.0948	0.1226	0.1220	0.1088	0.1074	0.0986	0.0969	0.0942	0.0938	0.1183	0.1104	0.1074	0.0946	0.0994	0.0937	0.0936	0.0919	0.1002	0.0979	0.0959	0.0967	0.0915	0.0920	0.0910	0.0917	0.0949	0.0955	0.0948	0.0931	0.0917	0.0934	0.0948	0.0942	0.1035	0.0955	0.0939	0.0941	0.0921	0.0928	0.0924	0.0969	0.0997	0.0988	0.0985	0.0944	0.0950	0.0924	0.0921	0.0911	
0.2206	0.2262	0.1730	0.1425	0.1123	0.1079	0.1005	0.0991	0.1496	0.1407	0.1263	0.1182	0.1048	0.1013	0.0975	0.0956	0.1278	0.1266	0.1118	0.1101	0.0996	0.0964	0.0947	0.0947	0.1218	0.1125	0.1103	0.0956	0.0998	0.0940	0.0950	0.0929	0.1011	0.0970	0.0948	0.0938	0.0895	0.0912	0.0934	0.0901	0.0992	0.0976	0.0956	0.0941	0.0919	0.0914	0.0903	0.0914	0.1014	0.0964	0.0926	0.0941	0.0932	0.0910	0.0907	0.0937	0.1010	0.0947	0.0927	0.0958	0.0926	0.0899	0.0903	0.0904	
0.2385	0.2392	0.1822	0.1476	0.1148	0.1096	0.1008	0.0997	0.1584	0.1484	0.1341	0.1230	0.1046	0.1022	0.0980	0.0959	0.1334	0.1324	0.1159	0.1123	0.0997	0.0983	0.0957	0.0943	0.1258	0.1143	0.1112	0.0955	0.0996	0.0946	0.0949	0.0933	0.0968	0.0940	0.0930	0.0909	0.0895	0.0871	0.0886	0.0886	0.0937	0.0932	0.0917	0.0925	0.0882	0.0875	0.0881	0.0862	0.1007	0.0943	0.0889	0.0883	0.0872	0.0893	0.0865	0.0902	0.0958	0.0910	0.0916	0.0900	0.0896	0.0908	0.0870	0.0857	
0.2577	0.2599	0.1928	0.1523	0.1179	0.1097	0.1011	0.1005	0.1695	0.1602	0.1405	0.1268	0.1066	0.1030	0.0985	0.0960	0.1413	0.1385	0.1181	0.1147	0.1008	0.0980	0.0950	0.0944	0.1291	0.1166	0.1133	0.0953	0.1004	0.0940	0.0945	0.0922	0.1034	0.0973	0.0990	0.0954	0.0935	0.0912	0.0917	0.0929	0.0985	0.0959	0.0969	0.0934	0.0928	0.0900	0.0922	0.0902	0.1047	0.0944	0.0938	0.0928	0.0933	0.0915	0.0900	0.0920	0.0997	0.0958	0.0936	0.0944	0.0935	0.0918	0.0892	0.0924	
0.2769	0.2836	0.2066	0.1570	0.1201	0.1113	0.1033	0.1010	0.1843	0.1719	0.1506	0.1323	0.1095	0.1047	0.0991	0.0986	0.1496	0.1472	0.1236	0.1177	0.1023	0.0986	0.0959	0.0952	0.1325	0.1193	0.1157	0.0958	0.1010	0.0950	0.0947	0.0938	0.1036	0.0972	0.0980	0.0954	0.0919	0.0921	0.0913	0.0936	0.0997	0.1003	0.0971	0.0948	0.0936	0.0915	0.0920	0.0908	0.1082	0.0982	0.0937	0.0939	0.0939	0.0918	0.0917	0.0947	0.1031	0.0981	0.0963	0.0950	0.0934	0.0917	0.0915	0.0922	
0.3013	0.3039	0.2193	0.1663	0.1211	0.1138	0.1020	0.1004	0.2011	0.1846	0.1601	0.1399	0.1106	0.1058	0.0988	0.0954	0.1599	0.1565	0.1298	0.1227	0.1044	0.0994	0.0956	0.0947	0.1375	0.1225	0.1183	0.0964	0.1014	0.0951	0.0945	0.0928	0.1063	0.0978	0.0985	0.0946	0.0901	0.0876	0.0864	0.0866	0.1001	0.0984	0.0929	0.0889	0.0912	0.0874	0.0873	0.0860	0.1055	0.1004	0.0904	0.0891	0.0873	0.0864	0.0866	0.0893	0.0966	0.0959	0.0954	0.0939	0.0885	0.0895	0.0867	0.0866	
0.3229	0.3266	0.2379	0.1750	0.1234	0.1142	0.1022	0.1009	0.2170	0.2005	0.1728	0.1477	0.1140	0.1075	0.0987	0.0957	0.1691	0.1659	0.1354	0.1267	0.1063	0.1005	0.0958	0.0949	0.1438	0.1258	0.1215	0.0976	0.1033	0.0949	0.0942	0.0920	0.1062	0.0982	0.1001	0.0975	0.0964	0.0971	0.0950	0.1029	0.1012	0.0992	0.0971	0.0981	0.0978	0.0932	0.0938	0.1025	0.1090	0.0988	0.0982	0.0968	0.0950	0.0989	0.0949	0.1055	0.1052	0.0965	0.0954	0.0957	0.0964	0.0949	0.0932	0.1021	
0.3479	0.3477	0.2520	0.1832	0.1278	0.1172	0.1043	0.1018	0.2356	0.2153	0.1871	0.1601	0.1171	0.1083	0.0997	0.0962	0.1836	0.1779	0.1444	0.1339	0.1087	0.1020	0.0964	0.0952	0.1480	0.1294	0.1236	0.0983	0.1037	0.0964	0.0945	0.0929	0.1044	0.0952	0.0963	0.0909	0.0885	0.0875	0.0857	0.0877	0.0945	0.0948	0.0957	0.0922	0.0874	0.0863	0.0854	0.0853	0.1041	0.0938	0.0929	0.0914	0.0885	0.0869	0.0863	0.0886	0.1007	0.0948	0.0903	0.0906	0.0876	0.0863	0.0890	0.0855	
0.3756	0.3804	0.2701	0.1932	0.1317	0.1185	0.1052	0.1032	0.2546	0.2402	0.2078	0.1702	0.1211	0.1105	0.1005	0.0960	0.1993	0.1965	0.1571	0.1381	0.1102	0.1024	0.0973	0.0956	0.1547	0.1326	0.1269	0.0994	0.1048	0.0960	0.0950	0.0928	0.1106	0.1022	0.1025	0.0975	0.0957	0.0930	0.0939	0.0931	0.1034	0.1022	0.1004	0.0949	0.0939	0.0961	0.0942	0.0912	0.1101	0.0973	0.0943	0.0970	0.0954	0.0938	0.0934	0.0949	0.1045	0.0989	0.0989	0.0950	0.0948	0.0925	0.0923	0.0922	
0.4016	0.4077	0.2881	0.2018	0.1322	0.1193	0.1047	0.1032	0.2810	0.2627	0.2245	0.1849	0.1261	0.1132	0.1016	0.0973	0.2192	0.2141	0.1670	0.1463	0.1134	0.1042	0.0979	0.0954	0.1656	0.1362	0.1294	0.1005	0.1076	0.0975	0.0956	0.0921	0.1097	0.0988	0.1022	0.0948	0.0911	0.0904	0.0908	0.0899	0.1016	0.0988	0.0980	0.0939	0.0909	0.0930	0.0923	0.0903	0.1079	0.0990	0.0976	0.0956	0.0915	0.0921	0.0897	0.0961	0.1044	0.0989	0.0939	0.0934	0.0929	0.0942	0.0917	0.0928	
0.4315	0.4360	0.3116	0.2123	0.1349	0.1220	0.1061	0.1030	0.3011	0.2889	0.2486	0.2021	0.1306	0.1149	0.1023	0.0999	0.2401	0.2362	0.1832	0.1570	0.1158	0.1067	0.0981	0.0961	0.1762	0.1420	0.1340	0.1015	0.1078	0.0970	0.0952	0.0924	0.1097	0.1039	0.1047	0.0982	0.0937	0.0926	0.0913	0.0908	0.1001	0.1008	0.1015	0.0954	0.0941	0.0933	0.0906	0.0908	0.1060	0.1004	0.0968	0.0983	0.0945	0.0915	0.0912	0.0938	0.1068	0.0985	0.0982	0.0981	0.0938	0.0921	0.0936	0.0915	
0.4580	0.4651	0.3280	0.2248	0.1405	0.1246	0.1082	0.1038	0.3340	0.3150	0.2691	0.2208	0.1379	0.1175	0.1032	0.1007	0.2685	0.2644	0.1998	0.1650	0.1200	0.1087	0.0995	0.0959	0.1908	0.1446	0.1374	0.1027	0.1093	0.0982	0.0957	0.0922	0.1128	0.1030	0.1030	0.1020	0.0934	0.0929	0.0904	0.0923	0.1045	0.1008	0.1023	0.0974	0.0942	0.0920	0.0931	0.0902	0.1101	0.1007	0.0978	0.0961	0.0944	0.0923	0.0906	0.0942	0.1071	0.0994	0.0981	0.0989	0.0972	0.0929	0.0925	0.0923	
0.4839	0.4924	0.3493	0.2361	0.1453	0.1263	0.1077	0.1039	0.3625	0.3454	0.2961	0.2409	0.1449	0.1217	0.1043	0.0992	0.2985	0.3050	0.2227	0.1780	0.1249	0.1119	0.0994	0.0959	0.2120	0.1484	0.1428	0.1048	0.1116	0.1000	0.0958	0.0922	0.1135	0.1012	0.1032	0.0974	0.0942	0.0902	0.0883	0.0881	0.1019	0.1019	0.1000	0.0949	0.0934	0.0910	0.0902	0.0880	0.1074	0.0978	0.0960	0.0946	0.0935	0.0911	0.0898	0.0913	0.1050	0.0978	0.0959	0.0958	0.0918	0.0909	0.0899	0.0884	
0.5092	0.5237	0.3727	0.2540	0.1514	0.1300	0.1090	0.1066	0.3934	0.3807	0.3267	0.2623	0.1565	0.1270	0.1070	0.0995	0.3348	0.3396	0.2528	0.1968	0.1322	0.1154	0.1022	0.0972	0.2312	0.1547	0.1476	0.1065	0.1134	0.1004	0.0961	0.0924	0.1172	0.1048	0.1046	0.0978	0.0944	0.0903	0.0911	0.0909	0.1032	0.1018	0.0994	0.0940	0.0927	0.0914	0.0918	0.0901	0.1074	0.0986	0.0952	0.0937	0.0914	0.0890	0.0895	0.0922	0.1048	0.0988	0.0940	0.0953	0.0931	0.0918	0.0901	0.0897	
0.5379	0.5486	0.4112	0.2761	0.1564	0.1320	0.1110	0.1053	0.4209	0.4049	0.3559	0.2886	0.1621	0.1313	0.1091	0.1002	0.3650	0.3699	0.2772	0.2156	0.1365	0.1174	0.1026	0.0984	0.2478	0.1585	0.1524	0.1085	0.1150	0.1010	0.0966	0.0927	0.1168	0.1061	0.1045	0.0981	0.0931	0.0913	0.0895	0.0902	0.1046	0.1030	0.0985	0.0970	0.0910	0.0909	0.0897	0.0883	0.1073	0.0996	0.0943	0.0937	0.0916	0.0892	0.0900	0.0926	0.1038	0.0946	0.0971	0.0946	0.0919	0.0909	0.0887	0.0885	
0.5645	0.5728	0.4312	0.2901	0.1624	0.1369	0.1112	0.1072	0.4527	0.4353	0.3814	0.3129	0.1752	0.1364	0.1092	0.1011	0.4026	0.4041	0.3078	0.2383	0.1431	0.1215	0.1035	0.0982	0.2716	0.1662	0.1567	0.1109	0.1168	0.1002	0.0959	0.0926	0.1241	0.1063	0.1074	0.1035	0.0970	0.0933	0.0927	0.0922	0.1066	0.1053	0.1034	0.1003	0.0942	0.0946	0.0931	0.0922	0.1154	0.1046	0.0986	0.0973	0.0950	0.0962	0.0918	0.0983	0.1077	0.1033	0.1016	0.0994	0.0960	0.0937	0.0921	0.0956	
0.5897	0.5954	0.4602	0.3111	0.1649	0.1379	0.1124	0.1074	0.4789	0.4708	0.4116	0.3429	0.1884	0.1431	0.1122	0.1019	0.4412	0.4469	0.3493	0.2683	0.1540	0.1276	0.1065	0.0993	0.3046	0.1764	0.1663	0.1146	0.1202	0.1027	0.0970	0.0928	0.1223	0.1083	0.1104	0.1016	0.0954	0.0931	0.0926	0.0914	0.1040	0.1037	0.1014	0.0969	0.0933	0.0924	0.0921	0.0952	0.1131	0.1039	0.0983	0.0981	0.0954	0.0938	0.0917	0.0965	0.1062	0.1007	0.0978	0.0999	0.0957	0.0935	0.0924	0.0938	
0.6143	0.6226	0.4882	0.3322	0.1753	0.1432	0.1162	0.1087	0.4992	0.4911	0.4395	0.3665	0.2018	0.1510	0.1144	0.1033	0.4641	0.4719	0.3796	0.2939	0.1643	0.1332	0.1072	0.1012	0.3342	0.1903	0.1767	0.1193	0.1233	0.1051	0.0975	0.0936	0.1251	0.1082	0.1110	0.1020	0.0930	0.0935	0.0924	0.0928	0.1053	0.1064	0.1039	0.0963	0.0911	0.0948	0.0904	0.0900	0.1114	0.1020	0.0965	0.0980	0.0915	0.0946	0.0906	0.0963	0.1058	0.0969	0.0968	0.0973	0.0931	0.0939	0.0934	0.0928	
0.6347	0.6477	0.5135	0.3538	0.1851	0.1478	0.1171	0.1090	0.5259	0.5193	0.4687	0.3988	0.2182	0.1567	0.1164	0.1049	0.4967	0.5056	0.4182	0.3354	0.1799	0.1399	0.1114	0.1020	0.3717	0.2074	0.1894	0.1240	0.1264	0.1066	0.0986	0.0938	0.1304	0.1117	0.1124	0.1037	0.0979	0.0939	0.0949	0.0924	0.1085	0.1073	0.1039	0.1011	0.0964	0.0948	0.0925	0.0942	0.1130	0.1033	0.0989	0.0993	0.0975	0.0933	0.0923	0.0967	0.1094	0.1026	0.0972	0.1012	0.0981	0.0938	0.0956	0.0944	
0.6620	0.6706	0.5380	0.3755	0.1905	0.1511	0.1182	0.1110	0.5496	0.5440	0.4940	0.4302	0.2373	0.1664	0.1205	0.1052	0.5238	0.5377	0.4516	0.3713	0.1986	0.1493	0.1137	0.1030	0.4021	0.2320	0.2078	0.1320	0.1309	0.1081	0.0983	0.0936	0.1325	0.1117	0.1132	0.0997	0.0960	0.0948	0.0903	0.0904	0.1053	0.1063	0.1020	0.0956	0.0915	0.0898	0.0932	0.0915	0.1094	0.1016	0.0959	0.0949	0.0914	0.0921	0.0916	0.0925	0.1076	0.0995	0.0971	0.0953	0.0941	0.0925	0.0932	0.0914	
0.6876	0.6962	0.5653	0.4000	0.2028	0.1566	0.1199	0.1117	0.5687	0.5643	0.5137	0.4493	0.2569	0.1774	0.1238	0.1078	0.5448	0.5591	0.4779	0.4016	0.2204	0.1612	0.1193	0.1042	0.4357	0.2566	0.2280	0.1415	0.1355	0.1112	0.1000	0.0938	0.1349	0.1136	0.1122	0.1051	0.0984	0.0967	0.0970	0.0965	0.1062	0.1065	0.1018	0.1020	0.0969	0.0926	0.0917	0.0953	0.1176	0.1030	0.0988	0.1017	0.0969	0.0930	0.0912	0.0992	0.1082	0.0996	0.0993	0.0969	0.0969	0.0920	0.0921	0.0971	
0.7041	0.7197	0.5882	0.4296	0.2144	0.1642	0.1223	0.1126	0.5843	0.5864	0.5314	0.4779	0.2782	0.1897	0.1286	0.1088	0.5670	0.5843	0.5072	0.4346	0.2452	0.1759	0.1231	0.1065	0.4618	0.2848	0.2541	0.1534	0.1421	0.1132	0.1000	0.0944	0.1368	0.1143	0.1117	0.1035	0.0932	0.0921	0.0892	0.0915	0.1096	0.1056	0.1013	0.0957	0.0923	0.0914	0.0891	0.0911	0.1124	0.1021	0.0993	0.0948	0.0914	0.0945	0.0888	0.0932	0.1056	0.1003	0.0951	0.0961	0.0945	0.0914	0.0894	0.0896	
0.7204	0.7329	0.6140	0.4552	0.2292	0.1715	0.1257	0.1153	0.6092	0.6070	0.5555	0.5062	0.2986	0.2024	0.1319	0.1101	0.5899	0.6094	0.5360	0.4682	0.2705	0.1917	0.1307	0.1095	0.4888	0.3137	0.2826	0.1714	0.1477	0.1164	0.1025	0.0947	0.1415	0.1206	0.1177	0.1055	0.0977	0.0963	0.0978	0.0954	0.1143	0.1106	0.1056	0.0994	0.0948	0.0958	0.0980	0.0937	0.1182	0.1069	0.0994	0.0970	0.0943	0.0974	0.0939	0.0967	0.1116	0.1016	0.1003	0.0981	0.0968	0.0987	0.0962	0.0956	
0.7183	0.7405	0.6415	0.4828	0.2409	0.1754	0.1289	0.1152	0.6208	0.6330	0.5776	0.5287	0.3204	0.2175	0.1384	0.1142	0.6105	0.6331	0.5671	0.5027	0.3044	0.2102	0.1351	0.1108	0.5226	0.3384	0.3210	0.1883	0.1573	0.1189	0.1028	0.0941	0.1486	0.1208	0.1179	0.1057	0.0975	0.0951	0.0928	0.0951	0.1142	0.1102	0.1045	0.0990	0.0951	0.0942	0.0937	0.0935	0.1130	0.1031	0.0981	0.0979	0.0942	0.0934	0.0962	0.0958	0.1089	0.1012	0.0981	0.0979	0.0958	0.0950	0.0930	0.0924	
0.7257	0.7403	0.6639	0.5035	0.2529	0.1813	0.1288	0.1172	0.6435	0.6459	0.5849	0.5359	0.3456	0.2323	0.1414	0.1152	0.6313	0.6518	0.5839	0.5257	0.3385	0.2324	0.1456	0.1141	0.5568	0.3719	0.3568	0.2201	0.1655	0.1230	0.1048	0.0947	0.1539	0.1301	0.1254	0.1129	0.1017	0.1000	0.0988	0.0922	0.1114	0.1165	0.1134	0.1025	0.0985	0.0982	0.1007	0.0940	0.1125	0.1085	0.1010	0.1030	0.1005	0.0999	0.0932	0.0985	0.1067	0.1048	0.1045	0.1038	0.0995	0.0983	0.0944	0.0959	
0.7278	0.7429	0.6810	0.5293	0.2736	0.1930	0.1319	0.1186	0.6525	0.6602	0.6044	0.5527	0.3676	0.2442	0.1462	0.1155	0.6485	0.6655	0.6032	0.5469	0.3756	0.2569	0.1504	0.1177	0.5824	0.4086	0.3879	0.2543	0.1783	0.1279	0.1048	0.0943	0.1621	0.1262	0.1200	0.1107	0.0945	0.0966	0.0913	0.0953	0.1135	0.1074	0.1024	0.0964	0.0919	0.0919	0.0912	0.0900	0.1128	0.1009	0.0954	0.0960	0.0920	0.0906	0.0903	0.0923	0.1058	0.0980	0.0963	0.0968	0.0934	0.0925	0.0895	0.0916	
0.7280	0.7462	0.6982	0.5515	0.2826	0.1958	0.1341	0.1196	0.6582	0.6728	0.6172	0.5773	0.3939	0.2626	0.1506	0.1193	0.6557	0.6780	0.6221	0.5722	0.4087	0.2853	0.1604	0.1217	0.6127	0.4423	0.4286	0.3050	0.1928	0.1330	0.1082	0.0955	0.1753	0.1391	0.1265	0.1134	0.1020	0.0986	0.0974	0.0973	0.1173	0.1137	0.1090	0.1014	0.0980	0.0985	0.0962	0.0966	0.1170	0.1068	0.1005	0.0989	0.0984	0.0958	0.0955	0.0993	0.1103	0.1052	0.1009	0.0999	0.0991	0.0970	0.0980	0.0975	
0.7327	0.7481	0.7124	0.5796	0.3020	0.2086	0.1399	0.1212	0.6629	0.6758	0.6364	0.6059	0.4171	0.2822	0.1615	0.1226	0.6644	0.6763	0.6406	0.6005	0.4442	0.3124	0.1742	0.1236	0.6304	0.4807	0.4737	0.3512	0.2154	0.1405	0.1094	0.0957	0.1885	0.1464	0.1320	0.1121	0.1005	0.0973	0.0958	0.0947	0.1185	0.1152	0.1103	0.1016	0.0964	0.0970	0.0948	0.0932	0.1172	0.1065	0.1007	0.0989	0.0970	0.0956	0.0933	0.0985	0.1118	0.1065	0.1008	0.1003	0.0992	0.0996	0.0934	0.0945	
0.7325	0.7473	0.7081	0.6040	0.3215	0.2229	0.1431	0.1242	0.6673	0.6832	0.6416	0.6233	0.4493	0.3146	0.1702	0.1259	0.6667	0.6865	0.6503	0.6273	0.4780	0.3602	0.1903	0.1306	0.6474	0.5327	0.5225	0.4066	0.2504	0.1526	0.1142	0.0969	0.2089	0.1541	0.1377	0.1145	0.1024	0.0982	0.0966	0.0943	0.1190	0.1177	0.1097	0.1020	0.0989	0.0956	0.0964	0.0939	0.1188	0.1082	0.1009	0.0990	0.0959	0.0967	0.0935	0.0987	0.1147	0.1041	0.1039	0.1048	0.0991	0.0962	0.0939	0.0948	
0.7331	0.7426	0.7101	0.6253	0.3370	0.2297	0.1463	0.1242	0.6649	0.6788	0.6417	0.6315	0.4703	0.3420	0.1818	0.1267	0.6632	0.6842	0.6457	0.6439	0.5008	0.3892	0.2089	0.1367	0.6523	0.5650	0.5633	0.4624	0.2903	0.1632	0.1166	0.0977	0.2301	0.1649	0.1442	0.1178	0.1035	0.1016	0.0979	0.1043	0.1222	0.1191	0.1133	0.1026	0.0997	0.0966	0.0958	0.1028	0.1206	0.1097	0.1019	0.1009	0.0985	0.0953	0.0937	0.1042	0.1136	0.1068	0.1034	0.1009	0.0999	0.0975	0.0938	0.0937	
0.7351	0.7559	0.7131	0.6552	0.3617	0.2425	0.1520	0.1280	0.6650	0.6805	0.6339	0.6313	0.4982	0.3730	0.1902	0.1297	0.6651	0.6887	0.6426	0.6505	0.5265	0.4204	0.2253	0.1423	0.6534	0.5889	0.5769	0.4888	0.3343	0.1798	0.1207	0.0978	0.2500	0.1797	0.1484	0.1168	0.1036	0.0977	0.0953	0.0960	0.1261	0.1206	0.1122	0.1050	0.1009	0.0955	0.0907	0.0932	0.1244	0.1084	0.1046	0.1011	0.0943	0.0959	0.0917	0.0928	0.1170	0.1077	0.1029	0.0981	0.0963	0.0928	0.0910	0.0925	
0.7417	0.7545	0.7193	0.6840	0.3876	0.2603	0.1595	0.1303	0.6676	0.6744	0.6420	0.6405	0.5265	0.4018	0.2053	0.1334	0.6671	0.6791	0.6516	0.6607	0.5521	0.4564	0.2440	0.1514	0.6565	0.5964	0.6147	0.5220	0.3740	0.2010	0.1276	0.0984	0.2764	0.1981	0.1625	0.1228	0.1083	0.1042	0.0963	0.0972	0.1265	0.1233	0.1122	0.1030	0.0995	0.1021	0.0974	0.0947	0.1231	0.1096	0.1031	0.0992	0.0989	0.0984	0.0968	0.0972	0.1142	0.1071	0.1024	0.1011	0.0984	0.1025	0.0976	0.0960	
0.7386	0.7563	0.7264	0.6961	0.4166	0.2720	0.1630	0.1328	0.6605	0.6822	0.6430	0.6409	0.5448	0.4262	0.2200	0.1373	0.6717	0.6866	0.6512	0.6632	0.5696	0.4912	0.2677	0.1577	0.6556	0.5998	0.6230	0.5549	0.4068	0.2269	0.1325	0.0997	0.3064	0.2091	0.1698	0.1220	0.1063	0.0965	0.0949	0.0933	0.1291	0.1261	0.1136	0.1013	0.0981	0.0956	0.0944	0.0911	0.1206	0.1107	0.1048	0.0999	0.0954	0.0930	0.0916	0.0939	0.1131	0.1057	0.1020	0.0996	0.0966	0.0943	0.0918	0.0922	
0.7409	0.7546	0.7254	0.7111	0.4367	0.2861	0.1650	0.1358	0.6667	0.6882	0.6435	0.6438	0.5814	0.4576	0.2338	0.1411	0.6739	0.6908	0.6509	0.6639	0.6090	0.5251	0.2957	0.1684	0.6555	0.6095	0.6300	0.5938	0.4558	0.2658	0.1433	0.1005	0.3341	0.2386	0.1835	0.1262	0.1038	0.0988	0.0963	0.0990	0.1320	0.1270	0.1132	0.1018	0.0962	0.0947	0.0929	0.0978	0.1217	0.1095	0.1010	0.0978	0.0953	0.0947	0.0927	0.1030	0.1138	0.1050	0.1046	0.0998	0.1021	0.0986	0.0921	0.0999	
0.7391	0.7532	0.7258	0.7205	0.4506	0.3009	0.1736	0.1378	0.6653	0.6853	0.6498	0.6479	0.6013	0.4845	0.2540	0.1465	0.6734	0.6895	0.6597	0.6723	0.6166	0.5448	0.3359	0.1799	0.6634	0.6108	0.6445	0.6289	0.5014	0.3004	0.1560	0.1037	0.3739	0.2650	0.2027	0.1307	0.1026	0.0962	0.0943	0.0923	0.1369	0.1292	0.1121	0.1004	0.0963	0.0934	0.0914	0.0917	0.1214	0.1103	0.0993	0.0971	0.0963	0.0921	0.0923	0.0949	0.1153	0.1055	0.1000	0.0981	0.0941	0.0926	0.0906	0.0925	
0.7453	0.7568	0.7285	0.7222	0.4874	0.3225	0.1839	0.1431	0.6677	0.6866	0.6414	0.6455	0.6217	0.5236	0.2724	0.1505	0.6783	0.6922	0.6525	0.6661	0.6376	0.5774	0.3636	0.1879	0.6573	0.6170	0.6360	0.6318	0.5372	0.3396	0.1701	0.1068	0.4043	0.2890	0.2210	0.1461	0.1083	0.0986	0.0959	0.0919	0.1406	0.1365	0.1159	0.1026	0.0968	0.0939	0.0928	0.0923	0.1234	0.1113	0.1017	0.1003	0.0989	0.0944	0.0938	0.0943	0.1152	0.1052	0.1017	0.1048	0.0966	0.0960	0.0942	0.0940	
0.7490	0.7669	0.7291	0.7306	0.5144	0.3424	0.1923	0.1452	0.6687	0.6804	0.6424	0.6474	0.6129	0.5370	0.2848	0.1550	0.6754	0.6917	0.6584	0.6736	0.6343	0.5944	0.4010	0.1982	0.6607	0.6139	0.6414	0.6352	0.5465	0.3713	0.1852	0.1048	0.4490	0.3246	0.2532	0.1428	0.1172	0.1008	0.0985	0.0940	0.1508	0.1456	0.1199	0.1076	0.0986	0.0972	0.0953	0.0947	0.1275	0.1155	0.1044	0.1032	0.0982	0.0947	0.0940	0.0973	0.1180	0.1074	0.1042	0.1019	0.0990	0.0976	0.0967	0.0957	
0.7472	0.7575	0.7246	0.7280	0.5273	0.3539	0.2003	0.1496	0.6711	0.6869	0.6434	0.6449	0.6277	0.5656	0.2958	0.1615	0.6787	0.6981	0.6589	0.6705	0.6434	0.6197	0.4453	0.2199	0.6653	0.6118	0.6431	0.6387	0.5831	0.4188	0.2126	0.1109	0.4931	0.3704	0.2897	0.1525	0.1098	0.1019	0.0998	0.0947	0.1609	0.1490	0.1202	0.1053	0.1010	0.0959	0.0948	0.0966	0.1290	0.1139	0.1044	0.1013	0.0976	0.0952	0.0957	0.0977	0.1183	0.1083	0.1038	0.1013	0.0984	0.0973	0.0940	0.0933	
0.7516	0.7598	0.7325	0.7287	0.5614	0.3774	0.2054	0.1528	0.6697	0.6849	0.6420	0.6488	0.6227	0.5866	0.3094	0.1691	0.6775	0.6865	0.6589	0.6754	0.6415	0.6283	0.4822	0.2394	0.6648	0.6161	0.6485	0.6445	0.6016	0.4360	0.2381	0.1110	0.5158	0.3985	0.3224	0.1598	0.1110	0.1032	0.0996	0.0944	0.1657	0.1555	0.1220	0.1054	0.0975	0.0966	0.0947	0.0937	0.1325	0.1148	0.1040	0.1003	0.0970	0.0973	0.0931	0.0957	0.1190	0.1083	0.1055	0.1049	0.0982	0.0984	0.0953	0.0947	
0.7528	0.7740	0.7371	0.7279	0.5854	0.4104	0.2204	0.1565	0.6736	0.6851	0.6486	0.6524	0.6326	0.6125	0.3259	0.1741	0.6817	0.6937	0.6621	0.6740	0.6432	0.6445	0.5170	0.2528	0.6659	0.6178	0.6493	0.6474	0.6159	0.4711	0.2625	0.1148	0.5420	0.4308	0.3635	0.1694	0.1121	0.1036	0.0999	0.0989	0.1750	0.1635	0.1254	0.1082	0.0985	0.1012	0.0944	0.1026	0.1306	0.1148	0.1039	0.1002	0.0973	0.0970	0.0931	0.1098	0.1216	0.1083	0.1040	0.1006	0.0985	0.0960	0.0935	0.1005	
0.7529	0.7674	0.7292	0.7392	0.6028	0.4285	0.2312	0.1625	0.6702	0.6818	0.6465	0.6468	0.6347	0.6233	0.3457	0.1827	0.6815	0.6937	0.6629	0.6732	0.6438	0.6427	0.5437	0.2711	0.6693	0.6160	0.6532	0.6480	0.6321	0.5153	0.3022	0.1194	0.5684	0.4731	0.3992	0.1856	0.1152	0.1032	0.1050	0.0949	0.1871	0.1738	0.1274	0.1069	0.1009	0.0993	0.0957	0.0940	0.1358	0.1182	0.1073	0.1023	0.0981	0.0963	0.0940	0.0981	0.1206	0.1097	0.1045	0.1015	0.0990	0.1007	0.0963	0.0972	
0.7604	0.7752	0.7438	0.7393	0.6311	0.4581	0.2466	0.1716	0.6764	0.6890	0.6549	0.6509	0.6338	0.6522	0.3698	0.1888	0.6860	0.6995	0.6666	0.6764	0.6449	0.6534	0.5766	0.2925	0.6700	0.6279	0.6505	0.6545	0.6378	0.5367	0.3242	0.1254	0.5772	0.5109	0.4469	0.2013	0.1159	0.1026	0.1017	0.0937	0.2033	0.1853	0.1327	0.1073	0.0989	0.0979	0.0949	0.0932	0.1352	0.1185	0.1048	0.1004	0.0982	0.0963	0.0940	0.0967	0.1218	0.1117	0.1041	0.1016	0.0973	0.0973	0.0935	0.0964	
0.7652	0.7758	0.7456	0.7402	0.6534	0.4833	0.2557	0.1771	0.6807	0.6881	0.6534	0.6519	0.6325	0.6563	0.3914	0.1972	0.6858	0.7014	0.6671	0.6762	0.6396	0.6522	0.6020	0.3211	0.6717	0.6204	0.6525	0.6498	0.6380	0.5659	0.3590	0.1294	0.5853	0.5343	0.4812	0.2235	0.1181	0.1037	0.1044	0.0974	0.2213	0.2007	0.1330	0.1100	0.1000	0.0966	0.0965	0.0955	0.1374	0.1197	0.1070	0.1021	0.0971	0.0961	0.0939	0.0980	0.1236	0.1107	0.1044	0.1018	0.0991	0.0969	0.0942	0.0940	
0.7660	0.7779	0.7505	0.7411	0.6651	0.5077	0.2696	0.1839	0.6790	0.6902	0.6545	0.6535	0.6429	0.6741	0.4166	0.2101	0.6871	0.7010	0.6654	0.6754	0.6483	0.6585	0.6317	0.3538	0.6715	0.6289	0.6494	0.6547	0.6425	0.5811	0.3951	0.1367	0.5922	0.5494	0.5191	0.2532	0.1202	0.1042	0.1049	0.0972	0.2440	0.2216	0.1419	0.1090	0.0995	0.0994	0.0994	0.0939	0.1412	0.1221	0.1077	0.1013	0.0979	0.1003	0.0954	0.1007	0.1240	0.1183	0.1046	0.1025	0.0988	0.1006	0.0989	0.0965	
0.7658	0.7828	0.7470	0.7472	0.6812	0.5349	0.2846	0.1886	0.6801	0.6994	0.6569	0.6569	0.6458	0.6743	0.4416	0.2194	0.6904	0.7055	0.6673	0.6822	0.6561	0.6623	0.6597	0.3839	0.6717	0.6306	0.6505	0.6598	0.6487	0.6063	0.4254	0.1460	0.5974	0.5647	0.5496	0.2997	0.1233	0.1047	0.1070	0.0957	0.2710	0.2394	0.1436	0.1084	0.0990	0.0974	0.0966	0.0954	0.1447	0.1235	0.1051	0.1009	0.0967	0.0953	0.0949	0.0982	0.1268	0.1124	0.1039	0.1028	0.0978	0.0963	0.0971	0.0939	
0.7686	0.7776	0.7467	0.7494	0.6969	0.5531	0.2966	0.1996	0.6849	0.7029	0.6611	0.6650	0.6551	0.6807	0.4701	0.2446	0.6947	0.7126	0.6788	0.6873	0.6613	0.6661	0.6955	0.4270	0.6774	0.6324	0.6592	0.6632	0.6557	0.6240	0.4592	0.1604	0.6043	0.5764	0.5857	0.3545	0.1306	0.1064	0.1123	0.0959	0.3057	0.2661	0.1499	0.1094	0.0997	0.1025	0.0946	0.0941	0.1523	0.1256	0.1069	0.1043	0.0968	0.0975	0.0939	0.0997	0.1262	0.1155	0.1055	0.1028	0.0987	0.0980	0.0972	0.0944	
0.7752	0.7850	0.7481	0.7482	0.7069	0.5795	0.3162	0.2074	0.6887	0.7042	0.6640	0.6578	0.6501	0.6802	0.4986	0.2598	0.6997	0.7180	0.6790	0.6905	0.6538	0.6671	0.7136	0.4589	0.6847	0.6415	0.6589	0.6577	0.6511	0.6386	0.4965	0.1694	0.6083	0.5856	0.5992	0.3991	0.1372	0.1093	0.1145	0.0936	0.3415	0.2948	0.1602	0.1133	0.1010	0.0985	0.0964	0.0932	0.1575	0.1313	0.1084	0.1041	0.0974	0.0981	0.0938	0.0975	0.1308	0.1149	0.1058	0.1030	0.0991	0.0956	0.0944	0.0944	
0.7708	0.7933	0.7477	0.7464	0.7012	0.6076	0.3383	0.2148	0.6848	0.7048	0.6576	0.6621	0.6491	0.6807	0.5242	0.2686	0.6979	0.7171	0.6761	0.6911	0.6547	0.6586	0.7219	0.4831	0.6846	0.6364	0.6612	0.6548	0.6466	0.6322	0.5180	0.1795	0.6124	0.5832	0.6068	0.4377	0.1444	0.1095	0.1127	0.0942	0.3680	0.3238	0.1686	0.1101	0.1001	0.0955	0.0948	0.0941	0.1632	0.1310	0.1103	0.1009	0.0969	0.0938	0.0922	0.0955	0.1290	0.1146	0.1081	0.1012	0.0963	0.0952	0.0923	0.0923	
0.7774	0.7900	0.7521	0.7527	0.7055	0.6300	0.3644	0.2295	0.6924	0.6981	0.6674	0.6666	0.6473	0.6891	0.5522	0.2852	0.7022	0.7180	0.6877	0.6940	0.6567	0.6653	0.7299	0.5131	0.6862	0.6443	0.6707	0.6587	0.6523	0.6378	0.5411	0.1960	0.6092	0.5876	0.6052	0.4758	0.1528	0.1109	0.1192	0.0950	0.4097	0.3597	0.1752	0.1133	0.1013	0.0973	0.0957	0.0936	0.1758	0.1359	0.1094	0.1026	0.0979	0.0999	0.0938	0.0953	0.1339	0.1183	0.1084	0.1078	0.1010	0.0969	0.0941	0.0940	
0.7746	0.7935	0.7536	0.7545	0.7063	0.6440	0.3856	0.2349	0.6947	0.7121	0.6664	0.6713	0.6530	0.6780	0.5819	0.3014	0.7075	0.7237	0.6877	0.6983	0.6525	0.6601	0.7416	0.5398	0.6880	0.6517	0.6728	0.6636	0.6491	0.6363	0.5628	0.2138	0.6071	0.5863	0.6098	0.5058	0.1591	0.1116	0.1229	0.0938	0.4351	0.3974	0.1860	0.1146	0.0983	0.0953	0.0938	0.0913	0.1793	0.1381	0.1079	0.1006	0.0957	0.0926	0.0912	0.0940	0.1327	0.1176	0.1058	0.1010	0.0959	0.0949	0.0917	0.0908	
0.7801	0.7931	0.7503	0.7513	0.7068	0.6572	0.4111	0.2404	0.6929	0.7139	0.6568	0.6638	0.6475	0.6756	0.6053	0.3216	0.7083	0.7288	0.6831	0.6924	0.6494	0.6542	0.7576	0.5635	0.6967	0.6520	0.6631	0.6617	0.6444	0.6226	0.5863	0.2331	0.6110	0.5886	0.6010	0.5294	0.1778	0.1144	0.1279	0.0916	0.4624	0.4187	0.1956	0.1228	0.1000	0.0949	0.0935	0.0896	0.1854	0.1386	0.1088	0.1053	0.1002	0.0919	0.0934	0.0923	0.1342	0.1210	0.1057	0.1070	0.1049	0.0953	0.0912	0.0899	
