0.0893	0.1221	0.1040	0.1223	0.0876	0.0942	0.0980	0.1081	0.0859	0.0863	0.0880	0.0865	0.0890	0.0852	0.0894	0.0926	0.0863	0.0868	0.0902	0.0891	0.0867	0.1736	0.1158	0.1471	0.0850	0.0859	0.0869	0.0877	0.0877	0.0878	0.0902	0.0914	0.0852	0.0926	0.0903	0.0881	0.0866	0.1018	0.0976	0.0984	0.0858	0.0859	0.0860	0.0865	0.0887	0.0856	0.0900	0.0908	0.0868	0.0845	0.0852	0.0872	0.0849	0.0889	0.0919	0.0924	0.0861	0.0875	0.0876	0.0868	0.0857	0.0876	0.0894	0.0914	
0.0868	0.0895	0.0876	0.0880	0.0877	0.0877	0.0884	0.0909	0.0855	0.0878	0.0881	0.0880	0.0887	0.0851	0.0885	0.0889	0.0875	0.0864	0.0875	0.0881	0.0877	0.0879	0.0892	0.0882	0.0853	0.0866	0.0872	0.0877	0.0882	0.0871	0.0872	0.0892	0.0861	0.1146	0.0874	0.0874	0.0863	0.0880	0.0880	0.0880	0.0847	0.0875	0.0864	0.0870	0.0879	0.0864	0.0878	0.0889	0.0880	0.0868	0.0872	0.0875	0.0868	0.0871	0.0875	0.0880	0.0943	0.0883	0.0874	0.0879	0.0873	0.0869	0.0877	0.0871	
0.0877	0.0889	0.0880	0.0889	0.0885	0.0900	0.0885	0.0905	0.0873	0.0863	0.0891	0.0877	0.0891	0.0874	0.0879	0.0875	0.0862	0.0857	0.0889	0.0878	0.0873	0.0886	0.0903	0.0873	0.0853	0.0870	0.0867	0.0870	0.0894	0.0864	0.0870	0.0886	0.0865	0.1098	0.0879	0.0890	0.0858	0.0873	0.0888	0.0881	0.0858	0.0866	0.0859	0.0870	0.0877	0.0859	0.0879	0.0868	0.0864	0.0868	0.0870	0.0871	0.0869	0.0872	0.0866	0.0878	0.0968	0.0877	0.0884	0.0876	0.0870	0.0881	0.0880	0.0870	
0.0876	0.0885	0.0889	0.0889	0.0884	0.0887	0.0881	0.0913	0.0855	0.0877	0.0884	0.0890	0.0893	0.0859	0.0884	0.0880	0.0858	0.0864	0.0878	0.0876	0.0867	0.0875	0.0883	0.0853	0.0851	0.0878	0.0866	0.0874	0.0883	0.0848	0.0884	0.0886	0.0862	0.1081	0.0875	0.0876	0.0859	0.0871	0.0876	0.0869	0.0859	0.0877	0.0862	0.0869	0.0875	0.0862	0.0877	0.0866	0.0873	0.0875	0.0868	0.0867	0.0875	0.0872	0.0889	0.0863	0.0936	0.0881	0.0882	0.0885	0.0874	0.0858	0.0881	0.0877	
0.0886	0.0885	0.0875	0.0891	0.0881	0.0905	0.0892	0.0879	0.0878	0.0870	0.0883	0.0890	0.0887	0.0873	0.0924	0.0877	0.0869	0.0872	0.0880	0.0882	0.0871	0.0891	0.0901	0.0895	0.0851	0.0867	0.0871	0.0886	0.0887	0.0871	0.0890	0.0887	0.0866	0.1295	0.0870	0.0875	0.0869	0.0867	0.0902	0.0909	0.0860	0.0870	0.0876	0.0879	0.0877	0.0880	0.0914	0.0878	0.0874	0.0864	0.0875	0.0878	0.0866	0.0878	0.0871	0.0865	0.0935	0.0887	0.0883	0.0887	0.0876	0.0934	0.0903	0.0898	
0.0889	0.0898	0.0888	0.0886	0.0878	0.0896	0.0889	0.0899	0.0864	0.0879	0.0885	0.0890	0.0888	0.0875	0.0904	0.0902	0.0869	0.0872	0.0889	0.0883	0.0874	0.0882	0.0910	0.0887	0.0861	0.0870	0.0884	0.0883	0.0889	0.0863	0.0883	0.0897	0.0869	0.1098	0.0889	0.0884	0.0874	0.0883	0.0876	0.0873	0.0862	0.0873	0.0873	0.0872	0.0881	0.0856	0.0887	0.0874	0.0874	0.0873	0.0878	0.0877	0.0870	0.0871	0.0884	0.0876	0.0963	0.0889	0.0885	0.0888	0.0885	0.0869	0.0887	0.0882	
0.0881	0.0889	0.0877	0.0884	0.0875	0.0883	0.0961	0.0887	0.0860	0.0875	0.0872	0.0885	0.0889	0.0869	0.0894	0.0887	0.0864	0.0866	0.0868	0.0883	0.0860	0.0887	0.0934	0.0874	0.0853	0.0868	0.0860	0.0868	0.0880	0.0855	0.0886	0.0888	0.0860	0.1029	0.0873	0.0875	0.0861	0.0880	0.0890	0.0880	0.0856	0.0871	0.0869	0.0870	0.0874	0.0856	0.0889	0.0879	0.0879	0.0860	0.0875	0.0872	0.0865	0.0878	0.0882	0.0877	0.0954	0.0877	0.0876	0.0872	0.0870	0.0871	0.0880	0.0880	
0.0877	0.0893	0.0873	0.0890	0.0879	0.0900	0.0897	0.0892	0.0879	0.0871	0.0884	0.0889	0.0885	0.0864	0.0906	0.0866	0.0865	0.0870	0.0879	0.0874	0.0869	0.0875	0.0884	0.0892	0.0857	0.0865	0.0875	0.0886	0.0889	0.0867	0.0886	0.0894	0.0867	0.1050	0.0886	0.0884	0.0870	0.0876	0.0875	0.0875	0.0860	0.0875	0.0878	0.0873	0.0877	0.0857	0.0880	0.0877	0.0874	0.0872	0.0876	0.0877	0.0867	0.0883	0.0870	0.0882	0.0963	0.0890	0.0883	0.0887	0.0868	0.0867	0.0885	0.0879	
0.0887	0.0882	0.0870	0.0878	0.0878	0.0884	0.0900	0.0884	0.0876	0.0866	0.0875	0.0878	0.0882	0.0883	0.0889	0.0895	0.0859	0.0869	0.0880	0.0877	0.0871	0.0885	0.0908	0.0890	0.0875	0.0860	0.0870	0.0868	0.0886	0.0864	0.0885	0.0891	0.0910	0.1529	0.0877	0.0888	0.0866	0.0878	0.0895	0.0880	0.0856	0.0873	0.0871	0.0870	0.0875	0.0862	0.0890	0.0883	0.0873	0.0871	0.0882	0.0882	0.0867	0.0879	0.0877	0.0874	0.0928	0.0882	0.0882	0.0882	0.0872	0.0884	0.0891	0.0887	
0.0890	0.0892	0.0886	0.0895	0.0888	0.0909	0.0917	0.0938	0.0881	0.0880	0.0886	0.0886	0.0898	0.0899	0.0918	0.0883	0.0873	0.0872	0.0877	0.0880	0.0870	0.0894	0.0894	0.0906	0.0854	0.0867	0.0865	0.0878	0.0893	0.0869	0.0888	0.0888	0.0867	0.1490	0.0883	0.0881	0.0879	0.0920	0.0903	0.0916	0.0850	0.0872	0.0874	0.0869	0.0883	0.0879	0.0898	0.0882	0.0879	0.0871	0.0875	0.0871	0.0864	0.0892	0.0884	0.0887	0.0967	0.0893	0.0882	0.0885	0.0869	0.0880	0.0892	0.0885	
0.0879	0.0883	0.0885	0.0882	0.0892	0.0895	0.0898	0.0881	0.0872	0.0875	0.0883	0.0882	0.0891	0.0876	0.0876	0.0888	0.0868	0.0876	0.0879	0.0889	0.0867	0.0861	0.0897	0.0883	0.0858	0.0868	0.0875	0.0876	0.0884	0.0871	0.0878	0.0882	0.0864	0.1007	0.0875	0.0881	0.0869	0.0891	0.0876	0.0878	0.0862	0.0878	0.0872	0.0871	0.0879	0.0854	0.0873	0.0866	0.0876	0.0871	0.0883	0.0879	0.0882	0.0880	0.0881	0.0878	0.0968	0.0892	0.0890	0.0890	0.0879	0.0875	0.0879	0.0872	
0.0893	0.0893	0.0894	0.0893	0.0889	0.0909	0.0908	0.0932	0.0873	0.0881	0.0886	0.0890	0.0906	0.0893	0.0914	0.0897	0.0877	0.0876	0.0885	0.0888	0.0874	0.0967	0.0913	0.0882	0.0865	0.0874	0.0880	0.0883	0.0887	0.0905	0.0900	0.0931	0.0873	0.0910	0.0889	0.0890	0.0879	0.0918	0.0903	0.0918	0.0866	0.0878	0.0873	0.0876	0.0892	0.0903	0.0917	0.0900	0.0883	0.0882	0.0883	0.0887	0.0879	0.0918	0.0911	0.0913	0.0941	0.0897	0.0891	0.0885	0.0886	0.0880	0.0890	0.0887	
0.0892	0.0891	0.0897	0.0891	0.0890	0.0885	0.0889	0.0904	0.0883	0.0885	0.0891	0.0900	0.0890	0.0902	0.0911	0.0886	0.0876	0.0871	0.0894	0.0891	0.0879	0.0925	0.0969	0.0874	0.0863	0.0875	0.0879	0.0884	0.0886	0.0882	0.0883	0.0886	0.0877	0.1003	0.0884	0.0894	0.0879	0.0903	0.0898	0.0891	0.0870	0.0877	0.0873	0.0879	0.0890	0.0866	0.0878	0.0882	0.0888	0.0884	0.0884	0.0889	0.0884	0.0890	0.0876	0.0932	0.0966	0.0899	0.0892	0.0893	0.0884	0.0870	0.0889	0.0869	
0.0897	0.0893	0.0885	0.0888	0.0877	0.0903	0.0900	0.0896	0.0873	0.0873	0.0883	0.0892	0.0895	0.0880	0.0895	0.0887	0.0872	0.0885	0.0871	0.0881	0.0871	0.0924	0.0890	0.0889	0.0859	0.0869	0.0887	0.0886	0.0890	0.0891	0.0887	0.0878	0.0862	0.0951	0.0873	0.0893	0.0895	0.0878	0.0873	0.0878	0.0866	0.0886	0.0871	0.0874	0.0889	0.0866	0.0876	0.0863	0.0876	0.0872	0.0883	0.0872	0.0868	0.0870	0.0876	0.0892	0.0962	0.0889	0.0881	0.0884	0.0880	0.0895	0.0896	0.0879	
0.0911	0.0900	0.0902	0.0902	0.0894	0.0938	0.0948	0.0939	0.0892	0.0894	0.0898	0.0904	0.0914	0.0894	0.0913	0.0905	0.0887	0.0888	0.0897	0.0897	0.0883	0.0911	0.0909	0.0919	0.0872	0.0884	0.0886	0.0892	0.0898	0.0904	0.0918	0.0909	0.0886	0.1070	0.0887	0.0898	0.0881	0.0901	0.0923	0.0902	0.0883	0.0878	0.0886	0.0872	0.0887	0.0877	0.0894	0.0907	0.0897	0.0891	0.0893	0.0885	0.0889	0.0902	0.0896	0.0914	0.0980	0.0918	0.0896	0.0894	0.0887	0.0883	0.0902	0.0891	
0.0897	0.0892	0.0892	0.0899	0.0885	0.0897	0.0896	0.0896	0.0885	0.0879	0.0894	0.0897	0.0903	0.0863	0.0905	0.0886	0.0892	0.0877	0.0887	0.0883	0.0875	0.0887	0.0895	0.0891	0.0876	0.0876	0.0876	0.0880	0.0895	0.0868	0.0886	0.0887	0.0876	0.0955	0.0886	0.0884	0.0874	0.0896	0.0889	0.0887	0.0873	0.0883	0.0873	0.0875	0.0881	0.0898	0.0901	0.0889	0.0882	0.0884	0.0884	0.0884	0.0879	0.0890	0.0884	0.0896	0.0943	0.0896	0.0891	0.0890	0.0887	0.0892	0.0893	0.0895	
0.0915	0.0900	0.0891	0.0900	0.0886	0.0904	0.0912	0.0929	0.0889	0.0880	0.0900	0.0900	0.0901	0.0879	0.0895	0.0892	0.0893	0.0883	0.0893	0.0897	0.0885	0.0918	0.0912	0.0892	0.0880	0.0882	0.0877	0.0891	0.0896	0.0895	0.0895	0.0902	0.0879	0.0933	0.0882	0.0893	0.0886	0.0904	0.0899	0.0908	0.0884	0.0888	0.0875	0.0878	0.0885	0.0881	0.0895	0.0871	0.0890	0.0880	0.0886	0.0885	0.0878	0.0871	0.0902	0.0891	0.0983	0.0898	0.0894	0.0893	0.0886	0.0891	0.0909	0.0882	
0.0919	0.0908	0.0900	0.0908	0.0902	0.0913	0.0893	0.0896	0.0897	0.0890	0.0884	0.0889	0.0912	0.0876	0.0910	0.0881	0.0890	0.0896	0.0900	0.0911	0.0888	0.0906	0.0910	0.0910	0.0879	0.0895	0.0891	0.0890	0.0913	0.0871	0.0899	0.0908	0.0887	0.1439	0.0889	0.0892	0.0879	0.0898	0.0901	0.0894	0.0877	0.0899	0.0876	0.0881	0.0903	0.0897	0.0905	0.0888	0.0897	0.0897	0.0892	0.0898	0.0881	0.0905	0.0894	0.0884	0.0983	0.0897	0.0896	0.0893	0.0897	0.0876	0.0903	0.0919	
0.0934	0.0907	0.0915	0.0913	0.0901	0.0901	0.0885	0.0903	0.0921	0.0902	0.0913	0.0914	0.0931	0.0865	0.0922	0.0886	0.0898	0.0911	0.0912	0.0908	0.0900	0.0889	0.0900	0.0883	0.0900	0.0921	0.0893	0.0905	0.0915	0.0874	0.0884	0.0898	0.0908	0.0963	0.0908	0.0917	0.0899	0.0884	0.0914	0.0878	0.0900	0.0900	0.0894	0.0899	0.0904	0.0875	0.0894	0.0883	0.0907	0.0894	0.0907	0.0911	0.0900	0.0878	0.0904	0.0895	0.0996	0.0913	0.0911	0.0905	0.0902	0.0888	0.0908	0.0910	
0.0936	0.0892	0.0903	0.0907	0.0886	0.0912	0.0900	0.0905	0.0881	0.0881	0.0881	0.0895	0.0918	0.0882	0.0913	0.0884	0.0896	0.0894	0.0891	0.0898	0.0874	0.0896	0.0902	0.0892	0.0875	0.0876	0.0887	0.0885	0.0905	0.0877	0.0887	0.0908	0.0886	0.0916	0.0887	0.0904	0.0882	0.0896	0.0880	0.0895	0.0877	0.0902	0.0890	0.0879	0.0897	0.0876	0.0894	0.0895	0.0883	0.0884	0.0884	0.0885	0.0888	0.0904	0.0899	0.0881	0.0990	0.0900	0.0883	0.0884	0.0885	0.0889	0.0915	0.0889	
0.0950	0.0900	0.0914	0.0909	0.0900	0.0900	0.0899	0.0907	0.0924	0.0894	0.0909	0.0900	0.0908	0.0868	0.0924	0.0895	0.0911	0.0900	0.0905	0.0896	0.0880	0.0898	0.0904	0.0905	0.0898	0.0903	0.0907	0.0894	0.0907	0.0877	0.0882	0.0879	0.0919	0.0897	0.0906	0.0901	0.0889	0.0891	0.0898	0.0900	0.0896	0.0905	0.0889	0.0900	0.0911	0.0862	0.0889	0.0874	0.0910	0.0888	0.0893	0.0884	0.0895	0.0894	0.0877	0.0885	0.0975	0.0923	0.0905	0.0898	0.0906	0.0872	0.0893	0.0903	
0.0947	0.0899	0.0905	0.0914	0.0909	0.0975	0.0887	0.0928	0.0905	0.0902	0.0905	0.0909	0.0916	0.0870	0.0914	0.0922	0.0909	0.0899	0.0899	0.0894	0.0881	0.0881	0.0921	0.0888	0.0880	0.0902	0.0886	0.0894	0.0909	0.0866	0.0908	0.0900	0.0905	0.0888	0.0887	0.0905	0.0888	0.0910	0.0897	0.0888	0.0887	0.0894	0.0884	0.0890	0.0882	0.0877	0.0896	0.0880	0.0903	0.0881	0.0894	0.0890	0.0883	0.0907	0.0891	0.0890	0.0990	0.0910	0.0911	0.0908	0.0909	0.0884	0.0907	0.0901	
0.0954	0.0904	0.0917	0.0910	0.0897	0.0961	0.0965	0.0961	0.0928	0.0916	0.0945	0.0931	0.0936	0.0918	0.0962	0.0953	0.0926	0.0922	0.0916	0.0918	0.0889	0.0945	0.0966	0.0949	0.0904	0.0902	0.0911	0.0903	0.0905	0.0902	0.0909	0.0921	0.0917	0.1086	0.0910	0.0906	0.0899	0.0940	0.0899	0.0905	0.0903	0.0904	0.0900	0.0901	0.0905	0.0888	0.0916	0.0897	0.0908	0.0902	0.0903	0.0906	0.0895	0.0936	0.0890	0.0912	0.0926	0.0922	0.0919	0.0914	0.0910	0.0925	0.0943	0.0933	
0.0963	0.0915	0.0926	0.0920	0.0918	0.0870	0.0863	0.0866	0.0914	0.0899	0.0916	0.0903	0.0926	0.0842	0.0869	0.0866	0.0911	0.0897	0.0896	0.0898	0.0884	0.0865	0.0871	0.0855	0.0914	0.0906	0.0903	0.0900	0.0919	0.0870	0.0893	0.0903	0.0902	0.1023	0.0914	0.0913	0.0892	0.0878	0.0898	0.0886	0.0899	0.0913	0.0886	0.0880	0.0896	0.0861	0.0902	0.0883	0.0913	0.0902	0.0904	0.0898	0.0890	0.0894	0.0885	0.0890	0.0943	0.0925	0.0911	0.0912	0.0898	0.0886	0.0901	0.0891	
0.0988	0.0918	0.0924	0.0913	0.0906	0.0930	0.0931	0.0912	0.0914	0.0913	0.0910	0.0920	0.0916	0.0909	0.0963	0.0916	0.0914	0.0908	0.0909	0.0915	0.0879	0.0923	0.0931	0.0909	0.0909	0.0902	0.0904	0.0911	0.0917	0.0876	0.0898	0.0897	0.0921	0.1002	0.0896	0.0897	0.0891	0.0885	0.0893	0.0887	0.0902	0.0913	0.0893	0.0898	0.0905	0.0889	0.0899	0.0910	0.0903	0.0900	0.0900	0.0902	0.0892	0.0943	0.0888	0.0912	0.0995	0.0923	0.0912	0.0915	0.0903	0.0891	0.0908	0.0895	
0.0999	0.0908	0.0934	0.0911	0.0907	0.0903	0.0885	0.0931	0.0921	0.0901	0.0913	0.0903	0.0929	0.0864	0.0871	0.0877	0.0925	0.0909	0.0911	0.0895	0.0880	0.0891	0.0903	0.0908	0.0919	0.0908	0.0897	0.0891	0.0907	0.0867	0.0879	0.0888	0.0919	0.1040	0.0904	0.0899	0.0886	0.0915	0.0885	0.0872	0.0915	0.0920	0.0900	0.0892	0.0908	0.0858	0.0860	0.0860	0.0922	0.0905	0.0904	0.0897	0.0879	0.0880	0.0857	0.0861	0.0986	0.0921	0.0910	0.0909	0.0902	0.0882	0.0870	0.0886	
0.1013	0.0926	0.0909	0.0906	0.0904	0.0912	0.0902	0.0904	0.0923	0.0895	0.0913	0.0904	0.0911	0.0878	0.0907	0.0898	0.0929	0.0913	0.0902	0.0908	0.0881	0.0890	0.0903	0.0885	0.0907	0.0902	0.0898	0.0887	0.0922	0.0889	0.0923	0.0925	0.0927	0.1008	0.0903	0.0896	0.0893	0.0928	0.0941	0.0908	0.0909	0.0915	0.0902	0.0876	0.0891	0.0877	0.0925	0.0906	0.0917	0.0910	0.0901	0.0889	0.0884	0.0906	0.0920	0.0917	0.0983	0.0916	0.0911	0.0903	0.0903	0.0907	0.0886	0.0886	
0.1034	0.0924	0.0945	0.0926	0.0917	0.0931	0.0950	0.0943	0.0938	0.0908	0.0928	0.0909	0.0907	0.0919	0.0954	0.0947	0.0936	0.0912	0.0906	0.0919	0.0890	0.0921	0.0946	0.0900	0.0922	0.0910	0.0914	0.0902	0.0914	0.0899	0.0922	0.0899	0.0941	0.0912	0.0901	0.0907	0.0888	0.0899	0.0932	0.0942	0.0911	0.0911	0.0896	0.0891	0.0895	0.0873	0.0914	0.0913	0.0918	0.0908	0.0908	0.0899	0.0883	0.0889	0.0885	0.0903	0.0966	0.0926	0.0914	0.0907	0.0915	0.0894	0.0900	0.0902	
0.1038	0.0924	0.0924	0.0912	0.0921	0.0934	0.0936	0.0922	0.0937	0.0913	0.0922	0.0915	0.0905	0.0882	0.0927	0.0927	0.0950	0.0911	0.0911	0.0899	0.0868	0.0931	0.0934	0.0912	0.0927	0.0922	0.0903	0.0903	0.0904	0.0920	0.0942	0.0926	0.0935	0.1001	0.0891	0.0898	0.0888	0.0894	0.0919	0.0905	0.0919	0.0901	0.0878	0.0872	0.0891	0.0925	0.0940	0.0929	0.0913	0.0900	0.0894	0.0896	0.0873	0.0915	0.0928	0.0891	0.0974	0.0922	0.0908	0.0910	0.0906	0.0917	0.0910	0.0889	
0.1069	0.0916	0.0931	0.0911	0.0908	0.0933	0.0923	0.0941	0.0960	0.0907	0.0921	0.0919	0.0911	0.0887	0.0915	0.0913	0.0946	0.0917	0.0911	0.0901	0.0887	0.0888	0.0900	0.0919	0.0936	0.0912	0.0908	0.0889	0.0903	0.0852	0.0909	0.0911	0.0944	0.0986	0.0916	0.0898	0.0876	0.0885	0.0910	0.0880	0.0927	0.0913	0.0898	0.0884	0.0901	0.0878	0.0888	0.0884	0.0934	0.0912	0.0896	0.0894	0.0884	0.0882	0.0893	0.0904	0.0937	0.0929	0.0925	0.0901	0.0923	0.0900	0.0888	0.0920	
0.1086	0.0955	0.0943	0.0942	0.0924	0.0934	0.0931	0.0915	0.0982	0.0935	0.0925	0.0932	0.0925	0.0905	0.0917	0.0903	0.0962	0.0946	0.0908	0.0910	0.0887	0.0906	0.0939	0.0889	0.0954	0.0924	0.0912	0.0906	0.0909	0.0918	0.0898	0.0948	0.0971	0.1056	0.0906	0.0903	0.0890	0.0922	0.0898	0.0938	0.0949	0.0936	0.0904	0.0901	0.0912	0.0900	0.0918	0.0879	0.0955	0.0916	0.0923	0.0907	0.0893	0.0909	0.0910	0.0901	0.1032	0.0943	0.0919	0.0917	0.0921	0.0910	0.0909	0.0896	
0.1131	0.0956	0.0950	0.0937	0.0922	0.0899	0.0895	0.0875	0.0987	0.0941	0.0947	0.0919	0.0936	0.0851	0.0886	0.0893	0.0974	0.0933	0.0919	0.0904	0.0901	0.0870	0.0897	0.0889	0.0979	0.0922	0.0927	0.0902	0.0918	0.0889	0.0866	0.0887	0.0968	0.1087	0.0917	0.0916	0.0892	0.0876	0.0895	0.0887	0.0964	0.0932	0.0903	0.0893	0.0902	0.0864	0.0918	0.0860	0.0954	0.0924	0.0923	0.0904	0.0893	0.0877	0.0906	0.0875	0.0975	0.0943	0.0931	0.0918	0.0927	0.0877	0.0909	0.0887	
0.1166	0.0964	0.0959	0.0932	0.0930	0.0918	0.0910	0.0903	0.0998	0.0947	0.0941	0.0927	0.0933	0.0911	0.0919	0.0934	0.0980	0.0952	0.0938	0.0925	0.0906	0.0916	0.0910	0.0913	0.0971	0.0949	0.0939	0.0928	0.0936	0.0878	0.0910	0.0917	0.0982	0.1032	0.0929	0.0911	0.0904	0.0891	0.0921	0.0900	0.0957	0.0952	0.0913	0.0909	0.0912	0.0890	0.0912	0.0888	0.0953	0.0927	0.0916	0.0918	0.0889	0.0891	0.0891	0.0902	0.0981	0.0948	0.0930	0.0922	0.0913	0.0893	0.0917	0.0911	
0.1190	0.0978	0.0960	0.0933	0.0933	0.0930	0.0947	0.0954	0.1017	0.0943	0.0941	0.0929	0.0919	0.0901	0.0932	0.0925	0.1003	0.0946	0.0916	0.0899	0.0882	0.0913	0.0917	0.0904	0.0979	0.0937	0.0921	0.0904	0.0915	0.0909	0.0923	0.0918	0.1004	0.1194	0.0922	0.0911	0.0906	0.0911	0.0949	0.0933	0.0963	0.0937	0.0907	0.0894	0.0899	0.0868	0.0896	0.0881	0.0954	0.0934	0.0920	0.0905	0.0894	0.0888	0.0878	0.0886	0.1013	0.0943	0.0922	0.0909	0.0915	0.0887	0.0911	0.0901	
0.1240	0.0979	0.0968	0.0939	0.0930	0.0898	0.0920	0.0875	0.1034	0.0960	0.0944	0.0927	0.0932	0.0883	0.0910	0.0869	0.1030	0.0961	0.0937	0.0905	0.0889	0.0884	0.0881	0.0866	0.1006	0.0935	0.0931	0.0903	0.0927	0.0878	0.0903	0.0861	0.1000	0.1178	0.0938	0.0919	0.0907	0.0889	0.0916	0.0893	0.0988	0.0945	0.0908	0.0887	0.0914	0.0831	0.0884	0.0892	0.0964	0.0932	0.0917	0.0903	0.0890	0.0863	0.0845	0.0844	0.0962	0.0953	0.0937	0.0929	0.0918	0.0879	0.0879	0.0887	
0.1287	0.1002	0.0997	0.0957	0.0935	0.0902	0.0909	0.0897	0.1070	0.0982	0.0971	0.0936	0.0935	0.0881	0.0897	0.0906	0.1053	0.0963	0.0941	0.0914	0.0904	0.0879	0.0903	0.0880	0.1011	0.0958	0.0930	0.0934	0.0919	0.0863	0.0924	0.0910	0.1022	0.1083	0.0930	0.0924	0.0909	0.0876	0.0902	0.0879	0.1005	0.0971	0.0923	0.0905	0.0908	0.0878	0.0935	0.0896	0.0979	0.0950	0.0931	0.0925	0.0904	0.0878	0.0870	0.0877	0.0996	0.0965	0.0944	0.0931	0.0926	0.0907	0.0909	0.0909	
0.1332	0.1019	0.1002	0.0957	0.0938	0.0927	0.0910	0.0917	0.1074	0.0977	0.0969	0.0952	0.0943	0.0916	0.0920	0.0912	0.1057	0.0968	0.0958	0.0918	0.0895	0.0905	0.0914	0.0907	0.1029	0.0969	0.0946	0.0926	0.0930	0.0876	0.0905	0.0915	0.1045	0.1098	0.0931	0.0927	0.0907	0.0912	0.0916	0.0896	0.1016	0.0977	0.0935	0.0906	0.0906	0.0891	0.0896	0.0894	0.1005	0.0959	0.0920	0.0912	0.0905	0.0910	0.0891	0.0905	0.1031	0.0974	0.0951	0.0923	0.0923	0.0893	0.0907	0.0910	
0.1376	0.1045	0.1036	0.0967	0.0937	0.0917	0.0906	0.0916	0.1110	0.0992	0.0965	0.0934	0.0955	0.0882	0.0909	0.0890	0.1071	0.0989	0.0949	0.0927	0.0909	0.0908	0.0902	0.0898	0.1069	0.0981	0.0942	0.0919	0.0929	0.0866	0.0889	0.0903	0.1064	0.1104	0.0938	0.0925	0.0904	0.0884	0.0902	0.0885	0.1025	0.0978	0.0926	0.0912	0.0927	0.0874	0.0896	0.0885	0.0999	0.0962	0.0925	0.0920	0.0903	0.0887	0.0875	0.0903	0.0988	0.0978	0.0947	0.0935	0.0927	0.0897	0.0908	0.0926	
0.1460	0.1074	0.1029	0.0986	0.0941	0.0901	0.0937	0.0949	0.1116	0.0991	0.0965	0.0957	0.0956	0.0905	0.0902	0.0886	0.1094	0.0993	0.0953	0.0912	0.0904	0.0920	0.0937	0.0911	0.1084	0.0984	0.0940	0.0907	0.0938	0.0882	0.0895	0.0901	0.1076	0.1074	0.0943	0.0922	0.0913	0.0883	0.0899	0.0893	0.1034	0.0987	0.0925	0.0902	0.0913	0.0869	0.0889	0.0887	0.1014	0.0964	0.0928	0.0913	0.0889	0.0898	0.0898	0.0892	0.1051	0.0988	0.0954	0.0925	0.0925	0.0882	0.0900	0.0899	
0.1550	0.1116	0.1062	0.0995	0.0959	0.0944	0.0922	0.0916	0.1155	0.1036	0.0990	0.0955	0.0951	0.0890	0.0924	0.0905	0.1121	0.1015	0.0956	0.0927	0.0904	0.0909	0.0923	0.0929	0.1111	0.1002	0.0937	0.0916	0.0938	0.0880	0.0909	0.0908	0.1103	0.1156	0.0951	0.0931	0.0915	0.0895	0.0903	0.0899	0.1064	0.0997	0.0935	0.0921	0.0922	0.0889	0.0914	0.0904	0.1033	0.0980	0.0934	0.0925	0.0905	0.0903	0.0892	0.0900	0.0989	0.0999	0.0963	0.0935	0.0936	0.0876	0.0925	0.0899	
0.1656	0.1148	0.1086	0.1000	0.0975	0.0920	0.0921	0.0963	0.1206	0.1054	0.1007	0.0958	0.0955	0.0880	0.0959	0.0925	0.1168	0.1064	0.0976	0.0918	0.0909	0.0926	0.0917	0.0921	0.1138	0.1020	0.0966	0.0938	0.0949	0.0903	0.0919	0.0909	0.1130	0.1211	0.0960	0.0932	0.0902	0.0887	0.0914	0.0909	0.1089	0.1012	0.0942	0.0909	0.0919	0.0895	0.0913	0.0898	0.1040	0.0998	0.0956	0.0929	0.0916	0.0891	0.0890	0.0883	0.1016	0.1012	0.0978	0.0938	0.0935	0.0906	0.0903	0.0887	
0.1738	0.1185	0.1130	0.1035	0.0966	0.0971	0.0950	0.0960	0.1239	0.1065	0.1001	0.0961	0.0967	0.0914	0.0962	0.0924	0.1184	0.1053	0.0978	0.0941	0.0916	0.0922	0.0951	0.0897	0.1163	0.1016	0.0948	0.0936	0.0949	0.0928	0.0937	0.0930	0.1166	0.1249	0.0951	0.0920	0.0920	0.0915	0.0964	0.0927	0.1102	0.1026	0.0966	0.0901	0.0934	0.0940	0.0932	0.0937	0.1043	0.0998	0.0946	0.0930	0.0892	0.0952	0.0947	0.0929	0.1046	0.1018	0.0972	0.0933	0.0939	0.0895	0.0936	0.0937	
0.1839	0.1232	0.1155	0.1021	0.0987	0.0923	0.0929	0.0913	0.1269	0.1081	0.1024	0.0981	0.0966	0.0858	0.0908	0.0885	0.1221	0.1066	0.0979	0.0926	0.0902	0.0874	0.0913	0.0900	0.1197	0.1031	0.0969	0.0938	0.0940	0.0873	0.0911	0.0898	0.1185	0.1213	0.0970	0.0939	0.0914	0.0892	0.0908	0.0882	0.1108	0.1042	0.0945	0.0911	0.0929	0.0889	0.0891	0.0896	0.1074	0.1006	0.0952	0.0925	0.0900	0.0908	0.0896	0.0901	0.1050	0.1037	0.0977	0.0950	0.0941	0.0920	0.0908	0.0917	
0.1962	0.1284	0.1172	0.1038	0.0997	0.0904	0.0924	0.0934	0.1308	0.1111	0.1037	0.0973	0.0958	0.0903	0.0918	0.0937	0.1245	0.1089	0.0979	0.0942	0.0909	0.0885	0.0914	0.0898	0.1224	0.1041	0.0970	0.0932	0.0949	0.0896	0.0888	0.0935	0.1202	0.1346	0.0966	0.0942	0.0913	0.0914	0.0909	0.0886	0.1137	0.1042	0.0968	0.0919	0.0931	0.0864	0.0884	0.0879	0.1075	0.1014	0.0962	0.0933	0.0907	0.0897	0.0887	0.0894	0.1017	0.1028	0.0992	0.0946	0.0928	0.0895	0.0917	0.0918	
0.2102	0.1371	0.1205	0.1070	0.1027	0.0954	0.0930	0.0940	0.1378	0.1143	0.1052	0.0979	0.0977	0.0893	0.0956	0.0927	0.1298	0.1113	0.0997	0.0947	0.0926	0.0918	0.0920	0.0928	0.1279	0.1068	0.0972	0.0940	0.0949	0.0885	0.0905	0.0894	0.1254	0.1445	0.0975	0.0936	0.0917	0.0914	0.0915	0.0883	0.1171	0.1064	0.0963	0.0927	0.0934	0.0880	0.0906	0.0903	0.1101	0.1025	0.0972	0.0940	0.0914	0.0897	0.0881	0.0893	0.1040	0.1054	0.0987	0.0947	0.0949	0.0896	0.0920	0.0914	
0.2298	0.1432	0.1267	0.1080	0.1017	0.0916	0.0907	0.0911	0.1447	0.1147	0.1076	0.0978	0.0981	0.0877	0.0896	0.0885	0.1335	0.1127	0.1007	0.0932	0.0921	0.0890	0.0903	0.0874	0.1297	0.1093	0.0992	0.0939	0.0947	0.0861	0.0906	0.0900	0.1277	0.1201	0.0985	0.0949	0.0913	0.0871	0.0896	0.0908	0.1204	0.1080	0.0985	0.0932	0.0940	0.0862	0.0880	0.0883	0.1106	0.1038	0.0988	0.0943	0.0917	0.0892	0.0866	0.0877	0.1000	0.1059	0.1001	0.0954	0.0939	0.0899	0.0906	0.0907	
0.2427	0.1529	0.1305	0.1105	0.1051	0.0980	0.0959	0.0961	0.1532	0.1190	0.1077	0.1011	0.0993	0.0915	0.0941	0.0933	0.1376	0.1173	0.1022	0.0944	0.0931	0.0918	0.0938	0.0917	0.1340	0.1100	0.0993	0.0942	0.0964	0.0883	0.0910	0.0902	0.1302	0.1306	0.0996	0.0958	0.0933	0.0902	0.0902	0.0918	0.1222	0.1111	0.0977	0.0921	0.0928	0.0874	0.0899	0.0894	0.1121	0.1066	0.0977	0.0940	0.0916	0.0889	0.0881	0.0910	0.1007	0.1075	0.1019	0.0958	0.0960	0.0895	0.0916	0.0915	
0.2660	0.1607	0.1341	0.1127	0.1060	0.0935	0.0916	0.0950	0.1630	0.1231	0.1086	0.1002	0.0976	0.0894	0.0932	0.0924	0.1445	0.1193	0.1034	0.0953	0.0935	0.0937	0.0925	0.0909	0.1388	0.1128	0.0995	0.0956	0.0962	0.0884	0.0922	0.0942	0.1358	0.1273	0.0991	0.0945	0.0917	0.0893	0.0934	0.0894	0.1244	0.1126	0.0985	0.0925	0.0929	0.0910	0.0935	0.0922	0.1150	0.1081	0.0994	0.0952	0.0925	0.0926	0.0904	0.0918	0.1072	0.1102	0.1035	0.0967	0.0964	0.0900	0.0909	0.0916	
0.2816	0.1723	0.1406	0.1175	0.1071	0.0918	0.0947	0.0922	0.1731	0.1267	0.1114	0.1023	0.0988	0.0919	0.0898	0.0936	0.1508	0.1239	0.1040	0.0959	0.0924	0.0912	0.0905	0.0873	0.1441	0.1153	0.1012	0.0952	0.0960	0.0879	0.0933	0.0896	0.1389	0.1379	0.0995	0.0962	0.0922	0.0893	0.0926	0.0853	0.1262	0.1126	0.0997	0.0921	0.0928	0.0866	0.0889	0.0913	0.1156	0.1094	0.0984	0.0947	0.0906	0.0908	0.0902	0.0898	0.1012	0.1098	0.1025	0.0973	0.0964	0.0889	0.0915	0.0908	
0.3080	0.1881	0.1488	0.1205	0.1096	0.0931	0.0927	0.0916	0.1888	0.1308	0.1144	0.1036	0.1022	0.0876	0.0915	0.0899	0.1593	0.1272	0.1065	0.0959	0.0948	0.0915	0.0908	0.0937	0.1496	0.1184	0.1022	0.0969	0.0987	0.0858	0.0959	0.0884	0.1457	0.1319	0.1024	0.0976	0.0944	0.0877	0.0928	0.0910	0.1311	0.1175	0.1015	0.0931	0.0956	0.0896	0.0916	0.0883	0.1180	0.1108	0.1009	0.0969	0.0933	0.0903	0.0899	0.0927	0.1029	0.1119	0.1039	0.0983	0.0982	0.0918	0.0932	0.0941	
0.3354	0.2046	0.1564	0.1250	0.1126	0.0947	0.0941	0.0933	0.2077	0.1348	0.1177	0.1056	0.1028	0.0882	0.0926	0.0898	0.1684	0.1327	0.1076	0.0966	0.0940	0.0882	0.0898	0.0880	0.1555	0.1215	0.1041	0.0969	0.0978	0.0882	0.0896	0.0889	0.1489	0.1425	0.1039	0.0971	0.0948	0.0885	0.0891	0.0894	0.1339	0.1203	0.1022	0.0947	0.0952	0.0873	0.0902	0.0879	0.1197	0.1125	0.1015	0.0967	0.0924	0.0906	0.0874	0.0882	0.1029	0.1147	0.1064	0.0977	0.0967	0.0889	0.0919	0.0915	
0.3593	0.2183	0.1637	0.1291	0.1153	0.0985	0.0972	0.0971	0.2243	0.1418	0.1212	0.1059	0.1023	0.0908	0.0934	0.0917	0.1793	0.1381	0.1103	0.0974	0.0953	0.0920	0.0932	0.0916	0.1580	0.1253	0.1056	0.0974	0.0978	0.0897	0.0919	0.0917	0.1550	0.1473	0.1052	0.0977	0.0950	0.0909	0.0924	0.0910	0.1370	0.1227	0.1044	0.0955	0.0953	0.0906	0.0923	0.0910	0.1228	0.1152	0.1032	0.0969	0.0941	0.0921	0.0929	0.0939	0.1040	0.1164	0.1070	0.0996	0.0982	0.0911	0.0923	0.0928	
0.3845	0.2362	0.1736	0.1310	0.1180	0.1007	0.0986	0.1010	0.2495	0.1466	0.1244	0.1078	0.1031	0.0926	0.0945	0.0939	0.1991	0.1402	0.1128	0.0984	0.0956	0.0938	0.0944	0.0924	0.1554	0.1282	0.1072	0.0991	0.0992	0.0906	0.0939	0.0941	0.1620	0.1485	0.1058	0.0989	0.0949	0.0920	0.0932	0.0921	0.1415	0.1238	0.1050	0.0972	0.0953	0.0919	0.0935	0.0920	0.1233	0.1161	0.1038	0.0987	0.0938	0.0933	0.0912	0.0923	0.1058	0.1191	0.1083	0.1000	0.0987	0.0912	0.0919	0.0920	
0.4219	0.2540	0.1827	0.1365	0.1219	0.1003	0.0981	0.0977	0.2681	0.1517	0.1268	0.1086	0.1050	0.0898	0.0929	0.0908	0.2139	0.1466	0.1143	0.0977	0.0974	0.0908	0.0913	0.0910	0.1606	0.1319	0.1080	0.0995	0.1004	0.0875	0.0905	0.0904	0.1682	0.1471	0.1083	0.0998	0.0959	0.0891	0.0910	0.0899	0.1458	0.1273	0.1059	0.0958	0.0960	0.0881	0.0897	0.0890	0.1264	0.1195	0.1060	0.0986	0.0940	0.0894	0.0881	0.0877	0.1043	0.1203	0.1111	0.0995	0.0993	0.0893	0.0910	0.0905	
0.4435	0.2761	0.1964	0.1448	0.1262	0.1027	0.0983	0.1006	0.2972	0.1595	0.1321	0.1119	0.1067	0.0953	0.0942	0.0951	0.2352	0.1504	0.1167	0.0991	0.0960	0.0958	0.0987	0.0899	0.1705	0.1367	0.1110	0.1008	0.0989	0.0903	0.0925	0.0923	0.1732	0.1616	0.1085	0.0992	0.0949	0.0893	0.0940	0.0914	0.1459	0.1317	0.1083	0.0983	0.0966	0.0898	0.0934	0.0911	0.1278	0.1211	0.1060	0.0983	0.0938	0.0910	0.0919	0.0921	0.1057	0.1215	0.1122	0.1012	0.0997	0.0925	0.0915	0.0924	
0.4750	0.2972	0.2097	0.1500	0.1304	0.1066	0.0995	0.0971	0.3233	0.1659	0.1351	0.1120	0.1064	0.0898	0.0956	0.0888	0.2628	0.1550	0.1190	0.0999	0.0983	0.0925	0.0960	0.0903	0.1848	0.1401	0.1114	0.1023	0.1016	0.0893	0.0904	0.0913	0.1774	0.1621	0.1111	0.0997	0.0957	0.0915	0.0918	0.0916	0.1545	0.1334	0.1091	0.0981	0.0963	0.0856	0.0904	0.0888	0.1302	0.1236	0.1083	0.0997	0.0949	0.0889	0.0881	0.0882	0.1059	0.1242	0.1129	0.1018	0.1008	0.0905	0.0909	0.0916	
0.4998	0.3264	0.2261	0.1615	0.1379	0.1072	0.1041	0.1037	0.3516	0.1765	0.1411	0.1148	0.1088	0.0971	0.0975	0.0941	0.2931	0.1598	0.1222	0.1011	0.0996	0.0955	0.0969	0.0939	0.1974	0.1453	0.1147	0.1039	0.1033	0.0922	0.0932	0.0947	0.1865	0.1644	0.1127	0.1014	0.0982	0.0909	0.0958	0.0953	0.1582	0.1381	0.1129	0.0993	0.0990	0.0915	0.0925	0.0933	0.1343	0.1279	0.1108	0.1014	0.0966	0.0967	0.0916	0.0903	0.1073	0.1279	0.1153	0.1026	0.1013	0.0917	0.0948	0.0925	
0.5353	0.3554	0.2374	0.1682	0.1417	0.1088	0.1039	0.1029	0.3878	0.1866	0.1456	0.1174	0.1115	0.0905	0.0948	0.0936	0.3288	0.1686	0.1250	0.1016	0.0994	0.0916	0.0939	0.0931	0.2178	0.1522	0.1168	0.1042	0.1035	0.0910	0.0926	0.0930	0.1925	0.1714	0.1161	0.1041	0.0981	0.0900	0.0930	0.0954	0.1635	0.1436	0.1140	0.1000	0.0977	0.0884	0.0930	0.0921	0.1367	0.1302	0.1118	0.1023	0.0953	0.0915	0.0892	0.0925	0.1078	0.1292	0.1178	0.1052	0.1023	0.0904	0.0901	0.0914	
0.5613	0.3804	0.2540	0.1783	0.1475	0.1117	0.1081	0.1026	0.4155	0.1989	0.1520	0.1213	0.1107	0.0988	0.1003	0.0979	0.3607	0.1710	0.1290	0.1020	0.1015	0.0980	0.1010	0.0949	0.2437	0.1587	0.1211	0.1046	0.1041	0.0946	0.0963	0.0994	0.1890	0.1659	0.1168	0.1048	0.0987	0.0940	0.0956	0.0945	0.1671	0.1453	0.1157	0.1002	0.0991	0.0891	0.0938	0.0918	0.1372	0.1313	0.1138	0.1030	0.0951	0.0932	0.0915	0.0908	0.1080	0.1311	0.1186	0.1053	0.1016	0.0931	0.0935	0.0942	
0.5845	0.4081	0.2757	0.1866	0.1553	0.1104	0.1098	0.1077	0.4507	0.2090	0.1583	0.1234	0.1146	0.0921	0.0955	0.0954	0.3909	0.1751	0.1332	0.1040	0.1028	0.0949	0.0973	0.0920	0.2693	0.1642	0.1227	0.1064	0.1057	0.0912	0.0952	0.0949	0.1933	0.1762	0.1215	0.1068	0.0999	0.0921	0.0948	0.0947	0.1722	0.1507	0.1193	0.1022	0.1001	0.0901	0.0905	0.0900	0.1419	0.1371	0.1169	0.1051	0.0979	0.0930	0.0915	0.0892	0.1095	0.1342	0.1221	0.1074	0.1048	0.0927	0.0931	0.0920	
0.6131	0.4304	0.2856	0.1959	0.1627	0.1153	0.1052	0.1073	0.4786	0.2179	0.1626	0.1245	0.1142	0.0940	0.0964	0.0929	0.4261	0.1806	0.1355	0.1039	0.1027	0.0972	0.0928	0.0916	0.3008	0.1681	0.1251	0.1062	0.1041	0.0915	0.0953	0.0948	0.1997	0.1755	0.1227	0.1067	0.0998	0.0904	0.0921	0.0921	0.1749	0.1565	0.1207	0.1016	0.1009	0.0891	0.0926	0.0941	0.1422	0.1389	0.1173	0.1050	0.0975	0.0921	0.0903	0.0906	0.1095	0.1364	0.1235	0.1075	0.1049	0.0913	0.0931	0.0931	
0.6384	0.4547	0.3007	0.2076	0.1690	0.1149	0.1095	0.1071	0.5077	0.2362	0.1680	0.1284	0.1169	0.0927	0.0962	0.0948	0.4595	0.1924	0.1389	0.1056	0.1047	0.0945	0.0947	0.0915	0.3356	0.1747	0.1298	0.1076	0.1068	0.0920	0.0962	0.0937	0.2147	0.1949	0.1242	0.1076	0.0997	0.0919	0.0933	0.0941	0.1821	0.1602	0.1235	0.1033	0.1005	0.0916	0.0942	0.0939	0.1450	0.1405	0.1199	0.1065	0.0983	0.0936	0.0922	0.0922	0.1105	0.1375	0.1272	0.1081	0.1060	0.0940	0.0949	0.0944	
0.6520	0.4779	0.3199	0.2206	0.1813	0.1252	0.1162	0.1130	0.5335	0.2483	0.1744	0.1330	0.1211	0.0986	0.0995	0.0960	0.4860	0.2022	0.1447	0.1096	0.1068	0.0996	0.0963	0.0941	0.3641	0.1812	0.1332	0.1105	0.1091	0.0914	0.1003	0.0967	0.2308	0.1930	0.1293	0.1100	0.1026	0.0929	0.0952	0.0938	0.1872	0.1660	0.1282	0.1048	0.1032	0.0917	0.0932	0.0927	0.1478	0.1435	0.1213	0.1074	0.0985	0.0936	0.0909	0.0910	0.1125	0.1420	0.1306	0.1101	0.1068	0.0930	0.0953	0.0945	
0.6940	0.5004	0.3395	0.2351	0.1916	0.1270	0.1141	0.1105	0.5580	0.2603	0.1810	0.1373	0.1240	0.0946	0.0997	0.0974	0.5279	0.2152	0.1508	0.1098	0.1087	0.0953	0.0967	0.0955	0.4049	0.1892	0.1374	0.1128	0.1095	0.0928	0.0947	0.0953	0.2552	0.1929	0.1307	0.1111	0.1026	0.0940	0.0926	0.0928	0.1914	0.1702	0.1294	0.1055	0.1028	0.0907	0.0946	0.0924	0.1532	0.1484	0.1236	0.1091	0.0997	0.0919	0.0894	0.0912	0.1141	0.1452	0.1335	0.1118	0.1076	0.0929	0.0947	0.0944	
0.7040	0.5285	0.3537	0.2448	0.1998	0.1271	0.1224	0.1149	0.5706	0.2763	0.1876	0.1414	0.1265	0.0971	0.0986	0.0977	0.5511	0.2256	0.1558	0.1103	0.1118	0.0998	0.0997	0.0953	0.4412	0.1933	0.1431	0.1141	0.1112	0.0933	0.0951	0.0945	0.2837	0.1972	0.1341	0.1118	0.1034	0.0944	0.0961	0.0953	0.1986	0.1783	0.1316	0.1052	0.1027	0.0923	0.0953	0.0922	0.1549	0.1516	0.1266	0.1098	0.0990	0.0932	0.0914	0.0923	0.1131	0.1476	0.1361	0.1123	0.1074	0.0964	0.0973	0.0972	
0.7207	0.5453	0.3738	0.2566	0.2127	0.1351	0.1243	0.1204	0.6045	0.2953	0.2004	0.1483	0.1300	0.1011	0.1054	0.1018	0.5781	0.2399	0.1626	0.1137	0.1119	0.0993	0.1011	0.0998	0.4701	0.1992	0.1449	0.1148	0.1117	0.0982	0.0988	0.0992	0.3080	0.2091	0.1398	0.1153	0.1055	0.0958	0.1004	0.0985	0.2004	0.1834	0.1369	0.1080	0.1042	0.0913	0.0936	0.0931	0.1601	0.1551	0.1291	0.1120	0.1008	0.0935	0.0904	0.0918	0.1144	0.1498	0.1401	0.1152	0.1106	0.0940	0.0962	0.0950	
0.7536	0.5635	0.3880	0.2773	0.2271	0.1326	0.1256	0.1186	0.6124	0.3063	0.2098	0.1551	0.1341	0.0952	0.0970	0.0969	0.5981	0.2555	0.1654	0.1158	0.1156	0.1011	0.0988	0.0979	0.5145	0.1957	0.1520	0.1178	0.1146	0.0958	0.0987	0.0970	0.3464	0.2040	0.1424	0.1174	0.1078	0.0957	0.0969	0.0934	0.2141	0.1903	0.1419	0.1097	0.1061	0.0939	0.0984	0.0919	0.1625	0.1576	0.1329	0.1141	0.1024	0.0943	0.0913	0.0936	0.1173	0.1543	0.1438	0.1169	0.1116	0.0942	0.0971	0.0981	
0.7549	0.5813	0.3949	0.2872	0.2363	0.1388	0.1265	0.1223	0.6485	0.3175	0.2161	0.1618	0.1359	0.0965	0.1014	0.0966	0.6271	0.2624	0.1725	0.1180	0.1167	0.0960	0.0983	0.0932	0.5462	0.2067	0.1554	0.1217	0.1166	0.0929	0.0967	0.0957	0.3730	0.2087	0.1449	0.1188	0.1078	0.0929	0.0940	0.0927	0.2309	0.1972	0.1439	0.1112	0.1055	0.0938	0.0951	0.0929	0.1658	0.1624	0.1355	0.1165	0.1039	0.0932	0.0913	0.0912	0.1193	0.1566	0.1462	0.1177	0.1128	0.0933	0.0955	0.0951	
0.7703	0.6081	0.4089	0.3081	0.2551	0.1507	0.1396	0.1331	0.6650	0.3281	0.2251	0.1669	0.1416	0.1042	0.1074	0.1022	0.6531	0.2812	0.1823	0.1217	0.1222	0.1011	0.1014	0.1018	0.5733	0.2193	0.1646	0.1262	0.1195	0.0953	0.0947	0.0983	0.4044	0.2122	0.1502	0.1230	0.1092	0.0967	0.0982	0.0946	0.2499	0.2051	0.1486	0.1140	0.1076	0.0921	0.0953	0.0929	0.1716	0.1698	0.1395	0.1186	0.1059	0.0944	0.0921	0.0908	0.1198	0.1614	0.1505	0.1215	0.1141	0.0946	0.0959	0.0954	
0.7774	0.6276	0.4310	0.3199	0.2690	0.1616	0.1427	0.1338	0.6630	0.3422	0.2364	0.1738	0.1465	0.1015	0.1028	0.1004	0.6526	0.2902	0.1875	0.1239	0.1228	0.1004	0.1016	0.0997	0.6025	0.2306	0.1706	0.1284	0.1212	0.0970	0.1012	0.1011	0.4352	0.2155	0.1567	0.1237	0.1123	0.0965	0.0983	0.0964	0.2770	0.2126	0.1534	0.1150	0.1113	0.0932	0.0954	0.0963	0.1744	0.1723	0.1438	0.1203	0.1061	0.0964	0.0930	0.0927	0.1206	0.1622	0.1541	0.1223	0.1172	0.0957	0.0970	0.0961	
0.7615	0.6437	0.4210	0.3315	0.2776	0.1715	0.1509	0.1428	0.6857	0.3537	0.2460	0.1788	0.1499	0.1016	0.1023	0.1005	0.6844	0.2980	0.1945	0.1266	0.1269	0.1045	0.1014	0.0959	0.6266	0.2338	0.1715	0.1266	0.1213	0.0999	0.0973	0.0978	0.4585	0.2218	0.1602	0.1255	0.1119	0.0946	0.0974	0.0966	0.2992	0.2127	0.1587	0.1168	0.1094	0.0937	0.0953	0.0949	0.1759	0.1745	0.1454	0.1223	0.1058	0.0969	0.0939	0.0941	0.1209	0.1684	0.1581	0.1244	0.1173	0.0974	0.0974	0.0980	
0.7738	0.6720	0.4521	0.3466	0.2930	0.1780	0.1572	0.1477	0.6890	0.3749	0.2586	0.1880	0.1564	0.1026	0.1061	0.1051	0.6834	0.3140	0.2045	0.1320	0.1314	0.1039	0.1007	0.0968	0.6558	0.2474	0.1814	0.1335	0.1239	0.0966	0.1001	0.0964	0.5033	0.2296	0.1662	0.1298	0.1134	0.0957	0.0980	0.0959	0.3235	0.2226	0.1634	0.1203	0.1126	0.0939	0.0959	0.0950	0.1834	0.1800	0.1501	0.1251	0.1082	0.0963	0.0924	0.0917	0.1232	0.1717	0.1629	0.1269	0.1200	0.0956	0.0984	0.0973	
0.7678	0.6861	0.4662	0.3555	0.3096	0.1865	0.1663	0.1519	0.6893	0.3995	0.2695	0.1955	0.1620	0.1040	0.1073	0.1010	0.6933	0.3327	0.2112	0.1361	0.1370	0.1049	0.1004	0.1012	0.6657	0.2612	0.1863	0.1382	0.1295	0.0966	0.0979	0.0976	0.5551	0.2449	0.1746	0.1348	0.1162	0.0967	0.0964	0.0942	0.3646	0.2322	0.1708	0.1234	0.1151	0.0954	0.0956	0.0947	0.1851	0.1839	0.1558	0.1279	0.1112	0.0969	0.0906	0.0915	0.1272	0.1748	0.1670	0.1302	0.1217	0.0956	0.0968	0.0968	
0.7697	0.7004	0.4889	0.3683	0.3216	0.1944	0.1716	0.1593	0.7135	0.4262	0.2749	0.2045	0.1677	0.1024	0.1044	0.1020	0.7011	0.3455	0.2209	0.1388	0.1408	0.1017	0.1006	0.1028	0.6704	0.2674	0.1951	0.1412	0.1332	0.0978	0.0991	0.0972	0.5782	0.2460	0.1807	0.1373	0.1189	0.0946	0.0991	0.0960	0.3963	0.2375	0.1764	0.1253	0.1159	0.0956	0.0969	0.0962	0.1911	0.1894	0.1586	0.1304	0.1110	0.0971	0.0929	0.0928	0.1278	0.1805	0.1753	0.1338	0.1250	0.0980	0.0993	0.0990	
0.7748	0.7059	0.5067	0.3712	0.3286	0.2114	0.1855	0.1685	0.7082	0.4452	0.2834	0.2102	0.1734	0.1072	0.1085	0.1045	0.6965	0.3628	0.2269	0.1423	0.1435	0.1043	0.1046	0.0996	0.6779	0.2813	0.2012	0.1452	0.1340	0.0998	0.1020	0.1018	0.6073	0.2531	0.1871	0.1411	0.1212	0.0978	0.0999	0.0972	0.4133	0.2417	0.1811	0.1285	0.1183	0.0986	0.0988	0.0998	0.1949	0.1958	0.1631	0.1337	0.1126	0.0998	0.0937	0.0939	0.1287	0.1835	0.1780	0.1357	0.1265	0.0984	0.1011	0.0994	
0.7774	0.7111	0.5347	0.3909	0.3408	0.2211	0.1909	0.1701	0.7064	0.4902	0.2855	0.2212	0.1822	0.1053	0.1065	0.1040	0.7000	0.3912	0.2356	0.1485	0.1484	0.1038	0.1021	0.0973	0.6788	0.2946	0.2100	0.1514	0.1389	0.0989	0.0998	0.0977	0.6294	0.2726	0.1949	0.1465	0.1229	0.0945	0.0975	0.0962	0.4553	0.2470	0.1860	0.1313	0.1207	0.0942	0.0967	0.0960	0.2044	0.2041	0.1682	0.1368	0.1153	0.0960	0.0926	0.0922	0.1299	0.1883	0.1828	0.1383	0.1279	0.0974	0.1002	0.0981	
0.7824	0.7143	0.5793	0.4023	0.3570	0.2344	0.2054	0.1804	0.7075	0.5183	0.2955	0.2297	0.1894	0.1093	0.1111	0.1092	0.7011	0.4103	0.2478	0.1520	0.1571	0.1096	0.1075	0.1034	0.6752	0.3119	0.2185	0.1569	0.1421	0.1001	0.1030	0.1020	0.6295	0.2745	0.2035	0.1506	0.1260	0.0989	0.1034	0.0991	0.4909	0.2446	0.1917	0.1352	0.1223	0.0989	0.1014	0.1002	0.2159	0.2068	0.1752	0.1407	0.1191	0.1007	0.0945	0.0971	0.1337	0.1953	0.1913	0.1432	0.1322	0.0988	0.1016	0.1018	
0.7768	0.7192	0.6000	0.4152	0.3690	0.2439	0.2169	0.1934	0.6939	0.5196	0.2993	0.2391	0.1983	0.1120	0.1089	0.1072	0.7017	0.4310	0.2569	0.1600	0.1651	0.1074	0.1069	0.1006	0.6784	0.3208	0.2236	0.1628	0.1473	0.0986	0.1027	0.1021	0.6320	0.2879	0.2121	0.1559	0.1293	0.0979	0.1033	0.0985	0.5211	0.2479	0.1976	0.1399	0.1263	0.1011	0.1004	0.0998	0.2281	0.2127	0.1795	0.1438	0.1203	0.1026	0.0949	0.0966	0.1371	0.1992	0.1947	0.1456	0.1346	0.1012	0.1039	0.1029	
0.7778	0.7195	0.6015	0.4187	0.3713	0.2637	0.2324	0.2072	0.7171	0.5221	0.3038	0.2423	0.2055	0.1096	0.1125	0.1072	0.7044	0.4531	0.2615	0.1644	0.1721	0.1103	0.1080	0.1016	0.6776	0.3405	0.2257	0.1678	0.1529	0.1011	0.1012	0.0999	0.6356	0.2943	0.2151	0.1623	0.1328	0.0991	0.1022	0.1006	0.5578	0.2583	0.2011	0.1433	0.1278	0.0976	0.0997	0.0979	0.2539	0.2190	0.1843	0.1490	0.1227	0.1002	0.0931	0.0947	0.1428	0.2072	0.1994	0.1503	0.1362	0.1002	0.1008	0.1017	
0.7878	0.7208	0.6288	0.4359	0.3969	0.2801	0.2477	0.2269	0.7057	0.5273	0.3157	0.2493	0.2125	0.1122	0.1132	0.1089	0.7101	0.4667	0.2686	0.1723	0.1830	0.1100	0.1090	0.1016	0.6822	0.3683	0.2372	0.1762	0.1574	0.1008	0.1048	0.1022	0.6462	0.3238	0.2261	0.1657	0.1366	0.0993	0.1039	0.0990	0.5826	0.2706	0.2091	0.1461	0.1300	0.0974	0.1002	0.0982	0.2754	0.2253	0.1924	0.1517	0.1247	0.1000	0.0942	0.0947	0.1443	0.2126	0.2057	0.1537	0.1409	0.0989	0.1032	0.0996	
0.7848	0.7183	0.6353	0.4459	0.3953	0.2930	0.2629	0.2377	0.7050	0.5292	0.3219	0.2476	0.2195	0.1168	0.1151	0.1101	0.7067	0.4758	0.2754	0.1746	0.1920	0.1114	0.1098	0.1063	0.6807	0.3823	0.2426	0.1831	0.1634	0.1025	0.1046	0.1009	0.6414	0.3375	0.2263	0.1729	0.1399	0.1012	0.1038	0.1011	0.5893	0.2825	0.2141	0.1524	0.1349	0.0986	0.1005	0.1008	0.3043	0.2336	0.1973	0.1581	0.1293	0.1028	0.0946	0.0955	0.1509	0.2173	0.2109	0.1587	0.1442	0.0996	0.1025	0.1019	
0.7874	0.7163	0.6410	0.4469	0.4018	0.3008	0.2740	0.2524	0.7101	0.5360	0.3308	0.2577	0.2322	0.1181	0.1175	0.1131	0.7030	0.4793	0.2818	0.1818	0.2011	0.1141	0.1130	0.1057	0.6811	0.4017	0.2517	0.1911	0.1701	0.1077	0.1080	0.1054	0.6469	0.3376	0.2330	0.1794	0.1438	0.1027	0.1061	0.1023	0.6000	0.2922	0.2217	0.1545	0.1365	0.1019	0.1019	0.1032	0.3245	0.2358	0.2002	0.1617	0.1291	0.1032	0.0978	0.0986	0.1581	0.2273	0.2205	0.1636	0.1481	0.1026	0.1048	0.1053	
0.7952	0.7298	0.6423	0.4537	0.4106	0.3107	0.2846	0.2648	0.6944	0.5294	0.3376	0.2658	0.2418	0.1220	0.1227	0.1180	0.7048	0.4830	0.2835	0.1860	0.2111	0.1177	0.1130	0.1087	0.6876	0.4059	0.2508	0.1970	0.1756	0.1097	0.1111	0.1086	0.6535	0.3489	0.2436	0.1850	0.1479	0.1047	0.1094	0.1057	0.5982	0.2967	0.2277	0.1593	0.1406	0.1039	0.1049	0.1034	0.3486	0.2411	0.2094	0.1671	0.1339	0.1066	0.0985	0.1009	0.1639	0.2322	0.2264	0.1679	0.1510	0.1037	0.1074	0.1051	
0.7932	0.7250	0.6490	0.4603	0.4187	0.3238	0.2985	0.2701	0.7075	0.5368	0.3393	0.2759	0.2465	0.1229	0.1216	0.1169	0.7014	0.4775	0.2900	0.1879	0.2196	0.1174	0.1145	0.1088	0.6928	0.4112	0.2551	0.2093	0.1822	0.1076	0.1100	0.1067	0.6544	0.3659	0.2476	0.1941	0.1541	0.1052	0.1076	0.1018	0.6064	0.3116	0.2268	0.1644	0.1431	0.1048	0.1025	0.1022	0.3842	0.2428	0.2149	0.1725	0.1366	0.1054	0.0962	0.0966	0.1721	0.2396	0.2359	0.1714	0.1553	0.1054	0.1083	0.1058	
0.7896	0.7269	0.6474	0.4610	0.4170	0.3303	0.3067	0.2825	0.6972	0.5280	0.3468	0.2795	0.2537	0.1279	0.1263	0.1198	0.7036	0.4787	0.2953	0.2008	0.2231	0.1217	0.1169	0.1105	0.6921	0.4209	0.2601	0.2170	0.1867	0.1095	0.1139	0.1085	0.6496	0.3736	0.2493	0.1993	0.1587	0.1064	0.1098	0.1038	0.6046	0.3314	0.2328	0.1719	0.1480	0.1061	0.1057	0.1052	0.4153	0.2514	0.2198	0.1795	0.1409	0.1065	0.0976	0.0983	0.1897	0.2416	0.2440	0.1770	0.1614	0.1073	0.1084	0.1064	
0.7976	0.7213	0.6510	0.4599	0.4257	0.3421	0.3188	0.2955	0.7010	0.5355	0.3488	0.2869	0.2612	0.1268	0.1301	0.1205	0.7025	0.4813	0.3053	0.2071	0.2383	0.1213	0.1175	0.1093	0.6877	0.4232	0.2637	0.2228	0.1961	0.1140	0.1106	0.1083	0.6489	0.3870	0.2560	0.2088	0.1646	0.1040	0.1090	0.1078	0.6107	0.3451	0.2385	0.1769	0.1525	0.1064	0.1057	0.1043	0.4476	0.2644	0.2279	0.1841	0.1454	0.1067	0.1018	0.0992	0.2043	0.2427	0.2514	0.1798	0.1648	0.1099	0.1110	0.1100	
0.8001	0.7309	0.6585	0.4710	0.4291	0.3540	0.3313	0.3083	0.6903	0.5473	0.3549	0.2895	0.2756	0.1270	0.1263	0.1175	0.7043	0.4806	0.3064	0.2198	0.2437	0.1218	0.1183	0.1127	0.6953	0.4227	0.2663	0.2319	0.2043	0.1122	0.1141	0.1070	0.6556	0.3837	0.2642	0.2144	0.1712	0.1070	0.1107	0.1042	0.6124	0.3528	0.2504	0.1821	0.1592	0.1067	0.1049	0.1044	0.4791	0.2717	0.2350	0.1912	0.1497	0.1071	0.0966	0.1002	0.2207	0.2494	0.2577	0.1853	0.1674	0.1065	0.1099	0.1038	
0.8083	0.7313	0.6602	0.4774	0.4216	0.3550	0.3416	0.3215	0.6936	0.5440	0.3484	0.2944	0.2716	0.1337	0.1324	0.1232	0.7037	0.4835	0.3079	0.2277	0.2482	0.1260	0.1193	0.1123	0.7032	0.4218	0.2642	0.2378	0.2112	0.1174	0.1166	0.1104	0.6617	0.3864	0.2653	0.2206	0.1776	0.1095	0.1151	0.1084	0.6146	0.3535	0.2510	0.1857	0.1621	0.1071	0.1066	0.1069	0.5039	0.2784	0.2413	0.1949	0.1539	0.1102	0.1026	0.1035	0.2386	0.2576	0.2658	0.1910	0.1726	0.1084	0.1135	0.1108	
0.8000	0.7291	0.6597	0.4721	0.4260	0.3571	0.3456	0.3223	0.6964	0.5412	0.3511	0.2947	0.2779	0.1369	0.1351	0.1265	0.7069	0.4864	0.3108	0.2370	0.2498	0.1298	0.1219	0.1147	0.7012	0.4145	0.2657	0.2497	0.2194	0.1144	0.1130	0.1131	0.6577	0.3806	0.2680	0.2267	0.1838	0.1071	0.1102	0.1072	0.6164	0.3537	0.2515	0.1893	0.1667	0.1079	0.1083	0.1064	0.5194	0.2874	0.2433	0.2014	0.1573	0.1094	0.0970	0.0981	0.2615	0.2546	0.2758	0.1955	0.1768	0.1108	0.1130	0.1076	
0.8137	0.7371	0.6551	0.4727	0.4271	0.3620	0.3499	0.3290	0.7069	0.5508	0.3487	0.2982	0.2864	0.1410	0.1369	0.1307	0.7179	0.4947	0.3151	0.2456	0.2655	0.1328	0.1214	0.1184	0.7005	0.4215	0.2713	0.2575	0.2283	0.1154	0.1161	0.1143	0.6624	0.3872	0.2686	0.2330	0.1917	0.1088	0.1127	0.1081	0.6093	0.3619	0.2580	0.1928	0.1714	0.1107	0.1098	0.1078	0.5320	0.2969	0.2515	0.2072	0.1616	0.1109	0.0998	0.1005	0.2870	0.2625	0.2821	0.2018	0.1816	0.1141	0.1135	0.1125	
0.8171	0.7389	0.6698	0.4769	0.4192	0.3641	0.3608	0.3377	0.7021	0.5533	0.3562	0.2999	0.2902	0.1515	0.1435	0.1381	0.7121	0.4903	0.3127	0.2491	0.2642	0.1338	0.1301	0.1222	0.7093	0.4239	0.2748	0.2668	0.2371	0.1244	0.1256	0.1188	0.6697	0.3921	0.2682	0.2436	0.1992	0.1130	0.1226	0.1141	0.6178	0.3614	0.2646	0.1942	0.1778	0.1169	0.1146	0.1114	0.5449	0.3049	0.2573	0.2166	0.1681	0.1163	0.1026	0.1026	0.3153	0.2760	0.2951	0.2082	0.1877	0.1168	0.1201	0.1159	
0.8178	0.7405	0.6656	0.4691	0.4160	0.3644	0.3582	0.3406	0.7079	0.5522	0.3511	0.3009	0.2884	0.1494	0.1452	0.1367	0.7176	0.4936	0.3154	0.2551	0.2688	0.1391	0.1312	0.1244	0.7093	0.4235	0.2786	0.2711	0.2500	0.1282	0.1247	0.1198	0.6730	0.3851	0.2624	0.2472	0.2062	0.1171	0.1195	0.1132	0.6197	0.3673	0.2635	0.2040	0.1827	0.1186	0.1188	0.1146	0.5499	0.3147	0.2676	0.2266	0.1732	0.1156	0.1059	0.1047	0.3397	0.2853	0.3061	0.2158	0.1943	0.1176	0.1204	0.1181	
0.8163	0.7421	0.6702	0.4808	0.4241	0.3619	0.3582	0.3431	0.7100	0.5551	0.3505	0.3024	0.2918	0.1549	0.1465	0.1379	0.7235	0.4972	0.3132	0.2636	0.2809	0.1387	0.1297	0.1219	0.7106	0.4242	0.2762	0.2738	0.2543	0.1272	0.1261	0.1207	0.6747	0.3868	0.2633	0.2546	0.2120	0.1158	0.1220	0.1133	0.6119	0.3708	0.2666	0.2108	0.1898	0.1183	0.1166	0.1148	0.5517	0.3185	0.2690	0.2294	0.1776	0.1182	0.1055	0.1060	0.3628	0.2927	0.3041	0.2205	0.1989	0.1177	0.1207	0.1177	
0.8144	0.7471	0.6757	0.4760	0.4188	0.3652	0.3690	0.3521	0.7212	0.5569	0.3523	0.3006	0.2914	0.1619	0.1576	0.1439	0.7245	0.4960	0.3161	0.2636	0.2786	0.1483	0.1364	0.1278	0.7087	0.4290	0.2764	0.2760	0.2603	0.1298	0.1303	0.1250	0.6745	0.3867	0.2602	0.2599	0.2165	0.1198	0.1260	0.1178	0.6176	0.3699	0.2628	0.2111	0.1962	0.1215	0.1214	0.1169	0.5531	0.3177	0.2756	0.2366	0.1832	0.1207	0.1074	0.1073	0.3824	0.2981	0.3128	0.2293	0.2042	0.1195	0.1209	0.1199	
0.8200	0.7468	0.6838	0.4854	0.4237	0.3693	0.3638	0.3511	0.7122	0.5656	0.3564	0.3026	0.2894	0.1644	0.1572	0.1467	0.7266	0.4997	0.3130	0.2646	0.2802	0.1508	0.1400	0.1299	0.7147	0.4263	0.2751	0.2870	0.2743	0.1346	0.1318	0.1245	0.6766	0.3891	0.2640	0.2642	0.2283	0.1220	0.1252	0.1189	0.6272	0.3701	0.2634	0.2141	0.2032	0.1222	0.1213	0.1182	0.5595	0.3156	0.2776	0.2458	0.1875	0.1213	0.1080	0.1074	0.3966	0.3081	0.3177	0.2381	0.2126	0.1204	0.1238	0.1209	
0.8267	0.7518	0.6832	0.4772	0.4197	0.3661	0.3632	0.3599	0.7192	0.5680	0.3545	0.3034	0.2911	0.1718	0.1688	0.1583	0.7285	0.5057	0.3154	0.2700	0.2831	0.1571	0.1464	0.1364	0.7248	0.4290	0.2794	0.2898	0.2815	0.1402	0.1366	0.1291	0.6865	0.3932	0.2665	0.2686	0.2361	0.1265	0.1333	0.1220	0.6321	0.3765	0.2552	0.2200	0.2112	0.1242	0.1252	0.1211	0.5690	0.3274	0.2788	0.2536	0.1941	0.1252	0.1099	0.1102	0.4071	0.3129	0.3177	0.2447	0.2182	0.1227	0.1269	0.1213	
