0.0852	0.0854	0.0853	0.0865	0.0859	0.0873	0.0856	0.0852	0.0901	0.0885	0.0850	0.0849	0.0856	0.1083	0.0847	0.0984	0.0861	0.0873	0.0870	0.0867	0.0883	0.0850	0.0863	0.0851	0.0867	0.0874	0.0920	0.0959	0.0961	0.0850	0.0848	0.0911	0.0865	0.0875	0.0838	0.0852	0.0864	0.0856	0.0854	0.0883	0.0861	0.0868	0.0862	0.0915	0.0854	0.0898	0.1001	0.0887	0.0872	0.0885	0.0873	0.0870	0.1046	0.0896	0.0880	0.0872	0.0913	0.1021	0.1085	0.0893	0.1024	0.0916	0.0967	0.1206	
0.0886	0.0868	0.0866	0.0863	0.0866	0.0880	0.0878	0.0872	0.1048	0.0874	0.0874	0.0873	0.0865	0.0856	0.0858	0.0891	0.0861	0.0871	0.0872	0.0860	0.0853	0.0858	0.0860	0.0872	0.0855	0.0855	0.0863	0.0864	0.0862	0.0852	0.0872	0.0872	0.0891	0.0865	0.0861	0.0865	0.0871	0.0849	0.0859	0.0861	0.0879	0.0861	0.0860	0.0863	0.0853	0.0862	0.0869	0.0871	0.0865	0.0875	0.0871	0.0868	0.0886	0.0878	0.0869	0.0869	0.0868	0.0869	0.0898	0.0881	0.0890	0.0869	0.0882	0.0881	
0.0872	0.0864	0.0865	0.0866	0.0867	0.0871	0.0865	0.0870	0.1144	0.0875	0.0870	0.0867	0.0868	0.0853	0.0862	0.0864	0.0868	0.0878	0.0879	0.0860	0.0864	0.0868	0.0862	0.0866	0.0859	0.0867	0.0876	0.0870	0.0864	0.0864	0.0871	0.0881	0.0938	0.0873	0.0867	0.0854	0.0866	0.0863	0.0868	0.0872	0.0884	0.0864	0.0867	0.0863	0.0868	0.0866	0.0868	0.0871	0.0867	0.0878	0.0880	0.0871	0.1032	0.0891	0.0883	0.0885	0.0871	0.0886	0.0890	0.0872	0.0878	0.0890	0.0888	0.0885	
0.0871	0.0867	0.0862	0.0865	0.0864	0.0869	0.0868	0.0864	0.1094	0.0872	0.0863	0.0881	0.0863	0.0854	0.0864	0.0858	0.0901	0.0878	0.0871	0.0866	0.0861	0.0871	0.0859	0.0859	0.0864	0.0871	0.0866	0.0864	0.0860	0.0858	0.0873	0.0878	0.0944	0.0872	0.0858	0.0860	0.0865	0.0860	0.0871	0.0866	0.0889	0.0879	0.0861	0.0865	0.0875	0.0868	0.0872	0.0874	0.0862	0.0875	0.0880	0.0875	0.0889	0.0881	0.0882	0.0911	0.0880	0.0893	0.0892	0.0885	0.0875	0.0881	0.0880	0.0876	
0.0869	0.0862	0.0858	0.0861	0.0866	0.0869	0.0874	0.0862	0.1053	0.0869	0.0868	0.0865	0.0862	0.0857	0.0860	0.0858	0.0864	0.0873	0.0869	0.0867	0.0853	0.0873	0.0864	0.0861	0.0871	0.0875	0.0868	0.0869	0.0869	0.0864	0.0873	0.0872	0.0849	0.0867	0.0859	0.0860	0.0869	0.0855	0.0858	0.0858	0.0887	0.0864	0.0857	0.0855	0.0867	0.0874	0.0861	0.0858	0.0856	0.0875	0.0877	0.0874	0.0914	0.0883	0.0876	0.0922	0.0873	0.0881	0.0980	0.0887	0.0876	0.0881	0.0887	0.0884	
0.0885	0.0869	0.0868	0.0869	0.0875	0.0882	0.0881	0.0867	0.1036	0.0881	0.0868	0.0880	0.0872	0.0865	0.0874	0.0867	0.0869	0.0880	0.0884	0.0881	0.0867	0.0873	0.0872	0.0866	0.0862	0.0868	0.0871	0.0866	0.0865	0.0864	0.0869	0.0887	0.0854	0.0873	0.0863	0.0862	0.0864	0.0855	0.0863	0.0862	0.0882	0.0862	0.0863	0.0864	0.0875	0.0872	0.0869	0.0865	0.0869	0.0873	0.0875	0.0879	0.0927	0.0882	0.0876	0.0954	0.0882	0.0881	0.0904	0.0880	0.0882	0.0878	0.0895	0.0879	
0.0880	0.0878	0.0872	0.0872	0.0874	0.0880	0.0878	0.0874	0.0888	0.0877	0.0887	0.0874	0.0873	0.0862	0.0869	0.0869	0.0890	0.0879	0.0879	0.0873	0.0868	0.0877	0.0873	0.0866	0.0872	0.0870	0.0880	0.0874	0.0870	0.0868	0.0889	0.0884	0.0867	0.0880	0.0865	0.0873	0.0870	0.0864	0.0875	0.0880	0.0890	0.0876	0.0877	0.0868	0.0876	0.0883	0.0872	0.0873	0.0866	0.0889	0.0883	0.0877	0.0912	0.0893	0.0879	0.0905	0.0888	0.0885	0.0918	0.0892	0.0880	0.0887	0.0886	0.0891	
0.0882	0.0877	0.0876	0.0873	0.0878	0.0878	0.0883	0.0873	0.0896	0.0881	0.0876	0.0873	0.0876	0.0869	0.0876	0.0876	0.0869	0.0885	0.0886	0.0878	0.0876	0.0881	0.0878	0.0878	0.0876	0.0884	0.0882	0.0879	0.0876	0.0874	0.0886	0.0891	0.0867	0.0874	0.0865	0.0869	0.0876	0.0868	0.0880	0.0874	0.0892	0.0877	0.0871	0.0864	0.0876	0.0878	0.0875	0.0879	0.0873	0.0886	0.0982	0.0876	0.0906	0.0887	0.0890	0.0910	0.0883	0.0885	0.0897	0.0886	0.0894	0.0885	0.0894	0.0891	
0.0887	0.0876	0.0875	0.0876	0.0877	0.0883	0.0884	0.0879	0.1059	0.0882	0.0880	0.0878	0.0876	0.0870	0.0875	0.0872	0.0867	0.0887	0.0884	0.0873	0.0873	0.0876	0.0873	0.0871	0.0870	0.0878	0.0872	0.0875	0.0869	0.0874	0.0877	0.0883	0.0853	0.0877	0.0879	0.0874	0.0870	0.0865	0.0876	0.0872	0.0892	0.0875	0.0869	0.0869	0.0886	0.0879	0.0878	0.0876	0.0877	0.0885	0.0977	0.0881	0.0903	0.0890	0.0883	0.0932	0.0883	0.0892	0.0891	0.0887	0.0882	0.0896	0.0894	0.0888	
0.0886	0.0882	0.0876	0.0876	0.0882	0.0885	0.0883	0.0880	0.1056	0.0885	0.0886	0.0887	0.0879	0.0873	0.0875	0.0879	0.0862	0.0885	0.0887	0.0877	0.0870	0.0878	0.0875	0.0880	0.0875	0.0875	0.0879	0.0878	0.0876	0.0878	0.0887	0.0892	0.0859	0.0879	0.0866	0.0872	0.0874	0.0871	0.0877	0.0874	0.0890	0.0875	0.0873	0.0867	0.0882	0.0880	0.0878	0.0887	0.0872	0.0885	0.0883	0.0883	0.0910	0.0891	0.0886	0.0927	0.0886	0.0896	0.0896	0.0899	0.0897	0.0893	0.0895	0.0902	
0.0894	0.0883	0.0884	0.0885	0.0883	0.0889	0.0897	0.0887	0.1203	0.0897	0.0887	0.0881	0.0883	0.0876	0.0889	0.0882	0.0873	0.0891	0.0889	0.0881	0.0878	0.0886	0.0883	0.0879	0.0883	0.0882	0.0878	0.0881	0.0883	0.0885	0.0880	0.0888	0.0860	0.0888	0.0871	0.0884	0.0879	0.0879	0.0881	0.0882	0.0904	0.0884	0.0875	0.0874	0.0885	0.0892	0.0893	0.0887	0.0880	0.0896	0.0906	0.0897	0.0932	0.0899	0.0891	0.0943	0.0894	0.0893	0.0907	0.0898	0.0894	0.0890	0.0897	0.0897	
0.0890	0.0885	0.0878	0.0882	0.0885	0.0890	0.0890	0.0888	0.1195	0.0886	0.0898	0.0885	0.0882	0.0880	0.0884	0.0879	0.0875	0.0896	0.0896	0.0887	0.0874	0.0883	0.0882	0.0879	0.0880	0.0918	0.0881	0.0885	0.0875	0.0882	0.0887	0.0896	0.0864	0.0888	0.0879	0.0875	0.0881	0.0883	0.0887	0.0881	0.0907	0.0879	0.0884	0.0879	0.0887	0.0887	0.0887	0.0874	0.0884	0.0892	0.0893	0.0892	0.0925	0.0905	0.0896	0.0932	0.0889	0.0898	0.0900	0.0912	0.0897	0.0898	0.0911	0.0894	
0.0890	0.0887	0.0878	0.0881	0.0889	0.0882	0.0892	0.0886	0.1153	0.0888	0.0883	0.0873	0.0875	0.0860	0.0871	0.0872	0.0867	0.0881	0.0885	0.0882	0.0868	0.0877	0.0873	0.0870	0.0873	0.0913	0.0872	0.0875	0.0881	0.0870	0.0891	0.0888	0.0851	0.0876	0.0878	0.0867	0.0875	0.0873	0.0883	0.0870	0.0897	0.0881	0.0879	0.0877	0.0886	0.0888	0.0886	0.0880	0.0875	0.0884	0.0976	0.0883	0.0901	0.0892	0.0895	0.0924	0.0883	0.0898	0.0900	0.0898	0.0879	0.0884	0.0890	0.0878	
0.0902	0.0894	0.0895	0.0890	0.0899	0.0898	0.0908	0.0890	0.1206	0.0895	0.0903	0.0894	0.0887	0.0883	0.0887	0.0888	0.0889	0.0895	0.0892	0.0890	0.0885	0.0900	0.0896	0.0891	0.0883	0.0890	0.0900	0.0890	0.0891	0.0894	0.0890	0.0903	0.0870	0.0895	0.0891	0.0886	0.0888	0.0879	0.0889	0.0883	0.0900	0.0886	0.0884	0.0958	0.0886	0.0895	0.0888	0.0887	0.0886	0.0898	0.0900	0.0889	0.0907	0.0909	0.0902	0.0937	0.0892	0.0897	0.0912	0.0897	0.0905	0.0900	0.0906	0.0899	
0.0906	0.0901	0.0894	0.0892	0.0899	0.0899	0.0904	0.0889	0.0944	0.0891	0.0890	0.0888	0.0897	0.0875	0.0878	0.0879	0.0882	0.0899	0.0898	0.0882	0.0889	0.0890	0.0890	0.0887	0.0886	0.0877	0.0890	0.0896	0.0890	0.0883	0.0892	0.0895	0.0865	0.0881	0.0889	0.0887	0.0893	0.0882	0.0886	0.0883	0.0906	0.0887	0.0884	0.0890	0.0890	0.0900	0.0894	0.0893	0.0890	0.0896	0.0986	0.0896	0.0906	0.0904	0.0902	0.0938	0.0892	0.0902	0.0905	0.0885	0.0898	0.0906	0.0900	0.0900	
0.0907	0.0903	0.0901	0.0897	0.0902	0.0898	0.0900	0.0885	0.1195	0.0894	0.0896	0.0894	0.0881	0.0867	0.0879	0.0879	0.0884	0.0893	0.0891	0.0889	0.0886	0.0879	0.0879	0.0883	0.0877	0.0880	0.0883	0.0892	0.0882	0.0879	0.0888	0.0898	0.0861	0.0887	0.0882	0.0882	0.0889	0.0885	0.0894	0.0885	0.0900	0.0879	0.0875	0.0876	0.0883	0.0881	0.0882	0.0879	0.0878	0.0890	0.0887	0.0893	0.0943	0.0897	0.0888	0.0949	0.0897	0.0900	0.0904	0.0904	0.0897	0.0896	0.0898	0.0895	
0.0915	0.0907	0.0901	0.0908	0.0917	0.0905	0.0904	0.0893	0.1029	0.0899	0.0896	0.0902	0.0891	0.0881	0.0889	0.0886	0.0887	0.0897	0.0910	0.0893	0.0887	0.0887	0.0894	0.0885	0.0882	0.0879	0.0884	0.0891	0.0886	0.0897	0.0887	0.0897	0.0885	0.0889	0.0900	0.0889	0.0893	0.0889	0.0884	0.0888	0.0917	0.0903	0.0902	0.0896	0.0929	0.0895	0.0894	0.0893	0.0895	0.0899	0.0955	0.0899	0.0962	0.0912	0.0896	0.0989	0.0901	0.0907	0.0917	0.0908	0.0897	0.0899	0.0901	0.0909	
0.0932	0.0924	0.0919	0.0914	0.0922	0.0917	0.0919	0.0904	0.1071	0.0912	0.0913	0.0900	0.0898	0.0888	0.0891	0.0898	0.0896	0.0922	0.0912	0.0901	0.0903	0.0898	0.0887	0.0894	0.0889	0.0893	0.0901	0.0895	0.0889	0.0894	0.0904	0.0907	0.0887	0.0895	0.0891	0.0905	0.0894	0.0891	0.0898	0.0896	0.0916	0.0901	0.0895	0.0902	0.0902	0.0904	0.0892	0.0903	0.0897	0.0903	0.0903	0.0896	0.0969	0.0910	0.0903	0.0972	0.0904	0.0910	0.0923	0.0917	0.0908	0.0908	0.0913	0.0909	
0.0938	0.0926	0.0919	0.0920	0.0919	0.0910	0.0915	0.0898	0.1022	0.0908	0.0914	0.0901	0.0911	0.0900	0.0894	0.0888	0.0890	0.0906	0.0905	0.0898	0.0902	0.0905	0.0888	0.0885	0.0893	0.0886	0.0910	0.0898	0.0888	0.0891	0.0894	0.0890	0.0893	0.0891	0.0892	0.0902	0.0888	0.0885	0.0894	0.0890	0.0915	0.0893	0.0896	0.0886	0.0902	0.0891	0.0899	0.0892	0.0902	0.0907	0.0894	0.0908	0.0982	0.0919	0.0903	0.0981	0.0902	0.0910	0.0914	0.0897	0.0907	0.0898	0.0908	0.0909	
0.0953	0.0945	0.0936	0.0935	0.0924	0.0915	0.0914	0.0906	0.1045	0.0912	0.0916	0.0909	0.0902	0.0892	0.0900	0.0888	0.0903	0.0921	0.0918	0.0894	0.0904	0.0897	0.0894	0.0889	0.0916	0.0902	0.0906	0.0929	0.0895	0.0896	0.0926	0.0922	0.0903	0.0908	0.0897	0.0908	0.0897	0.0890	0.0897	0.0908	0.0922	0.0907	0.0902	0.0903	0.0905	0.0911	0.0898	0.0906	0.0906	0.0929	0.0909	0.0917	0.0935	0.0905	0.0900	0.0950	0.0905	0.0928	0.0905	0.0903	0.0900	0.0908	0.0910	0.0910	
0.0944	0.0926	0.0923	0.0909	0.0908	0.0888	0.0896	0.0881	0.1044	0.0883	0.0889	0.0872	0.0866	0.0854	0.0867	0.0865	0.0875	0.0891	0.0887	0.0866	0.0854	0.0868	0.0865	0.0857	0.0871	0.0864	0.0870	0.0873	0.0865	0.0859	0.0877	0.0876	0.0864	0.0873	0.0871	0.0862	0.0862	0.0850	0.0863	0.0856	0.0886	0.0875	0.0862	0.0861	0.0869	0.0870	0.0861	0.0879	0.0874	0.0881	0.0880	0.0871	0.0921	0.0879	0.0881	0.0955	0.0880	0.0880	0.0880	0.0860	0.0872	0.0871	0.0880	0.0878	
0.0969	0.0960	0.0950	0.0947	0.0936	0.0923	0.0916	0.0907	0.1042	0.0925	0.0938	0.0914	0.0908	0.0902	0.0893	0.0901	0.0916	0.0914	0.0918	0.0894	0.0909	0.0900	0.0904	0.0887	0.0899	0.0913	0.0916	0.0910	0.0898	0.0899	0.0905	0.0910	0.0906	0.0910	0.0904	0.0908	0.0893	0.0907	0.0898	0.0894	0.0930	0.0908	0.0901	0.0905	0.0901	0.0914	0.0896	0.0901	0.0909	0.0920	0.0966	0.0914	0.0926	0.0913	0.0903	0.0983	0.0901	0.0912	0.0924	0.0918	0.0920	0.0906	0.0930	0.0913	
0.0978	0.0974	0.0965	0.0945	0.0931	0.0913	0.0911	0.0898	0.1190	0.0917	0.0925	0.0922	0.0906	0.0883	0.0902	0.0888	0.0910	0.0908	0.0920	0.0907	0.0893	0.0897	0.0895	0.0887	0.0906	0.0904	0.0910	0.0896	0.0883	0.0887	0.0894	0.0899	0.0902	0.0908	0.0900	0.0896	0.0899	0.0892	0.0899	0.0880	0.0927	0.0896	0.0902	0.0893	0.0908	0.0899	0.0896	0.0890	0.0900	0.0906	0.0973	0.0909	0.0965	0.0907	0.0905	0.0950	0.0909	0.0913	0.0912	0.0897	0.0901	0.0900	0.0918	0.0903	
0.0996	0.0980	0.0975	0.0955	0.0937	0.0916	0.0912	0.0901	0.1113	0.0915	0.0925	0.0901	0.0893	0.0877	0.0890	0.0882	0.0910	0.0905	0.0925	0.0896	0.0892	0.0887	0.0883	0.0883	0.0903	0.0902	0.0903	0.0891	0.0877	0.0879	0.0889	0.0910	0.0895	0.0895	0.0899	0.0893	0.0892	0.0877	0.0885	0.0880	0.0922	0.0900	0.0888	0.0882	0.0896	0.0893	0.0897	0.0885	0.0903	0.0904	0.0916	0.0893	0.0930	0.0906	0.0897	0.0938	0.0911	0.0912	0.0906	0.0900	0.0897	0.0897	0.0904	0.0906	
0.1019	0.0996	0.0990	0.0972	0.0945	0.0922	0.0916	0.0906	0.1103	0.0924	0.0918	0.0908	0.0907	0.0887	0.0890	0.0890	0.0929	0.0913	0.0926	0.0899	0.0891	0.0894	0.0890	0.0891	0.0915	0.0910	0.0913	0.0899	0.0882	0.0888	0.0906	0.0910	0.0912	0.0897	0.0907	0.0894	0.0887	0.0895	0.0911	0.0894	0.0921	0.0912	0.0895	0.0889	0.0906	0.0906	0.0896	0.0926	0.0905	0.0916	0.0950	0.0916	0.0945	0.0908	0.0912	0.0964	0.0912	0.0914	0.0924	0.0906	0.0909	0.0904	0.0910	0.0909	
0.1027	0.1019	0.1000	0.0980	0.0945	0.0936	0.0913	0.0898	0.1202	0.0932	0.0921	0.0898	0.0902	0.0879	0.0888	0.0887	0.0923	0.0915	0.0927	0.0892	0.0886	0.0888	0.0889	0.0894	0.0912	0.0904	0.0911	0.0897	0.0888	0.0884	0.0902	0.0902	0.0923	0.0896	0.0898	0.0906	0.0888	0.0880	0.0890	0.0883	0.0922	0.0904	0.0899	0.0896	0.0894	0.0902	0.0893	0.0886	0.0911	0.0908	0.0931	0.0914	0.0955	0.0901	0.0899	0.0970	0.0918	0.0927	0.0911	0.0904	0.0902	0.0903	0.0911	0.0900	
0.1048	0.1037	0.1018	0.0995	0.0956	0.0923	0.0909	0.0901	0.1148	0.0943	0.0930	0.0911	0.0899	0.0882	0.0889	0.0890	0.0934	0.0916	0.0928	0.0898	0.0897	0.0893	0.0884	0.0885	0.0920	0.0913	0.0908	0.0899	0.0893	0.0885	0.0891	0.0893	0.0911	0.0907	0.0896	0.0890	0.0887	0.0886	0.0895	0.0884	0.0934	0.0900	0.0905	0.0879	0.0888	0.0888	0.0894	0.0891	0.0920	0.0919	0.0997	0.0898	0.0961	0.0910	0.0906	0.0971	0.0917	0.0925	0.0913	0.0896	0.0899	0.0899	0.0903	0.0899	
0.1083	0.1071	0.1052	0.1010	0.0973	0.0937	0.0921	0.0909	0.1076	0.0942	0.0937	0.0908	0.0898	0.0890	0.0891	0.0889	0.0944	0.0921	0.0932	0.0906	0.0898	0.0905	0.0896	0.0892	0.0926	0.0923	0.0912	0.0901	0.0885	0.0886	0.0886	0.0890	0.0916	0.0906	0.0909	0.0896	0.0893	0.0886	0.0896	0.0890	0.0941	0.0914	0.0908	0.0890	0.0901	0.0905	0.0891	0.0895	0.0915	0.0917	0.0918	0.0911	0.0943	0.0913	0.0909	0.0957	0.0924	0.0927	0.0912	0.0907	0.0908	0.0893	0.0902	0.0915	
0.1109	0.1105	0.1083	0.1033	0.0974	0.0938	0.0920	0.0903	0.1306	0.0951	0.0931	0.0912	0.0889	0.0886	0.0887	0.0890	0.0945	0.0917	0.0932	0.0890	0.0896	0.0897	0.0890	0.0894	0.0925	0.0913	0.0905	0.0891	0.0881	0.0885	0.0888	0.0891	0.0919	0.0901	0.0891	0.0892	0.0882	0.0878	0.0881	0.0880	0.0930	0.0898	0.0889	0.0882	0.0896	0.0901	0.0897	0.0881	0.0906	0.0911	0.0927	0.0890	0.0948	0.0913	0.0896	0.0954	0.0920	0.0912	0.0904	0.0894	0.0900	0.0908	0.0899	0.0905	
0.1134	0.1115	0.1092	0.1058	0.0987	0.0937	0.0919	0.0904	0.1257	0.0961	0.0929	0.0903	0.0894	0.0888	0.0891	0.0888	0.0958	0.0927	0.0938	0.0900	0.0895	0.0893	0.0889	0.0891	0.0924	0.0925	0.0916	0.0902	0.0894	0.0892	0.0890	0.0896	0.0936	0.0907	0.0910	0.0901	0.0894	0.0880	0.0894	0.0887	0.0942	0.0903	0.0915	0.0887	0.0892	0.0891	0.0895	0.0898	0.0907	0.0924	0.0911	0.0912	0.0937	0.0912	0.0890	0.0952	0.0923	0.0911	0.0905	0.0905	0.0899	0.0909	0.0919	0.0898	
0.1178	0.1160	0.1131	0.1070	0.1002	0.0948	0.0916	0.0910	0.1268	0.0958	0.0924	0.0902	0.0901	0.0884	0.0895	0.0885	0.0974	0.0925	0.0937	0.0898	0.0897	0.0896	0.0888	0.0888	0.0934	0.0917	0.0924	0.0903	0.0881	0.0891	0.0890	0.0906	0.0942	0.0910	0.0899	0.0898	0.0892	0.0870	0.0892	0.0888	0.0943	0.0907	0.0894	0.0892	0.0891	0.0903	0.0887	0.0885	0.0914	0.0909	0.0914	0.0907	0.0967	0.0911	0.0900	0.0973	0.0936	0.0917	0.0923	0.0892	0.0891	0.0892	0.0914	0.0913	
0.1222	0.1203	0.1190	0.1105	0.1014	0.0954	0.0933	0.0918	0.1093	0.0997	0.0935	0.0918	0.0905	0.0890	0.0886	0.0891	0.0988	0.0942	0.0939	0.0902	0.0900	0.0905	0.0902	0.0890	0.0942	0.0928	0.0933	0.0900	0.0892	0.0900	0.0901	0.0895	0.0948	0.0928	0.0902	0.0896	0.0895	0.0888	0.0907	0.0893	0.0957	0.0914	0.0911	0.0891	0.0898	0.0904	0.0896	0.0902	0.0918	0.0920	0.0919	0.0909	0.0953	0.0909	0.0904	0.0963	0.0937	0.0926	0.0912	0.0899	0.0909	0.0918	0.0924	0.0915	
0.1258	0.1246	0.1213	0.1129	0.1021	0.0959	0.0925	0.0916	0.1353	0.0991	0.0950	0.0919	0.0914	0.0888	0.0902	0.0908	0.1007	0.0948	0.0952	0.0910	0.0897	0.0902	0.0895	0.0894	0.0955	0.0927	0.0919	0.0902	0.0890	0.0896	0.0900	0.0901	0.0959	0.0917	0.0900	0.0891	0.0883	0.0888	0.0899	0.0892	0.0956	0.0903	0.0895	0.0888	0.0897	0.0905	0.0899	0.0893	0.0935	0.0914	0.0906	0.0903	0.0959	0.0901	0.0909	0.0957	0.0936	0.0920	0.0911	0.0893	0.0912	0.0910	0.0905	0.0910	
0.1311	0.1282	0.1258	0.1169	0.1032	0.0958	0.0923	0.0909	0.1335	0.1010	0.0941	0.0913	0.0901	0.0884	0.0892	0.0888	0.1010	0.0958	0.0952	0.0896	0.0885	0.0895	0.0884	0.0888	0.0957	0.0930	0.0921	0.0902	0.0883	0.0886	0.0896	0.0902	0.0959	0.0908	0.0902	0.0900	0.0879	0.0893	0.0889	0.0888	0.0963	0.0915	0.0900	0.0901	0.0894	0.0899	0.0893	0.0886	0.0922	0.0918	0.0910	0.0901	0.0928	0.0913	0.0906	0.0943	0.0944	0.0916	0.0894	0.0902	0.0905	0.0911	0.0908	0.0922	
0.1372	0.1351	0.1323	0.1206	0.1053	0.0961	0.0927	0.0909	0.1094	0.1025	0.0932	0.0913	0.0902	0.0894	0.0896	0.0894	0.1018	0.0955	0.0940	0.0892	0.0898	0.0897	0.0892	0.0891	0.0977	0.0932	0.0920	0.0895	0.0888	0.0892	0.0893	0.0906	0.0983	0.0932	0.0901	0.0895	0.0891	0.0885	0.0902	0.0893	0.0960	0.0904	0.0892	0.0889	0.0911	0.0907	0.0889	0.0883	0.0926	0.0922	0.0980	0.0906	0.0936	0.0916	0.0894	0.0970	0.0938	0.0920	0.0890	0.0889	0.0897	0.0902	0.0899	0.0911	
0.1452	0.1411	0.1377	0.1245	0.1077	0.0969	0.0929	0.0907	0.1123	0.1046	0.0938	0.0910	0.0903	0.0887	0.0884	0.0904	0.1039	0.0967	0.0945	0.0895	0.0893	0.0900	0.0893	0.0886	0.0980	0.0937	0.0920	0.0901	0.0884	0.0891	0.0894	0.0902	0.0988	0.0930	0.0909	0.0888	0.0882	0.0879	0.0889	0.0886	0.0984	0.0924	0.0903	0.0895	0.0899	0.0896	0.0901	0.0887	0.0932	0.0925	0.0921	0.0902	0.0954	0.0914	0.0905	0.0987	0.0948	0.0928	0.0901	0.0896	0.0904	0.0900	0.0914	0.0906	
0.1527	0.1498	0.1465	0.1300	0.1092	0.0978	0.0936	0.0909	0.1152	0.1056	0.0937	0.0898	0.0895	0.0873	0.0887	0.0886	0.1053	0.0965	0.0939	0.0888	0.0898	0.0887	0.0889	0.0873	0.0975	0.0939	0.0911	0.0892	0.0882	0.0874	0.0893	0.0898	0.0982	0.0928	0.0902	0.0883	0.0883	0.0884	0.0890	0.0894	0.0965	0.0917	0.0883	0.0882	0.0899	0.0888	0.0890	0.0889	0.0935	0.0915	0.0983	0.0900	0.0932	0.0907	0.0897	0.0954	0.0950	0.0923	0.0894	0.0883	0.0896	0.0891	0.0895	0.0900	
0.1593	0.1561	0.1543	0.1355	0.1124	0.0984	0.0930	0.0913	0.1195	0.1083	0.0948	0.0908	0.0899	0.0884	0.0897	0.0887	0.1126	0.0975	0.0954	0.0893	0.0888	0.0888	0.0885	0.0893	0.1007	0.0944	0.0914	0.0882	0.0877	0.0877	0.0878	0.0892	0.1000	0.0936	0.0904	0.0886	0.0882	0.0886	0.0888	0.0880	0.0974	0.0908	0.0888	0.0881	0.0882	0.0890	0.0884	0.0888	0.0937	0.0910	0.0911	0.0901	0.0973	0.0900	0.0884	0.0969	0.0945	0.0912	0.0891	0.0889	0.0889	0.0891	0.0906	0.0897	
0.1720	0.1679	0.1611	0.1407	0.1143	0.0989	0.0937	0.0909	0.1221	0.1113	0.0952	0.0907	0.0891	0.0874	0.0882	0.0880	0.1109	0.0986	0.0947	0.0898	0.0898	0.0890	0.0882	0.0877	0.1009	0.0952	0.0918	0.0892	0.0871	0.0879	0.0897	0.0894	0.1061	0.0934	0.0911	0.0890	0.0888	0.0885	0.0890	0.0888	0.0979	0.0920	0.0880	0.0883	0.0896	0.0883	0.0890	0.0895	0.0935	0.0918	0.0904	0.0896	0.0931	0.0904	0.0902	0.0948	0.0957	0.0932	0.0885	0.0888	0.0889	0.0895	0.0910	0.0902	
0.1849	0.1787	0.1737	0.1507	0.1192	0.1004	0.0943	0.0924	0.1284	0.1152	0.0966	0.0917	0.0903	0.0893	0.0907	0.0895	0.1134	0.1004	0.0953	0.0902	0.0892	0.0903	0.0881	0.0894	0.1028	0.0961	0.0925	0.0900	0.0890	0.0883	0.0902	0.0903	0.1024	0.0929	0.0900	0.0893	0.0891	0.0885	0.0900	0.0903	0.1002	0.0918	0.0903	0.0896	0.0899	0.0894	0.0895	0.0900	0.0950	0.0920	0.0902	0.0903	0.0928	0.0910	0.0899	0.0968	0.0969	0.0930	0.0902	0.0897	0.0904	0.0911	0.0911	0.0916	
0.1951	0.1915	0.1840	0.1571	0.1222	0.1017	0.0939	0.0916	0.1315	0.1177	0.0960	0.0915	0.0897	0.0887	0.0885	0.0890	0.1159	0.1004	0.0961	0.0897	0.0897	0.0895	0.0889	0.0895	0.1054	0.0967	0.0914	0.0899	0.0878	0.0879	0.0889	0.0896	0.1034	0.0949	0.0912	0.0889	0.0889	0.0888	0.0896	0.0889	0.0999	0.0914	0.0893	0.0894	0.0894	0.0900	0.0882	0.0879	0.0954	0.0929	0.0913	0.0901	0.0961	0.0904	0.0900	0.0993	0.0970	0.0930	0.0906	0.0908	0.0892	0.0896	0.0911	0.0902	
0.2106	0.2031	0.1951	0.1655	0.1262	0.1022	0.0945	0.0911	0.1345	0.1211	0.0967	0.0910	0.0907	0.0885	0.0886	0.0881	0.1190	0.1013	0.0955	0.0896	0.0886	0.0895	0.0888	0.0890	0.1085	0.0963	0.0971	0.0903	0.0871	0.0879	0.0887	0.0894	0.1044	0.0934	0.0901	0.0894	0.0875	0.0875	0.0908	0.0889	0.1002	0.0921	0.0888	0.0891	0.0884	0.0891	0.0893	0.0889	0.0954	0.0926	0.0909	0.0894	0.0955	0.0905	0.0907	0.0981	0.0966	0.0926	0.0895	0.0905	0.0900	0.0898	0.0895	0.0899	
0.2254	0.2220	0.2133	0.1794	0.1312	0.1037	0.0956	0.0924	0.1403	0.1277	0.0976	0.0929	0.0906	0.0905	0.0903	0.0890	0.1230	0.1034	0.0972	0.0908	0.0903	0.0901	0.0896	0.0894	0.1079	0.0974	0.0926	0.0895	0.0882	0.0890	0.0906	0.0915	0.1074	0.0949	0.0921	0.0904	0.0886	0.0892	0.0899	0.0898	0.1022	0.0928	0.0904	0.0886	0.0907	0.0906	0.0896	0.0920	0.0957	0.0926	0.0911	0.0900	0.0961	0.0906	0.0907	0.0949	0.0985	0.0935	0.0897	0.0891	0.0892	0.0892	0.0905	0.0911	
0.2428	0.2369	0.2293	0.1898	0.1359	0.1043	0.0952	0.0922	0.1455	0.1317	0.0979	0.0923	0.0903	0.0893	0.0890	0.0893	0.1267	0.1048	0.0963	0.0898	0.0889	0.0892	0.0892	0.0886	0.1090	0.0980	0.0922	0.0888	0.0886	0.0882	0.0890	0.0894	0.1071	0.0958	0.0906	0.0894	0.0895	0.0888	0.0898	0.0889	0.1017	0.0922	0.0891	0.0895	0.0905	0.0901	0.0892	0.0898	0.0968	0.0934	0.0916	0.0906	0.0944	0.0913	0.0903	0.0972	0.0978	0.0942	0.0891	0.0894	0.0892	0.0901	0.0917	0.0905	
0.2623	0.2527	0.2424	0.2032	0.1407	0.1058	0.0955	0.0923	0.1575	0.1370	0.0980	0.0917	0.0897	0.0891	0.0897	0.0892	0.1303	0.1053	0.0971	0.0902	0.0893	0.0896	0.0893	0.0892	0.1113	0.0990	0.0939	0.0903	0.0885	0.0892	0.0895	0.0911	0.1079	0.0946	0.0958	0.0894	0.0890	0.0878	0.0895	0.0885	0.1031	0.0939	0.0898	0.0889	0.0895	0.0903	0.0898	0.0896	0.0968	0.0935	0.0911	0.0907	0.0935	0.0906	0.0898	0.0956	0.0985	0.0939	0.0899	0.0903	0.0902	0.0899	0.0904	0.0901	
0.2882	0.2760	0.2657	0.2169	0.1476	0.1067	0.0949	0.0926	0.1866	0.1439	0.0988	0.0921	0.0899	0.0880	0.0884	0.0889	0.1344	0.1061	0.0969	0.0900	0.0891	0.0895	0.0890	0.0887	0.1133	0.0985	0.0937	0.0891	0.0876	0.0889	0.0899	0.0902	0.1094	0.0955	0.0910	0.0892	0.0884	0.0875	0.0895	0.0885	0.1033	0.0939	0.0892	0.0881	0.0883	0.0896	0.0887	0.0904	0.0975	0.0930	0.0917	0.0904	0.0961	0.0903	0.0901	0.0951	0.0993	0.0943	0.0892	0.0899	0.0888	0.0892	0.0911	0.0909	
0.3056	0.2930	0.2853	0.2343	0.1566	0.1079	0.0963	0.0927	0.1931	0.1537	0.0975	0.0921	0.0904	0.0884	0.0896	0.0892	0.1392	0.1087	0.0988	0.0900	0.0895	0.0901	0.0893	0.0887	0.1143	0.0990	0.0939	0.0891	0.0879	0.0897	0.0900	0.0907	0.1129	0.0969	0.0927	0.0907	0.0895	0.0882	0.0898	0.0894	0.1038	0.0943	0.0888	0.0883	0.0896	0.0906	0.0901	0.0902	0.0981	0.0928	0.0918	0.0904	0.0936	0.0911	0.0900	0.0946	0.0997	0.0939	0.0894	0.0894	0.0892	0.0899	0.0907	0.0909	
0.3307	0.3143	0.3037	0.2527	0.1637	0.1102	0.0967	0.0922	0.1856	0.1631	0.0990	0.0925	0.0915	0.0888	0.0895	0.0896	0.1449	0.1101	0.0982	0.0901	0.0902	0.0898	0.0890	0.0896	0.1164	0.1029	0.0927	0.0897	0.0885	0.0889	0.0902	0.0905	0.1137	0.0960	0.0964	0.0899	0.0896	0.0882	0.0891	0.0892	0.1044	0.0935	0.0898	0.0882	0.0895	0.0907	0.0906	0.0957	0.0983	0.0943	0.0914	0.0907	0.0936	0.0905	0.0898	0.0975	0.1004	0.0953	0.0901	0.0894	0.0901	0.0917	0.0915	0.0908	
0.3623	0.3424	0.3340	0.2712	0.1704	0.1127	0.0972	0.0939	0.2047	0.1731	0.1005	0.0933	0.0919	0.0901	0.0895	0.0900	0.1512	0.1116	0.0991	0.0908	0.0898	0.0901	0.0894	0.0891	0.1195	0.1014	0.0939	0.0902	0.0886	0.0896	0.0900	0.0903	0.1151	0.0972	0.0994	0.0899	0.0892	0.0891	0.0902	0.0888	0.1066	0.0946	0.0909	0.0891	0.0900	0.0904	0.0899	0.0904	0.1000	0.0940	0.0927	0.0908	0.0953	0.0920	0.0910	0.0965	0.1017	0.0949	0.0899	0.0887	0.0902	0.0914	0.0922	0.0925	
0.3871	0.3712	0.3569	0.2914	0.1818	0.1155	0.0981	0.0930	0.2310	0.1905	0.1015	0.0933	0.0913	0.0885	0.0891	0.0889	0.1569	0.1140	0.0991	0.0909	0.0899	0.0900	0.0887	0.0895	0.1227	0.1027	0.0937	0.0900	0.0883	0.0878	0.0900	0.0903	0.1167	0.0977	0.0946	0.0892	0.0888	0.0877	0.0891	0.0887	0.1064	0.0954	0.0898	0.0887	0.0902	0.0890	0.0893	0.0904	0.0989	0.0936	0.1007	0.0901	0.0960	0.0904	0.0896	0.0967	0.1016	0.0944	0.0902	0.0901	0.0904	0.0905	0.0901	0.0891	
0.4192	0.4026	0.3883	0.3204	0.1954	0.1176	0.0982	0.0945	0.2397	0.2054	0.1022	0.0935	0.0902	0.0881	0.0895	0.0895	0.1653	0.1162	0.1000	0.0909	0.0892	0.0903	0.0892	0.0889	0.1243	0.1022	0.0938	0.0899	0.0877	0.0891	0.0896	0.0907	0.1171	0.0977	0.0920	0.0889	0.0882	0.0879	0.0893	0.0898	0.1084	0.0954	0.0901	0.0945	0.0897	0.0898	0.0891	0.0920	0.0999	0.0933	0.0912	0.0899	0.0931	0.0904	0.0903	0.0948	0.1029	0.0948	0.0891	0.0893	0.0894	0.0902	0.0914	0.0917	
0.4480	0.4236	0.4097	0.3406	0.2042	0.1171	0.0975	0.0935	0.2662	0.2270	0.1019	0.0927	0.0910	0.0883	0.0893	0.0888	0.1709	0.1181	0.0994	0.0911	0.0886	0.0897	0.0894	0.0900	0.1264	0.1026	0.0938	0.0892	0.0881	0.0878	0.0899	0.0912	0.1183	0.0980	0.0914	0.0898	0.0887	0.0878	0.0895	0.0894	0.1075	0.0939	0.0891	0.0879	0.0894	0.0908	0.0888	0.0913	0.0989	0.0936	0.0906	0.0890	0.0940	0.0896	0.0897	0.0952	0.1023	0.0949	0.0894	0.0891	0.0883	0.0891	0.0900	0.0898	
0.4803	0.4568	0.4445	0.3657	0.2158	0.1210	0.0991	0.0934	0.2879	0.2515	0.1032	0.0936	0.0911	0.0885	0.0891	0.0889	0.1776	0.1209	0.1006	0.0907	0.0896	0.0896	0.0884	0.0881	0.1285	0.1075	0.0944	0.0887	0.0882	0.0887	0.0894	0.0909	0.1200	0.0991	0.0923	0.0892	0.0890	0.0880	0.0890	0.0894	0.1094	0.0957	0.0901	0.0879	0.0904	0.0900	0.0899	0.0908	0.1014	0.0948	0.0922	0.0899	0.0926	0.0905	0.0902	0.0943	0.1031	0.0954	0.0894	0.0888	0.0898	0.0904	0.0909	0.0900	
0.5051	0.4836	0.4679	0.3929	0.2323	0.1232	0.0987	0.0940	0.3141	0.2814	0.1045	0.0935	0.0897	0.0876	0.0881	0.0880	0.1861	0.1222	0.0992	0.0899	0.0883	0.0897	0.0890	0.0879	0.1307	0.1039	0.0937	0.0887	0.0876	0.0874	0.0889	0.0887	0.1277	0.0986	0.0911	0.0885	0.0884	0.0870	0.0884	0.0884	0.1075	0.0956	0.0890	0.0883	0.0880	0.0892	0.0879	0.0893	0.1005	0.0932	0.0987	0.0904	0.0960	0.0902	0.0891	0.0950	0.1023	0.0942	0.0882	0.0889	0.0890	0.0888	0.0904	0.0901	
0.5424	0.5225	0.5029	0.4280	0.2520	0.1281	0.0997	0.0940	0.3531	0.3098	0.1059	0.0937	0.0908	0.0888	0.0887	0.0891	0.1914	0.1267	0.1004	0.0905	0.0891	0.0896	0.0887	0.0889	0.1336	0.1058	0.0949	0.0891	0.0889	0.0881	0.0896	0.0900	0.1221	0.0999	0.0918	0.0898	0.0901	0.0882	0.0890	0.0893	0.1101	0.0966	0.0894	0.0878	0.0891	0.0903	0.0891	0.0924	0.1020	0.0945	0.0919	0.0900	0.0931	0.0906	0.0899	0.0950	0.1033	0.0961	0.0887	0.0887	0.0890	0.0893	0.0900	0.0912	
0.5635	0.5333	0.5195	0.4458	0.2745	0.1298	0.0995	0.0934	0.3845	0.3518	0.1066	0.0932	0.0902	0.0879	0.0891	0.0893	0.1820	0.1302	0.1010	0.0904	0.0899	0.0889	0.0890	0.0878	0.1369	0.1070	0.0948	0.0890	0.0881	0.0880	0.0891	0.0901	0.1232	0.0994	0.0920	0.0884	0.0882	0.0881	0.0883	0.0883	0.1092	0.0957	0.0892	0.0877	0.0889	0.0886	0.0884	0.0897	0.1015	0.0950	0.0997	0.0897	0.0938	0.0913	0.0907	0.0949	0.1026	0.0956	0.0899	0.0884	0.0900	0.0895	0.0898	0.0907	
0.5942	0.5666	0.5571	0.4844	0.2886	0.1332	0.1002	0.0936	0.4193	0.3816	0.1098	0.0925	0.0912	0.0887	0.0888	0.0891	0.1892	0.1341	0.1015	0.0907	0.0898	0.0897	0.0888	0.0889	0.1402	0.1073	0.0949	0.0893	0.0868	0.0874	0.0889	0.0889	0.1260	0.0996	0.0912	0.0893	0.0882	0.0886	0.0894	0.0889	0.1104	0.0960	0.0885	0.0879	0.0894	0.0897	0.0888	0.0900	0.1029	0.0958	0.0914	0.0892	0.0948	0.0906	0.0902	0.0962	0.1042	0.0962	0.0894	0.0895	0.0889	0.0901	0.0905	0.0898	
0.6182	0.5933	0.5785	0.5094	0.3106	0.1395	0.1013	0.0953	0.4503	0.4180	0.1118	0.0931	0.0905	0.0897	0.0891	0.0891	0.2074	0.1366	0.1021	0.0914	0.0904	0.0905	0.0890	0.0879	0.1442	0.1081	0.0956	0.0909	0.0887	0.0892	0.0894	0.0904	0.1278	0.1034	0.0959	0.0913	0.0898	0.0896	0.0904	0.0903	0.1122	0.0967	0.0911	0.0881	0.0903	0.0897	0.0884	0.0911	0.1038	0.0948	0.0911	0.0899	0.0937	0.0915	0.0894	0.0951	0.1048	0.0966	0.0908	0.0894	0.0884	0.0901	0.0901	0.0910	
0.6379	0.6091	0.5978	0.5249	0.3381	0.1424	0.1017	0.0949	0.4685	0.4474	0.1137	0.0947	0.0914	0.0887	0.0891	0.0890	0.2322	0.1413	0.1024	0.0909	0.0904	0.0899	0.0891	0.0890	0.1463	0.1084	0.0955	0.0901	0.0873	0.0883	0.0891	0.0893	0.1296	0.0994	0.0937	0.0900	0.0897	0.0896	0.0910	0.0902	0.1125	0.0974	0.0904	0.0885	0.0896	0.0914	0.0892	0.0960	0.1034	0.0957	0.0938	0.0910	0.0943	0.0909	0.0894	0.0947	0.1040	0.0962	0.0900	0.0890	0.0894	0.0898	0.0912	0.0906	
0.6647	0.6346	0.6181	0.5374	0.3597	0.1490	0.1017	0.0945	0.5049	0.4836	0.1160	0.0937	0.0909	0.0880	0.0886	0.0888	0.2545	0.1447	0.1028	0.0906	0.0898	0.0892	0.0889	0.0883	0.1495	0.1094	0.0948	0.0891	0.0870	0.0880	0.0896	0.0905	0.1308	0.1004	0.0930	0.0898	0.0885	0.0881	0.0893	0.0896	0.1113	0.0962	0.0899	0.0886	0.0886	0.0894	0.0902	0.0922	0.1019	0.0944	0.0926	0.0895	0.0939	0.0936	0.0915	0.0958	0.1052	0.0953	0.0894	0.0869	0.0890	0.0888	0.0905	0.0897	
0.6854	0.6555	0.6342	0.5605	0.3876	0.1551	0.1028	0.0948	0.5305	0.5134	0.1196	0.0936	0.0910	0.0876	0.0880	0.0890	0.2859	0.1507	0.1028	0.0908	0.0889	0.0901	0.0887	0.0881	0.1544	0.1107	0.0946	0.0892	0.0880	0.0883	0.0901	0.0901	0.1325	0.1012	0.0965	0.0895	0.0881	0.0881	0.0886	0.0885	0.1127	0.0959	0.0900	0.0886	0.0893	0.0893	0.0883	0.0927	0.1036	0.0949	0.0945	0.0900	0.0934	0.0919	0.0902	0.0950	0.1054	0.0955	0.0891	0.0882	0.0895	0.0881	0.0900	0.0901	
0.7152	0.6873	0.6676	0.5997	0.4148	0.1646	0.1047	0.0956	0.5602	0.5366	0.1226	0.0952	0.0917	0.0883	0.0891	0.0886	0.3121	0.1583	0.1042	0.0922	0.0901	0.0902	0.0892	0.0885	0.1582	0.1124	0.0961	0.0900	0.0878	0.0879	0.0895	0.0896	0.1347	0.1026	0.0934	0.0916	0.0879	0.0886	0.0891	0.0899	0.1143	0.0975	0.0895	0.0881	0.0901	0.0896	0.0881	0.0896	0.1032	0.0960	0.0912	0.0894	0.0942	0.0929	0.0893	0.0968	0.1057	0.0964	0.0885	0.0879	0.0880	0.0904	0.0909	0.0898	
0.7383	0.7069	0.6858	0.6207	0.4422	0.1687	0.1038	0.0945	0.5789	0.5526	0.1266	0.0945	0.0906	0.0875	0.0886	0.0877	0.3411	0.1653	0.1038	0.0907	0.0894	0.0883	0.0880	0.0879	0.1615	0.1150	0.0953	0.0884	0.0864	0.0874	0.0891	0.0892	0.1345	0.1021	0.0921	0.0893	0.0871	0.0871	0.0880	0.0882	0.1133	0.0964	0.0892	0.0871	0.0885	0.0882	0.0872	0.0921	0.1033	0.0950	0.0907	0.0893	0.0943	0.0927	0.0886	0.0952	0.1045	0.0945	0.0879	0.0874	0.0881	0.0882	0.0895	0.0894	
0.7561	0.7258	0.6979	0.6358	0.4705	0.1777	0.1052	0.0947	0.6079	0.5745	0.1294	0.0951	0.0907	0.0879	0.0892	0.0883	0.3887	0.1777	0.1049	0.0915	0.0900	0.0898	0.0891	0.0885	0.1653	0.1153	0.0970	0.0897	0.0872	0.0889	0.0885	0.0901	0.1383	0.1021	0.0932	0.0899	0.0878	0.0874	0.0893	0.0889	0.1157	0.0973	0.0893	0.0879	0.0903	0.0891	0.0886	0.0891	0.1045	0.0959	0.0906	0.0898	0.0886	0.0928	0.0887	0.0918	0.1059	0.0958	0.0878	0.0873	0.0876	0.0876	0.0889	0.0884	
0.7611	0.7371	0.7181	0.6651	0.4967	0.1876	0.1058	0.0962	0.6297	0.5940	0.1326	0.0951	0.0907	0.0875	0.0882	0.0883	0.4211	0.1908	0.1048	0.0905	0.0886	0.0885	0.0876	0.0882	0.1691	0.1150	0.0957	0.0885	0.0868	0.0879	0.0894	0.0889	0.1404	0.1028	0.0937	0.0891	0.0877	0.0877	0.0888	0.0887	0.1166	0.0981	0.0898	0.0882	0.0885	0.0895	0.0892	0.0913	0.1055	0.0963	0.0916	0.0896	0.0970	0.0936	0.0885	0.0983	0.1062	0.0966	0.0891	0.0871	0.0876	0.0885	0.0893	0.0893	
0.7714	0.7530	0.7381	0.6937	0.5273	0.2014	0.1071	0.0970	0.6539	0.6098	0.1400	0.0955	0.0917	0.0880	0.0887	0.0885	0.4568	0.2062	0.1066	0.0908	0.0900	0.0889	0.0887	0.0880	0.1766	0.1176	0.0975	0.0895	0.0882	0.0879	0.0890	0.0900	0.1420	0.1042	0.0930	0.0893	0.0876	0.0869	0.0882	0.0890	0.1173	0.0987	0.0909	0.0890	0.0902	0.0881	0.0890	0.0984	0.1059	0.0960	0.0910	0.0905	0.0925	0.0941	0.0895	0.0949	0.1062	0.0968	0.0897	0.0886	0.0891	0.0888	0.0906	0.0900	
0.7652	0.7526	0.7372	0.7023	0.5482	0.2128	0.1086	0.0977	0.6724	0.6347	0.1451	0.0957	0.0922	0.0882	0.0896	0.0893	0.4806	0.2263	0.1077	0.0917	0.0906	0.0950	0.0886	0.0885	0.1812	0.1201	0.0972	0.0895	0.0885	0.0889	0.0897	0.0898	0.1455	0.1036	0.0933	0.0896	0.0887	0.0886	0.0893	0.0890	0.1194	0.0975	0.0907	0.0893	0.0902	0.0897	0.0892	0.0985	0.1063	0.0958	0.0930	0.0904	0.0953	0.0967	0.0906	0.0949	0.1074	0.0974	0.0900	0.0888	0.0891	0.0898	0.0908	0.0909	
0.7732	0.7554	0.7405	0.7153	0.5726	0.2216	0.1086	0.0966	0.7043	0.6584	0.1520	0.0964	0.0916	0.0888	0.0885	0.0887	0.5397	0.2561	0.1080	0.0912	0.0898	0.0890	0.0889	0.0878	0.1844	0.1198	0.0968	0.0884	0.0863	0.0867	0.0895	0.0889	0.1481	0.1041	0.0934	0.0891	0.0888	0.0878	0.0889	0.0887	0.1191	0.0984	0.0896	0.0876	0.0900	0.0899	0.0881	0.0889	0.1077	0.0967	0.0919	0.0897	0.0958	0.0983	0.0898	0.0986	0.1078	0.0965	0.0896	0.0882	0.0897	0.0899	0.0898	0.0903	
0.7695	0.7581	0.7420	0.7320	0.5874	0.2376	0.1086	0.0963	0.6980	0.6705	0.1584	0.0965	0.0909	0.0876	0.0875	0.0878	0.5763	0.2844	0.1080	0.0906	0.0888	0.0891	0.0886	0.0876	0.1901	0.1219	0.0979	0.0893	0.0874	0.0883	0.0889	0.0895	0.1512	0.1050	0.0935	0.0902	0.0888	0.0871	0.0881	0.0892	0.1184	0.0982	0.0896	0.0884	0.0898	0.0900	0.0890	0.0935	0.1065	0.0980	0.0920	0.0901	0.0768	0.0991	0.0889	0.0778	0.1084	0.0968	0.0894	0.0885	0.0888	0.0886	0.0910	0.0897	
0.7714	0.7543	0.7390	0.7297	0.6081	0.2511	0.1127	0.0977	0.6974	0.6777	0.1662	0.0975	0.0917	0.0886	0.0895	0.0878	0.6097	0.3140	0.1090	0.0912	0.0905	0.0900	0.0889	0.0880	0.2024	0.1239	0.0978	0.0892	0.0884	0.0885	0.0897	0.0897	0.1529	0.1049	0.0934	0.0895	0.0883	0.0880	0.0884	0.0893	0.1198	0.0979	0.0894	0.0867	0.0875	0.0885	0.0878	0.0874	0.1064	0.0961	0.0926	0.0894	0.0958	0.0999	0.0887	0.0965	0.1077	0.0973	0.0902	0.0885	0.0880	0.0889	0.0895	0.0894	
0.7726	0.7561	0.7450	0.7355	0.6303	0.2677	0.1109	0.0972	0.6981	0.6849	0.1750	0.0969	0.0920	0.0880	0.0881	0.0879	0.6352	0.3451	0.1096	0.0918	0.0894	0.0898	0.0889	0.0881	0.2145	0.1267	0.0981	0.0893	0.0872	0.0883	0.0888	0.0887	0.1545	0.1062	0.0938	0.0894	0.0885	0.0873	0.0882	0.0894	0.1194	0.0985	0.0901	0.0881	0.0899	0.0886	0.0889	0.0885	0.1067	0.0975	0.0950	0.0900	0.0940	0.1024	0.0885	0.0948	0.1076	0.0972	0.0886	0.0885	0.0887	0.0896	0.0893	0.0893	
0.7775	0.7656	0.7518	0.7413	0.6553	0.2869	0.1129	0.0975	0.6983	0.6819	0.1872	0.0970	0.0908	0.0873	0.0875	0.0873	0.6474	0.3787	0.1115	0.0917	0.0893	0.0897	0.0881	0.0874	0.2257	0.1262	0.0973	0.0884	0.0872	0.0868	0.0882	0.0888	0.1523	0.1063	0.0939	0.0896	0.0878	0.0862	0.0877	0.0882	0.1202	0.0986	0.0894	0.0882	0.0877	0.0891	0.0884	0.0885	0.1061	0.0958	0.0960	0.0902	0.0954	0.1110	0.0888	0.0965	0.1080	0.0971	0.0890	0.0881	0.0877	0.0884	0.0895	0.0895	
0.7789	0.7629	0.7536	0.7442	0.6759	0.3110	0.1164	0.1005	0.7012	0.6900	0.1968	0.0986	0.0928	0.0891	0.0889	0.0889	0.6590	0.4127	0.1128	0.0933	0.0908	0.0900	0.0892	0.0887	0.2428	0.1301	0.0989	0.0897	0.0882	0.0885	0.0891	0.0897	0.1595	0.1076	0.0945	0.0904	0.0886	0.0879	0.0893	0.0892	0.1216	0.0995	0.0901	0.0885	0.0889	0.0889	0.0895	0.0928	0.1090	0.0973	0.0995	0.0901	0.0942	0.1039	0.0890	0.0953	0.1088	0.0978	0.0896	0.0882	0.0885	0.0888	0.0897	0.0897	
0.7782	0.7630	0.7468	0.7416	0.6884	0.3288	0.1162	0.0989	0.7007	0.6929	0.2082	0.0986	0.0924	0.0882	0.0882	0.0884	0.6481	0.4518	0.1129	0.0922	0.0895	0.0891	0.0883	0.0872	0.2652	0.1318	0.0992	0.0892	0.0869	0.0872	0.0884	0.0887	0.1629	0.1071	0.0935	0.0894	0.0877	0.0870	0.0880	0.0881	0.1205	0.0992	0.0897	0.0870	0.0884	0.0884	0.0874	0.0876	0.1069	0.0969	0.0917	0.0888	0.0928	0.1049	0.0887	0.0944	0.1077	0.0967	0.0884	0.0884	0.0882	0.0886	0.0885	0.0890	
0.7788	0.7656	0.7503	0.7454	0.7105	0.3538	0.1178	0.0996	0.7093	0.6988	0.2231	0.0995	0.0930	0.0889	0.0886	0.0884	0.6615	0.4839	0.1144	0.0929	0.0902	0.0899	0.0893	0.0884	0.2936	0.1371	0.1001	0.0896	0.0877	0.0882	0.0893	0.0896	0.1637	0.1086	0.0945	0.0903	0.0880	0.0872	0.0880	0.0887	0.1226	0.1000	0.0899	0.0879	0.0889	0.0897	0.0897	0.0881	0.1089	0.0970	0.0918	0.0895	0.0970	0.1044	0.0891	0.0990	0.1091	0.0971	0.0884	0.0875	0.0876	0.0886	0.0890	0.0889	
0.7869	0.7729	0.7608	0.7519	0.7296	0.3785	0.1205	0.0997	0.7056	0.6931	0.2341	0.0997	0.0938	0.0888	0.0878	0.0879	0.6704	0.5075	0.1152	0.0934	0.0902	0.0906	0.0888	0.0881	0.3111	0.1380	0.1003	0.0899	0.0870	0.0875	0.0890	0.0893	0.1686	0.1088	0.0942	0.0905	0.0886	0.0884	0.0885	0.0877	0.1237	0.0996	0.0904	0.0882	0.0893	0.0888	0.0884	0.0887	0.1091	0.0977	0.0920	0.0911	0.0950	0.1085	0.0894	0.0973	0.1090	0.0971	0.0883	0.0881	0.0882	0.0885	0.0898	0.0902	
0.7900	0.7765	0.7598	0.7560	0.7340	0.4025	0.1224	0.1007	0.7066	0.6999	0.2478	0.1001	0.0938	0.0891	0.0886	0.0889	0.6731	0.5412	0.1158	0.0937	0.0904	0.0896	0.0889	0.0879	0.3489	0.1411	0.1009	0.0895	0.0883	0.0872	0.0892	0.0893	0.1721	0.1095	0.0956	0.0906	0.0881	0.0880	0.0877	0.0876	0.1250	0.1005	0.0903	0.0884	0.0892	0.0892	0.0882	0.0890	0.1102	0.0977	0.0996	0.0888	0.0939	0.1058	0.0887	0.0961	0.1092	0.0986	0.0888	0.0874	0.0884	0.0892	0.0892	0.0897	
0.7865	0.7708	0.7506	0.7494	0.7278	0.4226	0.1246	0.1013	0.7044	0.7012	0.2642	0.1018	0.0940	0.0887	0.0891	0.0893	0.6684	0.5692	0.1177	0.0939	0.0912	0.0901	0.0893	0.0886	0.3870	0.1459	0.1022	0.0908	0.0873	0.0889	0.0892	0.0895	0.1778	0.1108	0.0951	0.0898	0.0888	0.0868	0.0889	0.0882	0.1266	0.1016	0.0910	0.0884	0.0895	0.0895	0.0893	0.0893	0.1109	0.0990	0.0917	0.0899	0.0935	0.1129	0.0887	0.0977	0.1099	0.0983	0.0890	0.0885	0.0898	0.0885	0.0895	0.0897	
0.7900	0.7717	0.7550	0.7514	0.7310	0.4459	0.1261	0.1000	0.7063	0.6932	0.2770	0.1028	0.0935	0.0886	0.0892	0.0889	0.6723	0.5955	0.1189	0.0940	0.0902	0.0907	0.0891	0.0879	0.4151	0.1506	0.1006	0.0891	0.0874	0.0864	0.0877	0.0889	0.1815	0.1121	0.0943	0.0909	0.0879	0.0876	0.0888	0.0876	0.1259	0.1002	0.0901	0.0882	0.0888	0.0894	0.0881	0.0882	0.1100	0.0979	0.0921	0.0895	0.0976	0.1057	0.0878	0.0971	0.1095	0.0976	0.0882	0.0871	0.0880	0.0887	0.0895	0.0895	
0.7889	0.7720	0.7535	0.7471	0.7293	0.4736	0.1285	0.1019	0.7233	0.7001	0.2961	0.1021	0.0941	0.0884	0.0879	0.0882	0.6736	0.6150	0.1205	0.0935	0.0907	0.0900	0.0890	0.0877	0.4699	0.1572	0.1024	0.0901	0.0888	0.0892	0.0892	0.0900	0.1852	0.1115	0.0952	0.0903	0.0882	0.0877	0.0879	0.0889	0.1278	0.1014	0.0904	0.0880	0.0890	0.0895	0.0884	0.0883	0.1120	0.0985	0.0920	0.0900	0.0915	0.1054	0.0886	0.0920	0.1105	0.0977	0.0898	0.0884	0.0886	0.0896	0.0898	0.0905	
0.8031	0.7814	0.7694	0.7605	0.7470	0.5060	0.1324	0.1012	0.7159	0.7057	0.3193	0.1043	0.0945	0.0893	0.0888	0.0888	0.6784	0.6310	0.1212	0.0947	0.0914	0.0908	0.0893	0.0879	0.4971	0.1621	0.1026	0.0900	0.0887	0.0877	0.0893	0.0898	0.1914	0.1130	0.0955	0.0912	0.0881	0.0883	0.0880	0.0883	0.1292	0.1009	0.0902	0.0875	0.0887	0.0890	0.0878	0.0877	0.1118	0.0985	0.0921	0.0896	0.0969	0.1015	0.0877	0.0962	0.1105	0.0978	0.0892	0.0878	0.0893	0.0890	0.0898	0.0890	
0.7919	0.7774	0.7601	0.7510	0.7348	0.5172	0.1349	0.1024	0.7147	0.7014	0.3373	0.1041	0.0957	0.0889	0.0892	0.0880	0.6858	0.6319	0.1236	0.0938	0.0914	0.0904	0.0883	0.0876	0.5404	0.1733	0.1045	0.0897	0.0885	0.0888	0.0895	0.0892	0.1936	0.1156	0.0960	0.0899	0.0893	0.0877	0.0887	0.0888	0.1299	0.1016	0.0907	0.0879	0.0890	0.0896	0.0876	0.0888	0.1117	0.0994	0.0926	0.0900	0.0962	0.1038	0.0893	0.0978	0.1117	0.0987	0.0898	0.0884	0.0892	0.0887	0.0907	0.0902	
0.7947	0.7869	0.7692	0.7584	0.7413	0.5436	0.1378	0.1034	0.7106	0.6991	0.3549	0.1047	0.0951	0.0889	0.0886	0.0877	0.6743	0.6337	0.1237	0.0939	0.0905	0.0899	0.0892	0.0879	0.5501	0.1749	0.1051	0.0899	0.0883	0.0879	0.0882	0.0895	0.1969	0.1161	0.0946	0.0896	0.0893	0.0873	0.0881	0.0879	0.1304	0.1029	0.0895	0.0883	0.0896	0.0887	0.0881	0.0880	0.1127	0.0991	0.0915	0.0892	0.0935	0.1024	0.0884	0.0946	0.1109	0.0993	0.0890	0.0889	0.0881	0.0881	0.0892	0.0898	
0.8030	0.7844	0.7717	0.7643	0.7451	0.5710	0.1436	0.1042	0.7157	0.7004	0.3772	0.1074	0.0962	0.0900	0.0908	0.0896	0.6812	0.6394	0.1283	0.0974	0.0928	0.0926	0.0902	0.0894	0.5672	0.1858	0.1060	0.0920	0.0906	0.0897	0.0905	0.0908	0.2070	0.1181	0.0982	0.0917	0.0916	0.0899	0.0898	0.0900	0.1341	0.1036	0.0907	0.0881	0.0896	0.0908	0.0889	0.0892	0.1139	0.0994	0.0935	0.0907	0.0932	0.1049	0.0898	0.0982	0.1122	0.0992	0.0886	0.0888	0.0900	0.0894	0.0906	0.0907	
0.8011	0.7872	0.7712	0.7647	0.7448	0.5798	0.1473	0.1044	0.7201	0.7097	0.4026	0.1064	0.0962	0.0892	0.0879	0.0875	0.6833	0.6445	0.1284	0.0956	0.0908	0.0920	0.0897	0.0880	0.5751	0.1927	0.1056	0.0902	0.0905	0.0884	0.0892	0.0896	0.2176	0.1187	0.0971	0.0907	0.0887	0.0878	0.0880	0.0887	0.1346	0.1019	0.0906	0.0882	0.0905	0.0899	0.0887	0.0886	0.1122	0.0978	0.0979	0.0897	0.0978	0.1032	0.0884	0.0974	0.1125	0.0990	0.0890	0.0889	0.0888	0.0891	0.0893	0.0892	
0.8025	0.7884	0.7704	0.7665	0.7440	0.6030	0.1519	0.1047	0.7406	0.7075	0.4199	0.1081	0.0960	0.0888	0.0892	0.0880	0.6876	0.6455	0.1307	0.0956	0.0922	0.0901	0.0892	0.0875	0.5821	0.2078	0.1068	0.0905	0.0893	0.0880	0.0886	0.0891	0.2225	0.1177	0.0964	0.0907	0.0887	0.0872	0.0879	0.0889	0.1348	0.1040	0.0900	0.0881	0.0885	0.0891	0.0883	0.0882	0.1140	0.0983	0.0914	0.0895	0.0961	0.1020	0.0877	0.0981	0.1123	0.0988	0.0890	0.0893	0.0884	0.0883	0.0887	0.0887	
0.8040	0.7893	0.7695	0.7698	0.7429	0.6202	0.1551	0.1054	0.7255	0.7107	0.4434	0.1093	0.0966	0.0898	0.0900	0.0883	0.6865	0.6462	0.1336	0.0970	0.0927	0.0906	0.0894	0.0891	0.5892	0.2219	0.1077	0.0921	0.0892	0.0885	0.0885	0.0899	0.2392	0.1196	0.0976	0.0917	0.0886	0.0878	0.0883	0.0887	0.1360	0.1034	0.0913	0.0876	0.0888	0.0886	0.0882	0.0888	0.1155	0.0998	0.0951	0.0904	0.0973	0.1034	0.0885	0.0976	0.1122	0.0993	0.0893	0.0883	0.0881	0.0887	0.0895	0.0902	
0.8110	0.7946	0.7749	0.7693	0.7488	0.6405	0.1612	0.1066	0.7259	0.7153	0.4638	0.1111	0.0975	0.0900	0.0897	0.0888	0.6950	0.6489	0.1364	0.0975	0.0933	0.0908	0.0898	0.0887	0.5888	0.2376	0.1089	0.0925	0.0899	0.0889	0.0904	0.0903	0.2552	0.1208	0.0986	0.0919	0.0907	0.0889	0.0891	0.0890	0.1404	0.1045	0.0919	0.0889	0.0902	0.0899	0.0894	0.0884	0.1160	0.1008	0.0930	0.0908	0.0930	0.1042	0.0894	0.0937	0.1131	0.1000	0.0900	0.0906	0.0884	0.0889	0.0898	0.0911	
0.8114	0.7972	0.7816	0.7744	0.7552	0.6667	0.1687	0.1060	0.7290	0.7118	0.4820	0.1100	0.0974	0.0894	0.0899	0.0884	0.6845	0.6491	0.1374	0.0965	0.0934	0.0897	0.0884	0.0873	0.5978	0.2562	0.1090	0.0916	0.0892	0.0880	0.0894	0.0893	0.2743	0.1227	0.1008	0.0918	0.0899	0.0883	0.0893	0.0876	0.1412	0.1031	0.0913	0.0885	0.0895	0.0893	0.0890	0.0894	0.1160	0.1005	0.0927	0.0904	0.0911	0.1072	0.0884	0.0961	0.1139	0.0981	0.0879	0.0884	0.0894	0.0893	0.0891	0.0898	
0.8159	0.7989	0.7796	0.7785	0.7542	0.6873	0.1760	0.1076	0.7316	0.7222	0.5014	0.1121	0.0977	0.0896	0.0889	0.0893	0.6975	0.6509	0.1392	0.0984	0.0931	0.0915	0.0898	0.0885	0.5952	0.2745	0.1093	0.0921	0.0894	0.0879	0.0896	0.0889	0.2930	0.1231	0.0984	0.0920	0.0902	0.0889	0.0891	0.0892	0.1438	0.1042	0.0903	0.0880	0.0891	0.0890	0.0877	0.0877	0.1163	0.1002	0.0921	0.0899	0.0935	0.1083	0.0893	0.0949	0.1140	0.1005	0.0889	0.0884	0.0875	0.0892	0.0886	0.0888	
0.8154	0.7993	0.7817	0.7794	0.7570	0.6980	0.1847	0.1073	0.7525	0.7273	0.5246	0.1129	0.0987	0.0902	0.0895	0.0889	0.7112	0.6525	0.1423	0.0990	0.0947	0.0924	0.0898	0.0891	0.6011	0.2963	0.1108	0.0917	0.0906	0.0891	0.0891	0.0891	0.3167	0.1242	0.0993	0.0908	0.0894	0.0875	0.0871	0.0874	0.1467	0.1063	0.0918	0.0893	0.0903	0.0901	0.0887	0.0895	0.1188	0.0992	0.0917	0.0892	0.0977	0.1160	0.0892	0.0980	0.1152	0.1005	0.0890	0.0881	0.0885	0.0888	0.0900	0.0894	
0.8193	0.8026	0.7784	0.7800	0.7572	0.7020	0.1899	0.1080	0.7344	0.7170	0.5324	0.1137	0.0983	0.0897	0.0883	0.0880	0.7068	0.6516	0.1446	0.0999	0.0937	0.0914	0.0888	0.0866	0.6070	0.3216	0.1105	0.0920	0.0900	0.0895	0.0886	0.0894	0.3443	0.1260	0.0983	0.0915	0.0898	0.0874	0.0879	0.0882	0.1482	0.1054	0.0903	0.0878	0.0896	0.0880	0.0866	0.0878	0.1186	0.1001	0.0930	0.0889	0.0952	0.1070	0.0874	0.0963	0.1152	0.0997	0.0891	0.0874	0.0877	0.0877	0.0899	0.0886	
0.8295	0.8110	0.7905	0.7932	0.7665	0.7193	0.1992	0.1099	0.7433	0.7261	0.5432	0.1159	0.0997	0.0894	0.0890	0.0880	0.7077	0.6538	0.1464	0.0994	0.0927	0.0914	0.0882	0.0876	0.6058	0.3349	0.1127	0.0916	0.0892	0.0888	0.0886	0.0893	0.3672	0.1283	0.0994	0.0925	0.0895	0.0875	0.0885	0.0875	0.1461	0.1050	0.0917	0.0888	0.0907	0.0898	0.0869	0.0889	0.1178	0.1013	0.0925	0.0894	0.0968	0.1007	0.0889	0.0964	0.1131	0.0984	0.0874	0.0878	0.0882	0.0870	0.0889	0.0895	
0.8225	0.8042	0.7876	0.7853	0.7656	0.7146	0.2077	0.1094	0.7452	0.7294	0.5457	0.1171	0.0995	0.0893	0.0881	0.0871	0.7170	0.6588	0.1493	0.0994	0.0930	0.0916	0.0891	0.0885	0.6066	0.3576	0.1116	0.0913	0.0885	0.0872	0.0872	0.0880	0.3951	0.1269	0.1051	0.0910	0.0884	0.0878	0.0866	0.0864	0.1478	0.1041	0.0904	0.0871	0.0885	0.0879	0.0864	0.0865	0.1189	0.0997	0.0922	0.0888	0.0974	0.1130	0.0870	0.0994	0.1153	0.0996	0.0879	0.0877	0.0873	0.0880	0.0873	0.0881	
0.8247	0.8058	0.7903	0.7877	0.7637	0.7231	0.2192	0.1103	0.7466	0.7279	0.5488	0.1182	0.0992	0.0905	0.0884	0.0874	0.7114	0.6531	0.1522	0.1002	0.0937	0.0905	0.0889	0.0868	0.6074	0.3804	0.1150	0.0921	0.0894	0.0891	0.0878	0.0888	0.4219	0.1314	0.0997	0.0921	0.0906	0.0883	0.0872	0.0871	0.1508	0.1073	0.0925	0.0885	0.0902	0.0887	0.0885	0.0882	0.1203	0.1013	0.0942	0.0894	0.0957	0.1002	0.0877	0.1000	0.1150	0.0991	0.0887	0.0874	0.0884	0.0882	0.0895	0.0891	
0.8202	0.8088	0.7880	0.7862	0.7625	0.7179	0.2289	0.1115	0.7507	0.7301	0.5519	0.1210	0.1011	0.0922	0.0899	0.0878	0.7206	0.6616	0.1582	0.1016	0.0960	0.0928	0.0902	0.0890	0.6158	0.4138	0.1166	0.0932	0.0914	0.0889	0.0887	0.0892	0.4661	0.1337	0.1000	0.0925	0.0917	0.0885	0.0889	0.0886	0.1565	0.1093	0.0915	0.0901	0.0893	0.0898	0.0885	0.0898	0.1206	0.1022	0.0931	0.0901	0.0970	0.1019	0.0897	0.0964	0.1161	0.1003	0.0892	0.0884	0.0887	0.0888	0.0895	0.0897	
