0.0870	0.0913	0.0888	0.0932	0.0866	0.1160	0.0889	0.0926	0.0914	0.0887	0.0885	0.0890	0.0880	0.0916	0.0920	0.0951	0.0918	0.0879	0.0881	0.0954	0.0876	0.1127	0.0897	0.0988	0.0872	0.0872	0.0887	0.1081	0.0877	0.1035	0.0902	0.1123	0.0880	0.0872	0.0866	0.0946	0.0863	0.1037	0.0902	0.1258	0.0853	0.0873	0.0860	0.0968	0.0865	0.1059	0.0922	0.1311	0.0861	0.0924	0.0870	0.0956	0.0880	0.1198	0.0904	0.1280	0.0867	0.0892	0.0864	0.1209	0.0869	0.1219	0.0893	0.1194	
0.0855	0.0858	0.0838	0.0893	0.0836	0.0854	0.0853	0.0913	0.0853	0.0852	0.0850	0.0855	0.0852	0.0862	0.0900	0.0941	0.0893	0.0851	0.0861	0.0856	0.0852	0.0866	0.0899	0.0953	0.0859	0.0852	0.0859	0.0931	0.0857	0.0863	0.0902	0.0960	0.0896	0.0854	0.0854	0.0854	0.0848	0.0871	0.0898	0.1025	0.0852	0.0860	0.0851	0.0853	0.0857	0.0874	0.0921	0.0995	0.0864	0.0864	0.0851	0.0855	0.0864	0.0902	0.0915	0.1095	0.0869	0.0869	0.0879	0.0875	0.0864	0.0906	0.0909	0.1036	
0.0864	0.0867	0.0847	0.0881	0.0841	0.0858	0.0863	0.0941	0.0859	0.0859	0.0859	0.0877	0.0860	0.0966	0.0917	0.0982	0.0906	0.0865	0.0865	0.0859	0.0865	0.0876	0.0917	0.0982	0.0865	0.0864	0.0866	0.0932	0.0871	0.0883	0.0925	0.0991	0.0878	0.0874	0.0860	0.0860	0.0860	0.0888	0.0922	0.1044	0.0860	0.0861	0.0853	0.0861	0.0860	0.0884	0.0958	0.1018	0.0868	0.0872	0.0856	0.0869	0.0876	0.0907	0.0941	0.1062	0.0875	0.0884	0.0873	0.0870	0.0874	0.0930	0.1026	0.1036	
0.0867	0.0871	0.0849	0.0874	0.0846	0.0868	0.0861	0.0948	0.0862	0.0867	0.0865	0.0871	0.0862	0.0875	0.0930	0.1037	0.0904	0.0868	0.0869	0.0860	0.0883	0.0881	0.0944	0.0991	0.0863	0.0865	0.0871	0.0929	0.0874	0.0875	0.0933	0.1000	0.0893	0.0861	0.0864	0.0859	0.0866	0.0883	0.0934	0.1065	0.0854	0.0871	0.0859	0.0863	0.0866	0.0889	0.0964	0.1015	0.0866	0.0873	0.0862	0.0863	0.0869	0.0915	0.0956	0.1044	0.0875	0.0879	0.0873	0.0862	0.0873	0.0933	0.0935	0.1100	
0.0863	0.0865	0.0845	0.0873	0.0853	0.0863	0.0866	0.0939	0.0862	0.0867	0.0860	0.0862	0.0871	0.0871	0.0940	0.0988	0.0925	0.0864	0.0869	0.0855	0.0875	0.0871	0.0927	0.0994	0.0875	0.0867	0.0865	0.0937	0.0876	0.0883	0.0938	0.0997	0.0907	0.0857	0.0866	0.0866	0.0865	0.0894	0.0932	0.1050	0.0852	0.0870	0.0863	0.0859	0.0861	0.0879	0.0972	0.1034	0.0865	0.0872	0.0857	0.0868	0.0885	0.0943	0.0964	0.1023	0.0874	0.0881	0.0871	0.0868	0.0875	0.0923	0.0936	0.1035	
0.0860	0.0880	0.0847	0.0872	0.0847	0.0875	0.0876	0.0943	0.0856	0.0869	0.0862	0.0874	0.0862	0.0869	0.0937	0.0967	0.0912	0.0860	0.0867	0.0860	0.0872	0.0880	0.0934	0.0991	0.0867	0.0864	0.0868	0.0940	0.0871	0.0879	0.0936	0.1012	0.0902	0.0861	0.0861	0.0860	0.0869	0.0893	0.0958	0.1057	0.0856	0.0867	0.0848	0.0856	0.0862	0.0880	0.0957	0.1039	0.0864	0.0867	0.0856	0.0860	0.0877	0.0921	0.0965	0.1048	0.0873	0.0877	0.0871	0.0870	0.0866	0.0927	0.0933	0.1047	
0.0869	0.0881	0.0860	0.0910	0.0852	0.0871	0.0870	0.0944	0.0869	0.0869	0.0866	0.0874	0.0873	0.0871	0.0960	0.1021	0.0914	0.0873	0.0872	0.0874	0.0882	0.0881	0.0933	0.1018	0.0878	0.0862	0.0878	0.0946	0.0884	0.0883	0.0945	0.1000	0.0927	0.0887	0.0870	0.0864	0.0880	0.0909	0.0940	0.1063	0.0859	0.0876	0.0868	0.0867	0.0868	0.0891	0.0964	0.1029	0.0865	0.0869	0.0861	0.0870	0.0880	0.0922	0.0986	0.1051	0.0870	0.0875	0.0872	0.0861	0.0881	0.0923	0.0963	0.1081	
0.0871	0.0869	0.0849	0.0907	0.0848	0.0870	0.0867	0.0944	0.0864	0.0869	0.0872	0.0882	0.0863	0.0899	0.0936	0.1013	0.0940	0.0856	0.0880	0.0869	0.0874	0.0894	0.0965	0.1050	0.0874	0.0870	0.0862	0.0884	0.0880	0.0888	0.0951	0.1004	0.0886	0.0875	0.0869	0.0860	0.0873	0.0895	0.0949	0.1049	0.0858	0.0874	0.0858	0.0868	0.0861	0.0909	0.0965	0.1045	0.0868	0.0867	0.0861	0.0864	0.0873	0.0919	0.0984	0.1121	0.0876	0.0883	0.0877	0.0859	0.0881	0.0937	0.0937	0.1054	
0.0874	0.0869	0.0855	0.0919	0.0850	0.0865	0.0863	0.0939	0.0869	0.0865	0.0863	0.0872	0.0865	0.0896	0.0931	0.0987	0.0918	0.0860	0.0865	0.0867	0.0875	0.0894	0.0954	0.0993	0.0876	0.0860	0.0872	0.0929	0.0871	0.0878	0.0937	0.0992	0.0911	0.0866	0.0864	0.0861	0.0875	0.0892	0.0939	0.1105	0.0856	0.0865	0.0849	0.0866	0.0869	0.0883	0.0966	0.1036	0.0877	0.0862	0.0855	0.0855	0.0871	0.0917	0.0955	0.1053	0.0868	0.0873	0.0879	0.0859	0.0862	0.0925	0.0928	0.1050	
0.0868	0.0876	0.0863	0.0873	0.0854	0.0873	0.0865	0.0938	0.0870	0.0868	0.0867	0.0879	0.0868	0.0873	0.0958	0.0983	0.0915	0.0868	0.0879	0.0862	0.0880	0.0888	0.0940	0.1004	0.0877	0.0867	0.0871	0.0867	0.0878	0.0882	0.0938	0.0991	0.0914	0.0862	0.0879	0.0861	0.0869	0.0890	0.0948	0.1076	0.0881	0.0881	0.0861	0.0857	0.0863	0.0908	0.0980	0.1035	0.0868	0.0864	0.0861	0.0859	0.0874	0.0915	0.0962	0.1048	0.0882	0.0873	0.0870	0.0861	0.0866	0.0934	0.0943	0.1065	
0.0883	0.0883	0.0863	0.0930	0.0862	0.0876	0.0875	0.0945	0.0877	0.0878	0.0873	0.0885	0.0878	0.0887	0.0941	0.1058	0.0931	0.0875	0.0875	0.0882	0.0885	0.0893	0.0954	0.1052	0.0896	0.0875	0.0881	0.0967	0.0885	0.0883	0.0940	0.1006	0.0956	0.0874	0.0876	0.0867	0.0874	0.0905	0.0936	0.1074	0.0873	0.0880	0.0864	0.0867	0.0870	0.0894	0.0957	0.1028	0.0879	0.0875	0.0864	0.0866	0.0882	0.0936	0.0980	0.1146	0.0881	0.0883	0.0881	0.0863	0.0874	0.0983	0.0958	0.1082	
0.0883	0.0887	0.0860	0.0930	0.0858	0.0872	0.0877	0.0937	0.0884	0.0872	0.0878	0.0883	0.0875	0.0877	0.0934	0.0969	0.0932	0.0879	0.0887	0.0872	0.0888	0.0888	0.0932	0.0993	0.0896	0.0870	0.0877	0.0932	0.0875	0.0890	0.0949	0.0991	0.0921	0.0873	0.0872	0.0869	0.0875	0.0896	0.0971	0.1084	0.0877	0.0890	0.0871	0.0862	0.0868	0.0895	0.0970	0.1030	0.0886	0.0870	0.0866	0.0862	0.0883	0.0963	0.0984	0.1138	0.0891	0.0884	0.0873	0.0873	0.0874	0.0951	0.1046	0.1047	
0.0892	0.0890	0.0869	0.0920	0.0866	0.0891	0.0878	0.0945	0.0888	0.0877	0.0876	0.0888	0.0877	0.1084	0.0935	0.0982	0.0939	0.0878	0.0884	0.0877	0.0893	0.0897	0.0969	0.0990	0.0909	0.0872	0.0880	0.0877	0.0887	0.0879	0.0947	0.1000	0.0928	0.0876	0.0879	0.0873	0.0881	0.0897	0.0958	0.1080	0.0884	0.0887	0.0861	0.0875	0.0878	0.0892	0.0973	0.1065	0.0883	0.0880	0.0873	0.0869	0.0887	0.0921	0.0975	0.1039	0.0890	0.0893	0.0873	0.0866	0.0878	0.0937	0.0972	0.1074	
0.0894	0.0887	0.0866	0.0881	0.0866	0.0876	0.0875	0.0940	0.0888	0.0874	0.0876	0.0870	0.0875	0.0887	0.0939	0.0989	0.0940	0.0872	0.0884	0.0870	0.0884	0.0901	0.0968	0.1001	0.0909	0.0876	0.0870	0.0947	0.0880	0.0889	0.0942	0.0999	0.0944	0.0871	0.0875	0.0865	0.0869	0.0896	0.0936	0.1069	0.0877	0.0887	0.0857	0.0860	0.0868	0.0886	0.0981	0.1040	0.0884	0.0872	0.0867	0.0866	0.0876	0.0919	0.0972	0.1043	0.0884	0.0877	0.0868	0.0856	0.0880	0.0922	0.0966	0.1053	
0.0898	0.0891	0.0868	0.0939	0.0868	0.0887	0.0880	0.0940	0.0900	0.0880	0.0876	0.0888	0.0870	0.0885	0.0949	0.1052	0.0946	0.0880	0.0884	0.0884	0.0884	0.0919	0.0959	0.0987	0.0921	0.0879	0.0896	0.0938	0.0884	0.0890	0.0955	0.1032	0.0903	0.0876	0.0878	0.0868	0.0875	0.0900	0.0935	0.1062	0.0889	0.0891	0.0862	0.0869	0.0871	0.0885	0.0957	0.1032	0.0888	0.0877	0.0867	0.0874	0.0882	0.0925	0.0952	0.1041	0.0891	0.0879	0.0878	0.0873	0.0880	0.0929	0.0942	0.1044	
0.0902	0.0892	0.0875	0.0925	0.0873	0.0892	0.0886	0.0955	0.0903	0.0879	0.0879	0.0889	0.0873	0.0887	0.1060	0.0980	0.0955	0.0870	0.0877	0.0889	0.0884	0.0891	0.0939	0.0978	0.0921	0.0876	0.0883	0.0943	0.0891	0.0883	0.0960	0.0981	0.0914	0.0876	0.0875	0.0866	0.0876	0.0906	0.0935	0.1060	0.0890	0.0887	0.0862	0.0867	0.0869	0.0892	0.0964	0.1045	0.0890	0.0872	0.0871	0.0867	0.0881	0.0930	0.0983	0.1006	0.0893	0.0884	0.0870	0.0860	0.0872	0.0933	0.0940	0.1067	
0.0914	0.0899	0.0884	0.0910	0.0879	0.0897	0.0892	0.0956	0.0908	0.0884	0.0882	0.0897	0.0883	0.0916	0.0937	0.1052	0.0959	0.0880	0.0885	0.0876	0.0890	0.0905	0.0948	0.0999	0.0928	0.0886	0.0891	0.0907	0.0892	0.0897	0.0971	0.1001	0.0935	0.0877	0.0885	0.0879	0.0874	0.0929	0.0946	0.1065	0.0895	0.0890	0.0877	0.0871	0.0876	0.0892	0.0971	0.1043	0.0894	0.0878	0.0874	0.0871	0.0882	0.0914	0.0967	0.1117	0.0894	0.0896	0.0877	0.0868	0.0873	0.0969	0.0949	0.1056	
0.0907	0.0906	0.0882	0.0960	0.0872	0.0892	0.0892	0.0940	0.0909	0.0886	0.0883	0.0893	0.0877	0.0885	0.0929	0.0996	0.0960	0.0881	0.0885	0.0881	0.0889	0.0891	0.0961	0.0979	0.0932	0.0881	0.0884	0.0925	0.0878	0.0885	0.0933	0.0976	0.0944	0.0878	0.0880	0.0869	0.0876	0.0890	0.0943	0.1040	0.0889	0.0879	0.0875	0.0868	0.0868	0.0887	0.0947	0.1010	0.0893	0.0870	0.0873	0.0863	0.0875	0.0921	0.0956	0.1114	0.0894	0.0881	0.0870	0.0868	0.0865	0.0916	0.0949	0.1025	
0.0922	0.0911	0.0894	0.0917	0.0885	0.0894	0.0887	0.0945	0.0928	0.0886	0.0890	0.0901	0.0880	0.0891	0.0930	0.1055	0.0969	0.0883	0.0891	0.0887	0.0895	0.0899	0.0959	0.0977	0.0943	0.0883	0.0889	0.0923	0.0893	0.0893	0.0939	0.0979	0.0934	0.0997	0.0885	0.0879	0.0881	0.0901	0.0958	0.1055	0.0911	0.0889	0.0875	0.0869	0.0882	0.0890	0.0957	0.1022	0.0908	0.0878	0.0881	0.0873	0.0886	0.0905	0.0971	0.1116	0.0908	0.0885	0.0881	0.0877	0.0876	0.0922	0.0949	0.1050	
0.0935	0.0912	0.0894	0.0916	0.0890	0.0904	0.0893	0.0943	0.0934	0.0888	0.0887	0.0893	0.0881	0.0895	0.0936	0.1007	0.0976	0.0888	0.0888	0.0888	0.0898	0.0903	0.0953	0.1005	0.0950	0.0887	0.0893	0.0921	0.0890	0.0891	0.0949	0.0998	0.0949	0.0883	0.0884	0.0883	0.0884	0.0911	0.0946	0.1058	0.0912	0.0899	0.0874	0.0876	0.0881	0.0889	0.0977	0.1058	0.0907	0.0878	0.0878	0.0875	0.0885	0.0927	0.0964	0.1067	0.0906	0.0885	0.0880	0.0869	0.0877	0.0907	0.1081	0.1049	
0.0949	0.0931	0.0906	0.0928	0.0894	0.0912	0.0916	0.0949	0.0945	0.0896	0.0897	0.0910	0.0887	0.0971	0.0966	0.1120	0.0986	0.0892	0.0890	0.0888	0.0899	0.0905	0.0933	0.0996	0.0962	0.0892	0.0892	0.0938	0.0891	0.0905	0.0982	0.0995	0.0907	0.0882	0.0887	0.0888	0.0882	0.0906	0.0955	0.1051	0.0921	0.0898	0.0877	0.0880	0.0880	0.0917	0.0953	0.1020	0.0917	0.0881	0.0876	0.0881	0.0888	0.0965	0.0973	0.1047	0.0914	0.0888	0.0886	0.0872	0.0878	0.0964	0.0981	0.1057	
0.0959	0.0933	0.0911	0.0987	0.0905	0.0916	0.0911	0.0954	0.0953	0.0905	0.0895	0.0907	0.0898	0.0958	0.0952	0.1054	0.0999	0.0894	0.0894	0.0893	0.0903	0.0898	0.0960	0.1003	0.0966	0.0892	0.0898	0.0939	0.0896	0.0897	0.0951	0.0991	0.0947	0.0889	0.0888	0.0887	0.0892	0.0907	0.0936	0.1064	0.0923	0.0896	0.0877	0.0876	0.0880	0.0908	0.0979	0.1020	0.0921	0.0884	0.0884	0.0884	0.0886	0.0914	0.0956	0.1104	0.0917	0.0886	0.0885	0.0872	0.0877	0.0922	0.0931	0.1063	
0.0969	0.0941	0.0916	0.0984	0.0912	0.0915	0.0926	0.0954	0.0961	0.0907	0.0899	0.0907	0.0887	0.0899	0.0977	0.1006	0.0999	0.0898	0.0895	0.0891	0.0901	0.0907	0.0960	0.0978	0.0984	0.0895	0.0893	0.0937	0.0891	0.0893	0.0949	0.0982	0.0954	0.0887	0.0891	0.0883	0.0896	0.0904	0.0948	0.1059	0.0931	0.0893	0.0876	0.0881	0.0879	0.0894	0.0959	0.1051	0.0924	0.0886	0.0881	0.0877	0.0890	0.0913	0.0980	0.1014	0.0925	0.0897	0.0880	0.0869	0.0878	0.0918	0.0929	0.1053	
0.0986	0.0947	0.0931	0.0966	0.0907	0.0926	0.0910	0.0949	0.0974	0.0908	0.0893	0.0913	0.0883	0.0968	0.0962	0.0978	0.1013	0.0900	0.0903	0.0893	0.0900	0.0902	0.0960	0.0992	0.0984	0.0911	0.0899	0.0931	0.0899	0.0905	0.0947	0.1010	0.0949	0.0893	0.0889	0.0884	0.0889	0.0903	0.0947	0.1043	0.0936	0.0891	0.0874	0.0880	0.0886	0.0901	0.0953	0.1020	0.0924	0.0879	0.0876	0.0872	0.0881	0.0927	0.0965	0.1141	0.0927	0.0883	0.0885	0.0871	0.0878	0.0941	0.1083	0.1068	
0.1003	0.0952	0.0941	0.1004	0.0922	0.0933	0.0918	0.0952	0.0983	0.0919	0.0906	0.0914	0.0895	0.0956	0.0961	0.0967	0.1024	0.0904	0.0902	0.0895	0.0901	0.0913	0.0970	0.1027	0.1002	0.0899	0.0902	0.0959	0.0893	0.0901	0.0947	0.0999	0.0951	0.0933	0.0893	0.0887	0.0890	0.0904	0.0961	0.1064	0.0948	0.0886	0.0883	0.0880	0.0884	0.0892	0.0963	0.1030	0.0932	0.0884	0.0881	0.0882	0.0895	0.0925	0.0960	0.1051	0.0937	0.0884	0.0884	0.0880	0.0878	0.0934	0.0969	0.1070	
0.1015	0.0973	0.0947	0.0977	0.0940	0.0926	0.0920	0.0970	0.0997	0.0927	0.0913	0.0923	0.0898	0.1013	0.0954	0.1016	0.1033	0.0916	0.0909	0.0894	0.0906	0.0914	0.0949	0.0986	0.1018	0.0907	0.0900	0.0940	0.0907	0.0898	0.0948	0.0994	0.0962	0.0895	0.0892	0.0882	0.0892	0.0916	0.0958	0.1052	0.0959	0.0889	0.0876	0.0888	0.0883	0.0899	0.0961	0.1024	0.0935	0.0884	0.0888	0.0880	0.0891	0.0917	0.0962	0.1052	0.0943	0.0892	0.0885	0.0878	0.0883	0.0919	0.0945	0.1028	
0.1041	0.0989	0.0953	0.1038	0.0945	0.0929	0.0920	0.0947	0.1014	0.0934	0.0900	0.0936	0.0903	0.1057	0.0937	0.0964	0.1051	0.0912	0.0902	0.0896	0.0901	0.0910	0.0947	0.0975	0.1029	0.0906	0.0897	0.0926	0.0903	0.0904	0.0952	0.0991	0.0977	0.0900	0.0886	0.0892	0.0899	0.0901	0.0953	0.1070	0.0965	0.0881	0.0869	0.0888	0.0885	0.0899	0.0959	0.1072	0.0943	0.0879	0.0879	0.0891	0.0886	0.0933	0.0972	0.1147	0.0947	0.0886	0.0880	0.0877	0.0883	0.0915	0.0934	0.1031	
0.1061	0.1009	0.0968	0.1025	0.0958	0.0940	0.0927	0.0954	0.1027	0.0944	0.0913	0.0942	0.0901	0.0897	0.0932	0.0963	0.1065	0.0917	0.0913	0.0900	0.0913	0.0913	0.0944	0.0997	0.1047	0.0915	0.0912	0.0911	0.0907	0.0903	0.0945	0.0976	0.0979	0.0899	0.0896	0.0889	0.0902	0.0903	0.0946	0.1062	0.0976	0.0881	0.0878	0.0894	0.0881	0.0896	0.0952	0.1020	0.0950	0.0887	0.0887	0.0883	0.0890	0.0929	0.0960	0.1196	0.0952	0.0884	0.0891	0.0877	0.0878	0.0915	0.0921	0.1040	
0.1099	0.1017	0.0990	0.1062	0.0962	0.0949	0.0939	0.0978	0.1049	0.0949	0.0914	0.0936	0.0905	0.0938	0.0941	0.1074	0.1090	0.0924	0.0916	0.0900	0.0914	0.0919	0.0940	0.0976	0.1067	0.0919	0.0905	0.0935	0.0902	0.0907	0.0954	0.0986	0.0981	0.0903	0.0889	0.0891	0.0896	0.0911	0.0934	0.1054	0.0983	0.0892	0.0878	0.0889	0.0888	0.0898	0.0965	0.1020	0.0958	0.0886	0.0880	0.0886	0.0896	0.0922	0.0975	0.1033	0.0952	0.0884	0.0883	0.0869	0.0881	0.0949	0.0926	0.1035	
0.1122	0.1041	0.1003	0.1063	0.0979	0.0960	0.0936	0.0961	0.1069	0.0961	0.0920	0.0931	0.0900	0.1003	0.0940	0.1003	0.1101	0.0937	0.0926	0.0910	0.0911	0.0917	0.0945	0.0985	0.1089	0.0928	0.0918	0.0952	0.0902	0.0905	0.0952	0.0969	0.0979	0.0909	0.0898	0.0888	0.0902	0.0898	0.0954	0.1078	0.1005	0.0887	0.0877	0.0882	0.0890	0.0907	0.0952	0.1048	0.0976	0.0885	0.0884	0.0887	0.0889	0.0925	0.0959	0.1245	0.0963	0.0891	0.0884	0.0880	0.0881	0.0903	0.1004	0.1047	
0.1163	0.1065	0.1018	0.1106	0.1004	0.0969	0.0943	0.0964	0.1102	0.0974	0.0925	0.0942	0.0911	0.0910	0.0970	0.0992	0.1119	0.0937	0.0925	0.0902	0.0910	0.0916	0.0950	0.0988	0.1106	0.0923	0.0914	0.0899	0.0919	0.0902	0.0951	0.0995	0.0995	0.0911	0.0896	0.0896	0.0903	0.0915	0.0942	0.1056	0.1022	0.0888	0.0878	0.0885	0.0888	0.0896	0.0967	0.1010	0.0976	0.0884	0.0889	0.0886	0.0894	0.0913	0.0964	0.1036	0.0973	0.0885	0.0891	0.0878	0.0888	0.0905	0.0986	0.1037	
0.1187	0.1091	0.1040	0.1075	0.1020	0.0980	0.0944	0.0979	0.1119	0.0990	0.0945	0.0945	0.0917	0.0919	0.0954	0.0971	0.1144	0.0945	0.0938	0.0909	0.0927	0.0913	0.0955	0.1022	0.1131	0.0935	0.0918	0.0929	0.0915	0.0915	0.0940	0.0985	0.0998	0.0909	0.0906	0.0898	0.0906	0.0913	0.0968	0.1081	0.1035	0.0887	0.0887	0.0884	0.0893	0.0911	0.0950	0.1033	0.0980	0.0881	0.0890	0.0891	0.0901	0.0913	0.0961	0.1025	0.0975	0.0891	0.0892	0.0878	0.0888	0.0918	0.0968	0.1079	
0.1229	0.1112	0.1067	0.1095	0.1017	0.0984	0.0948	0.0989	0.1133	0.0998	0.0934	0.0946	0.0905	0.0916	0.0949	0.1133	0.1160	0.0947	0.0927	0.0906	0.0912	0.0914	0.0959	0.0989	0.1156	0.0939	0.0916	0.0932	0.0908	0.0905	0.0948	0.0975	0.1020	0.0914	0.0892	0.0891	0.0900	0.0913	0.0968	0.1055	0.1050	0.0886	0.0882	0.0886	0.0885	0.0901	0.0967	0.1035	0.0989	0.0886	0.0883	0.0876	0.0890	0.0917	0.0969	0.1186	0.0978	0.0883	0.0882	0.0873	0.0881	0.0914	0.0934	0.1047	
0.1291	0.1148	0.1084	0.1173	0.1049	0.1006	0.0954	0.0969	0.1172	0.1011	0.0948	0.0964	0.0924	0.1035	0.0962	0.0987	0.1184	0.0961	0.0933	0.0907	0.0921	0.0932	0.0960	0.0995	0.1185	0.0941	0.0924	0.0939	0.0907	0.0904	0.0946	0.0973	0.1015	0.0915	0.0900	0.0890	0.0901	0.0907	0.0934	0.1065	0.1075	0.0880	0.0886	0.0879	0.0892	0.0901	0.0953	0.1031	0.0994	0.0896	0.0888	0.0876	0.0892	0.0918	0.0986	0.1048	0.0989	0.0882	0.0883	0.0875	0.0876	0.0913	0.1014	0.1012	
0.1333	0.1184	0.1119	0.1146	0.1078	0.1016	0.0959	0.0972	0.1201	0.1036	0.0960	0.0962	0.0920	0.0925	0.0955	0.0974	0.1224	0.0965	0.0950	0.0928	0.0925	0.0930	0.0954	0.0976	0.1225	0.0947	0.0925	0.0974	0.0911	0.0915	0.0950	0.0983	0.0989	0.0914	0.0897	0.0902	0.0899	0.0901	0.0959	0.1050	0.1097	0.0882	0.0886	0.0882	0.0900	0.0909	0.0961	0.1019	0.1011	0.0887	0.0888	0.0890	0.0895	0.0925	0.0960	0.1009	0.0994	0.0890	0.0883	0.0876	0.0880	0.0930	0.0924	0.0997	
0.1429	0.1276	0.1156	0.1215	0.1100	0.1032	0.0968	0.0973	0.1224	0.1048	0.0975	0.0980	0.0928	0.0925	0.0950	0.0999	0.1243	0.0972	0.0952	0.0925	0.0918	0.0923	0.0962	0.0980	0.1262	0.0958	0.0927	0.0941	0.0909	0.0907	0.0939	0.0987	0.1060	0.0914	0.0888	0.0898	0.0902	0.0910	0.0942	0.1047	0.1123	0.0890	0.0890	0.0889	0.0892	0.0906	0.0951	0.1040	0.1022	0.0891	0.0885	0.0890	0.0897	0.0928	0.0959	0.1283	0.0999	0.0892	0.0883	0.0885	0.0885	0.0922	0.0924	0.1007	
0.1497	0.1259	0.1191	0.1190	0.1122	0.1037	0.0971	0.0972	0.1257	0.1060	0.0963	0.0983	0.0924	0.0925	0.0982	0.0951	0.1276	0.0983	0.0945	0.0913	0.0923	0.0925	0.0955	0.1012	0.1299	0.0953	0.0924	0.0918	0.0911	0.0900	0.0945	0.0976	0.1050	0.0920	0.0895	0.0884	0.0903	0.0902	0.0937	0.1030	0.1133	0.0884	0.0872	0.0874	0.0886	0.0901	0.0956	0.1016	0.1025	0.0887	0.0885	0.0881	0.0888	0.0915	0.0978	0.1028	0.1003	0.0882	0.0880	0.0877	0.0872	0.0898	0.0972	0.1071	
0.1588	0.1315	0.1229	0.1266	0.1148	0.1068	0.0985	0.0987	0.1307	0.1091	0.0982	0.0993	0.0936	0.0962	0.0956	0.1038	0.1322	0.0998	0.0961	0.0933	0.0924	0.0926	0.0950	0.0985	0.1346	0.0965	0.0936	0.0926	0.0920	0.0909	0.0955	0.0971	0.1066	0.0918	0.0898	0.0893	0.0904	0.0914	0.0948	0.1065	0.1171	0.0883	0.0877	0.0887	0.0897	0.0907	0.0971	0.1018	0.1041	0.0886	0.0885	0.0888	0.0894	0.0939	0.0950	0.1054	0.1019	0.0888	0.0893	0.0879	0.0875	0.0943	0.1060	0.1035	
0.1664	0.1375	0.1267	0.1328	0.1176	0.1085	0.1010	0.0982	0.1347	0.1116	0.0991	0.0993	0.0943	0.0922	0.0943	0.1005	0.1359	0.1010	0.0966	0.0920	0.0925	0.0935	0.0969	0.0990	0.1396	0.0969	0.0931	0.0932	0.0908	0.0912	0.0956	0.0979	0.1095	0.0914	0.0891	0.0889	0.0898	0.0913	0.0967	0.1064	0.1200	0.0890	0.0888	0.0883	0.0883	0.0894	0.0960	0.1019	0.1058	0.0884	0.0881	0.0883	0.0888	0.0924	0.0964	0.1037	0.1023	0.0886	0.0885	0.0870	0.0880	0.0934	0.1053	0.1037	
0.1765	0.1426	0.1318	0.1332	0.1210	0.1084	0.0984	0.0985	0.1381	0.1140	0.1003	0.1004	0.0931	0.0918	0.0952	0.0989	0.1395	0.1024	0.0969	0.0932	0.0923	0.0916	0.0953	0.0977	0.1404	0.0974	0.0934	0.0923	0.0899	0.0894	0.0949	0.0962	0.1098	0.0925	0.0891	0.0886	0.0893	0.0898	0.0944	0.1043	0.1232	0.0887	0.0870	0.0877	0.0883	0.0892	0.0939	0.1016	0.1070	0.0883	0.0879	0.0874	0.0885	0.0910	0.0958	0.1000	0.1031	0.0886	0.0880	0.0870	0.0882	0.0897	0.0991	0.1029	
0.1880	0.1494	0.1362	0.1361	0.1242	0.1113	0.1012	0.0993	0.1447	0.1164	0.1023	0.1014	0.0946	0.0913	0.0990	0.0979	0.1442	0.1034	0.0979	0.0928	0.0926	0.0930	0.0949	0.0974	0.1394	0.0982	0.0943	0.0917	0.0908	0.0916	0.0948	0.0984	0.1115	0.0923	0.0895	0.0884	0.0901	0.0905	0.0965	0.1075	0.1270	0.0878	0.0874	0.0880	0.0887	0.0901	0.0949	0.1034	0.1083	0.0878	0.0884	0.0878	0.0882	0.0921	0.0961	0.1039	0.1029	0.0883	0.0887	0.0870	0.0885	0.0911	0.0917	0.1035	
0.2036	0.1565	0.1397	0.1437	0.1291	0.1140	0.1011	0.1011	0.1509	0.1211	0.1042	0.1043	0.0948	0.0925	0.0963	0.1014	0.1478	0.1054	0.0995	0.0938	0.0936	0.0922	0.0944	0.0989	0.1438	0.0982	0.0937	0.0910	0.0914	0.0909	0.0942	0.0975	0.1120	0.0931	0.0885	0.0884	0.0899	0.0903	0.0942	0.1057	0.1314	0.0882	0.0878	0.0890	0.0892	0.0899	0.0938	0.1032	0.1099	0.0881	0.0886	0.0883	0.0887	0.0927	0.0950	0.1141	0.1044	0.0887	0.0890	0.0876	0.0885	0.0917	0.0918	0.1034	
0.2240	0.1673	0.1535	0.1550	0.1354	0.1162	0.1028	0.0995	0.1570	0.1246	0.1056	0.1046	0.0954	0.1035	0.0968	0.0968	0.1509	0.1074	0.1003	0.0942	0.0930	0.0919	0.0948	0.0966	0.1491	0.0998	0.0947	0.0917	0.0910	0.0904	0.0942	0.0970	0.1151	0.0928	0.0900	0.0889	0.0904	0.0908	0.0951	0.1044	0.1360	0.0888	0.0885	0.0882	0.0882	0.0899	0.0943	0.1022	0.1120	0.0878	0.0873	0.0878	0.0892	0.0917	0.0961	0.1169	0.1052	0.0881	0.0877	0.0870	0.0878	0.0909	0.0912	0.1064	
0.2392	0.1745	0.1569	0.1559	0.1388	0.1183	0.1040	0.0994	0.1662	0.1286	0.1084	0.1064	0.0960	0.0949	0.0953	0.0961	0.1567	0.1101	0.1013	0.0956	0.0930	0.0915	0.0963	0.0968	0.1548	0.1006	0.0953	0.0920	0.0914	0.0903	0.0936	0.0959	0.1214	0.0984	0.0886	0.0888	0.0902	0.0897	0.0945	0.1064	0.1405	0.0873	0.0882	0.0879	0.0896	0.0897	0.0945	0.1005	0.1141	0.0880	0.0877	0.0870	0.0896	0.0911	0.0967	0.1040	0.1061	0.0885	0.0876	0.0871	0.0878	0.0910	0.0931	0.1048	
0.2579	0.1872	0.1636	0.1662	0.1498	0.1218	0.1040	0.0990	0.1741	0.1341	0.1085	0.1068	0.0982	0.0926	0.0946	0.0967	0.1629	0.1126	0.1022	0.0963	0.0930	0.0921	0.0941	0.0970	0.1594	0.1011	0.0953	0.0938	0.0914	0.0897	0.0934	0.0957	0.1263	0.0970	0.0893	0.0891	0.0894	0.0910	0.0941	0.1013	0.1445	0.0874	0.0865	0.0882	0.0884	0.0898	0.0951	0.0998	0.1165	0.0879	0.0875	0.0871	0.0890	0.0914	0.0962	0.1053	0.1069	0.0881	0.0884	0.0876	0.0877	0.0910	0.0915	0.1036	
0.2763	0.1962	0.1691	0.1706	0.1491	0.1259	0.1057	0.0994	0.1862	0.1405	0.1115	0.1098	0.0976	0.0957	0.1002	0.0962	0.1701	0.1150	0.1039	0.0960	0.0926	0.0920	0.0945	0.0983	0.1670	0.1029	0.0967	0.0929	0.0904	0.0906	0.0937	0.0965	0.1303	0.0929	0.0887	0.0890	0.0893	0.0898	0.0931	0.1042	0.1368	0.0874	0.0868	0.0882	0.0887	0.0901	0.0940	0.1013	0.1181	0.0884	0.0881	0.0884	0.0886	0.0921	0.0962	0.0984	0.1083	0.0880	0.0878	0.0872	0.0875	0.0942	0.0906	0.1026	
0.3031	0.2083	0.1810	0.1837	0.1575	0.1275	0.1070	0.1008	0.1978	0.1452	0.1141	0.1114	0.0977	0.0926	0.0997	0.0968	0.1744	0.1181	0.1056	0.0967	0.0932	0.0924	0.0952	0.0969	0.1750	0.1032	0.0966	0.0959	0.0896	0.0902	0.0933	0.0974	0.1328	0.0926	0.0889	0.0882	0.0890	0.0898	0.0936	0.1052	0.1379	0.0881	0.0872	0.0875	0.0897	0.0908	0.0935	0.1012	0.1207	0.0883	0.0878	0.0873	0.0891	0.0912	0.0951	0.1012	0.1083	0.0886	0.0878	0.0872	0.0873	0.0904	0.0933	0.1029	
0.3291	0.2250	0.1902	0.1917	0.1641	0.1315	0.1067	0.1003	0.2150	0.1525	0.1157	0.1125	0.0989	0.0982	0.0953	0.0949	0.1838	0.1213	0.1048	0.0964	0.0929	0.0914	0.0945	0.0971	0.1848	0.1035	0.0966	0.0948	0.0889	0.0896	0.0925	0.0970	0.1378	0.0951	0.0877	0.0877	0.0887	0.0893	0.0923	0.1016	0.1427	0.0868	0.0861	0.0870	0.0877	0.0884	0.0946	0.1004	0.1229	0.0876	0.0869	0.0872	0.0879	0.0907	0.0943	0.0999	0.1096	0.0871	0.0873	0.0861	0.0874	0.0894	0.0907	0.1009	
0.3529	0.2403	0.2033	0.2015	0.1751	0.1379	0.1102	0.1025	0.2360	0.1604	0.1207	0.1153	0.0992	0.0930	0.0958	0.0984	0.1968	0.1268	0.1087	0.0970	0.0946	0.0932	0.0954	0.0974	0.1967	0.1055	0.0979	0.0910	0.0904	0.0897	0.0930	0.0958	0.1472	0.0935	0.0891	0.0882	0.0894	0.0898	0.0924	0.1042	0.1484	0.0884	0.0872	0.0879	0.0880	0.0891	0.0942	0.1006	0.1271	0.0880	0.0879	0.0875	0.0894	0.0902	0.0941	0.1036	0.1109	0.0889	0.0887	0.0872	0.0878	0.0919	0.0921	0.1040	
0.3762	0.2598	0.2160	0.2091	0.1822	0.1403	0.1120	0.1027	0.2517	0.1685	0.1244	0.1188	0.0995	0.1027	0.0950	0.0959	0.2069	0.1317	0.1110	0.0983	0.0944	0.0921	0.0953	0.0968	0.2081	0.1071	0.0987	0.0914	0.0900	0.0897	0.0937	0.0963	0.1536	0.0934	0.0887	0.0875	0.0897	0.0905	0.0947	0.1039	0.1533	0.0877	0.0870	0.0879	0.0891	0.0901	0.0943	0.1017	0.1298	0.0877	0.0880	0.0881	0.0889	0.0916	0.0946	0.1015	0.1128	0.0879	0.0883	0.0876	0.0882	0.0900	0.0919	0.1030	
0.4097	0.2755	0.2327	0.2288	0.1940	0.1475	0.1142	0.1031	0.2764	0.1791	0.1289	0.1203	0.1011	0.0938	0.0949	0.0973	0.2226	0.1352	0.1128	0.0989	0.0939	0.0931	0.0951	0.0982	0.2240	0.1080	0.0995	0.0939	0.0903	0.0898	0.0948	0.0969	0.1606	0.0937	0.0891	0.0881	0.0900	0.0919	0.0939	0.1040	0.1615	0.0881	0.0869	0.0878	0.0890	0.0894	0.0940	0.1028	0.1335	0.0882	0.0875	0.0881	0.0889	0.0927	0.0955	0.0997	0.1151	0.0881	0.0878	0.0874	0.0880	0.0904	0.0930	0.1015	
0.4454	0.2943	0.2433	0.2372	0.2013	0.1524	0.1163	0.1023	0.3040	0.1885	0.1332	0.1253	0.1022	0.0936	0.0950	0.0956	0.2393	0.1426	0.1147	0.1024	0.0944	0.0925	0.0942	0.0964	0.2436	0.1101	0.0995	0.0922	0.0910	0.0910	0.0944	0.0962	0.1711	0.0933	0.0893	0.0881	0.0904	0.0905	0.0928	0.1055	0.1692	0.0873	0.0862	0.0876	0.0891	0.0899	0.0939	0.1003	0.1276	0.0880	0.0877	0.0874	0.0898	0.0928	0.0943	0.1019	0.1154	0.0874	0.0886	0.0875	0.0885	0.0926	0.0941	0.1019	
0.4642	0.3189	0.2668	0.2600	0.2143	0.1570	0.1175	0.1034	0.3280	0.1998	0.1392	0.1289	0.1021	0.0940	0.0951	0.0956	0.2575	0.1497	0.1179	0.1016	0.0928	0.0919	0.0928	0.0962	0.2640	0.1105	0.1003	0.0944	0.0895	0.0891	0.0924	0.0948	0.1794	0.0941	0.0884	0.0880	0.0887	0.0904	0.0916	0.1021	0.1777	0.0868	0.0864	0.0877	0.0873	0.0891	0.0934	0.1017	0.1306	0.0866	0.0866	0.0866	0.0873	0.0915	0.0936	0.0980	0.1162	0.0872	0.0875	0.0864	0.0879	0.0924	0.0920	0.1044	
0.5006	0.3390	0.2852	0.2672	0.2256	0.1648	0.1198	0.1041	0.3622	0.2141	0.1460	0.1337	0.1042	0.0944	0.0958	0.0979	0.2824	0.1584	0.1207	0.1032	0.0946	0.0920	0.0941	0.0976	0.2907	0.1140	0.1021	0.0958	0.0908	0.0904	0.0940	0.0946	0.2009	0.0935	0.0893	0.0876	0.0892	0.0907	0.0937	0.1039	0.1907	0.0884	0.0873	0.0880	0.0885	0.0904	0.0946	0.1012	0.1345	0.0890	0.0871	0.0878	0.0892	0.0914	0.0964	0.1037	0.1182	0.0885	0.0890	0.0875	0.0883	0.0924	0.0920	0.1018	
0.5271	0.3687	0.3024	0.2931	0.2430	0.1715	0.1238	0.1028	0.3938	0.2274	0.1514	0.1370	0.1047	0.0938	0.1031	0.0947	0.3089	0.1663	0.1239	0.1053	0.0944	0.0928	0.0939	0.0961	0.3190	0.1163	0.1038	0.0937	0.0909	0.0908	0.0937	0.0944	0.2138	0.0931	0.0885	0.0882	0.0886	0.0896	0.0919	0.1027	0.2007	0.0878	0.0855	0.0872	0.0884	0.0895	0.0943	0.1035	0.1376	0.0879	0.0867	0.0874	0.0896	0.0925	0.0936	0.1034	0.1214	0.0880	0.0873	0.0877	0.0876	0.0911	0.0977	0.1021	
0.5607	0.3911	0.3255	0.3115	0.2607	0.1818	0.1265	0.1059	0.4226	0.2431	0.1608	0.1439	0.1065	0.1011	0.0955	0.0961	0.3434	0.1775	0.1278	0.1065	0.0955	0.0921	0.0940	0.0968	0.3468	0.1187	0.1037	0.0956	0.0914	0.0897	0.0932	0.0963	0.2337	0.0936	0.0881	0.0877	0.0893	0.0905	0.0975	0.1079	0.2173	0.0871	0.0872	0.0879	0.0887	0.0905	0.0933	0.1001	0.1412	0.0878	0.0880	0.0884	0.0882	0.0923	0.0951	0.0974	0.1222	0.0881	0.0878	0.0871	0.0876	0.0939	0.0989	0.1027	
0.5876	0.4166	0.3359	0.3252	0.2769	0.1859	0.1282	0.1064	0.4520	0.2589	0.1665	0.1495	0.1076	0.0939	0.0954	0.0964	0.3775	0.1865	0.1317	0.1069	0.0951	0.0914	0.0932	0.0964	0.3804	0.1217	0.1050	0.0924	0.0903	0.0897	0.0929	0.0954	0.2559	0.0935	0.0877	0.0869	0.0890	0.0890	0.0923	0.1013	0.2339	0.0870	0.0858	0.0869	0.0883	0.0895	0.0936	0.1001	0.1454	0.0874	0.0877	0.0865	0.0881	0.0901	0.0959	0.1164	0.1243	0.0875	0.0870	0.0867	0.0876	0.0900	0.0896	0.1009	
0.6113	0.4534	0.3691	0.3519	0.2938	0.1967	0.1331	0.1061	0.4837	0.2812	0.1777	0.1536	0.1086	0.0937	0.0954	0.0986	0.4213	0.1997	0.1374	0.1087	0.0958	0.0922	0.0938	0.0961	0.4136	0.1257	0.1076	0.0950	0.0897	0.0910	0.0937	0.0967	0.2820	0.0939	0.0883	0.0875	0.0889	0.0910	0.0930	0.1031	0.2556	0.0873	0.0869	0.0880	0.0885	0.0898	0.0934	0.0985	0.1504	0.0880	0.0877	0.0871	0.0891	0.0914	0.0949	0.0980	0.1261	0.0885	0.0877	0.0874	0.0874	0.0902	0.0897	0.0996	
0.6383	0.4777	0.3880	0.3805	0.3141	0.2095	0.1371	0.1092	0.5135	0.3015	0.1882	0.1632	0.1100	0.0949	0.0957	0.0968	0.4545	0.2146	0.1409	0.1105	0.0955	0.0927	0.0959	0.0970	0.4426	0.1300	0.1082	0.0946	0.0900	0.0901	0.0935	0.0971	0.3171	0.0942	0.0888	0.0886	0.0894	0.0905	0.0960	0.1007	0.2839	0.0884	0.0872	0.0883	0.0882	0.0904	0.0928	0.0994	0.1587	0.0880	0.0872	0.0880	0.0891	0.0944	0.0961	0.1009	0.1296	0.0883	0.0880	0.0880	0.0878	0.0936	0.0905	0.1060	
0.6553	0.5034	0.4123	0.3937	0.3345	0.2190	0.1386	0.1074	0.5340	0.3216	0.1988	0.1676	0.1118	0.0942	0.0935	0.0937	0.4898	0.2294	0.1475	0.1119	0.0945	0.0914	0.0941	0.0953	0.4717	0.1335	0.1092	0.0921	0.0895	0.0897	0.0929	0.0958	0.3484	0.0938	0.0879	0.0873	0.0882	0.0893	0.0939	0.1006	0.3065	0.0875	0.0859	0.0867	0.0873	0.0893	0.0930	0.0986	0.1644	0.0869	0.0872	0.0867	0.0884	0.0914	0.0923	0.1042	0.1298	0.0874	0.0880	0.0864	0.0873	0.0912	0.0895	0.1026	
0.6843	0.5375	0.4445	0.4218	0.3523	0.2283	0.1425	0.1091	0.5571	0.3419	0.2128	0.1762	0.1125	0.1006	0.0947	0.0959	0.5246	0.2463	0.1547	0.1152	0.0953	0.0920	0.0928	0.0977	0.5005	0.1401	0.1114	0.0934	0.0891	0.0899	0.0925	0.0942	0.3846	0.0942	0.0879	0.0879	0.0892	0.0904	0.0918	0.1023	0.3341	0.0879	0.0862	0.0868	0.0880	0.0885	0.0922	0.0976	0.1727	0.0874	0.0867	0.0880	0.0882	0.0902	0.0947	0.0973	0.1279	0.0878	0.0872	0.0877	0.0870	0.0900	0.0959	0.1012	
0.7151	0.5661	0.4720	0.4516	0.3794	0.2472	0.1484	0.1126	0.5863	0.3708	0.2223	0.1836	0.1151	0.1022	0.1052	0.0952	0.5547	0.2638	0.1607	0.1170	0.0960	0.0926	0.0944	0.0958	0.5282	0.1441	0.1135	0.0921	0.0891	0.0898	0.0927	0.0941	0.4210	0.0946	0.0882	0.0871	0.0891	0.0900	0.0913	0.1026	0.3629	0.0871	0.0862	0.0870	0.0889	0.0893	0.0936	0.0985	0.1839	0.0872	0.0861	0.0873	0.0894	0.0922	0.0937	0.0991	0.1312	0.0880	0.0871	0.0867	0.0873	0.0910	0.0903	0.1013	
0.7311	0.5886	0.5073	0.4704	0.4021	0.2571	0.1535	0.1112	0.5969	0.3943	0.2422	0.1947	0.1169	0.0942	0.0939	0.0950	0.5804	0.2855	0.1676	0.1196	0.0958	0.0926	0.0934	0.0957	0.5504	0.1520	0.1169	0.0922	0.0900	0.0898	0.0920	0.0953	0.4537	0.0945	0.0884	0.0873	0.0893	0.0899	0.0912	0.1027	0.3982	0.0867	0.0865	0.0881	0.0882	0.0899	0.0929	0.1004	0.1964	0.0880	0.0878	0.0878	0.0883	0.0920	0.0932	0.1023	0.1331	0.0876	0.0876	0.0866	0.0871	0.0907	0.0961	0.1009	
0.7449	0.6196	0.5294	0.5092	0.4297	0.2731	0.1608	0.1135	0.6204	0.4242	0.2563	0.2044	0.1201	0.0960	0.0974	0.0950	0.6053	0.3066	0.1774	0.1233	0.0973	0.0926	0.0949	0.0964	0.5730	0.1596	0.1197	0.0920	0.0904	0.0905	0.0926	0.0952	0.4855	0.0941	0.0882	0.0881	0.0891	0.0902	0.0927	0.1007	0.4219	0.0870	0.0858	0.0881	0.0883	0.0895	0.1031	0.1013	0.2112	0.0875	0.0868	0.0882	0.0893	0.0929	0.0952	0.0973	0.1367	0.0878	0.0876	0.0876	0.0878	0.0912	0.0900	0.1056	
0.7569	0.6446	0.5593	0.5390	0.4551	0.2858	0.1676	0.1160	0.6373	0.4506	0.2730	0.2192	0.1226	0.0950	0.0947	0.0958	0.6232	0.3302	0.1866	0.1265	0.0974	0.0924	0.0947	0.0953	0.5942	0.1656	0.1226	0.0907	0.0905	0.0899	0.0927	0.0945	0.5140	0.0944	0.0882	0.0873	0.0891	0.0902	0.0917	0.1011	0.4581	0.0868	0.0868	0.0875	0.0878	0.0894	0.0925	0.0985	0.2289	0.0875	0.0871	0.0872	0.0890	0.0929	0.0934	0.1074	0.1381	0.0877	0.0873	0.0868	0.0877	0.0907	0.0899	0.1021	
0.7632	0.6724	0.5808	0.5638	0.4731	0.3054	0.1697	0.1148	0.6562	0.4811	0.2903	0.2304	0.1225	0.0947	0.0939	0.0946	0.6464	0.3544	0.1953	0.1305	0.0967	0.0907	0.0935	0.0953	0.6160	0.1750	0.1255	0.0913	0.0889	0.0893	0.0924	0.0948	0.5378	0.0936	0.0873	0.0865	0.0876	0.0891	0.0922	0.1006	0.4862	0.0869	0.0857	0.0875	0.0874	0.0887	0.0915	0.0998	0.2495	0.0873	0.0865	0.0865	0.0883	0.0902	0.0932	0.0966	0.1420	0.0869	0.0868	0.0864	0.0874	0.0900	0.0912	0.1058	
0.7590	0.7070	0.6147	0.5973	0.5119	0.3303	0.1790	0.1176	0.6688	0.5105	0.3135	0.2430	0.1277	0.0962	0.0955	0.0950	0.6667	0.3837	0.2064	0.1338	0.0975	0.0919	0.0938	0.0972	0.6327	0.1846	0.1311	0.0949	0.0903	0.0897	0.0926	0.0940	0.5649	0.0943	0.0878	0.0868	0.0883	0.0894	0.0921	0.1017	0.5140	0.0877	0.0865	0.0860	0.0878	0.0895	0.0927	0.0984	0.2715	0.0874	0.0867	0.0872	0.0885	0.0915	0.0929	0.0973	0.1470	0.0878	0.0879	0.0872	0.0877	0.0911	0.0999	0.1028	
0.7717	0.7365	0.6485	0.6256	0.5461	0.3495	0.1884	0.1202	0.6841	0.5402	0.3343	0.2574	0.1295	0.0951	0.0938	0.0952	0.6840	0.4120	0.2184	0.1393	0.0980	0.0921	0.0934	0.0947	0.6513	0.1978	0.1352	0.0920	0.0894	0.0898	0.0932	0.0965	0.5885	0.0950	0.0878	0.0876	0.0884	0.0904	0.0912	0.1008	0.5378	0.0864	0.0865	0.0870	0.0881	0.0895	0.0943	0.1021	0.2960	0.0874	0.0876	0.0868	0.0882	0.0918	0.0936	0.0995	0.1515	0.0878	0.0878	0.0868	0.0881	0.0935	0.1048	0.0983	
0.7635	0.7580	0.6690	0.6510	0.5682	0.3648	0.1955	0.1204	0.6844	0.5668	0.3545	0.2712	0.1330	0.0959	0.0947	0.0948	0.6827	0.4387	0.2337	0.1417	0.0984	0.0922	0.0926	0.0952	0.6587	0.2096	0.1427	0.0955	0.0889	0.0889	0.0917	0.0948	0.6087	0.0937	0.0880	0.0870	0.0885	0.0889	0.0905	0.1001	0.5602	0.0859	0.0865	0.0870	0.0877	0.0902	0.0923	0.1043	0.3244	0.0874	0.0871	0.0870	0.0880	0.0920	0.0918	0.1027	0.1562	0.0877	0.0866	0.0867	0.0871	0.0910	0.0892	0.1040	
0.7685	0.7785	0.6947	0.6767	0.5967	0.3920	0.2064	0.1211	0.6880	0.5984	0.3763	0.2839	0.1375	0.0948	0.0947	0.0932	0.6924	0.4683	0.2450	0.1495	0.0988	0.0914	0.0922	0.0952	0.6663	0.2252	0.1437	0.0955	0.0895	0.0888	0.0912	0.0944	0.6287	0.0942	0.0875	0.0865	0.0898	0.0892	0.0916	0.0995	0.5879	0.0875	0.0857	0.0858	0.0881	0.0896	0.0908	0.0990	0.3542	0.0867	0.0860	0.0861	0.0882	0.0924	0.0929	0.0984	0.1636	0.0876	0.0872	0.0863	0.0874	0.0897	0.0893	0.1018	
0.7657	0.7784	0.7256	0.7034	0.6302	0.4128	0.2162	0.1221	0.6871	0.6213	0.3974	0.3042	0.1418	0.1004	0.0939	0.0942	0.6920	0.4976	0.2637	0.1539	0.0989	0.0907	0.0920	0.0949	0.6683	0.2377	0.1502	0.0948	0.0884	0.0886	0.0913	0.0938	0.6418	0.0942	0.0870	0.0863	0.0888	0.0880	0.0912	0.1017	0.6097	0.0869	0.0856	0.0864	0.0878	0.0891	0.0920	0.0994	0.3839	0.0872	0.0853	0.0867	0.0885	0.0910	0.0921	0.0965	0.1680	0.0874	0.0861	0.0858	0.0875	0.0892	0.0886	0.0964	
0.7727	0.7825	0.7574	0.7338	0.6587	0.4432	0.2250	0.1270	0.6914	0.6510	0.4294	0.3225	0.1463	0.1012	0.0961	0.0962	0.6936	0.5291	0.2806	0.1616	0.1004	0.0924	0.0925	0.0950	0.6727	0.2549	0.1576	0.0902	0.0898	0.0902	0.0917	0.0941	0.6582	0.1072	0.0887	0.0865	0.0883	0.0892	0.0915	0.1008	0.6259	0.0866	0.0864	0.0870	0.0881	0.0896	0.0921	0.0981	0.4182	0.0881	0.0873	0.0872	0.0888	0.0932	0.0926	0.0971	0.1758	0.0879	0.0876	0.0873	0.0887	0.0938	0.0902	0.1055	
0.7728	0.7865	0.7819	0.7643	0.6766	0.4688	0.2402	0.1292	0.6940	0.6830	0.4510	0.3458	0.1502	0.0964	0.0993	0.0948	0.6984	0.5594	0.2977	0.1674	0.1011	0.0910	0.0925	0.0982	0.6757	0.2702	0.1662	0.0964	0.0886	0.0906	0.0914	0.0943	0.6594	0.0948	0.0875	0.0875	0.0888	0.0891	0.0909	0.1021	0.6408	0.0869	0.0861	0.0870	0.0890	0.0886	0.0930	0.0980	0.4460	0.0876	0.0876	0.0872	0.0880	0.0899	0.0933	0.0948	0.1835	0.0873	0.0875	0.0863	0.0871	0.0906	0.0889	0.1080	
0.7766	0.7837	0.7924	0.7905	0.7183	0.4934	0.2547	0.1302	0.6915	0.7054	0.4737	0.3679	0.1547	0.1000	0.0931	0.0934	0.6913	0.5847	0.3162	0.1742	0.1003	0.0908	0.0935	0.0946	0.6759	0.2874	0.1715	0.0958	0.0895	0.0885	0.0909	0.0928	0.6615	0.0947	0.0871	0.0865	0.0877	0.0891	0.0901	0.0996	0.6452	0.0863	0.0848	0.0868	0.0870	0.0891	0.0910	0.0976	0.4732	0.0873	0.0851	0.0855	0.0906	0.0917	0.0915	0.0974	0.1926	0.0869	0.0876	0.0859	0.0879	0.0916	0.0876	0.0995	
0.7744	0.7919	0.8003	0.8011	0.7494	0.5201	0.2694	0.1346	0.6927	0.7306	0.4969	0.3891	0.1595	0.0964	0.0939	0.0950	0.6939	0.6193	0.3385	0.1835	0.1026	0.0912	0.0955	0.0950	0.6750	0.3100	0.1793	0.0956	0.0884	0.0896	0.0932	0.0955	0.6627	0.0960	0.0886	0.0862	0.0889	0.0896	0.0917	0.0998	0.6521	0.0868	0.0855	0.0877	0.0882	0.0898	0.0917	0.0964	0.5035	0.0872	0.0867	0.0864	0.0888	0.0904	0.0929	0.0960	0.2049	0.0873	0.0868	0.0869	0.0864	0.0895	0.1083	0.0998	
0.7694	0.7916	0.8056	0.8103	0.7797	0.5537	0.2754	0.1384	0.6921	0.7399	0.5207	0.4090	0.1663	0.0967	0.0945	0.0966	0.6948	0.6459	0.3558	0.1889	0.1032	0.0919	0.0939	0.0974	0.6763	0.3316	0.1888	0.0947	0.0893	0.0893	0.0916	0.0929	0.6654	0.0956	0.0878	0.0869	0.0881	0.0892	0.0922	0.0999	0.6542	0.0879	0.0860	0.0865	0.0876	0.0895	0.0925	0.0966	0.5300	0.0861	0.0855	0.0870	0.0881	0.0908	0.0924	0.0959	0.2149	0.0879	0.0866	0.0862	0.0873	0.0936	0.0888	0.1012	
0.7839	0.7922	0.7975	0.8121	0.8023	0.5748	0.2944	0.1412	0.6948	0.7416	0.5511	0.4379	0.1751	0.0972	0.0938	0.0945	0.6935	0.6742	0.3783	0.1994	0.1038	0.0915	0.0929	0.0954	0.6818	0.3560	0.2000	0.0950	0.0886	0.0902	0.0920	0.0930	0.6647	0.0948	0.0876	0.0864	0.0880	0.0895	0.0912	0.1022	0.6593	0.0877	0.0864	0.0870	0.0870	0.0884	0.0909	0.0958	0.5568	0.0870	0.0867	0.0862	0.0880	0.0896	0.0923	0.1003	0.2308	0.0878	0.0871	0.0863	0.0872	0.0886	0.0882	0.1049	
0.7810	0.7973	0.8105	0.8186	0.8165	0.6105	0.3109	0.1448	0.6964	0.7409	0.5822	0.4619	0.1783	0.1123	0.0946	0.0937	0.6969	0.7028	0.4058	0.2103	0.1032	0.0918	0.0929	0.0952	0.6776	0.3790	0.2109	0.0966	0.0894	0.0888	0.0913	0.0930	0.6665	0.0953	0.0867	0.0868	0.0882	0.0882	0.0915	0.0996	0.6578	0.0862	0.0854	0.0873	0.0871	0.0888	0.0923	0.0973	0.5793	0.0874	0.0863	0.0870	0.0881	0.0914	0.0925	0.0965	0.2418	0.0871	0.0875	0.0867	0.0876	0.0886	0.1052	0.0994	
0.7799	0.7939	0.7972	0.8165	0.8168	0.6389	0.3318	0.1500	0.6945	0.7361	0.6056	0.4906	0.1845	0.0993	0.0943	0.0944	0.6961	0.7191	0.4292	0.2206	0.1048	0.0923	0.0931	0.0948	0.6790	0.4042	0.2218	0.0965	0.0890	0.0899	0.0914	0.0952	0.6681	0.0957	0.0880	0.0871	0.0886	0.0886	0.0920	0.1019	0.6589	0.0866	0.0863	0.0871	0.0878	0.0889	0.0920	0.0985	0.5979	0.0873	0.0865	0.0870	0.0880	0.0911	0.0922	0.0954	0.2598	0.0881	0.0870	0.0867	0.0872	0.0897	0.0896	0.0985	
0.7789	0.7956	0.7967	0.8188	0.8231	0.6616	0.3540	0.1522	0.6963	0.7372	0.6346	0.5136	0.1944	0.0985	0.0954	0.0948	0.6991	0.7294	0.4529	0.2306	0.1066	0.0912	0.0950	0.0954	0.6809	0.4339	0.2357	0.0958	0.0896	0.0908	0.0913	0.0933	0.6697	0.0963	0.0883	0.0872	0.0885	0.0895	0.0914	0.1020	0.6624	0.0867	0.0870	0.0875	0.0878	0.0897	0.0917	0.1015	0.6207	0.0878	0.0869	0.0875	0.0883	0.0941	0.0924	0.0990	0.2776	0.0882	0.0869	0.0874	0.0869	0.0930	0.0897	0.0991	
0.7784	0.7968	0.7865	0.8131	0.8198	0.6890	0.3700	0.1539	0.6993	0.7308	0.6600	0.5314	0.2002	0.0976	0.0937	0.0927	0.6969	0.7282	0.4798	0.2421	0.1059	0.0902	0.0920	0.0946	0.6801	0.4602	0.2469	0.0963	0.0885	0.0886	0.0915	0.0923	0.6674	0.0955	0.0865	0.0855	0.0873	0.0876	0.0916	0.1003	0.6577	0.0863	0.0857	0.0853	0.0862	0.0881	0.0901	0.1014	0.6298	0.0863	0.0860	0.0867	0.0872	0.0902	0.0904	0.0964	0.2965	0.0872	0.0857	0.0855	0.0868	0.0926	0.0884	0.1008	
0.7909	0.8021	0.8068	0.8235	0.8235	0.7204	0.3913	0.1608	0.7001	0.7346	0.6869	0.5654	0.2083	0.0988	0.0943	0.0937	0.7075	0.7310	0.5128	0.2580	0.1078	0.0911	0.0922	0.0955	0.6855	0.4889	0.2682	0.0976	0.0887	0.0887	0.0914	0.0928	0.6701	0.0969	0.0870	0.0866	0.0880	0.0894	0.0903	0.1048	0.6618	0.0864	0.0860	0.0862	0.0877	0.0894	0.0904	0.0976	0.6439	0.0872	0.0864	0.0870	0.0883	0.0893	0.0931	0.1000	0.3242	0.0872	0.0863	0.0862	0.0869	0.0907	0.0892	0.1000	
0.7867	0.8000	0.8102	0.8254	0.8211	0.7485	0.4204	0.1666	0.7052	0.7320	0.7053	0.5912	0.2198	0.0984	0.0984	0.0931	0.7056	0.7304	0.5360	0.2700	0.1086	0.0917	0.0923	0.0952	0.6827	0.5151	0.2859	0.0953	0.0893	0.0886	0.0905	0.0930	0.6710	0.0973	0.0883	0.0855	0.0880	0.0886	0.0920	0.0982	0.6603	0.0883	0.0857	0.0864	0.0875	0.0891	0.0918	0.0987	0.6464	0.0879	0.0867	0.0866	0.0883	0.0896	0.0931	0.0967	0.3472	0.0878	0.0870	0.0870	0.0864	0.0907	0.1124	0.1008	
0.7964	0.8037	0.8226	0.8229	0.8250	0.7827	0.4486	0.1721	0.7035	0.7311	0.7005	0.6204	0.2292	0.0993	0.0942	0.0928	0.7105	0.7278	0.5686	0.2875	0.1110	0.0913	0.0949	0.0953	0.6882	0.5441	0.2997	0.0926	0.0898	0.0883	0.0909	0.0929	0.6692	0.0968	0.0873	0.0860	0.0887	0.0894	0.0912	0.1023	0.6633	0.0867	0.0854	0.0865	0.0876	0.0889	0.0909	0.0976	0.6504	0.0865	0.0864	0.0872	0.0878	0.0913	0.0916	0.1086	0.3752	0.0874	0.0867	0.0862	0.0875	0.0940	0.0900	0.0989	
0.7932	0.8046	0.8176	0.8218	0.8231	0.8025	0.4698	0.1762	0.7072	0.7347	0.7011	0.6378	0.2407	0.1060	0.0952	0.0938	0.7115	0.7296	0.5936	0.3012	0.1114	0.0914	0.0932	0.0950	0.6856	0.5730	0.3199	0.0942	0.0891	0.0893	0.0917	0.0931	0.6734	0.0983	0.0873	0.0859	0.0883	0.0901	0.0919	0.1005	0.6629	0.0857	0.0860	0.0874	0.0874	0.0885	0.0915	0.0983	0.6514	0.0872	0.0873	0.0864	0.0875	0.0895	0.0923	0.0942	0.4049	0.0878	0.0879	0.0860	0.0871	0.0900	0.0900	0.1118	
0.7941	0.8042	0.8250	0.8320	0.8313	0.8198	0.4973	0.1837	0.7101	0.7257	0.7048	0.6688	0.2517	0.1012	0.0946	0.0942	0.7165	0.7211	0.6162	0.3182	0.1136	0.0908	0.0937	0.0949	0.6870	0.5958	0.3402	0.0975	0.0887	0.0893	0.0915	0.0929	0.6753	0.0983	0.0876	0.0862	0.0885	0.0891	0.0905	0.1010	0.6683	0.0867	0.0863	0.0866	0.0876	0.0894	0.0914	0.0968	0.6537	0.0865	0.0868	0.0865	0.0880	0.0915	0.0905	0.0940	0.4399	0.0888	0.0874	0.0867	0.0870	0.0938	0.0894	0.0948	
0.7991	0.8109	0.8163	0.8305	0.8374	0.8212	0.5191	0.1890	0.7133	0.7308	0.7049	0.6993	0.2652	0.1084	0.0938	0.0925	0.7175	0.7238	0.6418	0.3398	0.1145	0.0903	0.0938	0.0944	0.6916	0.6255	0.3609	0.0956	0.0886	0.0893	0.0911	0.0939	0.6787	0.0997	0.0876	0.0859	0.0879	0.0888	0.0911	0.0993	0.6691	0.0869	0.0868	0.0873	0.0879	0.0888	0.0908	0.0991	0.6548	0.0869	0.0864	0.0867	0.0883	0.0901	0.0919	0.0947	0.4676	0.0885	0.0874	0.0865	0.0875	0.0922	0.0917	0.0980	
0.7990	0.8116	0.8204	0.8186	0.8331	0.8297	0.5544	0.1969	0.7108	0.7301	0.7080	0.7129	0.2726	0.1000	0.0944	0.0937	0.7246	0.7228	0.6670	0.3540	0.1160	0.0905	0.0916	0.0950	0.6913	0.6536	0.3837	0.0970	0.0891	0.0885	0.0896	0.0918	0.6774	0.0990	0.0867	0.0857	0.0879	0.0880	0.0897	0.0987	0.6686	0.0858	0.0853	0.0862	0.0872	0.0879	0.0913	0.0966	0.6575	0.0870	0.0864	0.0862	0.0878	0.0913	0.0910	0.0959	0.5030	0.0883	0.0862	0.0870	0.0864	0.0876	0.1074	0.0994	
0.7945	0.8146	0.8060	0.8384	0.8205	0.8248	0.5821	0.2049	0.7158	0.7306	0.7167	0.7371	0.2868	0.1131	0.0944	0.0941	0.7279	0.7193	0.6838	0.3779	0.1174	0.0911	0.0924	0.0955	0.6959	0.6799	0.4083	0.0981	0.0895	0.0894	0.0906	0.0927	0.6810	0.1005	0.0874	0.0867	0.0889	0.0887	0.0909	0.1003	0.6730	0.0868	0.0857	0.0871	0.0870	0.0896	0.0927	0.0994	0.6547	0.0875	0.0869	0.0864	0.0887	0.0903	0.0916	0.0985	0.5324	0.0884	0.0866	0.0860	0.0872	0.0892	0.1058	0.0967	
0.8079	0.8164	0.8380	0.8396	0.8441	0.8299	0.6103	0.2148	0.7237	0.7391	0.7214	0.7477	0.3046	0.1149	0.0984	0.0947	0.7377	0.7226	0.7062	0.4002	0.1210	0.0916	0.0922	0.0951	0.7016	0.7037	0.4305	0.1036	0.0892	0.0902	0.0913	0.0935	0.6866	0.1017	0.0873	0.0875	0.0878	0.0901	0.0916	0.0999	0.6745	0.0874	0.0860	0.0870	0.0879	0.0897	0.0908	0.0961	0.6583	0.0871	0.0873	0.0870	0.0888	0.0919	0.0917	0.0955	0.5537	0.0897	0.0874	0.0867	0.0872	0.0887	0.1109	0.0965	
0.8075	0.8168	0.8384	0.8408	0.8409	0.8273	0.6394	0.2231	0.7207	0.7370	0.7187	0.7502	0.3221	0.1008	0.0959	0.0931	0.7392	0.7210	0.7121	0.4215	0.1232	0.0912	0.0936	0.0957	0.7005	0.7120	0.4569	0.0990	0.0898	0.0890	0.0910	0.0930	0.6856	0.1024	0.0869	0.0869	0.0886	0.0887	0.0901	0.1019	0.6743	0.0863	0.0854	0.0876	0.0881	0.0894	0.0917	0.0988	0.6580	0.0867	0.0857	0.0887	0.0887	0.0898	0.0949	0.1072	0.5821	0.0877	0.0862	0.0870	0.0874	0.0895	0.0887	0.0986	
0.8003	0.8241	0.8517	0.8421	0.8429	0.8298	0.6695	0.2368	0.7299	0.7400	0.7194	0.7466	0.3391	0.1026	0.0948	0.0935	0.7448	0.7220	0.7171	0.4424	0.1242	0.0917	0.0940	0.0936	0.7083	0.7138	0.4845	0.1065	0.0887	0.0900	0.0906	0.0946	0.6905	0.1041	0.0871	0.0868	0.0886	0.0889	0.0916	0.1002	0.6777	0.0868	0.0858	0.0874	0.0873	0.0890	0.0917	0.0980	0.6606	0.0866	0.0868	0.0876	0.0880	0.0903	0.0909	0.1008	0.6011	0.0876	0.0867	0.0874	0.0875	0.0880	0.0988	0.1091	
0.8098	0.8242	0.8455	0.8359	0.8489	0.8324	0.6888	0.2447	0.7290	0.7446	0.7190	0.7469	0.3583	0.1030	0.0948	0.0932	0.7481	0.7249	0.7157	0.4670	0.1271	0.0921	0.0910	0.0932	0.7079	0.7074	0.5098	0.1080	0.0891	0.0893	0.0900	0.0929	0.6937	0.1049	0.0873	0.0863	0.0876	0.0885	0.0895	0.1003	0.6819	0.0867	0.0856	0.0864	0.0872	0.0884	0.0917	0.0944	0.6614	0.0877	0.0858	0.0874	0.0888	0.0904	0.0922	0.1090	0.6179	0.0875	0.0864	0.0863	0.0873	0.0895	0.0900	0.0971	
0.8079	0.8259	0.8363	0.8368	0.8411	0.8304	0.7265	0.2565	0.7286	0.7471	0.7178	0.7500	0.3736	0.1019	0.0941	0.0935	0.7522	0.7236	0.7114	0.4957	0.1280	0.0915	0.0909	0.0932	0.7066	0.7152	0.5314	0.1073	0.0877	0.0887	0.0897	0.0916	0.6944	0.1057	0.0860	0.0851	0.0872	0.0901	0.0895	0.0959	0.6796	0.0866	0.0851	0.0864	0.0865	0.0894	0.0904	0.0929	0.6594	0.0861	0.0864	0.0862	0.0873	0.0890	0.0902	0.0947	0.6310	0.0878	0.0852	0.0868	0.0857	0.0877	0.0950	0.0960	
0.8085	0.8328	0.8656	0.8413	0.8414	0.8306	0.7459	0.2692	0.7323	0.7561	0.7256	0.7521	0.3998	0.1117	0.1064	0.0935	0.7616	0.7304	0.7192	0.5132	0.1334	0.0917	0.0955	0.0936	0.7127	0.7118	0.5641	0.1111	0.0896	0.0892	0.0896	0.0917	0.6985	0.1077	0.0868	0.0861	0.0884	0.0883	0.0907	0.0990	0.6863	0.0867	0.0863	0.0875	0.0876	0.0894	0.0908	0.0956	0.6642	0.0874	0.0865	0.0862	0.0884	0.0896	0.0910	0.1014	0.6382	0.0877	0.0873	0.0870	0.0872	0.0890	0.0898	0.1017	
0.8106	0.8286	0.8701	0.8464	0.8522	0.8338	0.7788	0.2801	0.7375	0.7600	0.7245	0.7531	0.4224	0.1034	0.0977	0.0921	0.7630	0.7300	0.7193	0.5449	0.1376	0.0921	0.0917	0.0940	0.7155	0.7062	0.5816	0.1135	0.0880	0.0891	0.0910	0.0919	0.7020	0.1102	0.0871	0.0867	0.0884	0.0894	0.0907	0.0972	0.6877	0.0863	0.0862	0.0861	0.0872	0.0937	0.0931	0.0972	0.6638	0.0868	0.0854	0.0863	0.0892	0.0997	0.0907	0.0940	0.6406	0.0870	0.0860	0.0862	0.0871	0.0903	0.0902	0.0957	
