0.0962	0.0994	0.0949	0.0928	0.0889	0.1068	0.0908	0.1054	0.0954	0.1017	0.0930	0.0951	0.0893	0.0936	0.0920	0.0982	0.0964	0.0960	0.0951	0.0977	0.0888	0.1043	0.0906	0.1147	0.0942	0.0970	0.0930	0.0980	0.0902	0.1020	0.0889	0.1298	0.0965	0.1107	0.0961	0.0965	0.0897	0.0955	0.0912	0.1109	0.0968	0.0946	0.0942	0.0965	0.0909	0.1003	0.0925	0.1211	0.0956	0.1132	0.0957	0.0977	0.0913	0.0984	0.0904	0.1551	0.1007	0.0937	0.0960	0.0943	0.0907	0.0941	0.0917	0.0898	
0.0934	0.0917	0.0928	0.0926	0.0912	0.0913	0.0919	0.0976	0.0930	0.0920	0.0915	0.0952	0.0913	0.0907	0.0924	0.0923	0.0905	0.0910	0.0920	0.0919	0.0914	0.0920	0.0915	0.0934	0.0927	0.0916	0.0915	0.0927	0.0935	0.0912	0.0914	0.0923	0.0930	0.0947	0.0924	0.0950	0.0923	0.0923	0.0924	0.0936	0.0945	0.0937	0.0930	0.0939	0.0947	0.0956	0.0934	0.0948	0.0936	0.0944	0.0937	0.0971	0.0934	0.0927	0.0932	0.0967	0.0958	0.0953	0.0936	0.0942	0.0936	0.0952	0.0950	0.0928	
0.0897	0.0920	0.0894	0.0891	0.0886	0.0893	0.0902	0.0918	0.0892	0.0888	0.0897	0.0921	0.0883	0.0898	0.0897	0.0912	0.0877	0.0899	0.0908	0.0890	0.0885	0.0902	0.0902	0.0895	0.0881	0.0906	0.0885	0.0894	0.0911	0.0904	0.0898	0.0901	0.0912	0.0911	0.0900	0.0893	0.0896	0.0899	0.0893	0.0923	0.0908	0.0911	0.0921	0.0902	0.0913	0.0948	0.0918	0.0923	0.0898	0.0909	0.0915	0.0940	0.0911	0.0918	0.0903	0.0949	0.0914	0.0911	0.0899	0.0905	0.0911	0.0920	0.0911	0.0912	
0.0903	0.0913	0.0875	0.0880	0.0876	0.0888	0.0880	0.0932	0.0897	0.0880	0.0880	0.0907	0.0883	0.0869	0.0894	0.0880	0.0900	0.0882	0.0881	0.0883	0.0872	0.0881	0.0883	0.0879	0.0900	0.0918	0.0859	0.0891	0.0892	0.0920	0.0873	0.0882	0.0907	0.0983	0.0902	0.0895	0.0876	0.0866	0.0873	0.0905	0.0908	0.0914	0.0900	0.0879	0.0897	0.0923	0.0904	0.0903	0.0890	0.0906	0.0889	0.0901	0.0893	0.0886	0.0892	0.0918	0.0907	0.0946	0.0898	0.0890	0.0904	0.0917	0.0922	0.0920	
0.0915	0.0891	0.0904	0.0889	0.0899	0.0947	0.0928	0.0993	0.0922	0.0906	0.0898	0.0939	0.0905	0.0946	0.0926	0.0972	0.0899	0.0928	0.0899	0.0894	0.0935	0.0905	0.0913	0.0992	0.0939	0.0892	0.0887	0.0912	0.0911	0.0950	0.0881	0.0934	0.0926	0.0915	0.0918	0.0940	0.0889	0.0946	0.0909	0.0953	0.0920	0.0930	0.0914	0.0912	0.0948	0.0962	0.0912	0.0925	0.0926	0.0930	0.0910	0.0948	0.0959	0.0914	0.0912	0.0994	0.0933	0.0934	0.0905	0.0908	0.0932	0.0940	0.0926	0.0934	
0.0901	0.0902	0.0881	0.0870	0.0798	0.0854	0.0878	0.0908	0.0910	0.0909	0.0883	0.0921	0.0834	0.0875	0.0856	0.0864	0.0886	0.0902	0.0871	0.0853	0.0873	0.0863	0.0874	0.0856	0.0905	0.0907	0.0878	0.0905	0.0869	0.0874	0.0837	0.0862	0.0923	0.0909	0.0894	0.0906	0.0860	0.0876	0.0876	0.0900	0.0910	0.0914	0.0894	0.0886	0.0883	0.0912	0.0866	0.0879	0.0934	0.0941	0.0907	0.0893	0.0890	0.0918	0.0870	0.0881	0.0921	0.0901	0.0897	0.0886	0.0878	0.0890	0.0885	0.0863	
0.0893	0.0919	0.0875	0.0877	0.0873	0.0881	0.0880	0.0924	0.0892	0.0906	0.0892	0.0908	0.0879	0.0912	0.0883	0.0890	0.0891	0.0920	0.0887	0.0907	0.0877	0.0885	0.0885	0.0885	0.0898	0.0916	0.0887	0.0883	0.0904	0.0892	0.0869	0.0882	0.0906	0.0891	0.0867	0.0991	0.0884	0.0889	0.0877	0.0894	0.0930	0.0922	0.0908	0.0901	0.0899	0.0929	0.0884	0.0883	0.0908	0.0924	0.0886	0.0928	0.0889	0.0900	0.0887	0.0907	0.0903	0.0914	0.0892	0.0917	0.0886	0.0905	0.0902	0.0868	
0.0913	0.0932	0.0906	0.0916	0.0917	0.0895	0.0922	0.0920	0.0914	0.0909	0.0920	0.0945	0.0925	0.0903	0.0901	0.0897	0.0897	0.0933	0.0886	0.0912	0.0922	0.0911	0.0891	0.0928	0.0929	0.0940	0.0908	0.0896	0.0955	0.0894	0.0894	0.0902	0.0924	0.0914	0.0883	0.0899	0.0934	0.0896	0.0897	0.0917	0.0908	0.0906	0.0903	0.0914	0.0935	0.0935	0.0931	0.0956	0.0960	0.0930	0.0910	0.0924	0.0930	0.0926	0.0900	0.0947	0.0949	0.0935	0.0904	0.0918	0.0931	0.0919	0.0912	0.0910	
0.0887	0.0904	0.0905	0.0887	0.0892	0.0910	0.0897	0.0928	0.0906	0.0902	0.0898	0.0934	0.0906	0.0897	0.0890	0.0911	0.0908	0.0932	0.0881	0.0874	0.0895	0.0921	0.0889	0.0933	0.0887	0.0897	0.0880	0.0911	0.0933	0.0890	0.0890	0.0912	0.0929	0.0889	0.0890	0.0921	0.0897	0.0901	0.0881	0.0933	0.0898	0.0914	0.0887	0.0887	0.0921	0.0939	0.0903	0.0927	0.0940	0.0913	0.0897	0.0920	0.0907	0.0915	0.0898	0.0952	0.0932	0.0915	0.0891	0.0911	0.0899	0.0916	0.0918	0.0923	
0.0918	0.0918	0.0927	0.0895	0.0907	0.0911	0.0937	0.0939	0.0930	0.0921	0.0914	0.0931	0.0933	0.0895	0.0900	0.0900	0.0894	0.0899	0.0917	0.0889	0.0904	0.0909	0.0927	0.0903	0.0909	0.0922	0.0882	0.0913	0.0914	0.0896	0.0915	0.0899	0.0938	0.0937	0.0888	0.0909	0.0909	0.0902	0.0903	0.0923	0.0934	0.0919	0.0914	0.0926	0.0941	0.0930	0.0906	0.0928	0.0929	0.0944	0.0917	0.0959	0.0915	0.0923	0.0922	0.0927	0.0942	0.0931	0.0894	0.0999	0.0900	0.0928	0.0912	0.0933	
0.0916	0.0934	0.0906	0.0932	0.0922	0.0902	0.0900	0.0965	0.0905	0.0907	0.0889	0.0974	0.0928	0.0929	0.0947	0.0921	0.0891	0.0910	0.0977	0.0949	0.0925	0.0933	0.0943	0.0936	0.0909	0.0892	0.0944	0.0926	0.0952	0.0907	0.0917	0.0940	0.0909	0.0925	0.0935	0.0931	0.0919	0.0943	0.0919	0.0932	0.0900	0.0909	0.0953	0.0950	0.0948	0.0960	0.0945	0.0914	0.0916	0.0927	0.0960	0.0947	0.0967	0.0931	0.0940	0.0968	0.0913	0.0922	0.0934	0.0951	0.0936	0.0949	0.0953	0.0919	
0.0962	0.0939	0.0950	0.0934	0.0920	0.0951	0.0941	0.0974	0.0934	0.0948	0.0948	0.0976	0.0927	0.0967	0.0969	0.0928	0.0935	0.0952	0.0931	0.0921	0.0923	0.0964	0.0966	0.0961	0.0948	0.0946	0.0927	0.0937	0.0955	0.0950	0.0940	0.0945	0.0954	0.0948	0.0929	0.0940	0.0943	0.0966	0.0944	0.0974	0.0948	0.0983	0.0938	0.0930	0.0961	0.0993	0.0933	0.0971	0.0956	0.1062	0.0946	0.0948	0.0945	0.0991	0.0949	0.0968	0.0972	0.0953	0.0936	0.0951	0.0951	0.1001	0.0954	0.0931	
0.0895	0.0915	0.0917	0.0916	0.0909	0.0910	0.0900	0.0961	0.0918	0.0889	0.0888	0.0952	0.0885	0.0899	0.0905	0.0909	0.0901	0.0896	0.0875	0.0887	0.0891	0.0921	0.0905	0.0907	0.0919	0.0903	0.0878	0.0924	0.0927	0.0912	0.0882	0.0908	0.0906	0.0901	0.0899	0.0903	0.0904	0.0918	0.0897	0.0923	0.0905	0.0911	0.0887	0.0909	0.0914	0.0950	0.0891	0.0915	0.0909	0.0915	0.0897	0.0918	0.0909	0.0911	0.0895	0.0944	0.0897	0.0915	0.0895	0.0909	0.0903	0.0912	0.0899	0.0892	
0.0918	0.0890	0.0892	0.0883	0.0888	0.0889	0.0895	0.0944	0.0882	0.0884	0.0888	0.0928	0.0879	0.0886	0.0892	0.0937	0.0869	0.0883	0.0907	0.0877	0.0892	0.0895	0.0901	0.0888	0.0884	0.0875	0.0901	0.0910	0.0906	0.0889	0.0879	0.0903	0.0893	0.0923	0.0871	0.0902	0.0889	0.0884	0.0895	0.0913	0.0898	0.0889	0.0879	0.0892	0.0925	0.0927	0.0900	0.0919	0.0902	0.0902	0.0905	0.0905	0.0894	0.0906	0.0899	0.0920	0.0894	0.0897	0.0864	0.0872	0.0880	0.0907	0.0896	0.0910	
0.0930	0.0904	0.0920	0.0913	0.0890	0.0916	0.0899	0.0945	0.0914	0.0894	0.0927	0.0920	0.0911	0.0916	0.0904	0.0904	0.0897	0.0927	0.0898	0.0912	0.0908	0.0904	0.0916	0.0904	0.0913	0.0888	0.0907	0.0912	0.0904	0.0895	0.0918	0.0918	0.0907	0.0905	0.0903	0.0895	0.0899	0.0908	0.0905	0.0921	0.0899	0.0912	0.0916	0.0921	0.0939	0.0936	0.0915	0.0917	0.0907	0.0933	0.0892	0.0923	0.0930	0.0930	0.0901	0.0942	0.0913	0.0898	0.0887	0.0912	0.0926	0.0908	0.0919	0.0888	
0.0941	0.0963	0.0944	0.0941	0.0939	0.0952	0.0949	0.0973	0.0978	0.0926	0.0931	0.0966	0.0929	0.0946	0.0942	0.0946	0.0931	0.0945	0.0941	0.0919	0.0923	0.0956	0.0965	0.0961	0.0933	0.0952	0.0929	0.0945	0.0949	0.0954	0.0961	0.0965	0.0980	0.0947	0.0918	0.0948	0.0940	0.0953	0.0950	0.0983	0.0962	0.0946	0.0925	0.0928	0.0952	0.0987	0.0952	0.0965	0.0948	0.0952	0.0955	0.0959	0.0953	0.0974	0.0945	0.0968	0.0933	0.0956	0.0956	0.0923	0.0933	0.0956	0.0973	0.0984	
0.0929	0.0953	0.0952	0.0944	0.0944	0.0949	0.0955	0.0973	0.0937	0.0928	0.0920	0.0981	0.0930	0.0933	0.0923	0.0932	0.0929	0.0947	0.0925	0.0922	0.0909	0.0932	0.0930	0.0943	0.0957	0.0961	0.0881	0.0915	0.0975	0.0930	0.0911	0.0925	0.0943	0.0920	0.0862	0.0937	0.0909	0.0936	0.0913	0.0936	0.0944	0.0923	0.0854	0.0936	0.0964	0.0977	0.0923	0.0949	0.0934	0.0934	0.0913	0.0968	0.0932	0.0932	0.0935	0.0960	0.0967	0.0926	0.0928	0.0907	0.0934	0.0958	0.0949	0.0947	
0.0891	0.0902	0.0891	0.0877	0.0904	0.0866	0.0904	0.0898	0.0903	0.0891	0.0856	0.0903	0.0877	0.0866	0.0876	0.0881	0.0885	0.0874	0.0866	0.0876	0.0889	0.0866	0.0864	0.0879	0.0862	0.0895	0.0848	0.0897	0.0890	0.0894	0.0850	0.0881	0.0910	0.0908	0.0886	0.0886	0.0877	0.0883	0.0898	0.0908	0.0883	0.0887	0.0886	0.0874	0.0882	0.0902	0.0892	0.0870	0.0879	0.0868	0.0869	0.0878	0.0886	0.0881	0.0887	0.0889	0.0903	0.0857	0.0869	0.0898	0.0873	0.0863	0.0886	0.0895	
0.0935	0.0943	0.0922	0.0882	0.0900	0.0890	0.0881	0.0907	0.0929	0.0884	0.0912	0.0921	0.0883	0.0886	0.0879	0.0901	0.0934	0.0907	0.0903	0.0873	0.0887	0.0915	0.0868	0.0894	0.0893	0.0899	0.0877	0.0879	0.0907	0.0892	0.0862	0.0877	0.0942	0.0878	0.0910	0.0878	0.0878	0.0891	0.0855	0.0904	0.0894	0.0905	0.0878	0.0892	0.0904	0.0903	0.0867	0.0890	0.0892	0.0907	0.0896	0.0907	0.0937	0.0884	0.0861	0.0976	0.0894	0.0926	0.0873	0.0895	0.0894	0.0869	0.0872	0.0867	
0.0954	0.0949	0.0947	0.0955	0.0951	0.1007	0.0967	0.1019	0.0934	0.0972	0.0945	0.0976	0.0939	0.0962	0.0939	0.0934	0.0920	0.0967	0.0936	0.0933	0.0925	0.0956	0.0945	0.0944	0.0933	0.0938	0.0920	0.0934	0.0973	0.0942	0.0912	0.0931	0.0940	0.0968	0.0931	0.0957	0.0924	0.0953	0.0917	0.0947	0.0955	0.0966	0.0934	0.0943	0.0944	0.0987	0.0928	0.0955	0.0937	0.0988	0.0943	0.0957	0.0963	0.0932	0.0939	0.0955	0.0957	0.0948	0.0927	0.0926	0.0913	0.0942	0.0945	0.0917	
0.0965	0.0976	0.0948	0.0929	0.0921	0.0966	0.0972	0.1020	0.0897	0.0900	0.0887	0.0945	0.0909	0.0899	0.0980	0.0949	0.0894	0.0921	0.0947	0.0900	0.0899	0.0915	0.0962	0.0941	0.0914	0.0911	0.0946	0.0926	0.0921	0.0898	0.0949	0.0942	0.0903	0.0913	0.0907	0.0915	0.0906	0.0910	0.0971	0.0970	0.0905	0.0918	0.0906	0.0902	0.0924	0.0939	0.0950	0.0995	0.0954	0.0910	0.0913	0.0922	0.0911	0.0918	0.0959	0.0975	0.0960	0.0937	0.0910	0.0896	0.0894	0.0912	0.0955	0.0953	
0.0965	0.0921	0.0979	0.0917	0.0969	0.0959	0.0940	0.0997	0.0940	0.0913	0.0938	0.0948	0.0936	0.0913	0.0928	0.0960	0.0961	0.0901	0.0930	0.0924	0.0916	0.0956	0.0926	0.0913	0.0952	0.0973	0.0933	0.0955	0.0986	0.0928	0.0909	0.0925	0.0941	0.0934	0.0958	0.0937	0.0955	0.0932	0.0921	0.0914	0.0968	0.0934	0.0926	0.0950	0.0913	0.0966	0.0931	0.0955	0.0979	0.0937	0.0930	0.0958	0.0944	0.0923	0.0966	0.0961	0.0968	0.0945	0.0933	0.0909	0.0887	0.0942	0.0941	0.0950	
0.0934	0.0923	0.0916	0.0928	0.0900	0.0896	0.0894	0.0955	0.0900	0.0875	0.0904	0.0919	0.0894	0.0887	0.0888	0.0890	0.0875	0.0884	0.0887	0.0872	0.0878	0.0911	0.0878	0.0894	0.0917	0.0892	0.0894	0.0943	0.0908	0.0898	0.0879	0.0886	0.0895	0.0898	0.0874	0.0986	0.0878	0.0886	0.0896	0.0898	0.0891	0.0878	0.0895	0.0880	0.0893	0.0919	0.0892	0.0895	0.0902	0.0883	0.0886	0.0888	0.0890	0.0893	0.0883	0.0910	0.0892	0.0894	0.0869	0.0879	0.0878	0.0890	0.0896	0.0881	
0.0978	0.0982	0.0972	0.0965	0.0964	0.0966	0.1001	0.0994	0.0938	0.0947	0.0937	0.0973	0.0932	0.0939	0.0940	0.0950	0.0923	0.0942	0.0937	0.0934	0.0936	0.0948	0.0943	0.0948	0.0932	0.0934	0.0925	0.0939	0.0958	0.0963	0.0944	0.0945	0.0947	0.0935	0.0925	0.0992	0.0944	0.0934	0.0971	0.0958	0.0945	0.0936	0.0923	0.0926	0.0963	0.0974	0.0946	0.0952	0.0934	0.0938	0.0936	0.0948	0.0938	0.0943	0.0948	0.0966	0.0935	0.0932	0.0925	0.0928	0.0922	0.0937	0.0944	0.0929	
0.0992	0.0987	0.0983	0.0974	0.0968	0.0963	0.0948	0.0975	0.0944	0.0975	0.0945	0.0979	0.0943	0.0942	0.0944	0.0949	0.0932	0.0945	0.0946	0.0935	0.0943	0.0938	0.0932	0.0948	0.0935	0.0937	0.0929	0.0939	0.0951	0.0935	0.0926	0.0939	0.0938	0.0935	0.0936	0.0937	0.0938	0.0942	0.0930	0.0949	0.0930	0.0935	0.0930	0.0926	0.0954	0.0971	0.0948	0.0955	0.0939	0.0938	0.0930	0.0944	0.0949	0.0932	0.0938	0.0966	0.0930	0.0932	0.0932	0.0929	0.0931	0.0940	0.0949	0.0926	
0.1018	0.0998	0.0987	0.0952	0.0945	0.0943	0.0937	0.0963	0.0904	0.0954	0.0956	0.0950	0.0904	0.0907	0.0912	0.0911	0.0934	0.0943	0.0937	0.0904	0.0914	0.0930	0.0918	0.0920	0.0923	0.0932	0.0937	0.0918	0.0952	0.0917	0.0898	0.0910	0.0938	0.0919	0.0916	0.0910	0.0911	0.0917	0.0906	0.0934	0.0955	0.0920	0.0930	0.0901	0.0929	0.0946	0.0911	0.0924	0.0913	0.0912	0.0908	0.0934	0.0931	0.0918	0.0910	0.0932	0.0931	0.0903	0.0919	0.0919	0.0900	0.0919	0.0916	0.0904	
0.1018	0.1014	0.1024	0.0994	0.0980	0.0973	0.0959	0.0987	0.0997	0.0939	0.0953	0.0975	0.0943	0.0943	0.0943	0.0947	0.0940	0.0948	0.0960	0.0935	0.0944	0.0944	0.0942	0.0962	0.0951	0.0955	0.0961	0.0947	0.0968	0.0954	0.0932	0.0940	0.0946	0.0966	0.0939	0.0943	0.0938	0.0943	0.0926	0.0959	0.0951	0.0947	0.0956	0.0941	0.0957	0.0993	0.0943	0.0955	0.0969	0.0957	0.0943	0.0937	0.0947	0.0948	0.0946	0.0959	0.0954	0.0933	0.0934	0.0934	0.0929	0.0943	0.0946	0.0937	
0.0985	0.0989	0.0982	0.0960	0.0947	0.0930	0.0925	0.0966	0.0924	0.0926	0.0923	0.0964	0.0904	0.0913	0.0897	0.0910	0.0936	0.0921	0.0929	0.0891	0.0913	0.0917	0.0922	0.0909	0.0931	0.0932	0.0926	0.0907	0.0969	0.0893	0.0897	0.0916	0.0919	0.0902	0.0926	0.0968	0.0894	0.0910	0.0892	0.0914	0.0940	0.0905	0.0918	0.0891	0.0911	0.0955	0.0915	0.0917	0.0948	0.0942	0.0893	0.0901	0.0907	0.0899	0.0899	0.0928	0.0898	0.0913	0.0921	0.0894	0.0888	0.0904	0.0905	0.0895	
0.1046	0.0997	0.0957	0.0980	0.0984	0.0944	0.0910	0.0952	0.0962	0.0914	0.0942	0.0949	0.0942	0.0907	0.0911	0.0898	0.0933	0.0941	0.0892	0.0906	0.0912	0.0897	0.0928	0.0948	0.0965	0.0911	0.0919	0.0925	0.0960	0.0886	0.0889	0.0897	0.0935	0.0902	0.0976	0.0938	0.0911	0.0916	0.0892	0.0945	0.0923	0.0888	0.0895	0.0916	0.0914	0.0932	0.0908	0.0904	0.0923	0.0893	0.0912	0.0945	0.0922	0.0928	0.0909	0.0943	0.0921	0.0936	0.0879	0.0916	0.0922	0.0917	0.0900	0.0910	
0.1060	0.1064	0.1007	0.0975	0.0952	0.0945	0.0914	0.0937	0.0975	0.0939	0.0916	0.0936	0.0916	0.0898	0.0900	0.0910	0.0954	0.0942	0.0936	0.0901	0.0912	0.0911	0.0896	0.0896	0.0944	0.0941	0.0930	0.0917	0.0920	0.0880	0.0880	0.0897	0.0950	0.0936	0.0918	0.0888	0.0898	0.0897	0.0897	0.0911	0.0949	0.0913	0.0903	0.0904	0.0932	0.0915	0.0877	0.0895	0.0943	0.0939	0.0923	0.0912	0.0895	0.0928	0.0896	0.0910	0.0906	0.0931	0.0920	0.0905	0.0883	0.0883	0.0906	0.0898	
0.1080	0.1018	0.1000	0.0978	0.0954	0.0940	0.0916	0.0943	0.0972	0.0930	0.0943	0.0965	0.0928	0.0912	0.0903	0.0908	0.0973	0.0946	0.0906	0.0897	0.0900	0.0913	0.0896	0.0907	0.0942	0.0915	0.0890	0.0924	0.0940	0.0888	0.0901	0.0900	0.0942	0.0940	0.0898	0.0931	0.0899	0.0915	0.0887	0.0919	0.0966	0.0963	0.0891	0.0894	0.0902	0.0948	0.0907	0.0914	0.0928	0.0922	0.0917	0.0899	0.0890	0.0898	0.0902	0.0914	0.0915	0.0889	0.0896	0.0884	0.0873	0.0891	0.0912	0.0882	
0.1157	0.1118	0.1032	0.1030	0.0997	0.1002	0.0990	0.1001	0.1015	0.1005	0.0973	0.0990	0.0982	0.0960	0.0952	0.0954	0.1016	0.0989	0.0992	0.0948	0.0951	0.0955	0.0957	0.0970	0.1041	0.0999	0.0969	0.0991	0.0966	0.0941	0.0932	0.0953	0.1003	0.0950	0.0963	0.0943	0.0983	0.0944	0.0925	0.0953	0.0970	0.0989	0.0980	0.0931	0.0950	0.0986	0.0952	0.0947	0.0993	0.0972	0.0956	0.0941	0.0943	0.0936	0.0944	0.0962	0.0957	0.0952	0.0930	0.0927	0.0919	0.0944	0.0947	0.0933	
0.1159	0.1134	0.1059	0.1025	0.0990	0.0965	0.0942	0.1070	0.0988	0.0966	0.0995	0.0965	0.0934	0.0916	0.0921	0.1010	0.0988	0.0969	0.0952	0.0938	0.0937	0.0916	0.0916	0.0924	0.0989	0.0975	0.0938	0.0939	0.0942	0.0915	0.0911	0.0924	0.0942	0.0943	0.0952	0.0903	0.0928	0.0924	0.0902	0.0918	0.0959	0.0930	0.0911	0.0920	0.0925	0.0969	0.0923	0.0928	0.0940	0.0937	0.0931	0.0916	0.0924	0.0922	0.0906	0.0929	0.0952	0.0905	0.0906	0.0919	0.0891	0.0936	0.0912	0.0921	
0.1203	0.1159	0.1077	0.1054	0.1019	0.0993	0.0976	0.1006	0.1000	0.0977	0.0982	0.0997	0.0983	0.0969	0.0969	0.0951	0.0984	0.0978	0.0976	0.0953	0.0958	0.0976	0.0951	0.0955	0.0980	0.0999	0.0977	0.0954	0.0977	0.0946	0.0943	0.0940	0.0969	0.0963	0.0942	0.0936	0.0967	0.0960	0.0933	0.0962	0.0951	0.0948	0.0940	0.0933	0.0945	0.1009	0.0968	0.0951	0.0968	0.0946	0.0936	0.0942	0.0938	0.0959	0.0947	0.0960	0.0940	0.0929	0.0926	0.0928	0.0921	0.0940	0.0949	0.0935	
0.1203	0.1169	0.1065	0.1086	0.1052	0.1018	0.0951	0.1001	0.1001	0.0965	0.1018	0.1045	0.0966	0.0928	0.0926	0.0944	0.0964	0.0977	0.0970	0.0946	0.0967	0.0975	0.0949	0.0939	0.0978	0.0954	0.0949	0.0982	0.0966	0.0930	0.0930	0.0910	0.0932	0.0944	0.0957	0.0958	0.0972	0.0948	0.0944	0.0924	0.0924	0.0960	0.0985	0.0944	0.0970	0.0984	0.0983	0.0950	0.0941	0.0965	0.0980	0.0910	0.0914	0.0965	0.0954	0.0928	0.0949	0.0933	0.0944	0.0910	0.0905	0.0958	0.0928	0.0911	
0.1238	0.1156	0.1066	0.1003	0.1045	0.0940	0.0941	0.0979	0.0970	0.0956	0.0981	0.0932	0.0893	0.0898	0.0932	0.0904	0.1004	0.0974	0.1002	0.0912	0.0933	0.0889	0.0892	0.0894	0.1005	0.0975	0.0941	0.0890	0.0938	0.0888	0.0878	0.0892	0.0956	0.0967	0.0923	0.0900	0.0877	0.0896	0.0882	0.0899	0.0927	0.0938	0.0868	0.0901	0.0883	0.0933	0.0924	0.0906	0.0944	0.0935	0.0909	0.0912	0.0894	0.0873	0.0878	0.0913	0.0942	0.0896	0.0883	0.0879	0.0862	0.0884	0.0900	0.0866	
0.1305	0.1265	0.1113	0.1155	0.1047	0.1026	0.1019	0.1006	0.1054	0.1002	0.1028	0.1014	0.1000	0.0961	0.0956	0.0960	0.1028	0.1008	0.1022	0.0969	0.0972	0.0962	0.0945	0.0968	0.1058	0.1028	0.0977	0.0987	0.1010	0.0952	0.0941	0.0978	0.0987	0.0986	0.0967	0.0938	0.0973	0.0950	0.0936	0.0969	0.0976	0.0953	0.1021	0.0945	0.0963	0.0968	0.0946	0.0980	0.1017	0.0948	0.0942	0.0943	0.0990	0.0958	0.0950	0.1021	0.0942	0.0938	0.0928	0.0934	0.0926	0.0944	0.0981	0.0935	
0.1327	0.1283	0.1114	0.1091	0.1048	0.1031	0.0996	0.1017	0.1032	0.1004	0.1000	0.1003	0.0967	0.0946	0.0944	0.0952	0.1016	0.1005	0.1018	0.0959	0.0962	0.0938	0.0941	0.0944	0.1005	0.0973	0.0977	0.0949	0.0974	0.0938	0.0925	0.0933	0.0982	0.0962	0.0955	0.0917	0.0942	0.0931	0.0936	0.0945	0.0948	0.0945	0.0939	0.0928	0.0945	0.0955	0.0930	0.0945	0.0939	0.0950	0.0943	0.0924	0.0926	0.0936	0.0928	0.0948	0.1019	0.0911	0.0913	0.0928	0.0907	0.0927	0.0931	0.0918	
0.1413	0.1356	0.1154	0.1128	0.1060	0.1054	0.1002	0.1053	0.1064	0.1028	0.1031	0.1037	0.0992	0.0976	0.0956	0.0974	0.1041	0.1043	0.1025	0.0993	0.0992	0.0969	0.0959	0.0973	0.1034	0.1003	0.1001	0.0977	0.0997	0.0960	0.0948	0.0963	0.0982	0.0987	0.0974	0.0951	0.0965	0.0951	0.0954	0.0971	0.0967	0.0964	0.0952	0.0949	0.0968	0.0985	0.0949	0.0960	0.0962	0.0955	0.0946	0.0954	0.0948	0.0953	0.0948	0.0975	0.0944	0.0935	0.0926	0.0941	0.0935	0.0947	0.0959	0.0940	
0.1412	0.1368	0.1149	0.1091	0.1033	0.0993	0.0953	0.0981	0.1038	0.0997	0.0994	0.0979	0.0944	0.0927	0.0906	0.0920	0.1030	0.1001	0.0994	0.0937	0.0946	0.0918	0.0907	0.0917	0.0997	0.0961	0.0966	0.0932	0.0953	0.0901	0.0888	0.0902	0.0936	0.0943	0.0930	0.0891	0.0909	0.0901	0.0879	0.0919	0.0918	0.0979	0.0900	0.0892	0.0907	0.0936	0.0890	0.0904	0.0906	0.0913	0.0889	0.0896	0.0899	0.0896	0.0882	0.0914	0.0892	0.0881	0.0929	0.0879	0.0875	0.0901	0.0892	0.0885	
0.1549	0.1491	0.1191	0.1160	0.1095	0.1057	0.1007	0.1033	0.1113	0.1070	0.1059	0.1044	0.1005	0.0969	0.0960	0.0975	0.1106	0.1070	0.1046	0.0998	0.0995	0.0972	0.0960	0.0970	0.1071	0.1066	0.1018	0.0988	0.1006	0.0958	0.0941	0.0956	0.1002	0.1004	0.0981	0.0946	0.0970	0.1014	0.0942	0.0961	0.0977	0.0967	0.0950	0.0945	0.0959	0.0970	0.0954	0.0952	0.0953	0.0957	0.0940	0.0943	0.0948	0.0948	0.0953	0.0981	0.0946	0.0930	0.0920	0.0929	0.0921	0.0937	0.0956	0.0934	
0.1626	0.1572	0.1232	0.1177	0.1119	0.1128	0.1093	0.1106	0.1140	0.1095	0.1093	0.1054	0.1030	0.0976	0.1053	0.1001	0.1110	0.1117	0.1085	0.1032	0.1015	0.0975	0.1028	0.1023	0.1095	0.1045	0.1032	0.1004	0.1011	0.0950	0.1032	0.0995	0.1014	0.1008	0.0998	0.0947	0.0966	0.0953	0.1023	0.1058	0.0980	0.0984	0.0955	0.0954	0.0971	0.0968	0.1025	0.1044	0.0974	0.0951	0.0940	0.0947	0.0965	0.0948	0.0988	0.1000	0.0945	0.0935	0.0921	0.0920	0.0923	0.0945	0.0982	0.1021	
0.1744	0.1664	0.1268	0.1201	0.1070	0.1083	0.0967	0.1020	0.1211	0.1153	0.1099	0.1065	0.0987	0.0943	0.0914	0.0912	0.1157	0.1132	0.1141	0.1012	0.0987	0.0954	0.0911	0.0905	0.1098	0.1090	0.1092	0.0999	0.1024	0.0903	0.0904	0.0910	0.1017	0.1055	0.1032	0.0974	0.0963	0.0921	0.0908	0.0996	0.0979	0.0990	0.0945	0.0963	0.0972	0.0941	0.0947	0.0903	0.0974	0.0976	0.0943	0.0950	0.0897	0.0922	0.0908	0.0918	0.0968	0.0949	0.0904	0.0903	0.0915	0.0906	0.0911	0.0893	
0.1820	0.1736	0.1264	0.1219	0.1121	0.1072	0.0984	0.1036	0.1188	0.1130	0.1090	0.1048	0.0999	0.0973	0.0934	0.0935	0.1195	0.1149	0.1090	0.1016	0.1008	0.0934	0.0945	0.0939	0.1180	0.1067	0.1050	0.0985	0.1011	0.0920	0.0914	0.0919	0.1004	0.1008	0.0985	0.0921	0.0949	0.0919	0.0910	0.0934	0.0977	0.0943	0.0929	0.0922	0.0933	0.0945	0.0915	0.0926	0.0974	0.0920	0.0933	0.0927	0.0914	0.0913	0.0910	0.0932	0.0914	0.0930	0.0892	0.0892	0.0909	0.0906	0.0910	0.0903	
0.1988	0.1857	0.1316	0.1276	0.1158	0.1106	0.1033	0.1065	0.1278	0.1229	0.1153	0.1102	0.1041	0.0992	0.0970	0.0983	0.1231	0.1195	0.1144	0.1059	0.1045	0.0981	0.0969	0.0974	0.1185	0.1152	0.1098	0.1030	0.1036	0.0955	0.0942	0.0950	0.1037	0.1060	0.1035	0.0953	0.0976	0.0957	0.0938	0.0967	0.1013	0.1010	0.0969	0.0958	0.0961	0.0983	0.0950	0.0950	0.1028	0.0969	0.0942	0.0941	0.0950	0.0939	0.0945	0.0966	0.0949	0.0949	0.0920	0.0937	0.0919	0.0945	0.0947	0.0941	
0.2073	0.1936	0.1321	0.1285	0.1169	0.1082	0.1018	0.1088	0.1337	0.1223	0.1175	0.1089	0.1036	0.0977	0.0951	0.0966	0.1304	0.1213	0.1160	0.1072	0.1047	0.0963	0.0953	0.0948	0.1215	0.1121	0.1111	0.1021	0.1038	0.0976	0.0921	0.0934	0.1029	0.1055	0.1034	0.0944	0.0971	0.0937	0.0926	0.0942	0.1006	0.0975	0.0958	0.0939	0.0942	0.0958	0.0935	0.0938	0.0950	0.0937	0.0925	0.0927	0.0931	0.0923	0.0917	0.0946	0.0957	0.0914	0.0899	0.0908	0.0899	0.0918	0.0934	0.0911	
0.2228	0.2045	0.1354	0.1296	0.1224	0.1117	0.1079	0.1110	0.1416	0.1245	0.1197	0.1097	0.1113	0.0954	0.1022	0.1023	0.1297	0.1234	0.1166	0.1070	0.1123	0.0955	0.1019	0.0990	0.1234	0.1143	0.1122	0.1020	0.1101	0.0999	0.0982	0.0977	0.1022	0.1054	0.1024	0.0926	0.0979	0.0951	0.0982	0.0998	0.1002	0.0973	0.0932	0.0925	0.1006	0.1003	0.0986	0.0996	0.0933	0.0917	0.0904	0.0900	0.0972	0.0964	0.0966	0.1005	0.0909	0.0885	0.0879	0.0880	0.0961	0.0948	0.0961	0.0967	
0.2396	0.2205	0.1411	0.1338	0.1189	0.1062	0.1008	0.1005	0.1469	0.1328	0.1262	0.1151	0.1022	0.0947	0.0905	0.0897	0.1394	0.1259	0.1253	0.1109	0.1031	0.0917	0.0898	0.0879	0.1295	0.1175	0.1158	0.1030	0.1138	0.0876	0.0859	0.0890	0.1033	0.1120	0.1034	0.0940	0.0980	0.0893	0.0849	0.0877	0.1045	0.0940	0.0941	0.0936	0.0925	0.0904	0.0858	0.0869	0.0963	0.0955	0.0917	0.0880	0.0894	0.0914	0.0853	0.0909	0.0922	0.0921	0.0892	0.0924	0.0868	0.0913	0.0859	0.0889	
0.2541	0.2396	0.1439	0.1363	0.1222	0.1109	0.1013	0.1121	0.1537	0.1450	0.1300	0.1144	0.1066	0.0978	0.0939	0.0947	0.1466	0.1396	0.1255	0.1121	0.1080	0.0951	0.0952	0.0944	0.1357	0.1230	0.1214	0.1061	0.1047	0.0924	0.0906	0.0914	0.1092	0.1105	0.1061	0.0980	0.0966	0.0928	0.0903	0.0921	0.1024	0.0993	0.0948	0.0934	0.0932	0.0933	0.0907	0.0916	0.0937	0.0933	0.0905	0.0893	0.0903	0.0905	0.0894	0.0919	0.0912	0.0924	0.0872	0.0878	0.0875	0.0893	0.0913	0.0895	
0.2810	0.2586	0.1581	0.1449	0.1266	0.1167	0.1036	0.1066	0.1681	0.1536	0.1438	0.1192	0.1158	0.0989	0.0977	0.0963	0.1601	0.1497	0.1324	0.1179	0.1149	0.0982	0.0965	0.0973	0.1520	0.1346	0.1282	0.1158	0.1085	0.1008	0.0936	0.0917	0.1173	0.1212	0.1146	0.0974	0.0986	0.0929	0.0913	0.0937	0.1130	0.1032	0.0975	0.0962	0.0983	0.1002	0.0918	0.0913	0.0976	0.0982	0.0974	0.0957	0.0935	0.0909	0.0903	0.0934	0.0978	0.0962	0.0900	0.0935	0.0927	0.0925	0.0930	0.0922	
0.2990	0.2741	0.1546	0.1445	0.1250	0.1169	0.1056	0.1126	0.1731	0.1553	0.1439	0.1229	0.1103	0.1007	0.0985	0.0986	0.1630	0.1506	0.1346	0.1172	0.1113	0.1019	0.0996	0.0944	0.1475	0.1314	0.1284	0.1095	0.1074	0.0952	0.0919	0.0910	0.1108	0.1163	0.1109	0.0935	0.1030	0.0963	0.0917	0.0892	0.1085	0.0983	0.0949	0.0928	0.0961	0.0987	0.0881	0.0924	0.0959	0.0902	0.0884	0.0876	0.0935	0.0951	0.0898	0.0935	0.0899	0.0869	0.0854	0.0858	0.0924	0.0909	0.0899	0.0943	
0.3199	0.2995	0.1608	0.1517	0.1311	0.1174	0.1014	0.1102	0.1912	0.1774	0.1611	0.1325	0.1169	0.1002	0.0980	0.0953	0.1753	0.1694	0.1440	0.1296	0.1187	0.0955	0.0954	0.0947	0.1621	0.1463	0.1401	0.1166	0.1156	0.0922	0.0903	0.0919	0.1135	0.1250	0.1184	0.1005	0.1000	0.0908	0.0915	0.0914	0.1129	0.1082	0.1017	0.0944	0.0930	0.0922	0.0904	0.0904	0.0972	0.0960	0.0943	0.0889	0.0899	0.0892	0.0890	0.0910	0.0961	0.0928	0.0923	0.0868	0.0869	0.0882	0.0890	0.0883	
0.3485	0.3196	0.1754	0.1643	0.1394	0.1255	0.1086	0.1172	0.2102	0.1892	0.1739	0.1411	0.1245	0.1091	0.1013	0.1020	0.1936	0.1803	0.1523	0.1361	0.1270	0.1047	0.1011	0.1008	0.1755	0.1537	0.1513	0.1236	0.1200	0.1049	0.0972	0.0965	0.1222	0.1354	0.1259	0.1040	0.1065	0.1016	0.0952	0.0958	0.1181	0.1089	0.1035	0.1006	0.0986	0.1008	0.0952	0.0954	0.1005	0.0982	0.0951	0.0942	0.0949	0.0986	0.0947	0.0966	0.0965	0.0935	0.0925	0.0915	0.0922	0.0938	0.0948	0.0930	
0.3736	0.3428	0.1810	0.1664	0.1384	0.1220	0.1057	0.1135	0.2257	0.2019	0.1843	0.1442	0.1274	0.1031	0.0968	0.0992	0.2049	0.1924	0.1592	0.1381	0.1275	0.0993	0.0996	0.0980	0.1846	0.1619	0.1575	0.1250	0.1203	0.0962	0.0932	0.0944	0.1223	0.1376	0.1285	0.1020	0.1050	0.0934	0.0924	0.0937	0.1186	0.1103	0.1030	0.0995	0.0959	0.0939	0.0918	0.0927	0.0968	0.0953	0.0927	0.0907	0.0914	0.0899	0.0901	0.0928	0.0937	0.0904	0.0894	0.0888	0.0888	0.0900	0.0910	0.0898	
0.3967	0.3695	0.1909	0.1861	0.1522	0.1315	0.1164	0.1159	0.2505	0.2241	0.2034	0.1631	0.1423	0.1145	0.1082	0.1045	0.2256	0.2127	0.1773	0.1510	0.1430	0.1101	0.1101	0.1080	0.2048	0.1778	0.1726	0.1350	0.1352	0.1071	0.1026	0.1042	0.1322	0.1483	0.1396	0.1079	0.1139	0.1042	0.1013	0.1011	0.1265	0.1148	0.1085	0.1034	0.1061	0.1043	0.0972	0.0974	0.1012	0.0988	0.0954	0.0940	0.1027	0.1011	0.0982	0.0982	0.0964	0.0937	0.0916	0.0919	0.0964	0.0985	0.0960	0.0956	
0.4287	0.3946	0.2043	0.1845	0.1533	0.1307	0.1090	0.1187	0.2742	0.2470	0.2203	0.1650	0.1413	0.1087	0.1014	0.1028	0.2471	0.2356	0.1863	0.1632	0.1426	0.1036	0.1032	0.1015	0.2240	0.1907	0.1855	0.1405	0.1315	0.1010	0.0959	0.0952	0.1380	0.1573	0.1459	0.1117	0.1120	0.0947	0.0925	0.0959	0.1366	0.1201	0.1082	0.1051	0.0974	0.0961	0.0938	0.0938	0.1018	0.1055	0.0934	0.0917	0.0928	0.0921	0.0916	0.0946	0.0968	0.0983	0.0900	0.0902	0.0936	0.0921	0.0926	0.0919	
0.4502	0.4209	0.2120	0.1956	0.1572	0.1334	0.1118	0.1167	0.2963	0.2666	0.2360	0.1773	0.1523	0.1117	0.1026	0.1045	0.2653	0.2516	0.1916	0.1696	0.1516	0.1063	0.1052	0.1024	0.2398	0.2041	0.1981	0.1480	0.1404	0.1095	0.0972	0.0960	0.1442	0.1633	0.1532	0.1139	0.1162	0.0972	0.0942	0.0982	0.1380	0.1208	0.1109	0.1056	0.1004	0.0988	0.0933	0.0953	0.1009	0.0975	0.0939	0.0925	0.0958	0.0944	0.0929	0.0946	0.0967	0.0911	0.0907	0.0904	0.0926	0.0936	0.0930	0.0923	
0.4775	0.4453	0.2236	0.2031	0.1584	0.1351	0.1106	0.1206	0.3291	0.2875	0.2599	0.1888	0.1571	0.1118	0.1034	0.1043	0.2899	0.2703	0.2056	0.1845	0.1568	0.1049	0.1050	0.1032	0.2590	0.2227	0.2147	0.1600	0.1440	0.1004	0.0957	0.0946	0.1533	0.1778	0.1633	0.1189	0.1158	0.0955	0.0930	0.0940	0.1449	0.1252	0.1130	0.1080	0.0987	0.0953	0.0921	0.0927	0.1007	0.0980	0.0935	0.0933	0.0920	0.0915	0.0918	0.0939	0.0947	0.0919	0.0893	0.0906	0.0895	0.0910	0.0925	0.0906	
0.5017	0.4740	0.2379	0.2176	0.1741	0.1476	0.1231	0.1224	0.3620	0.3203	0.2836	0.2090	0.1737	0.1249	0.1135	0.1137	0.3176	0.3021	0.2175	0.2028	0.1804	0.1170	0.1186	0.1082	0.2819	0.2444	0.2346	0.1702	0.1615	0.1123	0.1068	0.1063	0.1683	0.1957	0.1778	0.1263	0.1301	0.1065	0.1032	0.1032	0.1562	0.1330	0.1180	0.1121	0.1102	0.1064	0.1013	0.1041	0.1040	0.1033	0.0959	0.0951	0.1026	0.1014	0.1026	0.1029	0.0973	0.0976	0.0922	0.0921	0.0995	0.1008	0.1016	0.0998	
0.5279	0.4991	0.2504	0.2276	0.1716	0.1352	0.1098	0.1138	0.3893	0.3453	0.3111	0.2259	0.1790	0.1109	0.1008	0.1048	0.3466	0.3246	0.2339	0.2123	0.1779	0.1039	0.1055	0.1028	0.3084	0.2652	0.2542	0.1840	0.1581	0.0992	0.0937	0.0919	0.1765	0.2119	0.1897	0.1298	0.1173	0.0910	0.0890	0.0906	0.1670	0.1375	0.1221	0.1118	0.1000	0.0910	0.0890	0.0893	0.1054	0.1014	0.0953	0.0897	0.0917	0.0884	0.0874	0.0894	0.0961	0.0924	0.0894	0.0893	0.0844	0.0856	0.0873	0.0863	
0.5442	0.5207	0.2640	0.2395	0.1780	0.1435	0.1129	0.1176	0.4111	0.3781	0.3359	0.2413	0.1950	0.1183	0.1068	0.1088	0.3698	0.3471	0.2470	0.2360	0.1914	0.1106	0.1099	0.1063	0.3346	0.2843	0.2762	0.1955	0.1718	0.1032	0.0978	0.0945	0.1885	0.2282	0.2044	0.1376	0.1268	0.0956	0.0917	0.0940	0.1753	0.1454	0.1238	0.1153	0.1005	0.0935	0.0929	0.0923	0.1040	0.1002	0.0932	0.0912	0.0921	0.0902	0.0911	0.0940	0.0952	0.0910	0.0907	0.0889	0.0886	0.0908	0.0901	0.0896	
0.5686	0.5413	0.2880	0.2561	0.1887	0.1530	0.1191	0.1240	0.4367	0.4100	0.3665	0.2680	0.2110	0.1255	0.1121	0.1148	0.4046	0.3836	0.2704	0.2629	0.2072	0.1162	0.1183	0.1137	0.3670	0.3164	0.3089	0.2189	0.1886	0.1091	0.1027	0.0991	0.2123	0.2513	0.2271	0.1519	0.1366	0.0995	0.0965	0.0992	0.1975	0.1592	0.1325	0.1228	0.1045	0.0981	0.0962	0.0964	0.1082	0.1039	0.0974	0.0948	0.0952	0.0936	0.0937	0.0959	0.1028	0.0946	0.0912	0.0914	0.0916	0.0930	0.0943	0.0941	
0.5913	0.5722	0.3058	0.2715	0.1981	0.1560	0.1192	0.1234	0.4601	0.4387	0.3967	0.2894	0.2293	0.1298	0.1135	0.1193	0.4379	0.4133	0.3632	0.2866	0.2251	0.1192	0.1183	0.1158	0.3908	0.3440	0.3348	0.2380	0.2034	0.1114	0.1030	0.0994	0.2289	0.2740	0.2459	0.1622	0.1419	0.1003	0.0965	0.0989	0.2098	0.1728	0.1402	0.1261	0.1037	0.1014	0.0945	0.0958	0.1095	0.1057	0.0977	0.0943	0.0955	0.0938	0.0930	0.0961	0.0999	0.0942	0.0914	0.0922	0.0945	0.0931	0.0940	0.0925	
0.6131	0.5906	0.3246	0.2871	0.2076	0.1609	0.1202	0.1314	0.4858	0.4596	0.4210	0.3184	0.2492	0.1351	0.1147	0.1217	0.4664	0.4448	0.3095	0.3120	0.2438	0.1249	0.1250	0.1195	0.4263	0.3750	0.3661	0.2632	0.2198	0.1144	0.1070	0.1006	0.2542	0.2995	0.2698	0.1807	0.1491	0.1010	0.0971	0.0999	0.2310	0.1847	0.1483	0.1332	0.1068	0.0973	0.0959	0.0960	0.1116	0.1077	0.0984	0.0947	0.0958	0.0942	0.0938	0.0971	0.0987	0.0945	0.0912	0.0919	0.0918	0.0931	0.0933	0.0931	
0.6411	0.6204	0.3456	0.3079	0.2179	0.1690	0.1233	0.1269	0.5044	0.4845	0.4420	0.3397	0.2676	0.1410	0.1181	0.1244	0.4913	0.4756	0.3726	0.3422	0.2631	0.1289	0.1294	0.1225	0.4573	0.4110	0.3969	0.2892	0.2413	0.1173	0.1069	0.1015	0.2832	0.3291	0.2956	0.1947	0.1566	0.1015	0.0985	0.0997	0.2525	0.2013	0.1571	0.1407	0.1064	0.0974	0.0956	0.0976	0.1133	0.1085	0.0977	0.0947	0.0955	0.0934	0.0936	0.0959	0.0985	0.0937	0.0908	0.0912	0.0918	0.0922	0.0933	0.0960	
0.6653	0.6446	0.3638	0.3282	0.2292	0.1744	0.1246	0.1307	0.5279	0.5067	0.4644	0.3617	0.2883	0.1451	0.1202	0.1289	0.5135	0.5031	0.3587	0.3677	0.2881	0.1318	0.1337	0.1269	0.4859	0.4380	0.4223	0.3152	0.2655	0.1191	0.1075	0.1024	0.3103	0.3586	0.3222	0.2126	0.1675	0.1009	0.0967	0.0992	0.2788	0.2221	0.1692	0.1490	0.1075	0.0958	0.0955	0.0952	0.1182	0.1109	0.0989	0.0943	0.0945	0.0925	0.0924	0.0948	0.0988	0.0937	0.0906	0.0918	0.0899	0.0911	0.0927	0.0922	
0.6838	0.6692	0.3897	0.3422	0.2366	0.1789	0.1231	0.1343	0.5478	0.5232	0.4877	0.3825	0.3113	0.1512	0.1260	0.1318	0.5397	0.5241	0.3859	0.3962	0.3130	0.1375	0.1397	0.1324	0.5044	0.4699	0.4532	0.3398	0.2830	0.1226	0.1082	0.1035	0.3475	0.3940	0.3568	0.2351	0.1783	0.1036	0.0972	0.0971	0.3035	0.2417	0.1814	0.1546	0.1084	0.0943	0.0914	0.0946	0.1154	0.1117	0.0963	0.0904	0.0923	0.0925	0.0886	0.0924	0.0985	0.0928	0.0891	0.0910	0.0897	0.0921	0.0916	0.0894	
0.6931	0.6801	0.4153	0.3648	0.2494	0.1836	0.1256	0.1302	0.5602	0.5448	0.5070	0.4132	0.3394	0.1585	0.1244	0.1382	0.5583	0.5409	0.4022	0.4221	0.3356	0.1423	0.1406	0.1357	0.5242	0.4910	0.4796	0.3695	0.3090	0.1283	0.1119	0.1028	0.3735	0.4224	0.3816	0.2579	0.1886	0.1029	0.0957	0.0990	0.3241	0.2624	0.1943	0.1656	0.1122	0.0940	0.0921	0.0946	0.1178	0.1117	0.0976	0.0916	0.0948	0.0886	0.0876	0.0957	0.0962	0.0910	0.0898	0.0898	0.0871	0.0886	0.0933	0.0892	
0.7066	0.6997	0.4435	0.3832	0.2710	0.1928	0.1261	0.1384	0.5881	0.5665	0.5270	0.4339	0.3652	0.1701	0.1291	0.1516	0.5851	0.5727	0.4384	0.4462	0.3721	0.1487	0.1539	0.1482	0.5616	0.5230	0.5085	0.4057	0.3446	0.1325	0.1110	0.1026	0.4197	0.4553	0.4269	0.2852	0.2145	0.1034	0.0968	0.0996	0.3739	0.2986	0.2150	0.1853	0.1155	0.0963	0.0942	0.0923	0.1244	0.1220	0.1011	0.0940	0.0921	0.0911	0.0891	0.0913	0.1046	0.0959	0.0871	0.0894	0.0875	0.0927	0.0918	0.0891	
0.7061	0.7059	0.4635	0.4114	0.2830	0.2012	0.1327	0.1390	0.6027	0.5862	0.5448	0.4667	0.3878	0.1809	0.1348	0.1475	0.6019	0.5882	0.4584	0.4808	0.3957	0.1578	0.1616	0.1477	0.5800	0.5425	0.5232	0.4327	0.3653	0.1374	0.1152	0.1055	0.4521	0.4838	0.4473	0.3089	0.2274	0.1060	0.0962	0.0992	0.4002	0.3241	0.2337	0.1976	0.1172	0.0963	0.0928	0.0924	0.1302	0.1232	0.0982	0.0913	0.0922	0.0900	0.0892	0.0918	0.1026	0.0950	0.0886	0.0889	0.0883	0.0890	0.0896	0.0880	
0.7221	0.7076	0.4932	0.4399	0.3006	0.2163	0.1331	0.1415	0.6218	0.5998	0.5638	0.4886	0.4137	0.1917	0.1414	0.1529	0.6194	0.6087	0.5497	0.5017	0.4219	0.1665	0.1719	0.1535	0.6061	0.5678	0.5442	0.4537	0.3903	0.1452	0.1180	0.1063	0.4759	0.5088	0.4776	0.3427	0.2436	0.1067	0.0977	0.1004	0.4266	0.3560	0.2542	0.2134	0.1203	0.0972	0.0931	0.0943	0.1349	0.1284	0.1009	0.0934	0.0946	0.0917	0.0909	0.0927	0.1027	0.0943	0.0899	0.0916	0.0888	0.0906	0.0903	0.0902	
0.7184	0.7131	0.5141	0.4639	0.3188	0.2243	0.1380	0.1445	0.6291	0.6186	0.5748	0.5095	0.4363	0.2068	0.1483	0.1628	0.6331	0.6227	0.5814	0.5301	0.4520	0.1812	0.1796	0.1625	0.6169	0.5894	0.5650	0.4811	0.4212	0.1552	0.1236	0.1094	0.4963	0.5333	0.5014	0.3709	0.2695	0.1128	0.0986	0.1011	0.4547	0.3784	0.2758	0.2336	0.1255	0.0973	0.0950	0.0948	0.1410	0.1333	0.1034	0.0918	0.0943	0.0919	0.0905	0.0920	0.1051	0.0930	0.0908	0.0890	0.0886	0.0905	0.0904	0.0908	
0.7121	0.7057	0.5331	0.4842	0.3318	0.2324	0.1394	0.1463	0.6322	0.6202	0.5889	0.5241	0.4567	0.2221	0.1531	0.1720	0.6301	0.6332	0.5288	0.5484	0.4710	0.1890	0.1960	0.1713	0.6316	0.6058	0.5800	0.5078	0.4470	0.1645	0.1269	0.1109	0.5272	0.5549	0.5270	0.4021	0.2966	0.1099	0.0997	0.1013	0.4805	0.4098	0.2993	0.2506	0.1293	0.0963	0.0933	0.0911	0.1468	0.1374	0.1023	0.0914	0.0919	0.0886	0.0881	0.0892	0.1016	0.0948	0.0882	0.0877	0.0880	0.0871	0.0876	0.0876	
0.7165	0.7142	0.5588	0.5118	0.3570	0.2451	0.1417	0.1501	0.6389	0.6293	0.5969	0.5458	0.4783	0.2381	0.1695	0.1863	0.6380	0.6377	0.5488	0.5645	0.4864	0.2035	0.2161	0.1887	0.6382	0.6248	0.6023	0.5348	0.4708	0.1725	0.1381	0.1155	0.5485	0.5790	0.5493	0.4388	0.3315	0.1137	0.1016	0.1026	0.5066	0.4419	0.3399	0.2798	0.1375	0.0987	0.0927	0.0928	0.1569	0.1481	0.1031	0.0931	0.0940	0.0882	0.0931	0.0926	0.1037	0.0942	0.0913	0.0888	0.0875	0.0881	0.0905	0.0895	
0.7183	0.7162	0.5802	0.5380	0.3784	0.2628	0.1498	0.1580	0.6391	0.6301	0.6048	0.5743	0.5054	0.2625	0.1798	0.2056	0.6465	0.6426	0.5808	0.5909	0.5157	0.2260	0.2294	0.2074	0.6440	0.6357	0.6167	0.5569	0.4950	0.1922	0.1447	0.1211	0.5788	0.6035	0.5726	0.4718	0.3601	0.1257	0.1071	0.1091	0.5359	0.4756	0.3691	0.3137	0.1466	0.1016	0.0971	0.0978	0.1714	0.1600	0.1085	0.0983	0.0999	0.0933	0.0965	0.0933	0.1102	0.1008	0.0945	0.0954	0.0911	0.0915	0.0933	0.0917	
0.7186	0.7179	0.6059	0.5593	0.3953	0.2737	0.1512	0.1570	0.6382	0.6313	0.6034	0.5940	0.5208	0.2806	0.1913	0.2206	0.6440	0.6496	0.6605	0.6022	0.5264	0.2389	0.2472	0.2262	0.6483	0.6443	0.6191	0.5740	0.5154	0.2008	0.1484	0.1238	0.5935	0.6177	0.5910	0.4926	0.3880	0.1230	0.1060	0.1089	0.5553	0.5060	0.3933	0.3431	0.1517	0.0970	0.0932	0.0953	0.1778	0.1692	0.1108	0.0930	0.0968	0.0888	0.0904	0.0923	0.1096	0.0952	0.0909	0.0890	0.0909	0.0898	0.0904	0.0893	
0.7237	0.7134	0.6264	0.5729	0.4135	0.2852	0.1481	0.1657	0.6419	0.6261	0.6110	0.5964	0.5368	0.2984	0.1994	0.2318	0.6459	0.6447	0.5741	0.6037	0.5385	0.2559	0.2640	0.2411	0.6438	0.6416	0.6272	0.5846	0.5337	0.2159	0.1499	0.1257	0.5989	0.6182	0.6046	0.5140	0.4113	0.1259	0.1023	0.1084	0.5663	0.5208	0.4224	0.3720	0.1553	0.0957	0.0929	0.0944	0.1843	0.1768	0.1101	0.0884	0.0949	0.0886	0.0853	0.0874	0.1098	0.0960	0.0870	0.0843	0.0834	0.0842	0.0853	0.0855	
0.7275	0.7171	0.6466	0.5995	0.4381	0.3057	0.1605	0.1746	0.6380	0.6237	0.6082	0.6103	0.5612	0.3221	0.2165	0.2545	0.6459	0.6440	0.5759	0.6116	0.5532	0.2770	0.2842	0.2600	0.6468	0.6428	0.6274	0.6018	0.5516	0.2380	0.1661	0.1313	0.6101	0.6256	0.6149	0.5383	0.4377	0.1329	0.1072	0.1136	0.5875	0.5447	0.4484	0.3947	0.1716	0.0987	0.0941	0.0947	0.1967	0.1886	0.1123	0.0913	0.0947	0.0894	0.0890	0.0912	0.1075	0.0927	0.0871	0.0867	0.0866	0.0876	0.0883	0.0876	
0.7224	0.7206	0.6630	0.6228	0.4606	0.3231	0.1612	0.1705	0.6382	0.6297	0.6065	0.6163	0.5765	0.3467	0.2283	0.2743	0.6499	0.6480	0.5781	0.6181	0.5640	0.2999	0.3041	0.2831	0.6465	0.6482	0.6318	0.6131	0.5657	0.2496	0.1748	0.1339	0.6180	0.6367	0.6229	0.5576	0.4614	0.1384	0.1098	0.1149	0.6050	0.5705	0.4808	0.4288	0.1814	0.0988	0.0929	0.0922	0.2157	0.2038	0.1136	0.0924	0.0962	0.0885	0.0864	0.0870	0.1094	0.0952	0.0877	0.0869	0.0868	0.0859	0.0859	0.0836	
0.7222	0.7218	0.6744	0.6496	0.4893	0.3384	0.1679	0.1806	0.6371	0.6280	0.6122	0.6211	0.5953	0.3747	0.2486	0.2953	0.6429	0.6467	0.5761	0.6204	0.5747	0.3222	0.3378	0.3066	0.6424	0.6530	0.6335	0.6192	0.5837	0.2761	0.1900	0.1452	0.6183	0.6365	0.6269	0.5753	0.4927	0.1461	0.1160	0.1224	0.6151	0.5884	0.5071	0.4597	0.1994	0.1017	0.0982	0.0948	0.2258	0.2178	0.1175	0.0952	0.0989	0.0896	0.0902	0.0915	0.1087	0.0961	0.0907	0.0893	0.0897	0.0869	0.0897	0.0897	
0.7229	0.7284	0.6852	0.6646	0.5045	0.3631	0.1745	0.1908	0.6354	0.6330	0.6138	0.6259	0.6043	0.4032	0.2643	0.3102	0.6489	0.6517	0.5992	0.6220	0.5847	0.3486	0.3544	0.3267	0.6487	0.6508	0.6374	0.6294	0.5864	0.3035	0.2051	0.1528	0.6277	0.6387	0.6298	0.5916	0.5112	0.1535	0.1165	0.1263	0.6200	0.6084	0.5269	0.4826	0.2163	0.1009	0.0983	0.0958	0.2507	0.2440	0.1255	0.0972	0.0984	0.0930	0.0929	0.0914	0.1130	0.0954	0.0879	0.0896	0.0870	0.0882	0.0924	0.0900	
0.7305	0.7176	0.6887	0.6783	0.5315	0.3738	0.1791	0.1953	0.6418	0.6289	0.6122	0.6217	0.6049	0.4239	0.2837	0.3417	0.6448	0.6477	0.5861	0.6229	0.5839	0.3730	0.3781	0.3623	0.6478	0.6538	0.6349	0.6229	0.5932	0.3211	0.2206	0.1627	0.6271	0.6379	0.6311	0.6031	0.5275	0.1631	0.1195	0.1299	0.6270	0.6141	0.5487	0.5140	0.2374	0.0985	0.0957	0.0928	0.2677	0.2580	0.1283	0.0926	0.0975	0.0903	0.0882	0.0890	0.1164	0.0965	0.0901	0.0861	0.0842	0.0881	0.0873	0.0845	
0.7260	0.7288	0.6916	0.6879	0.5547	0.4023	0.1918	0.2042	0.6403	0.6356	0.6165	0.6334	0.6097	0.4518	0.3097	0.3746	0.6523	0.6554	0.5910	0.6231	0.5848	0.4106	0.4076	0.3912	0.6543	0.6589	0.6376	0.6266	0.5946	0.3492	0.2427	0.1741	0.6316	0.6391	0.6328	0.6140	0.5416	0.1765	0.1317	0.1380	0.6334	0.6278	0.5709	0.5375	0.2619	0.1071	0.0990	0.0960	0.2949	0.2884	0.1371	0.0948	0.1028	0.0907	0.0885	0.0911	0.1238	0.0981	0.0914	0.0869	0.0902	0.0887	0.0884	0.0863	
0.7332	0.7292	0.6915	0.6859	0.5707	0.4169	0.1953	0.2139	0.6416	0.6350	0.6143	0.6293	0.6100	0.4736	0.3305	0.3958	0.6509	0.6546	0.5927	0.6235	0.5843	0.4268	0.4433	0.4116	0.6486	0.6560	0.6320	0.6283	0.6020	0.3695	0.2653	0.1890	0.6303	0.6426	0.6279	0.6199	0.5624	0.1880	0.1391	0.1466	0.6306	0.6315	0.5834	0.5595	0.2869	0.1018	0.1014	0.0954	0.3188	0.3145	0.1414	0.0954	0.0986	0.0875	0.0905	0.0899	0.1244	0.0978	0.0885	0.0883	0.0867	0.0864	0.0879	0.0877	
0.7337	0.7293	0.6998	0.6955	0.6028	0.4472	0.2115	0.2219	0.6425	0.6395	0.6158	0.6353	0.6169	0.5120	0.3568	0.4293	0.6521	0.6538	0.6008	0.6245	0.5966	0.4704	0.4698	0.4480	0.6518	0.6581	0.6402	0.6361	0.6091	0.3974	0.2923	0.2098	0.6324	0.6440	0.6318	0.6278	0.5766	0.2111	0.1509	0.1591	0.6324	0.6361	0.6010	0.5831	0.3182	0.1111	0.1066	0.1021	0.3476	0.3432	0.1540	0.1000	0.1074	0.0945	0.0944	0.0959	0.1294	0.1025	0.0943	0.0929	0.0922	0.0925	0.0937	0.0924	
0.7312	0.7329	0.7036	0.7003	0.6267	0.4689	0.2189	0.2352	0.6472	0.6412	0.6217	0.6406	0.6147	0.5369	0.3845	0.4611	0.6552	0.6584	0.6049	0.6295	0.5962	0.4894	0.4977	0.4780	0.6564	0.6606	0.6401	0.6392	0.6065	0.4228	0.3171	0.2291	0.6323	0.6464	0.6351	0.6310	0.5864	0.2232	0.1576	0.1699	0.6344	0.6370	0.6113	0.5996	0.3418	0.1128	0.1079	0.1033	0.3747	0.3689	0.1623	0.1006	0.1079	0.0940	0.0940	0.0957	0.1334	0.1032	0.0933	0.0927	0.0916	0.0921	0.0937	0.0936	
0.7369	0.7364	0.7051	0.7003	0.6487	0.4968	0.2354	0.2502	0.6438	0.6399	0.6265	0.6395	0.6177	0.5586	0.4125	0.4866	0.6556	0.6608	0.6065	0.6258	0.5958	0.5195	0.5260	0.5119	0.6553	0.6623	0.6454	0.6389	0.6116	0.4524	0.3452	0.2580	0.6368	0.6468	0.6406	0.6337	0.5970	0.2440	0.1734	0.1835	0.6358	0.6542	0.6178	0.6129	0.3665	0.1158	0.1169	0.1096	0.4088	0.4035	0.1723	0.1015	0.1105	0.0938	0.1004	0.0995	0.1385	0.1050	0.0945	0.0927	0.0921	0.0924	0.0958	0.0970	
0.7432	0.7398	0.7122	0.7032	0.6603	0.5186	0.2326	0.2553	0.6496	0.6438	0.6313	0.6427	0.6215	0.5777	0.4239	0.4995	0.6583	0.6590	0.6123	0.6206	0.5953	0.5351	0.5319	0.5203	0.6578	0.6583	0.6424	0.6384	0.6154	0.4729	0.3577	0.2688	0.6343	0.6426	0.6417	0.6285	0.6082	0.2559	0.1774	0.1843	0.6338	0.6388	0.6161	0.6177	0.3930	0.1115	0.1086	0.1030	0.4329	0.4323	0.1822	0.0995	0.1072	0.0879	0.0920	0.0911	0.1409	0.1035	0.0901	0.0897	0.0862	0.0873	0.0881	0.0885	
0.7393	0.7430	0.7108	0.7057	0.6666	0.5295	0.2498	0.2686	0.6541	0.6455	0.6299	0.6432	0.6286	0.5902	0.4545	0.5250	0.6600	0.6625	0.6191	0.6310	0.6035	0.5592	0.5490	0.5581	0.6597	0.6593	0.6481	0.6434	0.6154	0.4936	0.3942	0.2817	0.6357	0.6484	0.6430	0.6355	0.6138	0.2722	0.1899	0.2008	0.6421	0.6430	0.6197	0.6232	0.4157	0.1178	0.1098	0.1012	0.4659	0.4553	0.1973	0.0987	0.1157	0.0946	0.0915	0.0907	0.1479	0.1068	0.0937	0.0928	0.0886	0.0906	0.0919	0.0873	
0.7442	0.7476	0.7065	0.7077	0.6770	0.5657	0.2595	0.2901	0.6534	0.6497	0.6313	0.6444	0.6256	0.6161	0.4813	0.5604	0.6630	0.6672	0.6215	0.6304	0.6050	0.5799	0.5788	0.5731	0.6632	0.6640	0.6460	0.6413	0.6164	0.5151	0.4155	0.3095	0.6418	0.6524	0.6428	0.6341	0.6086	0.2968	0.2038	0.2204	0.6441	0.6428	0.6189	0.6274	0.4404	0.1240	0.1167	0.1072	0.4893	0.4817	0.2101	0.1039	0.1175	0.0942	0.0946	0.0939	0.1576	0.1090	0.0950	0.0938	0.0941	0.0925	0.0926	0.0909	
0.7532	0.7468	0.7166	0.7104	0.6843	0.5738	0.2768	0.3013	0.6603	0.6528	0.6359	0.6446	0.6260	0.6281	0.5079	0.5714	0.6704	0.6734	0.6188	0.6294	0.6036	0.5961	0.5861	0.5964	0.6665	0.6679	0.6537	0.6408	0.6185	0.5318	0.4374	0.3291	0.6453	0.6505	0.6453	0.6344	0.6095	0.3215	0.2197	0.2361	0.6460	0.6480	0.6239	0.6308	0.4669	0.1284	0.1188	0.1085	0.5160	0.5057	0.2250	0.1082	0.1200	0.0928	0.0936	0.0944	0.1698	0.1115	0.0952	0.0937	0.0910	0.0919	0.0914	0.0970	
0.7585	0.7507	0.7189	0.7167	0.6858	0.5938	0.2916	0.3185	0.6631	0.6531	0.6409	0.6472	0.6294	0.6323	0.5238	0.5878	0.6698	0.6725	0.6237	0.6315	0.6080	0.6088	0.5932	0.6070	0.6714	0.6721	0.6582	0.6401	0.6199	0.5521	0.4620	0.3565	0.6454	0.6527	0.6474	0.6369	0.6199	0.3489	0.2378	0.2566	0.6413	0.6439	0.6249	0.6284	0.5001	0.1318	0.1240	0.1111	0.5360	0.5259	0.2423	0.1068	0.1269	0.0949	0.0970	0.0964	0.1734	0.1166	0.0970	0.0944	0.0927	0.0921	0.0960	0.0941	
0.7506	0.7556	0.7148	0.7092	0.6848	0.6178	0.3054	0.3373	0.6596	0.6494	0.6384	0.6450	0.6276	0.6312	0.5481	0.6163	0.6722	0.6734	0.6384	0.6306	0.6113	0.6150	0.5953	0.6259	0.6668	0.6679	0.6570	0.6369	0.6227	0.5710	0.4883	0.3822	0.6511	0.6543	0.6486	0.6343	0.6157	0.3774	0.2579	0.2757	0.6434	0.6449	0.6209	0.6253	0.5129	0.1418	0.1290	0.1130	0.5532	0.5463	0.2605	0.1107	0.1288	0.0965	0.0950	0.0953	0.1821	0.1145	0.0971	0.0960	0.0934	0.0928	0.0946	0.0928	
0.7538	0.7525	0.7167	0.7103	0.6906	0.6367	0.3242	0.3506	0.6620	0.6522	0.6406	0.6465	0.6253	0.6245	0.5781	0.6228	0.6703	0.6777	0.6350	0.6323	0.6139	0.6102	0.6056	0.6269	0.6734	0.6678	0.6557	0.6384	0.6247	0.5632	0.5168	0.4212	0.6478	0.6588	0.6514	0.6355	0.6190	0.3968	0.2773	0.3027	0.6486	0.6476	0.6253	0.6319	0.5377	0.1437	0.1336	0.1189	0.5721	0.5643	0.2813	0.1104	0.1350	0.0946	0.0996	0.0987	0.1935	0.1192	0.0972	0.0956	0.0929	0.0923	0.0937	0.0927	
0.7647	0.7562	0.7198	0.7123	0.6891	0.6562	0.3373	0.3670	0.6683	0.6607	0.6447	0.6507	0.6258	0.6313	0.5812	0.6383	0.6802	0.6765	0.6455	0.6353	0.6103	0.6231	0.6077	0.6287	0.6744	0.6764	0.6600	0.6427	0.6172	0.5683	0.5327	0.4395	0.6526	0.6573	0.6520	0.6351	0.6216	0.4222	0.3034	0.3181	0.6456	0.6449	0.6247	0.6327	0.5627	0.1488	0.1377	0.1172	0.5852	0.5779	0.3028	0.1126	0.1399	0.0946	0.0961	0.0949	0.2060	0.1202	0.0979	0.0944	0.0922	0.0914	0.0936	0.0919	
0.7650	0.7599	0.7248	0.7262	0.6940	0.6686	0.3545	0.3892	0.6752	0.6647	0.6519	0.6527	0.6293	0.6335	0.6015	0.6447	0.6838	0.6792	0.6559	0.6402	0.6094	0.6254	0.6176	0.6375	0.6808	0.6761	0.6656	0.6501	0.6199	0.5828	0.5553	0.4701	0.6533	0.6616	0.6554	0.6424	0.6163	0.4507	0.3207	0.3424	0.6470	0.6494	0.6274	0.6357	0.5721	0.1610	0.1478	0.1243	0.5955	0.5908	0.3258	0.1172	0.1478	0.0985	0.0987	0.0990	0.2180	0.1250	0.1012	0.0977	0.0955	0.0954	0.0965	0.0984	
