0.0876	0.0877	0.0881	0.0862	0.0866	0.0923	0.0931	0.0925	0.0870	0.0881	0.0884	0.0914	0.0874	0.0909	0.0915	0.0910	0.0872	0.0871	0.0883	0.0889	0.0876	0.0898	0.0897	0.0905	0.0874	0.0880	0.0890	0.0898	0.0869	0.0929	0.0990	0.0954	0.0872	0.0887	0.0898	0.0889	0.0876	0.1177	0.1302	0.1272	0.0885	0.0892	0.0891	0.0893	0.0875	0.1413	0.1566	0.1529	0.0882	0.0883	0.0877	0.0887	0.0899	0.1421	0.1635	0.1622	0.0924	0.0901	0.0901	0.0907	0.0882	0.1383	0.1267	0.1320	
0.0876	0.0879	0.0883	0.0871	0.0887	0.0873	0.0885	0.0865	0.0877	0.0875	0.0877	0.0875	0.0886	0.0858	0.0872	0.0871	0.0864	0.0877	0.0880	0.0891	0.0893	0.0853	0.0855	0.0856	0.0880	0.0881	0.0886	0.0896	0.0878	0.0877	0.0859	0.0876	0.0865	0.0891	0.0898	0.0903	0.0896	0.0899	0.0889	0.0876	0.0886	0.0891	0.0897	0.0899	0.0892	0.0868	0.0892	0.0878	0.0879	0.0897	0.0902	0.0903	0.0906	0.0899	0.0900	0.0870	0.0919	0.0900	0.0907	0.0907	0.0912	0.0910	0.0899	0.0901	
0.0880	0.0879	0.0880	0.0878	0.0884	0.0907	0.0886	0.0892	0.0877	0.0878	0.0885	0.0879	0.0885	0.0939	0.0908	0.0891	0.0862	0.0874	0.0874	0.0885	0.0879	0.0924	0.0920	0.0923	0.0881	0.0877	0.0888	0.0889	0.0875	0.0911	0.0917	0.0902	0.0882	0.0889	0.0904	0.0897	0.0900	0.0916	0.0928	0.0926	0.0885	0.0893	0.0896	0.0898	0.0883	0.0911	0.0923	0.0886	0.0880	0.0901	0.0903	0.0914	0.0914	0.0910	0.0919	0.0888	0.0910	0.0907	0.0926	0.0908	0.0912	0.0895	0.0913	0.0909	
0.0880	0.0885	0.0882	0.0881	0.0889	0.0921	0.0921	0.0912	0.0878	0.0879	0.0886	0.0883	0.0886	0.0896	0.0896	0.0905	0.0863	0.0873	0.0877	0.0887	0.0911	0.0884	0.0898	0.0897	0.0874	0.0883	0.0891	0.0894	0.0881	0.0912	0.0907	0.0909	0.0857	0.0900	0.0897	0.0907	0.0897	0.0893	0.0915	0.0980	0.0873	0.0886	0.0891	0.0897	0.0879	0.0905	0.0912	0.0904	0.0867	0.0899	0.0898	0.0904	0.0915	0.0915	0.0923	0.0907	0.0919	0.0904	0.0918	0.0904	0.0917	0.0916	0.0926	0.0916	
0.0882	0.0886	0.0885	0.0879	0.0887	0.0910	0.0908	0.0905	0.0884	0.0882	0.0887	0.0886	0.0888	0.0895	0.0904	0.0915	0.0870	0.0877	0.0877	0.0896	0.0893	0.0896	0.0902	0.0901	0.0874	0.0884	0.0891	0.0900	0.0882	0.0906	0.0912	0.0912	0.0857	0.0886	0.0899	0.0901	0.0892	0.0954	0.0939	0.0901	0.0880	0.0895	0.0899	0.0898	0.0881	0.0952	0.0960	0.0964	0.0874	0.0901	0.0897	0.0918	0.0915	0.0957	0.0979	0.0960	0.0916	0.0905	0.0919	0.0910	0.0916	0.0959	0.0962	0.0974	
0.0883	0.0886	0.0887	0.0882	0.0894	0.0929	0.0912	0.0903	0.0883	0.0880	0.0892	0.0886	0.0894	0.0907	0.0894	0.0910	0.0868	0.0876	0.0883	0.0887	0.0908	0.0879	0.0915	0.0908	0.0877	0.0879	0.0889	0.0892	0.0885	0.0915	0.0900	0.0913	0.0864	0.0885	0.0901	0.0898	0.0894	0.0897	0.0895	0.0915	0.0881	0.0888	0.0895	0.0896	0.0882	0.0873	0.0890	0.0882	0.0864	0.0893	0.0898	0.0907	0.0903	0.0903	0.0900	0.0884	0.0913	0.0910	0.0913	0.0909	0.0911	0.0880	0.0931	0.0905	
0.0879	0.0881	0.0888	0.0881	0.0885	0.0902	0.0909	0.0935	0.0875	0.0875	0.0886	0.0882	0.0882	0.0940	0.0943	0.0938	0.0859	0.0876	0.0876	0.0884	0.0897	0.0932	0.0946	0.0945	0.0878	0.0877	0.0887	0.0896	0.0877	0.0935	0.0932	0.0934	0.0862	0.0891	0.0893	0.0896	0.0888	0.0936	0.0948	0.0964	0.0873	0.0881	0.0886	0.0896	0.0880	0.0917	0.0946	0.0942	0.0865	0.0892	0.0902	0.0904	0.0902	0.0948	0.0962	0.0923	0.0903	0.0902	0.0911	0.0889	0.0914	0.0925	0.0923	0.0907	
0.0891	0.0891	0.0889	0.0889	0.0894	0.0921	0.0924	0.0929	0.0882	0.0891	0.0894	0.0887	0.0901	0.0939	0.0899	0.0947	0.0868	0.0878	0.0878	0.0897	0.0900	0.0902	0.0916	0.0941	0.0881	0.0884	0.0893	0.0896	0.0888	0.0908	0.0907	0.0934	0.0868	0.0895	0.0908	0.0905	0.0886	0.0955	0.0923	0.0927	0.0879	0.0893	0.0891	0.0909	0.0879	0.0902	0.0909	0.0909	0.0867	0.0903	0.0902	0.0908	0.0910	0.0930	0.0927	0.0897	0.0917	0.0909	0.0909	0.0911	0.0910	0.0929	0.0919	0.0912	
0.0893	0.0894	0.0893	0.0886	0.0900	0.0982	0.0915	0.0915	0.0888	0.0888	0.0899	0.0890	0.0914	0.0909	0.0909	0.0921	0.0870	0.0885	0.0899	0.0913	0.0911	0.0899	0.0911	0.0917	0.0880	0.0887	0.0896	0.0904	0.0880	0.0911	0.0919	0.0911	0.0883	0.0888	0.0910	0.0907	0.0899	0.0890	0.0922	0.0909	0.0893	0.0889	0.0892	0.0905	0.0883	0.0910	0.0915	0.0913	0.0871	0.0901	0.0902	0.0908	0.0910	0.0914	0.0928	0.0899	0.0912	0.0903	0.0926	0.0903	0.0912	0.0920	0.0924	0.0954	
0.0886	0.0889	0.0889	0.0888	0.0896	0.0921	0.0910	0.0909	0.0885	0.0885	0.0894	0.0889	0.0894	0.0914	0.0898	0.0910	0.0869	0.0877	0.0884	0.0895	0.0899	0.0891	0.0898	0.0893	0.0879	0.0896	0.0893	0.0906	0.0891	0.0901	0.0907	0.0906	0.0865	0.0887	0.0900	0.0916	0.0898	0.0888	0.0911	0.0988	0.0889	0.0883	0.0895	0.0900	0.0882	0.0907	0.0920	0.0909	0.0870	0.0896	0.0897	0.0907	0.0911	0.0897	0.0919	0.0895	0.0909	0.0902	0.0915	0.0913	0.0923	0.0907	0.0910	0.0926	
0.0894	0.0895	0.0894	0.0901	0.0902	0.0928	0.0914	0.0917	0.0885	0.0894	0.0897	0.0893	0.0906	0.0904	0.0906	0.0923	0.0869	0.0884	0.0891	0.0902	0.0901	0.0897	0.0895	0.0907	0.0888	0.0886	0.0903	0.0900	0.0914	0.0912	0.0914	0.0912	0.0869	0.0891	0.0905	0.0906	0.0896	0.0894	0.0918	0.0911	0.0892	0.0893	0.0894	0.0910	0.0890	0.0904	0.0911	0.0906	0.0874	0.0898	0.0907	0.0906	0.0911	0.0912	0.0923	0.0897	0.0908	0.0907	0.0911	0.0913	0.0915	0.0925	0.0926	0.0924	
0.0897	0.0895	0.0901	0.0896	0.0906	0.0918	0.0911	0.0908	0.0887	0.0892	0.0900	0.0895	0.0899	0.0902	0.0897	0.0909	0.0875	0.0888	0.0884	0.0899	0.0908	0.0890	0.0899	0.0902	0.0890	0.0887	0.0896	0.0908	0.0893	0.0910	0.0908	0.0919	0.0879	0.0895	0.0902	0.0904	0.0898	0.0891	0.0919	0.0895	0.0888	0.0893	0.0889	0.0907	0.0886	0.0897	0.0909	0.0896	0.0870	0.0897	0.0895	0.0905	0.0901	0.0898	0.0928	0.0907	0.0927	0.0909	0.0913	0.0907	0.0910	0.0907	0.0903	0.0914	
0.0897	0.0894	0.0895	0.0899	0.0901	0.0924	0.0922	0.0918	0.0891	0.0897	0.0894	0.0893	0.0897	0.0915	0.0910	0.0915	0.0876	0.0883	0.0884	0.0897	0.0908	0.0886	0.0908	0.0916	0.0882	0.0889	0.0893	0.0909	0.0893	0.0904	0.0904	0.0910	0.0876	0.0890	0.0902	0.0900	0.0895	0.0889	0.0918	0.0904	0.0888	0.0890	0.0892	0.0897	0.0884	0.0898	0.0905	0.0897	0.0883	0.0896	0.0896	0.0904	0.0900	0.0893	0.0930	0.0897	0.0904	0.0906	0.0914	0.0903	0.0924	0.0924	0.0925	0.0919	
0.0901	0.0904	0.0907	0.0901	0.0907	0.0922	0.0914	0.0915	0.0894	0.0902	0.0900	0.0899	0.0904	0.0914	0.0907	0.0921	0.0875	0.0901	0.0890	0.0893	0.0915	0.0904	0.0907	0.0908	0.0891	0.0890	0.0900	0.0914	0.0885	0.0924	0.0921	0.0930	0.0888	0.0890	0.0903	0.0900	0.0900	0.0902	0.0933	0.0919	0.0888	0.0891	0.0895	0.0907	0.0882	0.0919	0.0930	0.0913	0.0879	0.0893	0.0898	0.0903	0.0910	0.0914	0.0928	0.0903	0.0912	0.0900	0.0909	0.0902	0.0911	0.0911	0.0921	0.0922	
0.0914	0.0911	0.0909	0.0908	0.0912	0.0946	0.0928	0.0936	0.0900	0.0903	0.0905	0.0896	0.0908	0.0932	0.0930	0.0936	0.0885	0.0899	0.0894	0.0905	0.0901	0.0914	0.0930	0.0943	0.0892	0.0900	0.0904	0.0909	0.0893	0.0925	0.0939	0.0939	0.0895	0.0903	0.0909	0.0906	0.0903	0.0917	0.0959	0.0917	0.0892	0.0899	0.0899	0.0906	0.0885	0.0932	0.0936	0.0941	0.0885	0.0901	0.0901	0.0910	0.0909	0.0912	0.0946	0.0915	0.0923	0.0910	0.0917	0.0904	0.0915	0.0925	0.0929	0.0936	
0.0911	0.0920	0.0915	0.0914	0.0919	0.0940	0.0925	0.0929	0.0902	0.0903	0.0907	0.0901	0.0911	0.0914	0.0934	0.0926	0.0887	0.0898	0.0890	0.0910	0.0899	0.0904	0.0912	0.0915	0.0895	0.0900	0.0901	0.0906	0.0892	0.0929	0.0911	0.0925	0.0894	0.0900	0.0916	0.0915	0.0902	0.0909	0.0948	0.0920	0.0895	0.0894	0.0895	0.0909	0.0883	0.0932	0.0935	0.0928	0.0893	0.0903	0.0901	0.0906	0.0911	0.0930	0.0946	0.0924	0.0916	0.0924	0.0906	0.0911	0.0913	0.0935	0.0931	0.0936	
0.0921	0.0925	0.0918	0.0914	0.0919	0.0928	0.0917	0.0908	0.0906	0.0906	0.0912	0.0898	0.0909	0.0911	0.0925	0.0908	0.0887	0.0909	0.0901	0.0907	0.0920	0.0904	0.0907	0.0906	0.0900	0.0903	0.0896	0.0907	0.0895	0.0917	0.0902	0.0915	0.0895	0.0899	0.0918	0.0907	0.0901	0.0889	0.0918	0.0916	0.0897	0.0894	0.0892	0.0902	0.0892	0.0907	0.0906	0.0901	0.0886	0.0907	0.0895	0.0912	0.0906	0.0914	0.0925	0.0897	0.0929	0.0904	0.0921	0.0907	0.0913	0.0909	0.0913	0.0920	
0.0927	0.0952	0.0922	0.0985	0.1003	0.0927	0.0939	0.0932	0.0956	0.0945	0.0974	0.0964	0.0961	0.0916	0.0926	0.0917	0.0944	0.0903	0.0900	0.0910	0.0910	0.0910	0.0913	0.0922	0.0901	0.0933	0.0922	0.0957	0.0896	0.0923	0.0950	0.0920	0.0902	0.0911	0.0916	0.0912	0.0898	0.0923	0.0933	0.0910	0.0905	0.0907	0.0897	0.0907	0.0891	0.0918	0.0917	0.0913	0.0904	0.0954	0.0951	0.0912	0.1010	0.1008	0.0935	0.0905	0.0999	0.0981	0.0983	0.1004	0.0980	0.0910	0.0928	0.0930	
0.0960	0.0943	0.0951	0.0918	0.0918	0.0947	0.0928	0.0930	0.0918	0.0914	0.0911	0.0900	0.0905	0.0921	0.0920	0.0938	0.0895	0.0908	0.0894	0.0935	0.0900	0.0911	0.0926	0.0917	0.0905	0.0904	0.0905	0.0907	0.0894	0.0931	0.0928	0.0926	0.0888	0.0899	0.0915	0.0901	0.0897	0.0917	0.0925	0.0912	0.0904	0.0890	0.0897	0.0895	0.0888	0.0963	0.0952	0.0950	0.0894	0.0898	0.0910	0.0906	0.0905	0.0933	0.0962	0.0956	0.0920	0.0907	0.0903	0.0906	0.0910	0.0939	0.0960	0.0939	
0.0942	0.0944	0.0938	0.0927	0.0928	0.0940	0.0934	0.0951	0.0924	0.0922	0.0908	0.0902	0.0910	0.0918	0.0923	0.0923	0.0901	0.0906	0.0897	0.0901	0.0916	0.0910	0.0918	0.0910	0.0907	0.0912	0.0893	0.0909	0.0892	0.0938	0.0921	0.0935	0.0899	0.0903	0.0919	0.0902	0.0896	0.0965	0.0931	0.0979	0.0902	0.0900	0.0890	0.0904	0.0883	0.0949	0.0948	0.0948	0.0892	0.0901	0.0912	0.0904	0.0913	0.0938	0.0962	0.0941	0.0927	0.0898	0.0910	0.0903	0.0899	0.0929	0.0953	0.0946	
0.0948	0.0950	0.0942	0.0924	0.0930	0.0950	0.0938	0.0913	0.0926	0.0922	0.0912	0.0898	0.0910	0.0933	0.0924	0.0944	0.0907	0.0912	0.0898	0.0900	0.0909	0.0921	0.0928	0.0934	0.0917	0.0915	0.0898	0.0913	0.0894	0.0934	0.0939	0.0924	0.0897	0.0906	0.0914	0.0909	0.0900	0.0908	0.0928	0.0916	0.0922	0.0895	0.0895	0.0905	0.0885	0.0910	0.0929	0.0925	0.0897	0.0912	0.0899	0.0905	0.0911	0.0925	0.0944	0.0913	0.0937	0.0906	0.0914	0.0907	0.0906	0.0911	0.0925	0.0917	
0.0964	0.0966	0.0956	0.0935	0.0937	0.0940	0.0942	0.0919	0.0936	0.0927	0.0914	0.0901	0.0907	0.0919	0.0922	0.0920	0.0909	0.0921	0.0899	0.0909	0.0903	0.0902	0.0939	0.0919	0.0921	0.0923	0.0907	0.0913	0.0888	0.0926	0.0924	0.0921	0.0897	0.0911	0.0916	0.0903	0.0911	0.0903	0.0938	0.0913	0.0910	0.0900	0.0900	0.0901	0.0883	0.0924	0.0918	0.0911	0.0909	0.0900	0.0898	0.0907	0.0906	0.0909	0.0941	0.0908	0.0927	0.0909	0.0908	0.0904	0.0909	0.0912	0.0919	0.0921	
0.0967	0.0974	0.0960	0.0944	0.0930	0.0944	0.0938	0.0925	0.0942	0.0936	0.0910	0.0904	0.0902	0.0921	0.0914	0.0920	0.0916	0.0918	0.0896	0.0901	0.0907	0.0912	0.0908	0.0907	0.0928	0.0915	0.0898	0.0909	0.0889	0.0916	0.0910	0.0914	0.0909	0.0914	0.0899	0.0904	0.0893	0.0925	0.0914	0.0906	0.0916	0.0896	0.0890	0.0902	0.0883	0.0913	0.0911	0.0908	0.0904	0.0904	0.0891	0.0906	0.0907	0.0907	0.0923	0.0906	0.0937	0.0902	0.0908	0.0897	0.0909	0.0900	0.0932	0.0927	
0.0977	0.0991	0.0972	0.0952	0.0928	0.0961	0.0942	0.0936	0.0945	0.0935	0.0906	0.0906	0.0906	0.0875	0.0873	0.0885	0.0914	0.0929	0.0897	0.0903	0.0926	0.0869	0.0870	0.0892	0.0930	0.0918	0.0896	0.0913	0.0888	0.0920	0.0927	0.0917	0.0912	0.0909	0.0900	0.0905	0.0901	0.0892	0.0920	0.0923	0.0918	0.0895	0.0891	0.0896	0.0888	0.0913	0.0977	0.0932	0.0910	0.0911	0.0898	0.0902	0.0906	0.0921	0.0941	0.0920	0.0940	0.0900	0.0910	0.0894	0.0906	0.0908	0.0916	0.0925	
0.0992	0.0998	0.0981	0.0967	0.0936	0.0960	0.0946	0.0936	0.0957	0.0944	0.0907	0.0901	0.0904	0.0919	0.0909	0.0917	0.0924	0.0926	0.0892	0.0901	0.0930	0.0904	0.0911	0.0930	0.0932	0.0917	0.0893	0.0904	0.0894	0.0922	0.0920	0.0915	0.0919	0.0913	0.0899	0.0905	0.0899	0.0918	0.0939	0.0924	0.0921	0.0889	0.0887	0.0898	0.0880	0.0916	0.0927	0.0912	0.0901	0.0905	0.0890	0.0895	0.0902	0.0915	0.0942	0.0916	0.0935	0.0897	0.0901	0.0893	0.0901	0.0930	0.0918	0.0933	
0.1017	0.1017	0.1000	0.0976	0.0949	0.0968	0.0942	0.0939	0.0965	0.0946	0.0912	0.0901	0.0905	0.0913	0.0915	0.0922	0.0935	0.0935	0.0899	0.0902	0.0926	0.0910	0.0910	0.0909	0.0950	0.0921	0.0896	0.0903	0.0884	0.0921	0.0923	0.0921	0.0928	0.0912	0.0906	0.0901	0.0893	0.0897	0.0926	0.0906	0.0929	0.0900	0.0897	0.0893	0.0888	0.0904	0.0912	0.0892	0.0913	0.0903	0.0896	0.0902	0.0906	0.0910	0.0933	0.0903	0.0939	0.0906	0.0904	0.0899	0.0918	0.0902	0.0903	0.0910	
0.1030	0.1038	0.1020	0.0984	0.0950	0.0959	0.0943	0.0942	0.0975	0.0953	0.0915	0.0898	0.0904	0.0925	0.0905	0.0915	0.0943	0.0936	0.0900	0.0901	0.0898	0.0902	0.0911	0.0908	0.0956	0.0922	0.0898	0.0907	0.0892	0.0967	0.0963	0.0964	0.0927	0.0920	0.0899	0.0908	0.0895	0.0963	0.0960	0.1070	0.0928	0.0896	0.0897	0.0901	0.0883	0.0910	0.0911	0.0911	0.0911	0.0908	0.0896	0.0899	0.0903	0.0895	0.0922	0.0917	0.0942	0.0898	0.0910	0.0901	0.0902	0.0913	0.0894	0.0911	
0.1055	0.1060	0.1041	0.0994	0.0960	0.0967	0.0948	0.0946	0.0995	0.0967	0.0909	0.0908	0.0904	0.0912	0.0914	0.0911	0.0952	0.0945	0.0897	0.0903	0.0899	0.0890	0.0910	0.0896	0.0968	0.0932	0.0901	0.0908	0.0888	0.0901	0.0906	0.0902	0.0938	0.0923	0.0907	0.0903	0.0894	0.0928	0.0916	0.0894	0.0941	0.0897	0.0892	0.0906	0.0893	0.0893	0.0912	0.0902	0.0922	0.0915	0.0894	0.0906	0.0908	0.0891	0.0912	0.0891	0.0944	0.0905	0.0911	0.0901	0.0906	0.0916	0.0906	0.0900	
0.1092	0.1088	0.1067	0.1012	0.0966	0.0978	0.0954	0.0942	0.1005	0.0973	0.0915	0.0908	0.0906	0.0914	0.0923	0.0915	0.0961	0.0950	0.0897	0.0899	0.0913	0.0910	0.0911	0.0924	0.0981	0.0935	0.0906	0.0909	0.0884	0.0910	0.0905	0.0909	0.0946	0.0922	0.0909	0.0908	0.0895	0.0895	0.0935	0.0911	0.0946	0.0899	0.0891	0.0899	0.0893	0.0896	0.0938	0.0898	0.0927	0.0916	0.0897	0.0903	0.0908	0.0898	0.0930	0.0907	0.0948	0.0900	0.0910	0.0899	0.0912	0.0921	0.0906	0.0921	
0.1107	0.1117	0.1081	0.1016	0.0974	0.0986	0.0953	0.0934	0.1021	0.0981	0.0916	0.0904	0.0906	0.0913	0.0907	0.0919	0.0966	0.0955	0.0903	0.0904	0.0895	0.0899	0.0906	0.0904	0.0989	0.0941	0.0900	0.0905	0.0888	0.0913	0.0922	0.0910	0.0953	0.0918	0.0905	0.0901	0.0893	0.0896	0.0923	0.0909	0.0950	0.0894	0.0891	0.0893	0.0886	0.0923	0.0930	0.0921	0.0925	0.0913	0.0896	0.0900	0.0901	0.0914	0.0946	0.0934	0.0951	0.0903	0.0904	0.0903	0.0909	0.0922	0.0934	0.0941	
0.1146	0.1152	0.1113	0.1037	0.0977	0.0980	0.0945	0.0933	0.1037	0.0996	0.0912	0.0906	0.0904	0.0908	0.0906	0.0913	0.0980	0.0963	0.0899	0.0901	0.0895	0.0889	0.0918	0.0905	0.1004	0.0939	0.0905	0.0905	0.0887	0.0916	0.0913	0.0915	0.0962	0.0924	0.0901	0.0901	0.0895	0.0904	0.0923	0.0959	0.0954	0.0901	0.0893	0.0895	0.0882	0.0908	0.0917	0.0904	0.0933	0.0912	0.0897	0.0907	0.0901	0.0890	0.0919	0.0918	0.0958	0.0911	0.0904	0.0897	0.0905	0.0909	0.0912	0.0915	
0.1192	0.1187	0.1159	0.1070	0.0993	0.0992	0.0964	0.0940	0.1047	0.1013	0.0916	0.0903	0.0910	0.0909	0.0919	0.0915	0.0998	0.1005	0.0897	0.0906	0.0898	0.0893	0.0898	0.0904	0.1006	0.0955	0.0930	0.0904	0.0890	0.0913	0.0902	0.0918	0.0979	0.0923	0.0903	0.0901	0.0896	0.0899	0.0914	0.0909	0.0959	0.0900	0.0889	0.0915	0.0893	0.0904	0.0916	0.0898	0.0934	0.0913	0.0894	0.0900	0.0908	0.0910	0.0909	0.0907	0.0952	0.0901	0.0905	0.0903	0.0908	0.0917	0.0911	0.0917	
0.1218	0.1235	0.1183	0.1077	0.0991	0.0993	0.0945	0.0928	0.1070	0.1012	0.0909	0.0899	0.0905	0.0894	0.0897	0.0904	0.1008	0.0971	0.0894	0.0902	0.0905	0.0889	0.0897	0.0898	0.1020	0.0948	0.0895	0.0905	0.0888	0.0909	0.0903	0.0914	0.0981	0.0931	0.0900	0.0898	0.0894	0.0889	0.0972	0.0979	0.0966	0.0896	0.0888	0.0897	0.0883	0.0900	0.0908	0.0912	0.0939	0.0908	0.0894	0.0894	0.0900	0.0893	0.0927	0.0901	0.0949	0.0901	0.0897	0.0893	0.0937	0.0902	0.0897	0.0908	
0.1276	0.1287	0.1221	0.1106	0.1008	0.0998	0.0966	0.0935	0.1101	0.1033	0.0913	0.0900	0.0910	0.0904	0.0901	0.0913	0.1025	0.0989	0.0898	0.0906	0.0903	0.0890	0.0897	0.0906	0.1036	0.0956	0.0904	0.0906	0.0884	0.0906	0.0899	0.0899	0.0998	0.0933	0.0904	0.0901	0.0892	0.0885	0.0917	0.0907	0.0969	0.0897	0.0890	0.0893	0.0883	0.0940	0.0925	0.0928	0.0943	0.0916	0.0898	0.0900	0.0902	0.0929	0.0955	0.0922	0.0959	0.0899	0.0900	0.0899	0.0909	0.0950	0.0925	0.0934	
0.1314	0.1333	0.1276	0.1130	0.1019	0.1030	0.0992	0.0956	0.1123	0.1049	0.0917	0.0903	0.0908	0.0920	0.0925	0.0938	0.1047	0.0998	0.0898	0.0906	0.0910	0.0907	0.0929	0.0901	0.1066	0.0960	0.0900	0.0909	0.0886	0.0904	0.0921	0.0926	0.1012	0.0933	0.0902	0.0899	0.0907	0.0946	0.0916	0.0920	0.0987	0.0899	0.0892	0.0894	0.0879	0.0900	0.0912	0.0906	0.0955	0.0914	0.0900	0.0905	0.0906	0.0921	0.0926	0.0902	0.0955	0.0901	0.0900	0.0901	0.0908	0.0895	0.0888	0.0900	
0.1383	0.1399	0.1333	0.1169	0.1022	0.1004	0.0959	0.0932	0.1158	0.1064	0.0915	0.0905	0.0897	0.0893	0.0890	0.0911	0.1065	0.1009	0.0902	0.0906	0.0901	0.0886	0.0895	0.0893	0.1079	0.0963	0.0896	0.0903	0.0897	0.0907	0.0905	0.0899	0.1028	0.0933	0.0899	0.0897	0.0892	0.0872	0.0915	0.0894	0.0992	0.0899	0.0886	0.0897	0.0888	0.0894	0.0886	0.0900	0.0950	0.0908	0.0890	0.0897	0.0898	0.0890	0.0913	0.0884	0.0968	0.0902	0.0905	0.0896	0.0901	0.0899	0.0904	0.0900	
0.1471	0.1482	0.1391	0.1212	0.1046	0.1031	0.0989	0.0939	0.1180	0.1089	0.0918	0.0898	0.0906	0.0918	0.0914	0.0924	0.1089	0.1019	0.0900	0.0902	0.0908	0.0893	0.0911	0.0909	0.1108	0.0974	0.0902	0.0911	0.0886	0.0909	0.0907	0.0917	0.1049	0.0941	0.0901	0.0899	0.0894	0.0899	0.0916	0.0908	0.1004	0.0906	0.0888	0.0896	0.0881	0.0925	0.0916	0.0909	0.0967	0.0920	0.0897	0.0900	0.0901	0.0906	0.0935	0.0911	0.0969	0.0900	0.0905	0.0896	0.0914	0.0904	0.0888	0.0899	
0.1540	0.1560	0.1453	0.1251	0.1050	0.1040	0.0972	0.0921	0.1214	0.1113	0.0917	0.0903	0.0903	0.0889	0.0890	0.0893	0.1112	0.1034	0.0898	0.0904	0.0912	0.0883	0.0881	0.0893	0.1132	0.0978	0.0898	0.0905	0.0884	0.0910	0.0896	0.0925	0.1058	0.0942	0.0902	0.0906	0.0894	0.0897	0.0893	0.0894	0.1022	0.0910	0.0889	0.0894	0.0876	0.0880	0.0890	0.0884	0.0970	0.0920	0.0896	0.0899	0.0905	0.0871	0.0891	0.0882	0.0961	0.0904	0.0902	0.0911	0.0910	0.0888	0.0897	0.0901	
0.1626	0.1638	0.1551	0.1300	0.1088	0.1061	0.0972	0.0939	0.1257	0.1140	0.0919	0.0899	0.0905	0.0892	0.0893	0.0903	0.1130	0.1050	0.0907	0.0905	0.0905	0.0894	0.0889	0.0904	0.1148	0.0986	0.0897	0.0910	0.0888	0.0917	0.0906	0.0909	0.1078	0.0952	0.0901	0.0909	0.0891	0.0891	0.0916	0.0889	0.1034	0.0902	0.0893	0.0905	0.0882	0.0894	0.0898	0.0896	0.0978	0.0918	0.0898	0.0888	0.0903	0.0884	0.0913	0.0885	0.0966	0.0898	0.0905	0.0891	0.0910	0.0890	0.0890	0.0901	
0.1739	0.1717	0.1630	0.1341	0.1094	0.1078	0.0994	0.0934	0.1290	0.1169	0.0919	0.0901	0.0900	0.0906	0.0902	0.0913	0.1162	0.1060	0.0907	0.0900	0.0895	0.0890	0.0899	0.0902	0.1166	0.0996	0.0896	0.0904	0.0889	0.0905	0.0913	0.0900	0.1116	0.0956	0.0900	0.0903	0.0897	0.0907	0.0916	0.0894	0.1047	0.0899	0.0883	0.0893	0.0886	0.0904	0.0903	0.0889	0.0978	0.0914	0.0892	0.0901	0.0904	0.0887	0.0908	0.0891	0.0969	0.0903	0.0900	0.0892	0.0903	0.0881	0.0882	0.0895	
0.1834	0.1856	0.1742	0.1390	0.1123	0.1093	0.1008	0.0964	0.1347	0.1203	0.0922	0.0904	0.0905	0.0964	0.0939	0.0965	0.1204	0.1072	0.0906	0.0911	0.0914	0.0920	0.0924	0.0943	0.1194	0.1007	0.0899	0.0908	0.0886	0.0941	0.0950	0.0938	0.1147	0.0958	0.0903	0.0907	0.0901	0.0918	0.0940	0.0989	0.1055	0.0905	0.0894	0.0898	0.0887	0.0922	0.0925	0.0926	0.0986	0.0917	0.0893	0.0901	0.0911	0.0924	0.0951	0.0919	0.0966	0.0904	0.0908	0.0896	0.0906	0.0940	0.0948	0.0947	
0.1986	0.2009	0.1836	0.1457	0.1138	0.1108	0.0989	0.0948	0.1397	0.1237	0.0920	0.0903	0.0897	0.0925	0.0904	0.0914	0.1230	0.1091	0.0901	0.0903	0.0893	0.0883	0.0904	0.0897	0.1229	0.1018	0.0900	0.0901	0.0882	0.0919	0.0902	0.0925	0.1161	0.0958	0.0903	0.0896	0.0890	0.0892	0.0923	0.0898	0.1084	0.0903	0.0881	0.0889	0.0880	0.0904	0.0901	0.0900	0.0990	0.0920	0.0894	0.0892	0.0895	0.0898	0.0933	0.0899	0.0962	0.0896	0.0904	0.0893	0.0895	0.0896	0.0916	0.0903	
0.2097	0.2138	0.1963	0.1553	0.1171	0.1139	0.1020	0.0951	0.1467	0.1291	0.0923	0.0903	0.0900	0.0909	0.0901	0.0905	0.1278	0.1115	0.0902	0.0904	0.0898	0.0898	0.0894	0.0899	0.1273	0.1025	0.0900	0.0904	0.0884	0.0911	0.0904	0.0902	0.1153	0.0968	0.0907	0.0905	0.0894	0.0883	0.0913	0.0894	0.1101	0.0906	0.0888	0.0895	0.0895	0.0893	0.0890	0.0894	0.1004	0.0925	0.0897	0.0903	0.0901	0.0891	0.0918	0.0892	0.0974	0.0904	0.0902	0.0902	0.0908	0.0894	0.0901	0.0900	
0.2245	0.2290	0.2123	0.1616	0.1199	0.1145	0.1017	0.0954	0.1526	0.1340	0.0921	0.0895	0.0894	0.0911	0.0906	0.0916	0.1306	0.1133	0.0899	0.0892	0.0900	0.0900	0.0907	0.0904	0.1307	0.1027	0.0894	0.0903	0.0879	0.0919	0.0924	0.0912	0.1184	0.0962	0.0897	0.0895	0.0890	0.0901	0.0925	0.0905	0.1107	0.0908	0.0887	0.0888	0.0875	0.0917	0.0904	0.0908	0.1005	0.0915	0.0891	0.0894	0.0893	0.0926	0.0924	0.0907	0.0964	0.0894	0.0892	0.0889	0.0906	0.0911	0.0913	0.0917	
0.2427	0.2513	0.2272	0.1717	0.1227	0.1160	0.1028	0.0952	0.1635	0.1407	0.0930	0.0899	0.0899	0.0911	0.0908	0.0915	0.1396	0.1166	0.0905	0.0905	0.0896	0.0895	0.0902	0.0905	0.1365	0.1054	0.0905	0.0904	0.0888	0.0933	0.0918	0.0919	0.1217	0.0977	0.0898	0.0900	0.0890	0.0900	0.0933	0.0960	0.1132	0.0905	0.0891	0.0899	0.0879	0.0912	0.0916	0.0910	0.1021	0.0920	0.0894	0.0894	0.0898	0.0913	0.0929	0.0915	0.0974	0.0903	0.0903	0.0899	0.0893	0.0921	0.0929	0.0920	
0.2662	0.2727	0.2464	0.1819	0.1270	0.1159	0.1015	0.0942	0.1726	0.1504	0.0930	0.0900	0.0906	0.0886	0.0892	0.0893	0.1454	0.1191	0.0910	0.0908	0.0900	0.0871	0.0876	0.0877	0.1424	0.1069	0.0900	0.0904	0.0884	0.0891	0.0882	0.0893	0.1244	0.0982	0.0904	0.0902	0.0893	0.0867	0.0893	0.0932	0.1174	0.0903	0.0883	0.0894	0.0882	0.0881	0.0889	0.0883	0.1046	0.0930	0.0902	0.0908	0.0906	0.0870	0.0898	0.0877	0.0978	0.0906	0.0908	0.0901	0.0904	0.0891	0.0883	0.0882	
0.2851	0.2927	0.2648	0.1950	0.1304	0.1215	0.1043	0.0959	0.1837	0.1581	0.0932	0.0900	0.0904	0.0908	0.0910	0.0916	0.1529	0.1223	0.0910	0.0900	0.0909	0.0890	0.0901	0.0899	0.1495	0.1089	0.0900	0.0905	0.0894	0.0911	0.0911	0.0913	0.1280	0.0986	0.0904	0.0897	0.0895	0.0906	0.0906	0.0898	0.1200	0.0912	0.0889	0.0892	0.0883	0.0911	0.0912	0.0896	0.1046	0.0928	0.0893	0.0899	0.0899	0.0902	0.0926	0.0906	0.0975	0.0904	0.0892	0.0894	0.0900	0.0912	0.0923	0.0921	
0.3080	0.3094	0.2843	0.2089	0.1363	0.1255	0.1074	0.0967	0.1983	0.1678	0.0931	0.0899	0.0900	0.0915	0.0910	0.0922	0.1616	0.1260	0.0908	0.0899	0.0906	0.0897	0.0902	0.0902	0.1568	0.1099	0.0898	0.0902	0.0880	0.0926	0.0917	0.0913	0.1322	0.0994	0.0899	0.0901	0.0887	0.0909	0.0922	0.0909	0.1180	0.0904	0.0882	0.0893	0.0875	0.0911	0.0914	0.0909	0.1053	0.0911	0.0890	0.0889	0.0892	0.0906	0.0934	0.0908	0.0973	0.0898	0.0899	0.0887	0.0890	0.0916	0.0922	0.0930	
0.3374	0.3440	0.3178	0.2243	0.1401	0.1295	0.1074	0.0966	0.2135	0.1849	0.0936	0.0904	0.0899	0.0912	0.0912	0.0915	0.1729	0.1305	0.0912	0.0900	0.0898	0.0898	0.0907	0.0911	0.1671	0.1125	0.0902	0.0904	0.0882	0.0927	0.0927	0.0913	0.1389	0.0995	0.0903	0.0900	0.0892	0.0940	0.0917	0.0906	0.1213	0.0912	0.0882	0.0894	0.0880	0.0905	0.0911	0.0916	0.1070	0.0925	0.0893	0.0892	0.0902	0.0903	0.0934	0.0897	0.0985	0.0898	0.0902	0.0892	0.0896	0.0925	0.0913	0.0922	
0.3615	0.3686	0.3409	0.2410	0.1461	0.1368	0.1105	0.0964	0.2342	0.1982	0.0939	0.0900	0.0898	0.0911	0.0906	0.0919	0.1852	0.1356	0.0917	0.0901	0.0904	0.0938	0.0921	0.0932	0.1774	0.1145	0.0901	0.0908	0.0882	0.0933	0.0955	0.0943	0.1455	0.1018	0.0902	0.0898	0.0890	0.0915	0.0927	0.0935	0.1241	0.0908	0.0890	0.0896	0.0880	0.0910	0.0895	0.0942	0.1086	0.0921	0.0889	0.0894	0.0901	0.0953	0.0937	0.0900	0.0990	0.0903	0.0901	0.0894	0.0895	0.0944	0.0937	0.0951	
0.3896	0.3952	0.3597	0.2584	0.1547	0.1325	0.1071	0.0950	0.2563	0.2185	0.0934	0.0902	0.0900	0.0886	0.0908	0.0890	0.2010	0.1409	0.0915	0.0902	0.0891	0.0869	0.0869	0.0918	0.1890	0.1172	0.0902	0.0902	0.0883	0.0884	0.0873	0.0882	0.1523	0.1009	0.0903	0.0899	0.0891	0.0857	0.0888	0.0877	0.1278	0.0910	0.0888	0.0892	0.0876	0.0874	0.0874	0.0872	0.1082	0.0924	0.0889	0.0896	0.0899	0.0861	0.0881	0.0870	0.0988	0.0899	0.0900	0.0889	0.0891	0.0867	0.0861	0.0870	
0.4214	0.4224	0.3944	0.2772	0.1621	0.1431	0.1113	0.0984	0.2800	0.2426	0.0943	0.0903	0.0929	0.0913	0.0902	0.0922	0.2178	0.1480	0.0916	0.0900	0.0897	0.0890	0.0900	0.0903	0.2046	0.1203	0.0905	0.0906	0.0881	0.0908	0.0922	0.0905	0.1601	0.1028	0.0903	0.0902	0.0895	0.0887	0.0931	0.0896	0.1330	0.0910	0.0888	0.0894	0.0884	0.0896	0.0911	0.0894	0.1111	0.0932	0.0896	0.0899	0.0902	0.0909	0.0916	0.0945	0.0990	0.0911	0.0905	0.0892	0.0899	0.0967	0.0955	0.0919	
0.4518	0.4477	0.4226	0.2945	0.1708	0.1528	0.1118	0.0979	0.3071	0.2671	0.0944	0.0905	0.0904	0.0909	0.0898	0.0908	0.2422	0.1573	0.0921	0.0904	0.0897	0.0930	0.0917	0.0914	0.2220	0.1235	0.0905	0.0905	0.0880	0.0940	0.0919	0.0940	0.1716	0.1036	0.0901	0.0898	0.0891	0.0911	0.0945	0.0950	0.1390	0.0914	0.0889	0.0897	0.0880	0.0932	0.0941	0.0924	0.1132	0.0934	0.0895	0.0897	0.0898	0.0925	0.0942	0.0929	0.0994	0.0906	0.0901	0.0893	0.0898	0.0893	0.0896	0.0907	
0.4813	0.4781	0.4442	0.3200	0.1793	0.1551	0.1143	0.0983	0.3357	0.2968	0.0949	0.0908	0.0901	0.0928	0.0920	0.0930	0.2650	0.1668	0.0921	0.0903	0.0912	0.0920	0.0920	0.0907	0.2420	0.1274	0.0904	0.0904	0.0882	0.0940	0.0927	0.0911	0.1850	0.1042	0.0907	0.0903	0.0886	0.0900	0.0926	0.0923	0.1455	0.0918	0.0886	0.0892	0.0880	0.0914	0.0920	0.0914	0.1141	0.0926	0.0894	0.0898	0.0904	0.0945	0.0973	0.0951	0.0995	0.0902	0.0904	0.0901	0.0908	0.0939	0.0955	0.0945	
0.5149	0.5096	0.4813	0.3505	0.1990	0.1654	0.1174	0.0982	0.3701	0.3306	0.1004	0.0904	0.0952	0.0911	0.0925	0.0928	0.2977	0.1820	0.0975	0.0934	0.0964	0.0906	0.0919	0.0917	0.2664	0.1364	0.0938	0.0919	0.0893	0.0917	0.0909	0.0934	0.2027	0.1058	0.0954	0.0925	0.0914	0.0913	0.0913	0.0926	0.1532	0.0992	0.0899	0.0930	0.0910	0.0923	0.0913	0.0910	0.1191	0.0988	0.0971	0.0942	0.0925	0.0905	0.0935	0.0923	0.1047	0.0936	0.0923	0.0924	0.0939	0.0919	0.0925	0.0927	
0.5431	0.5288	0.5039	0.3703	0.2020	0.1695	0.1195	0.1002	0.3961	0.3632	0.0957	0.0910	0.0904	0.0907	0.0910	0.0927	0.3187	0.1913	0.0923	0.0908	0.0895	0.0887	0.0904	0.0901	0.2886	0.1349	0.0908	0.0904	0.0882	0.0919	0.0910	0.0909	0.2147	0.1065	0.0917	0.0903	0.0889	0.0898	0.0919	0.0905	0.1608	0.0918	0.0884	0.0898	0.0881	0.0899	0.0906	0.0896	0.1189	0.0931	0.0899	0.0896	0.0898	0.0892	0.0925	0.0906	0.1008	0.0903	0.0906	0.0892	0.0896	0.0864	0.0886	0.0966	
0.5679	0.5560	0.5305	0.3946	0.2123	0.1792	0.1211	0.0980	0.4248	0.3894	0.0964	0.0909	0.0900	0.0934	0.0937	0.0947	0.3457	0.2060	0.0923	0.0905	0.0895	0.0930	0.0920	0.0939	0.3137	0.1400	0.0912	0.0907	0.0885	0.0951	0.0927	0.0906	0.2324	0.1081	0.0909	0.0899	0.0899	0.0934	0.0947	0.0924	0.1701	0.0913	0.0885	0.0895	0.0879	0.0924	0.0918	0.0904	0.1219	0.0942	0.0898	0.0900	0.0900	0.0904	0.0936	0.0907	0.1007	0.0905	0.0900	0.0895	0.0909	0.0898	0.0925	0.0918	
0.5949	0.5788	0.5508	0.4169	0.2331	0.1887	0.1239	0.0987	0.4563	0.4232	0.0966	0.0907	0.0896	0.0902	0.0904	0.0920	0.3826	0.2285	0.0926	0.0906	0.0917	0.0895	0.0908	0.0896	0.3456	0.1459	0.0909	0.0907	0.0882	0.0908	0.0906	0.0908	0.2587	0.1091	0.0907	0.0908	0.0890	0.0884	0.0908	0.0900	0.1839	0.0926	0.0893	0.0897	0.0886	0.0894	0.0892	0.0886	0.1236	0.0935	0.0903	0.0897	0.0901	0.0897	0.0933	0.0891	0.1011	0.0905	0.0906	0.0894	0.0898	0.0894	0.0905	0.0904	
0.6168	0.5998	0.5738	0.4482	0.2435	0.1984	0.1274	0.0997	0.4808	0.4523	0.0969	0.0912	0.0898	0.0901	0.0903	0.0905	0.4189	0.2463	0.0925	0.0905	0.0887	0.0906	0.0910	0.0903	0.3792	0.1523	0.0911	0.0910	0.0892	0.0915	0.0922	0.0912	0.2797	0.1112	0.0908	0.0897	0.0885	0.0913	0.0929	0.0914	0.1962	0.0924	0.0887	0.0891	0.0874	0.0913	0.0913	0.0912	0.1280	0.0933	0.0895	0.0890	0.0897	0.0912	0.0928	0.0900	0.1018	0.0911	0.0909	0.0894	0.0898	0.0924	0.0921	0.0921	
0.6464	0.6268	0.5997	0.4778	0.2637	0.2063	0.1295	0.1003	0.5089	0.4798	0.0986	0.0915	0.0906	0.0898	0.0898	0.0900	0.4515	0.2676	0.0934	0.0911	0.0903	0.0885	0.0897	0.0889	0.4100	0.1606	0.0912	0.0910	0.0886	0.0900	0.0896	0.0904	0.3075	0.1123	0.0912	0.0908	0.0895	0.0891	0.0921	0.0892	0.2125	0.0931	0.0893	0.0888	0.0891	0.0905	0.0919	0.0892	0.1301	0.0945	0.0902	0.0901	0.0901	0.0887	0.0909	0.0903	0.1028	0.0911	0.0901	0.0896	0.0901	0.0897	0.0907	0.0909	
0.6670	0.6474	0.6208	0.4996	0.2799	0.2261	0.1338	0.1014	0.5370	0.4990	0.0979	0.0907	0.0900	0.0917	0.0913	0.0920	0.4829	0.2949	0.0932	0.0905	0.0885	0.0910	0.0907	0.0907	0.4449	0.1691	0.0908	0.0909	0.0887	0.0903	0.0905	0.0919	0.3395	0.1147	0.0907	0.0906	0.0892	0.0920	0.0921	0.0906	0.2331	0.0929	0.0883	0.0891	0.0879	0.0900	0.0920	0.0897	0.1359	0.0936	0.0890	0.0897	0.0898	0.0904	0.0933	0.0906	0.1030	0.0907	0.0902	0.0888	0.0893	0.0898	0.0913	0.0913	
0.6952	0.6748	0.6471	0.5246	0.2967	0.2356	0.1372	0.1008	0.5626	0.5229	0.0989	0.0911	0.0898	0.0913	0.0913	0.0915	0.5121	0.3183	0.0938	0.0908	0.0914	0.0907	0.0905	0.0906	0.4781	0.1785	0.0917	0.0907	0.0875	0.0909	0.0897	0.0900	0.3706	0.1165	0.0909	0.0898	0.0895	0.0900	0.0908	0.0883	0.2514	0.0929	0.0887	0.0890	0.0878	0.0892	0.0903	0.0888	0.1408	0.0944	0.0898	0.0894	0.0898	0.0905	0.0912	0.0895	0.1039	0.0908	0.0905	0.0894	0.0896	0.0912	0.0929	0.0921	
0.7153	0.6939	0.6612	0.5502	0.3150	0.2504	0.1425	0.1010	0.5814	0.5412	0.1002	0.0913	0.0901	0.0904	0.0895	0.0914	0.5355	0.3465	0.0944	0.0909	0.0906	0.0896	0.0900	0.0907	0.5103	0.1888	0.0915	0.0905	0.0885	0.0915	0.0906	0.0904	0.3987	0.1191	0.0912	0.0903	0.0892	0.0913	0.0909	0.0898	0.2859	0.0931	0.0892	0.0890	0.0879	0.0894	0.0912	0.0894	0.1484	0.0945	0.0893	0.0896	0.0895	0.0890	0.0914	0.0896	0.1040	0.0915	0.0904	0.0887	0.0896	0.0897	0.0897	0.0901	
0.7253	0.7051	0.6795	0.5675	0.3463	0.2700	0.1491	0.1014	0.6022	0.5591	0.1008	0.0913	0.0905	0.0900	0.0895	0.0907	0.5582	0.3766	0.0946	0.0913	0.0896	0.0884	0.0900	0.0896	0.5377	0.2027	0.0919	0.0913	0.0885	0.0906	0.0902	0.0907	0.4370	0.1227	0.0910	0.0899	0.0889	0.0889	0.0911	0.0903	0.3097	0.0939	0.0885	0.0892	0.0885	0.0901	0.0903	0.0894	0.1554	0.0946	0.0896	0.0896	0.0902	0.0900	0.0917	0.0901	0.1044	0.0912	0.0908	0.0897	0.0898	0.0902	0.0901	0.0904	
0.7420	0.7204	0.7036	0.5908	0.3725	0.2853	0.1540	0.1031	0.6264	0.5838	0.1019	0.0924	0.0903	0.0909	0.0909	0.0913	0.5821	0.4058	0.0947	0.0915	0.0903	0.0894	0.0923	0.0924	0.5539	0.2150	0.0928	0.0909	0.0886	0.0925	0.0919	0.0913	0.4599	0.1254	0.0915	0.0902	0.0891	0.0908	0.0932	0.0915	0.3340	0.0941	0.0891	0.0895	0.0879	0.0911	0.0910	0.0904	0.1633	0.0956	0.0891	0.0902	0.0900	0.0922	0.0931	0.0910	0.1056	0.0917	0.0905	0.0899	0.0900	0.0920	0.0919	0.0930	
0.7500	0.7203	0.7103	0.6140	0.3972	0.3098	0.1594	0.1030	0.6451	0.5959	0.1031	0.0916	0.0903	0.0924	0.0916	0.0927	0.6031	0.4350	0.0954	0.0913	0.0905	0.0907	0.0916	0.0904	0.5752	0.2339	0.0917	0.0910	0.0903	0.0912	0.0906	0.0914	0.5011	0.1294	0.0914	0.0902	0.0890	0.0896	0.0916	0.0902	0.3704	0.0945	0.0889	0.0893	0.0885	0.0901	0.0901	0.0910	0.1734	0.0955	0.0894	0.0896	0.0899	0.0910	0.0939	0.0899	0.1066	0.0915	0.0899	0.0893	0.0903	0.0900	0.0929	0.0920	
0.7465	0.7229	0.7130	0.6328	0.4212	0.3319	0.1664	0.1049	0.6579	0.6135	0.1047	0.0916	0.0900	0.0925	0.0917	0.0916	0.6224	0.4635	0.0956	0.0909	0.0889	0.0902	0.0904	0.0902	0.5980	0.2511	0.0919	0.0912	0.0883	0.0922	0.0916	0.0915	0.5323	0.1319	0.0916	0.0899	0.0890	0.0899	0.0934	0.0919	0.4020	0.0950	0.0891	0.0894	0.0874	0.0904	0.0934	0.0906	0.1853	0.0951	0.0897	0.0898	0.0903	0.0903	0.0934	0.0917	0.1069	0.0916	0.0899	0.0887	0.0897	0.0919	0.0923	0.0912	
0.7535	0.7261	0.7148	0.6516	0.4490	0.3443	0.1743	0.1032	0.6725	0.6330	0.1055	0.0918	0.0898	0.0923	0.0876	0.0886	0.6407	0.4865	0.0962	0.0911	0.0897	0.0867	0.0875	0.0877	0.6203	0.2689	0.0922	0.0905	0.0916	0.0884	0.0881	0.0864	0.5532	0.1369	0.0913	0.0896	0.0891	0.0862	0.0887	0.0883	0.4345	0.0945	0.0890	0.0888	0.0873	0.0879	0.0879	0.0866	0.1955	0.0953	0.0893	0.0895	0.0897	0.0865	0.0897	0.0861	0.1086	0.0916	0.0896	0.0895	0.0889	0.0868	0.0904	0.0889	
0.7572	0.7330	0.7254	0.6784	0.4759	0.3699	0.1832	0.1043	0.6851	0.6453	0.1074	0.0921	0.0905	0.0905	0.0894	0.0897	0.6603	0.5123	0.0965	0.0912	0.0897	0.0892	0.0905	0.0893	0.6356	0.2899	0.0929	0.0911	0.0884	0.0909	0.0914	0.0895	0.5705	0.1413	0.0917	0.0905	0.0895	0.0886	0.0925	0.0900	0.4613	0.0955	0.0888	0.0893	0.0881	0.0887	0.0911	0.0895	0.2091	0.0959	0.0897	0.0895	0.0900	0.0895	0.0912	0.0895	0.1106	0.0918	0.0900	0.0892	0.0892	0.0898	0.0893	0.0910	
0.7562	0.7330	0.7184	0.6919	0.5059	0.3961	0.1927	0.1056	0.6867	0.6534	0.1086	0.0925	0.0901	0.0913	0.0898	0.0920	0.6670	0.5319	0.0975	0.0919	0.0911	0.0889	0.0903	0.0877	0.6545	0.3178	0.0929	0.0915	0.0880	0.0911	0.0913	0.0907	0.6013	0.1464	0.0918	0.0901	0.0890	0.0901	0.0930	0.0899	0.4918	0.0961	0.0888	0.0892	0.0877	0.0905	0.0904	0.0892	0.2301	0.0964	0.0897	0.0899	0.0904	0.0894	0.0930	0.0906	0.1103	0.0928	0.0902	0.0897	0.0905	0.0908	0.0902	0.0925	
0.7617	0.7342	0.7243	0.7108	0.5240	0.4151	0.1992	0.1081	0.6888	0.6619	0.1100	0.0925	0.0904	0.0918	0.0915	0.0932	0.6649	0.5544	0.0976	0.0916	0.0894	0.0896	0.0912	0.0905	0.6642	0.3455	0.0928	0.0911	0.0877	0.0928	0.0946	0.0926	0.6164	0.1515	0.0917	0.0896	0.0891	0.0892	0.0920	0.0932	0.5235	0.0963	0.0892	0.0890	0.0876	0.0916	0.0927	0.0921	0.2466	0.0971	0.0892	0.0892	0.0899	0.0915	0.0929	0.0922	0.1113	0.0914	0.0902	0.0889	0.0894	0.0926	0.0919	0.0923	
0.7586	0.7353	0.7218	0.7138	0.5484	0.4408	0.2116	0.1060	0.6930	0.6650	0.1135	0.0928	0.0906	0.0902	0.0894	0.0908	0.6691	0.5772	0.0988	0.0917	0.0907	0.0887	0.0894	0.0889	0.6792	0.3719	0.0935	0.0918	0.0884	0.0919	0.0917	0.0957	0.6435	0.1605	0.0918	0.0904	0.0891	0.0896	0.0905	0.0908	0.5526	0.0975	0.0887	0.0888	0.0880	0.0915	0.0923	0.0894	0.2677	0.0972	0.0893	0.0897	0.0902	0.0907	0.0917	0.0902	0.1134	0.0920	0.0905	0.0892	0.0894	0.0912	0.0916	0.0924	
0.7572	0.7303	0.7235	0.7185	0.5677	0.4666	0.2267	0.1083	0.6890	0.6616	0.1147	0.0932	0.0910	0.0899	0.0912	0.0918	0.6696	0.5940	0.0989	0.0916	0.0892	0.0904	0.0903	0.0894	0.6818	0.4009	0.0936	0.0914	0.0882	0.0948	0.0945	0.0968	0.6582	0.1664	0.0922	0.0897	0.0895	0.0946	0.0970	0.0962	0.5746	0.0988	0.0892	0.0894	0.0879	0.0925	0.0944	0.0912	0.2890	0.0974	0.0890	0.0893	0.0904	0.0907	0.0949	0.0913	0.1149	0.0924	0.0910	0.0882	0.0900	0.0927	0.0932	0.0934	
0.7602	0.7368	0.7267	0.7185	0.5927	0.4933	0.2379	0.1092	0.6973	0.6586	0.1170	0.0930	0.0900	0.0913	0.0899	0.0911	0.6872	0.6119	0.0997	0.0924	0.0902	0.0895	0.0903	0.0894	0.6861	0.4347	0.0938	0.0922	0.0879	0.0910	0.0904	0.0902	0.6688	0.1756	0.0925	0.0900	0.0889	0.0878	0.0947	0.0879	0.5968	0.0979	0.0893	0.0891	0.0878	0.0898	0.0982	0.0904	0.3190	0.0979	0.0898	0.0891	0.0900	0.0908	0.0936	0.0898	0.1168	0.0931	0.0904	0.0891	0.0892	0.0895	0.0897	0.0896	
0.7675	0.7397	0.7302	0.7273	0.6169	0.5229	0.2554	0.1080	0.6945	0.6622	0.1202	0.0933	0.0898	0.0891	0.0892	0.0903	0.6774	0.6282	0.1006	0.0914	0.0894	0.0880	0.0902	0.0904	0.6877	0.4569	0.0940	0.0911	0.0876	0.0901	0.0891	0.0894	0.6685	0.1876	0.0922	0.0901	0.0886	0.0887	0.0910	0.0972	0.6144	0.0990	0.0885	0.0891	0.0869	0.0886	0.0899	0.0885	0.3442	0.0982	0.0892	0.0898	0.0894	0.0882	0.0896	0.0886	0.1187	0.0934	0.0901	0.0891	0.0897	0.0887	0.0884	0.0882	
0.7687	0.7425	0.7302	0.7295	0.6371	0.5369	0.2670	0.1110	0.6949	0.6653	0.1229	0.0938	0.0906	0.0903	0.0902	0.0912	0.6820	0.6298	0.1011	0.0919	0.0905	0.0892	0.0896	0.0901	0.6883	0.4866	0.0947	0.0915	0.0879	0.0916	0.0920	0.0917	0.6680	0.1955	0.0925	0.0904	0.0895	0.0919	0.0923	0.0913	0.6412	0.0995	0.0892	0.0892	0.0881	0.0908	0.0905	0.0909	0.3729	0.0987	0.0896	0.0892	0.0895	0.0903	0.0916	0.0907	0.1207	0.0929	0.0901	0.0892	0.0893	0.0904	0.0892	0.0918	
0.7763	0.7423	0.7358	0.7310	0.6564	0.5610	0.2906	0.1128	0.6996	0.6637	0.1269	0.0944	0.0909	0.0934	0.0920	0.0923	0.6884	0.6381	0.1022	0.0929	0.0891	0.0903	0.0918	0.0907	0.6899	0.5095	0.0947	0.0919	0.0884	0.0920	0.0922	0.0918	0.6732	0.2080	0.0928	0.0903	0.0889	0.0954	0.0946	0.0932	0.6527	0.1002	0.0894	0.0896	0.0882	0.0925	0.0916	0.0909	0.4097	0.1004	0.0902	0.0901	0.0905	0.0915	0.0935	0.0916	0.1243	0.0939	0.0908	0.0894	0.0913	0.0938	0.0913	0.0921	
0.7720	0.7445	0.7302	0.7272	0.6759	0.5761	0.3067	0.1130	0.7025	0.6695	0.1313	0.0945	0.0903	0.0922	0.0917	0.0917	0.6861	0.6339	0.1036	0.0929	0.0909	0.0902	0.0901	0.0913	0.6859	0.5281	0.0952	0.0919	0.0880	0.0895	0.0897	0.0891	0.6812	0.2189	0.0931	0.0900	0.0885	0.0895	0.0911	0.0896	0.6604	0.1007	0.0889	0.0890	0.0878	0.0903	0.0905	0.0906	0.4386	0.0998	0.0898	0.0892	0.0903	0.0911	0.0930	0.0914	0.1261	0.0929	0.0905	0.0898	0.0896	0.0911	0.0907	0.0914	
0.7684	0.7446	0.7328	0.7368	0.6998	0.5986	0.3294	0.1147	0.6958	0.6706	0.1350	0.0946	0.0904	0.0907	0.0907	0.0917	0.6840	0.6372	0.1035	0.0928	0.0903	0.0896	0.0912	0.0904	0.6920	0.5511	0.0952	0.0918	0.0882	0.0914	0.0904	0.0899	0.6678	0.2335	0.0932	0.0903	0.0883	0.0903	0.0908	0.0953	0.6672	0.1018	0.0889	0.0889	0.0878	0.0907	0.0910	0.0903	0.4678	0.1003	0.0896	0.0888	0.0893	0.0891	0.0913	0.0896	0.1277	0.0932	0.0905	0.0886	0.0891	0.0903	0.0906	0.0905	
0.7752	0.7567	0.7482	0.7382	0.7180	0.6228	0.3495	0.1184	0.7048	0.6705	0.1398	0.0953	0.0908	0.0898	0.0892	0.0905	0.6893	0.6372	0.1054	0.0926	0.0897	0.0885	0.0892	0.0884	0.6936	0.5764	0.0958	0.0918	0.0878	0.0909	0.0907	0.0898	0.6830	0.2510	0.0932	0.0906	0.0889	0.0910	0.0916	0.0901	0.6722	0.1034	0.0889	0.0893	0.0876	0.0899	0.0904	0.0889	0.4987	0.1011	0.0894	0.0890	0.0895	0.0883	0.0917	0.0882	0.1330	0.0934	0.0901	0.0888	0.0893	0.0893	0.0906	0.0904	
0.7780	0.7561	0.7439	0.7397	0.7192	0.6466	0.3778	0.1196	0.7016	0.6681	0.1454	0.0951	0.0909	0.0920	0.0918	0.0922	0.6945	0.6359	0.1073	0.0930	0.0909	0.0905	0.0914	0.0905	0.6906	0.5909	0.0960	0.0924	0.0881	0.0920	0.0910	0.0917	0.6818	0.2708	0.0936	0.0906	0.0888	0.0914	0.0948	0.0916	0.6740	0.1036	0.0892	0.0892	0.0875	0.0916	0.0916	0.0906	0.5273	0.1022	0.0894	0.0892	0.0899	0.0898	0.0929	0.0913	0.1355	0.0945	0.0910	0.0894	0.0894	0.0918	0.0918	0.0911	
0.7794	0.7518	0.7451	0.7402	0.7192	0.6662	0.4003	0.1203	0.7025	0.6730	0.1528	0.0962	0.0910	0.0907	0.0901	0.0907	0.6893	0.6358	0.1077	0.0941	0.0901	0.0887	0.0887	0.0905	0.6892	0.6095	0.0969	0.0928	0.0882	0.0903	0.0901	0.0885	0.6686	0.2915	0.0942	0.0904	0.0889	0.0885	0.0901	0.0883	0.6787	0.1054	0.0897	0.0895	0.0876	0.0893	0.0888	0.0886	0.5593	0.1026	0.0902	0.0896	0.0903	0.0889	0.0915	0.0887	0.1416	0.0947	0.0908	0.0892	0.0900	0.0910	0.0909	0.0899	
0.7821	0.7612	0.7501	0.7394	0.7328	0.6775	0.4225	0.1215	0.7087	0.6757	0.1598	0.0959	0.0908	0.0913	0.0911	0.0921	0.6944	0.6410	0.1090	0.0939	0.0909	0.0902	0.0905	0.0894	0.6976	0.6231	0.0972	0.0927	0.0879	0.0921	0.0923	0.0912	0.6758	0.3090	0.0945	0.0903	0.0889	0.0928	0.0939	0.0907	0.6709	0.1064	0.0894	0.0893	0.0884	0.0908	0.0926	0.0910	0.5722	0.1038	0.0899	0.0895	0.0895	0.0894	0.0909	0.0891	0.1462	0.0945	0.0908	0.0888	0.0897	0.0900	0.0930	0.0952	
0.7821	0.7561	0.7430	0.7432	0.7285	0.6837	0.4451	0.1229	0.7067	0.6702	0.1688	0.0966	0.0916	0.0912	0.0908	0.0909	0.6968	0.6412	0.1117	0.0941	0.0909	0.0892	0.0894	0.0914	0.6985	0.6350	0.0981	0.0932	0.0882	0.0907	0.0914	0.0908	0.6771	0.3318	0.0948	0.0906	0.0890	0.0900	0.0918	0.0904	0.6787	0.1092	0.0896	0.0897	0.0877	0.0902	0.0909	0.0882	0.6079	0.1045	0.0898	0.0898	0.0894	0.0886	0.0912	0.0901	0.1533	0.0955	0.0913	0.0889	0.0898	0.0911	0.0911	0.0898	
0.7846	0.7659	0.7477	0.7438	0.7354	0.6814	0.4631	0.1257	0.7124	0.6741	0.1772	0.0973	0.0918	0.0928	0.0912	0.0931	0.6939	0.6432	0.1129	0.0943	0.0913	0.0899	0.0907	0.0902	0.6965	0.6384	0.0981	0.0934	0.0880	0.0932	0.0920	0.0919	0.6777	0.3571	0.0958	0.0906	0.0894	0.0899	0.0921	0.0905	0.6696	0.1093	0.0903	0.0890	0.0880	0.0911	0.0913	0.0900	0.6186	0.1058	0.0904	0.0898	0.0901	0.0908	0.0924	0.0911	0.1603	0.0957	0.0909	0.0897	0.0899	0.0918	0.0915	0.0928	
0.7889	0.7648	0.7538	0.7505	0.7341	0.6869	0.4816	0.1265	0.7073	0.6800	0.1849	0.0978	0.0911	0.0940	0.0912	0.0938	0.6909	0.6414	0.1143	0.0950	0.0916	0.0901	0.0921	0.0914	0.7024	0.6428	0.0988	0.0937	0.0887	0.0969	0.0958	0.0956	0.6762	0.3788	0.0961	0.0910	0.0896	0.1005	0.0972	0.0947	0.6812	0.1106	0.0902	0.0894	0.0878	0.0921	0.0950	0.0935	0.6384	0.1057	0.0902	0.0895	0.0897	0.0924	0.0960	0.0932	0.1686	0.0956	0.0915	0.0893	0.0899	0.0921	0.0945	0.0959	
0.7938	0.7704	0.7573	0.7448	0.7438	0.6886	0.5041	0.1331	0.7149	0.6786	0.1968	0.0979	0.0915	0.0924	0.0928	0.0940	0.6979	0.6451	0.1168	0.0954	0.0905	0.0907	0.0918	0.0917	0.7040	0.6440	0.0996	0.0935	0.0881	0.0944	0.0932	0.0933	0.6783	0.4005	0.0959	0.0914	0.0890	0.0930	0.0918	0.0924	0.6756	0.1127	0.0903	0.0895	0.0874	0.0924	0.0898	0.0906	0.6470	0.1077	0.0903	0.0894	0.0894	0.0922	0.0927	0.0899	0.1769	0.0959	0.0906	0.0890	0.0900	0.0923	0.0913	0.0910	
0.7993	0.7721	0.7602	0.7536	0.7392	0.6951	0.5332	0.1332	0.7164	0.6836	0.2059	0.0988	0.0920	0.0915	0.0904	0.0921	0.6958	0.6414	0.1184	0.0955	0.0912	0.0903	0.0904	0.0899	0.7020	0.6440	0.1002	0.0940	0.0880	0.0921	0.0911	0.0909	0.6895	0.4234	0.0962	0.0906	0.0891	0.0899	0.0935	0.0910	0.6757	0.1151	0.0907	0.0897	0.0874	0.0905	0.0905	0.0892	0.6603	0.1082	0.0908	0.0893	0.0893	0.0896	0.0922	0.0897	0.1853	0.0965	0.0920	0.0905	0.0918	0.0908	0.0911	0.0905	
0.7925	0.7736	0.7571	0.7565	0.7381	0.6957	0.5556	0.1366	0.7176	0.6848	0.2204	0.0991	0.0918	0.0904	0.0904	0.0916	0.7030	0.6405	0.1212	0.0951	0.0904	0.0897	0.0903	0.0894	0.7105	0.6491	0.1009	0.0945	0.0882	0.0908	0.0899	0.0902	0.6943	0.4446	0.0975	0.0906	0.0886	0.0888	0.0913	0.0891	0.6701	0.1162	0.0909	0.0898	0.0877	0.0892	0.0908	0.0894	0.6608	0.1093	0.0910	0.0897	0.0893	0.0898	0.0917	0.0884	0.1987	0.0976	0.0909	0.0890	0.0908	0.0907	0.0890	0.0890	
0.7944	0.7709	0.7579	0.7568	0.7403	0.7163	0.5813	0.1405	0.7218	0.6876	0.2331	0.0997	0.0920	0.0925	0.0913	0.0942	0.7102	0.6403	0.1227	0.0958	0.0907	0.0903	0.0920	0.0910	0.7100	0.6500	0.1018	0.0951	0.0884	0.0928	0.0913	0.0930	0.6955	0.4642	0.0975	0.0912	0.0893	0.0907	0.0922	0.0928	0.6790	0.1174	0.0908	0.0893	0.0879	0.0913	0.0913	0.0907	0.6682	0.1098	0.0911	0.0895	0.0898	0.0919	0.0947	0.0919	0.2111	0.0977	0.0913	0.0893	0.0899	0.0924	0.0891	0.0920	
0.7989	0.7781	0.7575	0.7545	0.7430	0.7007	0.5980	0.1444	0.7234	0.6887	0.2500	0.1000	0.0921	0.0917	0.0910	0.0922	0.7065	0.6464	0.1268	0.0965	0.0919	0.0889	0.0908	0.0911	0.7067	0.6458	0.1025	0.0951	0.0884	0.0898	0.0907	0.0900	0.6916	0.4849	0.0982	0.0911	0.0893	0.0934	0.0922	0.0901	0.6662	0.1195	0.0906	0.0897	0.0871	0.0898	0.0910	0.0893	0.6655	0.1111	0.0914	0.0894	0.0896	0.0904	0.0920	0.0894	0.2223	0.0978	0.0912	0.0889	0.0895	0.0907	0.0905	0.0918	
0.7969	0.7758	0.7626	0.7629	0.7465	0.7087	0.6241	0.1468	0.7253	0.6952	0.2672	0.1010	0.0930	0.0911	0.0911	0.0914	0.7110	0.6504	0.1292	0.0965	0.0927	0.0901	0.0903	0.0902	0.7179	0.6515	0.1030	0.0951	0.0889	0.0904	0.0913	0.0904	0.7026	0.5043	0.0985	0.0918	0.0895	0.0897	0.0926	0.0904	0.6785	0.1234	0.0910	0.0897	0.0875	0.0896	0.0907	0.0904	0.6669	0.1135	0.0916	0.0897	0.0900	0.0897	0.0920	0.0908	0.2401	0.0988	0.0920	0.0893	0.0897	0.0891	0.0896	0.0914	
0.8056	0.7766	0.7687	0.7689	0.7468	0.7014	0.6418	0.1499	0.7258	0.6941	0.2839	0.1015	0.0928	0.0908	0.0893	0.0913	0.7138	0.6499	0.1326	0.0975	0.0917	0.0902	0.0893	0.0892	0.7149	0.6518	0.1029	0.0954	0.0887	0.0911	0.0910	0.0916	0.6944	0.5247	0.0990	0.0913	0.0893	0.0928	0.0931	0.0890	0.6707	0.1255	0.0913	0.0895	0.0878	0.0910	0.0904	0.0912	0.6656	0.1146	0.0918	0.0896	0.0892	0.0907	0.0911	0.0892	0.2569	0.0994	0.0917	0.0891	0.0896	0.0899	0.0898	0.0915	
0.8012	0.7757	0.7675	0.7658	0.7508	0.6990	0.6521	0.1545	0.7285	0.7008	0.3019	0.1024	0.0925	0.0927	0.0915	0.0927	0.7099	0.6475	0.1350	0.0975	0.0913	0.0910	0.0911	0.0901	0.7217	0.6449	0.1042	0.0958	0.0889	0.0935	0.0921	0.0914	0.6896	0.5386	0.0992	0.0915	0.0892	0.0903	0.0920	0.0911	0.6758	0.1277	0.0911	0.0900	0.0877	0.0913	0.0912	0.0902	0.6710	0.1152	0.0913	0.0899	0.0896	0.0901	0.0923	0.0912	0.2772	0.0994	0.0923	0.0892	0.0890	0.0914	0.0921	0.0920	
0.8100	0.7849	0.7702	0.7691	0.7503	0.6963	0.6558	0.1582	0.7344	0.7055	0.3248	0.1031	0.0929	0.0918	0.0908	0.0916	0.7207	0.6556	0.1392	0.0985	0.0928	0.0910	0.0902	0.0907	0.7236	0.6523	0.1056	0.0964	0.0890	0.0912	0.0900	0.0904	0.6923	0.5397	0.1003	0.0912	0.0894	0.0896	0.0918	0.0901	0.6759	0.1316	0.0916	0.0896	0.0879	0.0904	0.0904	0.0895	0.6583	0.1171	0.0923	0.0897	0.0900	0.0888	0.0916	0.0903	0.2962	0.1007	0.0917	0.0896	0.0896	0.0918	0.0902	0.0896	
0.8078	0.7837	0.7654	0.7648	0.7474	0.7048	0.6625	0.1626	0.7363	0.7055	0.3477	0.1041	0.0928	0.0917	0.0905	0.0910	0.7180	0.6600	0.1448	0.0988	0.0922	0.0900	0.0898	0.0897	0.7231	0.6503	0.1059	0.0969	0.0887	0.0951	0.0936	0.0951	0.7063	0.5569	0.1006	0.0918	0.0888	0.0909	0.0930	0.1028	0.6771	0.1350	0.0913	0.0898	0.0878	0.0937	0.0922	0.0927	0.6664	0.1197	0.0922	0.0892	0.0895	0.0920	0.0925	0.0907	0.3138	0.1011	0.0921	0.0891	0.0893	0.0924	0.0921	0.0940	
