0.0883	0.0938	0.0910	0.0917	0.0862	0.0871	0.0865	0.0892	0.0888	0.0912	0.0883	0.1055	0.0960	0.0917	0.1031	0.0930	0.0869	0.0855	0.0844	0.0869	0.0847	0.0856	0.0858	0.0902	0.0931	0.0914	0.0908	0.0955	0.0915	0.0934	0.0949	0.0985	0.0860	0.0889	0.0878	0.0920	0.0889	0.0901	0.0909	0.0917	0.0899	0.0897	0.0996	0.0911	0.0926	0.0940	0.0947	0.0947	0.0903	0.0912	0.0889	0.0907	0.0935	0.0908	0.0937	0.0934	0.0888	0.0886	0.0882	0.0892	0.0906	0.0931	0.0953	0.0963	
0.0857	0.0848	0.0863	0.0883	0.0890	0.0859	0.0866	0.0887	0.0852	0.0994	0.0874	0.0880	0.0874	0.0853	0.0885	0.0887	0.0867	0.0864	0.0867	0.0854	0.0856	0.0868	0.0872	0.0890	0.0856	0.0890	0.0860	0.0873	0.0862	0.0873	0.0866	0.0926	0.0834	0.0839	0.0857	0.0859	0.0843	0.0857	0.0882	0.0853	0.0849	0.0850	0.0858	0.0853	0.0891	0.0867	0.0857	0.0884	0.0850	0.0849	0.0863	0.0854	0.0866	0.0865	0.0876	0.0884	0.0855	0.0857	0.0855	0.0876	0.0878	0.0862	0.0868	0.0872	
0.0917	0.0899	0.0893	0.0883	0.0888	0.0882	0.0872	0.0888	0.0862	0.1093	0.0859	0.0900	0.0906	0.0874	0.0875	0.0862	0.0874	0.0860	0.0870	0.0853	0.0860	0.0840	0.0872	0.0868	0.0872	0.0869	0.0853	0.0881	0.0844	0.0895	0.0882	0.0908	0.0842	0.0865	0.0850	0.0954	0.0871	0.0890	0.0875	0.0872	0.0852	0.0880	0.0846	0.0878	0.0862	0.0890	0.0880	0.0876	0.0868	0.0853	0.0890	0.0882	0.0884	0.0852	0.0875	0.0893	0.0876	0.0839	0.0859	0.0845	0.0866	0.0879	0.0864	0.0854	
0.0906	0.0929	0.0952	0.0923	0.0951	0.0930	0.0930	0.0913	0.0927	0.0944	0.0923	0.0907	0.0963	0.0925	0.0952	0.0928	0.0920	0.0906	0.0906	0.0919	0.0914	0.0906	0.0909	0.0930	0.0887	0.0914	0.0926	0.0936	0.0926	0.0910	0.0930	0.0936	0.0892	0.0897	0.0906	0.1020	0.0917	0.0931	0.0922	0.0933	0.0924	0.0906	0.0934	0.0907	0.0929	0.0934	0.0930	0.0915	0.0917	0.0923	0.0924	0.0919	0.0918	0.0919	0.0926	0.0938	0.0943	0.0914	0.0920	0.0915	0.0932	0.0912	0.0933	0.0924	
0.0903	0.0927	0.0957	0.0896	0.0929	0.0956	0.0899	0.0910	0.0925	0.0928	0.0878	0.0911	0.0916	0.0934	0.0911	0.0931	0.0924	0.0933	0.0897	0.0901	0.0896	0.0906	0.0926	0.0891	0.0911	0.0920	0.0887	0.0901	0.0896	0.0924	0.0898	0.0967	0.0923	0.0906	0.0877	0.0895	0.0917	0.0900	0.0877	0.0875	0.0880	0.0920	0.0888	0.0880	0.0904	0.0903	0.0905	0.0898	0.0900	0.0923	0.0904	0.0887	0.0902	0.0895	0.0913	0.0920	0.0894	0.0896	0.0918	0.0892	0.0918	0.0917	0.0894	0.0892	
0.0895	0.0897	0.0883	0.0907	0.0894	0.0908	0.0909	0.0903	0.0883	0.0902	0.0867	0.0886	0.0876	0.0895	0.0858	0.0881	0.0873	0.0850	0.0876	0.0879	0.0870	0.0869	0.0891	0.0867	0.0885	0.0871	0.0877	0.0880	0.0879	0.0914	0.0894	0.0908	0.0848	0.0864	0.0876	0.0903	0.0878	0.0877	0.0878	0.0892	0.0863	0.0868	0.0872	0.0866	0.0868	0.0879	0.0874	0.0873	0.0882	0.0876	0.0877	0.0858	0.0883	0.0861	0.0874	0.0868	0.0890	0.0865	0.0862	0.0864	0.0926	0.0880	0.0871	0.0872	
0.0920	0.0902	0.0896	0.0913	0.0913	0.0907	0.0895	0.0953	0.0920	0.1016	0.0915	0.0948	0.0947	0.0932	0.0925	0.0938	0.0920	0.0962	0.0907	0.0949	0.0914	0.0914	0.0926	0.0942	0.0919	0.0946	0.0954	0.0949	0.0919	0.0936	0.0927	0.0942	0.0940	0.0921	0.0955	0.0938	0.0956	0.0944	0.0928	0.0934	0.0935	0.0936	0.0917	0.0919	0.0960	0.0951	0.0930	0.0969	0.0924	0.0969	0.0922	0.0951	0.0935	0.0936	0.0938	0.0942	0.0969	0.0946	0.0929	0.0945	0.0959	0.0934	0.0937	0.0918	
0.0898	0.0926	0.0899	0.0905	0.0899	0.0931	0.0890	0.0899	0.0886	0.0880	0.0888	0.0908	0.0898	0.0902	0.0895	0.0929	0.0899	0.0899	0.0879	0.0897	0.0882	0.0898	0.0862	0.0889	0.0890	0.0881	0.0902	0.0884	0.0880	0.0898	0.0885	0.0930	0.0856	0.0921	0.0880	0.0891	0.0867	0.0893	0.0868	0.0904	0.0875	0.0895	0.0899	0.0852	0.0884	0.0902	0.0886	0.0916	0.0924	0.0915	0.0892	0.0897	0.0919	0.0876	0.0886	0.0890	0.0900	0.0875	0.0870	0.0940	0.0888	0.0911	0.0874	0.0862	
0.0919	0.0919	0.0924	0.0906	0.0890	0.0887	0.0912	0.0913	0.0910	0.0910	0.0896	0.0909	0.0919	0.0887	0.0925	0.0910	0.0879	0.0915	0.0877	0.0915	0.0892	0.0895	0.0885	0.0904	0.0878	0.0893	0.0884	0.0913	0.0889	0.0919	0.0885	0.0935	0.0896	0.0899	0.0900	0.1001	0.0885	0.0934	0.0916	0.0882	0.0904	0.0900	0.0907	0.0885	0.0887	0.0925	0.0899	0.0876	0.0894	0.0917	0.0912	0.0902	0.0920	0.0906	0.0934	0.0914	0.0941	0.0891	0.0896	0.0880	0.0921	0.0903	0.0889	0.0894	
0.0883	0.0896	0.0929	0.0891	0.0905	0.0897	0.0920	0.0898	0.0880	0.0900	0.0888	0.0889	0.0888	0.0868	0.0886	0.0874	0.0887	0.0881	0.0854	0.0860	0.0856	0.0893	0.0899	0.0853	0.0869	0.0888	0.0884	0.0884	0.0903	0.0904	0.0882	0.0910	0.0855	0.0875	0.0962	0.0902	0.0873	0.0866	0.0870	0.0891	0.0884	0.0848	0.0862	0.0849	0.0889	0.0896	0.0869	0.0866	0.0873	0.0876	0.0885	0.0896	0.0884	0.0870	0.0882	0.0861	0.0876	0.0875	0.0868	0.0879	0.0893	0.0889	0.0871	0.0877	
0.0888	0.0886	0.0870	0.0903	0.0904	0.0955	0.0894	0.0889	0.0885	0.0900	0.0867	0.0858	0.0896	0.0904	0.0898	0.0885	0.0894	0.0895	0.0883	0.0872	0.0883	0.0895	0.0889	0.0896	0.0908	0.0895	0.0893	0.0912	0.0887	0.0897	0.0902	0.0918	0.0886	0.0892	0.0885	0.0892	0.0885	0.0903	0.0873	0.0884	0.0895	0.0876	0.0885	0.0864	0.0908	0.0917	0.0900	0.0891	0.0864	0.0881	0.0879	0.0891	0.0897	0.0871	0.0900	0.0885	0.0899	0.0879	0.0882	0.0894	0.0896	0.0878	0.0869	0.0856	
0.0915	0.0891	0.0910	0.0910	0.0923	0.0904	0.0907	0.0921	0.0891	0.0925	0.0893	0.0893	0.0922	0.0891	0.0903	0.0910	0.0911	0.0931	0.0893	0.0895	0.0900	0.0941	0.0914	0.0924	0.0898	0.0915	0.0899	0.0905	0.0919	0.0925	0.0970	0.0975	0.0890	0.0875	0.0889	0.0948	0.0944	0.0929	0.0917	0.0939	0.0915	0.0917	0.0895	0.0909	0.0912	0.0916	0.0922	0.0923	0.0910	0.0915	0.0919	0.0890	0.0911	0.0906	0.0934	0.0912	0.0935	0.0889	0.0900	0.0920	0.0922	0.0917	0.0909	0.0906	
0.0917	0.0904	0.0943	0.0915	0.0931	0.0920	0.0920	0.0934	0.0929	0.0996	0.0916	0.0906	0.0951	0.0921	0.0919	0.0910	0.0899	0.0918	0.0891	0.0922	0.0900	0.0905	0.0910	0.0932	0.0930	0.0906	0.0913	0.0912	0.0914	0.0921	0.0909	0.0945	0.0886	0.0905	0.0911	0.0928	0.0912	0.0915	0.0930	0.0944	0.0921	0.0919	0.0931	0.0942	0.0999	0.0957	0.0940	0.0938	0.0918	0.0934	0.0908	0.0904	0.0921	0.0925	0.0919	0.0922	0.0931	0.0920	0.0926	0.0905	0.0927	0.0913	0.0925	0.0905	
0.0916	0.0960	0.0907	0.0930	0.0925	0.0910	0.0931	0.0909	0.0902	0.0925	0.0900	0.0915	0.0927	0.0912	0.0917	0.0962	0.0922	0.0949	0.0909	0.0925	0.0907	0.0935	0.0925	0.0923	0.0921	0.0914	0.0904	0.0915	0.0921	0.0933	0.0923	0.0942	0.0906	0.0927	0.0914	0.0927	0.0934	0.0920	0.0912	0.0922	0.0909	0.0913	0.0924	0.0912	0.0968	0.0946	0.0952	0.0925	0.0898	0.0911	0.0915	0.0936	0.0930	0.0912	0.0931	0.0934	0.0924	0.0909	0.0918	0.0920	0.0926	0.0920	0.0931	0.0900	
0.0921	0.0918	0.0926	0.0920	0.0936	0.0918	0.0915	0.0944	0.0922	0.1657	0.0903	0.0905	0.0938	0.0942	0.0915	0.0920	0.0919	0.0915	0.0936	0.0918	0.0921	0.0921	0.0906	0.0913	0.0921	0.0931	0.0940	0.0916	0.0911	0.0931	0.0912	0.0942	0.0890	0.0903	0.0905	0.0915	0.0910	0.0902	0.0897	0.0905	0.0914	0.0912	0.0917	0.0918	0.0951	0.0943	0.0920	0.0941	0.0891	0.0914	0.0915	0.0896	0.0946	0.0914	0.0930	0.0917	0.0919	0.0911	0.0928	0.1019	0.0928	0.0910	0.0913	0.0922	
0.0900	0.0897	0.0932	0.0902	0.0927	0.0912	0.0902	0.0927	0.0897	0.0914	0.0895	0.0904	0.0893	0.0911	0.0927	0.0923	0.0928	0.0933	0.0893	0.0895	0.0899	0.0904	0.0902	0.0910	0.0898	0.0917	0.0910	0.0890	0.0907	0.0904	0.0912	0.0941	0.0887	0.0895	0.0908	0.0922	0.0912	0.0898	0.0912	0.0920	0.0897	0.0920	0.0883	0.0901	0.0920	0.0906	0.0899	0.0911	0.0878	0.0899	0.0901	0.0900	0.0922	0.0901	0.0901	0.0932	0.0900	0.0886	0.0892	0.0883	0.0900	0.0899	0.0902	0.0886	
0.0930	0.0946	0.0945	0.0970	0.0943	0.0929	0.0922	0.0950	0.0942	0.0942	0.0933	0.0931	0.0946	0.0943	0.0917	0.0953	0.0927	0.0935	0.0924	0.0949	0.0916	0.0925	0.0921	0.0919	0.0916	0.0949	0.0935	0.0920	0.0936	0.0926	0.0936	0.0952	0.0884	0.0931	0.0930	0.0918	0.0943	0.0934	0.0929	0.0935	0.0936	0.0936	0.0911	0.0949	0.0937	0.0952	0.0958	0.0941	0.0916	0.0947	0.0940	0.0933	0.0949	0.0932	0.0936	0.0947	0.0942	0.0916	0.0925	0.0931	0.0922	0.0942	0.0956	0.0920	
0.0937	0.0913	0.0924	0.0920	0.0942	0.0929	0.0932	0.0924	0.0898	0.0906	0.0921	0.0932	0.0952	0.0937	0.0905	0.0916	0.0906	0.0908	0.0907	0.0922	0.0920	0.0907	0.0904	0.0904	0.0911	0.0931	0.0897	0.0897	0.0904	0.0902	0.0930	0.0943	0.0871	0.0893	0.0930	0.0917	0.0921	0.0904	0.0922	0.0928	0.0929	0.0917	0.0902	0.0897	0.0908	0.0919	0.0911	0.0896	0.0909	0.0935	0.0904	0.0908	0.0924	0.0906	0.0925	0.0912	0.0906	0.0905	0.0924	0.0912	0.0917	0.0906	0.0933	0.0917	
0.0938	0.0911	0.0892	0.0942	0.0927	0.0910	0.0926	0.0917	0.0894	0.0905	0.0916	0.0908	0.0935	0.0909	0.0906	0.0905	0.0905	0.0906	0.0891	0.0925	0.0891	0.0907	0.0907	0.0904	0.0898	0.0940	0.0910	0.0903	0.0918	0.0899	0.0916	0.0931	0.0874	0.0888	0.0898	0.0891	0.0900	0.0911	0.0909	0.0906	0.0908	0.0895	0.0881	0.0896	0.0908	0.0918	0.0917	0.0911	0.0897	0.0901	0.0911	0.0900	0.0893	0.0921	0.0913	0.0913	0.0913	0.0903	0.0905	0.0906	0.0889	0.0903	0.0935	0.0931	
0.0926	0.0923	0.0902	0.0925	0.0934	0.0929	0.0912	0.0921	0.0900	0.0907	0.0896	0.0906	0.0895	0.0907	0.0916	0.0917	0.0892	0.0901	0.0895	0.0912	0.0892	0.0913	0.0888	0.0912	0.0898	0.0897	0.0906	0.0889	0.0893	0.0920	0.0905	0.0961	0.0880	0.0883	0.0904	0.0906	0.0942	0.0902	0.0900	0.0913	0.0905	0.0888	0.0886	0.0890	0.0926	0.0907	0.0911	0.0908	0.0881	0.0908	0.0908	0.0896	0.0910	0.0897	0.0917	0.0907	0.0888	0.0891	0.0909	0.0906	0.0920	0.0892	0.0901	0.0903	
0.0971	0.0944	0.0935	0.0954	0.0948	0.0929	0.0932	0.0944	0.0923	0.0925	0.0936	0.0917	0.0953	0.0948	0.0935	0.0941	0.0936	0.0940	0.0928	0.0949	0.0917	0.0938	0.0921	0.0936	0.0923	0.0928	0.0929	0.0940	0.0947	0.0944	0.0942	0.0980	0.0918	0.0939	0.0942	0.0950	0.0927	0.0934	0.0934	0.0940	0.0937	0.0929	0.0929	0.0935	0.0977	0.0948	0.0927	0.0964	0.0932	0.0943	0.0947	0.0946	0.0949	0.0962	0.0939	0.0931	0.0948	0.0929	0.0945	0.0937	0.0959	0.0958	0.0950	0.0947	
0.0966	0.0936	0.0929	0.0944	0.0938	0.0940	0.0931	0.0929	0.0929	0.0924	0.0921	0.0923	0.0931	0.0928	0.0926	0.0926	0.0919	0.0922	0.0910	0.0937	0.0950	0.0939	0.0906	0.0923	0.0928	0.0936	0.0925	0.0925	0.0932	0.0935	0.0936	0.0977	0.0903	0.0921	0.0930	0.0925	0.0926	0.0917	0.0962	0.0918	0.0932	0.0928	0.0917	0.0927	0.0955	0.0947	0.0931	0.0928	0.0909	0.0946	0.0923	0.0928	0.0952	0.0938	0.0938	0.0937	0.0933	0.0945	0.0923	0.0919	0.0942	0.0930	0.0940	0.0933	
0.0967	0.0930	0.0910	0.0930	0.0911	0.0939	0.0922	0.0930	0.0928	0.0913	0.0907	0.0922	0.0929	0.0920	0.0931	0.0930	0.0928	0.0912	0.0901	0.0907	0.0918	0.0910	0.0918	0.0918	0.0926	0.0911	0.0907	0.0917	0.0922	0.0924	0.0911	0.0953	0.0886	0.0912	0.0907	0.0932	0.0910	0.0926	0.0908	0.0918	0.0938	0.0922	0.0902	0.0909	0.0926	0.0938	0.0922	0.0920	0.0895	0.0927	0.0919	0.0917	0.0929	0.0927	0.0939	0.0920	0.0929	0.0913	0.0916	0.0926	0.0916	0.0930	0.0922	0.0918	
0.0984	0.0933	0.0930	0.0925	0.0929	0.0935	0.0921	0.0935	0.0936	0.0924	0.0923	0.0920	0.0934	0.0931	0.0918	0.0902	0.0943	0.0918	0.0922	0.0929	0.0914	0.0919	0.0927	0.0930	0.0937	0.0931	0.0926	0.0914	0.0926	0.0937	0.0927	0.0976	0.0906	0.0918	0.0919	0.0925	0.0931	0.0940	0.0912	0.0928	0.0922	0.0914	0.0910	0.0913	0.0948	0.0951	0.0923	0.0932	0.0916	0.0917	0.0913	0.0913	0.0936	0.0932	0.0940	0.0942	0.0921	0.0918	0.0937	0.0924	0.0936	0.0931	0.0920	0.0941	
0.0988	0.0952	0.0914	0.0939	0.0918	0.0920	0.0924	0.0929	0.0972	0.0940	0.0925	0.0933	0.0935	0.0929	0.0935	0.0939	0.0929	0.0933	0.0915	0.0939	0.0915	0.0936	0.0926	0.0928	0.0938	0.0931	0.0912	0.0919	0.0936	0.0937	0.0928	0.0969	0.0920	0.0929	0.0931	0.0925	0.0913	0.0940	0.0931	0.0921	0.0943	0.0925	0.0927	0.0928	0.0943	0.0949	0.0943	0.0924	0.0906	0.0934	0.0920	0.0934	0.0936	0.0921	0.0937	0.0946	0.0921	0.0928	0.0941	0.0934	0.0937	0.0929	0.0937	0.0942	
0.1017	0.0943	0.0938	0.0947	0.0944	0.0941	0.0931	0.0942	0.0957	0.0934	0.0933	0.0942	0.0930	0.0943	0.0939	0.0935	0.0938	0.0942	0.0919	0.0945	0.0943	0.0940	0.0923	0.0941	0.0945	0.0937	0.0914	0.0930	0.0920	0.0936	0.0928	0.0958	0.0929	0.0922	0.0935	0.0926	0.0936	0.0940	0.0950	0.0925	0.0934	0.0926	0.0933	0.0933	0.0934	0.0928	0.0952	0.0924	0.0920	0.0939	0.0935	0.0931	0.0957	0.0926	0.0944	0.0945	0.0922	0.0916	0.0945	0.0923	0.0954	0.0934	0.0937	0.0929	
0.1014	0.0930	0.0910	0.0937	0.0926	0.0928	0.0903	0.0935	0.0938	0.0946	0.0903	0.0929	0.0928	0.0932	0.0930	0.0925	0.0936	0.0919	0.0902	0.0926	0.0907	0.0916	0.0927	0.0919	0.0930	0.0912	0.0876	0.0908	0.0893	0.0916	0.0918	0.0959	0.0892	0.0895	0.0910	0.1011	0.0897	0.0922	0.0923	0.0923	0.0909	0.0910	0.0902	0.0909	0.0914	0.0931	0.0928	0.0918	0.0915	0.0925	0.0919	0.0898	0.0931	0.0918	0.0937	0.0921	0.0922	0.0919	0.0920	0.0922	0.0926	0.0922	0.0932	0.0928	
0.1033	0.0930	0.0922	0.0921	0.0933	0.0941	0.0920	0.0919	0.0934	0.0934	0.0922	0.0917	0.0920	0.0913	0.0928	0.0924	0.0928	0.0912	0.0919	0.0918	0.0895	0.0908	0.0906	0.0901	0.0915	0.0905	0.0916	0.0901	0.0921	0.0923	0.0915	0.0961	0.0898	0.0910	0.0902	0.0919	0.0915	0.0911	0.0930	0.0931	0.0926	0.0901	0.0897	0.0922	0.0951	0.0976	0.0933	0.0926	0.0909	0.0925	0.0924	0.0911	0.0933	0.0923	0.0934	0.0922	0.0919	0.0913	0.0939	0.0919	0.0935	0.0918	0.0939	0.0918	
0.1069	0.0929	0.0914	0.0921	0.0937	0.0920	0.0906	0.0920	0.0941	0.0921	0.0901	0.0926	0.0920	0.0927	0.0920	0.0934	0.0911	0.0927	0.0903	0.0926	0.0913	0.0920	0.0934	0.0932	0.0927	0.0917	0.0912	0.0900	0.0934	0.0933	0.0930	0.0954	0.0909	0.0909	0.0918	0.0943	0.0932	0.0933	0.0920	0.0917	0.0948	0.0916	0.0917	0.0941	0.0945	0.0940	0.0945	0.0909	0.0919	0.0935	0.0931	0.0930	0.0953	0.0931	0.0958	0.0940	0.0924	0.0916	0.0942	0.0932	0.0931	0.0934	0.0937	0.0906	
0.1090	0.0980	0.0927	0.0951	0.0929	0.0929	0.0917	0.0944	0.0955	0.1468	0.0908	0.0940	0.0945	0.0947	0.0929	0.0939	0.0943	0.0942	0.0930	0.0949	0.0924	0.0955	0.0940	0.0930	0.0954	0.0923	0.0920	0.0931	0.0926	0.0931	0.0937	0.0961	0.0940	0.0916	0.0930	0.1031	0.0940	0.0932	0.0938	0.0914	0.0939	0.0915	0.0919	0.0934	0.0950	0.0943	0.0945	0.0947	0.0926	0.0939	0.0932	0.0930	0.0950	0.0932	0.0944	0.0946	0.0920	0.0893	0.0936	0.0899	0.0917	0.0914	0.0917	0.0952	
0.1092	0.0947	0.0920	0.0925	0.0917	0.0925	0.0915	0.0928	0.0936	0.0974	0.0891	0.0916	0.0947	0.0906	0.0918	0.0923	0.0913	0.0903	0.0897	0.0927	0.0877	0.0903	0.0901	0.0904	0.0942	0.0906	0.0883	0.0885	0.0900	0.0906	0.0912	0.0932	0.0903	0.0890	0.0916	0.0909	0.0924	0.0930	0.0909	0.0918	0.0936	0.0895	0.0884	0.0903	0.0921	0.0928	0.0905	0.0912	0.0892	0.0902	0.0905	0.0914	0.0920	0.0919	0.0912	0.0902	0.0906	0.0887	0.0882	0.0903	0.0915	0.0921	0.0913	0.0913	
0.1146	0.0972	0.0937	0.0929	0.0936	0.0936	0.0925	0.0942	0.0968	0.0965	0.0917	0.0929	0.0946	0.0942	0.0924	0.0934	0.0945	0.0947	0.0919	0.0933	0.0923	0.0933	0.0932	0.0918	0.0956	0.0932	0.0920	0.0914	0.0927	0.0941	0.0930	0.0960	0.0936	0.0928	0.0942	0.0954	0.0946	0.0939	0.0938	0.0934	0.0950	0.0940	0.0930	0.0924	0.0943	0.0943	0.0939	0.0937	0.0930	0.0936	0.0946	0.0925	0.0940	0.0945	0.0951	0.0936	0.0946	0.0926	0.0941	0.0939	0.0956	0.0942	0.0940	0.0925	
0.1148	0.0969	0.0932	0.0936	0.0949	0.0937	0.0923	0.0934	0.0971	0.1149	0.0907	0.0929	0.0916	0.0915	0.0927	0.0928	0.0950	0.0931	0.0913	0.0921	0.0929	0.0925	0.0913	0.0923	0.0971	0.0924	0.0914	0.0899	0.0904	0.0928	0.0925	0.0961	0.0924	0.0915	0.0925	0.0905	0.0936	0.0922	0.0929	0.0928	0.0936	0.0917	0.0935	0.0932	0.0955	0.0923	0.0935	0.0927	0.0903	0.0934	0.0925	0.0919	0.0973	0.0942	0.0974	0.0945	0.0937	0.0938	0.0947	0.0924	0.0928	0.0926	0.0933	0.0925	
0.1197	0.0993	0.0931	0.0922	0.0930	0.0943	0.0924	0.0919	0.0983	0.0953	0.0906	0.0907	0.0933	0.0943	0.0902	0.0935	0.0943	0.0943	0.0914	0.0927	0.0932	0.0935	0.0917	0.0925	0.0951	0.0911	0.0903	0.0903	0.0903	0.0941	0.0925	0.0963	0.0930	0.0924	0.0933	0.0907	0.0935	0.0934	0.0923	0.0925	0.0932	0.0916	0.0905	0.0911	0.0944	0.0955	0.0940	0.0933	0.0931	0.0926	0.0925	0.0926	0.0927	0.0918	0.0930	0.0928	0.0914	0.0906	0.0923	0.0919	0.0943	0.0924	0.0945	0.0925	
0.1246	0.0992	0.0927	0.0944	0.0935	0.0930	0.0929	0.0944	0.0988	0.0923	0.0900	0.0903	0.0913	0.0910	0.0906	0.0905	0.0953	0.0924	0.0902	0.0908	0.0905	0.0909	0.0908	0.0904	0.0957	0.0916	0.0899	0.0901	0.0909	0.0939	0.0912	0.0939	0.0925	0.0900	0.0908	0.0904	0.0913	0.0912	0.0915	0.0917	0.0927	0.0911	0.0898	0.0912	0.0923	0.0923	0.0920	0.0914	0.0915	0.0917	0.0908	0.0953	0.0922	0.0914	0.0925	0.0920	0.0912	0.0891	0.0911	0.0921	0.0916	0.0923	0.0921	0.0919	
0.1300	0.0992	0.0953	0.0942	0.0936	0.0921	0.0919	0.0937	0.1010	0.1046	0.0921	0.0911	0.0934	0.0925	0.0919	0.0930	0.0954	0.0935	0.0927	0.0928	0.0915	0.0918	0.0931	0.0919	0.0972	0.0923	0.0915	0.0909	0.0925	0.0919	0.0923	0.0948	0.0942	0.0923	0.0919	0.0926	0.0936	0.0922	0.0940	0.0932	0.0950	0.0927	0.0910	0.0924	0.0931	0.0930	0.0935	0.0940	0.0906	0.0927	0.0934	0.0935	0.0962	0.0948	0.0955	0.0979	0.0954	0.0941	0.0956	0.0961	0.0963	0.0968	0.0950	0.0944	
0.1331	0.1012	0.0952	0.0921	0.0924	0.0926	0.0943	0.1025	0.1022	0.1050	0.0904	0.0910	0.0917	0.0933	0.0902	0.0917	0.0965	0.0940	0.0919	0.0932	0.0908	0.0914	0.0928	0.0950	0.0983	0.0935	0.0916	0.0910	0.0936	0.0928	0.0908	0.0943	0.0940	0.0933	0.0912	0.0926	0.0921	0.0934	0.0909	0.0905	0.0944	0.0918	0.0912	0.0934	0.0977	0.0957	0.0937	0.0931	0.0914	0.0922	0.0918	0.0917	0.0933	0.0927	0.0920	0.0928	0.0921	0.0929	0.0911	0.0914	0.0948	0.0942	0.0939	0.0950	
0.1384	0.1042	0.0939	0.0917	0.0919	0.0925	0.0901	0.0920	0.1035	0.0950	0.0904	0.0923	0.0931	0.0942	0.0908	0.0907	0.0986	0.0934	0.0916	0.0931	0.0887	0.0917	0.0896	0.0916	0.0993	0.0910	0.0898	0.0896	0.0899	0.0913	0.0919	0.0956	0.0945	0.0905	0.0919	0.0910	0.0910	0.0924	0.0906	0.0922	0.0944	0.0923	0.0908	0.0918	0.0927	0.0930	0.0934	0.0931	0.0911	0.0917	0.0916	0.0911	0.0936	0.0918	0.0934	0.0932	0.0913	0.0916	0.0909	0.0912	0.0928	0.0931	0.0921	0.0919	
0.1434	0.1037	0.0975	0.0956	0.0927	0.0918	0.0909	0.0929	0.1054	0.0958	0.0898	0.0918	0.0939	0.0922	0.0911	0.0927	0.0962	0.0942	0.0906	0.0914	0.0907	0.0918	0.0911	0.0915	0.1003	0.0927	0.0904	0.0910	0.0922	0.0921	0.0912	0.0955	0.0989	0.0936	0.0902	0.0909	0.0939	0.0924	0.0948	0.0918	0.0958	0.0922	0.0941	0.0911	0.0933	0.0948	0.0934	0.0923	0.0933	0.0932	0.0917	0.0915	0.0957	0.0986	0.0938	0.0928	0.0931	0.0922	0.0933	0.0921	0.0937	0.0935	0.0940	0.0929	
0.1507	0.1082	0.0983	0.0937	0.0940	0.0927	0.0893	0.0924	0.1068	0.0949	0.0902	0.0907	0.0925	0.0905	0.0903	0.0906	0.0975	0.0956	0.0907	0.0899	0.0901	0.0917	0.0923	0.0907	0.1015	0.0916	0.0888	0.0902	0.0933	0.0904	0.0925	0.0941	0.0986	0.0908	0.0892	0.0896	0.0910	0.0922	0.0937	0.0908	0.0987	0.0912	0.0901	0.0912	0.0922	0.0936	0.0939	0.0919	0.0903	0.0943	0.0908	0.0923	0.0959	0.0914	0.0933	0.0933	0.0917	0.0894	0.0923	0.0967	0.0930	0.0916	0.0923	0.0964	
0.1597	0.1108	0.1001	0.0925	0.0924	0.0916	0.0921	0.0940	0.1119	0.0953	0.0955	0.0914	0.0921	0.0905	0.0920	0.0904	0.1005	0.0955	0.0910	0.0902	0.0902	0.0935	0.0890	0.0899	0.1029	0.0919	0.0903	0.0893	0.0918	0.0949	0.0922	0.0953	0.1006	0.0904	0.0903	0.0892	0.0930	0.0903	0.0917	0.0911	0.0960	0.0937	0.0904	0.0900	0.0924	0.0943	0.0932	0.0916	0.0937	0.0917	0.0926	0.0916	0.0929	0.0941	0.0946	0.0939	0.0926	0.0916	0.0934	0.0919	0.0928	0.0939	0.0951	0.0937	
0.1674	0.1150	0.0988	0.0912	0.0936	0.0919	0.0895	0.0922	0.1102	0.0966	0.0882	0.0932	0.0917	0.0908	0.0920	0.0898	0.1020	0.0944	0.0881	0.0891	0.0874	0.0911	0.0903	0.0912	0.1058	0.0911	0.0892	0.0890	0.0888	0.0905	0.0908	0.0942	0.0977	0.0910	0.0914	0.1015	0.0890	0.0888	0.0886	0.0885	0.0949	0.0891	0.0899	0.0923	0.0915	0.0927	0.0934	0.0902	0.0899	0.0897	0.0896	0.0888	0.0899	0.0927	0.0918	0.0900	0.0904	0.0882	0.0899	0.0919	0.0906	0.0912	0.0910	0.0901	
0.1809	0.1193	0.1035	0.0942	0.0953	0.0925	0.0933	0.0959	0.1176	0.0995	0.0941	0.0922	0.0948	0.0926	0.0921	0.0924	0.1076	0.0984	0.0930	0.0921	0.0926	0.0928	0.0916	0.0933	0.1089	0.0977	0.0917	0.0915	0.0921	0.0924	0.0917	0.0963	0.1014	0.0929	0.0930	0.0923	0.0941	0.0930	0.0926	0.0929	0.0985	0.0921	0.0908	0.0922	0.0931	0.0938	0.0969	0.0943	0.0921	0.0911	0.0934	0.0931	0.0955	0.0931	0.0942	0.0939	0.0931	0.0921	0.0920	0.0937	0.0952	0.0934	0.0942	0.0937	
0.1901	0.1232	0.1031	0.0976	0.0945	0.0959	0.0912	0.0946	0.1222	0.1048	0.0919	0.0917	0.0921	0.0924	0.0926	0.0936	0.1051	0.0995	0.0910	0.0922	0.0924	0.0930	0.0912	0.0926	0.1101	0.0948	0.0907	0.0918	0.0905	0.0905	0.0925	0.0952	0.1043	0.0945	0.0910	0.0905	0.0920	0.0920	0.0910	0.0916	0.0989	0.0914	0.0897	0.0913	0.0925	0.0937	0.0938	0.0926	0.0933	0.0917	0.0905	0.0926	0.0933	0.0937	0.0948	0.0930	0.0931	0.0907	0.0926	0.0951	0.0976	0.0968	0.0938	0.0921	
0.2048	0.1311	0.1070	0.0975	0.0963	0.0983	0.0922	0.0961	0.1282	0.1497	0.0951	0.0943	0.0941	0.0932	0.0927	0.0941	0.1130	0.1034	0.0948	0.0929	0.0952	0.0956	0.0936	0.0940	0.1147	0.0954	0.0920	0.0934	0.0925	0.0947	0.0945	0.0976	0.1061	0.0950	0.0922	0.0933	0.0936	0.0936	0.0931	0.0930	0.1004	0.0958	0.0936	0.0928	0.0947	0.0952	0.0938	0.0928	0.0944	0.0950	0.0918	0.0938	0.0947	0.0934	0.0960	0.0928	0.0944	0.0913	0.0923	0.0926	0.0955	0.0937	0.0963	0.0938	
0.2143	0.1357	0.1044	0.0961	0.0958	0.0945	0.0921	0.0928	0.1302	0.1048	0.0913	0.0915	0.0910	0.0906	0.0917	0.0909	0.1109	0.1017	0.0896	0.0918	0.0887	0.0917	0.0897	0.0876	0.1144	0.0956	0.0882	0.0903	0.0897	0.0898	0.0896	0.0931	0.1062	0.0944	0.0900	0.0944	0.0896	0.0913	0.0907	0.0900	0.0997	0.0918	0.0892	0.0877	0.0904	0.0925	0.0910	0.0928	0.0921	0.0908	0.0876	0.0904	0.0918	0.0909	0.0927	0.0918	0.0915	0.0891	0.0921	0.0938	0.0899	0.0973	0.0936	0.0920	
0.2364	0.1471	0.1090	0.0978	0.0959	0.0944	0.0935	0.0951	0.1398	0.1175	0.0907	0.0920	0.0932	0.0920	0.0967	0.0930	0.1181	0.1023	0.0915	0.0905	0.0912	0.0919	0.0902	0.0919	0.1245	0.0965	0.0932	0.0917	0.0921	0.0909	0.0915	0.0933	0.1122	0.0947	0.0892	0.0903	0.0923	0.0891	0.0918	0.0912	0.1033	0.0920	0.0906	0.0907	0.0902	0.0913	0.0939	0.0913	0.0974	0.0950	0.0939	0.0952	0.0966	0.0954	0.0956	0.0948	0.0942	0.0912	0.0923	0.0942	0.0930	0.0958	0.0955	0.0932	
0.2529	0.1553	0.1110	0.0994	0.1048	0.0941	0.0923	0.0936	0.1433	0.1265	0.0918	0.0937	0.0918	0.0906	0.0901	0.0913	0.1241	0.1037	0.0916	0.0898	0.0897	0.0917	0.0879	0.0920	0.1268	0.0977	0.0911	0.0897	0.0897	0.0893	0.0901	0.0924	0.1117	0.0955	0.0875	0.0983	0.0898	0.0899	0.0912	0.0907	0.1011	0.0936	0.0895	0.0891	0.0916	0.0902	0.0894	0.0918	0.0905	0.0885	0.0880	0.0920	0.0919	0.0903	0.0926	0.0909	0.0911	0.0881	0.0921	0.0901	0.0920	0.0909	0.0890	0.0916	
0.2719	0.1667	0.1154	0.0988	0.0975	0.0949	0.0914	0.0953	0.1530	0.1197	0.0924	0.0930	0.0937	0.0903	0.0902	0.0913	0.1300	0.1063	0.0925	0.0904	0.0901	0.0916	0.0912	0.0897	0.1347	0.0987	0.0896	0.0904	0.0902	0.0904	0.0899	0.0928	0.1165	0.0952	0.0904	0.0896	0.0905	0.0912	0.0901	0.0911	0.1046	0.0926	0.0886	0.0911	0.0891	0.0916	0.0941	0.0890	0.0911	0.0908	0.0892	0.0891	0.0922	0.0899	0.0919	0.0937	0.0920	0.0895	0.0883	0.0897	0.0900	0.0915	0.0904	0.0909	
0.2949	0.1802	0.1194	0.0990	0.0988	0.0955	0.0927	0.0955	0.1633	0.1258	0.0932	0.0919	0.0932	0.0901	0.0906	0.0929	0.1344	0.1095	0.0923	0.0934	0.0907	0.0922	0.0903	0.0888	0.1401	0.0991	0.0895	0.0908	0.0893	0.0905	0.0910	0.0923	0.1217	0.0960	0.0893	0.0892	0.0902	0.0914	0.0895	0.0885	0.1065	0.0922	0.0894	0.0900	0.0918	0.0908	0.0909	0.0902	0.0921	0.0903	0.0892	0.0890	0.0909	0.0893	0.0899	0.0917	0.0943	0.0923	0.0897	0.0893	0.0925	0.0906	0.0916	0.0919	
0.3224	0.1999	0.1270	0.1039	0.1023	0.0993	0.0943	0.0976	0.1791	0.1233	0.0955	0.0930	0.0948	0.0941	0.0924	0.0916	0.1458	0.1151	0.0940	0.0942	0.0925	0.0916	0.0913	0.0926	0.1519	0.1061	0.0921	0.0915	0.0911	0.0920	0.0919	0.0946	0.1280	0.0988	0.0898	0.0916	0.0923	0.0949	0.0919	0.0900	0.1123	0.0948	0.0902	0.0907	0.0961	0.0930	0.0930	0.0935	0.0949	0.0928	0.0911	0.0901	0.0940	0.0935	0.0930	0.0915	0.0951	0.0916	0.0962	0.0911	0.0932	0.0934	0.0933	0.0919	
0.3434	0.2161	0.1276	0.1015	0.1005	0.0963	0.0978	0.0964	0.1910	0.1552	0.0959	0.0931	0.0937	0.0931	0.0901	0.0917	0.1544	0.1150	0.0954	0.0925	0.0900	0.0922	0.0918	0.0904	0.1600	0.1033	0.0913	0.0896	0.0901	0.0905	0.0908	0.0921	0.1330	0.0991	0.0910	0.0888	0.0935	0.0899	0.0914	0.0910	0.1133	0.0950	0.0891	0.0913	0.0897	0.0976	0.0918	0.0928	0.0952	0.0928	0.0911	0.0922	0.0936	0.0910	0.0910	0.0926	0.0943	0.0913	0.0934	0.0904	0.0978	0.0906	0.0905	0.0918	
0.3699	0.2335	0.1346	0.1043	0.1021	0.0971	0.0929	0.0969	0.2083	0.1390	0.0955	0.0923	0.0921	0.0915	0.0899	0.0913	0.1661	0.1187	0.0921	0.0912	0.0895	0.0903	0.0890	0.0901	0.1691	0.1020	0.0893	0.0894	0.0904	0.0888	0.0877	0.0907	0.1413	0.0982	0.0879	0.0876	0.0889	0.0889	0.0889	0.0882	0.1157	0.0936	0.0882	0.0887	0.0900	0.0904	0.0932	0.0908	0.0996	0.0919	0.0893	0.0878	0.0918	0.0904	0.0920	0.0900	0.0929	0.0892	0.0923	0.0916	0.0908	0.0920	0.0922	0.0911	
0.3965	0.2551	0.1441	0.1080	0.1068	0.0996	0.0971	0.0986	0.2315	0.1418	0.0995	0.0961	0.0964	0.0970	0.0956	0.0948	0.1874	0.1260	0.0948	0.0968	0.0931	0.0935	0.0933	0.0944	0.1855	0.1109	0.0928	0.0914	0.0932	0.0918	0.0932	0.0978	0.1553	0.1043	0.0936	0.1006	0.0924	0.0929	0.0936	0.0914	0.1220	0.0994	0.0918	0.0909	0.0915	0.0932	0.0925	0.0929	0.0989	0.0934	0.0926	0.0931	0.0936	0.0941	0.0931	0.0930	0.0966	0.0938	0.0950	0.0924	0.0951	0.0934	0.0943	0.0926	
0.4230	0.2802	0.1507	0.1102	0.1066	0.1007	0.0970	0.0998	0.2497	0.1485	0.0977	0.0952	0.0964	0.0955	0.0921	0.0936	0.2078	0.1290	0.0960	0.0977	0.0964	0.0952	0.0935	0.0949	0.2028	0.1123	0.0949	0.0937	0.0930	0.0928	0.0929	0.0950	0.1641	0.1034	0.0910	0.1032	0.0905	0.0932	0.0917	0.0920	0.1270	0.0984	0.0900	0.0928	0.0925	0.0924	0.0935	0.0927	0.1003	0.0951	0.0926	0.0921	0.0922	0.0939	0.0932	0.0955	0.0945	0.0932	0.0928	0.0917	0.0947	0.0915	0.0935	0.0928	
0.4428	0.3059	0.1591	0.1118	0.1080	0.0981	0.0943	0.0990	0.2756	0.1727	0.0967	0.0943	0.0941	0.0944	0.0905	0.0927	0.2254	0.1306	0.0976	0.0923	0.0921	0.0918	0.0957	0.0901	0.2177	0.1115	0.0907	0.0889	0.0903	0.0901	0.0907	0.0943	0.1749	0.1054	0.0903	0.0896	0.0903	0.0896	0.0892	0.0902	0.1324	0.0959	0.0883	0.0898	0.0899	0.0897	0.0905	0.0894	0.0983	0.0931	0.0897	0.0887	0.0911	0.0900	0.0904	0.0917	0.0957	0.0916	0.0898	0.0888	0.0927	0.0914	0.0899	0.0896	
0.4763	0.3294	0.1696	0.1147	0.1100	0.1020	0.0977	0.1006	0.3010	0.1640	0.0970	0.0946	0.0941	0.0941	0.0909	0.0921	0.2469	0.1376	0.0958	0.0922	0.0941	0.0924	0.0910	0.0916	0.2418	0.1163	0.0926	0.0913	0.0905	0.0920	0.0910	0.0938	0.1917	0.1092	0.0929	0.0887	0.0908	0.0910	0.0917	0.0909	0.1404	0.0997	0.0904	0.0885	0.0928	0.0916	0.0901	0.0914	0.1014	0.0947	0.0906	0.0918	0.0931	0.0919	0.0927	0.0926	0.0931	0.0929	0.0905	0.0903	0.0933	0.0935	0.0917	0.0944	
0.5059	0.3597	0.1770	0.1169	0.1134	0.1017	0.0959	0.1007	0.3281	0.1727	0.0975	0.0956	0.0940	0.0927	0.0908	0.0920	0.2714	0.1426	0.0961	0.0927	0.0907	0.0917	0.0908	0.0936	0.2663	0.1204	0.0932	0.0913	0.0913	0.0915	0.0892	0.0927	0.2065	0.1097	0.0930	0.0896	0.0891	0.0913	0.0898	0.0898	0.1519	0.1021	0.0908	0.0895	0.0922	0.0923	0.0911	0.0921	0.1032	0.0935	0.0911	0.0910	0.0915	0.0922	0.0921	0.0925	0.0983	0.0917	0.0929	0.0931	0.0933	0.0928	0.0943	0.0909	
0.5250	0.3831	0.1914	0.1230	0.1160	0.1058	0.0987	0.1042	0.3574	0.1911	0.1034	0.1066	0.0954	0.0956	0.0937	0.0943	0.3001	0.1541	0.0990	0.0966	0.0937	0.0962	0.0933	0.0938	0.2924	0.1245	0.0947	0.0923	0.0966	0.0948	0.0950	0.0994	0.2274	0.1149	0.0956	0.0934	0.0931	0.0935	0.0935	0.0934	0.1652	0.1062	0.0939	0.0919	0.1010	0.0954	0.0929	0.0935	0.1083	0.0972	0.0917	0.0931	0.0956	0.0943	0.0947	0.0952	0.0983	0.0977	0.0949	0.0940	0.0949	0.0943	0.0979	0.0946	
0.5484	0.4093	0.2054	0.1277	0.1194	0.1076	0.0977	0.1027	0.3814	0.2054	0.1013	0.0964	0.0952	0.0947	0.0923	0.0919	0.3174	0.1584	0.0983	0.0983	0.0921	0.0926	0.0915	0.0912	0.3121	0.1273	0.0927	0.0932	0.0915	0.0914	0.0908	0.0944	0.2468	0.1189	0.0921	0.0910	0.0917	0.0915	0.0920	0.0921	0.1724	0.1056	0.0908	0.0928	0.0924	0.0917	0.0926	0.0925	0.1070	0.0950	0.0910	0.0921	0.0923	0.0933	0.0923	0.0917	0.0974	0.0923	0.0915	0.0942	0.0924	0.0926	0.0931	0.0922	
0.5704	0.4398	0.2214	0.1320	0.1234	0.1105	0.1002	0.1057	0.4148	0.2200	0.1031	0.0992	0.0969	0.0950	0.0932	0.0936	0.3524	0.1696	0.0995	0.0964	0.0977	0.0939	0.0936	0.0922	0.3385	0.1344	0.0946	0.0933	0.0926	0.0939	0.0923	0.0966	0.2706	0.1230	0.0951	0.0930	0.0953	0.0951	0.0957	0.0962	0.1910	0.1131	0.0954	0.0967	0.0970	0.0943	0.0952	0.0955	0.1162	0.1024	0.0963	0.0986	0.0970	0.0959	0.0983	0.0975	0.1008	0.0971	0.0990	0.0972	0.0974	0.0972	0.0943	0.0980	
0.5957	0.4639	0.2334	0.1389	0.1281	0.1092	0.1092	0.1079	0.4354	0.2408	0.1068	0.1000	0.0953	0.0967	0.0937	0.0971	0.3849	0.1772	0.0983	0.0934	0.0946	0.0917	0.0902	0.0897	0.3680	0.1377	0.0919	0.0938	0.0943	0.0922	0.0926	0.0955	0.2963	0.1248	0.0950	0.0918	0.0949	0.0928	0.0904	0.0903	0.2049	0.1082	0.0892	0.0900	0.0901	0.0896	0.0906	0.0912	0.1155	0.0954	0.0916	0.0902	0.0926	0.0898	0.0913	0.0928	0.0965	0.0927	0.0901	0.0881	0.0901	0.0915	0.0941	0.0902	
0.6212	0.4861	0.2506	0.1451	0.1274	0.1129	0.1004	0.1069	0.4608	0.2645	0.1041	0.0960	0.0949	0.0937	0.0909	0.0939	0.4050	0.1927	0.0992	0.0931	0.0920	0.0926	0.0925	0.0964	0.3953	0.1442	0.0945	0.0918	0.0915	0.0909	0.0903	0.0967	0.3256	0.1361	0.0952	0.0970	0.0936	0.0919	0.0893	0.0891	0.2235	0.1150	0.0898	0.0903	0.0910	0.0936	0.0943	0.0916	0.1187	0.0972	0.0918	0.0924	0.0936	0.0944	0.0969	0.0958	0.1021	0.0964	0.0931	0.0956	0.0969	0.0948	0.0918	0.0931	
0.6397	0.5060	0.2720	0.1525	0.1363	0.1175	0.1039	0.1105	0.4889	0.2938	0.1083	0.1020	0.0959	0.0957	0.0941	0.0953	0.4359	0.2062	0.1004	0.0950	0.0950	0.0954	0.0937	0.0931	0.4271	0.1526	0.0942	0.0939	0.0924	0.0920	0.0908	0.0963	0.3534	0.1416	0.0949	0.0885	0.0906	0.0935	0.0913	0.0919	0.2470	0.1149	0.0902	0.0878	0.0954	0.0937	0.0914	0.0902	0.1252	0.0971	0.0891	0.0924	0.0908	0.0905	0.0944	0.0944	0.0973	0.0938	0.0878	0.0905	0.0950	0.0925	0.0925	0.0919	
0.6728	0.5290	0.2878	0.1603	0.1383	0.1182	0.1048	0.1067	0.5097	0.3179	0.1044	0.0949	0.0967	0.0939	0.0917	0.0927	0.4558	0.2131	0.0996	0.0928	0.0926	0.0913	0.0888	0.0892	0.4459	0.1605	0.0930	0.0897	0.0889	0.0883	0.0894	0.0908	0.3833	0.1411	0.0910	0.0885	0.0907	0.0895	0.0868	0.0885	0.2663	0.1170	0.0865	0.0866	0.0876	0.0876	0.0889	0.0878	0.1265	0.0957	0.0871	0.0883	0.0881	0.0871	0.0881	0.0892	0.0938	0.0929	0.0873	0.0873	0.0884	0.0883	0.0878	0.0881	
0.6934	0.5491	0.3019	0.1683	0.1472	0.1247	0.1081	0.1118	0.5255	0.3505	0.1101	0.0996	0.0971	0.0954	0.0960	0.0929	0.4806	0.2313	0.1047	0.0949	0.0975	0.0944	0.0917	0.0918	0.4694	0.1728	0.0950	0.0926	0.0919	0.0911	0.0915	0.0957	0.4070	0.1523	0.0938	0.0924	0.0923	0.0917	0.0913	0.0913	0.2934	0.1236	0.0905	0.0911	0.0917	0.0923	0.0916	0.0912	0.1372	0.1012	0.0906	0.0914	0.0928	0.0925	0.0925	0.0921	0.1006	0.0946	0.0923	0.0906	0.0925	0.0924	0.0932	0.0920	
0.6958	0.5740	0.3211	0.1800	0.1581	0.1317	0.1137	0.1148	0.5486	0.3780	0.1153	0.1010	0.0991	0.0977	0.0940	0.0947	0.5071	0.2517	0.1057	0.0972	0.0961	0.0951	0.0929	0.0938	0.4985	0.1865	0.0964	0.0932	0.0934	0.0927	0.0925	0.0966	0.4325	0.1629	0.0960	0.0916	0.0921	0.0929	0.0922	0.0919	0.3307	0.1315	0.0928	0.0920	0.0988	0.0922	0.0920	0.0916	0.1485	0.1040	0.0920	0.0920	0.0936	0.0922	0.0940	0.0931	0.1022	0.0962	0.0929	0.0926	0.0936	0.0934	0.0930	0.0935	
0.7099	0.5940	0.3311	0.1921	0.1643	0.1370	0.1143	0.1181	0.5759	0.3992	0.1181	0.1027	0.0996	0.0970	0.0945	0.0950	0.5296	0.2705	0.1077	0.0986	0.0961	0.0949	0.0926	0.0935	0.5120	0.1983	0.0970	0.0952	0.0922	0.0927	0.0921	0.0958	0.4576	0.1720	0.0957	0.0918	0.0918	0.0924	0.0929	0.0921	0.3561	0.1352	0.0928	0.0911	0.0921	0.0927	0.0927	0.0917	0.1584	0.1049	0.0911	0.0915	0.0934	0.0925	0.0933	0.0922	0.1025	0.0960	0.0921	0.0917	0.0926	0.0932	0.0939	0.0928	
0.7014	0.6242	0.3521	0.2026	0.1759	0.1427	0.1196	0.1217	0.5918	0.4242	0.1217	0.1053	0.1001	0.0982	0.0950	0.0951	0.5484	0.2891	0.1098	0.0974	0.0965	0.0953	0.0940	0.0931	0.5313	0.2140	0.0991	0.0933	0.0932	0.0925	0.0927	0.0958	0.4809	0.1864	0.0959	0.0913	0.0926	0.0930	0.0916	0.0921	0.3903	0.1437	0.0923	0.0913	0.0919	0.0927	0.0930	0.0916	0.1667	0.1069	0.0923	0.0931	0.0936	0.0926	0.0937	0.0925	0.1042	0.0978	0.0933	0.0920	0.0933	0.0938	0.0929	0.0928	
0.7134	0.6428	0.3635	0.2142	0.1831	0.1479	0.1229	0.1249	0.6081	0.4662	0.1253	0.1050	0.1015	0.0981	0.0950	0.0957	0.5638	0.3078	0.1109	0.0977	0.0973	0.0950	0.0937	0.0932	0.5526	0.2284	0.0978	0.0936	0.0940	0.0929	0.0925	0.0952	0.5122	0.1983	0.0963	0.0981	0.0924	0.0925	0.0922	0.0922	0.4181	0.1501	0.0925	0.0915	0.0922	0.0932	0.0930	0.0927	0.1804	0.1096	0.0931	0.0917	0.0929	0.0927	0.0934	0.0928	0.1055	0.0986	0.0923	0.0915	0.0946	0.0936	0.0926	0.0921	
0.7146	0.6568	0.3791	0.2265	0.1917	0.1556	0.1289	0.1287	0.6213	0.4722	0.1322	0.1055	0.1011	0.0988	0.0948	0.0956	0.5817	0.3283	0.1138	0.0984	0.0977	0.0955	0.0932	0.0930	0.5730	0.2425	0.0994	0.0944	0.0929	0.0928	0.0924	0.0954	0.5372	0.2138	0.0974	0.0925	0.0921	0.0929	0.0920	0.0921	0.4421	0.1611	0.0923	0.0907	0.0937	0.0926	0.0925	0.0916	0.1951	0.1115	0.0914	0.0914	0.0925	0.0928	0.0929	0.0924	0.1064	0.0988	0.0914	0.0917	0.0920	0.0928	0.0931	0.0917	
0.7208	0.6694	0.3915	0.2371	0.2027	0.1647	0.1326	0.1336	0.6357	0.5058	0.1410	0.1130	0.1078	0.1070	0.1045	0.1014	0.5990	0.3507	0.1223	0.1024	0.1034	0.0998	0.0987	0.0992	0.5910	0.2677	0.1044	0.0982	0.0982	0.0976	0.0957	0.0997	0.5583	0.2328	0.1001	0.0949	0.0955	0.0972	0.0958	0.0965	0.4776	0.1714	0.0956	0.0963	0.0961	0.0964	0.0966	0.0961	0.2152	0.1180	0.0948	0.0973	0.0970	0.0948	0.0974	0.0946	0.1116	0.1029	0.0951	0.0940	0.0964	0.0946	0.0955	0.0962	
0.7190	0.6755	0.4060	0.2511	0.2117	0.1748	0.1390	0.1384	0.6377	0.5275	0.1429	0.1121	0.1035	0.1001	0.0947	0.0963	0.6045	0.3651	0.1170	0.0996	0.0981	0.0980	0.0944	0.0933	0.5961	0.2809	0.1013	0.0941	0.0944	0.0920	0.0911	0.0958	0.5640	0.2445	0.0988	0.0923	0.0917	0.0957	0.0918	0.0928	0.4953	0.1830	0.0923	0.0925	0.0972	0.0944	0.0931	0.0940	0.2296	0.1157	0.0930	0.0907	0.0915	0.0931	0.0923	0.0939	0.1128	0.1031	0.0920	0.0941	0.0917	0.0929	0.0947	0.0914	
0.7172	0.6728	0.4196	0.2634	0.2222	0.1826	0.1475	0.1456	0.6357	0.5556	0.1541	0.1118	0.1054	0.1021	0.0980	0.0989	0.6059	0.3899	0.1246	0.1060	0.1036	0.0987	0.0977	0.0949	0.6118	0.3046	0.1045	0.0965	0.0959	0.0929	0.0934	0.0965	0.5949	0.2628	0.1015	0.0938	0.0936	0.0936	0.0927	0.0932	0.5260	0.1966	0.0958	0.0913	0.0931	0.0933	0.0927	0.0955	0.2595	0.1231	0.0949	0.0933	0.0945	0.0924	0.0955	0.0931	0.1146	0.1061	0.0931	0.0909	0.0960	0.0935	0.0931	0.0921	
0.7102	0.6700	0.4363	0.2732	0.2318	0.1942	0.1568	0.1502	0.6362	0.5858	0.1610	0.1149	0.1037	0.1024	0.0968	0.0962	0.6103	0.4167	0.1262	0.1023	0.0993	0.0973	0.0931	0.0948	0.6149	0.3259	0.1029	0.0956	0.0942	0.0925	0.0964	0.0944	0.6037	0.2847	0.0991	0.0914	0.0933	0.0947	0.0916	0.0922	0.5405	0.2112	0.0916	0.0898	0.0920	0.0955	0.0916	0.0921	0.2776	0.1275	0.0908	0.0902	0.0925	0.0916	0.0917	0.0900	0.1157	0.1037	0.0914	0.0907	0.0913	0.0919	0.0920	0.0915	
0.7199	0.6724	0.4517	0.2818	0.2428	0.2073	0.1629	0.1555	0.6397	0.5929	0.1725	0.1136	0.1057	0.1014	0.0976	0.0971	0.6164	0.4479	0.1309	0.1039	0.1011	0.0968	0.0932	0.0936	0.6184	0.3473	0.1038	0.0975	0.0951	0.0948	0.0916	0.0971	0.6140	0.3050	0.1010	0.0959	0.0916	0.0927	0.0923	0.0920	0.5630	0.2274	0.0930	0.0904	0.0933	0.0909	0.0917	0.0922	0.3000	0.1329	0.0912	0.0911	0.0927	0.0918	0.0928	0.0914	0.1199	0.1063	0.0924	0.0910	0.0924	0.0923	0.0919	0.0922	
0.7181	0.6720	0.4690	0.2926	0.2564	0.2145	0.1736	0.1645	0.6379	0.6051	0.1774	0.1150	0.1059	0.1020	0.0966	0.0969	0.6086	0.4751	0.1325	0.1025	0.1004	0.0972	0.0945	0.0934	0.6190	0.3665	0.1049	0.0949	0.0933	0.0921	0.0916	0.0948	0.6127	0.3299	0.1007	0.0900	0.0910	0.0943	0.0905	0.0909	0.5763	0.2485	0.0923	0.0907	0.0909	0.0911	0.0914	0.0902	0.3238	0.1392	0.0909	0.0906	0.0909	0.0913	0.0912	0.0906	0.1241	0.1077	0.0906	0.0899	0.0916	0.0920	0.0915	0.0927	
0.7254	0.6751	0.4891	0.3022	0.2652	0.2219	0.1817	0.1727	0.6472	0.6179	0.1898	0.1191	0.1086	0.1034	0.0991	0.1001	0.6148	0.5011	0.1381	0.1039	0.1033	0.0986	0.0952	0.0955	0.6150	0.3820	0.1084	0.0968	0.0945	0.0938	0.0929	0.0977	0.6071	0.3405	0.1027	0.0913	0.0929	0.0936	0.0926	0.0926	0.5990	0.2669	0.0935	0.0935	0.0961	0.0957	0.0922	0.0912	0.3522	0.1444	0.0921	0.0914	0.0922	0.0920	0.0923	0.0955	0.1285	0.1118	0.0920	0.0988	0.0942	0.0924	0.0928	0.0933	
0.7218	0.6801	0.5061	0.3170	0.2743	0.2339	0.1909	0.1834	0.6391	0.6101	0.2042	0.1249	0.1127	0.1046	0.1002	0.0996	0.6065	0.5300	0.1456	0.1070	0.1038	0.0993	0.0957	0.0958	0.6266	0.4139	0.1105	0.0972	0.0968	0.0939	0.0940	0.0960	0.6187	0.3570	0.1039	0.0924	0.0927	0.0938	0.0921	0.0927	0.6094	0.2911	0.0944	0.0994	0.0923	0.0931	0.0923	0.0925	0.3812	0.1531	0.0926	0.0924	0.0931	0.0928	0.0934	0.0929	0.1359	0.1154	0.0937	0.0927	0.0925	0.0913	0.0935	0.0950	
0.7152	0.6778	0.5244	0.3228	0.2811	0.2384	0.1990	0.1893	0.6416	0.6171	0.2113	0.1250	0.1114	0.1047	0.0991	0.0992	0.6163	0.5484	0.1518	0.1068	0.1048	0.0988	0.0951	0.0955	0.6260	0.4349	0.1115	0.0976	0.0959	0.0939	0.0945	0.0959	0.6164	0.3822	0.1070	0.0931	0.0926	0.0936	0.0925	0.0918	0.6154	0.3123	0.0941	0.0917	0.0919	0.0966	0.0926	0.0915	0.4067	0.1653	0.0948	0.0936	0.0936	0.0918	0.0929	0.0922	0.1421	0.1207	0.0930	0.0914	0.0929	0.0929	0.0926	0.0938	
0.7206	0.6783	0.5395	0.3351	0.2867	0.2485	0.2111	0.1980	0.6485	0.6251	0.2268	0.1358	0.1160	0.1059	0.1006	0.0996	0.6234	0.5661	0.1627	0.1126	0.1090	0.1046	0.1002	0.1000	0.6322	0.4712	0.1193	0.1020	0.0996	0.0979	0.0973	0.1003	0.6386	0.4136	0.1104	0.0947	0.0955	0.0976	0.0952	0.0952	0.6278	0.3423	0.1000	0.0974	0.0962	0.0957	0.0967	0.0948	0.4402	0.1796	0.0973	0.0963	0.0988	0.0982	0.0970	0.0971	0.1528	0.1268	0.0958	0.0933	0.0954	0.0983	0.0962	0.0972	
0.7259	0.6836	0.5491	0.3404	0.2908	0.2580	0.2194	0.2070	0.6482	0.6243	0.2352	0.1342	0.1169	0.1076	0.0994	0.0992	0.6156	0.5755	0.1681	0.1124	0.1090	0.1001	0.0977	0.0962	0.6248	0.4939	0.1175	0.0993	0.0965	0.0933	0.0926	0.0967	0.6231	0.4295	0.1111	0.0932	0.0939	0.0937	0.0921	0.0919	0.6220	0.3591	0.0939	0.0911	0.0910	0.0913	0.0926	0.0925	0.4595	0.1860	0.0922	0.0919	0.0923	0.0905	0.0930	0.0913	0.1581	0.1262	0.0905	0.0900	0.0906	0.0920	0.0917	0.0913	
0.7342	0.6841	0.5477	0.3417	0.3000	0.2626	0.2261	0.2151	0.6484	0.6240	0.2398	0.1371	0.1170	0.1081	0.1000	0.1009	0.6151	0.5687	0.1752	0.1102	0.1079	0.1008	0.0961	0.0959	0.6244	0.5092	0.1196	0.1004	0.0971	0.0948	0.0937	0.0962	0.6240	0.4529	0.1114	0.0916	0.0919	0.0933	0.0919	0.0915	0.6357	0.3797	0.0948	0.0911	0.0915	0.0915	0.0912	0.0910	0.4799	0.1995	0.0923	0.0912	0.0921	0.0911	0.0919	0.0906	0.1712	0.1335	0.0928	0.0908	0.0918	0.0914	0.0920	0.0914	
0.7286	0.6816	0.5512	0.3536	0.3060	0.2660	0.2340	0.2218	0.6466	0.6238	0.2506	0.1443	0.1190	0.1094	0.1009	0.1016	0.6185	0.5679	0.1828	0.1117	0.1080	0.1024	0.0969	0.0973	0.6243	0.5355	0.1254	0.1008	0.0961	0.0952	0.0935	0.0966	0.6226	0.4801	0.1142	0.1027	0.0916	0.0934	0.0922	0.0920	0.6342	0.4076	0.0961	0.0918	0.0919	0.0923	0.0933	0.0914	0.5009	0.2185	0.0928	0.0927	0.0921	0.0922	0.0921	0.0918	0.1850	0.1379	0.0924	0.0907	0.0918	0.0921	0.0928	0.0917	
0.7385	0.6861	0.5571	0.3530	0.3090	0.2788	0.2411	0.2251	0.6488	0.6231	0.2604	0.1508	0.1226	0.1116	0.1023	0.1022	0.6209	0.5719	0.1914	0.1131	0.1104	0.1022	0.0967	0.0966	0.6244	0.5408	0.1272	0.0998	0.0973	0.0936	0.0938	0.0959	0.6288	0.4958	0.1155	0.0954	0.0928	0.0939	0.0925	0.0926	0.6351	0.4272	0.0970	0.0908	0.0940	0.0916	0.0918	0.0915	0.5234	0.2329	0.0923	0.0916	0.0929	0.0924	0.0920	0.0917	0.1967	0.1478	0.0916	0.0913	0.0915	0.0920	0.0914	0.0911	
0.7377	0.6883	0.5584	0.3548	0.3097	0.2779	0.2437	0.2307	0.6474	0.6166	0.2664	0.1567	0.1253	0.1129	0.1030	0.1038	0.6192	0.5703	0.2014	0.1156	0.1117	0.1014	0.0969	0.1002	0.6289	0.5395	0.1330	0.0992	0.0953	0.0934	0.0915	0.0943	0.6204	0.5094	0.1153	0.0913	0.0903	0.0922	0.0909	0.0927	0.6358	0.4491	0.0957	0.0902	0.0903	0.0905	0.0904	0.0901	0.5382	0.2522	0.0909	0.0902	0.0905	0.0898	0.0923	0.0957	0.2190	0.1604	0.0971	0.0963	0.0964	0.0960	0.0966	0.0960	
0.7409	0.6938	0.5622	0.3560	0.3126	0.2811	0.2502	0.2363	0.6502	0.6266	0.2757	0.1661	0.1308	0.1163	0.1064	0.1058	0.6274	0.5740	0.2115	0.1195	0.1140	0.1042	0.0985	0.0991	0.6336	0.5515	0.1380	0.1039	0.0993	0.0961	0.0946	0.0981	0.6239	0.5282	0.1221	0.0968	0.0938	0.0954	0.0937	0.0947	0.6364	0.4788	0.1001	0.0937	0.0952	0.0926	0.0920	0.0934	0.5592	0.2763	0.0932	0.0913	0.0929	0.0940	0.0934	0.0915	0.2299	0.1672	0.0942	0.0921	0.0924	0.0920	0.0914	0.0915	
0.7435	0.6916	0.5643	0.3613	0.3157	0.2830	0.2555	0.2418	0.6526	0.6268	0.2849	0.1737	0.1333	0.1192	0.1080	0.1077	0.6256	0.5748	0.2227	0.1219	0.1139	0.1041	0.0976	0.1005	0.6299	0.5461	0.1454	0.1002	0.0953	0.0943	0.0928	0.0961	0.6238	0.5309	0.1231	0.0918	0.0901	0.0921	0.0894	0.0901	0.6330	0.4962	0.0959	0.0906	0.0903	0.0903	0.0895	0.0886	0.5720	0.2932	0.0901	0.0897	0.0901	0.0892	0.0917	0.0887	0.2464	0.1749	0.0901	0.0881	0.0901	0.0892	0.0896	0.0896	
0.7479	0.6994	0.5624	0.3543	0.3110	0.2795	0.2569	0.2394	0.6566	0.6212	0.2918	0.1802	0.1386	0.1178	0.1057	0.1054	0.6277	0.5773	0.2249	0.1228	0.1151	0.1035	0.0981	0.0984	0.6298	0.5500	0.1491	0.1035	0.1001	0.0954	0.0943	0.0968	0.6240	0.5315	0.1288	0.0940	0.0937	0.0938	0.0921	0.0922	0.6300	0.5187	0.0998	0.0918	0.0913	0.0920	0.0909	0.0913	0.5738	0.3169	0.0934	0.0913	0.0918	0.0907	0.0927	0.0928	0.2704	0.1934	0.0922	0.0908	0.0920	0.0919	0.0922	0.0914	
0.7457	0.6953	0.5621	0.3520	0.3100	0.2816	0.2532	0.2391	0.6578	0.6234	0.3002	0.1883	0.1433	0.1216	0.1078	0.1068	0.6331	0.5749	0.2349	0.1259	0.1173	0.1047	0.0986	0.1061	0.6374	0.5531	0.1625	0.1181	0.1061	0.1007	0.1000	0.1028	0.6249	0.5426	0.1412	0.1086	0.0989	0.0970	0.0978	0.0983	0.6426	0.5400	0.1061	0.0980	0.0986	0.0977	0.0987	0.0969	0.5899	0.3449	0.0981	0.0976	0.0972	0.0967	0.0993	0.0946	0.2945	0.2093	0.0969	0.0955	0.0966	0.0941	0.0950	0.0949	
0.7416	0.6969	0.5694	0.3576	0.3092	0.2782	0.2546	0.2465	0.6556	0.6243	0.3034	0.1945	0.1468	0.1222	0.1071	0.1082	0.6327	0.5728	0.2384	0.1303	0.1184	0.1043	0.0980	0.0974	0.6375	0.5572	0.1613	0.1045	0.0982	0.0935	0.0924	0.0955	0.6308	0.5358	0.1405	0.0922	0.0916	0.0926	0.0909	0.0907	0.6338	0.5381	0.1009	0.0908	0.0911	0.0910	0.0906	0.0906	0.5860	0.3676	0.0954	0.0961	0.0940	0.0953	0.0921	0.0899	0.3205	0.2213	0.0906	0.0895	0.0910	0.0906	0.0917	0.0894	
0.7482	0.7033	0.5700	0.3538	0.3095	0.2805	0.2536	0.2461	0.6638	0.6284	0.3119	0.2042	0.1547	0.1275	0.1109	0.1106	0.6394	0.5741	0.2464	0.1362	0.1216	0.1084	0.1004	0.1004	0.6485	0.5561	0.1717	0.1084	0.1025	0.0962	0.0960	0.0988	0.6306	0.5458	0.1458	0.0956	0.0941	0.0951	0.0930	0.0928	0.6359	0.5554	0.1041	0.0933	0.0931	0.0932	0.0924	0.0923	0.5877	0.3838	0.0933	0.0924	0.0932	0.0923	0.0934	0.0923	0.3487	0.2419	0.0929	0.0918	0.0921	0.0933	0.0936	0.0926	
0.7528	0.7104	0.5756	0.3570	0.3091	0.2792	0.2575	0.2481	0.6648	0.6265	0.3130	0.2151	0.1637	0.1302	0.1110	0.1117	0.6408	0.5814	0.2556	0.1393	0.1232	0.1071	0.1022	0.0997	0.6437	0.5566	0.1782	0.1083	0.0999	0.0949	0.0942	0.0959	0.6302	0.5465	0.1503	0.0952	0.0928	0.0941	0.0915	0.0915	0.6364	0.5539	0.1052	0.0914	0.0906	0.0914	0.0910	0.0947	0.5914	0.4098	0.0925	0.0906	0.0918	0.0906	0.0918	0.0904	0.3753	0.2645	0.0921	0.0901	0.0919	0.0912	0.0910	0.0911	
0.7592	0.7177	0.5791	0.3603	0.3075	0.2795	0.2553	0.2491	0.6717	0.6344	0.3136	0.2217	0.1693	0.1344	0.1165	0.1151	0.6471	0.5835	0.2639	0.1463	0.1282	0.1107	0.1026	0.1026	0.6510	0.5606	0.1878	0.1122	0.1035	0.0975	0.0963	0.0993	0.6378	0.5541	0.1576	0.0955	0.0949	0.1010	0.0984	0.1008	0.6483	0.5603	0.1118	0.0983	0.0959	0.0939	0.0938	0.0974	0.5960	0.4408	0.0991	0.0952	0.0983	0.0959	0.0958	0.0931	0.4022	0.2841	0.0934	0.0926	0.0950	0.0937	0.0934	0.0924	
0.7616	0.7123	0.5871	0.3564	0.3062	0.2763	0.2516	0.2437	0.6699	0.6381	0.3148	0.2237	0.1778	0.1384	0.1174	0.1126	0.6510	0.5830	0.2654	0.1494	0.1295	0.1091	0.1009	0.1005	0.6522	0.5624	0.1940	0.1115	0.1014	0.0949	0.0940	0.0962	0.6431	0.5483	0.1622	0.0935	0.0912	0.0937	0.0914	0.0910	0.6425	0.5647	0.1055	0.0907	0.0899	0.0904	0.0898	0.0893	0.6025	0.4608	0.0915	0.0921	0.0906	0.0905	0.0904	0.0896	0.4289	0.3062	0.0900	0.0898	0.0906	0.0905	0.0910	0.0897	
0.7646	0.7218	0.5865	0.3562	0.3029	0.2749	0.2538	0.2481	0.6813	0.6419	0.3172	0.2321	0.1869	0.1435	0.1200	0.1172	0.6513	0.5897	0.2716	0.1560	0.1347	0.1123	0.1043	0.1042	0.6556	0.5630	0.2031	0.1159	0.1046	0.0975	0.0963	0.0989	0.6475	0.5527	0.1717	0.0962	0.0939	0.0950	0.0932	0.0931	0.6455	0.5623	0.1121	0.0928	0.0928	0.0932	0.0920	0.0923	0.5946	0.4769	0.0941	0.0937	0.0931	0.0921	0.0927	0.0922	0.4583	0.3283	0.0931	0.0927	0.0927	0.0931	0.0930	0.0923	
