0.0909	0.0920	0.0896	0.0920	0.0912	0.1125	0.0904	0.1070	0.0904	0.0931	0.0899	0.0919	0.0912	0.0963	0.0910	0.1146	0.0897	0.0915	0.0901	0.0937	0.0905	0.0952	0.0920	0.1003	0.0896	0.0896	0.0901	0.0900	0.0903	0.0914	0.0908	0.0899	0.1168	0.0989	0.0916	0.0977	0.0911	0.0982	0.0914	0.0919	0.0906	0.0950	0.0907	0.0958	0.0928	0.0945	0.0900	0.0923	0.0911	0.0946	0.0911	0.0968	0.0913	0.0939	0.0898	0.0924	0.0920	0.0959	0.0919	0.0985	0.0900	0.0973	0.0923	0.0925	
0.0917	0.0917	0.0906	0.0911	0.0914	0.0911	0.0905	0.0918	0.0910	0.0924	0.0901	0.0919	0.0913	0.0909	0.0911	0.0920	0.0907	0.0919	0.0910	0.0912	0.0904	0.0904	0.0923	0.0926	0.0903	0.0907	0.0894	0.0894	0.0904	0.0907	0.0902	0.0902	0.1178	0.0928	0.0919	0.0925	0.0924	0.0915	0.0910	0.0915	0.0905	0.0925	0.0905	0.0923	0.0908	0.0919	0.0898	0.0902	0.0915	0.0929	0.0915	0.0917	0.0900	0.0909	0.0901	0.0912	0.0910	0.0929	0.0911	0.0908	0.0897	0.0917	0.0902	0.0911	
0.0918	0.0914	0.0904	0.0905	0.0912	0.0908	0.0902	0.0910	0.0907	0.0923	0.0901	0.0919	0.0910	0.0907	0.0907	0.0921	0.0901	0.0915	0.0910	0.0915	0.0904	0.0903	0.0920	0.0921	0.0904	0.0909	0.0897	0.0896	0.0908	0.0907	0.0899	0.0896	0.1152	0.0851	0.0846	0.0860	0.0852	0.0855	0.0859	0.0843	0.0858	0.0846	0.0861	0.0854	0.0871	0.0841	0.0857	0.0847	0.0869	0.0849	0.0875	0.0847	0.0868	0.0834	0.0869	0.0843	0.0869	0.0853	0.0869	0.0848	0.0859	0.0841	0.0866	0.0834	
0.0922	0.0914	0.0903	0.0905	0.0911	0.0907	0.0900	0.0911	0.0910	0.0922	0.0903	0.0919	0.0910	0.0907	0.0910	0.0920	0.0906	0.0915	0.0909	0.0911	0.0905	0.0910	0.0920	0.0924	0.0907	0.0911	0.0898	0.0895	0.0911	0.0908	0.0907	0.0894	0.1181	0.0904	0.0899	0.0905	0.0887	0.0899	0.0897	0.0899	0.0895	0.0894	0.0896	0.0907	0.0900	0.0878	0.0890	0.0900	0.0905	0.0904	0.0903	0.0896	0.0894	0.0886	0.0904	0.0896	0.0907	0.0906	0.0899	0.0897	0.0898	0.0894	0.0896	0.0896	
0.0915	0.0914	0.0902	0.0902	0.0912	0.0907	0.0897	0.0913	0.0906	0.0922	0.0899	0.0914	0.0908	0.0908	0.0903	0.0915	0.0904	0.0913	0.0904	0.0909	0.0897	0.0903	0.0915	0.0920	0.0905	0.0907	0.0892	0.0895	0.0903	0.0907	0.0897	0.0891	0.1193	0.0931	0.0932	0.0924	0.0921	0.0928	0.0928	0.0917	0.0906	0.0929	0.0910	0.0934	0.0915	0.0925	0.0901	0.0917	0.0916	0.0934	0.0910	0.0927	0.0906	0.0924	0.0902	0.0910	0.0920	0.0939	0.0903	0.0927	0.0896	0.0930	0.0905	0.0916	
0.0916	0.0916	0.0908	0.0908	0.0913	0.0912	0.0898	0.0914	0.0910	0.0924	0.0902	0.0922	0.0909	0.0908	0.0912	0.0918	0.0902	0.0919	0.0908	0.0912	0.0905	0.0907	0.0921	0.0920	0.0906	0.0914	0.0896	0.0894	0.0903	0.0905	0.0904	0.0895	0.1130	0.0846	0.0850	0.0841	0.0835	0.0839	0.0845	0.0845	0.0843	0.0834	0.0833	0.0842	0.0834	0.0831	0.0834	0.0840	0.0848	0.0839	0.0832	0.0832	0.0831	0.0820	0.0816	0.0838	0.0846	0.0844	0.0837	0.0832	0.0834	0.0830	0.0829	0.0828	
0.0920	0.0917	0.0905	0.0912	0.0915	0.0908	0.0902	0.0916	0.0910	0.0924	0.0903	0.0917	0.0911	0.0909	0.0912	0.0921	0.0903	0.0918	0.0913	0.0914	0.0902	0.0906	0.0922	0.0925	0.0906	0.0914	0.0898	0.0895	0.0908	0.0908	0.0906	0.0897	0.1166	0.0903	0.0896	0.0901	0.0879	0.0900	0.0895	0.0873	0.0895	0.0892	0.0881	0.0905	0.0895	0.0902	0.0876	0.0879	0.0899	0.0907	0.0895	0.0887	0.0892	0.0886	0.0889	0.0884	0.0901	0.0904	0.0890	0.0888	0.0887	0.0902	0.0893	0.0875	
0.0923	0.0920	0.0909	0.0913	0.0917	0.0913	0.0903	0.0914	0.0909	0.0927	0.0908	0.0920	0.0911	0.0913	0.0916	0.0924	0.0902	0.0921	0.0908	0.0917	0.0912	0.0907	0.0924	0.0924	0.0907	0.0916	0.0899	0.0898	0.0909	0.0914	0.0911	0.0898	0.1172	0.0916	0.0923	0.0911	0.0918	0.0918	0.0920	0.0910	0.0901	0.0917	0.0897	0.0923	0.0900	0.0912	0.0883	0.0893	0.0909	0.0920	0.0901	0.0920	0.0893	0.0906	0.0890	0.0897	0.0910	0.0925	0.0905	0.0914	0.0893	0.0947	0.0889	0.0896	
0.0922	0.0925	0.0906	0.0912	0.0917	0.0915	0.0902	0.0918	0.0914	0.0926	0.0904	0.0921	0.0916	0.0913	0.0923	0.0918	0.0904	0.0923	0.0913	0.0916	0.0908	0.0911	0.0926	0.0925	0.0906	0.0912	0.0902	0.0895	0.0911	0.0909	0.0911	0.0900	0.1150	0.0854	0.0846	0.0855	0.0843	0.0860	0.0846	0.0860	0.0867	0.0847	0.0859	0.0863	0.0854	0.0839	0.0850	0.0847	0.0871	0.0858	0.0862	0.0849	0.0859	0.0838	0.0861	0.0850	0.0874	0.0855	0.0862	0.0848	0.0860	0.0839	0.0867	0.0851	
0.0920	0.0925	0.0912	0.0910	0.0915	0.0916	0.0905	0.0917	0.0913	0.0927	0.0909	0.0921	0.0914	0.0914	0.0916	0.0925	0.0907	0.0923	0.0912	0.0916	0.0908	0.0909	0.0927	0.0924	0.0907	0.0920	0.0900	0.0894	0.0909	0.0911	0.0911	0.0900	0.1186	0.0912	0.0902	0.0912	0.0900	0.0903	0.0906	0.0905	0.0896	0.0904	0.0898	0.0914	0.0904	0.0900	0.0887	0.0901	0.0905	0.0904	0.0899	0.0903	0.0898	0.0897	0.0898	0.0899	0.0909	0.0905	0.0892	0.0911	0.0898	0.0908	0.0898	0.0891	
0.0924	0.0925	0.0910	0.0914	0.0919	0.0914	0.0905	0.0917	0.0912	0.0931	0.0908	0.0922	0.0913	0.0916	0.0917	0.0928	0.0907	0.0922	0.0914	0.0921	0.0913	0.0914	0.0930	0.0925	0.0908	0.0919	0.0904	0.0899	0.0909	0.0911	0.0913	0.0892	0.1205	0.0937	0.0943	0.0936	0.0950	0.0939	0.0949	0.0934	0.0925	0.0939	0.0916	0.0937	0.0921	0.0934	0.0908	0.0934	0.0932	0.0942	0.0923	0.0938	0.0921	0.0934	0.0913	0.0930	0.0932	0.0954	0.0917	0.0931	0.0914	0.0941	0.0915	0.0932	
0.0924	0.0927	0.0908	0.0914	0.0918	0.0915	0.0912	0.0924	0.0915	0.0932	0.0909	0.0926	0.0915	0.0916	0.0923	0.0925	0.0911	0.0925	0.0913	0.0919	0.0909	0.0913	0.0933	0.0932	0.0910	0.0920	0.0905	0.0901	0.0912	0.0905	0.0914	0.0907	0.1156	0.0865	0.0859	0.0865	0.0852	0.0857	0.0861	0.0851	0.0864	0.0860	0.0858	0.0865	0.0859	0.0844	0.0853	0.0844	0.0865	0.0864	0.0861	0.0855	0.0864	0.0846	0.0859	0.0844	0.0866	0.0861	0.0856	0.0852	0.0857	0.0852	0.0851	0.0850	
0.0928	0.0932	0.0916	0.0920	0.0918	0.0914	0.0915	0.0928	0.0918	0.0935	0.0911	0.0926	0.0912	0.0919	0.0922	0.0927	0.0909	0.0925	0.0915	0.0920	0.0915	0.0912	0.0930	0.0928	0.0912	0.0918	0.0906	0.0902	0.0913	0.0914	0.0911	0.0903	0.1177	0.0905	0.0891	0.0916	0.0886	0.0903	0.0892	0.0896	0.0899	0.0899	0.0892	0.0931	0.0899	0.0897	0.0885	0.0893	0.0906	0.0906	0.0905	0.0915	0.0897	0.0894	0.0895	0.0893	0.0908	0.0901	0.0906	0.0919	0.0890	0.0897	0.0889	0.0888	
0.0931	0.0934	0.0915	0.0918	0.0925	0.0916	0.0916	0.0931	0.0921	0.0937	0.0913	0.0933	0.0923	0.0922	0.0925	0.0929	0.0908	0.0930	0.0915	0.0923	0.0913	0.0917	0.0935	0.0933	0.0913	0.0925	0.0909	0.0905	0.0921	0.0917	0.0916	0.0903	0.1180	0.0925	0.0921	0.0940	0.0910	0.0913	0.0914	0.0909	0.0896	0.0928	0.0901	0.0947	0.0904	0.0910	0.0893	0.0904	0.0908	0.0928	0.0904	0.0939	0.0905	0.0910	0.0896	0.0907	0.0911	0.0932	0.0901	0.0926	0.0902	0.0919	0.0893	0.0904	
0.0930	0.0936	0.0919	0.0919	0.0927	0.0927	0.0916	0.0931	0.0920	0.0943	0.0917	0.0928	0.0918	0.0923	0.0923	0.0933	0.0912	0.0932	0.0919	0.0922	0.0916	0.0918	0.0930	0.0938	0.0913	0.0924	0.0910	0.0903	0.0919	0.0915	0.0916	0.0901	0.1149	0.0871	0.0866	0.0872	0.0864	0.0881	0.0863	0.0860	0.0868	0.0866	0.0852	0.0875	0.0853	0.0877	0.0849	0.0843	0.0866	0.0870	0.0849	0.0861	0.0855	0.0876	0.0851	0.0848	0.0864	0.0863	0.0851	0.0860	0.0850	0.0875	0.0845	0.0848	
0.0918	0.0927	0.0905	0.0907	0.0911	0.0910	0.0899	0.0912	0.0906	0.0924	0.0898	0.0914	0.0910	0.0912	0.0918	0.0915	0.0897	0.0914	0.0902	0.0913	0.0902	0.0904	0.0913	0.0916	0.0898	0.0907	0.0892	0.0891	0.0904	0.0901	0.0903	0.0888	0.1187	0.0916	0.0911	0.0915	0.0905	0.0916	0.0904	0.0926	0.0906	0.0915	0.0903	0.0932	0.0897	0.0915	0.0900	0.0921	0.0908	0.0924	0.0906	0.0911	0.0904	0.0906	0.0898	0.0917	0.0917	0.0916	0.0905	0.0905	0.0900	0.0917	0.0902	0.0908	
0.0940	0.0947	0.0926	0.0926	0.0930	0.0934	0.0921	0.0928	0.0924	0.0947	0.0917	0.0934	0.0924	0.0926	0.0929	0.0931	0.0916	0.0940	0.0927	0.0926	0.0921	0.0925	0.0937	0.0937	0.0915	0.0923	0.0914	0.0900	0.0918	0.0919	0.0920	0.0902	0.1147	0.0870	0.0898	0.0876	0.0897	0.0865	0.0894	0.0867	0.0871	0.0867	0.0849	0.0896	0.0859	0.0861	0.0840	0.0870	0.0869	0.0867	0.0862	0.0867	0.0849	0.0855	0.0841	0.0852	0.0869	0.0873	0.0856	0.0863	0.0845	0.0862	0.0843	0.0850	
0.0946	0.0946	0.0930	0.0929	0.0936	0.0933	0.0926	0.0937	0.0929	0.0951	0.0923	0.0938	0.0928	0.0931	0.0927	0.0939	0.0920	0.0940	0.0925	0.0929	0.0918	0.0928	0.0938	0.0938	0.0919	0.0926	0.0913	0.0906	0.0922	0.0919	0.0921	0.0902	0.1190	0.0915	0.0902	0.0907	0.0895	0.0920	0.0894	0.0908	0.0903	0.0908	0.0900	0.0915	0.0905	0.0911	0.0890	0.0903	0.0903	0.0915	0.0901	0.0902	0.0896	0.0901	0.0892	0.0899	0.0911	0.0913	0.0900	0.0909	0.0896	0.0913	0.0897	0.0896	
0.0950	0.0953	0.0932	0.0933	0.0936	0.0938	0.0928	0.0940	0.0933	0.0953	0.0930	0.0941	0.0929	0.0930	0.0932	0.0935	0.0924	0.0949	0.0929	0.0934	0.0922	0.0929	0.0941	0.0936	0.0922	0.0931	0.0916	0.0906	0.0924	0.0918	0.0925	0.0910	0.1191	0.0922	0.0917	0.0914	0.0904	0.0926	0.0902	0.0911	0.0892	0.0914	0.0896	0.0919	0.0894	0.0916	0.0883	0.0905	0.0902	0.0922	0.0890	0.0912	0.0893	0.0924	0.0888	0.0906	0.0907	0.0922	0.0889	0.0907	0.0892	0.0907	0.0887	0.0907	
0.0952	0.0964	0.0944	0.0940	0.0945	0.0942	0.0933	0.0950	0.0936	0.0960	0.0935	0.0944	0.0938	0.0937	0.0942	0.0945	0.0927	0.0949	0.0935	0.0938	0.0927	0.0932	0.0942	0.0939	0.0926	0.0940	0.0924	0.0916	0.0927	0.0923	0.0924	0.0910	0.1159	0.0857	0.0876	0.0861	0.0875	0.0846	0.0875	0.0862	0.0852	0.0857	0.0841	0.0868	0.0842	0.0852	0.0829	0.0850	0.0852	0.0862	0.0849	0.0855	0.0846	0.0848	0.0834	0.0847	0.0847	0.0862	0.0842	0.0862	0.0836	0.0862	0.0838	0.0841	
0.0959	0.0967	0.0945	0.0948	0.0947	0.0946	0.0939	0.0949	0.0946	0.0961	0.0932	0.0952	0.0938	0.0939	0.0940	0.0946	0.0930	0.0953	0.0937	0.0939	0.0926	0.0934	0.0945	0.0943	0.0931	0.0939	0.0924	0.0916	0.0930	0.0928	0.0926	0.0911	0.1188	0.0924	0.0901	0.0933	0.0889	0.0925	0.0893	0.0896	0.0906	0.0907	0.0903	0.0927	0.0905	0.0928	0.0891	0.0898	0.0911	0.0916	0.0909	0.0920	0.0905	0.0931	0.0895	0.0892	0.0914	0.0913	0.0910	0.0913	0.0899	0.0925	0.0897	0.0888	
0.0966	0.0977	0.0953	0.0952	0.0956	0.0951	0.0947	0.0954	0.0947	0.0970	0.0938	0.0956	0.0942	0.0948	0.0943	0.0947	0.0934	0.0961	0.0946	0.0945	0.0935	0.0935	0.0951	0.0946	0.0935	0.0945	0.0929	0.0919	0.0935	0.0931	0.0930	0.0916	0.1185	0.0943	0.0926	0.0938	0.0917	0.0949	0.0918	0.0940	0.0906	0.0939	0.0906	0.0952	0.0909	0.0946	0.0888	0.0916	0.0913	0.0948	0.0913	0.0931	0.0907	0.0951	0.0903	0.0916	0.0916	0.0941	0.0910	0.0927	0.0900	0.0944	0.0892	0.0904	
0.0971	0.0986	0.0954	0.0954	0.0957	0.0959	0.0945	0.0954	0.0951	0.0974	0.0942	0.0955	0.0948	0.0945	0.0943	0.0945	0.0943	0.0963	0.0942	0.0946	0.0939	0.0940	0.0945	0.0945	0.0934	0.0945	0.0927	0.0919	0.0936	0.0930	0.0931	0.0917	0.1151	0.0875	0.0888	0.0874	0.0881	0.0880	0.0881	0.0866	0.0865	0.0867	0.0851	0.0875	0.0847	0.0873	0.0831	0.0863	0.0868	0.0876	0.0850	0.0867	0.0846	0.0884	0.0834	0.0851	0.0864	0.0864	0.0850	0.0856	0.0843	0.0864	0.0835	0.0856	
0.0978	0.0995	0.0963	0.0966	0.0963	0.0967	0.0951	0.0954	0.0957	0.0980	0.0950	0.0966	0.0954	0.0955	0.0948	0.0956	0.0947	0.0965	0.0947	0.0948	0.0946	0.0939	0.0956	0.0949	0.0939	0.0949	0.0932	0.0926	0.0939	0.0930	0.0924	0.0918	0.1196	0.0936	0.0909	0.0932	0.0897	0.0927	0.0900	0.0912	0.0911	0.0923	0.0906	0.0951	0.0915	0.0927	0.0901	0.0913	0.0915	0.0928	0.0913	0.0928	0.0901	0.0924	0.0899	0.0907	0.0919	0.0923	0.0909	0.0933	0.0907	0.0926	0.0897	0.0915	
0.0984	0.1006	0.0967	0.0974	0.0973	0.0967	0.0949	0.0957	0.0959	0.0988	0.0948	0.0965	0.0957	0.0954	0.0950	0.0955	0.0948	0.0975	0.0947	0.0956	0.0943	0.0945	0.0950	0.0952	0.0939	0.0956	0.0930	0.0925	0.0939	0.0935	0.0931	0.0916	0.1217	0.0952	0.0956	0.0960	0.0940	0.0950	0.0953	0.0933	0.0931	0.0950	0.0929	0.0961	0.0928	0.0940	0.0909	0.0930	0.0939	0.0955	0.0929	0.0950	0.0926	0.0938	0.0916	0.0929	0.0942	0.0964	0.0929	0.0939	0.0919	0.0951	0.0910	0.0924	
0.0994	0.1018	0.0978	0.0987	0.0979	0.0985	0.0965	0.0978	0.0968	0.0999	0.0960	0.0973	0.0965	0.0966	0.0959	0.0962	0.0958	0.0988	0.0957	0.0964	0.0951	0.0951	0.0958	0.0956	0.0945	0.0956	0.0943	0.0929	0.0950	0.0939	0.0942	0.0924	0.1213	0.0922	0.0895	0.0918	0.0893	0.0937	0.0887	0.0909	0.0925	0.0916	0.0919	0.0918	0.0921	0.0913	0.0906	0.0896	0.0929	0.0920	0.0916	0.0906	0.0917	0.0912	0.0910	0.0900	0.0931	0.0914	0.0917	0.0912	0.0910	0.0903	0.0910	0.0898	
0.1006	0.1027	0.0986	0.0989	0.0987	0.0983	0.0964	0.0979	0.0973	0.1005	0.0965	0.0981	0.0968	0.0978	0.0963	0.0967	0.0959	0.0990	0.0960	0.0962	0.0955	0.0960	0.0969	0.0965	0.0948	0.0969	0.0947	0.0931	0.0952	0.0940	0.0945	0.0931	0.1216	0.0949	0.0929	0.0954	0.0927	0.0934	0.0926	0.0929	0.0928	0.0934	0.0910	0.0991	0.0918	0.0922	0.0900	0.0921	0.0927	0.0941	0.0920	0.0948	0.0917	0.0926	0.0906	0.0901	0.0928	0.0939	0.0912	0.0938	0.0911	0.0918	0.0902	0.0916	
0.1014	0.1041	0.0996	0.1005	0.1000	0.0990	0.0967	0.0977	0.0986	0.1015	0.0972	0.0989	0.0979	0.0980	0.0966	0.0967	0.0968	0.1004	0.0966	0.0975	0.0962	0.0963	0.0966	0.0963	0.0955	0.0971	0.0952	0.0933	0.0953	0.0948	0.0940	0.0929	0.1199	0.0940	0.0942	0.0943	0.0941	0.0937	0.0932	0.0953	0.0926	0.0933	0.0918	0.0949	0.0914	0.0927	0.0903	0.0948	0.0927	0.0938	0.0916	0.0931	0.0914	0.0918	0.0903	0.0934	0.0923	0.0938	0.0912	0.0931	0.0910	0.0927	0.0899	0.0914	
0.1032	0.1059	0.1012	0.1013	0.1010	0.1008	0.0981	0.0991	0.0999	0.1032	0.0980	0.1001	0.0986	0.0992	0.0970	0.0980	0.0976	0.1012	0.0978	0.0985	0.0970	0.0965	0.0971	0.0965	0.0964	0.0979	0.0955	0.0945	0.0960	0.0954	0.0949	0.0935	0.1187	0.0903	0.0891	0.0918	0.0876	0.0898	0.0873	0.0876	0.0894	0.0905	0.0875	0.0923	0.0877	0.0894	0.0862	0.0871	0.0892	0.0906	0.0880	0.0910	0.0875	0.0895	0.0856	0.0864	0.0893	0.0894	0.0874	0.0901	0.0860	0.0893	0.0854	0.0856	
0.1048	0.1076	0.1027	0.1037	0.1019	0.1025	0.0991	0.0994	0.1011	0.1047	0.0989	0.1011	0.0996	0.1001	0.0981	0.0978	0.0988	0.1025	0.0990	0.0985	0.0980	0.0978	0.0975	0.0978	0.0973	0.0998	0.0966	0.0948	0.0972	0.0957	0.0949	0.0939	0.1204	0.0956	0.0925	0.0956	0.0911	0.0935	0.0913	0.0927	0.0928	0.0938	0.0925	0.0946	0.0920	0.0926	0.0905	0.0913	0.0935	0.0940	0.0924	0.0933	0.0921	0.0915	0.0905	0.0912	0.0932	0.0938	0.0921	0.0926	0.0905	0.0918	0.0904	0.0899	
0.1068	0.1103	0.1043	0.1045	0.1036	0.1032	0.0991	0.1004	0.1026	0.1060	0.1006	0.1022	0.1000	0.1004	0.0980	0.0987	0.0997	0.1042	0.0996	0.1007	0.0985	0.0986	0.0985	0.0975	0.0982	0.1005	0.0974	0.0958	0.0972	0.0963	0.0957	0.0941	0.1228	0.0964	0.0955	0.0969	0.0938	0.0942	0.0939	0.0946	0.0939	0.0953	0.0930	0.0970	0.0931	0.0945	0.0908	0.0935	0.0939	0.0951	0.0931	0.0958	0.0925	0.0931	0.0912	0.0923	0.0939	0.0952	0.0927	0.0942	0.0920	0.0926	0.0910	0.0920	
0.1087	0.1129	0.1056	0.1077	0.1049	0.1046	0.1002	0.1010	0.1036	0.1081	0.1023	0.1033	0.1012	0.1019	0.0993	0.1003	0.1015	0.1061	0.1004	0.1015	0.0991	0.0992	0.0988	0.0980	0.0993	0.1018	0.0980	0.0967	0.0979	0.0962	0.0966	0.0946	0.1197	0.0934	0.0942	0.0937	0.0934	0.0912	0.0922	0.0906	0.0916	0.0924	0.0904	0.0935	0.0896	0.0902	0.0876	0.0903	0.0913	0.0916	0.0897	0.0925	0.0895	0.0898	0.0872	0.0899	0.0915	0.0919	0.0903	0.0917	0.0886	0.0911	0.0882	0.0891	
0.1104	0.1154	0.1075	0.1084	0.1069	0.1061	0.1013	0.1025	0.1049	0.1090	0.1029	0.1041	0.1032	0.1028	0.0998	0.1008	0.1021	0.1075	0.1014	0.1022	0.0998	0.0997	0.0987	0.0987	0.0998	0.1023	0.0986	0.0969	0.0984	0.0969	0.0959	0.0947	0.1188	0.0903	0.0901	0.0908	0.0900	0.0883	0.0893	0.0890	0.0885	0.0895	0.0870	0.0897	0.0873	0.0874	0.0839	0.0882	0.0886	0.0885	0.0863	0.0881	0.0861	0.0868	0.0839	0.0872	0.0881	0.0885	0.0862	0.0886	0.0849	0.0867	0.0839	0.0882	
0.1127	0.1188	0.1097	0.1115	0.1090	0.1075	0.1024	0.1032	0.1068	0.1120	0.1043	0.1053	0.1038	0.1045	0.1008	0.1010	0.1037	0.1091	0.1028	0.1039	0.1004	0.1015	0.1000	0.0992	0.1010	0.1041	0.1006	0.0974	0.0986	0.0980	0.0971	0.0943	0.1219	0.0928	0.0905	0.0942	0.0896	0.0904	0.0882	0.0899	0.0920	0.0921	0.0902	0.0926	0.0897	0.0883	0.0883	0.0880	0.0916	0.0921	0.0902	0.0905	0.0900	0.0874	0.0885	0.0872	0.0911	0.0906	0.0903	0.0899	0.0878	0.0868	0.0880	0.0867	
0.1168	0.1222	0.1120	0.1132	0.1114	0.1098	0.1041	0.1037	0.1095	0.1144	0.1069	0.1076	0.1057	0.1058	0.1010	0.1020	0.1054	0.1110	0.1042	0.1053	0.1023	0.1017	0.1004	0.1007	0.1017	0.1063	0.1010	0.0987	0.0995	0.0983	0.0969	0.0952	0.1248	0.0993	0.0946	0.0987	0.0936	0.0967	0.0920	0.0948	0.0951	0.0967	0.0943	0.0974	0.0931	0.0945	0.0918	0.0924	0.0954	0.0980	0.0940	0.0963	0.0937	0.0927	0.0909	0.0927	0.0946	0.0964	0.0934	0.0956	0.0916	0.0939	0.0909	0.0920	
0.1183	0.1258	0.1155	0.1167	0.1141	0.1118	0.1070	0.1053	0.1118	0.1161	0.1083	0.1094	0.1081	0.1080	0.1020	0.1033	0.1069	0.1129	0.1054	0.1067	0.1032	0.1038	0.1017	0.1008	0.1035	0.1065	0.1026	0.0996	0.1001	0.0993	0.0974	0.0959	0.1249	0.1001	0.0975	0.0998	0.0973	0.0985	0.0947	0.0953	0.0960	0.0987	0.0943	0.0984	0.0931	0.0988	0.0919	0.0934	0.0959	0.0987	0.0940	0.0968	0.0933	0.0976	0.0914	0.0921	0.0954	0.0976	0.0934	0.0951	0.0914	0.0965	0.0911	0.0926	
0.1219	0.1304	0.1186	0.1203	0.1164	0.1138	0.1074	0.1064	0.1138	0.1198	0.1110	0.1118	0.1082	0.1084	0.1029	0.1035	0.1090	0.1146	0.1074	0.1083	0.1047	0.1045	0.1022	0.1013	0.1045	0.1095	0.1032	0.0999	0.1011	0.0997	0.0978	0.0966	0.1237	0.0958	0.0913	0.0952	0.0908	0.0918	0.0893	0.0946	0.0928	0.0934	0.0914	0.0938	0.0912	0.0904	0.0893	0.0933	0.0934	0.0933	0.0911	0.0928	0.0913	0.0898	0.0884	0.0927	0.0925	0.0926	0.0907	0.0913	0.0884	0.0925	0.0884	0.0930	
0.1264	0.1362	0.1229	0.1243	0.1202	0.1171	0.1093	0.1115	0.1183	0.1233	0.1126	0.1148	0.1109	0.1122	0.1054	0.1102	0.1129	0.1199	0.1095	0.1117	0.1063	0.1070	0.1035	0.1055	0.1073	0.1113	0.1055	0.1025	0.1027	0.1010	0.1002	0.0972	0.1278	0.1014	0.0978	0.1004	0.0959	0.0968	0.0950	0.0970	0.0966	0.0988	0.0963	0.0984	0.0953	0.0960	0.0927	0.0948	0.0969	0.0981	0.0962	0.0961	0.0952	0.0945	0.0926	0.0958	0.0959	0.0970	0.0947	0.0954	0.0930	0.0952	0.0921	0.0953	
0.1314	0.1418	0.1272	0.1281	0.1242	0.1199	0.1103	0.1096	0.1211	0.1275	0.1165	0.1175	0.1142	0.1141	0.1069	0.1074	0.1149	0.1216	0.1111	0.1139	0.1080	0.1083	0.1041	0.1041	0.1087	0.1132	0.1076	0.1030	0.1044	0.1014	0.1001	0.0978	0.1282	0.1029	0.0982	0.1007	0.0974	0.0985	0.0959	0.0962	0.0968	0.0994	0.0962	0.0999	0.0945	0.0960	0.0912	0.0941	0.0964	0.0994	0.0951	0.0964	0.0937	0.0950	0.0915	0.0924	0.0961	0.0973	0.0944	0.0952	0.0924	0.0944	0.0910	0.0929	
0.1363	0.1487	0.1323	0.1331	0.1283	0.1239	0.1134	0.1096	0.1255	0.1316	0.1191	0.1205	0.1172	0.1171	0.1085	0.1091	0.1187	0.1259	0.1143	0.1158	0.1107	0.1106	0.1052	0.1053	0.1109	0.1162	0.1082	0.1054	0.1053	0.1035	0.1010	0.0985	0.1240	0.0965	0.0932	0.0963	0.0925	0.0920	0.0905	0.0908	0.0922	0.0937	0.0906	0.0954	0.0891	0.0896	0.0859	0.0895	0.0914	0.0925	0.0888	0.0919	0.0893	0.0877	0.0852	0.0882	0.0908	0.0920	0.0881	0.0911	0.0865	0.0877	0.0850	0.0873	
0.1420	0.1570	0.1362	0.1385	0.1337	0.1267	0.1157	0.1109	0.1294	0.1365	0.1227	0.1246	0.1205	0.1191	0.1104	0.1110	0.1215	0.1290	0.1162	0.1185	0.1122	0.1122	0.1069	0.1064	0.1129	0.1183	0.1116	0.1067	0.1070	0.1046	0.1017	0.0992	0.1305	0.1039	0.0986	0.1025	0.0969	0.0997	0.0941	0.0966	0.0993	0.1005	0.0985	0.0992	0.0968	0.0961	0.0937	0.0938	0.0989	0.0997	0.0978	0.0975	0.0967	0.0939	0.0933	0.0925	0.0980	0.0977	0.0962	0.0963	0.0938	0.0938	0.0922	0.0921	
0.1485	0.1630	0.1439	0.1447	0.1381	0.1314	0.1186	0.1138	0.1337	0.1422	0.1274	0.1290	0.1232	0.1231	0.1119	0.1119	0.1261	0.1343	0.1207	0.1222	0.1147	0.1135	0.1086	0.1083	0.1148	0.1213	0.1141	0.1084	0.1082	0.1054	0.1022	0.1001	0.1326	0.1086	0.1023	0.1075	0.1008	0.1029	0.0977	0.0972	0.1006	0.1034	0.0993	0.1043	0.0974	0.1006	0.0937	0.0961	0.0997	0.1040	0.0977	0.1016	0.0978	0.1002	0.0934	0.0946	0.0986	0.1020	0.0963	0.0996	0.0947	0.0979	0.0926	0.0946	
0.1574	0.1742	0.1502	0.1527	0.1444	0.1364	0.1213	0.1163	0.1403	0.1488	0.1320	0.1333	0.1272	0.1260	0.1143	0.1139	0.1301	0.1405	0.1219	0.1253	0.1184	0.1164	0.1099	0.1100	0.1184	0.1252	0.1158	0.1114	0.1105	0.1075	0.1031	0.1009	0.1269	0.1028	0.0993	0.1020	0.0980	0.0990	0.0955	0.0941	0.0971	0.0984	0.0945	0.0976	0.0926	0.0953	0.0885	0.0907	0.0958	0.0971	0.0929	0.0953	0.0937	0.0926	0.0878	0.0899	0.0942	0.0959	0.0915	0.0943	0.0896	0.0912	0.0874	0.0879	
0.1644	0.1822	0.1569	0.1604	0.1518	0.1433	0.1238	0.1179	0.1471	0.1549	0.1360	0.1390	0.1317	0.1297	0.1165	0.1160	0.1334	0.1444	0.1266	0.1294	0.1207	0.1186	0.1124	0.1105	0.1212	0.1276	0.1191	0.1130	0.1116	0.1088	0.1042	0.1018	0.1348	0.1107	0.1032	0.1086	0.1017	0.1030	0.0977	0.0988	0.1025	0.1050	0.1007	0.1042	0.0977	0.0996	0.0948	0.0963	0.1008	0.1032	0.0993	0.1005	0.0989	0.0960	0.0939	0.0947	0.0995	0.1019	0.0979	0.0984	0.0950	0.0961	0.0921	0.0943	
0.1744	0.1938	0.1686	0.1684	0.1605	0.1506	0.1290	0.1200	0.1532	0.1618	0.1439	0.1448	0.1372	0.1356	0.1208	0.1180	0.1393	0.1499	0.1304	0.1352	0.1245	0.1229	0.1149	0.1136	0.1247	0.1327	0.1224	0.1162	0.1153	0.1113	0.1065	0.1028	0.1368	0.1140	0.1073	0.1124	0.1057	0.1069	0.1024	0.1004	0.1044	0.1073	0.1027	0.1055	0.1002	0.1031	0.0952	0.0990	0.1029	0.1060	0.1012	0.1032	0.0997	0.1000	0.0946	0.0978	0.1014	0.1050	0.0992	0.1018	0.0966	0.0984	0.0939	0.0963	
0.1853	0.2074	0.1800	0.1806	0.1688	0.1575	0.1320	0.1228	0.1608	0.1714	0.1508	0.1541	0.1440	0.1402	0.1237	0.1239	0.1454	0.1589	0.1361	0.1396	0.1280	0.1258	0.1192	0.1154	0.1292	0.1364	0.1269	0.1192	0.1187	0.1131	0.1077	0.1045	0.1356	0.1096	0.1011	0.1067	0.0988	0.0999	0.0940	0.0961	0.1018	0.1026	0.0989	0.1006	0.0966	0.0951	0.0915	0.0916	0.0994	0.1009	0.0968	0.0967	0.0962	0.0923	0.0908	0.0903	0.0974	0.0989	0.0944	0.0943	0.0914	0.0917	0.0892	0.0898	
0.1963	0.2231	0.1901	0.1897	0.1802	0.1649	0.1369	0.1259	0.1700	0.1828	0.1559	0.1589	0.1506	0.1468	0.1280	0.1247	0.1532	0.1658	0.1412	0.1469	0.1340	0.1306	0.1190	0.1172	0.1333	0.1430	0.1307	0.1223	0.1198	0.1151	0.1087	0.1059	0.1413	0.1181	0.1079	0.1138	0.1068	0.1084	0.1009	0.1012	0.1073	0.1101	0.1054	0.1074	0.1012	0.1024	0.0961	0.0962	0.1050	0.1079	0.1022	0.1038	0.1020	0.0982	0.0943	0.0959	0.1025	0.1050	0.1001	0.1004	0.0960	0.0977	0.0937	0.0943	
0.2100	0.2382	0.2011	0.2046	0.1934	0.1727	0.1402	0.1290	0.1809	0.1940	0.1663	0.1675	0.1572	0.1521	0.1309	0.1279	0.1600	0.1749	0.1491	0.1522	0.1372	0.1353	0.1206	0.1197	0.1380	0.1489	0.1356	0.1266	0.1228	0.1189	0.1109	0.1078	0.1438	0.1211	0.1124	0.1170	0.1082	0.1100	0.1032	0.1029	0.1088	0.1139	0.1071	0.1096	0.1027	0.1040	0.0964	0.0989	0.1058	0.1101	0.1032	0.1051	0.1023	0.1002	0.0946	0.0970	0.1035	0.1075	0.1004	0.1028	0.0967	0.0996	0.0939	0.0950	
0.2243	0.2553	0.2156	0.2195	0.2065	0.1840	0.1442	0.1315	0.1912	0.2065	0.1779	0.1772	0.1650	0.1602	0.1341	0.1298	0.1664	0.1853	0.1551	0.1608	0.1425	0.1406	0.1227	0.1221	0.1437	0.1550	0.1408	0.1302	0.1263	0.1206	0.1120	0.1084	0.1403	0.1174	0.1073	0.1132	0.1038	0.1041	0.0972	0.0975	0.1050	0.1082	0.1009	0.1037	0.0977	0.0986	0.0900	0.0931	0.1010	0.1051	0.0971	0.0996	0.0975	0.0953	0.0886	0.0899	0.0978	0.1013	0.0947	0.0967	0.0907	0.0937	0.0869	0.0896	
0.2414	0.2791	0.2320	0.2356	0.2185	0.1947	0.1509	0.1347	0.2029	0.2191	0.1851	0.1886	0.1760	0.1666	0.1401	0.1336	0.1778	0.1983	0.1623	0.1688	0.1499	0.1451	0.1277	0.1255	0.1497	0.1657	0.1469	0.1353	0.1300	0.1244	0.1147	0.1115	0.1484	0.1273	0.1159	0.1217	0.1120	0.1128	0.1034	0.1041	0.1129	0.1168	0.1103	0.1121	0.1048	0.1069	0.0971	0.0981	0.1089	0.1131	0.1059	0.1072	0.1060	0.1014	0.0969	0.0967	0.1063	0.1097	0.1026	0.1024	0.0980	0.0998	0.0944	0.0934	
0.2615	0.3012	0.2459	0.2538	0.2357	0.2078	0.1560	0.1374	0.2190	0.2392	0.1987	0.1985	0.1858	0.1781	0.1431	0.1393	0.1896	0.2147	0.1714	0.1787	0.1575	0.1519	0.1310	0.1298	0.1580	0.1740	0.1540	0.1408	0.1357	0.1281	0.1157	0.1137	0.1507	0.1313	0.1197	0.1256	0.1146	0.1154	0.1048	0.1058	0.1144	0.1190	0.1113	0.1151	0.1041	0.1077	0.0975	0.0991	0.1100	0.1154	0.1058	0.1092	0.1055	0.1020	0.0960	0.0974	0.1068	0.1102	0.1026	0.1051	0.0983	0.0989	0.0941	0.0952	
0.2831	0.3267	0.2667	0.2717	0.2525	0.2229	0.1634	0.1424	0.2341	0.2574	0.2135	0.2144	0.1974	0.1878	0.1508	0.1427	0.1994	0.2252	0.1826	0.1909	0.1646	0.1588	0.1356	0.1321	0.1657	0.1829	0.1615	0.1471	0.1404	0.1325	0.1197	0.1150	0.1518	0.1297	0.1171	0.1255	0.1119	0.1140	0.1019	0.1019	0.1134	0.1170	0.1095	0.1106	0.1035	0.1045	0.0948	0.0961	0.1085	0.1110	0.1039	0.1048	0.1033	0.0975	0.0921	0.0926	0.1049	0.1068	0.0997	0.1003	0.0955	0.0952	0.0898	0.0909	
0.3036	0.3515	0.2885	0.2945	0.2701	0.2365	0.1696	0.1482	0.2509	0.2747	0.2291	0.2302	0.2107	0.1973	0.1563	0.1505	0.2132	0.2413	0.1925	0.2009	0.1734	0.1660	0.1405	0.1372	0.1739	0.1939	0.1694	0.1525	0.1450	0.1351	0.1211	0.1179	0.1604	0.1395	0.1260	0.1326	0.1200	0.1201	0.1079	0.1087	0.1203	0.1255	0.1172	0.1185	0.1093	0.1100	0.1008	0.1020	0.1150	0.1196	0.1101	0.1121	0.1092	0.1037	0.0978	0.0986	0.1106	0.1139	0.1054	0.1065	0.1003	0.1006	0.0952	0.0964	
0.3288	0.3805	0.3125	0.3164	0.2932	0.2517	0.1788	0.1517	0.2672	0.2985	0.2437	0.2470	0.2249	0.2108	0.1631	0.1544	0.2290	0.2592	0.2056	0.2152	0.1839	0.1748	0.1447	0.1414	0.1840	0.2067	0.1793	0.1616	0.1518	0.1408	0.1243	0.1193	0.1643	0.1451	0.1308	0.1380	0.1230	0.1237	0.1101	0.1090	0.1229	0.1285	0.1185	0.1217	0.1102	0.1130	0.0994	0.1012	0.1166	0.1225	0.1117	0.1131	0.1106	0.1041	0.0973	0.0984	0.1128	0.1166	0.1069	0.1082	0.1009	0.1022	0.0955	0.0953	
0.3553	0.4126	0.3362	0.3431	0.3173	0.2726	0.1873	0.1568	0.2883	0.3230	0.2684	0.2669	0.2412	0.2267	0.1725	0.1605	0.2436	0.2799	0.2214	0.2311	0.1967	0.1824	0.1509	0.1437	0.1958	0.2183	0.1893	0.1693	0.1575	0.1463	0.1268	0.1223	0.1644	0.1480	0.1332	0.1402	0.1252	0.1242	0.1113	0.1102	0.1254	0.1300	0.1205	0.1229	0.1109	0.1123	0.0994	0.1015	0.1178	0.1221	0.1124	0.1150	0.1112	0.1051	0.0966	0.0972	0.1127	0.1161	0.1072	0.1083	0.1004	0.1014	0.0957	0.0964	
0.3845	0.4427	0.3651	0.3698	0.3387	0.2922	0.1976	0.1605	0.3116	0.3503	0.2857	0.2849	0.2610	0.2428	0.1814	0.1688	0.2636	0.3000	0.2350	0.2477	0.2077	0.1941	0.1554	0.1499	0.2089	0.2364	0.2011	0.1791	0.1665	0.1514	0.1315	0.1265	0.1728	0.1548	0.1367	0.1456	0.1277	0.1290	0.1084	0.1097	0.1301	0.1345	0.1233	0.1242	0.1133	0.1140	0.1000	0.1004	0.1205	0.1257	0.1134	0.1149	0.1139	0.1042	0.0986	0.0965	0.1143	0.1173	0.1086	0.1080	0.1016	0.1013	0.0950	0.0938	
0.4122	0.4797	0.3914	0.3995	0.3619	0.3107	0.2070	0.1642	0.3367	0.3785	0.3074	0.3053	0.2800	0.2596	0.1901	0.1739	0.2808	0.3244	0.2540	0.2631	0.2224	0.2068	0.1620	0.1541	0.2226	0.2503	0.2139	0.1892	0.1732	0.1568	0.1342	0.1293	0.1795	0.1650	0.1463	0.1527	0.1359	0.1327	0.1155	0.1143	0.1378	0.1432	0.1319	0.1298	0.1191	0.1202	0.1039	0.1036	0.1270	0.1321	0.1200	0.1205	0.1197	0.1089	0.1002	0.1009	0.1198	0.1238	0.1123	0.1118	0.1056	0.1036	0.0976	0.0973	
0.4429	0.5181	0.4252	0.4312	0.3910	0.3351	0.2224	0.1739	0.3639	0.4135	0.3331	0.3324	0.3006	0.2778	0.2033	0.1841	0.3079	0.3524	0.2733	0.2842	0.2356	0.2209	0.1701	0.1612	0.2375	0.2756	0.2305	0.2006	0.1817	0.1654	0.1411	0.1341	0.1828	0.1713	0.1507	0.1582	0.1408	0.1369	0.1194	0.1179	0.1403	0.1470	0.1340	0.1330	0.1208	0.1205	0.1051	0.1076	0.1310	0.1367	0.1218	0.1234	0.1211	0.1098	0.1021	0.1035	0.1226	0.1274	0.1152	0.1151	0.1065	0.1049	0.0992	0.0990	
0.4737	0.5532	0.4515	0.4659	0.4214	0.3623	0.2334	0.1804	0.3930	0.4432	0.3616	0.3565	0.3235	0.2975	0.2107	0.1914	0.3310	0.3844	0.2938	0.3063	0.2563	0.2345	0.1771	0.1687	0.2533	0.2935	0.2458	0.2169	0.1946	0.1753	0.1434	0.1359	0.1918	0.1770	0.1571	0.1647	0.1433	0.1407	0.1183	0.1184	0.1465	0.1498	0.1386	0.1368	0.1220	0.1212	0.1068	0.1067	0.1326	0.1361	0.1245	0.1258	0.1242	0.1091	0.1030	0.1014	0.1250	0.1263	0.1163	0.1167	0.1071	0.1035	0.0996	0.0966	
0.5109	0.5856	0.4845	0.4903	0.4536	0.3841	0.2478	0.1887	0.4241	0.4776	0.3854	0.3813	0.3509	0.3188	0.2248	0.2019	0.3543	0.4131	0.3149	0.3330	0.2735	0.2481	0.1882	0.1743	0.2721	0.3200	0.2629	0.2289	0.2068	0.1838	0.1504	0.1414	0.2007	0.1883	0.1666	0.1731	0.1525	0.1482	0.1237	0.1203	0.1530	0.1590	0.1433	0.1416	0.1257	0.1262	0.1062	0.1060	0.1374	0.1441	0.1277	0.1286	0.1262	0.1121	0.1025	0.1021	0.1288	0.1331	0.1180	0.1178	0.1071	0.1063	0.0987	0.0978	
0.5372	0.6167	0.5175	0.5212	0.4806	0.4119	0.2628	0.1942	0.4473	0.5852	0.4188	0.4154	0.3763	0.3440	0.2399	0.2136	0.3748	0.4415	0.3453	0.3559	0.2946	0.2662	0.1985	0.1819	0.2911	0.3402	0.2855	0.2439	0.2169	0.1922	0.1552	0.1448	0.2071	0.1991	0.1748	0.1812	0.1599	0.1522	0.1272	0.1227	0.1598	0.1665	0.1489	0.1460	0.1292	0.1289	0.1090	0.1095	0.1421	0.1506	0.1306	0.1315	0.1305	0.1150	0.1040	0.1051	0.1323	0.1376	0.1215	0.1213	0.1095	0.1088	0.0990	0.0993	
0.5689	0.6496	0.5507	0.5513	0.5067	0.4410	0.2793	0.2054	0.4819	0.5514	0.4435	0.4466	0.4037	0.3730	0.2553	0.2256	0.4031	0.4717	0.3748	0.3817	0.3189	0.2863	0.2096	0.1928	0.3125	0.3716	0.3023	0.2651	0.2304	0.2055	0.1627	0.1517	0.2162	0.2069	0.1787	0.1860	0.1631	0.1505	0.1250	0.1214	0.1641	0.1668	0.1524	0.1465	0.1296	0.1263	0.1070	0.1039	0.1433	0.1489	0.1314	0.1305	0.1295	0.1088	0.1004	0.0990	0.1323	0.1345	0.1190	0.1173	0.1063	0.1019	0.0959	0.0936	
0.5987	0.6827	0.5785	0.5833	0.5430	0.4700	0.2992	0.2141	0.5140	0.6479	0.4770	0.4756	0.4330	0.3945	0.2720	0.2403	0.4356	0.5109	0.4002	0.4126	0.3377	0.3059	0.2197	0.2017	0.3390	0.3966	0.3328	0.2877	0.2449	0.2151	0.1664	0.1547	0.2318	0.2234	0.1946	0.2051	0.1737	0.1632	0.1324	0.1271	0.1756	0.1798	0.1617	0.1583	0.1377	0.1355	0.1099	0.1106	0.1551	0.1595	0.1402	0.1382	0.1393	0.1148	0.1044	0.1045	0.1397	0.1444	0.1270	0.1244	0.1125	0.1084	0.1002	0.0984	
0.6217	0.7051	0.6035	0.6133	0.5629	0.4971	0.3168	0.2214	0.5392	0.6908	0.5052	0.5021	0.4630	0.4267	0.2904	0.2513	0.4636	0.5465	0.4282	0.4365	0.3655	0.3301	0.2321	0.2128	0.3612	0.4277	0.3531	0.3044	0.2630	0.2319	0.1770	0.1638	0.2475	0.2421	0.2099	0.2188	0.1882	0.1754	0.1382	0.1332	0.1871	0.1955	0.1716	0.1698	0.1445	0.1430	0.1131	0.1133	0.1623	0.1706	0.1475	0.1462	0.1470	0.1222	0.1065	0.1066	0.1470	0.1526	0.1315	0.1300	0.1170	0.1142	0.1009	0.0996	
0.6451	0.7290	0.6331	0.6383	0.5918	0.5279	0.3420	0.2331	0.5711	0.6467	0.5324	0.5328	0.4945	0.4541	0.3143	0.2698	0.4897	0.5717	0.4516	0.4687	0.3938	0.3545	0.2486	0.2234	0.3889	0.4595	0.3856	0.3286	0.2837	0.2467	0.1845	0.1699	0.2571	0.2514	0.2172	0.2259	0.1921	0.1777	0.1378	0.1319	0.1930	0.1990	0.1767	0.1715	0.1444	0.1413	0.1110	0.1107	0.1642	0.1733	0.1480	0.1463	0.1462	0.1189	0.1050	0.1031	0.1475	0.1533	0.1308	0.1290	0.1137	0.1092	0.0988	0.0965	
0.6618	0.7520	0.6504	0.6651	0.6163	0.5581	0.3653	0.2488	0.5931	0.6736	0.5592	0.5605	0.5234	0.4854	0.3366	0.2875	0.5190	0.6068	0.4767	0.4978	0.4235	0.3763	0.2655	0.2379	0.4103	0.4940	0.4040	0.3506	0.3037	0.2614	0.1953	0.1802	0.2738	0.2722	0.2367	0.2441	0.2080	0.1936	0.1492	0.1416	0.2076	0.2132	0.1917	0.1842	0.1542	0.1502	0.1174	0.1185	0.1760	0.1849	0.1590	0.1572	0.1559	0.1250	0.1104	0.1088	0.1565	0.1644	0.1402	0.1368	0.1193	0.1141	0.1033	0.1007	
0.6904	0.7723	0.6779	0.6848	0.6393	0.5880	0.3867	0.2591	0.6255	0.7622	0.5905	0.5876	0.5519	0.5139	0.3589	0.3081	0.5496	0.6352	0.5107	0.5240	0.4510	0.4036	0.2795	0.2543	0.4422	0.5233	0.4365	0.3821	0.3279	0.2806	0.2034	0.1881	0.2869	0.2851	0.2475	0.2548	0.2153	0.1960	0.1508	0.1391	0.2179	0.2214	0.1986	0.1877	0.1579	0.1523	0.1183	0.1143	0.1823	0.1908	0.1632	0.1591	0.1614	0.1232	0.1093	0.1051	0.1623	0.1674	0.1431	0.1375	0.1208	0.1132	0.1035	0.0982	
0.7103	0.7917	0.6969	0.7128	0.6698	0.6178	0.4157	0.2739	0.6453	0.7235	0.6164	0.6203	0.5827	0.5454	0.3869	0.3261	0.5819	0.6689	0.5458	0.5540	0.4811	0.4322	0.2994	0.2683	0.4683	0.5573	0.4600	0.4051	0.3492	0.3021	0.2173	0.1969	0.3078	0.3067	0.2652	0.2720	0.2320	0.2095	0.1595	0.1463	0.2297	0.2353	0.2124	0.1975	0.1664	0.1601	0.1216	0.1176	0.1919	0.1989	0.1700	0.1650	0.1687	0.1278	0.1112	0.1083	0.1675	0.1741	0.1480	0.1410	0.1243	0.1156	0.1047	0.0990	
0.7254	0.8054	0.7218	0.7299	0.6833	0.6395	0.4380	0.2854	0.6652	0.8184	0.6381	0.6447	0.6033	0.5686	0.4102	0.3484	0.6027	0.6883	0.5655	0.5862	0.5086	0.4574	0.3188	0.2815	0.4971	0.6500	0.4934	0.4330	0.3696	0.3212	0.2262	0.2054	0.3295	0.3257	0.2834	0.2932	0.2493	0.2233	0.1661	0.1540	0.2471	0.2529	0.2231	0.2108	0.1741	0.1697	0.1238	0.1215	0.2050	0.2122	0.1806	0.1753	0.1747	0.1319	0.1135	0.1107	0.1780	0.1830	0.1526	0.1482	0.1271	0.1183	0.1051	0.1012	
0.7382	0.8142	0.7354	0.7473	0.7081	0.6612	0.4620	0.2992	0.6910	0.7740	0.6639	0.6666	0.6249	0.5923	0.4331	0.3665	0.6261	0.7500	0.5926	0.6071	0.5345	0.4847	0.3378	0.2977	0.5301	0.7012	0.5223	0.4720	0.3983	0.3416	0.2387	0.2142	0.3533	0.3528	0.3021	0.3150	0.2665	0.2401	0.1748	0.1604	0.2657	0.2710	0.2377	0.2237	0.1836	0.1791	0.1277	0.1257	0.2170	0.2284	0.1909	0.1851	0.1851	0.1393	0.1149	0.1125	0.1868	0.1946	0.1613	0.1541	0.1304	0.1224	0.1073	0.1024	
0.7429	0.8211	0.7470	0.7605	0.7205	0.6828	0.4981	0.3225	0.7097	0.8570	0.6823	0.6917	0.6511	0.6199	0.4653	0.3938	0.6447	0.7999	0.6207	0.6316	0.5652	0.5130	0.3622	0.3166	0.5522	0.7393	0.5531	0.4978	0.4240	0.3661	0.2531	0.2280	0.3777	0.3762	0.3304	0.3335	0.2857	0.2530	0.1838	0.1669	0.2837	0.2920	0.2564	0.2370	0.1950	0.1878	0.1303	0.1275	0.2309	0.2436	0.2029	0.1945	0.1980	0.1427	0.1180	0.1144	0.1962	0.2072	0.1702	0.1622	0.1363	0.1261	0.1084	0.1045	
0.7486	0.8218	0.7473	0.7677	0.7282	0.7096	0.5235	0.3415	0.7230	0.8028	0.7038	0.7105	0.6735	0.6469	0.4951	0.4184	0.6714	0.7601	0.6363	0.6553	0.5909	0.5427	0.3897	0.3395	0.5823	0.6697	0.5759	0.5196	0.4530	0.3936	0.2719	0.2428	0.3892	0.3900	0.3390	0.3486	0.2956	0.2582	0.1870	0.1690	0.2947	0.2980	0.2638	0.2420	0.1966	0.1872	0.1297	0.1270	0.2355	0.2470	0.2034	0.1957	0.2022	0.1423	0.1158	0.1152	0.1998	0.2097	0.1717	0.1611	0.1349	0.1230	0.1071	0.1031	
0.7553	0.8246	0.7485	0.7702	0.7341	0.7236	0.5514	0.3610	0.7391	0.8093	0.7218	0.7300	0.6930	0.6689	0.5239	0.4432	0.6884	0.8534	0.6680	0.6774	0.6168	0.5708	0.4113	0.3596	0.6022	0.7765	0.6011	0.5515	0.4793	0.4189	0.2864	0.2570	0.4131	0.4209	0.3674	0.3734	0.3179	0.2815	0.2012	0.1798	0.3159	0.3227	0.2845	0.2602	0.2136	0.2021	0.1376	0.1327	0.2570	0.2656	0.2208	0.2094	0.2166	0.1475	0.1222	0.1161	0.2157	0.2236	0.1817	0.1713	0.1428	0.1272	0.1102	0.1032	
0.7562	0.8303	0.7554	0.7729	0.7387	0.7322	0.5799	0.3825	0.7456	0.8150	0.7295	0.7471	0.7114	0.6876	0.5452	0.4707	0.7062	0.7958	0.6807	0.7014	0.6386	0.5970	0.4360	0.3862	0.6232	0.7758	0.6226	0.5762	0.5100	0.4504	0.3058	0.2746	0.4426	0.4441	0.3887	0.3997	0.3400	0.2996	0.2121	0.1892	0.3406	0.3435	0.3044	0.2771	0.2250	0.2155	0.1412	0.1370	0.2729	0.2842	0.2350	0.2254	0.2283	0.1549	0.1234	0.1193	0.2282	0.2384	0.1922	0.1807	0.1467	0.1308	0.1113	0.1060	
0.7592	0.8323	0.7559	0.7769	0.7386	0.7384	0.6070	0.4027	0.7525	0.8186	0.7362	0.7616	0.7218	0.7080	0.5784	0.4997	0.7278	0.8100	0.7096	0.7194	0.6587	0.6231	0.4669	0.4094	0.6445	0.8024	0.6465	0.6020	0.5358	0.4767	0.3254	0.2892	0.4583	0.4613	0.4061	0.4176	0.3628	0.3115	0.2222	0.1945	0.3572	0.3603	0.3171	0.2924	0.2356	0.2195	0.1429	0.1386	0.2854	0.2945	0.2460	0.2334	0.2402	0.1586	0.1252	0.1218	0.2372	0.2479	0.2000	0.1872	0.1497	0.1340	0.1123	0.1082	
0.7612	0.8374	0.7608	0.7827	0.7502	0.7485	0.6252	0.4231	0.7544	0.8257	0.7476	0.7657	0.7359	0.7227	0.6022	0.5261	0.7366	0.8945	0.7205	0.7353	0.6823	0.6903	0.5282	0.4321	0.6624	0.7512	0.6670	0.6239	0.6220	0.5527	0.3474	0.3106	0.4746	0.4776	0.4239	0.4349	0.3784	0.3273	0.2291	0.1942	0.3693	0.3754	0.3343	0.3020	0.2462	0.2262	0.1415	0.1384	0.2986	0.3074	0.2570	0.2385	0.2493	0.1570	0.1220	0.1180	0.2458	0.2548	0.2057	0.1883	0.1503	0.1304	0.1084	0.1022	
0.7626	0.8355	0.7626	0.7846	0.7446	0.7485	0.6544	0.4497	0.7559	0.8237	0.7434	0.7641	0.7280	0.7349	0.6281	0.5542	0.7476	0.8216	0.7336	0.7504	0.6969	0.6622	0.5224	0.4653	0.6818	0.8505	0.6897	0.6491	0.6369	0.5273	0.3678	0.3303	0.5081	0.5072	0.4531	0.4648	0.4086	0.3594	0.2503	0.2119	0.4027	0.4064	0.3619	0.3283	0.2672	0.2505	0.1544	0.1439	0.3271	0.3364	0.2785	0.2596	0.2729	0.1701	0.1301	0.1228	0.2680	0.2803	0.2249	0.2029	0.1623	0.1374	0.1146	0.1068	
0.7670	0.8364	0.7637	0.7840	0.7498	0.7522	0.6805	0.4730	0.7594	0.8283	0.7521	0.7690	0.7302	0.7382	0.6528	0.5811	0.7494	0.8220	0.7416	0.7555	0.7144	0.6982	0.5810	0.4858	0.6987	0.8828	0.7059	0.6712	0.6625	0.6018	0.3929	0.3518	0.5342	0.5354	0.4852	0.4888	0.4357	0.3795	0.2647	0.2256	0.4298	0.4327	0.3903	0.3526	0.2877	0.2637	0.1593	0.1523	0.3503	0.3599	0.3031	0.2791	0.2925	0.1782	0.1334	0.1271	0.2894	0.2989	0.2417	0.2157	0.1730	0.1454	0.1194	0.1096	
0.7679	0.8428	0.7636	0.7868	0.7464	0.7495	0.6995	0.4938	0.7613	0.8286	0.7510	0.7699	0.7393	0.7424	0.6727	0.6078	0.7555	0.8255	0.7426	0.7610	0.7265	0.6961	0.6050	0.5106	0.7188	0.8837	0.7217	0.6877	0.6792	0.6182	0.4173	0.3679	0.5532	0.5471	0.4952	0.5108	0.4551	0.4007	0.2810	0.2394	0.4513	0.4501	0.4064	0.3722	0.3041	0.2809	0.1674	0.1575	0.3711	0.3790	0.3159	0.2941	0.3097	0.1871	0.1384	0.1314	0.3076	0.3163	0.2508	0.2266	0.1799	0.1494	0.1202	0.1112	
0.7695	0.8441	0.7693	0.7891	0.7473	0.7533	0.7186	0.5195	0.7648	0.8322	0.7548	0.7747	0.7397	0.7504	0.6933	0.6305	0.7561	0.8271	0.7496	0.7617	0.7298	0.7163	0.6280	0.5328	0.7305	0.8063	0.7394	0.7179	0.6970	0.6512	0.4904	0.3966	0.5583	0.5596	0.5059	0.5195	0.4663	0.4162	0.2916	0.2414	0.4600	0.4615	0.4183	0.3819	0.3138	0.2880	0.1689	0.1545	0.3869	0.3896	0.3275	0.3019	0.3224	0.1851	0.1360	0.1266	0.3156	0.3249	0.2569	0.2290	0.1807	0.1471	0.1173	0.1058	
0.7745	0.8450	0.7699	0.7886	0.7485	0.7510	0.7309	0.5516	0.7666	0.9090	0.7575	0.7791	0.7442	0.7499	0.7075	0.6535	0.7607	0.8936	0.7525	0.7711	0.7363	0.7253	0.6634	0.5589	0.7408	0.9053	0.7427	0.7181	0.7270	0.6788	0.5130	0.4216	0.5797	0.5810	0.5312	0.5473	0.4925	0.4472	0.3181	0.2635	0.4878	0.4880	0.4469	0.4120	0.3398	0.3143	0.1805	0.1661	0.4116	0.4155	0.3530	0.3323	0.3441	0.2013	0.1439	0.1360	0.3434	0.3495	0.2799	0.2523	0.1945	0.1561	0.1232	0.1134	
0.7759	0.8513	0.7750	0.7975	0.7539	0.7547	0.7322	0.5705	0.7706	0.8404	0.7639	0.7823	0.7453	0.7486	0.7203	0.6752	0.7639	0.8343	0.7570	0.7716	0.7401	0.7293	0.6802	0.5846	0.7478	0.9004	0.7584	0.7478	0.7450	0.7023	0.5467	0.4457	0.6046	0.6033	0.5494	0.5650	0.5130	0.4688	0.3356	0.2804	0.5060	0.5129	0.4691	0.4358	0.3637	0.3371	0.1884	0.1761	0.4350	0.4418	0.3777	0.3520	0.3656	0.2163	0.1504	0.1407	0.3673	0.3705	0.2983	0.2690	0.2031	0.1658	0.1273	0.1167	
0.7815	0.8531	0.7757	0.7931	0.7503	0.7538	0.7370	0.5979	0.7756	0.8386	0.7631	0.7832	0.7504	0.7495	0.7271	0.6934	0.7636	0.8354	0.7567	0.7772	0.7432	0.7341	0.7065	0.6055	0.7516	0.8178	0.7633	0.7645	0.7544	0.7137	0.5731	0.4650	0.6119	0.6133	0.5582	0.5727	0.5235	0.4863	0.3514	0.2876	0.5138	0.5193	0.4779	0.4502	0.3768	0.3490	0.1944	0.1778	0.4484	0.4530	0.3875	0.3675	0.3860	0.2209	0.1543	0.1405	0.3799	0.3853	0.3125	0.2801	0.2125	0.1684	0.1287	0.1156	
0.7865	0.8561	0.7810	0.7932	0.7515	0.7580	0.7399	0.6267	0.7752	0.8449	0.7601	0.7830	0.7546	0.7485	0.7246	0.7114	0.7712	0.8401	0.7535	0.7730	0.7444	0.7384	0.7087	0.6322	0.7605	0.8285	0.7553	0.7640	0.7196	0.6887	0.5889	0.4965	0.6289	0.6362	0.5769	0.5949	0.5462	0.5065	0.3762	0.3059	0.5330	0.5421	0.4981	0.4705	0.3964	0.3691	0.2023	0.1831	0.4678	0.4793	0.4123	0.3849	0.4060	0.2291	0.1576	0.1444	0.4014	0.4096	0.3328	0.2927	0.2226	0.1700	0.1306	0.1154	
0.7877	0.8584	0.7841	0.8020	0.7588	0.7598	0.7395	0.6456	0.7782	0.8480	0.7678	0.7874	0.7507	0.7538	0.7272	0.7200	0.7664	0.8384	0.7638	0.7817	0.7425	0.7411	0.6983	0.6528	0.7583	0.8194	0.7623	0.7581	0.7226	0.7032	0.6156	0.5188	0.6532	0.6560	0.5983	0.6185	0.5681	0.5346	0.3994	0.3301	0.5602	0.5645	0.5190	0.4974	0.4218	0.3975	0.2208	0.1981	0.4962	0.5036	0.4377	0.4153	0.4352	0.2467	0.1698	0.1521	0.4283	0.4368	0.3552	0.3186	0.2414	0.1836	0.1386	0.1191	
0.7909	0.8615	0.7859	0.8009	0.7601	0.7593	0.7435	0.6691	0.7808	0.8476	0.7713	0.7909	0.7550	0.7524	0.7288	0.7300	0.7740	0.8438	0.7634	0.7826	0.7499	0.7447	0.7512	0.6786	0.7612	0.9089	0.7622	0.7603	0.7813	0.7665	0.6458	0.5825	0.6642	0.6679	0.6173	0.6328	0.5830	0.5516	0.4183	0.3552	0.5778	0.5833	0.5382	0.5158	0.4432	0.4162	0.2314	0.2098	0.5138	0.5212	0.4559	0.4344	0.4571	0.2642	0.1769	0.1603	0.4532	0.4588	0.3756	0.3360	0.2552	0.1933	0.1433	0.1246	
0.7926	0.8643	0.7884	0.8016	0.7657	0.7647	0.7474	0.6945	0.7820	0.8519	0.7748	0.7919	0.7609	0.7535	0.7325	0.7304	0.7769	0.9150	0.7672	0.7806	0.7539	0.7416	0.7629	0.6892	0.7692	0.8332	0.7671	0.7691	0.7854	0.7762	0.6735	0.5734	0.6569	0.6684	0.6223	0.6378	0.5911	0.5661	0.4394	0.3642	0.5829	0.5916	0.5485	0.5270	0.4606	0.4331	0.2411	0.2165	0.5213	0.5333	0.4715	0.4506	0.4718	0.2748	0.1806	0.1655	0.4643	0.4712	0.3944	0.3513	0.2670	0.1991	0.1467	0.1294	
0.7989	0.8694	0.7906	0.8021	0.7726	0.7652	0.7466	0.7115	0.7849	0.8545	0.7741	0.7910	0.7643	0.7558	0.7351	0.7322	0.7799	0.8501	0.7666	0.7799	0.7566	0.7439	0.7244	0.7036	0.7688	0.8324	0.7631	0.7700	0.7433	0.7384	0.6824	0.5979	0.6581	0.6750	0.6351	0.6454	0.6076	0.5778	0.4613	0.3826	0.5985	0.6069	0.5640	0.5417	0.4772	0.4515	0.2475	0.2215	0.5405	0.5473	0.4891	0.4693	0.4925	0.2850	0.1841	0.1640	0.4849	0.4891	0.4143	0.3693	0.2841	0.2041	0.1476	0.1240	
0.8005	0.8697	0.7928	0.8075	0.7722	0.7675	0.7509	0.7221	0.7900	0.8588	0.7802	0.7938	0.7615	0.7621	0.7404	0.7339	0.7813	0.8521	0.7684	0.7803	0.7563	0.7443	0.7311	0.7123	0.7678	0.8404	0.7658	0.7731	0.7427	0.7398	0.7119	0.6259	0.6650	0.6830	0.6452	0.6648	0.6255	0.5959	0.4844	0.4056	0.6160	0.6283	0.5838	0.5606	0.4992	0.4755	0.2667	0.2377	0.5612	0.5695	0.5078	0.4935	0.5118	0.3068	0.1980	0.1749	0.5056	0.5148	0.4330	0.3937	0.3024	0.2181	0.1546	0.1305	
0.8046	0.8743	0.7971	0.8093	0.7760	0.7691	0.7425	0.7227	0.7902	0.8589	0.7809	0.8011	0.7645	0.7579	0.7361	0.7348	0.7875	0.8527	0.7707	0.7856	0.7569	0.7448	0.7282	0.7232	0.7757	0.8407	0.7719	0.7782	0.7454	0.7400	0.7262	0.6440	0.6651	0.6813	0.6463	0.6586	0.6281	0.6145	0.5037	0.4263	0.6228	0.6387	0.5946	0.5698	0.5082	0.4937	0.2800	0.2481	0.5758	0.5796	0.5211	0.5083	0.5291	0.3230	0.2031	0.1798	0.5189	0.5278	0.4484	0.4130	0.3182	0.2275	0.1579	0.1345	
0.8062	0.8772	0.7942	0.8094	0.7787	0.7703	0.7413	0.7129	0.7935	0.8645	0.7784	0.7968	0.7669	0.7630	0.7299	0.7350	0.7880	0.8571	0.7684	0.7833	0.7661	0.7437	0.7276	0.7233	0.7726	0.8420	0.7667	0.7742	0.7468	0.7453	0.7471	0.6681	0.6726	0.6870	0.6516	0.6623	0.6327	0.6312	0.5260	0.4480	0.6334	0.6478	0.6074	0.5856	0.5251	0.5136	0.2939	0.2592	0.5965	0.5940	0.5363	0.5230	0.5410	0.3389	0.2100	0.1828	0.5367	0.5452	0.4656	0.4261	0.3322	0.2338	0.1618	0.1299	
0.8105	0.8792	0.8018	0.8155	0.7830	0.7753	0.7389	0.7182	0.7963	0.8653	0.7880	0.8055	0.7679	0.7694	0.7404	0.7404	0.7834	0.8564	0.7798	0.7912	0.7684	0.7492	0.7338	0.7289	0.7739	0.8407	0.7744	0.7863	0.7528	0.7504	0.7589	0.6833	0.6747	0.6903	0.6608	0.6677	0.6387	0.6401	0.5443	0.4616	0.6381	0.6613	0.6233	0.6034	0.5437	0.5303	0.3112	0.2707	0.6104	0.6199	0.5531	0.5419	0.5558	0.3607	0.2217	0.1909	0.5577	0.5668	0.4876	0.4511	0.3489	0.2510	0.1680	0.1340	
0.8140	0.8836	0.8025	0.8129	0.7815	0.7728	0.7398	0.7199	0.7973	0.8708	0.7887	0.8049	0.7669	0.7687	0.7482	0.7426	0.7911	0.8583	0.7756	0.7881	0.7584	0.7464	0.7382	0.7304	0.7763	0.8490	0.7710	0.7807	0.7465	0.7516	0.7709	0.7061	0.6791	0.6946	0.6622	0.6731	0.6492	0.6488	0.5605	0.4972	0.6411	0.6658	0.6276	0.6182	0.5648	0.5504	0.3341	0.2968	0.6204	0.6349	0.5663	0.5587	0.5808	0.3838	0.2399	0.2068	0.5741	0.5817	0.5046	0.4728	0.3783	0.2663	0.1828	0.1447	
0.8159	0.8862	0.8080	0.8179	0.7872	0.7762	0.7372	0.7203	0.8023	0.8751	0.7926	0.8125	0.7703	0.7765	0.7459	0.7443	0.7911	0.8636	0.7812	0.7955	0.7656	0.7526	0.7371	0.7269	0.7744	0.9257	0.7771	0.7919	0.7550	0.7525	0.7769	0.7116	0.6702	0.6848	0.6567	0.6671	0.6405	0.6448	0.5710	0.5028	0.6349	0.6590	0.6215	0.6206	0.5686	0.5587	0.3437	0.2984	0.6185	0.6333	0.5736	0.5650	0.5877	0.3955	0.2403	0.2071	0.5809	0.5882	0.5102	0.4790	0.3879	0.2720	0.1796	0.1404	
0.8185	0.8911	0.8115	0.8200	0.7897	0.7757	0.7348	0.7207	0.8044	0.8815	0.7955	0.8109	0.7710	0.7742	0.7449	0.7456	0.7956	0.8666	0.7864	0.7990	0.7610	0.7566	0.7388	0.7318	0.7802	0.9481	0.7791	0.7909	0.7528	0.7498	0.7326	0.7526	0.6739	0.6945	0.6627	0.6723	0.6450	0.6513	0.5921	0.5236	0.6436	0.6688	0.6318	0.6321	0.5849	0.5766	0.3676	0.3170	0.6313	0.6491	0.5985	0.5825	0.6035	0.4185	0.2625	0.2202	0.6074	0.6076	0.5327	0.5024	0.4165	0.2933	0.1954	0.1506	
0.8213	0.8947	0.8107	0.8219	0.7893	0.7789	0.7472	0.7284	0.8073	0.8803	0.7974	0.8150	0.7739	0.7762	0.7495	0.7474	0.8025	0.9262	0.7876	0.8001	0.7693	0.7567	0.7372	0.7299	0.7826	0.8586	0.7843	0.7894	0.7538	0.7557	0.7792	0.7305	0.6758	0.6945	0.6661	0.6710	0.6438	0.6514	0.6040	0.5471	0.6454	0.6698	0.6358	0.6337	0.5903	0.5876	0.3862	0.3372	0.6362	0.6528	0.6074	0.5950	0.6007	0.4360	0.2737	0.2350	0.6190	0.6246	0.5446	0.5126	0.4216	0.3084	0.2013	0.1567	
