0.0958	0.0967	0.0957	0.1151	0.0937	0.1196	0.0947	0.1151	0.0957	0.1000	0.0967	0.1185	0.0976	0.1061	0.0937	0.1170	0.0984	0.0999	0.0969	0.1017	0.0972	0.1155	0.0951	0.1034	0.0963	0.0951	0.0991	0.1395	0.0947	0.1023	0.1040	0.1024	0.0977	0.0991	0.1001	0.1118	0.0962	0.1015	0.0954	0.1055	0.0969	0.0976	0.0971	0.1238	0.0971	0.1068	0.0959	0.1021	0.0962	0.0975	0.0984	0.1275	0.0955	0.1215	0.0959	0.1229	0.0988	0.0942	0.1005	0.0948	0.0981	0.1060	0.0993	0.0976	
0.0925	0.0926	0.0913	0.0925	0.0924	0.0932	0.0933	0.0944	0.0912	0.0949	0.0924	0.0933	0.0943	0.0956	0.0928	0.0953	0.0930	0.0926	0.0916	0.0924	0.0935	0.0931	0.0931	0.0978	0.0892	0.0908	0.0925	0.0919	0.0911	0.0915	0.1000	0.0934	0.0904	0.0919	0.0930	0.0920	0.0915	0.0923	0.0933	0.0928	0.0906	0.0914	0.0930	0.0919	0.0920	0.0917	0.0931	0.0941	0.0916	0.0911	0.0910	0.0931	0.0919	0.0929	0.0913	0.0930	0.0923	0.0899	0.0933	0.0916	0.0922	0.1027	0.0921	0.0909	
0.0912	0.0919	0.0925	0.0920	0.0935	0.0938	0.0917	0.0963	0.0908	0.0940	0.0932	0.0931	0.0961	0.0944	0.0933	0.0961	0.0930	0.0913	0.0906	0.0931	0.0939	0.0935	0.0938	0.0982	0.0899	0.0897	0.0928	0.0927	0.0908	0.0920	0.1014	0.0932	0.0897	0.0924	0.0919	0.0925	0.0916	0.0930	0.0934	0.0937	0.0895	0.0908	0.0921	0.0923	0.0916	0.0923	0.0925	0.0937	0.0914	0.0920	0.0910	0.0938	0.0918	0.0923	0.0924	0.0937	0.0902	0.0889	0.0911	0.0908	0.0928	0.1019	0.0930	0.0924	
0.0913	0.0920	0.0916	0.0922	0.0941	0.0932	0.0941	0.0949	0.0906	0.0938	0.0923	0.0930	0.0950	0.0936	0.0928	0.0959	0.0934	0.0924	0.0930	0.0932	0.0933	0.0925	0.0934	0.0969	0.0892	0.0909	0.0915	0.0924	0.0908	0.0925	0.1042	0.0941	0.0903	0.0914	0.0937	0.0924	0.0938	0.0925	0.0937	0.0941	0.0911	0.0905	0.0931	0.0936	0.0931	0.0941	0.0926	0.0944	0.0921	0.0914	0.0915	0.0928	0.0934	0.0935	0.0926	0.0936	0.0919	0.0910	0.0924	0.0911	0.0928	0.1018	0.0931	0.0919	
0.0925	0.0923	0.0927	0.0922	0.0931	0.0931	0.0934	0.0952	0.0914	0.0952	0.0940	0.0934	0.0951	0.0944	0.0930	0.0959	0.0936	0.0921	0.0919	0.0934	0.0948	0.0933	0.0931	0.0974	0.0900	0.0919	0.0926	0.0929	0.0915	0.0925	0.1043	0.0947	0.0895	0.0927	0.0932	0.0930	0.0932	0.0933	0.0942	0.0959	0.0906	0.0905	0.0924	0.0939	0.0927	0.0933	0.0929	0.0938	0.0931	0.0912	0.0930	0.0935	0.0924	0.0936	0.0925	0.0938	0.0922	0.0911	0.0920	0.0917	0.0926	0.1014	0.0934	0.0931	
0.0903	0.0919	0.0911	0.0912	0.0927	0.0922	0.0924	0.0936	0.0912	0.0935	0.0917	0.0921	0.0942	0.0935	0.0920	0.0947	0.0932	0.0915	0.0915	0.0923	0.0919	0.0915	0.0922	0.0950	0.0887	0.0902	0.0934	0.0909	0.0901	0.0914	0.1031	0.0934	0.0897	0.0913	0.0928	0.0921	0.0917	0.0923	0.0931	0.0922	0.0894	0.0894	0.0925	0.0917	0.0908	0.0924	0.0924	0.0933	0.0913	0.0903	0.0911	0.0917	0.0902	0.0918	0.0911	0.0926	0.0906	0.0893	0.1017	0.0897	0.0920	0.1005	0.0921	0.0911	
0.0911	0.0918	0.0923	0.0925	0.0934	0.0930	0.0933	0.0940	0.0918	0.0943	0.0925	0.0933	0.0948	0.0937	0.0936	0.0950	0.0934	0.0913	0.0915	0.0921	0.0930	0.0920	0.0927	0.0960	0.0894	0.0903	0.0919	0.0921	0.0909	0.0924	0.1047	0.0943	0.0904	0.0914	0.0934	0.0921	0.0921	0.0922	0.0933	0.0934	0.0906	0.0904	0.0923	0.0932	0.0918	0.0927	0.0922	0.0937	0.0923	0.0910	0.0915	0.0919	0.0915	0.0922	0.0922	0.0936	0.0916	0.0912	0.0917	0.0899	0.0927	0.1007	0.0925	0.0922	
0.0913	0.0926	0.0923	0.0917	0.0944	0.0928	0.0929	0.0955	0.0918	0.0937	0.0931	0.0936	0.0963	0.0939	0.0934	0.0940	0.0939	0.0914	0.0922	0.0924	0.0940	0.0926	0.0927	0.0967	0.0899	0.0908	0.0929	0.0923	0.0918	0.0921	0.1043	0.0929	0.0910	0.0915	0.0934	0.0931	0.0924	0.0930	0.0937	0.0930	0.0907	0.0900	0.0930	0.0931	0.0923	0.0929	0.0932	0.0934	0.0922	0.0912	0.0919	0.0929	0.0913	0.0929	0.0916	0.0935	0.0922	0.0901	0.0916	0.0910	0.0933	0.1010	0.0926	0.0930	
0.0914	0.0917	0.0926	0.0930	0.0932	0.0939	0.0946	0.0954	0.0917	0.0939	0.0931	0.0936	0.0954	0.0941	0.0942	0.0959	0.0938	0.0921	0.0918	0.0928	0.0933	0.0926	0.0950	0.0984	0.0899	0.0914	0.0925	0.0931	0.0920	0.0923	0.1034	0.0943	0.0906	0.0918	0.0936	0.0930	0.0930	0.0943	0.0939	0.0935	0.0903	0.0906	0.0924	0.0934	0.0916	0.0938	0.0925	0.0945	0.0918	0.0913	0.0921	0.0929	0.0914	0.0926	0.0920	0.0930	0.0918	0.0904	0.0915	0.0907	0.0924	0.1021	0.0929	0.0919	
0.0918	0.0926	0.0923	0.0938	0.0943	0.0944	0.0936	0.0957	0.0920	0.0936	0.0942	0.0942	0.0955	0.0940	0.0930	0.0954	0.0942	0.0921	0.0923	0.0921	0.0936	0.0935	0.0939	0.0982	0.0896	0.0915	0.0924	0.0924	0.0917	0.0939	0.1023	0.0945	0.0912	0.0922	0.0938	0.0925	0.0930	0.0927	0.0939	0.0950	0.0903	0.0913	0.0928	0.0938	0.0927	0.0939	0.0925	0.0932	0.0925	0.0914	0.0917	0.0937	0.0923	0.0940	0.0926	0.0934	0.0918	0.0920	0.0913	0.0912	0.0933	0.1029	0.0936	0.0937	
0.0923	0.0926	0.0926	0.0930	0.0939	0.0942	0.0946	0.0953	0.0925	0.0942	0.0927	0.0943	0.0957	0.0944	0.0927	0.0955	0.0937	0.0931	0.0934	0.0933	0.0936	0.0937	0.0945	0.0974	0.0898	0.0905	0.0922	0.0929	0.0926	0.0931	0.1025	0.0948	0.0908	0.0917	0.0939	0.0928	0.0915	0.0937	0.0942	0.0952	0.0909	0.0910	0.0926	0.0932	0.0925	0.0950	0.0929	0.0951	0.0922	0.0913	0.0921	0.0935	0.0915	0.0935	0.0936	0.0929	0.0922	0.0911	0.0922	0.0917	0.0933	0.1025	0.0924	0.0920	
0.0917	0.0938	0.0927	0.0938	0.0935	0.0938	0.0940	0.0959	0.0927	0.0951	0.0936	0.0930	0.0952	0.0933	0.0929	0.0963	0.0945	0.0936	0.0922	0.0927	0.0940	0.0931	0.0936	0.0971	0.0909	0.0919	0.0922	0.0930	0.0923	0.0927	0.1032	0.1014	0.0909	0.0931	0.0942	0.0951	0.0930	0.0926	0.0949	0.0929	0.0910	0.0913	0.0932	0.0931	0.0924	0.0934	0.0939	0.0950	0.0925	0.0919	0.0927	0.0944	0.0927	0.0935	0.0929	0.0937	0.0924	0.0917	0.0921	0.0909	0.0927	0.1019	0.0930	0.0926	
0.0922	0.0930	0.0928	0.0939	0.0939	0.0933	0.0943	0.0958	0.0930	0.0952	0.0937	0.0940	0.0973	0.0942	0.0941	0.0958	0.0954	0.0918	0.0925	0.0940	0.0937	0.0936	0.0949	0.0990	0.0903	0.0915	0.0935	0.0932	0.0928	0.0923	0.1041	0.0950	0.0909	0.0918	0.0946	0.0937	0.0921	0.0939	0.0945	0.0943	0.0914	0.0911	0.0929	0.0927	0.0926	0.0929	0.0927	0.0940	0.0929	0.0916	0.0923	0.0930	0.0920	0.0940	0.0936	0.0935	0.0924	0.0919	0.0925	0.0907	0.0942	0.1019	0.0934	0.0927	
0.0922	0.0923	0.0920	0.0927	0.0942	0.0934	0.0935	0.0941	0.0918	0.0939	0.0931	0.0935	0.0959	0.0937	0.0929	0.0951	0.0940	0.0921	0.0927	0.0932	0.0939	0.0924	0.0928	0.0958	0.0897	0.0906	0.0922	0.0929	0.0918	0.0929	0.1029	0.0934	0.0910	0.0914	0.0939	0.0921	0.0926	0.0936	0.0931	0.0920	0.0914	0.0906	0.0928	0.0944	0.0922	0.0934	0.0914	0.0931	0.0919	0.0915	0.0932	0.0933	0.0922	0.0935	0.0913	0.0924	0.0919	0.0906	0.0912	0.0907	0.0933	0.1008	0.0919	0.0916	
0.0923	0.0932	0.0931	0.0947	0.0954	0.0949	0.0949	0.0963	0.0931	0.0949	0.0943	0.0964	0.0977	0.0953	0.0947	0.0969	0.0950	0.0925	0.0937	0.0959	0.0967	0.0946	0.0952	0.0981	0.0910	0.0914	0.0929	0.0950	0.0940	0.0948	0.1056	0.0960	0.0914	0.0923	0.0959	0.0955	0.0938	0.0950	0.0949	0.0952	0.0912	0.0916	0.0955	0.0952	0.0941	0.0954	0.0945	0.0952	0.0930	0.0918	0.0943	0.0951	0.0937	0.0951	0.0936	0.0948	0.0931	0.0918	0.0942	0.0937	0.0947	0.1023	0.0942	0.0944	
0.0926	0.0934	0.0932	0.0935	0.0940	0.0940	0.0938	0.0949	0.0935	0.0949	0.0947	0.0944	0.0967	0.0942	0.0937	0.0947	0.0946	0.0930	0.0928	0.0934	0.0938	0.0931	0.0941	0.0977	0.0912	0.0916	0.0930	0.0935	0.0929	0.0930	0.1016	0.0942	0.0918	0.0926	0.0944	0.0932	0.0922	0.0936	0.0949	0.0944	0.0914	0.0916	0.0931	0.0938	0.0924	0.0933	0.0933	0.0936	0.0929	0.0923	0.0925	0.0934	0.0916	0.0930	0.0930	0.0930	0.0924	0.0910	0.0924	0.0917	0.0938	0.1019	0.0935	0.0918	
0.0931	0.0939	0.0926	0.0945	0.0940	0.0943	0.0946	0.0960	0.0940	0.0959	0.0952	0.0946	0.0962	0.0950	0.0935	0.0976	0.0959	0.0939	0.0933	0.0934	0.0949	0.0954	0.0936	0.0990	0.0918	0.0917	0.0936	0.0939	0.0925	0.0942	0.1042	0.0957	0.0928	0.0938	0.0958	0.0937	0.0943	0.0938	0.0955	0.0947	0.0922	0.0935	0.0931	0.0945	0.0945	0.0956	0.0940	0.0950	0.0934	0.0931	0.0927	0.0935	0.0933	0.0937	0.0922	0.0948	0.0933	0.0912	0.0941	0.0929	0.0944	0.1028	0.0941	0.0917	
0.0930	0.0944	0.0930	0.0946	0.0957	0.0954	0.0956	0.0961	0.0946	0.0952	0.0952	0.0962	0.0980	0.0954	0.0948	0.0974	0.0958	0.0931	0.0946	0.0953	0.0963	0.0951	0.0999	0.0997	0.0914	0.0978	0.0961	0.0939	0.0929	0.0954	0.1027	0.0958	0.0915	0.0929	0.0952	0.0938	0.0946	0.0943	0.0950	0.0949	0.0913	0.0913	0.0936	0.0944	0.0931	0.0954	0.0926	0.0959	0.0941	0.0955	0.0937	0.0952	0.0934	0.0947	0.0933	0.0942	0.0935	0.0919	0.0937	0.0924	0.0940	0.1030	0.0936	0.0943	
0.0939	0.0946	0.0944	0.0940	0.0947	0.0959	0.0953	0.0978	0.0944	0.0961	0.0954	0.0959	0.0981	0.0961	0.0947	0.0974	0.0964	0.0941	0.0944	0.0947	0.0965	0.0952	0.0954	0.0999	0.0931	0.0936	0.0946	0.0945	0.0942	0.0947	0.1039	0.0967	0.0929	0.0946	0.0954	0.0943	0.0949	0.0955	0.0963	0.0957	0.0928	0.0930	0.0951	0.0952	0.0941	0.0955	0.0935	0.0956	0.0938	0.0933	0.0938	0.0946	0.0939	0.0942	0.0942	0.0955	0.0938	0.0920	0.0940	0.0929	0.0941	0.1035	0.0959	0.0933	
0.0950	0.0954	0.0951	0.0963	0.0964	0.0955	0.0964	0.0980	0.0960	0.0973	0.0966	0.0966	0.0982	0.0969	0.0961	0.0974	0.0965	0.0956	0.0942	0.0954	0.0959	0.0957	0.0947	0.1011	0.0931	0.0943	0.0954	0.0954	0.0957	0.0955	0.1045	0.0982	0.0933	0.0946	0.0968	0.0953	0.0956	0.0956	0.0963	0.0961	0.0928	0.0935	0.0956	0.0955	0.0946	0.0967	0.0953	0.0973	0.0946	0.0946	0.0950	0.0956	0.0948	0.0961	0.0939	0.0959	0.0963	0.0939	0.0945	0.0935	0.0950	0.1049	0.0952	0.0955	
0.0944	0.0956	0.0949	0.0947	0.0968	0.0961	0.0958	0.0970	0.0946	0.0966	0.0963	0.0964	0.0975	0.0965	0.0964	0.0983	0.0957	0.0944	0.0950	0.0959	0.0958	0.0951	0.0971	0.1000	0.0925	0.0931	0.0942	0.0951	0.0941	0.0947	0.1046	0.0963	0.0930	0.0943	0.0958	0.0948	0.0945	0.0961	0.0954	0.0960	0.0934	0.0931	0.0955	0.0952	0.0943	0.0962	0.0946	0.0964	0.0990	0.0940	0.0946	0.0950	0.0938	0.0950	0.0936	0.0955	0.0940	0.0930	0.0943	0.0930	0.0944	0.1041	0.0947	0.0947	
0.0961	0.0965	0.0960	0.0975	0.0973	0.0972	0.0975	0.0979	0.0974	0.0980	0.0979	0.0973	0.0993	0.0980	0.0974	0.0992	0.0981	0.0965	0.0961	0.0979	0.0976	0.0970	0.0963	0.1013	0.0936	0.0950	0.0966	0.0965	0.0961	0.0965	0.1047	0.0987	0.0955	0.0960	0.0976	0.0970	0.0966	0.0971	0.0973	0.0972	0.0953	0.0945	0.0959	0.0976	0.0957	0.0973	0.0962	0.0967	0.0958	0.0950	0.0958	0.0968	0.0954	0.0971	0.0951	0.0962	0.0962	0.0945	0.0958	0.0940	0.0959	0.1055	0.0958	0.0950	
0.0948	0.0963	0.0958	0.0966	0.0969	0.0971	0.0964	0.0972	0.0964	0.0977	0.0971	0.0974	0.0984	0.0970	0.0968	0.0988	0.0974	0.0956	0.0965	0.0959	0.0964	0.0969	0.1007	0.1005	0.0940	0.0945	0.0973	0.0960	0.0950	0.0958	0.1049	0.0978	0.0942	0.0957	0.0975	0.0953	0.0961	0.0969	0.0969	0.0964	0.0938	0.0937	0.0959	0.0964	0.0953	0.0968	0.0945	0.0972	0.0946	0.0944	0.0951	0.0955	0.0949	0.0963	0.0949	0.0959	0.0947	0.0930	0.0953	0.0932	0.0962	0.1039	0.0955	0.0953	
0.0983	0.0981	0.0980	0.0977	0.0981	0.0975	0.0983	0.0993	0.0985	0.0995	0.0992	0.0997	0.1002	0.0975	0.0979	0.0993	0.1000	0.0977	0.0978	0.0973	0.0996	0.0980	0.0986	0.1015	0.0956	0.0961	0.0988	0.0979	0.0980	0.0983	0.1069	0.1000	0.0974	0.0965	0.0986	0.0975	0.0972	0.0985	0.0978	0.0980	0.0966	0.0959	0.0985	0.0983	0.0973	0.0976	0.0971	0.0982	0.0979	0.0961	0.0971	0.0967	0.0967	0.0968	0.0965	0.0981	0.0960	0.0942	0.0973	0.0961	0.0971	0.1055	0.0973	0.0961	
0.0981	0.0983	0.0981	0.0984	0.0991	0.0987	0.0995	0.0998	0.0991	0.1006	0.1002	0.0988	0.1005	0.0987	0.0979	0.1004	0.1008	0.0982	0.0984	0.0979	0.0997	0.0982	0.0992	0.1023	0.0966	0.0968	0.0988	0.0979	0.0980	0.0973	0.1091	0.1002	0.0974	0.0976	0.0991	0.0987	0.0986	0.0979	0.0977	0.0984	0.0966	0.0968	0.0980	0.0995	0.0967	0.0992	0.0972	0.0978	0.0982	0.0971	0.0977	0.0973	0.0967	0.0976	0.0961	0.0976	0.0967	0.0961	0.0970	0.0960	0.0976	0.1055	0.0968	0.0971	
0.0981	0.0986	0.0976	0.0982	0.0993	0.0979	0.0983	0.1027	0.0991	0.1005	0.0980	0.1001	0.1004	0.0981	0.0972	0.0998	0.0998	0.0981	0.0984	0.0977	0.0992	0.0977	0.0996	0.1015	0.0961	0.0971	0.0992	0.0982	0.0968	0.0978	0.1086	0.0993	0.0975	0.0974	0.0996	0.0986	0.0984	0.0984	0.0986	0.0979	0.0973	0.0966	0.0995	0.0987	0.0964	0.0980	0.0961	0.0983	0.0963	0.0964	0.0967	0.0969	0.0966	0.0977	0.0965	0.0961	0.0959	0.0946	0.0969	0.0952	0.0969	0.1047	0.0965	0.0960	
0.1004	0.1016	0.0998	0.1001	0.1004	0.1007	0.0990	0.1011	0.1008	0.1026	0.1005	0.1009	0.1014	0.1009	0.0990	0.1002	0.1026	0.1006	0.1034	0.1010	0.1005	0.0997	0.1000	0.1033	0.0997	0.0998	0.1004	0.1005	0.0984	0.1003	0.1099	0.1028	0.0994	0.0986	0.1008	0.1004	0.0999	0.1004	0.0997	0.0990	0.0981	0.0977	0.1000	0.1000	0.0996	0.1004	0.0983	0.0990	0.0986	0.0978	0.0990	0.0993	0.0974	0.0993	0.0972	0.0984	0.0977	0.0964	0.0987	0.0969	0.0994	0.1072	0.0972	0.0967	
0.1023	0.1020	0.1023	0.1013	0.1026	0.1011	0.1009	0.1023	0.1018	0.1025	0.1017	0.1016	0.1037	0.1013	0.1013	0.1020	0.1034	0.1011	0.1016	0.1011	0.1018	0.1011	0.1009	0.1041	0.0990	0.0995	0.1014	0.1020	0.0998	0.1004	0.1107	0.1006	0.1003	0.1007	0.1020	0.1009	0.1011	0.1006	0.1015	0.1006	0.0991	0.0998	0.1023	0.1012	0.1011	0.1017	0.0998	0.0993	0.0984	0.0987	0.0997	0.0994	0.0989	0.0986	0.0987	0.0993	0.0982	0.0964	0.1000	0.0975	0.0997	0.1067	0.0987	0.0987	
0.1021	0.1014	0.1007	0.1010	0.1010	0.1006	0.1006	0.1020	0.1019	0.1033	0.1014	0.1026	0.1032	0.1007	0.0997	0.1008	0.1054	0.1017	0.1008	0.1004	0.1015	0.0995	0.1002	0.1041	0.0995	0.1003	0.1008	0.1003	0.1002	0.1009	0.1104	0.1010	0.1010	0.1009	0.1017	0.1005	0.0998	0.1004	0.1009	0.0987	0.1000	0.0998	0.1008	0.1009	0.0996	0.0999	0.0987	0.0995	0.0998	0.0997	0.0992	0.0990	0.0985	0.0993	0.0967	0.0986	0.0982	0.0971	0.1022	0.0977	0.0996	0.1069	0.0981	0.0970	
0.1039	0.1036	0.1022	0.1021	0.1035	0.1023	0.1024	0.1021	0.1037	0.1053	0.1036	0.1034	0.1040	0.1026	0.1016	0.1029	0.1066	0.1040	0.1036	0.1027	0.1031	0.1016	0.1013	0.1038	0.1015	0.1007	0.1029	0.1022	0.1018	0.1009	0.1109	0.1020	0.1031	0.1024	0.1038	0.1014	0.1046	0.1024	0.1025	0.1006	0.1011	0.1018	0.1027	0.1022	0.1012	0.1010	0.0983	0.1010	0.0992	0.1001	0.1002	0.1007	0.0996	0.1005	0.0981	0.0995	0.0990	0.0984	0.1000	0.0994	0.1017	0.1060	0.0991	0.0985	
0.1065	0.1059	0.1043	0.1035	0.1050	0.1019	0.1038	0.1037	0.1056	0.1083	0.1055	0.1055	0.1053	0.1039	0.1035	0.1037	0.1089	0.1055	0.1053	0.1043	0.1053	0.1036	0.1035	0.1062	0.1038	0.1026	0.1055	0.1042	0.1029	0.1030	0.1131	0.1036	0.1050	0.1041	0.1041	0.1036	0.1031	0.1032	0.1021	0.1012	0.1039	0.1036	0.1052	0.1037	0.1030	0.1027	0.1012	0.1017	0.1010	0.1018	0.1034	0.1028	0.1015	0.1027	0.1014	0.0998	0.0996	0.1009	0.1028	0.1006	0.1022	0.1094	0.1007	0.0988	
0.1068	0.1069	0.1068	0.1051	0.1055	0.1045	0.1039	0.1044	0.1071	0.1088	0.1053	0.1074	0.1076	0.1047	0.1041	0.1044	0.1094	0.1069	0.1060	0.1048	0.1053	0.1039	0.1039	0.1067	0.1052	0.1050	0.1066	0.1050	0.1039	0.1037	0.1123	0.1035	0.1062	0.1046	0.1067	0.1048	0.1040	0.1048	0.1035	0.1014	0.1043	0.1042	0.1052	0.1055	0.1038	0.1041	0.1010	0.1033	0.1022	0.1027	0.1030	0.1032	0.1018	0.1017	0.0993	0.1006	0.1002	0.0999	0.1027	0.1012	0.1026	0.1092	0.1003	0.0989	
0.1097	0.1099	0.1074	0.1073	0.1079	0.1047	0.1054	0.1054	0.1094	0.1109	0.1078	0.1082	0.1092	0.1064	0.1044	0.1071	0.1120	0.1092	0.1072	0.1067	0.1079	0.1050	0.1057	0.1073	0.1081	0.1068	0.1087	0.1079	0.1067	0.1062	0.1131	0.1051	0.1093	0.1068	0.1089	0.1088	0.1066	0.1059	0.1061	0.1042	0.1069	0.1064	0.1075	0.1090	0.1053	0.1062	0.1027	0.1044	0.1032	0.1048	0.1057	0.1056	0.1044	0.1045	0.1019	0.1035	0.1022	0.1016	0.1041	0.1032	0.1046	0.1107	0.1017	0.0997	
0.1099	0.1100	0.1065	0.1061	0.1068	0.1045	0.1046	0.1051	0.1088	0.1124	0.1075	0.1075	0.1078	0.1055	0.1038	0.1061	0.1127	0.1096	0.1074	0.1080	0.1073	0.1045	0.1061	0.1075	0.1083	0.1071	0.1069	0.1069	0.1046	0.1043	0.1121	0.1032	0.1085	0.1108	0.1077	0.1072	0.1063	0.1082	0.1037	0.1027	0.1067	0.1066	0.1060	0.1078	0.1036	0.1054	0.1003	0.1030	0.1029	0.1046	0.1037	0.1037	0.1024	0.1017	0.1008	0.0997	0.1008	0.1005	0.1031	0.1018	0.1026	0.1097	0.0994	0.0987	
0.1145	0.1141	0.1103	0.1103	0.1099	0.1086	0.1083	0.1089	0.1149	0.1171	0.1117	0.1115	0.1126	0.1097	0.1072	0.1093	0.1181	0.1146	0.1113	0.1116	0.1118	0.1084	0.1085	0.1126	0.1156	0.1115	0.1116	0.1105	0.1083	0.1088	0.1142	0.1078	0.1129	0.1125	0.1119	0.1111	0.1092	0.1081	0.1083	0.1062	0.1115	0.1108	0.1108	0.1105	0.1090	0.1090	0.1056	0.1066	0.1054	0.1080	0.1075	0.1089	0.1063	0.1063	0.1031	0.1055	0.1037	0.1042	0.1065	0.1045	0.1058	0.1129	0.1047	0.1014	
0.1179	0.1185	0.1133	0.1121	0.1120	0.1110	0.1086	0.1098	0.1175	0.1195	0.1148	0.1142	0.1143	0.1111	0.1078	0.1102	0.1211	0.1171	0.1142	0.1130	0.1123	0.1094	0.1103	0.1132	0.1175	0.1156	0.1168	0.1128	0.1106	0.1094	0.1147	0.1096	0.1172	0.1155	0.1150	0.1126	0.1110	0.1096	0.1089	0.1059	0.1146	0.1126	0.1132	0.1124	0.1095	0.1097	0.1068	0.1080	0.1073	0.1115	0.1104	0.1083	0.1069	0.1068	0.1049	0.1047	0.1045	0.1066	0.1081	0.1061	0.1076	0.1141	0.1043	0.1026	
0.1222	0.1209	0.1152	0.1131	0.1148	0.1110	0.1095	0.1112	0.1210	0.1228	0.1167	0.1157	0.1159	0.1119	0.1100	0.1109	0.1255	0.1201	0.1171	0.1154	0.1154	0.1112	0.1094	0.1128	0.1197	0.1175	0.1168	0.1146	0.1142	0.1110	0.1168	0.1104	0.1207	0.1194	0.1167	0.1164	0.1141	0.1126	0.1105	0.1071	0.1166	0.1161	0.1159	0.1154	0.1116	0.1106	0.1075	0.1078	0.1081	0.1123	0.1126	0.1105	0.1085	0.1095	0.1067	0.1064	0.1066	0.1077	0.1093	0.1081	0.1095	0.1159	0.1068	0.1036	
0.1273	0.1216	0.1192	0.1176	0.1181	0.1132	0.1119	0.1127	0.1244	0.1272	0.1192	0.1180	0.1183	0.1147	0.1112	0.1121	0.1289	0.1227	0.1187	0.1189	0.1167	0.1131	0.1108	0.1139	0.1228	0.1215	0.1205	0.1175	0.1160	0.1128	0.1206	0.1143	0.1247	0.1206	0.1217	0.1197	0.1155	0.1125	0.1120	0.1092	0.1201	0.1191	0.1181	0.1172	0.1140	0.1123	0.1082	0.1101	0.1113	0.1152	0.1148	0.1126	0.1109	0.1110	0.1086	0.1071	0.1077	0.1115	0.1128	0.1103	0.1105	0.1169	0.1075	0.1031	
0.1314	0.1277	0.1216	0.1198	0.1181	0.1150	0.1138	0.1147	0.1290	0.1299	0.1234	0.1213	0.1201	0.1156	0.1143	0.1146	0.1348	0.1280	0.1227	0.1207	0.1194	0.1151	0.1161	0.1146	0.1288	0.1250	0.1357	0.1199	0.1184	0.1150	0.1231	0.1134	0.1309	0.1248	0.1244	0.1197	0.1186	0.1159	0.1150	0.1101	0.1263	0.1233	0.1208	0.1206	0.1166	0.1140	0.1106	0.1103	0.1137	0.1211	0.1170	0.1136	0.1127	0.1120	0.1134	0.1089	0.1097	0.1147	0.1150	0.1120	0.1133	0.1176	0.1078	0.1040	
0.1356	0.1322	0.1248	0.1202	0.1236	0.1179	0.1155	0.1155	0.1340	0.1366	0.1275	0.1244	0.1222	0.1183	0.1137	0.1171	0.1409	0.1316	0.1276	0.1233	0.1224	0.1182	0.1191	0.1171	0.1351	0.1302	0.1269	0.1230	0.1219	0.1171	0.1254	0.1149	0.1364	0.1306	0.1279	0.1213	0.1222	0.1172	0.1160	0.1120	0.1315	0.1282	0.1248	0.1221	0.1184	0.1181	0.1116	0.1125	0.1153	0.1210	0.1200	0.1165	0.1151	0.1132	0.1104	0.1109	0.1123	0.1168	0.1157	0.1127	0.1146	0.1182	0.1085	0.1061	
0.1422	0.1363	0.1288	0.1251	0.1244	0.1188	0.1167	0.1172	0.1390	0.1415	0.1314	0.1267	0.1241	0.1188	0.1155	0.1177	0.1459	0.1361	0.1311	0.1298	0.1242	0.1200	0.1200	0.1188	0.1405	0.1342	0.1303	0.1267	0.1231	0.1195	0.1251	0.1185	0.1420	0.1344	0.1307	0.1257	0.1245	0.1200	0.1163	0.1127	0.1341	0.1311	0.1286	0.1261	0.1202	0.1180	0.1129	0.1142	0.1183	0.1238	0.1227	0.1184	0.1159	0.1143	0.1113	0.1111	0.1124	0.1188	0.1194	0.1166	0.1164	0.1199	0.1095	0.1065	
0.1481	0.1408	0.1335	0.1284	0.1272	0.1206	0.1192	0.1206	0.1467	0.1461	0.1352	0.1317	0.1278	0.1222	0.1181	0.1185	0.1536	0.1422	0.1347	0.1296	0.1281	0.1217	0.1186	0.1206	0.1466	0.1387	0.1338	0.1292	0.1262	0.1231	0.1258	0.1184	0.1472	0.1404	0.1356	0.1297	0.1265	0.1200	0.1180	0.1151	0.1396	0.1368	0.1327	0.1300	0.1228	0.1205	0.1165	0.1144	0.1218	0.1288	0.1264	0.1214	0.1206	0.1173	0.1122	0.1120	0.1147	0.1222	0.1227	0.1195	0.1191	0.1217	0.1121	0.1086	
0.1560	0.1489	0.1360	0.1314	0.1315	0.1245	0.1205	0.1202	0.1534	0.1524	0.1386	0.1338	0.1298	0.1261	0.1205	0.1195	0.1613	0.1467	0.1396	0.1323	0.1314	0.1254	0.1218	0.1222	0.1545	0.1460	0.1408	0.1345	0.1294	0.1247	0.1270	0.1191	0.1544	0.1474	0.1398	0.1326	0.1304	0.1240	0.1208	0.1170	0.1454	0.1431	0.1369	0.1322	0.1246	0.1228	0.1174	0.1188	0.1269	0.1312	0.1285	0.1245	0.1199	0.1191	0.1140	0.1138	0.1178	0.1248	0.1262	0.1214	0.1219	0.1238	0.1149	0.1082	
0.1629	0.1524	0.1425	0.1344	0.1322	0.1252	0.1226	0.1231	0.1602	0.1596	0.1440	0.1377	0.1341	0.1268	0.1203	0.1241	0.1682	0.1545	0.1446	0.1374	0.1338	0.1279	0.1243	0.1235	0.1608	0.1529	0.1451	0.1387	0.1340	0.1252	0.1287	0.1212	0.1629	0.1527	0.1455	0.1377	0.1316	0.1264	0.1213	0.1197	0.1512	0.1481	0.1431	0.1378	0.1292	0.1250	0.1179	0.1191	0.1266	0.1378	0.1334	0.1267	0.1252	0.1223	0.1178	0.1149	0.1196	0.1295	0.1295	0.1236	0.1241	0.1268	0.1141	0.1113	
0.1731	0.1586	0.1456	0.1381	0.1389	0.1273	0.1249	0.1228	0.1706	0.1673	0.1497	0.1443	0.1373	0.1290	0.1227	0.1258	0.1787	0.1632	0.1518	0.1428	0.1388	0.1286	0.1264	0.1263	0.1714	0.1618	0.1519	0.1431	0.1362	0.1285	0.1306	0.1232	0.1715	0.1602	0.1513	0.1423	0.1361	0.1290	0.1233	0.1203	0.1610	0.1568	0.1491	0.1409	0.1316	0.1277	0.1206	0.1211	0.1309	0.1421	0.1374	0.1302	0.1270	0.1227	0.1174	0.1161	0.1235	0.1341	0.1339	0.1264	0.1265	0.1275	0.1165	0.1111	
0.1842	0.1673	0.1543	0.1438	0.1420	0.1291	0.1256	0.1261	0.1807	0.1777	0.1581	0.1458	0.1402	0.1325	0.1251	0.1286	0.1893	0.1708	0.1594	0.1480	0.1438	0.1311	0.1264	0.1297	0.1828	0.1705	0.1601	0.1486	0.1410	0.1312	0.1327	0.1260	0.1823	0.1693	0.1577	0.1484	0.1405	0.1309	0.1271	0.1210	0.1705	0.1655	0.1541	0.1461	0.1359	0.1280	0.1221	0.1233	0.1365	0.1492	0.1434	0.1337	0.1303	0.1264	0.1200	0.1183	0.1260	0.1384	0.1390	0.1302	0.1279	0.1309	0.1180	0.1137	
0.1920	0.1757	0.1584	0.1496	0.1443	0.1329	0.1301	0.1279	0.1913	0.1849	0.1649	0.1516	0.1436	0.1355	0.1272	0.1281	0.2019	0.1800	0.1665	0.1544	0.1448	0.1332	0.1287	0.1306	0.1931	0.1801	0.1657	0.1536	0.1443	0.1358	0.1338	0.1271	0.1945	0.1807	0.1650	0.1545	0.1442	0.1342	0.1286	0.1222	0.1805	0.1737	0.1597	0.1501	0.1380	0.1310	0.1247	0.1238	0.1380	0.1548	0.1477	0.1391	0.1337	0.1274	0.1209	0.1192	0.1288	0.1417	0.1409	0.1359	0.1305	0.1316	0.1201	0.1140	
0.2066	0.1852	0.1675	0.1522	0.1505	0.1374	0.1321	0.1305	0.2059	0.2017	0.1747	0.1580	0.1488	0.1391	0.1297	0.1301	0.2175	0.1932	0.1755	0.1627	0.1513	0.1385	0.1332	0.1307	0.2092	0.1920	0.1769	0.1585	0.1505	0.1366	0.1384	0.1292	0.2091	0.1913	0.1761	0.1593	0.1497	0.1390	0.1312	0.1261	0.1950	0.1832	0.1715	0.1584	0.1428	0.1356	0.1268	0.1249	0.1480	0.1606	0.1559	0.1420	0.1379	0.1307	0.1223	0.1214	0.1336	0.1509	0.1477	0.1424	0.1346	0.1324	0.1221	0.1153	
0.2227	0.1967	0.1762	0.1592	0.1547	0.1401	0.1338	0.1328	0.2184	0.2106	0.1830	0.1639	0.1525	0.1398	0.1312	0.1313	0.2329	0.2034	0.1837	0.1668	0.1570	0.1432	0.1366	0.1340	0.2244	0.2046	0.1877	0.1663	0.1550	0.1402	0.1420	0.1276	0.2237	0.2031	0.1833	0.1673	0.1559	0.1416	0.1330	0.1268	0.2064	0.1938	0.1787	0.1642	0.1471	0.1393	0.1278	0.1264	0.1527	0.1709	0.1605	0.1467	0.1398	0.1341	0.1276	0.1229	0.1379	0.1578	0.1559	0.1440	0.1389	0.1360	0.1234	0.1160	
0.2382	0.2085	0.1878	0.1675	0.1623	0.1432	0.1375	0.1338	0.2362	0.2245	0.1905	0.1725	0.1598	0.1460	0.1357	0.1329	0.2519	0.2166	0.1958	0.1742	0.1635	0.1442	0.1378	0.1366	0.2411	0.2154	0.1951	0.1725	0.1590	0.1451	0.1442	0.1327	0.2432	0.2145	0.1945	0.1743	0.1591	0.1435	0.1376	0.1291	0.2204	0.2062	0.1904	0.1698	0.1540	0.1418	0.1295	0.1295	0.1602	0.1806	0.1689	0.1542	0.1465	0.1373	0.1277	0.1252	0.1429	0.1651	0.1625	0.1510	0.1421	0.1387	0.1278	0.1211	
0.2542	0.2207	0.1935	0.1725	0.1648	0.1472	0.1386	0.1366	0.2522	0.2374	0.1993	0.1781	0.1628	0.1463	0.1364	0.1361	0.2680	0.2304	0.2017	0.1789	0.1665	0.1474	0.1390	0.1368	0.2570	0.2278	0.2058	0.1801	0.1646	0.1454	0.1445	0.1338	0.2598	0.2275	0.2033	0.1812	0.1645	0.1472	0.1363	0.1300	0.2356	0.2189	0.1975	0.1778	0.1559	0.1440	0.1306	0.1300	0.1656	0.1894	0.1767	0.1577	0.1497	0.1390	0.1274	0.1259	0.1466	0.1708	0.1672	0.1543	0.1443	0.1399	0.1260	0.1171	
0.2747	0.2343	0.2081	0.1785	0.1703	0.1514	0.1421	0.1418	0.2706	0.2544	0.2146	0.1892	0.1716	0.1521	0.1399	0.1378	0.2883	0.2462	0.2184	0.1897	0.1728	0.1506	0.1419	0.1404	0.2765	0.2424	0.2194	0.1898	0.1711	0.1500	0.1483	0.1353	0.2757	0.2460	0.2165	0.1896	0.1699	0.1491	0.1401	0.1325	0.2515	0.2344	0.2114	0.1862	0.1621	0.1458	0.1360	0.1307	0.1728	0.2009	0.1851	0.1644	0.1527	0.1408	0.1307	0.1297	0.1511	0.1786	0.1751	0.1616	0.1508	0.1430	0.1291	0.1213	
0.3002	0.2538	0.2171	0.1915	0.1770	0.1559	0.1472	0.1450	0.2987	0.2743	0.2277	0.1939	0.1770	0.1584	0.1451	0.1405	0.3152	0.2669	0.2331	0.1996	0.1815	0.1552	0.1473	0.1429	0.3068	0.2674	0.2332	0.1965	0.1798	0.1551	0.1529	0.1392	0.3001	0.2649	0.2297	0.2012	0.1771	0.1537	0.1439	0.1351	0.2731	0.2547	0.2229	0.1968	0.1694	0.1532	0.1391	0.1355	0.1819	0.2134	0.1985	0.1740	0.1597	0.1466	0.1348	0.1305	0.1589	0.1912	0.1831	0.1668	0.1569	0.1487	0.1327	0.1241	
0.3224	0.2681	0.2292	0.1971	0.1841	0.1589	0.1490	0.1432	0.3210	0.2920	0.2394	0.2057	0.1820	0.1609	0.1466	0.1446	0.3384	0.2839	0.2444	0.2101	0.1918	0.1589	0.1483	0.1451	0.3225	0.2856	0.2450	0.2060	0.1867	0.1616	0.1540	0.1404	0.3245	0.2839	0.2448	0.2104	0.1836	0.1578	0.1469	0.1366	0.2907	0.2673	0.2351	0.2007	0.1749	0.1559	0.1425	0.1355	0.1925	0.2282	0.2093	0.1776	0.1649	0.1500	0.1368	0.1326	0.1646	0.2024	0.1918	0.1728	0.1618	0.1481	0.1354	0.1261	
0.3441	0.2862	0.2421	0.2052	0.1907	0.1637	0.1519	0.1492	0.3449	0.3118	0.2560	0.2149	0.1898	0.1657	0.1517	0.1472	0.3643	0.3022	0.2633	0.2177	0.1955	0.1636	0.1495	0.1481	0.3472	0.3038	0.2631	0.2177	0.1923	0.1638	0.1558	0.1429	0.3474	0.3050	0.2581	0.2206	0.1932	0.1622	0.1497	0.1404	0.3115	0.2898	0.2523	0.2114	0.1787	0.1592	0.1429	0.1394	0.2010	0.2405	0.2179	0.1873	0.1712	0.1535	0.1397	0.1355	0.1707	0.2132	0.2025	0.1819	0.1670	0.1542	0.1360	0.1283	
0.3728	0.3081	0.2527	0.2178	0.1982	0.1708	0.1573	0.1524	0.3731	0.3356	0.2683	0.2231	0.1983	0.1693	0.1534	0.1492	0.3878	0.3270	0.2742	0.2307	0.2004	0.1681	0.1578	0.1504	0.3727	0.3250	0.2763	0.2275	0.2003	0.1693	0.1596	0.1452	0.3722	0.3244	0.2729	0.2315	0.1974	0.1712	0.1521	0.1408	0.3354	0.3095	0.2701	0.2243	0.1863	0.1640	0.1450	0.1402	0.2108	0.2538	0.2319	0.1951	0.1761	0.1584	0.1412	0.1367	0.1776	0.2248	0.2135	0.1900	0.1731	0.1566	0.1398	0.1291	
0.4025	0.3263	0.2688	0.2265	0.2068	0.1766	0.1588	0.1560	0.3998	0.3563	0.2857	0.2376	0.2067	0.1767	0.1578	0.1536	0.4162	0.3501	0.2918	0.2442	0.2101	0.1772	0.1596	0.1539	0.4013	0.3450	0.2956	0.2426	0.2104	0.1738	0.1639	0.1496	0.3989	0.3494	0.2904	0.2418	0.2076	0.1729	0.1599	0.1467	0.3608	0.3316	0.2834	0.2350	0.1943	0.1692	0.1526	0.1434	0.2265	0.2741	0.2418	0.2027	0.1827	0.1615	0.1460	0.1400	0.1881	0.2364	0.2218	0.1965	0.1795	0.1601	0.1419	0.1322	
0.4283	0.3494	0.2810	0.2322	0.2082	0.1765	0.1594	0.1543	0.4294	0.3737	0.3018	0.2428	0.2099	0.1779	0.1585	0.1544	0.4464	0.3661	0.3033	0.2533	0.2152	0.1752	0.1580	0.1527	0.4314	0.3691	0.3057	0.2479	0.2118	0.1772	0.1611	0.1490	0.4231	0.3694	0.3048	0.2511	0.2152	0.1727	0.1576	0.1428	0.3828	0.3508	0.2976	0.2412	0.1959	0.1713	0.1516	0.1449	0.2346	0.2850	0.2541	0.2135	0.1843	0.1619	0.1452	0.1398	0.1921	0.2479	0.2304	0.2013	0.1813	0.1613	0.1420	0.1300	
0.4582	0.3738	0.3002	0.2492	0.2202	0.1880	0.1696	0.1604	0.4587	0.4038	0.3241	0.2619	0.2224	0.1875	0.1651	0.1605	0.4724	0.4012	0.3337	0.2710	0.2274	0.1856	0.1658	0.1609	0.4614	0.3993	0.3345	0.2700	0.2277	0.1888	0.1703	0.1540	0.4563	0.3982	0.3313	0.2702	0.2223	0.1822	0.1635	0.1498	0.4107	0.3766	0.3197	0.2594	0.2109	0.1812	0.1555	0.1480	0.2506	0.3054	0.2746	0.2232	0.1972	0.1696	0.1522	0.1454	0.2041	0.2677	0.2514	0.2159	0.1913	0.1690	0.1483	0.1362	
0.4919	0.4007	0.3254	0.2627	0.2367	0.1943	0.1739	0.1673	0.4979	0.4356	0.3486	0.2730	0.2359	0.1936	0.1725	0.1657	0.5107	0.4335	0.3555	0.2908	0.2407	0.1943	0.1729	0.1638	0.4956	0.4322	0.3615	0.2852	0.2390	0.1945	0.1783	0.1600	0.4905	0.4303	0.3559	0.2867	0.2401	0.1950	0.1712	0.1536	0.4459	0.4122	0.3445	0.2753	0.2206	0.1871	0.1626	0.1550	0.2735	0.3335	0.2930	0.2413	0.2061	0.1804	0.1571	0.1498	0.2195	0.2910	0.2675	0.2296	0.2017	0.1743	0.1551	0.1404	
0.5198	0.4330	0.3432	0.2747	0.2451	0.2040	0.1785	0.1724	0.5285	0.4675	0.3687	0.2896	0.2422	0.1999	0.1775	0.1721	0.5408	0.4623	0.3811	0.3055	0.2514	0.1979	0.1810	0.1680	0.5235	0.4623	0.3842	0.2987	0.2484	0.2000	0.1839	0.1622	0.5190	0.4594	0.3816	0.3038	0.2468	0.1961	0.1782	0.1570	0.4727	0.4377	0.3649	0.2870	0.2296	0.1928	0.1674	0.1588	0.2921	0.3557	0.3110	0.2522	0.2162	0.1823	0.1608	0.1527	0.2323	0.3117	0.2825	0.2383	0.2088	0.1810	0.1607	0.1413	
0.5509	0.4589	0.3695	0.2913	0.2529	0.2101	0.1833	0.1764	0.5566	0.4953	0.3921	0.3039	0.2520	0.2089	0.1803	0.1704	0.5657	0.4961	0.4034	0.3214	0.2596	0.2063	0.1835	0.1682	0.5536	0.4891	0.4095	0.3141	0.2600	0.2064	0.1877	0.1682	0.5504	0.4913	0.4056	0.3221	0.2563	0.2056	0.1810	0.1625	0.5032	0.4666	0.3898	0.3044	0.2384	0.1997	0.1727	0.1604	0.3110	0.3806	0.3324	0.2645	0.2231	0.1892	0.1653	0.1581	0.2436	0.3370	0.3013	0.2519	0.2170	0.1835	0.1613	0.1443	
0.5778	0.4877	0.3884	0.3050	0.2642	0.2186	0.1868	0.1780	0.5867	0.5199	0.4203	0.3203	0.2669	0.2144	0.1867	0.1766	0.5952	0.5206	0.4284	0.3421	0.2721	0.2129	0.1896	0.1749	0.5835	0.5197	0.4272	0.3309	0.2708	0.2153	0.1941	0.1719	0.5771	0.5193	0.4303	0.3345	0.2663	0.2114	0.1867	0.1621	0.5315	0.4919	0.4159	0.3176	0.2470	0.2065	0.1766	0.1630	0.3344	0.4081	0.3551	0.2772	0.2303	0.1950	0.1666	0.1585	0.2607	0.3563	0.3174	0.2641	0.2255	0.1893	0.1669	0.1494	
0.6061	0.5130	0.4098	0.3212	0.2791	0.2265	0.1940	0.1822	0.6136	0.5451	0.4464	0.3359	0.2793	0.2225	0.1902	0.1827	0.6209	0.5433	0.4520	0.3611	0.2885	0.2212	0.1969	0.1780	0.6079	0.5463	0.4548	0.3489	0.2843	0.2213	0.1961	0.1751	0.6061	0.5482	0.4524	0.3530	0.2803	0.2188	0.1876	0.1693	0.5586	0.5189	0.4370	0.3366	0.2595	0.2135	0.1782	0.1657	0.3568	0.4307	0.3749	0.2913	0.2408	0.2012	0.1704	0.1613	0.2750	0.3781	0.3378	0.2770	0.2321	0.1922	0.1707	0.1501	
0.6247	0.5416	0.4315	0.3362	0.2866	0.2318	0.1979	0.1870	0.6370	0.5730	0.4688	0.3521	0.2861	0.2300	0.1985	0.1882	0.6429	0.5736	0.4823	0.3793	0.2956	0.2265	0.1978	0.1836	0.6294	0.5749	0.4856	0.3656	0.2908	0.2295	0.1999	0.1784	0.6241	0.5757	0.4801	0.3691	0.2904	0.2235	0.1976	0.1713	0.5800	0.5457	0.4610	0.3507	0.2678	0.2217	0.1830	0.1718	0.3779	0.4591	0.3984	0.3007	0.2492	0.2086	0.1786	0.1690	0.2879	0.4003	0.3598	0.2879	0.2471	0.1999	0.1752	0.1559	
0.6564	0.5736	0.4590	0.3564	0.3026	0.2435	0.2031	0.1932	0.6693	0.6034	0.4970	0.3714	0.2999	0.2370	0.2060	0.1960	0.6689	0.6076	0.5076	0.4057	0.3127	0.2346	0.2051	0.1900	0.6559	0.6010	0.5115	0.3844	0.3081	0.2389	0.2062	0.1848	0.6519	0.5998	0.5089	0.3894	0.3035	0.2327	0.2039	0.1795	0.6111	0.5736	0.4899	0.3695	0.2791	0.2273	0.1920	0.1789	0.4046	0.4858	0.4194	0.3247	0.2610	0.2151	0.1824	0.1725	0.3100	0.4298	0.3779	0.3051	0.2550	0.2064	0.1812	0.1593	
0.6810	0.5992	0.4824	0.3712	0.3156	0.2506	0.2106	0.1964	0.6918	0.6315	0.5240	0.3911	0.3124	0.2453	0.2103	0.1950	0.6919	0.6247	0.5355	0.4254	0.3236	0.2471	0.2113	0.1924	0.6785	0.6284	0.5348	0.4043	0.3195	0.2490	0.2104	0.1918	0.6724	0.6257	0.5335	0.4096	0.3140	0.2419	0.2060	0.1828	0.6355	0.6018	0.5200	0.3914	0.2927	0.2363	0.1984	0.1810	0.4302	0.5112	0.4453	0.3387	0.2701	0.2241	0.1864	0.1782	0.3214	0.4554	0.4019	0.3170	0.2637	0.2155	0.1869	0.1642	
0.6995	0.6314	0.5104	0.3890	0.3262	0.2634	0.2140	0.2038	0.7152	0.6572	0.5533	0.4109	0.3240	0.2539	0.2172	0.2047	0.7118	0.6550	0.5609	0.4507	0.3387	0.2512	0.2193	0.1993	0.7004	0.6524	0.5651	0.4225	0.3305	0.2599	0.2188	0.1962	0.6957	0.6559	0.5578	0.4322	0.3276	0.2542	0.2109	0.1867	0.6610	0.6303	0.5505	0.4098	0.3043	0.2441	0.1982	0.1851	0.4594	0.5413	0.4753	0.3569	0.2818	0.2302	0.1924	0.1810	0.3423	0.4841	0.4237	0.3347	0.2787	0.2185	0.1908	0.1662	
0.7210	0.6499	0.5355	0.4095	0.3412	0.2705	0.2211	0.2065	0.7299	0.6828	0.5759	0.4322	0.3407	0.2617	0.2230	0.2118	0.7283	0.6804	0.5858	0.4742	0.3516	0.2627	0.2264	0.2026	0.7206	0.6758	0.5925	0.4460	0.3502	0.2685	0.2257	0.1990	0.7137	0.6701	0.5883	0.4497	0.3473	0.2602	0.2168	0.1913	0.6840	0.6521	0.5705	0.4300	0.3164	0.2526	0.2029	0.1905	0.4883	0.5653	0.4983	0.3725	0.2960	0.2384	0.1971	0.1852	0.3679	0.5128	0.4554	0.3566	0.2946	0.2262	0.1945	0.1712	
0.7326	0.6701	0.5590	0.4191	0.3560	0.2820	0.2274	0.2127	0.7391	0.6974	0.6003	0.4496	0.3523	0.2699	0.2304	0.2136	0.7383	0.6964	0.6065	0.4955	0.3624	0.2694	0.2263	0.2075	0.7277	0.6937	0.6086	0.4667	0.3606	0.2741	0.2269	0.2025	0.7179	0.6866	0.6123	0.4667	0.3556	0.2617	0.2250	0.1922	0.6944	0.6711	0.5936	0.4485	0.3280	0.2589	0.2131	0.1912	0.5126	0.5926	0.5184	0.3909	0.3006	0.2437	0.2024	0.1904	0.3870	0.5327	0.4733	0.3723	0.2987	0.2342	0.2000	0.1728	
0.7449	0.6979	0.5879	0.4473	0.3707	0.2902	0.2337	0.2171	0.7489	0.7224	0.6267	0.4728	0.3665	0.2835	0.2375	0.2227	0.7460	0.7225	0.6388	0.5251	0.3770	0.2785	0.2365	0.2097	0.7375	0.7187	0.6445	0.4884	0.3752	0.2826	0.2365	0.2114	0.7352	0.7151	0.6418	0.4984	0.3721	0.2727	0.2274	0.1954	0.7128	0.6965	0.6179	0.4687	0.3423	0.2691	0.2160	0.1998	0.5391	0.6183	0.5477	0.4170	0.3170	0.2546	0.2059	0.1903	0.4128	0.5591	0.5023	0.3911	0.3149	0.2409	0.2057	0.1778	
0.7490	0.7165	0.6194	0.4707	0.3905	0.3062	0.2419	0.2207	0.7532	0.7395	0.6581	0.4960	0.3901	0.2889	0.2447	0.2269	0.7525	0.7402	0.6638	0.5435	0.3951	0.2904	0.2432	0.2180	0.7489	0.7434	0.6662	0.5099	0.3929	0.2936	0.2448	0.2163	0.7425	0.7345	0.6639	0.5201	0.3916	0.2830	0.2408	0.2051	0.7286	0.7120	0.6511	0.4987	0.3583	0.2790	0.2222	0.2046	0.5704	0.6370	0.5798	0.4345	0.3378	0.2657	0.2122	0.2009	0.4384	0.5902	0.5299	0.4033	0.3277	0.2472	0.2119	0.1846	
0.7534	0.7372	0.6422	0.4900	0.4030	0.3128	0.2444	0.2295	0.7523	0.7589	0.6762	0.5187	0.3987	0.2993	0.2500	0.2298	0.7535	0.7588	0.6880	0.5701	0.4115	0.2988	0.2516	0.2225	0.7512	0.7560	0.6883	0.5382	0.4128	0.3117	0.2490	0.2189	0.7449	0.7495	0.6873	0.5487	0.3976	0.2950	0.2438	0.2072	0.7360	0.7346	0.6704	0.5211	0.3682	0.2916	0.2280	0.2105	0.5968	0.6607	0.6031	0.4551	0.3438	0.2698	0.2184	0.2049	0.4592	0.6172	0.5603	0.4286	0.3443	0.2559	0.2178	0.1848	
0.7570	0.7602	0.6664	0.5140	0.4156	0.3268	0.2521	0.2348	0.7604	0.7702	0.7013	0.5436	0.4125	0.3135	0.2585	0.2419	0.7610	0.7706	0.7121	0.5948	0.4302	0.3061	0.2593	0.2280	0.7553	0.7732	0.7175	0.5611	0.4277	0.3179	0.2567	0.2272	0.7491	0.7648	0.7100	0.5689	0.4166	0.3060	0.2523	0.2140	0.7399	0.7518	0.6935	0.5448	0.3841	0.2983	0.2380	0.2147	0.6242	0.6858	0.6320	0.4752	0.3618	0.2829	0.2260	0.2107	0.4924	0.6375	0.5885	0.4519	0.3592	0.2660	0.2267	0.1946	
0.7550	0.7749	0.6901	0.5350	0.4456	0.3428	0.2642	0.2458	0.7637	0.7747	0.7211	0.5678	0.4386	0.3254	0.2680	0.2480	0.7654	0.7770	0.7315	0.6192	0.4526	0.3221	0.2688	0.2350	0.7570	0.7754	0.7344	0.5903	0.4485	0.3312	0.2702	0.2326	0.7499	0.7723	0.7302	0.5954	0.4409	0.3196	0.2637	0.2194	0.7455	0.7593	0.7163	0.5709	0.4090	0.3088	0.2444	0.2222	0.6548	0.7088	0.6553	0.4999	0.3806	0.2926	0.2357	0.2170	0.5137	0.6624	0.6099	0.4699	0.3801	0.2723	0.2358	0.1981	
0.7629	0.7791	0.7221	0.5522	0.4600	0.3534	0.2739	0.2485	0.7724	0.7789	0.7447	0.5856	0.4528	0.3377	0.2744	0.2540	0.7684	0.7812	0.7537	0.6502	0.4658	0.3272	0.2781	0.2417	0.7568	0.7815	0.7555	0.6085	0.4637	0.3449	0.2758	0.2376	0.7539	0.7824	0.7520	0.6106	0.4613	0.3258	0.2710	0.2294	0.7472	0.7716	0.7396	0.5861	0.4194	0.3218	0.2485	0.2260	0.6762	0.7323	0.6803	0.5220	0.3916	0.3064	0.2396	0.2269	0.5366	0.6923	0.6353	0.4978	0.3952	0.2888	0.2436	0.2006	
0.7647	0.7902	0.7457	0.5801	0.4857	0.3682	0.2781	0.2556	0.7695	0.7851	0.7687	0.6034	0.4737	0.3488	0.2882	0.2597	0.7710	0.7871	0.7677	0.6679	0.4879	0.3440	0.2902	0.2447	0.7626	0.7891	0.7771	0.6306	0.4797	0.3608	0.2864	0.2491	0.7584	0.7862	0.7725	0.6400	0.4784	0.3413	0.2796	0.2259	0.7531	0.7700	0.7578	0.6131	0.4361	0.3270	0.2585	0.2303	0.7038	0.7437	0.7020	0.5545	0.4118	0.3107	0.2468	0.2254	0.5690	0.7164	0.6652	0.5175	0.4068	0.2985	0.2472	0.2109	
0.7699	0.7939	0.7652	0.6087	0.5022	0.3857	0.2863	0.2625	0.7749	0.7897	0.7772	0.6337	0.4893	0.3602	0.2916	0.2692	0.7746	0.7990	0.7873	0.6900	0.5058	0.3523	0.2938	0.2489	0.7684	0.7895	0.7964	0.6516	0.5064	0.3687	0.2939	0.2512	0.7623	0.7899	0.7894	0.6564	0.5002	0.3511	0.2870	0.2327	0.7546	0.7734	0.7800	0.6346	0.4554	0.3440	0.2692	0.2341	0.7223	0.7554	0.7265	0.5720	0.4247	0.3237	0.2562	0.2352	0.6006	0.7312	0.6864	0.5451	0.4238	0.3045	0.2545	0.2093	
0.7762	0.7940	0.7786	0.6256	0.5215	0.3939	0.2959	0.2654	0.7749	0.7896	0.7816	0.6514	0.5113	0.3715	0.3049	0.2762	0.7775	0.7912	0.7968	0.7149	0.5288	0.3636	0.3031	0.2551	0.7680	0.7926	0.8040	0.6797	0.5219	0.3807	0.3011	0.2578	0.7655	0.7874	0.7946	0.6875	0.5149	0.3665	0.2946	0.2389	0.7589	0.7777	0.7873	0.6575	0.4710	0.3523	0.2735	0.2424	0.7313	0.7570	0.7421	0.5871	0.4458	0.3343	0.2598	0.2378	0.6245	0.7374	0.7068	0.5719	0.4442	0.3157	0.2620	0.2160	
0.7763	0.7908	0.7961	0.6436	0.5330	0.4060	0.3024	0.2749	0.7738	0.7856	0.7896	0.6736	0.5299	0.3847	0.3107	0.2838	0.7735	0.7902	0.7988	0.7352	0.5441	0.3776	0.3149	0.2633	0.7674	0.7934	0.8053	0.7016	0.5401	0.3945	0.3089	0.2665	0.7673	0.7883	0.8013	0.7150	0.5272	0.3741	0.3086	0.2453	0.7560	0.7728	0.7848	0.6770	0.4875	0.3659	0.2775	0.2437	0.7315	0.7572	0.7586	0.6086	0.4528	0.3395	0.2682	0.2421	0.6475	0.7554	0.7295	0.5921	0.4640	0.3243	0.2743	0.2183	
0.7752	0.7955	0.8008	0.6638	0.5520	0.4218	0.3142	0.2804	0.7773	0.7887	0.7886	0.6981	0.5443	0.3915	0.3209	0.2897	0.7774	0.7967	0.7987	0.7558	0.5640	0.3870	0.3251	0.2686	0.7668	0.7962	0.8071	0.7156	0.5598	0.4052	0.3190	0.2739	0.7630	0.7941	0.8017	0.7215	0.5489	0.3864	0.3136	0.2510	0.7592	0.7782	0.7934	0.6973	0.5057	0.3740	0.2892	0.2540	0.7359	0.7604	0.7745	0.6346	0.4711	0.3537	0.2778	0.2497	0.6700	0.7506	0.7510	0.6110	0.4800	0.3300	0.2787	0.2273	
0.7743	0.8020	0.8068	0.6867	0.5762	0.4376	0.3239	0.2847	0.7775	0.7932	0.7884	0.7196	0.5669	0.4059	0.3319	0.2940	0.7817	0.7930	0.8021	0.7688	0.5826	0.3940	0.3294	0.2736	0.7727	0.7980	0.8098	0.7360	0.5809	0.4217	0.3234	0.2749	0.7696	0.7938	0.8053	0.7344	0.5669	0.3985	0.3217	0.2574	0.7595	0.7818	0.7911	0.7181	0.5203	0.3889	0.2949	0.2577	0.7361	0.7627	0.7815	0.6543	0.4836	0.3651	0.2859	0.2543	0.6896	0.7626	0.7641	0.6327	0.4957	0.3409	0.2887	0.2291	
0.7671	0.7984	0.7960	0.7078	0.5867	0.4475	0.3263	0.2905	0.7754	0.7923	0.7898	0.7398	0.5769	0.4154	0.3369	0.3046	0.7786	0.7967	0.8001	0.7836	0.5870	0.4101	0.3365	0.2819	0.7698	0.7965	0.8136	0.7505	0.5967	0.4268	0.3296	0.2856	0.7632	0.7916	0.8050	0.7593	0.5831	0.4097	0.3291	0.2606	0.7563	0.7783	0.7935	0.7327	0.5354	0.3962	0.3017	0.2600	0.7345	0.7597	0.7799	0.6751	0.4951	0.3752	0.2911	0.2643	0.7048	0.7534	0.7709	0.6439	0.5024	0.3533	0.2929	0.2400	
0.7788	0.8027	0.7978	0.7244	0.6079	0.4681	0.3382	0.2987	0.7805	0.7971	0.7907	0.7548	0.5983	0.4299	0.3436	0.3123	0.7824	0.7957	0.8023	0.7972	0.6146	0.4118	0.3460	0.2890	0.7728	0.7970	0.8129	0.7663	0.6122	0.4357	0.3356	0.2902	0.7673	0.7956	0.8041	0.7741	0.5994	0.4159	0.3371	0.2722	0.7615	0.7793	0.7976	0.7510	0.5542	0.4126	0.3099	0.2698	0.7351	0.7659	0.7829	0.7020	0.5061	0.3865	0.2963	0.2664	0.7152	0.7516	0.7819	0.6650	0.5302	0.3641	0.2991	0.2472	
0.7764	0.8031	0.8063	0.7493	0.6314	0.4788	0.3483	0.3090	0.7827	0.7971	0.7912	0.7774	0.6207	0.4479	0.3608	0.3230	0.7793	0.7981	0.8104	0.7946	0.6438	0.4427	0.3598	0.3010	0.7715	0.8013	0.8135	0.7895	0.6382	0.4552	0.3519	0.3008	0.7720	0.7963	0.8047	0.7935	0.6238	0.4367	0.3519	0.2779	0.7615	0.7821	0.7960	0.7749	0.5752	0.4277	0.3183	0.2797	0.7379	0.7657	0.7896	0.7201	0.5441	0.4055	0.3080	0.2770	0.7202	0.7590	0.7858	0.6951	0.5512	0.3750	0.3137	0.2517	
0.7800	0.8055	0.8135	0.7623	0.6531	0.4947	0.3559	0.3180	0.7866	0.8002	0.8027	0.7922	0.6445	0.4637	0.3766	0.3332	0.7897	0.8046	0.8172	0.8052	0.6691	0.4494	0.3739	0.3080	0.7802	0.8035	0.8247	0.8035	0.6557	0.4719	0.3691	0.3090	0.7777	0.8007	0.8160	0.8010	0.6455	0.4514	0.3640	0.2861	0.7673	0.7868	0.8047	0.7912	0.5975	0.4460	0.3341	0.2868	0.7442	0.7694	0.7941	0.7369	0.5632	0.4186	0.3192	0.2881	0.7327	0.7685	0.7877	0.7074	0.5671	0.3961	0.3237	0.2614	
0.7925	0.8131	0.8261	0.7817	0.6760	0.5207	0.3735	0.3268	0.7994	0.8066	0.8104	0.8028	0.6695	0.4782	0.3879	0.3368	0.7984	0.8089	0.8253	0.8170	0.6862	0.4751	0.3853	0.3110	0.7911	0.8078	0.8285	0.8187	0.6818	0.4955	0.3797	0.3170	0.7880	0.8041	0.8193	0.8179	0.6710	0.4661	0.3771	0.2958	0.7776	0.7938	0.8137	0.8011	0.6215	0.4599	0.3453	0.2947	0.7523	0.7754	0.8002	0.7638	0.5833	0.4341	0.3292	0.2983	0.7388	0.7769	0.8276	0.7780	0.5956	0.4122	0.3426	0.2685	
0.7937	0.8123	0.8271	0.7939	0.6946	0.5346	0.3866	0.3347	0.7939	0.8071	0.8090	0.8077	0.6857	0.4904	0.3935	0.3472	0.7948	0.8094	0.8266	0.8145	0.7050	0.4879	0.3891	0.3183	0.7891	0.8123	0.8298	0.8138	0.7067	0.5099	0.3911	0.3239	0.7886	0.8095	0.8193	0.8159	0.6915	0.4790	0.3898	0.2964	0.7756	0.7914	0.8094	0.8026	0.6418	0.4679	0.3548	0.3008	0.7515	0.7757	0.8011	0.7776	0.6046	0.4396	0.3405	0.3016	0.7424	0.7756	0.7956	0.7582	0.6158	0.4161	0.3465	0.2733	
0.7932	0.8116	0.8216	0.7904	0.7109	0.5493	0.3854	0.3386	0.7940	0.8108	0.8045	0.8094	0.6966	0.5097	0.3992	0.3540	0.7981	0.8146	0.8204	0.8163	0.7127	0.5031	0.3990	0.3205	0.7875	0.8131	0.8293	0.8115	0.7143	0.5257	0.3955	0.3321	0.7870	0.8083	0.8205	0.8119	0.7035	0.4957	0.3918	0.3040	0.7751	0.7938	0.8130	0.7989	0.6522	0.4861	0.3617	0.3051	0.7519	0.7748	0.8046	0.8012	0.6197	0.4570	0.3453	0.3091	0.7436	0.7574	0.8188	0.7813	0.6301	0.4311	0.3554	0.2802	
0.7907	0.8134	0.8223	0.7936	0.7294	0.5612	0.3981	0.3487	0.7964	0.8122	0.8057	0.8095	0.7184	0.5165	0.4112	0.3663	0.7979	0.8126	0.8236	0.8189	0.7406	0.5084	0.4119	0.3289	0.7912	0.8149	0.8242	0.8125	0.7359	0.5378	0.4084	0.3377	0.7913	0.8092	0.8178	0.8242	0.7227	0.4962	0.4057	0.3123	0.7794	0.7916	0.8090	0.8080	0.6680	0.4967	0.3712	0.3132	0.7522	0.7764	0.8057	0.7872	0.6372	0.4630	0.3572	0.3147	0.7427	0.7673	0.7949	0.7830	0.6531	0.4452	0.3666	0.2856	
0.7945	0.8164	0.8198	0.7983	0.7468	0.5824	0.4109	0.3595	0.7989	0.8126	0.8107	0.8137	0.7338	0.5443	0.4291	0.3713	0.7988	0.8145	0.8259	0.8156	0.7532	0.5292	0.4251	0.3352	0.7929	0.8141	0.8244	0.8150	0.7485	0.5522	0.4177	0.3444	0.7915	0.8097	0.8234	0.8207	0.7409	0.5262	0.4122	0.3186	0.7792	0.7945	0.8158	0.8057	0.6878	0.5055	0.3779	0.3199	0.7496	0.7752	0.8000	0.7835	0.6482	0.4809	0.3655	0.3265	0.7447	0.7825	0.7916	0.7907	0.6679	0.4539	0.3748	0.2942	
0.7991	0.8197	0.8202	0.8020	0.7616	0.5997	0.4140	0.3690	0.8045	0.8193	0.8064	0.8156	0.7486	0.5518	0.4402	0.3847	0.8000	0.8198	0.8235	0.8128	0.7738	0.5354	0.4397	0.3497	0.7929	0.8206	0.8253	0.8151	0.7655	0.5616	0.4304	0.3520	0.7916	0.8121	0.8196	0.8232	0.7555	0.5345	0.4276	0.3236	0.7834	0.8020	0.8147	0.8066	0.6994	0.5161	0.3927	0.3249	0.7494	0.7827	0.8064	0.7905	0.6505	0.4950	0.3706	0.3325	0.7430	0.7752	0.8001	0.8262	0.6809	0.4699	0.3849	0.3002	
0.8032	0.8177	0.8191	0.8066	0.7751	0.6103	0.4297	0.3810	0.8066	0.8165	0.8120	0.8174	0.7566	0.5557	0.4523	0.3941	0.8046	0.8198	0.8206	0.8195	0.7792	0.5507	0.4489	0.3555	0.7985	0.8193	0.8304	0.8236	0.7800	0.5849	0.4449	0.3661	0.7921	0.8140	0.8239	0.8267	0.7621	0.5477	0.4408	0.3397	0.7831	0.8008	0.8184	0.8064	0.7121	0.5377	0.3986	0.3362	0.7505	0.7785	0.8001	0.7978	0.6765	0.5091	0.3860	0.3413	0.7422	0.7762	0.7972	0.8217	0.6962	0.4873	0.3985	0.3086	
0.8084	0.8279	0.8290	0.8082	0.7918	0.6368	0.4465	0.3891	0.8117	0.8239	0.8160	0.8213	0.7768	0.5783	0.4607	0.4021	0.8111	0.8269	0.8278	0.8264	0.7913	0.5755	0.4630	0.3686	0.7999	0.8262	0.8330	0.8217	0.7933	0.6068	0.4521	0.3756	0.8007	0.8205	0.8266	0.8259	0.7833	0.5726	0.4567	0.3453	0.7870	0.8079	0.8209	0.8139	0.7324	0.5594	0.4122	0.3437	0.7573	0.7851	0.8080	0.8031	0.6912	0.5350	0.4009	0.3488	0.7494	0.7811	0.7983	0.8254	0.7395	0.5041	0.4075	0.3203	
0.8049	0.8271	0.8302	0.8084	0.8010	0.6492	0.4602	0.3980	0.8133	0.8269	0.8193	0.8244	0.7868	0.5961	0.4782	0.4138	0.8090	0.8247	0.8288	0.8270	0.7961	0.5794	0.4770	0.3686	0.7999	0.8221	0.8340	0.8250	0.7997	0.6120	0.4624	0.3880	0.7981	0.8201	0.8297	0.8277	0.7942	0.5798	0.4648	0.3539	0.7913	0.8090	0.8248	0.8147	0.7499	0.5775	0.4231	0.3547	0.7557	0.7851	0.8065	0.8112	0.7056	0.5467	0.4130	0.3614	0.7482	0.7809	0.7984	0.8198	0.7310	0.5159	0.4208	0.3235	
0.8123	0.8310	0.8292	0.8134	0.8065	0.6704	0.4721	0.4095	0.8155	0.8254	0.8219	0.8284	0.7878	0.6152	0.4876	0.4263	0.8103	0.8295	0.8353	0.8331	0.7968	0.5963	0.4828	0.3774	0.8007	0.8273	0.8382	0.8296	0.8033	0.6275	0.4789	0.3914	0.7983	0.8246	0.8335	0.8343	0.8000	0.5970	0.4751	0.3615	0.7908	0.8120	0.8260	0.8273	0.7585	0.5853	0.4367	0.3621	0.7535	0.7857	0.8105	0.8083	0.7225	0.5547	0.4160	0.3651	0.7505	0.7806	0.8067	0.8180	0.7456	0.5334	0.4292	0.3327	
