0.0918	0.0919	0.0917	0.0924	0.0938	0.0942	0.0932	0.0929	0.0934	0.0927	0.0919	0.0948	0.0934	0.0921	0.0931	0.0907	0.0921	0.0948	0.0931	0.0923	0.0939	0.0935	0.0934	0.0928	0.1174	0.1262	0.1020	0.1054	0.1103	0.1138	0.1085	0.0905	0.0913	0.0918	0.0918	0.0928	0.0922	0.0923	0.0913	0.0909	0.1075	0.0996	0.1035	0.0973	0.1025	0.1041	0.1413	0.0925	0.0930	0.0919	0.0907	0.0913	0.0934	0.0917	0.0947	0.0915	0.0969	0.0909	0.0991	0.1021	0.0971	0.1031	0.1154	0.0915	
0.0895	0.0902	0.0911	0.0909	0.0907	0.0909	0.0891	0.0897	0.0902	0.0895	0.0898	0.0910	0.0899	0.0882	0.0884	0.0896	0.0900	0.0917	0.0907	0.0916	0.0897	0.0915	0.0908	0.0900	0.0910	0.0908	0.0911	0.0913	0.0895	0.0895	0.0917	0.0906	0.0909	0.0925	0.0901	0.0916	0.0903	0.0902	0.0904	0.0894	0.0925	0.0914	0.0913	0.0928	0.0920	0.0908	0.0909	0.0908	0.0893	0.0904	0.0908	0.0914	0.0914	0.0911	0.0929	0.0917	0.0908	0.0916	0.0929	0.0926	0.0906	0.0927	0.0915	0.0904	
0.0894	0.0906	0.0888	0.0892	0.0913	0.0908	0.0878	0.0893	0.0891	0.0877	0.0905	0.0891	0.0894	0.0877	0.0875	0.0899	0.0904	0.0906	0.0897	0.0891	0.0898	0.0903	0.0898	0.0909	0.0913	0.0896	0.0894	0.0903	0.0918	0.0912	0.0910	0.0885	0.0909	0.0901	0.0892	0.0924	0.0901	0.0891	0.0900	0.0900	0.0911	0.0900	0.0915	0.0914	0.0908	0.0892	0.0894	0.0884	0.0888	0.0895	0.0888	0.0900	0.0922	0.0901	0.0910	0.0903	0.0895	0.0893	0.0913	0.0890	0.0911	0.0906	0.0913	0.0897	
0.0898	0.0903	0.0892	0.0897	0.0901	0.0896	0.0889	0.0897	0.0908	0.0889	0.0886	0.0890	0.0906	0.0887	0.0886	0.0922	0.0888	0.0910	0.0907	0.0914	0.0891	0.0898	0.0925	0.0887	0.0923	0.0905	0.0895	0.0897	0.0906	0.0905	0.0910	0.0913	0.0907	0.0924	0.0890	0.0940	0.0912	0.0909	0.0901	0.0909	0.0920	0.0912	0.0904	0.0920	0.0916	0.0908	0.0907	0.0892	0.0899	0.0908	0.0912	0.0909	0.0930	0.0927	0.0934	0.0911	0.0909	0.0911	0.0925	0.0912	0.0915	0.0910	0.0921	0.0908	
0.0902	0.0921	0.0898	0.0919	0.0905	0.0908	0.0902	0.0908	0.0904	0.0908	0.0906	0.0907	0.0901	0.0914	0.0895	0.0901	0.0911	0.0924	0.0910	0.0923	0.0910	0.0914	0.0912	0.0919	0.0923	0.0911	0.0911	0.0909	0.0915	0.0918	0.0914	0.0895	0.0917	0.0932	0.0917	0.0932	0.0911	0.0913	0.0903	0.0908	0.0928	0.0916	0.0907	0.0928	0.0931	0.0920	0.0922	0.0904	0.0911	0.0901	0.0916	0.0911	0.0942	0.0911	0.0929	0.0917	0.0917	0.0925	0.0930	0.0917	0.0921	0.0911	0.0924	0.0915	
0.0903	0.0909	0.0914	0.0914	0.0934	0.0911	0.0903	0.0912	0.0893	0.0908	0.0898	0.0907	0.0897	0.0899	0.0897	0.0902	0.0897	0.0912	0.0913	0.0905	0.0900	0.0913	0.0903	0.0918	0.0907	0.0910	0.0927	0.0918	0.0912	0.0911	0.0908	0.0912	0.0913	0.0916	0.0918	0.0913	0.0903	0.0907	0.0893	0.0905	0.0920	0.0933	0.0913	0.0921	0.0921	0.0925	0.0917	0.0894	0.0916	0.0916	0.0923	0.0919	0.0914	0.0916	0.0936	0.0916	0.0904	0.0903	0.0940	0.0914	0.0922	0.0921	0.0934	0.0908	
0.0901	0.0900	0.0898	0.0888	0.0911	0.0902	0.0898	0.0890	0.0892	0.0897	0.0894	0.0897	0.0894	0.0888	0.0890	0.0895	0.0901	0.0903	0.0901	0.0903	0.0889	0.0890	0.0910	0.0894	0.0894	0.0908	0.0898	0.0919	0.0904	0.0899	0.0906	0.0888	0.0896	0.0916	0.0889	0.0908	0.0877	0.0899	0.0885	0.0895	0.0902	0.0906	0.0896	0.0922	0.0918	0.0935	0.0904	0.0900	0.0895	0.0889	0.0898	0.0893	0.0914	0.0898	0.0928	0.0908	0.0896	0.0902	0.0914	0.0897	0.0907	0.0930	0.0926	0.0914	
0.0914	0.0916	0.0905	0.0921	0.0912	0.0917	0.0928	0.0910	0.0898	0.0910	0.0909	0.0918	0.0905	0.0900	0.0910	0.0904	0.0920	0.0925	0.0918	0.0933	0.0904	0.0920	0.0926	0.0909	0.0915	0.0912	0.0916	0.0923	0.0924	0.0923	0.0921	0.0898	0.0911	0.0932	0.0913	0.0931	0.0908	0.0910	0.0913	0.0905	0.0922	0.0907	0.0922	0.0911	0.0914	0.0923	0.0926	0.0903	0.0904	0.0911	0.0924	0.0914	0.0925	0.0933	0.0929	0.0920	0.0920	0.0919	0.0942	0.0919	0.0930	0.0913	0.0932	0.0913	
0.0914	0.0912	0.0910	0.0912	0.0924	0.0907	0.0928	0.0905	0.0915	0.0909	0.0907	0.0894	0.0894	0.0905	0.0905	0.0916	0.0916	0.0921	0.0918	0.0914	0.0905	0.0920	0.0916	0.0909	0.0920	0.0920	0.0912	0.0916	0.0915	0.0921	0.0917	0.0904	0.0916	0.0940	0.0905	0.0942	0.0905	0.0911	0.0905	0.0901	0.0922	0.0915	0.0913	0.0929	0.0919	0.0923	0.0912	0.0913	0.0913	0.0996	0.0925	0.0919	0.0932	0.0925	0.0939	0.0920	0.0933	0.0919	0.0937	0.0919	0.0930	0.0926	0.0923	0.0921	
0.0896	0.0898	0.0892	0.0904	0.0908	0.0903	0.0897	0.0904	0.0890	0.0903	0.0918	0.0894	0.0885	0.0895	0.0886	0.0898	0.0901	0.0899	0.0918	0.0898	0.0899	0.0907	0.0918	0.0898	0.0912	0.0908	0.0904	0.0909	0.0898	0.0920	0.0898	0.0907	0.0907	0.0943	0.0893	0.0908	0.0888	0.0904	0.0890	0.0907	0.0928	0.0905	0.0901	0.0915	0.0913	0.0902	0.0899	0.0888	0.0900	0.0909	0.0903	0.0902	0.0918	0.0905	0.0917	0.0919	0.0899	0.0906	0.0925	0.0919	0.0909	0.0914	0.0924	0.0913	
0.0898	0.0922	0.0916	0.0923	0.0934	0.0914	0.0913	0.0917	0.0915	0.0924	0.0913	0.0915	0.0912	0.0904	0.0914	0.0898	0.0909	0.0924	0.0921	0.0905	0.0922	0.0915	0.0929	0.0923	0.0914	0.0920	0.0919	0.0917	0.0920	0.0921	0.0926	0.0902	0.0917	0.0924	0.0913	0.0936	0.0911	0.0910	0.0923	0.0908	0.0931	0.0925	0.0908	0.0958	0.0914	0.0930	0.0918	0.0911	0.0925	0.0910	0.0933	0.0921	0.0920	0.0946	0.0926	0.0922	0.0905	0.0926	0.0932	0.0929	0.0916	0.0927	0.0931	0.0916	
0.0921	0.0923	0.0919	0.0915	0.0920	0.0931	0.0909	0.0921	0.0898	0.0915	0.0916	0.0931	0.0914	0.0909	0.0919	0.0919	0.0914	0.0923	0.0921	0.0911	0.0913	0.0914	0.0914	0.0913	0.0912	0.0916	0.0911	0.0917	0.0933	0.0932	0.0924	0.0908	0.0931	0.0918	0.0921	0.0926	0.0915	0.0917	0.0913	0.0907	0.0939	0.0913	0.0927	0.0932	0.0925	0.0926	0.0914	0.0917	0.0914	0.0914	0.0914	0.0920	0.0936	0.0919	0.0953	0.0947	0.0917	0.0930	0.0921	0.0998	0.0933	0.0922	0.0947	0.0921	
0.0896	0.0919	0.0911	0.0914	0.0924	0.0913	0.0924	0.0912	0.0890	0.0916	0.0907	0.0910	0.0901	0.0894	0.0903	0.0895	0.0908	0.0928	0.0913	0.0919	0.0912	0.0914	0.0919	0.0910	0.0905	0.0911	0.0910	0.0917	0.0913	0.0914	0.0930	0.0907	0.0911	0.0914	0.0917	0.0924	0.0912	0.0916	0.0898	0.0907	0.0921	0.0919	0.0906	0.0915	0.0936	0.0918	0.0916	0.0966	0.0902	0.0919	0.0913	0.0899	0.0926	0.0926	0.0934	0.0920	0.0915	0.0904	0.0920	0.0907	0.0926	0.0923	0.0927	0.0918	
0.0895	0.0896	0.0899	0.0909	0.0908	0.0901	0.0905	0.0907	0.0888	0.0887	0.0889	0.0933	0.0894	0.0891	0.0886	0.0952	0.0891	0.0898	0.0906	0.0902	0.0889	0.0885	0.0913	0.0891	0.0889	0.0898	0.0905	0.0892	0.0895	0.0903	0.0900	0.0883	0.0903	0.0896	0.0898	0.0914	0.0890	0.0892	0.0888	0.0892	0.0910	0.0900	0.0901	0.0905	0.0918	0.0899	0.0907	0.0879	0.0889	0.0892	0.0889	0.0895	0.0908	0.0894	0.0904	0.0911	0.0897	0.0896	0.0916	0.0906	0.0901	0.0902	0.0904	0.0901	
0.0910	0.0915	0.0924	0.0916	0.0926	0.0926	0.0927	0.0916	0.0916	0.0925	0.0905	0.0919	0.0914	0.0907	0.0913	0.0916	0.0916	0.0923	0.0930	0.0921	0.0920	0.0917	0.0931	0.0919	0.0928	0.0949	0.0916	0.0913	0.0923	0.0919	0.0920	0.0918	0.0932	0.0922	0.0919	0.0926	0.0922	0.0926	0.0916	0.0914	0.0935	0.0927	0.0920	0.0928	0.0934	0.0921	0.0922	0.0918	0.0918	0.0928	0.0926	0.0918	0.0928	0.0930	0.0936	0.0929	0.0928	0.0917	0.0928	0.0924	0.0933	0.0929	0.0929	0.0922	
0.0910	0.0914	0.0923	0.0939	0.0923	0.0921	0.0909	0.0925	0.0915	0.0923	0.0915	0.0917	0.0917	0.0901	0.0918	0.0907	0.0956	0.0933	0.0918	0.0927	0.0919	0.0908	0.0932	0.0918	0.0930	0.0926	0.0913	0.0917	0.0920	0.0922	0.0933	0.0911	0.0930	0.0921	0.0920	0.0933	0.0910	0.0910	0.0911	0.0920	0.0933	0.0923	0.0919	0.0937	0.0923	0.0924	0.0922	0.0914	0.0913	0.0927	0.0920	0.0921	0.0930	0.0922	0.0933	0.0932	0.0927	0.0920	0.0940	0.0931	0.0924	0.0931	0.0935	0.0943	
0.0923	0.0907	0.0905	0.0905	0.0906	0.0910	0.0902	0.0910	0.0895	0.0896	0.0895	0.0898	0.0908	0.0891	0.0888	0.0890	0.0895	0.0920	0.0907	0.0906	0.0900	0.0905	0.0918	0.0903	0.0915	0.0904	0.0904	0.0917	0.0910	0.0920	0.0907	0.0905	0.0904	0.0912	0.0906	0.0910	0.0900	0.0900	0.0891	0.0899	0.0912	0.0909	0.0892	0.0910	0.0911	0.0904	0.0911	0.0896	0.0899	0.0903	0.0908	0.0903	0.0918	0.0907	0.0914	0.0905	0.0909	0.0903	0.0918	0.0913	0.0915	0.0906	0.0922	0.0895	
0.0905	0.0917	0.0918	0.0920	0.0923	0.0918	0.0908	0.0902	0.0901	0.0910	0.0907	0.0912	0.0916	0.0891	0.0906	0.0905	0.0904	0.0915	0.0914	0.0910	0.0905	0.0909	0.0917	0.0910	0.0921	0.0925	0.0913	0.0921	0.0906	0.0931	0.0930	0.0898	0.0923	0.0919	0.0922	0.0931	0.0900	0.0908	0.0910	0.0913	0.0918	0.0918	0.0910	0.0922	0.0942	0.0918	0.0918	0.0908	0.0898	0.0923	0.0922	0.0923	0.0925	0.0948	0.0921	0.0915	0.0933	0.0912	0.0922	0.0918	0.0925	0.0933	0.0917	0.0902	
0.0916	0.0926	0.0917	0.0927	0.0925	0.0926	0.0919	0.0952	0.0912	0.0919	0.0910	0.0916	0.0909	0.0907	0.0899	0.0909	0.0931	0.0931	0.0938	0.0915	0.0919	0.0929	0.0921	0.0922	0.0923	0.0927	0.0931	0.0920	0.0950	0.0925	0.0924	0.0913	0.0927	0.0930	0.0923	0.0932	0.0908	0.0923	0.0917	0.0905	0.0922	0.0928	0.0919	0.0921	0.0918	0.0928	0.0919	0.0911	0.0914	0.0910	0.0926	0.0911	0.0921	0.0918	0.0929	0.0923	0.0934	0.0912	0.0938	0.0973	0.0939	0.0938	0.0938	0.0916	
0.0928	0.0931	0.0939	0.0930	0.0929	0.0931	0.0931	0.0931	0.0918	0.0923	0.0920	0.0949	0.0921	0.0912	0.0915	0.0911	0.0918	0.0938	0.0945	0.0934	0.0930	0.0928	0.0936	0.0918	0.0927	0.0937	0.0932	0.0936	0.0930	0.0925	0.0931	0.0905	0.0942	0.0941	0.0927	0.0929	0.0916	0.0925	0.0920	0.0919	0.0931	0.0919	0.0916	0.0933	0.0932	0.0936	0.0935	0.0909	0.0918	0.0925	0.0927	0.0923	0.0935	0.0927	0.0938	0.0925	0.0929	0.0920	0.0944	0.0929	0.0924	0.0929	0.0946	0.0923	
0.0921	0.0934	0.0931	0.0927	0.0933	0.0922	0.0937	0.0919	0.0927	0.0933	0.0932	0.0926	0.0924	0.0908	0.0919	0.0922	0.0931	0.0930	0.0930	0.0935	0.0932	0.0925	0.0942	0.0915	0.0935	0.0924	0.0932	0.0932	0.0936	0.0923	0.0940	0.0915	0.0941	0.0930	0.0923	0.0927	0.0921	0.0913	0.0939	0.0913	0.0927	0.0916	0.0921	0.0936	0.0933	0.0938	0.0918	0.0915	0.0919	0.0921	0.0936	0.0924	0.0927	0.0929	0.0928	0.0929	0.0926	0.0924	0.0937	0.0931	0.0928	0.0928	0.0931	0.0916	
0.0938	0.0942	0.0947	0.0949	0.0952	0.0936	0.0942	0.0927	0.0939	0.0935	0.0933	0.0943	0.0942	0.0920	0.0931	0.0928	0.0968	0.0941	0.0943	0.0957	0.0934	0.0931	0.0945	0.0944	0.0949	0.0936	0.0949	0.0946	0.0935	0.0945	0.0943	0.0930	0.0944	0.0949	0.0936	0.0946	0.0923	0.0932	0.0917	0.0927	0.0947	0.0946	0.0929	0.0938	0.0939	0.0934	0.0935	0.0920	0.0938	0.0936	0.0932	0.0929	0.0935	0.0923	0.0931	0.0936	0.0939	0.0935	0.0946	0.0949	0.0937	0.0946	0.0944	0.0921	
0.0939	0.0945	0.0958	0.0954	0.0945	0.0934	0.0938	0.0938	0.0940	0.0941	0.0929	0.0934	0.0928	0.0921	0.0935	0.0932	0.0949	0.0948	0.0949	0.0951	0.0945	0.0935	0.0955	0.0941	0.0943	0.0956	0.0941	0.0943	0.0937	0.0936	0.0939	0.0925	0.0950	0.0941	0.0940	0.0948	0.0931	0.0929	0.0922	0.0920	0.0949	0.0945	0.0925	0.0940	0.0950	0.0948	0.0923	0.0913	0.0929	0.0924	0.0931	0.0943	0.0939	0.0942	0.0945	0.0923	0.0945	0.0940	0.0945	0.0930	0.0928	0.0937	0.0943	0.0939	
0.0943	0.0942	0.0953	0.0942	0.0953	0.0945	0.0946	0.0944	0.0927	0.0940	0.0931	0.0929	0.0934	0.0915	0.0917	0.0925	0.0943	0.0950	0.0952	0.0950	0.0938	0.0930	0.0934	0.0935	0.0938	0.0967	0.0941	0.0932	0.0940	0.0937	0.0936	0.0914	0.0942	0.0949	0.0935	0.0953	0.0928	0.0929	0.0915	0.0924	0.0941	0.0944	0.0934	0.0937	0.0943	0.0927	0.0921	0.0914	0.0929	0.0935	0.0936	0.0936	0.0929	0.0930	0.0943	0.0929	0.0937	0.0927	0.0947	0.0936	0.0946	0.0941	0.0943	0.0919	
0.0951	0.0949	0.0953	0.0961	0.0954	0.0947	0.0943	0.0932	0.0936	0.0949	0.0948	0.0942	0.0936	0.0932	0.0937	0.0957	0.0952	0.0960	0.0970	0.0957	0.0950	0.0933	0.0950	0.0940	0.0945	0.0955	0.0959	0.0946	0.0942	0.0946	0.0938	0.0921	0.0959	0.0950	0.0942	0.0947	0.0938	0.0929	0.0932	0.0927	0.0957	0.0950	0.0943	0.0943	0.0947	0.0937	0.0923	0.0915	0.0940	0.0941	0.0931	0.0933	0.0934	0.0929	0.0944	0.0946	0.0952	0.0940	0.0952	0.0964	0.0942	0.0933	0.0942	0.0936	
0.0960	0.0960	0.0963	0.0956	0.0960	0.0946	0.0951	0.0944	0.0940	0.0947	0.0939	0.0942	0.0941	0.0921	0.0937	0.0919	0.0956	0.0949	0.0958	0.0954	0.0945	0.0937	0.0938	0.0937	0.0952	0.0960	0.0954	0.0944	0.0942	0.0949	0.0948	0.0926	0.0961	0.0955	0.0949	0.0949	0.0940	0.0928	0.0924	0.0926	0.0958	0.0951	0.0930	0.0944	0.0940	0.0936	0.0934	0.0915	0.0953	0.0937	0.0934	0.0929	0.0944	0.0926	0.0937	0.0928	0.0950	0.0926	0.0933	0.0948	0.0939	0.0934	0.0936	0.0921	
0.0954	0.0953	0.0958	0.0961	0.0952	0.0943	0.0954	0.0946	0.0951	0.0947	0.0954	0.0950	0.0937	0.0927	0.0931	0.0930	0.0964	0.0952	0.0968	0.0951	0.0947	0.0953	0.0947	0.0933	0.0954	0.0963	0.0960	0.0947	0.0949	0.0944	0.0945	0.0920	0.0956	0.0971	0.0946	0.0952	0.0930	0.0929	0.0913	0.0934	0.0961	0.0949	0.0934	0.0938	0.0934	0.0950	0.0936	0.0912	0.0932	0.0940	0.0943	0.0930	0.0935	0.0938	0.0954	0.0939	0.0949	0.0933	0.0954	0.0949	0.0942	0.0935	0.0931	0.0925	
0.0958	0.0959	0.0973	0.0961	0.0958	0.0961	0.0944	0.0945	0.0952	0.0965	0.0954	0.0948	0.0942	0.0928	0.0941	0.0926	0.0979	0.0970	0.0967	0.0962	0.0947	0.0933	0.0945	0.0945	0.0965	0.0980	0.0953	0.0958	0.0949	0.0951	0.0950	0.0927	0.0964	0.0952	0.0947	0.0948	0.0928	0.0920	0.0927	0.0921	0.0961	0.0942	0.0948	0.0939	0.0935	0.0933	0.0919	0.0911	0.0931	0.0937	0.0939	0.0927	0.0938	0.0923	0.0941	0.0933	0.0952	0.0941	0.0955	0.0938	0.0936	0.0934	0.0947	0.0912	
0.0967	0.0978	0.0967	0.0969	0.0959	0.0963	0.0947	0.0937	0.0951	0.0961	0.0949	0.0954	0.0952	0.0927	0.0939	0.0940	0.0975	0.0971	0.0978	0.0973	0.0959	0.0944	0.0954	0.0945	0.0975	0.0962	0.0963	0.0998	0.0953	0.0946	0.0960	0.0917	0.0963	0.0953	0.0952	0.0944	0.0933	0.0931	0.0926	0.0934	0.0969	0.0948	0.0939	0.0944	0.0941	0.0934	0.0921	0.0909	0.0950	0.0949	0.0939	0.0934	0.0933	0.0936	0.0927	0.0930	0.0955	0.0949	0.0953	0.0957	0.0942	0.0927	0.0936	0.0915	
0.0981	0.0991	0.0982	0.0990	0.0983	0.0974	0.0963	0.0949	0.0967	0.0976	0.0964	0.0971	0.0952	0.0943	0.0958	0.0945	0.0993	0.0999	0.0978	0.0976	0.0958	0.0949	0.0953	0.0944	0.0984	0.0990	0.0973	0.0973	0.0971	0.0959	0.0957	0.0930	0.0975	0.0984	0.0964	0.0973	0.0946	0.0940	0.0942	0.0934	0.0986	0.0967	0.0943	0.0961	0.0955	0.0951	0.0931	0.0925	0.0982	0.0961	0.0950	0.0937	0.0950	0.0972	0.0936	0.0940	0.0971	0.0958	0.0950	0.0957	0.0949	0.0946	0.0952	0.0931	
0.0982	0.0993	0.0984	0.0982	0.0976	0.0967	0.0960	0.0947	0.0974	0.0976	0.0963	0.0972	0.0955	0.0945	0.0945	0.0930	0.0995	0.0983	0.0991	0.0990	0.0972	0.0957	0.0947	0.0952	0.0991	0.0991	0.0985	0.0960	0.0952	0.0953	0.0949	0.0923	0.1004	0.0975	0.0964	0.0968	0.0935	0.0924	0.0940	0.0929	0.0980	0.0961	0.0959	0.0951	0.0944	0.0946	0.0937	0.0918	0.0964	0.0961	0.0956	0.0948	0.0956	0.0940	0.0935	0.0937	0.0965	0.0949	0.0952	0.0952	0.0942	0.0935	0.0941	0.0937	
0.0984	0.0996	0.0997	0.0999	0.0992	0.0975	0.0976	0.0961	0.0980	0.1012	0.0976	0.0982	0.0965	0.0957	0.0948	0.0936	0.1002	0.0998	0.1007	0.0987	0.0974	0.0949	0.0960	0.0944	0.0995	0.1008	0.0997	0.0968	0.0967	0.0964	0.0959	0.0924	0.1002	0.0989	0.0966	0.0968	0.0951	0.0947	0.0942	0.0928	0.0985	0.0965	0.0962	0.0951	0.0949	0.0935	0.0937	0.0928	0.0976	0.0967	0.0960	0.0950	0.0951	0.0946	0.0933	0.0937	0.0963	0.0952	0.0946	0.0948	0.0944	0.0948	0.0947	0.0940	
0.1011	0.0991	0.1006	0.0994	0.0991	0.0966	0.0962	0.0964	0.0984	0.0994	0.0982	0.0986	0.0967	0.0958	0.0963	0.0929	0.1015	0.1017	0.1034	0.0986	0.0968	0.0969	0.0965	0.0950	0.1003	0.1005	0.0994	0.0985	0.0959	0.0953	0.0956	0.0915	0.1002	0.0983	0.0976	0.0961	0.0955	0.0941	0.0929	0.0926	0.1002	0.0972	0.0962	0.0953	0.0942	0.0931	0.0929	0.0913	0.0969	0.0964	0.0962	0.0939	0.0937	0.0938	0.0935	0.0928	0.0984	0.0959	0.0964	0.0943	0.0935	0.0949	0.0943	0.0923	
0.1019	0.1017	0.1010	0.1010	0.1004	0.0990	0.0982	0.0972	0.1001	0.1013	0.1001	0.1004	0.0982	0.0962	0.0974	0.0941	0.1033	0.1021	0.1037	0.1008	0.0992	0.0975	0.0963	0.0953	0.1023	0.1041	0.1005	0.1000	0.0976	0.0964	0.0961	0.0943	0.1017	0.1010	0.0989	0.0985	0.0951	0.0939	0.0938	0.0933	0.1004	0.0986	0.0966	0.0972	0.0948	0.0947	0.0944	0.0942	0.0989	0.0987	0.0965	0.0942	0.0948	0.0950	0.0946	0.0934	0.0988	0.0962	0.0968	0.0952	0.0956	0.0958	0.0959	0.0933	
0.1051	0.1035	0.1052	0.1027	0.1027	0.1009	0.1011	0.0982	0.1032	0.1026	0.1026	0.1028	0.1005	0.0971	0.0978	0.0961	0.1043	0.1052	0.1045	0.1022	0.1003	0.0980	0.0987	0.0975	0.1040	0.1046	0.1028	0.1015	0.0987	0.0988	0.0978	0.0939	0.1048	0.1021	0.0993	0.1005	0.0957	0.0966	0.0945	0.0948	0.1023	0.1006	0.0993	0.0972	0.0965	0.0974	0.0951	0.0936	0.1013	0.0989	0.0984	0.0962	0.0953	0.0947	0.0970	0.0961	0.0992	0.0987	0.0974	0.0973	0.0964	0.0971	0.0957	0.0936	
0.1034	0.1031	0.1033	0.1036	0.1008	0.0987	0.1005	0.0954	0.1004	0.1024	0.1013	0.1006	0.0986	0.0945	0.0974	0.0937	0.1044	0.1042	0.1032	0.1009	0.0983	0.0971	0.0960	0.0963	0.1055	0.1046	0.1009	0.1005	0.0980	0.0961	0.0963	0.0922	0.1039	0.1017	0.0981	0.0972	0.0950	0.0934	0.0949	0.0929	0.1024	0.0984	0.0996	0.0966	0.0941	0.0949	0.0942	0.0907	0.1001	0.0973	0.0971	0.0948	0.0934	0.0943	0.0928	0.0922	0.0979	0.0955	0.0961	0.0937	0.0937	0.0948	0.0928	0.0918	
0.1074	0.1075	0.1089	0.1054	0.1051	0.1025	0.1029	0.0990	0.1046	0.1078	0.1049	0.1041	0.1016	0.0987	0.0992	0.0987	0.1088	0.1090	0.1069	0.1069	0.1024	0.0995	0.0998	0.0981	0.1089	0.1082	0.1040	0.1035	0.1010	0.1007	0.0977	0.0946	0.1087	0.1037	0.1021	0.1017	0.0975	0.0964	0.0964	0.0949	0.1052	0.1020	0.0986	0.0992	0.0975	0.0957	0.0965	0.0934	0.1031	0.0998	0.0987	0.0972	0.0962	0.0968	0.0949	0.0942	0.1017	0.0996	0.1001	0.0957	0.0978	0.0960	0.0947	0.0940	
0.1060	0.1077	0.1064	0.1053	0.1053	0.1023	0.1015	0.0971	0.1051	0.1051	0.1048	0.1036	0.1005	0.0968	0.0982	0.0956	0.1085	0.1069	0.1081	0.1054	0.1015	0.0996	0.0983	0.0967	0.1074	0.1085	0.1046	0.1034	0.0998	0.0993	0.0976	0.0938	0.1066	0.1040	0.0998	0.0985	0.0962	0.0959	0.0935	0.0934	0.1039	0.1015	0.0971	0.0976	0.0948	0.0941	0.0928	0.0913	0.1004	0.0978	0.0974	0.0933	0.0943	0.0939	0.0940	0.0931	0.1002	0.0965	0.0963	0.0959	0.0947	0.0941	0.0944	0.0930	
0.1109	0.1098	0.1098	0.1075	0.1072	0.1038	0.1037	0.0985	0.1081	0.1091	0.1066	0.1075	0.1028	0.1003	0.1003	0.0978	0.1108	0.1120	0.1105	0.1084	0.1032	0.1011	0.1003	0.0970	0.1101	0.1116	0.1075	0.1054	0.1016	0.0999	0.0979	0.0940	0.1091	0.1066	0.1012	0.1020	0.0965	0.0963	0.0943	0.0931	0.1077	0.1029	0.1007	0.0993	0.0969	0.0957	0.0965	0.0929	0.1040	0.1001	0.0990	0.0960	0.0954	0.0950	0.0944	0.0945	0.1009	0.0979	0.0986	0.0959	0.0959	0.0952	0.0965	0.0921	
0.1150	0.1120	0.1131	0.1116	0.1089	0.1044	0.1043	0.0998	0.1102	0.1115	0.1100	0.1085	0.1057	0.1016	0.1020	0.0971	0.1146	0.1128	0.1125	0.1098	0.1055	0.1008	0.1007	0.0995	0.1136	0.1135	0.1090	0.1053	0.1019	0.1004	0.0996	0.0961	0.1114	0.1079	0.1038	0.1019	0.0986	0.0967	0.0971	0.0942	0.1083	0.1053	0.1001	0.0984	0.0977	0.0962	0.0957	0.0937	0.1054	0.1000	0.1000	0.0975	0.0966	0.0955	0.0943	0.0931	0.1031	0.1001	0.0987	0.0983	0.0968	0.0962	0.0952	0.0926	
0.1168	0.1148	0.1156	0.1136	0.1100	0.1074	0.1062	0.1017	0.1150	0.1140	0.1115	0.1109	0.1057	0.1018	0.1026	0.0980	0.1173	0.1158	0.1150	0.1116	0.1067	0.1019	0.1033	0.0991	0.1152	0.1162	0.1112	0.1077	0.1024	0.1015	0.1024	0.0970	0.1139	0.1118	0.1058	0.1034	0.0971	0.0983	0.0961	0.0966	0.1115	0.1064	0.1025	0.1011	0.0978	0.0970	0.0968	0.0936	0.1066	0.1019	0.0996	0.0972	0.0977	0.0968	0.0946	0.0957	0.1036	0.0996	0.0995	0.0987	0.0961	0.0969	0.0946	0.0950	
0.1201	0.1175	0.1190	0.1147	0.1126	0.1081	0.1072	0.1012	0.1157	0.1172	0.1158	0.1130	0.1100	0.1032	0.1035	0.0985	0.1199	0.1170	0.1173	0.1136	0.1084	0.1034	0.1036	0.1003	0.1203	0.1202	0.1140	0.1086	0.1040	0.1017	0.1005	0.0959	0.1177	0.1125	0.1084	0.1046	0.0996	0.0974	0.0965	0.0959	0.1133	0.1071	0.1017	0.1007	0.0977	0.0977	0.0969	0.0928	0.1101	0.1023	0.1011	0.0989	0.0984	0.0956	0.0963	0.0964	0.1053	0.1011	0.0993	0.0989	0.0962	0.0973	0.0954	0.0948	
0.1222	0.1194	0.1206	0.1166	0.1138	0.1090	0.1076	0.1009	0.1188	0.1193	0.1163	0.1153	0.1083	0.1038	0.1049	0.0988	0.1216	0.1209	0.1194	0.1149	0.1088	0.1037	0.1029	0.0998	0.1208	0.1225	0.1158	0.1109	0.1054	0.1045	0.1009	0.0959	0.1184	0.1135	0.1079	0.1051	0.0985	0.0975	0.0959	0.0947	0.1148	0.1088	0.1040	0.1010	0.0966	0.0966	0.0962	0.0930	0.1122	0.1035	0.1004	0.0974	0.0968	0.0952	0.0947	0.0959	0.1049	0.1003	0.1000	0.0987	0.0954	0.0956	0.0950	0.0945	
0.1261	0.1243	0.1245	0.1199	0.1181	0.1108	0.1107	0.1030	0.1214	0.1237	0.1193	0.1178	0.1119	0.1067	0.1041	0.0989	0.1253	0.1248	0.1224	0.1179	0.1127	0.1054	0.1034	0.1001	0.1257	0.1256	0.1172	0.1116	0.1066	0.1040	0.1007	0.0954	0.1223	0.1150	0.1086	0.1060	0.1007	0.0980	0.0969	0.0940	0.1192	0.1098	0.1028	0.1011	0.0977	0.0954	0.0968	0.0918	0.1130	0.1040	0.1021	0.0979	0.0973	0.0949	0.0956	0.0944	0.1069	0.1011	0.0998	0.0986	0.0954	0.0965	0.0947	0.0943	
0.1330	0.1291	0.1317	0.1252	0.1214	0.1118	0.1137	0.1052	0.1261	0.1292	0.1260	0.1231	0.1138	0.1080	0.1080	0.1003	0.1338	0.1302	0.1294	0.1215	0.1144	0.1076	0.1066	0.1024	0.1283	0.1305	0.1252	0.1169	0.1091	0.1062	0.1036	0.0977	0.1250	0.1196	0.1121	0.1070	0.1011	0.0997	0.0970	0.0963	0.1207	0.1127	0.1059	0.1028	0.0986	0.0976	0.0964	0.0950	0.1157	0.1072	0.1032	0.0990	0.0984	0.0966	0.0965	0.0960	0.1104	0.1040	0.1005	0.1007	0.0964	0.0974	0.0995	0.0950	
0.1357	0.1317	0.1361	0.1295	0.1258	0.1161	0.1140	0.1080	0.1312	0.1330	0.1280	0.1247	0.1171	0.1101	0.1097	0.1008	0.1387	0.1343	0.1347	0.1254	0.1190	0.1093	0.1069	0.1031	0.1330	0.1340	0.1252	0.1211	0.1103	0.1061	0.1040	0.0987	0.1320	0.1228	0.1128	0.1081	0.1012	0.0988	0.0985	0.0967	0.1265	0.1163	0.1052	0.1027	0.0989	0.0976	0.0969	0.0948	0.1185	0.1086	0.1034	0.1010	0.0975	0.0980	0.0965	0.0958	0.1103	0.1026	0.1010	0.1002	0.0980	0.0963	0.0961	0.0933	
0.1410	0.1371	0.1399	0.1342	0.1272	0.1166	0.1161	0.1065	0.1349	0.1366	0.1326	0.1286	0.1186	0.1115	0.1097	0.1038	0.1427	0.1394	0.1355	0.1274	0.1186	0.1112	0.1089	0.1034	0.1389	0.1396	0.1296	0.1210	0.1120	0.1082	0.1054	0.0970	0.1355	0.1267	0.1145	0.1096	0.1021	0.1001	0.0980	0.0968	0.1285	0.1170	0.1069	0.1044	0.1000	0.0972	0.1003	0.0968	0.1216	0.1093	0.1045	0.1008	0.0987	0.0976	0.0955	0.0962	0.1153	0.1041	0.1021	0.1006	0.0975	0.0973	0.0969	0.0948	
0.1464	0.1450	0.1461	0.1384	0.1306	0.1190	0.1193	0.1074	0.1391	0.1408	0.1371	0.1323	0.1218	0.1133	0.1109	0.1030	0.1476	0.1437	0.1400	0.1332	0.1204	0.1142	0.1076	0.1043	0.1430	0.1444	0.1314	0.1236	0.1141	0.1086	0.1046	0.1001	0.1397	0.1300	0.1186	0.1102	0.1046	0.0992	0.0983	0.0977	0.1315	0.1198	0.1088	0.1052	0.1000	0.0996	0.0984	0.0947	0.1212	0.1093	0.1060	0.0999	0.0992	0.0971	0.0964	0.0972	0.1129	0.1042	0.1034	0.1002	0.0977	0.0975	0.0972	0.0953	
0.1528	0.1476	0.1517	0.1437	0.1360	0.1220	0.1209	0.1097	0.1419	0.1459	0.1419	0.1371	0.1243	0.1146	0.1134	0.1044	0.1536	0.1487	0.1454	0.1353	0.1237	0.1156	0.1091	0.1053	0.1479	0.1492	0.1347	0.1255	0.1162	0.1094	0.1041	0.0994	0.1469	0.1323	0.1177	0.1122	0.1038	0.0989	0.0991	0.0973	0.1373	0.1221	0.1092	0.1037	0.1004	0.0990	0.0976	0.0978	0.1265	0.1103	0.1058	0.1016	0.0978	0.0959	0.0968	0.0958	0.1154	0.1072	0.1019	0.0987	0.0976	0.0970	0.0966	0.0946	
0.1588	0.1539	0.1574	0.1469	0.1391	0.1236	0.1211	0.1081	0.1495	0.1530	0.1469	0.1409	0.1281	0.1142	0.1138	0.1039	0.1600	0.1537	0.1505	0.1386	0.1271	0.1152	0.1097	0.1040	0.1536	0.1560	0.1401	0.1270	0.1152	0.1090	0.1048	0.0995	0.1496	0.1356	0.1193	0.1134	0.1035	0.0997	0.0986	0.0968	0.1391	0.1244	0.1099	0.1037	0.0993	0.0968	0.0968	0.0946	0.1268	0.1115	0.1065	0.1017	0.0986	0.0960	0.0958	0.0950	0.1159	0.1060	0.1004	0.1000	0.0966	0.0953	0.0950	0.0938	
0.1676	0.1627	0.1663	0.1540	0.1441	0.1290	0.1278	0.1110	0.1583	0.1594	0.1543	0.1473	0.1303	0.1180	0.1169	0.1061	0.1698	0.1617	0.1602	0.1465	0.1311	0.1178	0.1123	0.1061	0.1632	0.1659	0.1447	0.1324	0.1180	0.1125	0.1045	0.1002	0.1564	0.1419	0.1238	0.1152	0.1039	0.1008	0.0990	0.0965	0.1469	0.1279	0.1133	0.1071	0.1012	0.0983	0.0983	0.0963	0.1339	0.1142	0.1094	0.1023	0.0995	0.0982	0.0972	0.0952	0.1188	0.1078	0.1023	0.1000	0.0965	0.0962	0.0970	0.0956	
0.1766	0.1713	0.1734	0.1576	0.1483	0.1285	0.1273	0.1148	0.1660	0.1683	0.1592	0.1525	0.1350	0.1205	0.1187	0.1068	0.1771	0.1676	0.1654	0.1488	0.1330	0.1193	0.1142	0.1068	0.1723	0.1713	0.1509	0.1361	0.1219	0.1141	0.1075	0.0986	0.1633	0.1479	0.1265	0.1178	0.1051	0.1021	0.0982	0.0969	0.1512	0.1308	0.1130	0.1077	0.1002	0.0980	0.0984	0.0945	0.1390	0.1154	0.1078	0.1022	0.1002	0.0977	0.0965	0.0955	0.1228	0.1094	0.1028	0.1021	0.0985	0.0997	0.0956	0.0940	
0.1836	0.1801	0.1814	0.1678	0.1549	0.1324	0.1297	0.1136	0.1742	0.1768	0.1682	0.1582	0.1394	0.1234	0.1210	0.1092	0.1872	0.1783	0.1743	0.1558	0.1389	0.1207	0.1164	0.1082	0.1787	0.1815	0.1595	0.1408	0.1227	0.1153	0.1095	0.1012	0.1722	0.1539	0.1288	0.1196	0.1070	0.1025	0.1009	0.0977	0.1587	0.1367	0.1175	0.1099	0.1016	0.0994	0.0984	0.0961	0.1431	0.1174	0.1095	0.1032	0.1000	0.0989	0.0970	0.0961	0.1254	0.1113	0.1041	0.1031	0.0994	0.0981	0.0970	0.0956	
0.1957	0.1904	0.1910	0.1782	0.1595	0.1369	0.1323	0.1149	0.1823	0.1859	0.1765	0.1662	0.1430	0.1252	0.1218	0.1085	0.1981	0.1895	0.1812	0.1619	0.1394	0.1230	0.1152	0.1095	0.1871	0.1913	0.1640	0.1450	0.1240	0.1148	0.1090	0.1005	0.1788	0.1600	0.1315	0.1208	0.1078	0.1027	0.0997	0.0968	0.1659	0.1392	0.1176	0.1101	0.1010	0.0981	0.0970	0.0932	0.1464	0.1169	0.1108	0.1026	0.0985	0.0976	0.0950	0.0951	0.1272	0.1122	0.1034	0.1019	0.0979	0.0982	0.0950	0.0945	
0.2109	0.2016	0.2093	0.1877	0.1703	0.1426	0.1392	0.1179	0.1979	0.1985	0.1900	0.1752	0.1486	0.1312	0.1268	0.1099	0.2093	0.1997	0.1910	0.1741	0.1465	0.1287	0.1207	0.1126	0.2017	0.2027	0.1739	0.1538	0.1296	0.1209	0.1130	0.1025	0.1918	0.1686	0.1394	0.1258	0.1109	0.1049	0.1017	0.1004	0.1784	0.1441	0.1206	0.1128	0.1049	0.1012	0.0996	0.0964	0.1589	0.1223	0.1146	0.1069	0.1013	0.0994	0.0988	0.0959	0.1301	0.1141	0.1083	0.1045	0.1022	0.1005	0.1000	0.0985	
0.2224	0.2144	0.2219	0.1976	0.1790	0.1451	0.1422	0.1176	0.2067	0.2085	0.1961	0.1844	0.1554	0.1344	0.1287	0.1128	0.2236	0.2151	0.2039	0.1769	0.1513	0.1294	0.1217	0.1104	0.2136	0.2168	0.1812	0.1558	0.1322	0.1224	0.1112	0.1030	0.2013	0.1755	0.1406	0.1293	0.1103	0.1053	0.1024	0.0993	0.1847	0.1523	0.1226	0.1135	0.1032	0.1006	0.0999	0.0965	0.1605	0.1236	0.1168	0.1056	0.1009	0.1007	0.0964	0.0966	0.1340	0.1160	0.1071	0.1040	0.1003	0.0991	0.0975	0.0959	
0.2396	0.2300	0.2363	0.2158	0.1875	0.1533	0.1465	0.1211	0.2217	0.2250	0.2111	0.1922	0.1626	0.1369	0.1330	0.1137	0.2375	0.2269	0.2178	0.1884	0.1576	0.1344	0.1267	0.1154	0.2296	0.2291	0.1928	0.1643	0.1367	0.1229	0.1153	0.1036	0.2128	0.1853	0.1467	0.1306	0.1120	0.1070	0.1033	0.1006	0.1982	0.1574	0.1269	0.1147	0.1071	0.1019	0.1009	0.0994	0.1689	0.1263	0.1172	0.1065	0.1014	0.0996	0.0990	0.0985	0.1377	0.1203	0.1077	0.1053	0.1007	0.0998	0.0996	0.0970	
0.2565	0.2454	0.2486	0.2234	0.1958	0.1569	0.1513	0.1213	0.2342	0.2386	0.2311	0.2045	0.1704	0.1411	0.1355	0.1151	0.2559	0.2421	0.2276	0.1994	0.1638	0.1379	0.1243	0.1133	0.2423	0.2385	0.2004	0.1669	0.1381	0.1249	0.1150	0.1044	0.2244	0.1939	0.1509	0.1339	0.1146	0.1054	0.1027	0.0991	0.2068	0.1617	0.1285	0.1166	0.1061	0.1011	0.0994	0.0961	0.1788	0.1289	0.1177	0.1056	0.1024	0.1002	0.0969	0.0962	0.1413	0.1204	0.1091	0.1064	0.1017	0.1010	0.0970	0.0959	
0.2720	0.2612	0.2678	0.2405	0.2051	0.1641	0.1560	0.1258	0.2495	0.2544	0.2346	0.2151	0.1744	0.1464	0.1389	0.1160	0.2702	0.2593	0.2430	0.2097	0.1689	0.1432	0.1300	0.1157	0.2585	0.2568	0.2145	0.1751	0.1406	0.1290	0.1171	0.1050	0.2368	0.2040	0.1553	0.1352	0.1142	0.1072	0.1046	0.1003	0.2181	0.1686	0.1320	0.1176	0.1065	0.1014	0.1002	0.1017	0.1862	0.1325	0.1192	0.1070	0.1029	0.1001	0.0990	0.0979	0.1459	0.1223	0.1094	0.1064	0.1012	0.1005	0.0991	0.0974	
0.2963	0.2826	0.2854	0.2553	0.2169	0.1703	0.1619	0.1299	0.2687	0.2709	0.2492	0.2250	0.1837	0.1509	0.1406	0.1176	0.2918	0.2780	0.2585	0.2198	0.1740	0.1441	0.1295	0.1160	0.2750	0.2722	0.2268	0.1833	0.1458	0.1285	0.1165	0.1057	0.2565	0.2164	0.1621	0.1375	0.1161	0.1059	0.1037	0.0995	0.2305	0.1749	0.1353	0.1203	0.1060	0.1036	0.1001	0.0962	0.1948	0.1331	0.1207	0.1079	0.1028	0.1003	0.0981	0.0956	0.1508	0.1222	0.1088	0.1051	0.1003	0.0982	0.0977	0.0960	
0.3150	0.3029	0.3060	0.2703	0.2287	0.1769	0.1666	0.1285	0.2889	0.2893	0.2710	0.2436	0.1934	0.1527	0.1453	0.1196	0.3140	0.2960	0.2758	0.2356	0.1832	0.1496	0.1324	0.1178	0.2940	0.2916	0.2372	0.1916	0.1478	0.1320	0.1188	0.1041	0.2706	0.2341	0.1652	0.1418	0.1158	0.1112	0.1045	0.0997	0.2433	0.1847	0.1374	0.1196	0.1065	0.1025	0.1000	0.0966	0.2057	0.1402	0.1232	0.1108	0.1020	0.1014	0.0985	0.0961	0.1551	0.1244	0.1095	0.1071	0.1017	0.0980	0.0978	0.0966	
0.3363	0.3223	0.3248	0.2909	0.2414	0.1836	0.1724	0.1319	0.3100	0.3077	0.2893	0.2569	0.2045	0.1592	0.1496	0.1212	0.3383	0.3195	0.2988	0.2520	0.1933	0.1522	0.1353	0.1183	0.3188	0.3133	0.2541	0.2020	0.1552	0.1348	0.1222	0.1064	0.2904	0.2411	0.1764	0.1490	0.1178	0.1096	0.1053	0.1011	0.2606	0.1952	0.1408	0.1226	0.1084	0.1037	0.1019	0.1001	0.2163	0.1426	0.1257	0.1099	0.1042	0.1013	0.1000	0.0981	0.1607	0.1283	0.1099	0.1062	0.0997	0.1004	0.0982	0.0982	
0.3602	0.3412	0.3465	0.3098	0.2558	0.1891	0.1771	0.1323	0.3282	0.3284	0.3054	0.2691	0.2091	0.1596	0.1540	0.1204	0.3533	0.3332	0.3139	0.2602	0.1976	0.1584	0.1381	0.1183	0.3344	0.3333	0.2636	0.2083	0.1545	0.1348	0.1198	0.1044	0.3048	0.2527	0.1767	0.1468	0.1186	0.1084	0.1030	0.0994	0.2683	0.1998	0.1425	0.1214	0.1041	0.0998	0.0994	0.0962	0.2241	0.1442	0.1237	0.1082	0.1014	0.1003	0.0964	0.0957	0.1611	0.1269	0.1091	0.1038	0.1014	0.0982	0.0974	0.0939	
0.3833	0.3723	0.3732	0.3337	0.2728	0.1984	0.1842	0.1355	0.3526	0.3502	0.3282	0.2926	0.2255	0.1688	0.1578	0.1234	0.3809	0.3596	0.3360	0.2809	0.2089	0.1622	0.1421	0.1215	0.3562	0.3525	0.2856	0.2212	0.1607	0.1408	0.1225	0.1071	0.3237	0.2681	0.1887	0.1535	0.1196	0.1106	0.1059	0.0994	0.2875	0.2107	0.1485	0.1257	0.1082	0.1022	0.1010	0.0962	0.2364	0.1493	0.1279	0.1101	0.1032	0.1013	0.0976	0.0970	0.1693	0.1307	0.1118	0.1049	0.1008	0.0994	0.0979	0.0969	
0.4063	0.3988	0.3958	0.3564	0.2877	0.2071	0.1921	0.1398	0.3733	0.3734	0.3469	0.3093	0.2343	0.1772	0.1638	0.1272	0.4056	0.3845	0.3581	0.2969	0.2186	0.1674	0.1440	0.1242	0.3800	0.3755	0.3001	0.2304	0.1664	0.1452	0.1239	0.1064	0.3427	0.2871	0.1933	0.1592	0.1212	0.1102	0.1062	0.1006	0.3077	0.2233	0.1528	0.1268	0.1091	0.1030	0.1016	0.0960	0.2511	0.1523	0.1304	0.1136	0.1040	0.1000	0.0996	0.0977	0.1798	0.1336	0.1129	0.1072	0.1018	0.1002	0.0987	0.0971	
0.4294	0.4211	0.4164	0.3754	0.3044	0.2167	0.1993	0.1445	0.3985	0.3966	0.3708	0.3252	0.2482	0.1817	0.1690	0.1281	0.4296	0.4111	0.3788	0.3117	0.2289	0.1751	0.1496	0.1243	0.4051	0.4004	0.3216	0.2442	0.1745	0.1487	0.1264	0.1100	0.3672	0.3069	0.2047	0.1629	0.1272	0.1132	0.1080	0.1019	0.3274	0.2329	0.1568	0.1328	0.1102	0.1048	0.1010	0.1023	0.2634	0.1593	0.1356	0.1150	0.1052	0.1029	0.0998	0.0984	0.1850	0.1371	0.1144	0.1092	0.1020	0.1002	0.1002	0.0974	
0.4553	0.4491	0.4437	0.4036	0.3257	0.2291	0.2061	0.1448	0.4222	0.4223	0.3951	0.3491	0.2583	0.1908	0.1759	0.1298	0.4525	0.4384	0.3981	0.3305	0.2407	0.1819	0.1530	0.1268	0.4316	0.4240	0.3445	0.2558	0.1810	0.1540	0.1301	0.1091	0.3934	0.3258	0.2151	0.1679	0.1273	0.1136	0.1085	0.1031	0.3458	0.2462	0.1631	0.1324	0.1105	0.1052	0.1034	0.0998	0.2817	0.1640	0.1379	0.1159	0.1060	0.1031	0.1002	0.0987	0.1913	0.1404	0.1162	0.1104	0.1038	0.1026	0.1001	0.0987	
0.4800	0.4740	0.4674	0.4270	0.3433	0.2357	0.2149	0.1464	0.4461	0.4517	0.4209	0.3701	0.2753	0.1984	0.1794	0.1323	0.4786	0.4655	0.4287	0.3524	0.2548	0.1875	0.1597	0.1270	0.4579	0.4501	0.3672	0.2703	0.1878	0.1574	0.1310	0.1102	0.4148	0.3437	0.2251	0.1740	0.1283	0.1162	0.1100	0.1022	0.3711	0.2602	0.1670	0.1348	0.1122	0.1063	0.1024	0.0980	0.2959	0.1689	0.1402	0.1147	0.1045	0.1043	0.1017	0.0996	0.2009	0.1446	0.1159	0.1082	0.1039	0.1029	0.0995	0.0979	
0.5080	0.5036	0.4994	0.4595	0.3629	0.2484	0.2230	0.1493	0.4735	0.4707	0.4467	0.3947	0.2876	0.2038	0.1869	0.1345	0.5041	0.4895	0.4540	0.3751	0.2652	0.1939	0.1605	0.1308	0.4845	0.4809	0.3870	0.2834	0.1917	0.1606	0.1332	0.1098	0.4366	0.3633	0.2350	0.1793	0.1325	0.1161	0.1093	0.1013	0.3922	0.2725	0.1751	0.1364	0.1129	0.1051	0.1033	0.0992	0.3136	0.1742	0.1427	0.1173	0.1069	0.1025	0.0999	0.0985	0.2105	0.1445	0.1197	0.1094	0.1026	0.1013	0.0998	0.0977	
0.5330	0.5290	0.5229	0.4824	0.3819	0.2591	0.2337	0.1525	0.4976	0.4957	0.4689	0.4205	0.3001	0.2110	0.1908	0.1354	0.5305	0.5181	0.4786	0.3953	0.2778	0.1996	0.1654	0.1331	0.5105	0.5018	0.4108	0.3008	0.1998	0.1642	0.1359	0.1081	0.4580	0.3823	0.2488	0.1841	0.1334	0.1173	0.1102	0.1036	0.4146	0.2839	0.1769	0.1380	0.1111	0.1058	0.1022	0.0979	0.3335	0.1781	0.1451	0.1160	0.1066	0.1016	0.0998	0.0971	0.2153	0.1460	0.1175	0.1103	0.1026	0.1017	0.1005	0.0968	
0.5631	0.5626	0.5557	0.5140	0.4090	0.2740	0.2442	0.1565	0.5220	0.5290	0.5000	0.4431	0.3211	0.2226	0.1984	0.1405	0.5609	0.5502	0.5086	0.4205	0.2952	0.2090	0.1725	0.1330	0.5440	0.5324	0.4349	0.3201	0.2087	0.1700	0.1381	0.1101	0.4879	0.4112	0.2582	0.1932	0.1375	0.1190	0.1100	0.1032	0.4446	0.3021	0.1862	0.1443	0.1110	0.1068	0.1034	0.0990	0.3499	0.1858	0.1542	0.1189	0.1064	0.1026	0.0997	0.0979	0.2303	0.1528	0.1203	0.1109	0.1035	0.1014	0.1000	0.0992	
0.5905	0.5898	0.5787	0.5427	0.4315	0.2871	0.2511	0.1598	0.5461	0.5514	0.5226	0.4694	0.3355	0.2296	0.2032	0.1392	0.5869	0.5741	0.5301	0.4446	0.3107	0.2171	0.1734	0.1348	0.5622	0.5568	0.4636	0.3326	0.2138	0.1737	0.1399	0.1121	0.5150	0.4298	0.2726	0.1985	0.1381	0.1181	0.1100	0.1021	0.4706	0.3166	0.1908	0.1417	0.1133	0.1037	0.1022	0.0964	0.3696	0.1925	0.1520	0.1188	0.1046	0.1010	0.0975	0.0977	0.2379	0.1552	0.1183	0.1098	0.1019	0.0981	0.0988	0.0951	
0.6137	0.6199	0.6073	0.5761	0.4537	0.3030	0.2665	0.1662	0.5749	0.5822	0.5533	0.4966	0.3600	0.2419	0.2118	0.1441	0.6113	0.6051	0.5628	0.4734	0.3258	0.2264	0.1795	0.1387	0.5820	0.5847	0.4851	0.3547	0.2240	0.1806	0.1425	0.1117	0.5396	0.4590	0.2852	0.2071	0.1421	0.1193	0.1122	0.1023	0.4922	0.3315	0.1973	0.1465	0.1135	0.1072	0.1057	0.0983	0.3915	0.2015	0.1560	0.1211	0.1073	0.1026	0.0987	0.0994	0.2529	0.1605	0.1228	0.1126	0.1044	0.1018	0.0999	0.0981	
0.6439	0.6478	0.6378	0.6063	0.4823	0.3173	0.2775	0.1678	0.5972	0.6049	0.5864	0.5249	0.3807	0.2501	0.2195	0.1451	0.6322	0.6254	0.5865	0.4950	0.3430	0.2309	0.1831	0.1399	0.6071	0.6101	0.5180	0.3741	0.2331	0.1844	0.1452	0.1110	0.5589	0.4773	0.3003	0.2175	0.1423	0.1196	0.1117	0.1007	0.5148	0.3544	0.2067	0.1504	0.1139	0.1064	0.1061	0.0961	0.4087	0.2074	0.1580	0.1213	0.1055	0.1022	0.0990	0.0964	0.2619	0.1634	0.1199	0.1114	0.1036	0.1015	0.0985	0.0956	
0.6717	0.6772	0.6691	0.6396	0.5144	0.3388	0.2949	0.1764	0.6234	0.6305	0.6138	0.5541	0.4001	0.2666	0.2342	0.1536	0.6628	0.6569	0.6223	0.5305	0.3723	0.2501	0.1930	0.1448	0.6346	0.6297	0.5471	0.3953	0.2404	0.1930	0.1475	0.1159	0.5808	0.5002	0.3169	0.2240	0.1472	0.1245	0.1132	0.1030	0.5450	0.3788	0.2157	0.1536	0.1157	0.1074	0.1039	0.0991	0.4400	0.2175	0.1643	0.1235	0.1073	0.1061	0.1010	0.0981	0.2779	0.1711	0.1242	0.1199	0.1048	0.1025	0.1011	0.0985	
0.6894	0.6965	0.6973	0.6644	0.5406	0.3552	0.3058	0.1796	0.6441	0.6551	0.6370	0.5827	0.4241	0.2780	0.2430	0.1537	0.6843	0.6823	0.6478	0.5566	0.3898	0.2588	0.2013	0.1471	0.6612	0.6568	0.5731	0.4228	0.2532	0.1991	0.1517	0.1167	0.5962	0.5152	0.3313	0.2353	0.1498	0.1230	0.1133	0.1030	0.5742	0.3984	0.2239	0.1583	0.1172	0.1082	0.1040	0.0978	0.4577	0.2260	0.1676	0.1251	0.1091	0.1050	0.1005	0.0976	0.2933	0.1752	0.1258	0.1128	0.1045	0.1014	0.0981	0.0976	
0.7136	0.7186	0.7153	0.6910	0.5663	0.3781	0.3270	0.1856	0.6717	0.6808	0.6616	0.6123	0.4506	0.2934	0.2496	0.1548	0.7079	0.7052	0.6746	0.5862	0.4131	0.2709	0.2072	0.1486	0.6850	0.6835	0.5948	0.4413	0.2633	0.2008	0.1551	0.1164	0.6182	0.5367	0.3489	0.2454	0.1523	0.1267	0.1153	0.1042	0.5977	0.4164	0.2304	0.1611	0.1172	0.1069	0.1035	0.1006	0.4877	0.2379	0.1728	0.1278	0.1074	0.1025	0.0993	0.0973	0.3053	0.1787	0.1234	0.1195	0.1043	0.1019	0.0987	0.0960	
0.7327	0.7336	0.7350	0.7123	0.5975	0.3949	0.3413	0.1894	0.6906	0.7014	0.6886	0.6409	0.4746	0.3041	0.2612	0.1605	0.7255	0.7261	0.6923	0.6183	0.4316	0.2826	0.2146	0.1529	0.7113	0.7111	0.6239	0.4667	0.2808	0.2134	0.1563	0.1172	0.6283	0.5611	0.3760	0.2569	0.1572	0.1275	0.1175	0.1045	0.6242	0.4395	0.2455	0.1636	0.1184	0.1083	0.1041	0.0980	0.5051	0.2411	0.1764	0.1268	0.1073	0.1041	0.0993	0.0981	0.3243	0.1851	0.1258	0.1122	0.1055	0.1003	0.0993	0.0957	
0.7395	0.7389	0.7401	0.7298	0.6268	0.4239	0.3586	0.1946	0.7010	0.7077	0.7006	0.6638	0.4975	0.3203	0.2730	0.1638	0.7341	0.7353	0.7076	0.6402	0.4548	0.2960	0.2210	0.1544	0.7291	0.7310	0.6479	0.4943	0.2923	0.2212	0.1624	0.1198	0.6461	0.5775	0.3938	0.2667	0.1599	0.1290	0.1159	0.1048	0.6448	0.4594	0.2509	0.1692	0.1191	0.1089	0.1048	0.1106	0.5335	0.2560	0.1801	0.1307	0.1095	0.1050	0.0999	0.0982	0.3407	0.1868	0.1281	0.1138	0.1029	0.1033	0.0999	0.0981	
0.7401	0.7381	0.7423	0.7338	0.6460	0.4352	0.3697	0.1968	0.7070	0.7150	0.7106	0.6792	0.5170	0.3363	0.2814	0.1650	0.7399	0.7391	0.7206	0.6642	0.4791	0.3076	0.2277	0.1543	0.7386	0.7394	0.6650	0.5094	0.3005	0.2224	0.1637	0.1201	0.6839	0.6045	0.4043	0.2750	0.1606	0.1305	0.1172	0.1033	0.6660	0.4863	0.2624	0.1711	0.1196	0.1064	0.1040	0.0970	0.5589	0.2669	0.1848	0.1294	0.1094	0.1045	0.0989	0.0982	0.3504	0.1979	0.1280	0.1145	0.1029	0.1000	0.0988	0.0958	
0.7410	0.7408	0.7462	0.7417	0.6742	0.4596	0.3929	0.2064	0.7180	0.7220	0.7190	0.7054	0.5452	0.3510	0.2920	0.1700	0.7425	0.7450	0.7309	0.6893	0.4981	0.3201	0.2359	0.1609	0.7488	0.7546	0.6819	0.5372	0.3172	0.2344	0.1678	0.1211	0.7134	0.6309	0.4270	0.2895	0.1687	0.1311	0.1184	0.1034	0.6916	0.5087	0.2787	0.1804	0.1232	0.1118	0.1046	0.1003	0.5807	0.2774	0.1938	0.1317	0.1107	0.1058	0.1015	0.0998	0.3750	0.2038	0.1311	0.1171	0.1061	0.1034	0.1001	0.0980	
0.7423	0.7429	0.7404	0.7398	0.6966	0.4830	0.4063	0.2085	0.7199	0.7260	0.7242	0.7100	0.5731	0.3696	0.3074	0.1731	0.7452	0.7483	0.7341	0.7050	0.5178	0.3343	0.2439	0.1608	0.7567	0.7632	0.6981	0.5618	0.3308	0.2460	0.1747	0.1208	0.7235	0.6563	0.4463	0.3005	0.1682	0.1338	0.1181	0.1045	0.7087	0.5371	0.2894	0.1849	0.1214	0.1107	0.1056	0.0989	0.6017	0.2913	0.1968	0.1329	0.1097	0.1049	0.0996	0.0975	0.3917	0.2108	0.1324	0.1174	0.1048	0.1025	0.0998	0.0974	
0.7464	0.7450	0.7490	0.7431	0.7183	0.5066	0.4276	0.2163	0.7198	0.7289	0.7242	0.7144	0.5955	0.3852	0.3212	0.1747	0.7496	0.7492	0.7383	0.7222	0.5477	0.3527	0.2568	0.1649	0.7597	0.7653	0.7158	0.5891	0.3504	0.2532	0.1776	0.1223	0.7256	0.6832	0.4683	0.3159	0.1730	0.1358	0.1198	0.1031	0.6965	0.5584	0.3049	0.1894	0.1236	0.1091	0.1062	0.0984	0.6205	0.3043	0.2003	0.1341	0.1104	0.1043	0.1001	0.0992	0.4131	0.2218	0.1350	0.1187	0.1060	0.1034	0.1040	0.0967	
0.7598	0.7553	0.7580	0.7518	0.7360	0.5430	0.4576	0.2257	0.7292	0.7329	0.7305	0.7224	0.6261	0.4130	0.3431	0.1820	0.7572	0.7611	0.7479	0.7329	0.5751	0.3769	0.2654	0.1697	0.7664	0.7744	0.7341	0.6176	0.3683	0.2646	0.1842	0.1246	0.7376	0.7033	0.4944	0.3314	0.1803	0.1413	0.1230	0.1052	0.7068	0.5812	0.3213	0.1950	0.1259	0.1103	0.1060	0.1064	0.6514	0.3179	0.2114	0.1372	0.1119	0.1060	0.1008	0.1007	0.4402	0.2296	0.1387	0.1195	0.1075	0.1018	0.1006	0.0975	
0.7532	0.7551	0.7554	0.7478	0.7341	0.5613	0.4752	0.2302	0.7300	0.7298	0.7321	0.7249	0.6494	0.4268	0.3549	0.1876	0.7580	0.7601	0.7521	0.7352	0.6015	0.3931	0.2754	0.1717	0.7705	0.7744	0.7399	0.6390	0.3848	0.2755	0.1868	0.1248	0.7379	0.7071	0.5145	0.3433	0.1827	0.1395	0.1222	0.1044	0.7181	0.6041	0.3358	0.1964	0.1245	0.1100	0.1047	0.0975	0.6656	0.3343	0.2152	0.1389	0.1120	0.1039	0.0988	0.0965	0.4562	0.2358	0.1378	0.1200	0.1060	0.1020	0.0999	0.0969	
0.7579	0.7539	0.7544	0.7515	0.7382	0.5848	0.4978	0.2407	0.7344	0.7388	0.7365	0.7250	0.6779	0.4519	0.3733	0.1915	0.7666	0.7674	0.7520	0.7350	0.6265	0.4133	0.2849	0.1750	0.7721	0.7794	0.7410	0.6665	0.4072	0.2904	0.1909	0.1266	0.7407	0.7166	0.5398	0.3578	0.1891	0.1415	0.1233	0.1056	0.7238	0.6271	0.3528	0.2057	0.1267	0.1133	0.1063	0.1032	0.6843	0.3488	0.2252	0.1422	0.1130	0.1061	0.1011	0.0985	0.4822	0.2475	0.1418	0.1213	0.1067	0.1009	0.1000	0.0975	
0.7653	0.7610	0.7630	0.7560	0.7480	0.6197	0.5254	0.2541	0.7390	0.7419	0.7407	0.7322	0.6962	0.4774	0.3905	0.1994	0.7723	0.7660	0.7555	0.7418	0.6535	0.4347	0.3029	0.1829	0.7767	0.7793	0.7433	0.6865	0.4270	0.3046	0.1982	0.1282	0.7472	0.7246	0.5684	0.3804	0.1962	0.1452	0.1274	0.1069	0.7384	0.6434	0.3693	0.2118	0.1302	0.1144	0.1095	0.0998	0.6811	0.3675	0.2336	0.1465	0.1137	0.1074	0.1026	0.1010	0.5026	0.2545	0.1439	0.1275	0.1069	0.1038	0.1013	0.0977	
0.7628	0.7601	0.7626	0.7588	0.7442	0.6412	0.5494	0.2572	0.7383	0.7408	0.7411	0.7357	0.7077	0.4966	0.4088	0.2008	0.7662	0.7695	0.7575	0.7427	0.6740	0.4509	0.3113	0.1845	0.7763	0.7779	0.7446	0.7070	0.4460	0.3112	0.2012	0.1291	0.7465	0.7297	0.5948	0.3959	0.2020	0.1452	0.1245	0.1047	0.7336	0.6577	0.3874	0.2211	0.1312	0.1115	0.1050	0.0983	0.6891	0.3831	0.2396	0.1480	0.1147	0.1065	0.1005	0.0981	0.5214	0.2660	0.1444	0.1239	0.1061	0.1018	0.0994	0.0963	
0.7723	0.7643	0.7696	0.7593	0.7501	0.6667	0.5780	0.2677	0.7402	0.7438	0.7410	0.7375	0.7101	0.5210	0.4280	0.2076	0.7726	0.7746	0.7645	0.7464	0.6989	0.4743	0.3251	0.1897	0.7778	0.7821	0.7495	0.7148	0.4649	0.3283	0.2061	0.1315	0.7482	0.7248	0.6054	0.4094	0.2049	0.1477	0.1259	0.1047	0.7331	0.6748	0.4062	0.2206	0.1301	0.1119	0.1059	0.0980	0.6916	0.4010	0.2467	0.1472	0.1129	0.1053	0.1005	0.0979	0.5375	0.2719	0.1444	0.1229	0.1042	0.1022	0.0976	0.0974	
0.7722	0.7677	0.7682	0.7589	0.7465	0.6927	0.6001	0.2785	0.7491	0.7471	0.7440	0.7399	0.7208	0.5456	0.4459	0.2164	0.7758	0.7771	0.7656	0.7460	0.7074	0.4958	0.3400	0.1952	0.7794	0.7828	0.7453	0.7172	0.4881	0.3414	0.2149	0.1346	0.7473	0.7316	0.6353	0.4320	0.2122	0.1524	0.1288	0.1072	0.7336	0.6863	0.4251	0.2330	0.1343	0.1143	0.1086	0.1055	0.6990	0.4223	0.2562	0.1508	0.1138	0.1072	0.1016	0.1002	0.5635	0.2807	0.1479	0.1276	0.1076	0.1039	0.1003	0.0963	
0.7697	0.7687	0.7655	0.7607	0.7536	0.7118	0.6199	0.2857	0.7449	0.7448	0.7439	0.7401	0.7164	0.5685	0.4688	0.2183	0.7757	0.7777	0.7649	0.7463	0.7046	0.5181	0.3474	0.1952	0.7791	0.7821	0.7510	0.7179	0.5083	0.3557	0.2177	0.1323	0.7483	0.7332	0.6456	0.4474	0.2180	0.1516	0.1265	0.1056	0.7254	0.6851	0.4425	0.2347	0.1312	0.1118	0.1082	0.0951	0.6995	0.4390	0.2602	0.1487	0.1133	0.1043	0.0977	0.0974	0.5836	0.2916	0.1472	0.1242	0.1054	0.1001	0.0992	0.0934	
0.7725	0.7721	0.7727	0.7658	0.7559	0.7224	0.6469	0.2966	0.7523	0.7512	0.7506	0.7443	0.7251	0.5954	0.4934	0.2263	0.7748	0.7775	0.7701	0.7500	0.7078	0.5356	0.3680	0.2018	0.7797	0.7844	0.7464	0.7157	0.5309	0.3724	0.2247	0.1366	0.7406	0.7325	0.6461	0.4717	0.2227	0.1543	0.1284	0.1070	0.7345	0.7005	0.4643	0.2459	0.1346	0.1130	0.1072	0.0974	0.7034	0.4619	0.2681	0.1523	0.1163	0.1068	0.1006	0.0989	0.6060	0.3043	0.1511	0.1264	0.1062	0.1022	0.0999	0.0955	
0.7773	0.7702	0.7761	0.7663	0.7545	0.7274	0.6697	0.3101	0.7521	0.7515	0.7476	0.7431	0.7220	0.6142	0.5119	0.2332	0.7798	0.7782	0.7722	0.7547	0.7124	0.5614	0.3803	0.2081	0.7808	0.7854	0.7510	0.7227	0.5496	0.3908	0.2320	0.1379	0.7413	0.7318	0.6618	0.4907	0.2314	0.1581	0.1318	0.1068	0.7281	0.6980	0.4850	0.2545	0.1350	0.1120	0.1082	0.0978	0.6974	0.4811	0.2796	0.1555	0.1166	0.1066	0.1004	0.0999	0.6246	0.3158	0.1522	0.1260	0.1065	0.1018	0.0999	0.0959	
0.7801	0.7746	0.7774	0.7687	0.7611	0.7315	0.6905	0.3196	0.7513	0.7537	0.7550	0.7434	0.7212	0.6395	0.5372	0.2363	0.7815	0.7835	0.7749	0.7519	0.7167	0.5827	0.3967	0.2111	0.7836	0.7906	0.7514	0.7182	0.5745	0.4085	0.2400	0.1386	0.7414	0.7361	0.6897	0.5133	0.2360	0.1608	0.1326	0.1069	0.7279	0.7097	0.5081	0.2660	0.1361	0.1145	0.1059	0.1004	0.6998	0.4995	0.2919	0.1582	0.1157	0.1077	0.1016	0.1007	0.6398	0.3278	0.1558	0.1317	0.1073	0.1014	0.1003	0.0958	
0.7800	0.7775	0.7813	0.7710	0.7603	0.7342	0.7095	0.3352	0.7550	0.7566	0.7554	0.7494	0.7269	0.6567	0.5532	0.2439	0.7869	0.7826	0.7774	0.7588	0.7166	0.6054	0.4157	0.2177	0.7905	0.7945	0.7574	0.7223	0.5955	0.4271	0.2444	0.1384	0.7454	0.7399	0.6938	0.5311	0.2479	0.1629	0.1383	0.1066	0.7273	0.6988	0.5250	0.2704	0.1380	0.1133	0.1075	0.1005	0.7030	0.5161	0.2993	0.1615	0.1164	0.1065	0.1003	0.0970	0.6539	0.3420	0.1567	0.1297	0.1051	0.1035	0.0984	0.0952	
0.7855	0.7777	0.7801	0.7729	0.7608	0.7329	0.7167	0.3486	0.7599	0.7617	0.7579	0.7477	0.7305	0.6786	0.5838	0.2530	0.7909	0.7870	0.7771	0.7576	0.7176	0.6286	0.4339	0.2220	0.7872	0.7917	0.7562	0.7241	0.6189	0.4464	0.2524	0.1412	0.7498	0.7392	0.6980	0.5514	0.2534	0.1688	0.1356	0.1081	0.7320	0.7047	0.5506	0.2853	0.1405	0.1164	0.1083	0.0975	0.7072	0.5356	0.3136	0.1634	0.1186	0.1073	0.1011	0.0978	0.6611	0.3561	0.1596	0.1294	0.1078	0.1024	0.1005	0.0965	
