0.0898	0.0916	0.0903	0.1083	0.0902	0.1093	0.0901	0.1079	0.0910	0.1198	0.0939	0.0976	0.0927	0.1122	0.0919	0.1038	0.0907	0.0992	0.0908	0.1092	0.0936	0.1089	0.0907	0.0963	0.0913	0.0933	0.0919	0.0963	0.0915	0.1117	0.0919	0.0964	0.0898	0.0988	0.0914	0.1047	0.0914	0.1104	0.0922	0.1206	0.0925	0.1204	0.0920	0.0972	0.0921	0.1126	0.0924	0.1227	0.0919	0.1053	0.0916	0.1001	0.0913	0.1125	0.0939	0.1175	0.0905	0.0981	0.0910	0.1042	0.0907	0.1171	0.0905	0.1232	
0.0890	0.0886	0.0883	0.0889	0.0879	0.0874	0.0875	0.0895	0.0895	0.0899	0.0890	0.0901	0.0896	0.0898	0.0890	0.0903	0.0904	0.0899	0.0899	0.0895	0.0907	0.0890	0.0886	0.0910	0.0893	0.0892	0.0889	0.0889	0.0901	0.0891	0.0897	0.0908	0.0888	0.0896	0.0889	0.0905	0.0896	0.0900	0.0899	0.0909	0.0912	0.0896	0.0889	0.0902	0.0903	0.0902	0.0900	0.0906	0.0900	0.0901	0.0898	0.0893	0.0901	0.0905	0.0907	0.0903	0.0898	0.0905	0.0887	0.0896	0.0910	0.0906	0.0904	0.0923	
0.0883	0.0884	0.0885	0.0882	0.0875	0.0870	0.0884	0.0890	0.0889	0.0904	0.0898	0.0893	0.0895	0.0892	0.0899	0.0896	0.0893	0.0902	0.0886	0.0904	0.0903	0.0893	0.0895	0.0904	0.0887	0.0895	0.0890	0.0893	0.0895	0.0885	0.0889	0.0906	0.0885	0.0891	0.0885	0.0890	0.0889	0.0895	0.0895	0.0903	0.0907	0.0896	0.0886	0.0895	0.0893	0.0905	0.0901	0.0901	0.0894	0.0905	0.0889	0.0891	0.0897	0.0901	0.0904	0.0906	0.0889	0.0900	0.0884	0.0892	0.0888	0.0897	0.0910	0.0916	
0.0887	0.0890	0.0887	0.0894	0.0883	0.0887	0.0881	0.0900	0.0896	0.0896	0.0893	0.0899	0.0896	0.0902	0.0898	0.0907	0.0898	0.0896	0.0889	0.0898	0.0905	0.0897	0.0897	0.0898	0.0898	0.0909	0.0882	0.0892	0.0901	0.0891	0.0898	0.0911	0.0894	0.0895	0.0895	0.0897	0.0897	0.0895	0.0898	0.0905	0.0908	0.0903	0.0891	0.0896	0.0903	0.0907	0.0897	0.0899	0.0898	0.0908	0.0899	0.0893	0.0896	0.0896	0.0904	0.0905	0.0897	0.0903	0.0889	0.0900	0.0930	0.0925	0.0905	0.0914	
0.0888	0.0889	0.0886	0.0889	0.0872	0.0882	0.0880	0.0899	0.0898	0.0900	0.0892	0.0892	0.0900	0.0903	0.0895	0.0913	0.0904	0.0902	0.0897	0.0905	0.0905	0.0903	0.0899	0.0913	0.0898	0.0900	0.0894	0.0899	0.0906	0.0894	0.0894	0.0908	0.0895	0.0902	0.0886	0.0905	0.0892	0.0899	0.0897	0.0913	0.0918	0.0905	0.0897	0.0901	0.0897	0.0906	0.0904	0.0910	0.0902	0.0906	0.0895	0.0893	0.0908	0.0908	0.0910	0.0907	0.0903	0.0908	0.0885	0.0894	0.0902	0.0903	0.0910	0.0928	
0.0893	0.0886	0.0879	0.0885	0.0873	0.0877	0.0879	0.0923	0.0889	0.0895	0.0893	0.0900	0.0895	0.0908	0.0927	0.0923	0.0900	0.0891	0.0884	0.0892	0.0895	0.0892	0.0919	0.0929	0.0897	0.0897	0.0895	0.0897	0.0896	0.0892	0.0918	0.0928	0.0890	0.0892	0.0887	0.0892	0.0894	0.0896	0.0915	0.0924	0.0906	0.0903	0.0891	0.0886	0.0896	0.0907	0.0920	0.0926	0.0898	0.0899	0.0897	0.0890	0.0891	0.0897	0.0933	0.0923	0.0897	0.0901	0.0892	0.0895	0.0899	0.0905	0.0927	0.0933	
0.0888	0.0879	0.0879	0.0881	0.0869	0.0875	0.0871	0.0885	0.0891	0.0892	0.0892	0.0882	0.0886	0.0893	0.0885	0.0890	0.0894	0.0891	0.0885	0.0899	0.0899	0.0887	0.0885	0.0890	0.0893	0.0891	0.0883	0.0887	0.0892	0.0879	0.0886	0.0902	0.0889	0.0892	0.0884	0.0889	0.0886	0.0885	0.0889	0.0898	0.0905	0.0892	0.0886	0.0886	0.0891	0.0900	0.0889	0.0889	0.0891	0.0896	0.0887	0.0888	0.0893	0.0891	0.0896	0.0901	0.0914	0.0899	0.0885	0.0888	0.0920	0.0897	0.0897	0.0911	
0.0890	0.0886	0.0898	0.0886	0.0874	0.0879	0.0879	0.0893	0.0896	0.0899	0.0895	0.0895	0.0890	0.0898	0.0894	0.0894	0.0892	0.0896	0.0889	0.0902	0.0899	0.0890	0.0893	0.0909	0.0894	0.0899	0.0885	0.0895	0.0895	0.0884	0.0890	0.0906	0.0895	0.0897	0.0894	0.0893	0.0892	0.0892	0.0889	0.0910	0.0905	0.0903	0.0892	0.0895	0.0897	0.0902	0.0896	0.0898	0.0904	0.0909	0.0894	0.0892	0.0897	0.0898	0.0901	0.0900	0.0916	0.0906	0.0891	0.0901	0.0908	0.0902	0.0903	0.0916	
0.0891	0.0893	0.0894	0.0893	0.0879	0.0891	0.0880	0.0905	0.0892	0.0905	0.0903	0.0896	0.0900	0.0895	0.0897	0.0904	0.0895	0.0900	0.0894	0.0901	0.0906	0.0899	0.0893	0.0907	0.0896	0.0905	0.0895	0.0900	0.0904	0.0895	0.0897	0.0906	0.0902	0.0907	0.0899	0.0897	0.0897	0.0899	0.0900	0.0907	0.0913	0.0911	0.0895	0.0903	0.0899	0.0906	0.0904	0.0907	0.0911	0.0912	0.0907	0.0900	0.0906	0.0898	0.0907	0.0911	0.0906	0.0911	0.0891	0.0908	0.0918	0.0907	0.0909	0.0914	
0.0892	0.0894	0.0883	0.0894	0.0887	0.0898	0.0894	0.0907	0.0898	0.0896	0.0902	0.0901	0.0904	0.0911	0.0908	0.0904	0.0896	0.0900	0.0891	0.0911	0.0909	0.0900	0.0903	0.0901	0.0898	0.0897	0.0897	0.0901	0.0893	0.0899	0.0901	0.0913	0.0901	0.0902	0.0898	0.0899	0.0900	0.0903	0.0905	0.0910	0.0903	0.0912	0.0898	0.0893	0.0903	0.0909	0.0911	0.0905	0.0902	0.0912	0.0905	0.0897	0.0901	0.0907	0.0917	0.0908	0.0909	0.0916	0.0894	0.0905	0.0908	0.0908	0.0908	0.0925	
0.0899	0.0897	0.0901	0.0895	0.0875	0.0888	0.0896	0.0905	0.0893	0.0909	0.0901	0.0900	0.0898	0.0905	0.0900	0.0908	0.0917	0.0899	0.0901	0.0911	0.0911	0.0897	0.0893	0.0910	0.0894	0.0899	0.0896	0.0908	0.0907	0.0897	0.0906	0.0911	0.0904	0.0902	0.0901	0.0899	0.0903	0.0899	0.0897	0.0918	0.0911	0.0915	0.0895	0.0901	0.0904	0.0906	0.0909	0.0906	0.0911	0.0919	0.0897	0.0908	0.0902	0.0909	0.0914	0.0907	0.0941	0.0913	0.0895	0.0908	0.0921	0.0905	0.0918	0.0929	
0.0901	0.0908	0.0912	0.0895	0.0895	0.0901	0.0889	0.0913	0.0905	0.0908	0.0914	0.0901	0.0915	0.0907	0.0907	0.0921	0.0901	0.0914	0.0906	0.0911	0.0916	0.0910	0.0899	0.0915	0.0906	0.0907	0.0904	0.0912	0.0910	0.0907	0.0902	0.0913	0.0910	0.0910	0.0905	0.0912	0.0903	0.0914	0.0906	0.0922	0.0918	0.0912	0.0906	0.0904	0.0911	0.0915	0.0904	0.0918	0.0910	0.0917	0.0907	0.0906	0.0910	0.0913	0.0917	0.0918	0.0906	0.0911	0.0902	0.0898	0.0925	0.0924	0.0919	0.0926	
0.0904	0.0900	0.0910	0.0906	0.0901	0.0905	0.0897	0.0915	0.0910	0.0918	0.0911	0.0909	0.0912	0.0915	0.0902	0.0917	0.0909	0.0915	0.0901	0.0931	0.0914	0.0910	0.0906	0.0919	0.0902	0.0909	0.0894	0.0913	0.0916	0.0910	0.0915	0.0922	0.0905	0.0914	0.0908	0.0920	0.0910	0.0917	0.0904	0.0919	0.0921	0.0915	0.0911	0.0903	0.0910	0.0914	0.0904	0.0919	0.0916	0.0921	0.0901	0.0902	0.0914	0.0912	0.0914	0.0913	0.0905	0.0918	0.0907	0.0911	0.0917	0.0910	0.0917	0.0934	
0.0905	0.0906	0.0907	0.0899	0.0889	0.0907	0.0905	0.0911	0.0905	0.0911	0.0913	0.0899	0.0908	0.0918	0.0910	0.0919	0.0907	0.0913	0.0899	0.0913	0.0910	0.0913	0.0898	0.0916	0.0905	0.0911	0.0902	0.0906	0.0905	0.0906	0.0907	0.0916	0.0901	0.0913	0.0901	0.0901	0.0902	0.0907	0.0901	0.0935	0.0912	0.0903	0.0900	0.0906	0.0908	0.0904	0.0912	0.0906	0.0911	0.0910	0.0912	0.0903	0.0903	0.0916	0.0913	0.0910	0.0904	0.0909	0.0902	0.0906	0.0921	0.0903	0.0907	0.0915	
0.0913	0.0905	0.0901	0.0913	0.0897	0.0913	0.0903	0.0917	0.0914	0.0919	0.0918	0.0912	0.0913	0.0926	0.0911	0.0929	0.0907	0.0915	0.0919	0.0921	0.0934	0.0916	0.0915	0.0915	0.0907	0.0905	0.0904	0.0910	0.0915	0.0918	0.0909	0.0919	0.0906	0.0909	0.0909	0.0907	0.0908	0.0917	0.0908	0.0925	0.0915	0.0916	0.0909	0.0918	0.0915	0.0920	0.0925	0.0917	0.0912	0.0917	0.0912	0.0909	0.0908	0.0914	0.0913	0.0916	0.0908	0.0917	0.0906	0.0909	0.0920	0.0910	0.0916	0.0933	
0.0911	0.0919	0.0907	0.0924	0.0903	0.0910	0.0910	0.0917	0.0926	0.0924	0.0923	0.0921	0.0919	0.0919	0.0913	0.0925	0.0919	0.0924	0.0908	0.0926	0.0929	0.0918	0.0911	0.0921	0.0912	0.0912	0.0910	0.0910	0.0923	0.0910	0.0901	0.0917	0.0914	0.0929	0.0905	0.0914	0.0914	0.0907	0.0901	0.0920	0.0921	0.0927	0.0916	0.0907	0.0909	0.0918	0.0905	0.0909	0.0912	0.0923	0.0918	0.0910	0.0923	0.0921	0.0913	0.0905	0.0907	0.0927	0.0908	0.0909	0.0940	0.0926	0.0918	0.0922	
0.0917	0.0910	0.0910	0.0918	0.0901	0.0906	0.0909	0.0919	0.0916	0.0921	0.0923	0.0916	0.0920	0.0921	0.0916	0.0920	0.0907	0.0910	0.0915	0.0925	0.0920	0.0913	0.0909	0.0919	0.0912	0.0917	0.0904	0.0902	0.0914	0.0911	0.0902	0.0911	0.0912	0.0911	0.0904	0.0902	0.0897	0.0912	0.0898	0.0921	0.0921	0.0918	0.0897	0.0898	0.0915	0.0918	0.0911	0.0922	0.0909	0.0917	0.0907	0.0902	0.0902	0.0910	0.0914	0.0907	0.0911	0.0915	0.0898	0.0909	0.0911	0.0922	0.0909	0.0928	
0.0933	0.0935	0.0926	0.0926	0.0923	0.0929	0.0924	0.0920	0.0935	0.0939	0.0947	0.0932	0.0940	0.0942	0.0929	0.0939	0.0932	0.0938	0.0925	0.0942	0.0944	0.0927	0.0921	0.0922	0.0929	0.0924	0.0916	0.0925	0.0930	0.0921	0.0936	0.0925	0.0932	0.0936	0.0923	0.0921	0.0922	0.0923	0.0913	0.0934	0.0931	0.0930	0.0915	0.0925	0.0930	0.0931	0.0922	0.0926	0.0927	0.0929	0.0920	0.0918	0.0925	0.0929	0.0926	0.0926	0.0941	0.0928	0.0912	0.0919	0.0936	0.0926	0.0933	0.0938	
0.0941	0.0940	0.0935	0.0940	0.0939	0.0922	0.0920	0.0929	0.0945	0.0951	0.0940	0.0947	0.0940	0.0941	0.0922	0.0934	0.0934	0.0941	0.0927	0.0944	0.0943	0.0933	0.0913	0.0930	0.0930	0.0934	0.0921	0.0934	0.0924	0.0919	0.0915	0.0933	0.0927	0.0930	0.0918	0.0914	0.0923	0.0922	0.0921	0.0932	0.0935	0.0927	0.0912	0.0923	0.0932	0.0931	0.0939	0.0922	0.0938	0.0927	0.0914	0.0913	0.0919	0.0923	0.0923	0.0923	0.0925	0.0937	0.0917	0.0919	0.0919	0.0924	0.0927	0.0936	
0.0936	0.0933	0.0924	0.0935	0.0937	0.0924	0.0924	0.0920	0.0941	0.0940	0.0932	0.0934	0.0939	0.0930	0.0915	0.0924	0.0937	0.0924	0.0920	0.0940	0.0942	0.0927	0.0906	0.0923	0.0925	0.0922	0.0912	0.0929	0.0923	0.0912	0.0915	0.0925	0.0918	0.0920	0.0904	0.0920	0.0922	0.0916	0.0912	0.0926	0.0929	0.0920	0.0916	0.0913	0.0911	0.0925	0.0918	0.0914	0.0919	0.0920	0.0912	0.0918	0.0913	0.0916	0.0922	0.0912	0.0910	0.0914	0.0911	0.0919	0.0947	0.0912	0.0923	0.0927	
0.0945	0.0944	0.0949	0.0953	0.0937	0.0937	0.0925	0.0934	0.0957	0.0950	0.0951	0.0954	0.0951	0.0943	0.0924	0.0935	0.0939	0.0948	0.0936	0.0946	0.0939	0.0922	0.0924	0.0922	0.0939	0.0945	0.0932	0.0937	0.0935	0.0911	0.0912	0.0936	0.0934	0.0942	0.0926	0.0931	0.0922	0.0910	0.0915	0.0925	0.0943	0.0941	0.0923	0.0913	0.0931	0.0919	0.0916	0.0925	0.0928	0.0927	0.0923	0.0908	0.0922	0.0934	0.0920	0.0917	0.0922	0.0928	0.0914	0.0923	0.0933	0.0923	0.0917	0.0929	
0.0948	0.0953	0.0946	0.0953	0.0937	0.0936	0.0928	0.0932	0.0961	0.0963	0.0960	0.0954	0.0936	0.0937	0.0921	0.0934	0.0940	0.0953	0.0939	0.0951	0.0935	0.0922	0.0918	0.0927	0.0937	0.0942	0.0925	0.0936	0.0923	0.0914	0.0919	0.0926	0.0938	0.0929	0.0924	0.0920	0.0911	0.0927	0.0905	0.0923	0.0936	0.0930	0.0920	0.0913	0.0929	0.0922	0.0919	0.0927	0.0940	0.0924	0.0913	0.0910	0.0916	0.0919	0.0924	0.0928	0.0927	0.0921	0.0907	0.0912	0.0942	0.0918	0.0915	0.0936	
0.0964	0.0961	0.0958	0.0961	0.0935	0.0948	0.0928	0.0934	0.0968	0.0968	0.0965	0.0964	0.0940	0.0944	0.0921	0.0936	0.0951	0.0958	0.0949	0.0953	0.0941	0.0928	0.0913	0.0923	0.0944	0.0940	0.0926	0.0935	0.0922	0.0909	0.0918	0.0932	0.0933	0.0938	0.0924	0.0937	0.0928	0.0914	0.0920	0.0926	0.0935	0.0933	0.0921	0.0930	0.0917	0.0925	0.0922	0.0922	0.0928	0.0931	0.0909	0.0920	0.0908	0.0925	0.0916	0.0914	0.0917	0.0924	0.0907	0.0911	0.0921	0.0931	0.0927	0.0931	
0.0983	0.0982	0.0969	0.0983	0.0952	0.0937	0.0937	0.0942	0.0982	0.0986	0.0972	0.0974	0.0965	0.0941	0.0938	0.0938	0.0969	0.0966	0.0948	0.0963	0.0951	0.0934	0.0927	0.0927	0.0955	0.0955	0.0930	0.0945	0.0939	0.0920	0.0931	0.0931	0.0940	0.0939	0.0925	0.0929	0.0928	0.0918	0.0921	0.0928	0.0952	0.0941	0.0926	0.0922	0.0931	0.0925	0.0924	0.0928	0.0934	0.0936	0.0928	0.0911	0.0916	0.0922	0.0929	0.0922	0.0933	0.0930	0.0920	0.0924	0.0937	0.0931	0.0922	0.0937	
0.0994	0.0987	0.0974	0.0985	0.0965	0.0945	0.0932	0.0954	0.0982	0.0999	0.0988	0.0993	0.0956	0.0946	0.0932	0.0942	0.0979	0.0987	0.0966	0.0972	0.0946	0.0939	0.0924	0.0933	0.0966	0.0962	0.0941	0.0948	0.0941	0.0920	0.0921	0.0934	0.0952	0.0950	0.0944	0.0937	0.0928	0.0932	0.0915	0.0924	0.0950	0.0946	0.0934	0.0925	0.0924	0.0925	0.0921	0.0936	0.0934	0.0938	0.0934	0.0916	0.0921	0.0917	0.0925	0.0917	0.0931	0.0930	0.0903	0.0922	0.0939	0.0918	0.0911	0.0928	
0.1011	0.1013	0.0998	0.1016	0.0979	0.0948	0.0937	0.0959	0.1017	0.1013	0.1011	0.1001	0.0979	0.0958	0.0936	0.0952	0.0991	0.0994	0.0990	0.0985	0.0969	0.0935	0.0928	0.0938	0.0978	0.0977	0.0971	0.0956	0.0951	0.0916	0.0927	0.0945	0.0962	0.0970	0.0947	0.0946	0.0931	0.0917	0.0923	0.0928	0.0968	0.0963	0.0935	0.0938	0.0932	0.0928	0.0921	0.0924	0.0952	0.0947	0.0926	0.0925	0.0934	0.0914	0.0920	0.0921	0.0941	0.0946	0.0928	0.0925	0.0946	0.0920	0.0922	0.0933	
0.1030	0.1021	0.1009	0.1021	0.0987	0.0958	0.0939	0.0958	0.1027	0.1034	0.1028	0.1002	0.0984	0.0968	0.0935	0.0950	0.1008	0.1006	0.0981	0.0986	0.0964	0.0938	0.0930	0.0945	0.0982	0.0983	0.0960	0.0962	0.0949	0.0921	0.0929	0.0932	0.0965	0.0962	0.0944	0.0941	0.0931	0.0930	0.0912	0.0933	0.0956	0.0954	0.0934	0.0931	0.0932	0.0929	0.0920	0.0933	0.0938	0.0941	0.0932	0.0936	0.0926	0.0926	0.0932	0.0920	0.0955	0.0944	0.0911	0.0925	0.0950	0.0925	0.0925	0.0932	
0.1050	0.1047	0.1032	0.1037	0.0994	0.0970	0.0951	0.0953	0.1041	0.1048	0.1040	0.1022	0.1003	0.0983	0.0943	0.0944	0.1016	0.1036	0.0997	0.1011	0.0976	0.0949	0.0934	0.0935	0.1009	0.1000	0.0977	0.0965	0.0951	0.0930	0.0929	0.0936	0.0966	0.0973	0.0951	0.0947	0.0926	0.0925	0.0928	0.0938	0.0964	0.0964	0.0948	0.0943	0.0934	0.0940	0.0932	0.0931	0.0950	0.0946	0.0930	0.0926	0.0927	0.0930	0.0932	0.0933	0.0928	0.0951	0.0916	0.0931	0.0942	0.0923	0.0933	0.0939	
0.1083	0.1079	0.1058	0.1058	0.1011	0.0991	0.0963	0.0958	0.1069	0.1077	0.1056	0.1061	0.1006	0.0981	0.0952	0.0960	0.1058	0.1040	0.1019	0.1027	0.0980	0.0948	0.0942	0.0937	0.1027	0.1008	0.0981	0.0983	0.0956	0.0940	0.0935	0.0943	0.0989	0.0985	0.0956	0.0961	0.0939	0.0943	0.0933	0.0949	0.0985	0.0970	0.0938	0.0940	0.0930	0.0938	0.0929	0.0936	0.0949	0.0941	0.0945	0.0935	0.0932	0.0927	0.0927	0.0924	0.0935	0.0941	0.0930	0.0935	0.0935	0.0928	0.0933	0.0942	
0.1090	0.1088	0.1072	0.1077	0.1016	0.0966	0.0951	0.0958	0.1091	0.1090	0.1067	0.1072	0.1003	0.0979	0.0948	0.0948	0.1049	0.1059	0.1025	0.1022	0.0974	0.0956	0.0936	0.0940	0.1028	0.1023	0.0993	0.0990	0.0955	0.0930	0.0932	0.0940	0.0986	0.0977	0.0956	0.0960	0.0934	0.0927	0.0930	0.0929	0.0985	0.0965	0.0937	0.0933	0.0933	0.0921	0.0920	0.0920	0.0942	0.0934	0.0939	0.0935	0.0923	0.0927	0.0922	0.0930	0.0929	0.0931	0.0922	0.0931	0.0935	0.0928	0.0931	0.0936	
0.1135	0.1130	0.1098	0.1094	0.1077	0.0993	0.0966	0.0974	0.1122	0.1121	0.1107	0.1091	0.1037	0.0994	0.0962	0.0970	0.1085	0.1090	0.1058	0.1040	0.0992	0.0958	0.0945	0.0940	0.1066	0.1042	0.1010	0.1001	0.0971	0.0946	0.0940	0.0950	0.1016	0.0991	0.0974	0.0970	0.0949	0.0935	0.0933	0.0942	0.0999	0.0972	0.0946	0.0938	0.0940	0.0933	0.0934	0.0934	0.0971	0.0945	0.0944	0.0933	0.0927	0.0929	0.0933	0.0932	0.0952	0.0942	0.0928	0.0932	0.0942	0.0938	0.0938	0.0949	
0.1171	0.1161	0.1127	0.1134	0.1050	0.0981	0.0965	0.0970	0.1154	0.1152	0.1124	0.1113	0.1017	0.0988	0.0953	0.0964	0.1124	0.1112	0.1070	0.1057	0.0983	0.0953	0.0944	0.0940	0.1085	0.1053	0.1033	0.1015	0.0959	0.0933	0.0932	0.0939	0.1014	0.1006	0.0976	0.0960	0.0948	0.0944	0.0917	0.0937	0.0987	0.0983	0.0948	0.0941	0.0954	0.0932	0.0926	0.0932	0.0951	0.0952	0.0941	0.0925	0.0927	0.0918	0.0925	0.0933	0.0929	0.0940	0.0922	0.0930	0.0938	0.0919	0.0936	0.0938	
0.1203	0.1209	0.1170	0.1165	0.1070	0.1004	0.0977	0.0966	0.1202	0.1199	0.1166	0.1144	0.1039	0.0995	0.0964	0.0962	0.1146	0.1151	0.1102	0.1076	0.1008	0.0963	0.0941	0.0947	0.1103	0.1079	0.1041	0.1010	0.0973	0.0939	0.0948	0.0941	0.1032	0.1019	0.0986	0.0975	0.0942	0.0938	0.0927	0.0949	0.1014	0.1007	0.0955	0.0950	0.0945	0.0941	0.0919	0.0928	0.0959	0.0960	0.0938	0.0939	0.0926	0.0921	0.0926	0.0920	0.0949	0.0957	0.0931	0.0930	0.0945	0.0924	0.0934	0.0940	
0.1242	0.1246	0.1200	0.1195	0.1075	0.1004	0.0967	0.0974	0.1225	0.1236	0.1203	0.1176	0.1053	0.1002	0.0962	0.0966	0.1163	0.1165	0.1130	0.1101	0.1010	0.0974	0.0949	0.0954	0.1125	0.1093	0.1061	0.1024	0.0982	0.0945	0.0945	0.0945	0.1035	0.1031	0.1000	0.0975	0.0941	0.0939	0.0927	0.0951	0.1016	0.1013	0.0959	0.0953	0.0952	0.0937	0.0930	0.0950	0.0969	0.0967	0.0944	0.0941	0.0928	0.0933	0.0926	0.0929	0.0948	0.0949	0.0924	0.0940	0.0935	0.0933	0.0930	0.0945	
0.1314	0.1294	0.1252	0.1241	0.1139	0.1019	0.0975	0.0977	0.1281	0.1281	0.1230	0.1207	0.1068	0.1004	0.0960	0.0959	0.1209	0.1213	0.1158	0.1111	0.1019	0.0970	0.0947	0.0948	0.1170	0.1129	0.1074	0.1025	0.0982	0.0932	0.0935	0.0944	0.1069	0.1046	0.0998	0.0988	0.0947	0.0936	0.0923	0.0940	0.1036	0.1022	0.0964	0.0958	0.0939	0.0937	0.0924	0.0925	0.0970	0.0956	0.0950	0.0932	0.0942	0.0933	0.0926	0.0925	0.0944	0.0948	0.0925	0.0933	0.0939	0.0937	0.0927	0.0942	
0.1351	0.1336	0.1287	0.1284	0.1121	0.1023	0.0979	0.0986	0.1333	0.1318	0.1285	0.1241	0.1076	0.1004	0.0954	0.0967	0.1256	0.1249	0.1197	0.1131	0.1012	0.0968	0.0944	0.0946	0.1183	0.1155	0.1098	0.1057	0.0975	0.0938	0.0937	0.0938	0.1087	0.1055	0.1012	0.0990	0.0944	0.0940	0.0923	0.0943	0.1032	0.1024	0.0967	0.0947	0.0944	0.0939	0.0932	0.0936	0.0979	0.0957	0.0946	0.0945	0.0921	0.0932	0.0925	0.0921	0.0955	0.0951	0.0933	0.0939	0.0928	0.0944	0.0924	0.0940	
0.1422	0.1418	0.1354	0.1358	0.1155	0.1047	0.0992	0.0992	0.1409	0.1397	0.1340	0.1319	0.1104	0.1024	0.0978	0.0968	0.1311	0.1306	0.1233	0.1173	0.1036	0.0976	0.0962	0.0955	0.1227	0.1202	0.1129	0.1074	0.0988	0.0934	0.0945	0.0953	0.1095	0.1072	0.1027	0.1006	0.0972	0.0938	0.0932	0.0942	0.1044	0.1042	0.0977	0.0970	0.0948	0.0932	0.0941	0.0941	0.0988	0.0977	0.0946	0.0939	0.0939	0.0922	0.0931	0.0920	0.0958	0.0960	0.0943	0.0943	0.0936	0.0923	0.0938	0.0936	
0.1501	0.1475	0.1405	0.1414	0.1180	0.1047	0.0989	0.0988	0.1473	0.1457	0.1390	0.1354	0.1101	0.1031	0.0966	0.0969	0.1377	0.1356	0.1273	0.1202	0.1048	0.0976	0.0947	0.0949	0.1288	0.1221	0.1142	0.1083	0.0995	0.0934	0.0953	0.0939	0.1124	0.1079	0.1038	0.1007	0.0965	0.0937	0.0930	0.0945	0.1074	0.1054	0.0969	0.0960	0.0934	0.0937	0.0929	0.0939	0.0980	0.0970	0.0953	0.0947	0.0920	0.0922	0.0928	0.0928	0.0958	0.0955	0.0934	0.0945	0.0933	0.0981	0.0935	0.0932	
0.1594	0.1545	0.1464	0.1444	0.1200	0.1045	0.0992	0.0985	0.1558	0.1527	0.1460	0.1402	0.1125	0.1026	0.0976	0.0962	0.1424	0.1413	0.1306	0.1225	0.1051	0.0979	0.0948	0.0952	0.1320	0.1270	0.1169	0.1108	0.0991	0.0945	0.0935	0.0951	0.1157	0.1099	0.1049	0.1011	0.0954	0.0935	0.0930	0.0952	0.1075	0.1076	0.0970	0.0974	0.0941	0.0937	0.0931	0.0940	0.1005	0.0972	0.0949	0.0939	0.0935	0.0926	0.0928	0.0936	0.0957	0.0965	0.0934	0.0941	0.0960	0.0932	0.0924	0.0941	
0.1685	0.1646	0.1567	0.1534	0.1236	0.1066	0.0983	0.0996	0.1653	0.1628	0.1538	0.1480	0.1146	0.1042	0.0967	0.0971	0.1492	0.1493	0.1395	0.1258	0.1067	0.0980	0.0958	0.0956	0.1396	0.1321	0.1210	0.1110	0.0998	0.0942	0.0949	0.0943	0.1188	0.1126	0.1069	0.1025	0.0959	0.0949	0.0935	0.0948	0.1087	0.1090	0.0974	0.0969	0.0948	0.0942	0.0928	0.0940	0.0996	0.0987	0.0958	0.0947	0.0938	0.0919	0.0928	0.0922	0.0960	0.0958	0.0941	0.0937	0.0929	0.0927	0.0917	0.0941	
0.1811	0.1758	0.1667	0.1647	0.1271	0.1092	0.1020	0.1003	0.1760	0.1731	0.1641	0.1565	0.1182	0.1058	0.0991	0.0982	0.1621	0.1614	0.1464	0.1311	0.1086	0.0999	0.0967	0.0963	0.1482	0.1393	0.1266	0.1146	0.1019	0.0962	0.0962	0.0960	0.1233	0.1163	0.1095	0.1024	0.0973	0.0959	0.0953	0.0953	0.1129	0.1125	0.1001	0.0984	0.0955	0.0949	0.0935	0.0950	0.1014	0.1004	0.0969	0.0957	0.0942	0.0946	0.0943	0.0936	0.0971	0.0968	0.0945	0.0953	0.0937	0.0932	0.0936	0.0947	
0.1911	0.1882	0.1753	0.1716	0.1302	0.1092	0.1020	0.1009	0.1878	0.1809	0.1748	0.1635	0.1191	0.1079	0.0995	0.0988	0.1687	0.1673	0.1539	0.1350	0.1096	0.1009	0.0968	0.0964	0.1531	0.1439	0.1303	0.1164	0.1015	0.0962	0.0960	0.0962	0.1251	0.1168	0.1110	0.1041	0.0969	0.0956	0.0933	0.0949	0.1137	0.1120	0.1007	0.0992	0.0954	0.0963	0.0944	0.0937	0.1012	0.0991	0.0987	0.0955	0.0946	0.0948	0.0937	0.0942	0.0979	0.0971	0.0949	0.0954	0.0945	0.0940	0.0944	0.0952	
0.2066	0.2012	0.1896	0.1847	0.1351	0.1107	0.1017	0.1007	0.2004	0.1961	0.1827	0.1736	0.1204	0.1073	0.0990	0.0994	0.1811	0.1764	0.1613	0.1396	0.1104	0.1014	0.0967	0.0957	0.1611	0.1511	0.1362	0.1186	0.1015	0.0957	0.0952	0.0958	0.1296	0.1213	0.1131	0.1056	0.0971	0.0948	0.0953	0.0954	0.1167	0.1152	0.1005	0.0976	0.0957	0.0947	0.0936	0.0955	0.1021	0.1003	0.0977	0.0951	0.0935	0.0936	0.0932	0.0929	0.0969	0.0974	0.0949	0.0949	0.0947	0.0934	0.0927	0.0947	
0.2169	0.2152	0.2008	0.1952	0.1382	0.1123	0.1024	0.1014	0.2145	0.2115	0.1981	0.1831	0.1253	0.1078	0.0999	0.0984	0.1921	0.1901	0.1711	0.1452	0.1117	0.1001	0.0978	0.0969	0.1698	0.1592	0.1407	0.1219	0.1035	0.0958	0.0963	0.0957	0.1337	0.1248	0.1162	0.1070	0.0976	0.0958	0.0938	0.0951	0.1180	0.1165	0.1011	0.0990	0.0951	0.0966	0.0937	0.0948	0.1030	0.1004	0.0983	0.0955	0.0937	0.0931	0.0942	0.0931	0.0987	0.0980	0.0946	0.0961	0.0961	0.0934	0.0935	0.0937	
0.2355	0.2314	0.2196	0.2098	0.1456	0.1136	0.1043	0.1018	0.2315	0.2253	0.2130	0.1984	0.1281	0.1097	0.1008	0.1004	0.2075	0.2019	0.1808	0.1533	0.1137	0.1023	0.0978	0.0978	0.1825	0.1679	0.1484	0.1262	0.1034	0.0978	0.0969	0.0967	0.1414	0.1276	0.1180	0.1087	0.0993	0.0962	0.0953	0.0950	0.1225	0.1208	0.1032	0.1004	0.0970	0.0960	0.0950	0.0956	0.1041	0.1010	0.0990	0.0970	0.0949	0.0949	0.0942	0.0948	0.0988	0.0982	0.0968	0.0967	0.0942	0.0943	0.0949	0.0943	
0.2519	0.2471	0.2340	0.2216	0.1471	0.1156	0.1043	0.1030	0.2474	0.2420	0.2288	0.2090	0.1299	0.1107	0.1009	0.0996	0.2230	0.2172	0.1968	0.1598	0.1164	0.1023	0.0988	0.0973	0.1950	0.1777	0.1552	0.1296	0.1038	0.0957	0.0965	0.0970	0.1460	0.1321	0.1227	0.1102	0.0998	0.0958	0.0954	0.0955	0.1271	0.1238	0.1038	0.1000	0.0966	0.0953	0.0949	0.0962	0.1061	0.1019	0.0994	0.0967	0.0942	0.0938	0.0939	0.0931	0.0986	0.0989	0.0953	0.0962	0.0945	0.0933	0.0941	0.0942	
0.2703	0.2684	0.2523	0.2396	0.1541	0.1180	0.1057	0.1028	0.2664	0.2619	0.2446	0.2239	0.1335	0.1127	0.1016	0.1000	0.2383	0.2327	0.2069	0.1679	0.1174	0.1035	0.0984	0.0976	0.2062	0.1872	0.1614	0.1337	0.1056	0.0972	0.0977	0.0981	0.1534	0.1362	0.1262	0.1124	0.0989	0.0965	0.0953	0.0967	0.1304	0.1261	0.1058	0.1011	0.0969	0.0953	0.0951	0.0950	0.1066	0.1031	0.0993	0.0976	0.0954	0.0943	0.0942	0.0940	0.0987	0.0987	0.0959	0.0958	0.0950	0.0944	0.0948	0.0957	
0.2910	0.2909	0.2737	0.2602	0.1630	0.1199	0.1062	0.1029	0.2892	0.2858	0.2655	0.2401	0.1386	0.1130	0.1027	0.1016	0.2595	0.2500	0.2244	0.1760	0.1174	0.1035	0.1006	0.0979	0.2221	0.2040	0.1720	0.1382	0.1045	0.0982	0.0958	0.0979	0.1610	0.1422	0.1297	0.1125	0.0999	0.0960	0.0953	0.0965	0.1347	0.1320	0.1066	0.1006	0.0975	0.0964	0.0950	0.0946	0.1078	0.1035	0.1002	0.0960	0.0957	0.0939	0.0938	0.0943	0.1004	0.0994	0.0966	0.0955	0.0934	0.0952	0.0943	0.0958	
0.3191	0.3178	0.2934	0.2786	0.1700	0.1210	0.1075	0.1052	0.3137	0.3069	0.2832	0.2592	0.1410	0.1145	0.1037	0.1010	0.2826	0.2681	0.2382	0.1870	0.1200	0.1054	0.1006	0.0985	0.2398	0.2177	0.1824	0.1425	0.1069	0.0985	0.0983	0.0985	0.1695	0.1477	0.1341	0.1152	0.1008	0.0971	0.0959	0.0974	0.1378	0.1360	0.1075	0.1022	0.0983	0.0965	0.0947	0.0966	0.1095	0.1052	0.1016	0.0978	0.0955	0.0958	0.0944	0.0947	0.1006	0.1006	0.0967	0.0964	0.0944	0.0943	0.0940	0.0953	
0.3432	0.3407	0.3170	0.2975	0.1731	0.1234	0.1076	0.1057	0.3389	0.3329	0.3067	0.2781	0.1455	0.1153	0.1036	0.1018	0.3036	0.2919	0.2555	0.1973	0.1221	0.1049	0.1018	0.0993	0.2588	0.2316	0.1906	0.1476	0.1071	0.0994	0.0975	0.0977	0.1798	0.1553	0.1394	0.1169	0.1014	0.0969	0.0959	0.0962	0.1430	0.1419	0.1089	0.1036	0.0978	0.0964	0.0963	0.0954	0.1103	0.1056	0.1003	0.0990	0.0951	0.0959	0.0944	0.0949	0.1020	0.1003	0.0974	0.0987	0.0974	0.0942	0.0954	0.0951	
0.3684	0.3669	0.3431	0.3187	0.1814	0.1232	0.1087	0.1056	0.3624	0.3587	0.3266	0.2980	0.1489	0.1173	0.1032	0.1016	0.3296	0.3126	0.2749	0.2075	0.1236	0.1046	0.1006	0.0991	0.2762	0.2510	0.2029	0.1529	0.1072	0.0974	0.0968	0.0976	0.1892	0.1611	0.1448	0.1189	0.1008	0.0964	0.0966	0.0961	0.1490	0.1456	0.1105	0.1034	0.0968	0.0957	0.0946	0.0958	0.1113	0.1048	0.1023	0.0988	0.0942	0.0948	0.0945	0.0932	0.1008	0.1002	0.0962	0.0962	0.0956	0.0939	0.0935	0.0948	
0.3967	0.3967	0.3664	0.3450	0.1915	0.1267	0.1097	0.1052	0.3910	0.3842	0.3559	0.3160	0.1516	0.1180	0.1047	0.1027	0.3517	0.3363	0.2932	0.2220	0.1267	0.1042	0.1013	0.0995	0.2989	0.2691	0.2171	0.1566	0.1086	0.0994	0.0983	0.0976	0.1994	0.1690	0.1502	0.1212	0.1011	0.0979	0.0976	0.0965	0.1538	0.1511	0.1113	0.1050	0.0983	0.0967	0.0961	0.0953	0.1122	0.1054	0.1023	0.0998	0.0949	0.0945	0.0945	0.0933	0.1019	0.1008	0.0973	0.0975	0.0965	0.0938	0.0941	0.0958	
0.4308	0.4217	0.3975	0.3738	0.2027	0.1310	0.1125	0.1072	0.4203	0.4127	0.3824	0.3438	0.1598	0.1194	0.1045	0.1026	0.3842	0.3638	0.3191	0.2357	0.1295	0.1068	0.1014	0.0997	0.3236	0.2888	0.2321	0.1651	0.1099	0.0990	0.0986	0.0989	0.2152	0.1786	0.1564	0.1233	0.1028	0.0978	0.0968	0.0977	0.1613	0.1588	0.1131	0.1048	0.0982	0.0970	0.0969	0.0968	0.1132	0.1066	0.1030	0.0989	0.0950	0.0955	0.0948	0.0937	0.1060	0.1024	0.0973	0.0985	0.0956	0.0939	0.0962	0.0959	
0.4570	0.4561	0.4263	0.3995	0.2144	0.1327	0.1134	0.1078	0.4510	0.4436	0.4149	0.3651	0.1660	0.1230	0.1062	0.1035	0.4142	0.3938	0.3439	0.2512	0.1331	0.1081	0.1024	0.1002	0.3448	0.3100	0.2479	0.1728	0.1114	0.0999	0.0986	0.0990	0.2292	0.1873	0.1648	0.1258	0.1025	0.0992	0.0959	0.0972	0.1694	0.1659	0.1162	0.1066	0.0984	0.0970	0.0944	0.0955	0.1159	0.1083	0.1038	0.1005	0.0957	0.0953	0.0955	0.0943	0.1060	0.1020	0.0987	0.0974	0.0957	0.0951	0.0934	0.0964	
0.4824	0.4840	0.4602	0.4308	0.2236	0.1348	0.1147	0.1092	0.4754	0.4703	0.4393	0.3938	0.1717	0.1243	0.1068	0.1043	0.4368	0.4165	0.3702	0.2668	0.1346	0.1098	0.1027	0.1010	0.3712	0.3321	0.2660	0.1817	0.1124	0.1009	0.0999	0.0986	0.2433	0.1975	0.1712	0.1298	0.1043	0.0989	0.0964	0.0978	0.1794	0.1738	0.1191	0.1071	0.0988	0.0974	0.0958	0.0968	0.1174	0.1098	0.1052	0.1016	0.0961	0.0952	0.0952	0.0953	0.1034	0.1022	0.0980	0.0998	0.0956	0.0940	0.0950	0.0975	
0.5099	0.5150	0.4803	0.4548	0.2362	0.1390	0.1136	0.1105	0.5044	0.5009	0.4653	0.4211	0.1772	0.1258	0.1066	0.1048	0.4704	0.4485	0.3944	0.2867	0.1390	0.1084	0.1026	0.1019	0.3964	0.3627	0.2866	0.1880	0.1139	0.0998	0.1002	0.1003	0.2614	0.2102	0.1804	0.1332	0.1029	0.0981	0.0973	0.0993	0.1859	0.1819	0.1203	0.1093	0.0996	0.0967	0.0962	0.0959	0.1193	0.1104	0.1062	0.1015	0.0973	0.0954	0.0949	0.0941	0.1049	0.1044	0.0986	0.0983	0.0964	0.0947	0.0938	0.0953	
0.5396	0.5410	0.5154	0.4823	0.2506	0.1416	0.1168	0.1096	0.5296	0.5292	0.4904	0.4455	0.1854	0.1273	0.1088	0.1054	0.4984	0.4735	0.4181	0.3017	0.1442	0.1095	0.1041	0.1016	0.4260	0.3874	0.3060	0.1994	0.1150	0.1016	0.1019	0.1010	0.2824	0.2227	0.1889	0.1367	0.1042	0.0995	0.0975	0.0982	0.1984	0.1920	0.1241	0.1112	0.0994	0.0984	0.0974	0.0980	0.1212	0.1126	0.1076	0.1025	0.0969	0.0954	0.0972	0.0949	0.1054	0.1040	0.0997	0.0992	0.0967	0.0957	0.0959	0.0975	
0.5659	0.5701	0.5462	0.5102	0.2641	0.1444	0.1184	0.1118	0.5524	0.5559	0.5175	0.4709	0.1927	0.1296	0.1094	0.1044	0.5242	0.5055	0.4465	0.3234	0.1456	0.1104	0.1043	0.1007	0.4528	0.4130	0.3294	0.2105	0.1165	0.1012	0.1004	0.0999	0.3058	0.2390	0.2053	0.1403	0.1060	0.1003	0.0985	0.0968	0.2095	0.2061	0.1271	0.1111	0.1006	0.0982	0.0968	0.0975	0.1230	0.1140	0.1093	0.1021	0.0967	0.0958	0.0968	0.0958	0.1063	0.1034	0.1002	0.0988	0.1010	0.0956	0.0964	0.0960	
0.5852	0.5980	0.5708	0.5413	0.2800	0.1477	0.1178	0.1110	0.5730	0.5833	0.5441	0.4994	0.2007	0.1309	0.1090	0.1055	0.5490	0.5355	0.4734	0.3460	0.1501	0.1118	0.1050	0.1015	0.4769	0.4421	0.3511	0.2178	0.1167	0.1015	0.1009	0.0994	0.3241	0.2527	0.2145	0.1432	0.1048	0.0992	0.0973	0.0980	0.2204	0.2174	0.1309	0.1111	0.1002	0.0971	0.0961	0.0975	0.1257	0.1143	0.1095	0.1030	0.0962	0.0967	0.0946	0.0954	0.1059	0.1038	0.1003	0.0999	0.0967	0.0948	0.0948	0.0950	
0.6083	0.6198	0.6016	0.5706	0.2948	0.1523	0.1222	0.1121	0.5984	0.6077	0.5723	0.5236	0.2085	0.1348	0.1107	0.1078	0.5706	0.5551	0.5013	0.3693	0.1540	0.1134	0.1057	0.1033	0.5031	0.4690	0.3766	0.2318	0.1189	0.1060	0.1024	0.1011	0.3474	0.2684	0.2271	0.1496	0.1069	0.1002	0.0982	0.0991	0.2374	0.2280	0.1339	0.1142	0.1003	0.0982	0.0975	0.0978	0.1283	0.1155	0.1121	0.1042	0.0976	0.0966	0.0958	0.0953	0.1072	0.1054	0.1007	0.1005	0.0967	0.0954	0.0951	0.0964	
0.6327	0.6417	0.6267	0.6010	0.3121	0.1564	0.1240	0.1133	0.6248	0.6332	0.5987	0.5531	0.2213	0.1356	0.1122	0.1087	0.5958	0.5867	0.5250	0.3912	0.1598	0.1138	0.1066	0.1036	0.5266	0.4943	0.4017	0.2451	0.1213	0.1012	0.1017	0.1014	0.3711	0.2876	0.2439	0.1553	0.1092	0.1015	0.0998	0.0987	0.2480	0.2451	0.1380	0.1150	0.1012	0.0985	0.0977	0.0975	0.1314	0.1177	0.1132	0.1053	0.0975	0.0971	0.0958	0.0953	0.1083	0.1067	0.1016	0.1003	0.0965	0.0957	0.0968	0.0967	
0.6560	0.6690	0.6481	0.6187	0.3282	0.1579	0.1233	0.1143	0.6478	0.6603	0.6206	0.5794	0.2275	0.1382	0.1134	0.1074	0.6193	0.6053	0.5530	0.4147	0.1652	0.1152	0.1052	0.1022	0.5499	0.5254	0.4255	0.2550	0.1224	0.1029	0.1024	0.1012	0.3934	0.3058	0.2561	0.1599	0.1082	0.1003	0.0984	0.0998	0.2669	0.2610	0.1423	0.1178	0.1007	0.0990	0.0970	0.0999	0.1344	0.1208	0.1142	0.1058	0.0974	0.0961	0.0961	0.0954	0.1082	0.1078	0.1018	0.1011	0.0968	0.0955	0.0955	0.0959	
0.6795	0.6926	0.6767	0.6448	0.3487	0.1633	0.1278	0.1142	0.6733	0.6839	0.6515	0.6085	0.2404	0.1419	0.1150	0.1097	0.6455	0.6320	0.5801	0.4424	0.1702	0.1160	0.1067	0.1047	0.5725	0.5499	0.4499	0.2722	0.1241	0.1029	0.1032	0.1016	0.4184	0.3285	0.2757	0.1669	0.1091	0.1021	0.0998	0.0985	0.2840	0.2770	0.1461	0.1216	0.1028	0.0989	0.0970	0.0981	0.1372	0.1216	0.1154	0.1075	0.0985	0.0973	0.0965	0.0959	0.1098	0.1074	0.1033	0.1022	0.0986	0.0965	0.0961	0.0969	
0.7013	0.7152	0.7016	0.6663	0.3658	0.1668	0.1272	0.1153	0.6956	0.7038	0.6732	0.6335	0.2504	0.1441	0.1141	0.1083	0.6707	0.6595	0.6038	0.4655	0.1764	0.1157	0.1065	0.1035	0.5937	0.5753	0.4774	0.2896	0.1254	0.1024	0.1027	0.1010	0.4449	0.3473	0.2897	0.1720	0.1095	0.1005	0.0989	0.0988	0.3008	0.2922	0.1509	0.1216	0.1014	0.0984	0.0966	0.0980	0.1397	0.1230	0.1177	0.1070	0.0982	0.0964	0.0960	0.0956	0.1093	0.1080	0.1030	0.1030	0.0977	0.0949	0.0956	0.0960	
0.7197	0.7294	0.7246	0.6916	0.3858	0.1725	0.1282	0.1154	0.7163	0.7220	0.6977	0.6556	0.2604	0.1452	0.1154	0.1094	0.6910	0.6815	0.6267	0.4875	0.1839	0.1179	0.1066	0.1041	0.6166	0.5972	0.5027	0.3054	0.1271	0.1048	0.1016	0.1029	0.4721	0.3705	0.3071	0.1787	0.1095	0.0999	0.0990	0.0994	0.3189	0.3140	0.1565	0.1235	0.1021	0.0985	0.0978	0.0969	0.1421	0.1252	0.1176	0.1081	0.0982	0.0959	0.0963	0.0955	0.1097	0.1090	0.1040	0.1024	0.0964	0.0942	0.0963	0.0956	
0.7297	0.7411	0.7408	0.7189	0.4072	0.1779	0.1307	0.1171	0.7258	0.7359	0.7132	0.6872	0.2727	0.1511	0.1157	0.1103	0.7076	0.7054	0.6516	0.5154	0.1883	0.1189	0.1087	0.1032	0.6403	0.6183	0.5282	0.3225	0.1277	0.1036	0.1041	0.1006	0.4964	0.3930	0.3288	0.1854	0.1103	0.1011	0.0994	0.0982	0.3402	0.3346	0.1627	0.1260	0.1018	0.0987	0.0970	0.0977	0.1456	0.1262	0.1205	0.1073	0.0972	0.0966	0.0962	0.0944	0.1110	0.1082	0.1037	0.1019	0.0970	0.0942	0.0952	0.0947	
0.7382	0.7472	0.7416	0.7384	0.4321	0.1831	0.1346	0.1185	0.7337	0.7457	0.7292	0.7119	0.2927	0.1550	0.1186	0.1119	0.7303	0.7242	0.6780	0.5439	0.1974	0.1210	0.1100	0.1053	0.6719	0.6510	0.5605	0.3435	0.1329	0.1055	0.1041	0.1029	0.5305	0.4212	0.3510	0.1955	0.1136	0.1024	0.1010	0.0997	0.3678	0.3586	0.1695	0.1312	0.1038	0.0999	0.0987	0.0996	0.1555	0.1314	0.1252	0.1109	0.0996	0.0981	0.0975	0.0957	0.1161	0.1106	0.1059	0.1047	0.0999	0.0958	0.0968	0.0970	
0.7409	0.7481	0.7544	0.7485	0.4450	0.1896	0.1352	0.1192	0.7386	0.7437	0.7374	0.7285	0.3020	0.1565	0.1184	0.1121	0.7272	0.7335	0.6989	0.5624	0.2034	0.1217	0.1097	0.1049	0.6844	0.6689	0.5809	0.3622	0.1332	0.1095	0.1042	0.1033	0.5510	0.4443	0.3713	0.2034	0.1140	0.1026	0.0993	0.1004	0.3853	0.3798	0.1771	0.1300	0.1040	0.1000	0.0978	0.0987	0.1562	0.1319	0.1246	0.1103	0.0987	0.0969	0.0962	0.0954	0.1133	0.1121	0.1065	0.1041	0.0962	0.0951	0.0955	0.0962	
0.7457	0.7504	0.7573	0.7616	0.4684	0.1976	0.1389	0.1215	0.7414	0.7492	0.7412	0.7458	0.3168	0.1612	0.1203	0.1127	0.7321	0.7363	0.7142	0.5933	0.2128	0.1238	0.1108	0.1059	0.7010	0.6924	0.6091	0.3795	0.1351	0.1061	0.1053	0.1030	0.5744	0.4708	0.3947	0.2117	0.1141	0.1030	0.0994	0.1000	0.4094	0.4027	0.1842	0.1341	0.1038	0.1009	0.1003	0.0986	0.1610	0.1336	0.1281	0.1120	0.0991	0.0973	0.0967	0.0959	0.1154	0.1113	0.1069	0.1050	0.0979	0.0960	0.0964	0.0964	
0.7513	0.7519	0.7549	0.7628	0.4927	0.2011	0.1410	0.1210	0.7454	0.7487	0.7420	0.7501	0.3279	0.1633	0.1210	0.1130	0.7333	0.7454	0.7208	0.6165	0.2200	0.1240	0.1110	0.1067	0.7092	0.7106	0.6295	0.4032	0.1369	0.1067	0.1057	0.1037	0.5968	0.4973	0.4148	0.2228	0.1154	0.1030	0.1003	0.1001	0.4371	0.4307	0.1928	0.1374	0.1047	0.0994	0.0981	0.0983	0.1654	0.1376	0.1304	0.1145	0.0986	0.0968	0.0970	0.0955	0.1157	0.1128	0.1079	0.1063	0.0975	0.0955	0.0957	0.0963	
0.7482	0.7524	0.7591	0.7683	0.5097	0.2090	0.1434	0.1215	0.7453	0.7503	0.7460	0.7590	0.3451	0.1676	0.1220	0.1142	0.7346	0.7463	0.7274	0.6415	0.2287	0.1259	0.1109	0.1055	0.7123	0.7209	0.6551	0.4244	0.1393	0.1054	0.1062	0.1036	0.6196	0.5222	0.4441	0.2347	0.1169	0.1049	0.1009	0.1007	0.4620	0.4533	0.2021	0.1404	0.1047	0.0999	0.0986	0.0985	0.1703	0.1400	0.1331	0.1138	0.0995	0.0983	0.0966	0.0954	0.1167	0.1136	0.1081	0.1061	0.0975	0.0959	0.0959	0.0973	
0.7534	0.7554	0.7599	0.7740	0.5366	0.2141	0.1449	0.1241	0.7486	0.7510	0.7513	0.7624	0.3628	0.1706	0.1232	0.1143	0.7368	0.7502	0.7321	0.6663	0.2389	0.1271	0.1121	0.1067	0.7204	0.7293	0.6809	0.4432	0.1423	0.1078	0.1066	0.1042	0.6404	0.5467	0.4686	0.2444	0.1165	0.1044	0.1015	0.1000	0.4906	0.4809	0.2131	0.1441	0.1055	0.1006	0.0987	0.0985	0.1784	0.1429	0.1355	0.1148	0.0997	0.0980	0.0966	0.0963	0.1179	0.1145	0.1097	0.1069	0.1005	0.0964	0.0975	0.0970	
0.7527	0.7588	0.7615	0.7758	0.5629	0.2228	0.1491	0.1252	0.7492	0.7559	0.7486	0.7687	0.3834	0.1789	0.1266	0.1169	0.7358	0.7518	0.7360	0.6906	0.2483	0.1304	0.1139	0.1094	0.7201	0.7303	0.6964	0.4701	0.1449	0.1085	0.1076	0.1061	0.6613	0.5694	0.4934	0.2584	0.1198	0.1052	0.1020	0.1005	0.5149	0.5098	0.2275	0.1476	0.1067	0.1009	0.0993	0.0999	0.1847	0.1457	0.1392	0.1185	0.1001	0.0986	0.0969	0.0974	0.1191	0.1157	0.1114	0.1072	0.0982	0.0969	0.0969	0.0974	
0.7536	0.7614	0.7620	0.7787	0.5764	0.2324	0.1516	0.1270	0.7509	0.7555	0.7519	0.7716	0.3992	0.1821	0.1271	0.1178	0.7397	0.7529	0.7360	0.7131	0.2623	0.1302	0.1147	0.1090	0.7230	0.7328	0.7084	0.4916	0.1484	0.1088	0.1078	0.1062	0.6796	0.5935	0.5195	0.2719	0.1238	0.1055	0.1022	0.1016	0.5392	0.5342	0.2341	0.1532	0.1072	0.1009	0.0993	0.1008	0.1923	0.1502	0.1441	0.1195	0.0998	0.0997	0.0974	0.0960	0.1201	0.1169	0.1117	0.1089	0.1004	0.0968	0.0967	0.0974	
0.7568	0.7608	0.7719	0.7773	0.6019	0.2398	0.1548	0.1279	0.7498	0.7589	0.7585	0.7745	0.4180	0.1854	0.1280	0.1171	0.7391	0.7533	0.7398	0.7313	0.2721	0.1324	0.1147	0.1093	0.7253	0.7346	0.7196	0.5189	0.1528	0.1103	0.1088	0.1055	0.6923	0.6192	0.5422	0.2846	0.1219	0.1040	0.1032	0.1015	0.5613	0.5612	0.2469	0.1571	0.1068	0.1017	0.0989	0.1005	0.1994	0.1531	0.1454	0.1203	0.1002	0.0986	0.0980	0.0970	0.1213	0.1187	0.1128	0.1092	0.1009	0.0976	0.0967	0.0978	
0.7578	0.7637	0.7710	0.7805	0.6260	0.2491	0.1601	0.1307	0.7561	0.7626	0.7563	0.7778	0.4355	0.1910	0.1299	0.1189	0.7419	0.7556	0.7416	0.7408	0.2815	0.1360	0.1156	0.1095	0.7261	0.7376	0.7238	0.5402	0.1564	0.1105	0.1087	0.1072	0.7023	0.6430	0.5723	0.2988	0.1228	0.1079	0.1035	0.1029	0.5853	0.5852	0.2626	0.1620	0.1090	0.1021	0.1002	0.1007	0.2063	0.1581	0.1502	0.1226	0.1020	0.0998	0.0987	0.0965	0.1234	0.1201	0.1154	0.1096	0.1008	0.0973	0.0962	0.0980	
0.7619	0.7634	0.7689	0.7817	0.6484	0.2574	0.1613	0.1291	0.7560	0.7630	0.7550	0.7772	0.4463	0.1955	0.1290	0.1189	0.7444	0.7561	0.7396	0.7488	0.2944	0.1359	0.1147	0.1090	0.7276	0.7401	0.7288	0.5607	0.1585	0.1105	0.1077	0.1057	0.7056	0.6624	0.5933	0.3123	0.1232	0.1057	0.1015	0.1015	0.6079	0.6052	0.2723	0.1668	0.1070	0.1012	0.0991	0.1002	0.2152	0.1617	0.1524	0.1244	0.1006	0.0995	0.0955	0.0950	0.1248	0.1209	0.1153	0.1089	0.0994	0.0972	0.0953	0.0960	
0.7653	0.7667	0.7736	0.7874	0.6722	0.2669	0.1672	0.1319	0.7594	0.7636	0.7609	0.7811	0.4702	0.2009	0.1337	0.1216	0.7452	0.7611	0.7436	0.7539	0.3065	0.1393	0.1182	0.1105	0.7320	0.7422	0.7336	0.5881	0.1627	0.1120	0.1102	0.1073	0.7119	0.6869	0.6229	0.3301	0.1269	0.1075	0.1033	0.1026	0.6283	0.6294	0.2915	0.1714	0.1096	0.1034	0.1006	0.1009	0.2263	0.1680	0.1603	0.1271	0.1024	0.1000	0.0990	0.0978	0.1255	0.1225	0.1181	0.1123	0.0997	0.0987	0.0976	0.0980	
0.7662	0.7674	0.7702	0.7890	0.6905	0.2784	0.1718	0.1346	0.7603	0.7666	0.7675	0.7830	0.4898	0.2092	0.1358	0.1233	0.7474	0.7607	0.7479	0.7564	0.3185	0.1419	0.1201	0.1121	0.7336	0.7430	0.7347	0.6143	0.1670	0.1114	0.1113	0.1085	0.7098	0.7002	0.6481	0.3449	0.1288	0.1083	0.1050	0.1030	0.6496	0.6508	0.3100	0.1796	0.1107	0.1030	0.1017	0.1009	0.2343	0.1709	0.1636	0.1281	0.1028	0.0994	0.0992	0.0965	0.1273	0.1244	0.1174	0.1124	0.1003	0.1003	0.0990	0.0977	
0.7643	0.7726	0.7755	0.7876	0.7146	0.2880	0.1752	0.1376	0.7629	0.7695	0.7662	0.7855	0.5115	0.2159	0.1376	0.1248	0.7486	0.7620	0.7522	0.7625	0.3316	0.1431	0.1204	0.1118	0.7354	0.7446	0.7372	0.6375	0.1734	0.1134	0.1102	0.1085	0.7121	0.7052	0.6648	0.3622	0.1299	0.1095	0.1051	0.1039	0.6673	0.6705	0.3282	0.1839	0.1117	0.1035	0.1023	0.1008	0.2458	0.1758	0.1694	0.1279	0.1030	0.1008	0.1002	0.0961	0.1285	0.1256	0.1197	0.1126	0.1024	0.1001	0.0980	0.0981	
0.7630	0.7731	0.7766	0.7913	0.7365	0.3003	0.1770	0.1375	0.7606	0.7680	0.7709	0.7873	0.5317	0.2226	0.1386	0.1248	0.7520	0.7610	0.7494	0.7631	0.3494	0.1458	0.1224	0.1129	0.7370	0.7493	0.7382	0.6680	0.1762	0.1142	0.1126	0.1083	0.7145	0.7140	0.6825	0.3854	0.1312	0.1111	0.1057	0.1041	0.6820	0.6840	0.3445	0.1907	0.1126	0.1046	0.1015	0.1013	0.2582	0.1817	0.1745	0.1326	0.1028	0.1008	0.0994	0.0969	0.1309	0.1273	0.1228	0.1154	0.1003	0.1002	0.0988	0.0981	
0.7692	0.7750	0.7868	0.7903	0.7550	0.3142	0.1842	0.1390	0.7672	0.7735	0.7703	0.7864	0.5567	0.2284	0.1408	0.1267	0.7544	0.7655	0.7536	0.7661	0.3652	0.1486	0.1227	0.1138	0.7380	0.7488	0.7409	0.6867	0.1816	0.1143	0.1137	0.1092	0.7183	0.7189	0.6930	0.4029	0.1331	0.1105	0.1058	0.1059	0.6894	0.6931	0.3620	0.1978	0.1149	0.1046	0.1023	0.1015	0.2705	0.1880	0.1816	0.1344	0.1040	0.1007	0.0994	0.0967	0.1327	0.1293	0.1221	0.1170	0.1039	0.1001	0.0986	0.0994	
0.7698	0.7752	0.7848	0.7931	0.7629	0.3253	0.1872	0.1407	0.7685	0.7727	0.7684	0.7867	0.5707	0.2345	0.1444	0.1262	0.7564	0.7677	0.7563	0.7661	0.3807	0.1504	0.1240	0.1132	0.7393	0.7518	0.7377	0.7054	0.1864	0.1159	0.1143	0.1095	0.7170	0.7206	0.6937	0.4223	0.1346	0.1101	0.1059	0.1063	0.6906	0.6973	0.3818	0.2061	0.1128	0.1045	0.1017	0.1015	0.2800	0.1928	0.1878	0.1351	0.1036	0.1014	0.0988	0.0970	0.1343	0.1307	0.1244	0.1164	0.1004	0.1013	0.0977	0.0983	
0.7726	0.7785	0.7779	0.8005	0.7772	0.3383	0.1935	0.1458	0.7650	0.7769	0.7739	0.7917	0.5970	0.2441	0.1464	0.1293	0.7596	0.7692	0.7594	0.7709	0.4023	0.1520	0.1260	0.1147	0.7432	0.7552	0.7394	0.7219	0.1929	0.1154	0.1139	0.1106	0.7202	0.7210	0.6963	0.4524	0.1396	0.1121	0.1063	0.1051	0.6865	0.7024	0.4017	0.2166	0.1148	0.1042	0.1028	0.1036	0.2942	0.1993	0.1935	0.1392	0.1044	0.1017	0.1000	0.0975	0.1359	0.1315	0.1257	0.1187	0.1027	0.1022	0.0989	0.0999	
0.7759	0.7799	0.7878	0.7973	0.7781	0.3510	0.1985	0.1453	0.7718	0.7793	0.7807	0.7939	0.6220	0.2519	0.1479	0.1305	0.7630	0.7710	0.7579	0.7705	0.4128	0.1560	0.1245	0.1148	0.7481	0.7577	0.7470	0.7263	0.1981	0.1163	0.1150	0.1122	0.7193	0.7221	0.7048	0.4661	0.1402	0.1123	0.1064	0.1060	0.6934	0.7060	0.4228	0.2272	0.1154	0.1052	0.1019	0.1034	0.3117	0.2075	0.2000	0.1427	0.1053	0.1015	0.0994	0.0977	0.1385	0.1335	0.1286	0.1192	0.1048	0.1043	0.0988	0.0986	
0.7762	0.7855	0.7829	0.7999	0.7822	0.3680	0.2043	0.1436	0.7753	0.7847	0.7789	0.7950	0.6383	0.2565	0.1497	0.1293	0.7671	0.7715	0.7615	0.7709	0.4314	0.1603	0.1254	0.1153	0.7469	0.7563	0.7454	0.7319	0.2037	0.1172	0.1148	0.1101	0.7227	0.7248	0.7061	0.4891	0.1409	0.1109	0.1063	0.1049	0.6939	0.7077	0.4459	0.2330	0.1163	0.1046	0.1024	0.1010	0.3236	0.2135	0.2063	0.1452	0.1046	0.1004	0.0986	0.0976	0.1405	0.1342	0.1293	0.1193	0.1017	0.1053	0.0984	0.0976	
0.7781	0.7848	0.7892	0.8049	0.7878	0.3823	0.2103	0.1490	0.7753	0.7831	0.7803	0.8007	0.6644	0.2692	0.1532	0.1317	0.7674	0.7752	0.7643	0.7766	0.4547	0.1625	0.1277	0.1173	0.7504	0.7571	0.7485	0.7382	0.2091	0.1198	0.1165	0.1117	0.7237	0.7254	0.7129	0.5177	0.1448	0.1129	0.1071	0.1071	0.6915	0.7085	0.4691	0.2411	0.1170	0.1048	0.1040	0.1025	0.3390	0.2220	0.2182	0.1481	0.1066	0.1042	0.0998	0.0978	0.1417	0.1359	0.1316	0.1185	0.1022	0.1068	0.0985	0.0987	
0.7817	0.7911	0.7876	0.8044	0.7840	0.3954	0.2176	0.1505	0.7793	0.7902	0.7882	0.8014	0.6791	0.2752	0.1566	0.1337	0.7729	0.7774	0.7666	0.7758	0.4716	0.1635	0.1299	0.1186	0.7521	0.7613	0.7522	0.7371	0.2172	0.1198	0.1170	0.1116	0.7290	0.7295	0.7118	0.5347	0.1467	0.1136	0.1074	0.1065	0.6940	0.7100	0.4895	0.2504	0.1189	0.1062	0.1040	0.1032	0.3562	0.2293	0.2249	0.1514	0.1066	0.1029	0.1004	0.0975	0.1436	0.1378	0.1347	0.1215	0.1036	0.1083	0.0982	0.0982	
0.7842	0.7907	0.7953	0.8079	0.7908	0.4093	0.2229	0.1507	0.7860	0.7890	0.7878	0.8029	0.7017	0.2855	0.1594	0.1342	0.7772	0.7822	0.7693	0.7759	0.4925	0.1672	0.1322	0.1173	0.7550	0.7632	0.7522	0.7401	0.2243	0.1209	0.1177	0.1111	0.7304	0.7308	0.7126	0.5557	0.1489	0.1146	0.1083	0.1064	0.6976	0.7131	0.5118	0.2598	0.1180	0.1064	0.1020	0.1015	0.3742	0.2386	0.2353	0.1520	0.1072	0.1032	0.1010	0.0966	0.1458	0.1402	0.1356	0.1193	0.1025	0.1107	0.0982	0.0977	
0.7850	0.7927	0.8017	0.8117	0.7888	0.4303	0.2289	0.1547	0.7845	0.7948	0.7885	0.8064	0.7177	0.2978	0.1624	0.1370	0.7798	0.7840	0.7735	0.7834	0.5155	0.1723	0.1348	0.1202	0.7566	0.7690	0.7600	0.7468	0.2343	0.1233	0.1211	0.1139	0.7285	0.7323	0.7136	0.5859	0.1532	0.1163	0.1103	0.1084	0.6999	0.7163	0.5373	0.2731	0.1228	0.1077	0.1052	0.1050	0.3902	0.2508	0.2448	0.1601	0.1078	0.1040	0.1017	0.0998	0.1510	0.1426	0.1392	0.1257	0.1041	0.1154	0.1001	0.0998	
0.7876	0.7945	0.8017	0.8132	0.7929	0.4462	0.2353	0.1571	0.7866	0.7947	0.7903	0.8079	0.7332	0.3092	0.1657	0.1358	0.7861	0.7855	0.7749	0.7840	0.5352	0.1805	0.1356	0.1204	0.7622	0.7721	0.7607	0.7473	0.2417	0.1246	0.1222	0.1138	0.7353	0.7337	0.7179	0.6079	0.1567	0.1172	0.1096	0.1087	0.7016	0.7167	0.5536	0.2874	0.1221	0.1075	0.1055	0.1052	0.4092	0.2573	0.2549	0.1639	0.1076	0.1049	0.1018	0.0999	0.1587	0.1448	0.1408	0.1245	0.1043	0.1180	0.0996	0.0999	
0.7902	0.7957	0.8032	0.8153	0.7908	0.4587	0.2440	0.1601	0.7893	0.7988	0.7949	0.8137	0.7425	0.3186	0.1679	0.1402	0.7907	0.7886	0.7776	0.7862	0.5574	0.1815	0.1360	0.1226	0.7634	0.7745	0.7642	0.7486	0.2493	0.1231	0.1223	0.1136	0.7369	0.7348	0.7216	0.6324	0.1593	0.1175	0.1129	0.1088	0.7035	0.7189	0.5780	0.3014	0.1227	0.1081	0.1068	0.1052	0.4306	0.2719	0.2673	0.1685	0.1092	0.1040	0.1021	0.0996	0.1569	0.1445	0.1437	0.1279	0.1057	0.1228	0.0989	0.1000	
0.7900	0.7927	0.8049	0.8148	0.7961	0.4666	0.2486	0.1625	0.7911	0.7929	0.7950	0.8113	0.7434	0.3256	0.1713	0.1412	0.7935	0.7866	0.7814	0.7893	0.5717	0.1825	0.1397	0.1218	0.7658	0.7696	0.7622	0.7465	0.2540	0.1244	0.1224	0.1143	0.7378	0.7338	0.7212	0.6446	0.1606	0.1161	0.1119	0.1085	0.7025	0.7153	0.5981	0.3103	0.1232	0.1092	0.1058	0.1053	0.4534	0.2803	0.2805	0.1719	0.1087	0.1050	0.1013	0.0999	0.1578	0.1478	0.1443	0.1287	0.1024	0.1251	0.1000	0.1005	
0.7921	0.8005	0.8078	0.8136	0.7967	0.4841	0.2602	0.1629	0.7903	0.7984	0.7936	0.8123	0.7540	0.3414	0.1730	0.1422	0.7979	0.7927	0.7824	0.7907	0.5946	0.1881	0.1404	0.1222	0.7655	0.7752	0.7661	0.7515	0.2643	0.1257	0.1223	0.1149	0.7399	0.7388	0.7246	0.6666	0.1627	0.1179	0.1106	0.1080	0.7033	0.7198	0.6200	0.3265	0.1231	0.1080	0.1047	0.1035	0.4741	0.2953	0.2949	0.1771	0.1078	0.1037	0.1011	0.0991	0.1614	0.1491	0.1470	0.1295	0.1042	0.1299	0.0980	0.0987	
0.7938	0.8001	0.7968	0.8175	0.7991	0.5004	0.2680	0.1664	0.7960	0.8042	0.8000	0.8194	0.7586	0.3518	0.1785	0.1441	0.8000	0.7939	0.7856	0.7933	0.6164	0.1932	0.1411	0.1247	0.7675	0.7773	0.7677	0.7538	0.2741	0.1281	0.1253	0.1182	0.7432	0.7424	0.7239	0.6853	0.1693	0.1193	0.1121	0.1102	0.7085	0.7224	0.6408	0.3401	0.1271	0.1089	0.1053	0.1044	0.4949	0.3077	0.3079	0.1827	0.1107	0.1056	0.1022	0.0997	0.1650	0.1514	0.1507	0.1323	0.1066	0.1354	0.1001	0.0985	
0.7935	0.7999	0.8081	0.8221	0.8017	0.5183	0.2795	0.1700	0.7963	0.8040	0.8014	0.8225	0.7568	0.3662	0.1805	0.1447	0.8036	0.7962	0.7887	0.7959	0.6371	0.1973	0.1438	0.1252	0.7717	0.7801	0.7699	0.7584	0.2850	0.1299	0.1259	0.1166	0.7470	0.7427	0.7281	0.6981	0.1730	0.1207	0.1133	0.1108	0.7130	0.7255	0.6532	0.3589	0.1276	0.1099	0.1054	0.1065	0.5205	0.3215	0.3222	0.1875	0.1102	0.1040	0.1011	0.0989	0.1673	0.1552	0.1538	0.1327	0.1067	0.1476	0.1000	0.0995	
