0.0904	0.0917	0.0907	0.0903	0.0926	0.0928	0.0921	0.0932	0.0931	0.0926	0.0916	0.0908	0.0936	0.0973	0.0938	0.1037	0.0910	0.0914	0.0915	0.0920	0.0922	0.0935	0.0927	0.0925	0.0918	0.0911	0.0923	0.0915	0.0927	0.0974	0.1045	0.1063	0.0905	0.0926	0.0921	0.0920	0.0928	0.0945	0.0939	0.0948	0.0971	0.1107	0.1154	0.1219	0.1234	0.1348	0.1444	0.1380	0.0908	0.0925	0.0917	0.0924	0.0922	0.0926	0.0943	0.0940	0.1250	0.1256	0.1217	0.1258	0.1099	0.1086	0.1440	0.1350	
0.0909	0.0907	0.0903	0.0902	0.0906	0.0923	0.0910	0.0909	0.0906	0.0909	0.0914	0.0906	0.0899	0.0922	0.0918	0.0909	0.0897	0.0904	0.0902	0.0901	0.0900	0.0902	0.0906	0.0901	0.0899	0.0892	0.0910	0.0910	0.0906	0.0912	0.0905	0.0914	0.0891	0.0902	0.0899	0.0899	0.0907	0.0922	0.0910	0.0913	0.0904	0.0894	0.0899	0.0899	0.0910	0.0924	0.0898	0.0908	0.0906	0.0901	0.0900	0.0895	0.0903	0.0908	0.0928	0.0903	0.0904	0.0903	0.0906	0.0907	0.0915	0.0907	0.0922	0.0916	
0.0920	0.0913	0.0911	0.0912	0.0916	0.0925	0.0914	0.0913	0.0916	0.0909	0.0911	0.0907	0.0906	0.0930	0.0923	0.0915	0.0908	0.0908	0.0912	0.0906	0.0909	0.0915	0.0906	0.0905	0.0899	0.0903	0.0908	0.0915	0.0914	0.0914	0.0910	0.0922	0.0909	0.0904	0.0904	0.0908	0.0917	0.0924	0.0916	0.0922	0.0905	0.0904	0.0907	0.0909	0.0912	0.0925	0.0908	0.0913	0.0911	0.0911	0.0911	0.0912	0.0916	0.0915	0.0934	0.0910	0.0910	0.0923	0.0917	0.0922	0.0924	0.0930	0.0931	0.0927	
0.0916	0.0912	0.0905	0.0908	0.0916	0.0923	0.0918	0.0915	0.0910	0.0911	0.0908	0.0910	0.0905	0.0926	0.0922	0.0916	0.0905	0.0908	0.0909	0.0902	0.0913	0.0914	0.0911	0.0909	0.0903	0.0905	0.0917	0.0915	0.0918	0.0920	0.0916	0.0922	0.0898	0.0906	0.0909	0.0914	0.0918	0.0924	0.0909	0.0909	0.0912	0.0911	0.0916	0.0902	0.0914	0.0907	0.0905	0.0924	0.0907	0.0909	0.0906	0.0906	0.0905	0.0918	0.0935	0.0906	0.0913	0.0920	0.0916	0.0917	0.0921	0.0927	0.0941	0.0918	
0.0922	0.0904	0.0906	0.0901	0.0910	0.0922	0.0916	0.0907	0.0906	0.0904	0.0910	0.0907	0.0906	0.0925	0.0922	0.0907	0.0907	0.0905	0.0903	0.0909	0.0919	0.0909	0.0908	0.0900	0.0889	0.0900	0.0904	0.0905	0.0912	0.0912	0.0910	0.0921	0.0900	0.0906	0.0904	0.0905	0.0915	0.0923	0.0909	0.0905	0.0901	0.0907	0.0912	0.0901	0.0904	0.0907	0.0897	0.0907	0.0911	0.0903	0.0905	0.0907	0.0905	0.0904	0.0924	0.0904	0.0907	0.0909	0.0906	0.0904	0.0916	0.0923	0.0929	0.0909	
0.0924	0.0915	0.0915	0.0909	0.0914	0.0926	0.0919	0.0919	0.0915	0.0916	0.0915	0.0913	0.0910	0.0938	0.0922	0.0922	0.0911	0.0909	0.0915	0.0912	0.0912	0.0916	0.0920	0.0905	0.0906	0.0904	0.0908	0.0918	0.0923	0.0922	0.0920	0.0923	0.0909	0.0907	0.0912	0.0904	0.0916	0.0926	0.0916	0.0916	0.0914	0.0906	0.0907	0.0910	0.0922	0.0906	0.0902	0.0917	0.0919	0.0912	0.0914	0.0916	0.0904	0.0910	0.0922	0.0914	0.0911	0.0915	0.0922	0.0920	0.0924	0.0923	0.0940	0.0918	
0.0923	0.0917	0.0914	0.0912	0.0917	0.0928	0.0928	0.0914	0.0911	0.0918	0.0909	0.0908	0.0905	0.0929	0.0927	0.0911	0.0907	0.0907	0.0906	0.0908	0.0908	0.0909	0.0909	0.0905	0.0908	0.0910	0.0913	0.0915	0.0915	0.0918	0.0919	0.0925	0.0895	0.0905	0.0911	0.0910	0.0916	0.0925	0.0910	0.0911	0.0906	0.0911	0.0911	0.0908	0.0919	0.0905	0.0904	0.0907	0.0914	0.0902	0.0905	0.0910	0.0912	0.0913	0.0923	0.0905	0.0916	0.0919	0.0913	0.0909	0.0917	0.0921	0.0933	0.0929	
0.0926	0.0916	0.0918	0.0917	0.0924	0.0934	0.0923	0.0920	0.0916	0.0918	0.0916	0.0918	0.0915	0.0932	0.0921	0.0922	0.0912	0.0913	0.0921	0.0910	0.0913	0.0914	0.0914	0.0906	0.0906	0.0902	0.0916	0.0922	0.0936	0.0915	0.0918	0.0924	0.0905	0.0907	0.0916	0.0904	0.0924	0.0934	0.0912	0.0913	0.0906	0.0916	0.0913	0.0908	0.0924	0.0912	0.0908	0.0918	0.0909	0.0911	0.0909	0.0912	0.0913	0.0920	0.0929	0.0916	0.0917	0.0922	0.0921	0.0922	0.0928	0.0928	0.0934	0.0924	
0.0926	0.0923	0.0927	0.0920	0.0925	0.0929	0.0931	0.0927	0.0921	0.0915	0.0926	0.0918	0.0921	0.0936	0.0930	0.0922	0.0916	0.0918	0.0922	0.0922	0.0922	0.0914	0.0914	0.0908	0.0914	0.0915	0.0923	0.0925	0.0920	0.0925	0.0921	0.0927	0.0919	0.0912	0.0922	0.0907	0.0930	0.0930	0.0922	0.0921	0.0918	0.0916	0.0921	0.0917	0.0928	0.0917	0.0910	0.0920	0.0920	0.0917	0.0917	0.0918	0.0918	0.0920	0.0936	0.0916	0.0928	0.0925	0.0927	0.0928	0.0931	0.0926	0.0942	0.0924	
0.0924	0.0917	0.0916	0.0913	0.0919	0.0930	0.0920	0.0918	0.0913	0.0943	0.0916	0.0923	0.0909	0.0930	0.0927	0.0920	0.0908	0.0916	0.0913	0.0914	0.0913	0.0912	0.0913	0.0910	0.0907	0.0905	0.0909	0.0922	0.0917	0.0929	0.0915	0.0924	0.0905	0.0912	0.0916	0.0911	0.0917	0.0929	0.0920	0.0921	0.0919	0.0916	0.0914	0.0907	0.0926	0.0912	0.0916	0.0916	0.0917	0.0922	0.0913	0.0920	0.0912	0.0913	0.0929	0.0916	0.0923	0.0928	0.0915	0.0920	0.0928	0.0930	0.0934	0.0919	
0.0930	0.0917	0.0918	0.0914	0.0916	0.0928	0.0920	0.0915	0.0918	0.0920	0.0916	0.0919	0.0917	0.0934	0.0927	0.0916	0.0915	0.0910	0.0918	0.0908	0.0919	0.0911	0.0913	0.0906	0.0904	0.0910	0.0908	0.0918	0.0914	0.0923	0.0913	0.0918	0.0904	0.0906	0.0913	0.0905	0.0914	0.0934	0.0917	0.0919	0.0909	0.0915	0.0913	0.0917	0.0913	0.0906	0.0908	0.0917	0.0919	0.0911	0.0907	0.0907	0.0915	0.0910	0.0915	0.0905	0.0914	0.0930	0.0914	0.0917	0.0919	0.0924	0.0934	0.0918	
0.0934	0.0920	0.0919	0.0918	0.0922	0.0930	0.0917	0.0920	0.0925	0.0920	0.0923	0.0917	0.0911	0.0932	0.0936	0.0917	0.0922	0.0913	0.0924	0.0915	0.0919	0.0915	0.0915	0.0908	0.0912	0.0917	0.0920	0.0919	0.0915	0.0919	0.0918	0.0922	0.0917	0.0913	0.0916	0.0910	0.0920	0.0936	0.0919	0.0912	0.0913	0.0917	0.0912	0.0913	0.0922	0.0918	0.0914	0.0916	0.0913	0.0917	0.0909	0.0906	0.0924	0.0918	0.0937	0.0915	0.0926	0.0920	0.0927	0.0927	0.0922	0.0935	0.0938	0.0931	
0.0935	0.0929	0.0923	0.0920	0.0926	0.0930	0.0924	0.0922	0.0920	0.0923	0.0921	0.0920	0.0918	0.0932	0.0934	0.0917	0.0913	0.0918	0.0928	0.0912	0.0917	0.0913	0.0913	0.0917	0.0922	0.0913	0.0927	0.0922	0.0916	0.0922	0.0916	0.0921	0.0922	0.0919	0.0913	0.0914	0.0926	0.0929	0.0915	0.0915	0.0915	0.0921	0.0915	0.0915	0.0921	0.0916	0.0909	0.0915	0.0916	0.0915	0.0917	0.0917	0.0912	0.0923	0.0923	0.0916	0.0922	0.0926	0.0918	0.0918	0.0922	0.0923	0.0929	0.0928	
0.0946	0.0935	0.0927	0.0922	0.0924	0.0933	0.0933	0.0922	0.0928	0.0926	0.0926	0.0922	0.0922	0.0932	0.0933	0.0929	0.0921	0.0922	0.0926	0.0917	0.0915	0.0912	0.0907	0.0912	0.0913	0.0922	0.0921	0.0925	0.0926	0.0929	0.0919	0.0917	0.0915	0.0920	0.0918	0.0910	0.0926	0.0930	0.0920	0.0916	0.0918	0.0918	0.0914	0.0910	0.0926	0.0920	0.0912	0.0915	0.0926	0.0913	0.0911	0.0919	0.0914	0.0915	0.0927	0.0920	0.0922	0.0924	0.0918	0.0918	0.0920	0.0924	0.0936	0.0917	
0.0939	0.0935	0.0931	0.0922	0.0931	0.0936	0.0932	0.0924	0.0932	0.0925	0.0933	0.0920	0.0925	0.0933	0.0930	0.0919	0.0928	0.0935	0.0921	0.0920	0.0926	0.0917	0.0921	0.0920	0.0923	0.0924	0.0929	0.0928	0.0928	0.0929	0.0918	0.0925	0.0921	0.0920	0.0922	0.0913	0.0924	0.0935	0.0923	0.0924	0.0925	0.0929	0.0920	0.0913	0.0922	0.0914	0.0917	0.0920	0.0930	0.0926	0.0912	0.0916	0.0915	0.0916	0.0933	0.0914	0.0934	0.0923	0.0932	0.0920	0.0923	0.0937	0.0929	0.0920	
0.0953	0.0942	0.0947	0.0929	0.0929	0.0944	0.0937	0.0931	0.0945	0.0931	0.0937	0.0931	0.0924	0.0941	0.0941	0.0926	0.0935	0.0932	0.0932	0.0928	0.0932	0.0921	0.0923	0.0919	0.0933	0.0931	0.0930	0.0929	0.0932	0.0935	0.0922	0.0936	0.0919	0.0925	0.0928	0.0923	0.0926	0.0938	0.0927	0.0934	0.0933	0.0926	0.0932	0.0923	0.0931	0.0925	0.0923	0.0926	0.0934	0.0929	0.0917	0.0915	0.0921	0.0924	0.0935	0.0924	0.0935	0.0933	0.0928	0.0925	0.0924	0.0931	0.0931	0.0922	
0.0960	0.0946	0.0944	0.0933	0.0931	0.0939	0.0936	0.0931	0.0948	0.0936	0.0939	0.0935	0.0930	0.0947	0.0933	0.0932	0.0934	0.0936	0.0935	0.0925	0.0932	0.0925	0.0920	0.0920	0.0942	0.0938	0.0925	0.0933	0.0930	0.0928	0.0934	0.0938	0.0938	0.0939	0.0939	0.0923	0.0929	0.0945	0.0933	0.0925	0.0922	0.0927	0.0927	0.0923	0.0924	0.0917	0.0918	0.0919	0.0927	0.0926	0.0911	0.0914	0.0914	0.0918	0.0932	0.0919	0.0931	0.0927	0.0923	0.0927	0.0930	0.0929	0.0933	0.0919	
0.0961	0.0940	0.0947	0.0932	0.0931	0.0944	0.0937	0.0925	0.0948	0.0943	0.0945	0.0938	0.0932	0.0938	0.0933	0.0931	0.0937	0.0941	0.0942	0.0925	0.0929	0.0928	0.0923	0.0918	0.0928	0.0931	0.0937	0.0931	0.0930	0.0927	0.0922	0.0923	0.0929	0.0930	0.0930	0.0921	0.0938	0.0937	0.0930	0.0926	0.0938	0.0932	0.0933	0.0930	0.0921	0.0922	0.0913	0.0922	0.0935	0.0931	0.0924	0.0924	0.0915	0.0925	0.0931	0.0921	0.0937	0.0927	0.0922	0.0937	0.0932	0.0932	0.0937	0.0923	
0.0974	0.0958	0.0948	0.0973	0.1016	0.1021	0.1012	0.1007	0.0962	0.0973	0.0971	0.0964	0.0989	0.0946	0.0966	0.0950	0.0948	0.0988	0.0937	0.0935	0.0944	0.0934	0.0940	0.0935	0.0943	0.0942	0.0964	0.0944	0.0939	0.0937	0.0936	0.0935	0.0959	0.0941	0.0937	0.0951	0.0940	0.0967	0.0938	0.0929	0.0934	0.0939	0.0940	0.0930	0.0936	0.0924	0.0928	0.0932	0.0940	0.0939	0.0931	0.0929	0.0935	0.0928	0.0942	0.0923	0.0948	0.0936	0.0939	0.0927	0.0942	0.0936	0.0940	0.0939	
0.0979	0.0972	0.0956	0.0933	0.0930	0.0943	0.0935	0.0935	0.0972	0.0962	0.0964	0.0942	0.0938	0.0946	0.0946	0.0934	0.0961	0.0957	0.0951	0.0929	0.0934	0.0929	0.0923	0.0929	0.0945	0.0941	0.0943	0.0936	0.0932	0.0942	0.0932	0.0932	0.0940	0.0934	0.0932	0.0927	0.0937	0.0943	0.0923	0.0927	0.0931	0.0933	0.0931	0.0924	0.0931	0.0920	0.0920	0.0928	0.0936	0.0937	0.0924	0.0921	0.0931	0.0924	0.0928	0.0923	0.0942	0.0936	0.0918	0.0933	0.0930	0.0935	0.0940	0.0935	
0.0993	0.0976	0.0960	0.0944	0.0935	0.0957	0.0947	0.0938	0.0977	0.0969	0.0964	0.0946	0.0937	0.0954	0.0943	0.0933	0.0967	0.0957	0.0952	0.0940	0.0946	0.0931	0.0927	0.0928	0.0950	0.0950	0.0952	0.0947	0.0933	0.0943	0.0933	0.0938	0.0941	0.0942	0.0938	0.0927	0.0935	0.0942	0.0935	0.0930	0.0939	0.0949	0.0936	0.0927	0.0939	0.0953	0.0922	0.0931	0.0939	0.0940	0.0926	0.0928	0.0934	0.0919	0.0939	0.0925	0.0939	0.0936	0.0929	0.0930	0.0932	0.0938	0.0938	0.0928	
0.1011	0.0979	0.0967	0.0950	0.0946	0.0957	0.0950	0.0940	0.0990	0.0973	0.0957	0.0960	0.0939	0.0961	0.0946	0.0945	0.0982	0.0973	0.0963	0.0955	0.0935	0.0934	0.0934	0.0930	0.0970	0.0962	0.0956	0.0955	0.0950	0.0944	0.0943	0.0944	0.0957	0.0953	0.0947	0.0937	0.0959	0.0953	0.0943	0.0941	0.0953	0.0947	0.0940	0.0935	0.0937	0.0926	0.0928	0.0932	0.0941	0.0943	0.0931	0.0927	0.0932	0.0938	0.0942	0.0928	0.0956	0.0941	0.0933	0.0940	0.0955	0.0943	0.0948	0.0942	
0.1012	0.0985	0.0961	0.0942	0.0937	0.0945	0.0936	0.0932	0.0997	0.0976	0.0962	0.0952	0.0941	0.0951	0.0959	0.0949	0.0992	0.0971	0.0954	0.0940	0.0939	0.0930	0.0929	0.0929	0.0972	0.0964	0.0950	0.0946	0.0936	0.0944	0.0928	0.0936	0.0953	0.0953	0.0946	0.0924	0.0938	0.0948	0.0929	0.0924	0.0958	0.0942	0.0938	0.0928	0.0929	0.0930	0.0923	0.0936	0.0943	0.0935	0.0925	0.0922	0.0939	0.0922	0.0933	0.0922	0.0938	0.0934	0.0932	0.0932	0.0928	0.0935	0.0945	0.0928	
0.1039	0.0993	0.0980	0.0953	0.0944	0.0955	0.0947	0.0934	0.1025	0.0997	0.0973	0.0957	0.0940	0.0957	0.0943	0.0933	0.0999	0.0975	0.0963	0.0950	0.0941	0.0932	0.0933	0.0929	0.0976	0.0973	0.0962	0.0949	0.0947	0.0941	0.0934	0.0940	0.0970	0.0960	0.0947	0.0939	0.0942	0.0943	0.0939	0.0931	0.0957	0.0952	0.0936	0.0938	0.0935	0.0938	0.0928	0.0929	0.0944	0.0943	0.0931	0.0928	0.0925	0.0925	0.0935	0.0923	0.0947	0.0948	0.0946	0.0931	0.0938	0.0942	0.0948	0.0937	
0.1051	0.1006	0.0981	0.0958	0.0949	0.0952	0.0947	0.0933	0.1032	0.1005	0.0979	0.0968	0.0944	0.0958	0.0950	0.0940	0.1018	0.0985	0.0968	0.0950	0.0953	0.0936	0.0930	0.0935	0.1006	0.0990	0.0966	0.0950	0.0945	0.0948	0.0939	0.0942	0.0985	0.0967	0.0955	0.0942	0.0940	0.0951	0.0946	0.0933	0.0964	0.0955	0.0949	0.0931	0.0937	0.0926	0.0937	0.0933	0.0965	0.0941	0.0941	0.0932	0.0935	0.0936	0.0941	0.0924	0.0954	0.0949	0.0949	0.0943	0.0939	0.0942	0.0947	0.0936	
0.1073	0.1012	0.0987	0.0957	0.0954	0.0954	0.0943	0.0940	0.1049	0.1006	0.0987	0.0960	0.0948	0.0957	0.0951	0.0932	0.1023	0.1006	0.0978	0.0947	0.0954	0.0939	0.0936	0.0928	0.1019	0.0983	0.0967	0.0956	0.0947	0.0946	0.0940	0.0942	0.0995	0.0968	0.0950	0.0940	0.0951	0.0951	0.0941	0.0939	0.0962	0.0957	0.0944	0.0936	0.0938	0.0933	0.0926	0.0939	0.0965	0.0952	0.0937	0.0924	0.0926	0.0921	0.0941	0.0930	0.0952	0.0950	0.0944	0.0934	0.0929	0.0941	0.0944	0.0935	
0.1093	0.1016	0.0986	0.0956	0.0949	0.0951	0.0941	0.0936	0.1066	0.1023	0.0992	0.0969	0.0947	0.0955	0.0948	0.0936	0.1050	0.1007	0.0982	0.0953	0.0957	0.0941	0.0929	0.0931	0.1037	0.0998	0.0971	0.0964	0.0950	0.0949	0.0935	0.0938	0.0997	0.0976	0.0962	0.0942	0.0944	0.0953	0.0939	0.0934	0.0971	0.0955	0.0946	0.0944	0.0932	0.0928	0.0931	0.0933	0.0976	0.0946	0.0933	0.0932	0.0926	0.0927	0.0935	0.0926	0.0963	0.0950	0.0941	0.0931	0.0940	0.0935	0.0944	0.0929	
0.1117	0.1035	0.0997	0.0961	0.0952	0.0955	0.0943	0.0942	0.1094	0.1038	0.0997	0.0978	0.0944	0.0964	0.0953	0.0931	0.1076	0.1024	0.0982	0.0956	0.0952	0.0942	0.0933	0.0925	0.1049	0.1002	0.0983	0.0963	0.0948	0.0950	0.0941	0.0939	0.1015	0.0977	0.0971	0.0948	0.0949	0.0953	0.0941	0.0929	0.0978	0.0958	0.0945	0.0938	0.0942	0.0939	0.0931	0.0941	0.0973	0.0949	0.0938	0.0932	0.0927	0.0936	0.0932	0.0926	0.0958	0.0950	0.0948	0.0934	0.0940	0.0941	0.0934	0.0937	
0.1141	0.1054	0.1005	0.0975	0.0951	0.0955	0.0946	0.0943	0.1131	0.1054	0.1004	0.0974	0.0964	0.0957	0.0952	0.0943	0.1097	0.1031	0.0994	0.0954	0.0959	0.0943	0.0931	0.0936	0.1089	0.1029	0.0992	0.0968	0.0958	0.0950	0.0948	0.0945	0.1034	0.1001	0.0969	0.0953	0.0949	0.0959	0.0941	0.0945	0.0995	0.0973	0.0961	0.0952	0.0952	0.0936	0.0932	0.0938	0.0993	0.0969	0.0951	0.0942	0.0936	0.0939	0.0943	0.0933	0.0959	0.0961	0.0955	0.0955	0.0953	0.0943	0.0949	0.0938	
0.1183	0.1070	0.1018	0.0976	0.0958	0.0958	0.0943	0.0940	0.1159	0.1057	0.1020	0.0975	0.0957	0.0962	0.0951	0.0946	0.1121	0.1058	0.1001	0.0964	0.0949	0.0939	0.0931	0.0932	0.1103	0.1042	0.0987	0.0980	0.0955	0.0961	0.0940	0.0937	0.1039	0.1000	0.0984	0.0951	0.0948	0.0962	0.0939	0.0930	0.0997	0.0978	0.0970	0.0941	0.0946	0.0947	0.0926	0.0940	0.0991	0.0965	0.0952	0.0948	0.0940	0.0931	0.0947	0.0940	0.0969	0.0948	0.0958	0.0944	0.0946	0.0945	0.0952	0.0939	
0.1223	0.1087	0.1027	0.0985	0.0957	0.0963	0.0951	0.0945	0.1204	0.1090	0.1044	0.0995	0.0972	0.0965	0.0967	0.0945	0.1157	0.1064	0.1013	0.0968	0.0954	0.0948	0.0931	0.0935	0.1127	0.1055	0.1000	0.0979	0.0968	0.0962	0.0941	0.0948	0.1063	0.1012	0.0989	0.0953	0.0949	0.0954	0.0940	0.0934	0.1014	0.0976	0.0957	0.0937	0.0944	0.0942	0.0953	0.0942	0.1001	0.0963	0.0950	0.0936	0.0940	0.0932	0.0951	0.0926	0.0975	0.0959	0.0949	0.0943	0.0954	0.0948	0.0952	0.0943	
0.1264	0.1105	0.1035	0.0993	0.0962	0.0963	0.0947	0.0943	0.1242	0.1111	0.1037	0.0993	0.0968	0.0968	0.0958	0.0941	0.1202	0.1091	0.1019	0.0966	0.0963	0.0951	0.0935	0.0934	0.1168	0.1065	0.1013	0.0977	0.0965	0.0957	0.0951	0.0944	0.1090	0.1024	0.0990	0.0961	0.0959	0.0968	0.0949	0.0942	0.1025	0.0981	0.0970	0.0954	0.0951	0.0948	0.0938	0.0939	0.0994	0.0977	0.0955	0.0938	0.0943	0.0935	0.0948	0.0938	0.0987	0.0964	0.0962	0.0951	0.0945	0.0960	0.0947	0.0940	
0.1315	0.1134	0.1048	0.0995	0.0961	0.0965	0.0954	0.0949	0.1279	0.1134	0.1054	0.0996	0.0973	0.0970	0.0959	0.0939	0.1239	0.1117	0.1026	0.0969	0.0962	0.0947	0.0934	0.0930	0.1198	0.1085	0.1014	0.0975	0.0956	0.0952	0.0940	0.0937	0.1110	0.1039	0.0984	0.0956	0.0953	0.0960	0.0944	0.0934	0.1036	0.0995	0.0961	0.0943	0.0943	0.0944	0.0939	0.0944	0.1002	0.0972	0.0940	0.0931	0.0927	0.0947	0.0942	0.0926	0.0972	0.0968	0.0953	0.0941	0.0937	0.0948	0.0937	0.0935	
0.1351	0.1158	0.1058	0.1005	0.0964	0.0961	0.0949	0.0945	0.1317	0.1150	0.1057	0.0990	0.0966	0.0959	0.0952	0.0927	0.1284	0.1113	0.1034	0.0969	0.0959	0.0936	0.0928	0.0917	0.1228	0.1112	0.1020	0.0982	0.0962	0.0953	0.0937	0.0936	0.1126	0.1048	0.0988	0.0956	0.0951	0.0956	0.0935	0.0930	0.1058	0.0992	0.0967	0.0940	0.0949	0.0932	0.0938	0.0934	0.1005	0.0976	0.0939	0.0926	0.0931	0.0930	0.0934	0.0921	0.0981	0.0962	0.0938	0.0940	0.0934	0.0946	0.0941	0.0941	
0.1419	0.1190	0.1086	0.1012	0.0972	0.0962	0.0958	0.0931	0.1392	0.1194	0.1078	0.1003	0.0971	0.0958	0.0961	0.0933	0.1327	0.1155	0.1043	0.0976	0.0963	0.0949	0.0931	0.0928	0.1297	0.1131	0.1042	0.0986	0.0965	0.0949	0.0944	0.0942	0.1170	0.1062	0.0995	0.0963	0.0955	0.0956	0.0942	0.0934	0.1072	0.1004	0.0979	0.0942	0.0951	0.0936	0.0941	0.0936	0.1013	0.0982	0.0949	0.0933	0.0930	0.0935	0.0946	0.0929	0.0994	0.0962	0.0958	0.0939	0.0938	0.0947	0.0949	0.0928	
0.1491	0.1227	0.1102	0.1019	0.0972	0.0966	0.0959	0.0943	0.1469	0.1223	0.1100	0.1012	0.0979	0.0973	0.0960	0.0929	0.1387	0.1186	0.1059	0.0981	0.0966	0.0941	0.0933	0.0926	0.1346	0.1161	0.1050	0.0989	0.0964	0.0947	0.0931	0.0942	0.1187	0.1075	0.1000	0.0961	0.0955	0.0960	0.0943	0.0929	0.1082	0.1009	0.0985	0.0943	0.0945	0.0936	0.0934	0.0933	0.1018	0.1001	0.0947	0.0942	0.0943	0.0942	0.0944	0.0929	0.0991	0.0971	0.0955	0.0943	0.0953	0.0954	0.0947	0.0928	
0.1570	0.1272	0.1123	0.1036	0.0975	0.0966	0.0946	0.0944	0.1543	0.1278	0.1138	0.1029	0.0978	0.0968	0.0968	0.0933	0.1486	0.1251	0.1083	0.0993	0.0972	0.0951	0.0939	0.0930	0.1423	0.1194	0.1074	0.1006	0.0970	0.0960	0.0947	0.0940	0.1236	0.1095	0.1031	0.0965	0.0961	0.0973	0.0949	0.0941	0.1105	0.1016	0.0983	0.0948	0.0947	0.0944	0.0943	0.0934	0.1036	0.0997	0.0954	0.0941	0.0937	0.0943	0.0944	0.0931	0.1008	0.0980	0.0965	0.0947	0.0950	0.0955	0.0951	0.0941	
0.1684	0.1341	0.1139	0.1052	0.0986	0.0967	0.0948	0.0940	0.1649	0.1326	0.1158	0.1034	0.0982	0.0969	0.0963	0.0938	0.1569	0.1276	0.1094	0.0993	0.0973	0.0947	0.0943	0.0930	0.1512	0.1239	0.1087	0.1003	0.0977	0.0954	0.0938	0.0940	0.1283	0.1130	0.1029	0.0968	0.0958	0.0971	0.0946	0.0933	0.1131	0.1032	0.0985	0.0954	0.0949	0.0939	0.0937	0.0937	0.1048	0.0993	0.0957	0.0934	0.0940	0.0937	0.0948	0.0928	0.1015	0.0983	0.0957	0.0949	0.0944	0.0947	0.0947	0.0935	
0.1764	0.1380	0.1177	0.1072	0.0989	0.0970	0.0949	0.0943	0.1760	0.1382	0.1185	0.1044	0.0982	0.0968	0.0962	0.0938	0.1671	0.1332	0.1109	0.1002	0.0978	0.0950	0.0939	0.0929	0.1576	0.1271	0.1105	0.1006	0.0971	0.0956	0.0939	0.0936	0.1328	0.1147	0.1034	0.0963	0.0960	0.0964	0.0947	0.0932	0.1150	0.1032	0.0993	0.0958	0.0942	0.0936	0.0928	0.0930	0.1052	0.1001	0.0957	0.0947	0.0939	0.0942	0.0940	0.0931	0.1002	0.0991	0.0960	0.0945	0.0950	0.0942	0.0947	0.0939	
0.1895	0.1446	0.1211	0.1079	0.0994	0.0965	0.0949	0.0940	0.1856	0.1443	0.1222	0.1064	0.0985	0.0975	0.0963	0.0938	0.1756	0.1382	0.1146	0.1008	0.0972	0.0957	0.0939	0.0929	0.1666	0.1319	0.1124	0.1014	0.0972	0.0948	0.0930	0.0938	0.1372	0.1169	0.1045	0.0972	0.0956	0.0958	0.0951	0.0935	0.1173	0.1034	0.0997	0.0956	0.0946	0.0934	0.0936	0.0932	0.1075	0.1007	0.0960	0.0946	0.0947	0.0942	0.0938	0.0919	0.1007	0.0994	0.0967	0.0949	0.0948	0.0946	0.0943	0.0935	
0.2042	0.1517	0.1256	0.1102	0.0996	0.0976	0.0949	0.0944	0.1999	0.1521	0.1276	0.1080	0.0992	0.0972	0.0969	0.0936	0.1880	0.1455	0.1179	0.1019	0.0981	0.0952	0.0937	0.0930	0.1800	0.1401	0.1163	0.1027	0.0981	0.0956	0.0942	0.0940	0.1469	0.1208	0.1052	0.0978	0.0958	0.0965	0.0936	0.0935	0.1208	0.1048	0.0996	0.0953	0.0960	0.0954	0.0929	0.0939	0.1089	0.1012	0.0963	0.0943	0.0937	0.0940	0.0946	0.0937	0.1029	0.0991	0.0963	0.0954	0.0962	0.0952	0.0946	0.0932	
0.2160	0.1588	0.1302	0.1113	0.1001	0.0967	0.0948	0.0936	0.2144	0.1597	0.1306	0.1094	0.0992	0.0967	0.0954	0.0932	0.1995	0.1533	0.1205	0.1022	0.0975	0.0941	0.0926	0.0926	0.1903	0.1439	0.1183	0.1024	0.0972	0.0954	0.0925	0.0931	0.1538	0.1244	0.1065	0.0971	0.0953	0.0961	0.0939	0.0932	0.1223	0.1050	0.0990	0.0947	0.0940	0.0936	0.0927	0.0931	0.1085	0.1018	0.0962	0.0947	0.0928	0.0929	0.0935	0.0925	0.1020	0.0983	0.0951	0.0946	0.0937	0.0948	0.0938	0.0922	
0.2342	0.1673	0.1333	0.1131	0.0991	0.0954	0.0932	0.0915	0.2307	0.1689	0.1352	0.1097	0.0981	0.0956	0.0943	0.0913	0.2150	0.1592	0.1220	0.1009	0.0963	0.0920	0.0907	0.0903	0.2003	0.1500	0.1187	0.1013	0.0959	0.0923	0.0915	0.0919	0.1594	0.1277	0.1059	0.0953	0.0941	0.0946	0.0915	0.0907	0.1245	0.1054	0.0992	0.0938	0.0929	0.0933	0.0908	0.0920	0.1087	0.1002	0.0941	0.0934	0.0924	0.0915	0.0921	0.0903	0.1011	0.0979	0.0954	0.0926	0.0929	0.0936	0.0924	0.0917	
0.2516	0.1789	0.1434	0.1190	0.1021	0.0980	0.0952	0.0942	0.2472	0.1778	0.1441	0.1142	0.1014	0.0978	0.0963	0.0937	0.2346	0.1702	0.1294	0.1048	0.0984	0.0949	0.0935	0.0925	0.2184	0.1612	0.1266	0.1049	0.0972	0.0952	0.0941	0.0933	0.1711	0.1326	0.1111	0.0994	0.0966	0.0964	0.0939	0.0935	0.1308	0.1087	0.1022	0.0970	0.0942	0.0946	0.0930	0.0935	0.1119	0.1044	0.0981	0.0947	0.0938	0.0941	0.0944	0.0926	0.1045	0.1000	0.0964	0.0953	0.0945	0.0956	0.0943	0.0932	
0.2753	0.1908	0.1502	0.1224	0.1031	0.0992	0.0950	0.0942	0.2709	0.1925	0.1524	0.1172	0.1024	0.0984	0.0970	0.0936	0.2517	0.1819	0.1340	0.1064	0.1000	0.0954	0.0936	0.0933	0.2372	0.1704	0.1308	0.1068	0.0986	0.0956	0.0934	0.0938	0.1836	0.1392	0.1135	0.0992	0.0970	0.0976	0.0943	0.0940	0.1354	0.1108	0.1042	0.0965	0.0959	0.0941	0.0935	0.0940	0.1146	0.1045	0.0983	0.0958	0.0950	0.0952	0.0945	0.0937	0.1058	0.1006	0.0977	0.0956	0.0950	0.0960	0.0953	0.0933	
0.3001	0.2047	0.1592	0.1267	0.1041	0.0990	0.0958	0.0947	0.2942	0.2068	0.1600	0.1219	0.1035	0.0983	0.0969	0.0934	0.2734	0.1946	0.1400	0.1090	0.1004	0.0955	0.0936	0.0935	0.2576	0.1809	0.1355	0.1069	0.0985	0.0961	0.0934	0.0929	0.1955	0.1464	0.1153	0.0999	0.0973	0.0965	0.0943	0.0929	0.1414	0.1122	0.1035	0.0964	0.0951	0.0943	0.0933	0.0935	0.1154	0.1056	0.0978	0.0946	0.0938	0.0935	0.0943	0.0928	0.1066	0.1000	0.0967	0.0951	0.0956	0.0948	0.0955	0.0932	
0.3209	0.2176	0.1669	0.1318	0.1053	0.0987	0.0952	0.0943	0.3209	0.2212	0.1695	0.1254	0.1044	0.0988	0.0968	0.0934	0.2967	0.2081	0.1463	0.1101	0.1002	0.0953	0.0936	0.0929	0.2788	0.1933	0.1410	0.1077	0.0995	0.0956	0.0936	0.0933	0.2104	0.1538	0.1176	0.0997	0.0966	0.0970	0.0939	0.0939	0.1455	0.1151	0.1042	0.0969	0.0952	0.0942	0.0923	0.0936	0.1182	0.1059	0.0986	0.0953	0.0953	0.0942	0.0942	0.0930	0.1064	0.1025	0.0979	0.0954	0.0946	0.0953	0.0945	0.0927	
0.3479	0.2337	0.1788	0.1367	0.1075	0.1001	0.0958	0.0944	0.3478	0.2362	0.1792	0.1294	0.1068	0.0988	0.0976	0.0935	0.3226	0.2214	0.1559	0.1134	0.1030	0.0961	0.0938	0.0928	0.3016	0.2068	0.1487	0.1110	0.1000	0.0961	0.0935	0.0939	0.2227	0.1613	0.1201	0.1017	0.0985	0.0967	0.0940	0.0938	0.1539	0.1150	0.1057	0.0972	0.0952	0.0936	0.0933	0.0947	0.1206	0.1070	0.0989	0.0958	0.0946	0.0943	0.0951	0.0936	0.1081	0.1016	0.0972	0.0956	0.0944	0.0948	0.0949	0.0937	
0.3759	0.2518	0.1888	0.1413	0.1087	0.0995	0.0955	0.0945	0.3779	0.2575	0.1907	0.1352	0.1067	0.0991	0.0976	0.0930	0.3512	0.2430	0.1637	0.1153	0.1016	0.0957	0.0933	0.0926	0.3301	0.2215	0.1564	0.1117	0.0996	0.0956	0.0927	0.0938	0.2421	0.1705	0.1236	0.1025	0.0977	0.0968	0.0933	0.0932	0.1590	0.1179	0.1058	0.0977	0.0946	0.0947	0.0930	0.0938	0.1225	0.1076	0.0983	0.0957	0.0935	0.0956	0.0938	0.0923	0.1095	0.1030	0.0980	0.0966	0.0952	0.0954	0.0953	0.0932	
0.4033	0.2712	0.2021	0.1504	0.1109	0.1002	0.0964	0.0947	0.4046	0.2779	0.2043	0.1406	0.1091	0.0999	0.0982	0.0939	0.3791	0.2580	0.1745	0.1194	0.1026	0.0962	0.0940	0.0932	0.3528	0.2353	0.1649	0.1134	0.1002	0.0965	0.0936	0.0933	0.2626	0.1795	0.1281	0.1016	0.0973	0.0974	0.0941	0.0934	0.1671	0.1201	0.1073	0.0978	0.0946	0.0944	0.0931	0.0939	0.1250	0.1099	0.0999	0.0958	0.0943	0.0948	0.0944	0.0931	0.1090	0.1024	0.0980	0.0965	0.0946	0.0952	0.0954	0.0931	
0.4362	0.2965	0.2154	0.1560	0.1130	0.1010	0.0962	0.0945	0.4413	0.3006	0.2200	0.1469	0.1108	0.0996	0.0986	0.0933	0.4129	0.2812	0.1839	0.1217	0.1033	0.0969	0.0936	0.0919	0.3828	0.2561	0.1731	0.1153	0.1002	0.0965	0.0927	0.0932	0.2821	0.1909	0.1325	0.1031	0.0979	0.0968	0.0938	0.0929	0.1765	0.1226	0.1073	0.0975	0.0947	0.0943	0.0942	0.0930	0.1280	0.1097	0.1004	0.0957	0.0945	0.0947	0.0943	0.0933	0.1103	0.1026	0.0983	0.0954	0.0948	0.0954	0.0947	0.0928	
0.4673	0.3138	0.2312	0.1635	0.1155	0.1015	0.0959	0.0943	0.4746	0.3237	0.2340	0.1541	0.1138	0.1004	0.0978	0.0930	0.4449	0.3013	0.1964	0.1262	0.1031	0.0966	0.0933	0.0924	0.4158	0.2787	0.1842	0.1179	0.0999	0.0975	0.0935	0.0939	0.3084	0.2069	0.1379	0.1047	0.0994	0.0973	0.0937	0.0931	0.1855	0.1275	0.1102	0.0983	0.0952	0.0953	0.0928	0.0929	0.1314	0.1107	0.1002	0.0960	0.0937	0.0943	0.0935	0.0926	0.1110	0.1031	0.0977	0.0952	0.0944	0.0943	0.0937	0.0931	
0.5027	0.3448	0.2465	0.1752	0.1192	0.1028	0.0972	0.0946	0.5141	0.3528	0.2508	0.1620	0.1168	0.1006	0.0988	0.0937	0.4819	0.3265	0.2075	0.1305	0.1058	0.0963	0.0948	0.0927	0.4500	0.2923	0.1947	0.1225	0.1013	0.0969	0.0934	0.0935	0.3293	0.2179	0.1433	0.1050	0.0985	0.0976	0.0938	0.0929	0.1979	0.1294	0.1117	0.0995	0.0958	0.0947	0.0937	0.0938	0.1339	0.1117	0.1006	0.0955	0.0949	0.0943	0.0937	0.0927	0.1119	0.1035	0.0977	0.0969	0.0949	0.0954	0.0943	0.0929	
0.5344	0.3701	0.2653	0.1872	0.1231	0.1033	0.0970	0.0953	0.5438	0.3813	0.2700	0.1744	0.1204	0.1022	0.0991	0.0934	0.5142	0.3589	0.2247	0.1359	0.1069	0.0980	0.0946	0.0931	0.4843	0.3197	0.2071	0.1254	0.1020	0.0972	0.0936	0.0939	0.3586	0.2352	0.1481	0.1079	0.1000	0.0977	0.0936	0.0948	0.2110	0.1347	0.1139	0.0989	0.0961	0.0951	0.0930	0.0943	0.1390	0.1146	0.1024	0.0957	0.0948	0.0941	0.0955	0.0945	0.1141	0.1062	0.0987	0.0963	0.0957	0.0960	0.0954	0.0944	
0.5653	0.4014	0.2830	0.1975	0.1265	0.1044	0.0973	0.0946	0.5748	0.4091	0.2886	0.1820	0.1228	0.1025	0.0996	0.0933	0.5437	0.3853	0.2407	0.1408	0.1073	0.0982	0.0942	0.0929	0.5154	0.3492	0.2238	0.1287	0.1020	0.0967	0.0937	0.0931	0.3908	0.2518	0.1582	0.1094	0.1002	0.0983	0.0937	0.0934	0.2246	0.1397	0.1163	0.0995	0.0968	0.0943	0.0937	0.0940	0.1414	0.1155	0.1024	0.0970	0.0965	0.0939	0.0950	0.0931	0.1147	0.1048	0.0996	0.0973	0.0945	0.0946	0.0950	0.0931	
0.5913	0.4289	0.3023	0.2079	0.1321	0.1058	0.0977	0.0949	0.6050	0.4363	0.3084	0.1905	0.1282	0.1031	0.0998	0.0935	0.5796	0.4117	0.2563	0.1493	0.1104	0.0985	0.0951	0.0941	0.5503	0.3731	0.2388	0.1336	0.1049	0.0979	0.0948	0.0946	0.4250	0.2697	0.1640	0.1105	0.1003	0.0981	0.0945	0.0932	0.2395	0.1433	0.1189	0.0998	0.0968	0.0960	0.0930	0.0938	0.1451	0.1150	0.1027	0.0974	0.0938	0.0954	0.0944	0.0933	0.1176	0.1063	0.1001	0.0973	0.0952	0.0962	0.0954	0.0938	
0.6202	0.4588	0.3255	0.2238	0.1373	0.1076	0.0986	0.0954	0.6370	0.4721	0.3305	0.2032	0.1330	0.1052	0.1008	0.0940	0.6117	0.4472	0.2751	0.1562	0.1123	0.0990	0.0951	0.0935	0.5824	0.4010	0.2560	0.1390	0.1049	0.0971	0.0944	0.0937	0.4575	0.2920	0.1711	0.1117	0.1010	0.0978	0.0938	0.0941	0.2563	0.1488	0.1208	0.1017	0.0969	0.0948	0.0931	0.0937	0.1494	0.1182	0.1038	0.0963	0.0953	0.0946	0.0951	0.0934	0.1177	0.1067	0.0996	0.0963	0.0960	0.0954	0.0949	0.0929	
0.6441	0.4879	0.3480	0.2372	0.1423	0.1072	0.0985	0.0954	0.6632	0.4961	0.3498	0.2179	0.1378	0.1055	0.1003	0.0936	0.6354	0.4739	0.2965	0.1617	0.1136	0.0996	0.0948	0.0932	0.6147	0.4312	0.2738	0.1445	0.1056	0.0972	0.0931	0.0930	0.4921	0.3117	0.1817	0.1136	0.1031	0.0974	0.0942	0.0935	0.2739	0.1547	0.1232	0.1011	0.0957	0.0945	0.0936	0.0937	0.1534	0.1182	0.1044	0.0963	0.0946	0.0946	0.0943	0.0914	0.1174	0.1073	0.0994	0.0965	0.0952	0.0968	0.0948	0.0946	
0.6668	0.5131	0.3674	0.2519	0.1483	0.1089	0.0979	0.0955	0.6860	0.5248	0.3723	0.2291	0.1422	0.1055	0.0989	0.0932	0.6624	0.5055	0.3145	0.1694	0.1155	0.0987	0.0944	0.0925	0.6418	0.4551	0.2911	0.1485	0.1067	0.0966	0.0934	0.0927	0.5197	0.3365	0.1895	0.1160	0.1012	0.0971	0.0929	0.0925	0.2926	0.1616	0.1269	0.1021	0.0960	0.0946	0.0926	0.0928	0.1570	0.1213	0.1048	0.0969	0.0940	0.0931	0.0939	0.0919	0.1182	0.1063	0.0994	0.0949	0.0946	0.0953	0.0939	0.0923	
0.6922	0.5403	0.3928	0.2696	0.1565	0.1112	0.0992	0.0964	0.7159	0.5558	0.3995	0.2473	0.1503	0.1082	0.1013	0.0952	0.6897	0.5355	0.3383	0.1805	0.1198	0.0994	0.0965	0.0934	0.6660	0.4855	0.3128	0.1574	0.1082	0.0977	0.0939	0.0929	0.5541	0.3571	0.1996	0.1196	0.1026	0.0990	0.0941	0.0944	0.3158	0.1682	0.1309	0.1033	0.0965	0.0942	0.0936	0.0942	0.1676	0.1245	0.1069	0.0978	0.0963	0.0947	0.0938	0.0936	0.1221	0.1075	0.1001	0.0970	0.0954	0.0965	0.0951	0.0928	
0.7142	0.5710	0.4192	0.2856	0.1645	0.1136	0.0994	0.0968	0.7384	0.5856	0.4274	0.2613	0.1578	0.1097	0.1015	0.0944	0.7141	0.5625	0.3572	0.1909	0.1219	0.1008	0.0954	0.0941	0.6875	0.5169	0.3329	0.1654	0.1099	0.0976	0.0943	0.0936	0.5850	0.3888	0.2126	0.1213	0.1026	0.0982	0.0943	0.0933	0.3367	0.1767	0.1347	0.1026	0.0978	0.0947	0.0934	0.0939	0.1731	0.1275	0.1074	0.0981	0.0954	0.0949	0.0952	0.0930	0.1252	0.1078	0.1008	0.0965	0.0960	0.0959	0.0943	0.0939	
0.7391	0.5995	0.4467	0.3047	0.1727	0.1150	0.0995	0.0962	0.7670	0.6140	0.4536	0.2820	0.1676	0.1117	0.1017	0.0943	0.7370	0.5890	0.3813	0.2022	0.1246	0.1020	0.0962	0.0934	0.7144	0.5430	0.3573	0.1718	0.1124	0.0991	0.0948	0.0940	0.6122	0.4164	0.2243	0.1257	0.1041	0.0993	0.0939	0.0928	0.3633	0.1874	0.1392	0.1047	0.0978	0.0943	0.0940	0.0937	0.1840	0.1282	0.1098	0.0989	0.0959	0.0964	0.0949	0.0929	0.1286	0.1085	0.1015	0.0975	0.0971	0.0969	0.0950	0.0937	
0.7563	0.6224	0.4673	0.3196	0.1814	0.1177	0.0996	0.0954	0.7806	0.6359	0.4722	0.2950	0.1738	0.1122	0.1020	0.0941	0.7659	0.6141	0.4065	0.2126	0.1294	0.1020	0.0949	0.0928	0.7364	0.5701	0.3761	0.1803	0.1142	0.0990	0.0933	0.0924	0.6402	0.4390	0.2332	0.1277	0.1035	0.0989	0.0931	0.0931	0.3914	0.1968	0.1422	0.1052	0.0970	0.0951	0.0927	0.0924	0.1884	0.1306	0.1086	0.0977	0.0944	0.0939	0.0942	0.0916	0.1272	0.1084	0.1000	0.0959	0.0944	0.0955	0.0941	0.0914	
0.7673	0.6438	0.4892	0.3399	0.1914	0.1209	0.1014	0.0965	0.7924	0.6637	0.4980	0.3135	0.1834	0.1140	0.1026	0.0943	0.7816	0.6375	0.4277	0.2259	0.1326	0.1036	0.0958	0.0929	0.7634	0.5990	0.4048	0.1898	0.1158	0.0997	0.0942	0.0932	0.6650	0.4677	0.2507	0.1320	0.1052	0.0980	0.0935	0.0932	0.4188	0.2059	0.1495	0.1067	0.0970	0.0949	0.0930	0.0927	0.2035	0.1343	0.1127	0.0996	0.0960	0.0947	0.0945	0.0925	0.1313	0.1100	0.1014	0.0968	0.0954	0.0962	0.0944	0.0927	
0.7765	0.6698	0.5165	0.3630	0.2002	0.1237	0.1011	0.0957	0.8002	0.6890	0.5286	0.3347	0.1954	0.1159	0.1029	0.0937	0.7953	0.6654	0.4560	0.2387	0.1370	0.1046	0.0957	0.0929	0.7789	0.6233	0.4276	0.1991	0.1184	0.0998	0.0944	0.0933	0.6839	0.4941	0.2680	0.1376	0.1065	0.0982	0.0943	0.0934	0.4504	0.2189	0.1523	0.1089	0.0975	0.0953	0.0938	0.0933	0.2148	0.1361	0.1130	0.0985	0.0950	0.0947	0.0949	0.0928	0.1332	0.1111	0.1031	0.0980	0.0954	0.0961	0.0945	0.0933	
0.7813	0.6865	0.5391	0.3815	0.2142	0.1289	0.1028	0.0959	0.8045	0.7071	0.5483	0.3561	0.2041	0.1192	0.1027	0.0939	0.7981	0.6848	0.4737	0.2546	0.1436	0.1054	0.0958	0.0931	0.7994	0.6509	0.4509	0.2110	0.1224	0.1001	0.0951	0.0929	0.7108	0.5231	0.2842	0.1422	0.1081	0.0998	0.0943	0.0933	0.4749	0.2319	0.1570	0.1099	0.0974	0.0940	0.0929	0.0927	0.2256	0.1392	0.1162	0.0997	0.0960	0.0940	0.0948	0.0928	0.1347	0.1113	0.1017	0.0975	0.0957	0.0954	0.0945	0.0932	
0.7846	0.7010	0.5617	0.4034	0.2244	0.1327	0.1033	0.0974	0.8088	0.7217	0.5724	0.3784	0.2153	0.1221	0.1037	0.0949	0.8019	0.7039	0.5029	0.2705	0.1469	0.1084	0.0965	0.0944	0.8114	0.6717	0.4768	0.2249	0.1256	0.1009	0.0952	0.0930	0.7366	0.5439	0.3022	0.1503	0.1090	0.0994	0.0949	0.0934	0.5101	0.2469	0.1688	0.1127	0.0983	0.0958	0.0938	0.0931	0.2386	0.1466	0.1176	0.1016	0.0959	0.0959	0.0945	0.0931	0.1393	0.1119	0.1040	0.0982	0.0967	0.0953	0.0950	0.0934	
0.7871	0.7107	0.5817	0.4277	0.2385	0.1393	0.1043	0.0966	0.8100	0.7296	0.5938	0.4022	0.2267	0.1281	0.1040	0.0942	0.8030	0.7123	0.5259	0.2860	0.1563	0.1100	0.0973	0.0942	0.8160	0.6999	0.4992	0.2344	0.1313	0.1026	0.0948	0.0939	0.7610	0.5782	0.3217	0.1541	0.1111	0.1003	0.0944	0.0940	0.5438	0.2613	0.1757	0.1156	0.0996	0.0960	0.0946	0.0932	0.2575	0.1507	0.1191	0.1009	0.0972	0.0961	0.0956	0.0931	0.1402	0.1134	0.1039	0.0981	0.0958	0.0964	0.0954	0.0933	
0.7918	0.7202	0.6079	0.4482	0.2490	0.1432	0.1051	0.0967	0.8137	0.7429	0.6195	0.4218	0.2398	0.1297	0.1046	0.0933	0.8101	0.7265	0.5501	0.3048	0.1625	0.1123	0.0970	0.0938	0.8215	0.7138	0.5238	0.2495	0.1322	0.1022	0.0947	0.0928	0.7683	0.6041	0.3400	0.1607	0.1124	0.1007	0.0937	0.0931	0.5737	0.2789	0.1850	0.1182	0.0992	0.0952	0.0936	0.0929	0.2740	0.1561	0.1225	0.1019	0.0972	0.0949	0.0953	0.0925	0.1428	0.1134	0.1043	0.0983	0.0956	0.0954	0.0944	0.0930	
0.7964	0.7212	0.6272	0.4686	0.2630	0.1498	0.1070	0.0967	0.8180	0.7423	0.6422	0.4447	0.2548	0.1362	0.1064	0.0950	0.8136	0.7313	0.5762	0.3231	0.1689	0.1149	0.0982	0.0943	0.8284	0.7282	0.5480	0.2646	0.1369	0.1051	0.0958	0.0935	0.7813	0.6258	0.3659	0.1680	0.1152	0.1011	0.0953	0.0934	0.6015	0.3012	0.1986	0.1210	0.0998	0.0962	0.0943	0.0937	0.2909	0.1580	0.1252	0.1015	0.0969	0.0961	0.0952	0.0935	0.1464	0.1171	0.1041	0.0995	0.0953	0.0958	0.0960	0.0926	
0.7910	0.7192	0.6384	0.4841	0.2771	0.1560	0.1084	0.0973	0.8149	0.7427	0.6619	0.4611	0.2690	0.1395	0.1072	0.0948	0.8131	0.7326	0.6007	0.3370	0.1759	0.1161	0.0981	0.0938	0.8281	0.7426	0.5744	0.2797	0.1395	0.1061	0.0964	0.0929	0.7902	0.6524	0.3796	0.1751	0.1159	0.1020	0.0945	0.0941	0.6360	0.3130	0.2059	0.1225	0.1005	0.0960	0.0943	0.0928	0.3025	0.1639	0.1279	0.1026	0.0984	0.0963	0.0951	0.0922	0.1499	0.1166	0.1049	0.0998	0.0961	0.0958	0.0949	0.0933	
0.7965	0.7258	0.6505	0.5103	0.2951	0.1636	0.1112	0.0980	0.8216	0.7479	0.6682	0.4820	0.2851	0.1446	0.1090	0.0952	0.8171	0.7372	0.6198	0.3640	0.1858	0.1194	0.0989	0.0944	0.8353	0.7522	0.5958	0.2991	0.1468	0.1062	0.0968	0.0936	0.7941	0.6709	0.4041	0.1839	0.1197	0.1029	0.0958	0.0954	0.6539	0.3373	0.2185	0.1264	0.1011	0.0963	0.0941	0.0937	0.3246	0.1716	0.1323	0.1047	0.0974	0.0962	0.0954	0.0932	0.1534	0.1192	0.1059	0.1003	0.0969	0.0976	0.0946	0.0941	
0.7962	0.7273	0.6564	0.5309	0.3111	0.1703	0.1120	0.0976	0.8195	0.7481	0.6760	0.5045	0.3005	0.1507	0.1092	0.0945	0.8146	0.7398	0.6414	0.3815	0.1936	0.1212	0.0986	0.0941	0.8334	0.7571	0.6199	0.3140	0.1513	0.1077	0.0962	0.0935	0.7999	0.6893	0.4227	0.1896	0.1217	0.1031	0.0952	0.0929	0.6859	0.3570	0.2271	0.1305	0.1014	0.0967	0.0939	0.0936	0.3443	0.1748	0.1333	0.1059	0.0978	0.0957	0.0947	0.0923	0.1593	0.1191	0.1058	0.1008	0.0965	0.0959	0.0950	0.0929	
0.7912	0.7268	0.6576	0.5522	0.3233	0.1779	0.1131	0.0982	0.8173	0.7493	0.6786	0.5280	0.3189	0.1566	0.1109	0.0949	0.8165	0.7399	0.6473	0.3963	0.2014	0.1244	0.0982	0.0945	0.8329	0.7629	0.6450	0.3288	0.1558	0.1089	0.0971	0.0937	0.7986	0.7101	0.4512	0.2005	0.1232	0.1034	0.0958	0.0939	0.7067	0.3789	0.2378	0.1309	0.1029	0.0972	0.0946	0.0937	0.3661	0.1821	0.1394	0.1076	0.0982	0.0967	0.0949	0.0937	0.1625	0.1213	0.1069	0.1010	0.0971	0.0959	0.0947	0.0938	
0.8014	0.7309	0.6634	0.5797	0.3452	0.1886	0.1155	0.0974	0.8221	0.7521	0.6832	0.5514	0.3320	0.1598	0.1106	0.0949	0.8199	0.7445	0.6600	0.4195	0.2109	0.1273	0.0993	0.0945	0.8331	0.7613	0.6564	0.3482	0.1615	0.1095	0.0977	0.0930	0.8027	0.7098	0.4723	0.2091	0.1279	0.1050	0.0958	0.0938	0.7333	0.4005	0.2573	0.1368	0.1043	0.0976	0.0945	0.0930	0.3925	0.1873	0.1419	0.1062	0.0983	0.0957	0.0944	0.0924	0.1659	0.1213	0.1072	0.1012	0.0957	0.0965	0.0950	0.0934	
0.8011	0.7373	0.6680	0.5974	0.3629	0.1987	0.1167	0.0982	0.8266	0.7539	0.6874	0.5752	0.3475	0.1677	0.1125	0.0946	0.8238	0.7509	0.6666	0.4421	0.2229	0.1317	0.0994	0.0938	0.8402	0.7643	0.6722	0.3716	0.1711	0.1108	0.0965	0.0930	0.8056	0.7156	0.4900	0.2217	0.1304	0.1047	0.0955	0.0926	0.7516	0.4003	0.2701	0.1388	0.1050	0.0976	0.0939	0.0928	0.4155	0.1977	0.1468	0.1092	0.0994	0.0957	0.0941	0.0929	0.1717	0.1230	0.1076	0.1016	0.0955	0.0952	0.0945	0.0936	
0.7997	0.7330	0.6693	0.6123	0.3792	0.2080	0.1195	0.0984	0.8230	0.7545	0.6874	0.5958	0.3638	0.1741	0.1130	0.0947	0.8226	0.7476	0.6665	0.4636	0.2321	0.1354	0.1004	0.0938	0.8391	0.7670	0.6845	0.3876	0.1785	0.1126	0.0982	0.0927	0.8062	0.7216	0.5183	0.2282	0.1334	0.1065	0.0950	0.0930	0.7719	0.4276	0.2825	0.1428	0.1053	0.0968	0.0946	0.0930	0.4455	0.2079	0.1504	0.1093	0.0985	0.0972	0.0955	0.0930	0.1753	0.1246	0.1084	0.1020	0.0966	0.0957	0.0959	0.0923	
0.8044	0.7404	0.6727	0.6213	0.3980	0.2160	0.1241	0.0993	0.8284	0.7600	0.6961	0.6170	0.3856	0.1796	0.1153	0.0957	0.8254	0.7542	0.6772	0.4839	0.2449	0.1394	0.1017	0.0947	0.8429	0.7714	0.6989	0.4087	0.1868	0.1161	0.0992	0.0938	0.8096	0.7192	0.5427	0.2447	0.1370	0.1076	0.0966	0.0936	0.7805	0.4490	0.2996	0.1482	0.1063	0.0993	0.0951	0.0936	0.4779	0.2181	0.1584	0.1107	0.1008	0.0973	0.0950	0.0937	0.1833	0.1271	0.1115	0.1035	0.0967	0.0961	0.0956	0.0946	
0.8022	0.7387	0.6705	0.6291	0.4139	0.2253	0.1272	0.1000	0.8362	0.7623	0.6987	0.6300	0.4022	0.1897	0.1180	0.0966	0.8271	0.7519	0.6797	0.5063	0.2573	0.1457	0.1038	0.0955	0.8440	0.7755	0.6996	0.4237	0.1941	0.1181	0.0993	0.0939	0.8114	0.7293	0.5722	0.2565	0.1426	0.1104	0.0958	0.0940	0.7901	0.4787	0.3216	0.1557	0.1090	0.0994	0.0952	0.0937	0.5020	0.2293	0.1624	0.1129	0.0997	0.0977	0.0956	0.0934	0.1922	0.1310	0.1128	0.1041	0.0977	0.0975	0.0960	0.0944	
0.8024	0.7393	0.6794	0.6323	0.4347	0.2366	0.1309	0.0999	0.8363	0.7641	0.7024	0.6399	0.4229	0.1986	0.1189	0.0966	0.8274	0.7564	0.6794	0.5243	0.2671	0.1515	0.1039	0.0948	0.8433	0.7770	0.7033	0.4477	0.2043	0.1207	0.0999	0.0939	0.8131	0.7313	0.5966	0.2733	0.1497	0.1112	0.0967	0.0945	0.7886	0.5062	0.3376	0.1635	0.1119	0.0989	0.0956	0.0942	0.5126	0.2408	0.1693	0.1147	0.1013	0.0974	0.0960	0.0937	0.1969	0.1306	0.1136	0.1037	0.0976	0.0972	0.0963	0.0945	
0.8164	0.7484	0.6860	0.6421	0.4573	0.2500	0.1356	0.1000	0.8416	0.7716	0.7114	0.6483	0.4421	0.2097	0.1204	0.0961	0.8310	0.7628	0.6896	0.5514	0.2861	0.1563	0.1063	0.0951	0.8493	0.7740	0.7087	0.4633	0.2157	0.1229	0.1007	0.0951	0.8173	0.7333	0.6168	0.2879	0.1565	0.1149	0.0968	0.0945	0.7908	0.5289	0.3540	0.1672	0.1131	0.1011	0.0961	0.0942	0.5429	0.2531	0.1736	0.1148	0.1025	0.0984	0.0966	0.0933	0.2029	0.1314	0.1141	0.1055	0.0986	0.0967	0.0958	0.0938	
0.8146	0.7486	0.6849	0.6426	0.4744	0.2625	0.1401	0.1008	0.8437	0.7731	0.7084	0.6489	0.4599	0.2158	0.1220	0.0958	0.8340	0.7631	0.6873	0.5701	0.2984	0.1611	0.1061	0.0948	0.8491	0.7794	0.7099	0.4880	0.2206	0.1252	0.1018	0.0930	0.8161	0.7336	0.6286	0.2986	0.1588	0.1138	0.0974	0.0936	0.7927	0.5635	0.3675	0.1741	0.1144	0.1042	0.0967	0.0939	0.5772	0.2657	0.1782	0.1174	0.1026	0.0976	0.0955	0.0926	0.2087	0.1322	0.1148	0.1048	0.0980	0.0964	0.0959	0.0936	
0.8163	0.7500	0.6907	0.6485	0.4960	0.2733	0.1463	0.1020	0.8452	0.7741	0.7153	0.6597	0.4826	0.2275	0.1247	0.0961	0.8382	0.7676	0.6977	0.5881	0.3150	0.1665	0.1074	0.0959	0.8533	0.7804	0.7190	0.5085	0.2327	0.1291	0.1030	0.0953	0.8180	0.7294	0.6518	0.3179	0.1662	0.1165	0.0981	0.0948	0.7970	0.5858	0.3739	0.1833	0.1171	0.1005	0.0972	0.0943	0.6081	0.2812	0.1885	0.1194	0.1032	0.0982	0.0970	0.0939	0.2171	0.1371	0.1175	0.1072	0.0981	0.0976	0.0968	0.0947	
0.8106	0.7477	0.6838	0.6450	0.5086	0.2853	0.1541	0.1021	0.8472	0.7715	0.7121	0.6566	0.5004	0.2344	0.1271	0.0970	0.8322	0.7632	0.6951	0.6009	0.3287	0.1732	0.1092	0.0968	0.8549	0.7899	0.7230	0.5337	0.2464	0.1329	0.1048	0.0956	0.8218	0.7396	0.6624	0.3383	0.1725	0.1213	0.0985	0.0945	0.7958	0.6158	0.4005	0.1892	0.1182	0.1024	0.0970	0.0941	0.6321	0.2893	0.1964	0.1234	0.1034	0.0985	0.0962	0.0962	0.2286	0.1399	0.1186	0.1088	0.1016	0.1005	0.0991	0.0974	
0.8151	0.7507	0.6916	0.6457	0.5305	0.3020	0.1601	0.1031	0.8550	0.7769	0.7183	0.6614	0.5198	0.2481	0.1302	0.0978	0.8353	0.7684	0.6978	0.6136	0.3493	0.1815	0.1115	0.0968	0.8586	0.7902	0.7239	0.5509	0.2602	0.1385	0.1058	0.0956	0.8292	0.7428	0.6652	0.3591	0.1810	0.1241	0.0998	0.0961	0.8009	0.6399	0.4276	0.1982	0.1233	0.1042	0.0997	0.0941	0.6633	0.3097	0.2024	0.1244	0.1061	0.1007	0.0965	0.0947	0.2388	0.1411	0.1188	0.1106	0.1019	0.1000	0.0997	0.0981	
0.8200	0.7550	0.6957	0.6524	0.5527	0.3149	0.1673	0.1048	0.8557	0.7771	0.7239	0.6649	0.5413	0.2562	0.1339	0.0986	0.8388	0.7644	0.6975	0.6171	0.3611	0.1847	0.1134	0.0973	0.8616	0.7958	0.7284	0.5772	0.2684	0.1419	0.1085	0.0962	0.8349	0.7476	0.6703	0.3752	0.1854	0.1241	0.1000	0.0959	0.8009	0.6707	0.4497	0.2073	0.1232	0.1059	0.0993	0.0952	0.6912	0.3248	0.2159	0.1259	0.1054	0.1016	0.0971	0.0937	0.2478	0.1435	0.1207	0.1100	0.1001	0.0987	0.0979	0.0952	
0.8251	0.7550	0.6952	0.6532	0.5658	0.3337	0.1689	0.1042	0.8628	0.7769	0.7210	0.6701	0.5611	0.2707	0.1355	0.0973	0.8460	0.7722	0.7009	0.6244	0.3840	0.1927	0.1151	0.0965	0.8644	0.7937	0.7311	0.5969	0.2855	0.1467	0.1081	0.0957	0.8368	0.7517	0.6779	0.3935	0.1937	0.1272	0.0994	0.0942	0.8072	0.6926	0.4776	0.2144	0.1253	0.1050	0.0994	0.0943	0.7135	0.3475	0.2225	0.1293	0.1066	0.1004	0.0964	0.0938	0.2574	0.1485	0.1222	0.1114	0.0988	0.0987	0.0965	0.0945	
0.8284	0.7586	0.7038	0.6537	0.5678	0.3405	0.1779	0.1056	0.8708	0.7863	0.7332	0.6767	0.5791	0.2831	0.1398	0.0979	0.8528	0.7764	0.7129	0.6367	0.3974	0.2031	0.1173	0.0965	0.8679	0.7917	0.7351	0.6076	0.2999	0.1498	0.1107	0.0955	0.8352	0.7470	0.6738	0.4145	0.2014	0.1303	0.1000	0.0949	0.8013	0.7077	0.4985	0.2252	0.1296	0.1059	0.1001	0.0949	0.7387	0.3646	0.2322	0.1300	0.1069	0.1005	0.0963	0.0933	0.2709	0.1495	0.1232	0.1129	0.1001	0.0978	0.0975	0.0944	
0.8269	0.7614	0.7003	0.6604	0.5798	0.3607	0.1827	0.1067	0.8722	0.7837	0.7304	0.6746	0.5908	0.2942	0.1413	0.0991	0.8526	0.7751	0.7101	0.6377	0.4159	0.2102	0.1202	0.0974	0.8685	0.8030	0.7378	0.6278	0.3100	0.1542	0.1134	0.0963	0.8406	0.7522	0.6788	0.4338	0.2087	0.1333	0.1017	0.0971	0.8063	0.7244	0.5261	0.2350	0.1322	0.1071	0.1000	0.0950	0.7602	0.3832	0.2440	0.1345	0.1094	0.1030	0.0983	0.0940	0.2815	0.1514	0.1234	0.1126	0.1001	0.1014	0.0972	0.0948	
0.8305	0.7623	0.7075	0.6567	0.5822	0.3771	0.1904	0.1080	0.8775	0.7893	0.7355	0.6739	0.6018	0.3156	0.1464	0.1002	0.8553	0.7781	0.7128	0.6392	0.4380	0.2198	0.1226	0.0984	0.8777	0.8016	0.7402	0.6394	0.3287	0.1618	0.1168	0.0974	0.8466	0.7580	0.6876	0.4577	0.2215	0.1386	0.1032	0.0975	0.8135	0.7288	0.5527	0.2462	0.1363	0.1099	0.1028	0.0962	0.7721	0.4056	0.2539	0.1370	0.1118	0.1037	0.0985	0.0955	0.2960	0.1555	0.1269	0.1170	0.1018	0.0997	0.0987	0.0967	
0.8310	0.7625	0.7093	0.6571	0.5845	0.3948	0.2007	0.1089	0.8792	0.7886	0.7323	0.6774	0.6049	0.3257	0.1505	0.1008	0.8602	0.7780	0.7174	0.6413	0.4566	0.2329	0.1240	0.0976	0.8734	0.8027	0.7421	0.6474	0.3453	0.1633	0.1171	0.0970	0.8519	0.7601	0.6917	0.4816	0.2308	0.1401	0.1034	0.0974	0.8124	0.7368	0.5731	0.2568	0.1386	0.1093	0.1024	0.0954	0.7742	0.4301	0.2656	0.1418	0.1124	0.1040	0.0985	0.0941	0.3119	0.1584	0.1276	0.1172	0.1019	0.1001	0.0980	0.0951	
0.8357	0.7661	0.7095	0.6639	0.5862	0.4077	0.2062	0.1101	0.8870	0.7889	0.7357	0.6860	0.6130	0.3387	0.1541	0.1002	0.8614	0.7826	0.7195	0.6472	0.4741	0.2392	0.1253	0.0977	0.8774	0.8009	0.7478	0.6563	0.3628	0.1705	0.1191	0.0964	0.8551	0.7619	0.6983	0.4988	0.2415	0.1434	0.1045	0.0967	0.8161	0.7384	0.5974	0.2735	0.1412	0.1138	0.1039	0.0948	0.7830	0.4480	0.2821	0.1436	0.1119	0.1036	0.0990	0.0934	0.3299	0.1609	0.1298	0.1186	0.1021	0.0998	0.0968	0.0956	
0.8298	0.7678	0.7142	0.6646	0.5866	0.4198	0.2112	0.1094	0.8868	0.7942	0.7443	0.6839	0.6054	0.3560	0.1567	0.1000	0.8609	0.7860	0.7233	0.6486	0.4865	0.2476	0.1290	0.0977	0.8815	0.8053	0.7469	0.6611	0.3788	0.1774	0.1222	0.0963	0.8535	0.7668	0.6918	0.5025	0.2527	0.1454	0.1044	0.0968	0.8135	0.7401	0.6175	0.2852	0.1455	0.1121	0.1038	0.0950	0.7792	0.4647	0.2925	0.1447	0.1131	0.1036	0.0972	0.0934	0.3438	0.1621	0.1306	0.1188	0.1019	0.0994	0.0973	0.0942	
0.8292	0.7682	0.7193	0.6669	0.5871	0.4396	0.2233	0.1118	0.8941	0.7957	0.7497	0.6867	0.6176	0.3723	0.1638	0.1019	0.8645	0.7864	0.7272	0.6543	0.5107	0.2636	0.1339	0.0992	0.8814	0.8120	0.7521	0.6648	0.4010	0.1830	0.1247	0.0977	0.8634	0.7694	0.7009	0.5213	0.2622	0.1523	0.1062	0.0973	0.8148	0.7382	0.6395	0.3012	0.1519	0.1134	0.1053	0.0957	0.7818	0.4939	0.3129	0.1519	0.1163	0.1061	0.1000	0.0949	0.3617	0.1671	0.1350	0.1233	0.1040	0.1008	0.0984	0.0960	
0.8394	0.7698	0.7220	0.6666	0.5896	0.4606	0.2306	0.1143	0.8974	0.7935	0.7419	0.6882	0.6192	0.3856	0.1655	0.1014	0.8703	0.7845	0.7259	0.6528	0.5319	0.2721	0.1354	0.0982	0.8860	0.8107	0.7498	0.6749	0.4149	0.1898	0.1270	0.0987	0.8671	0.7706	0.7052	0.5419	0.2774	0.1544	0.1050	0.0971	0.8188	0.7373	0.6609	0.3145	0.1548	0.1130	0.1059	0.0963	0.7810	0.5107	0.3211	0.1545	0.1159	0.1064	0.0988	0.0947	0.3806	0.1710	0.1357	0.1238	0.1025	0.1001	0.0970	0.0947	
0.8419	0.7765	0.7227	0.6728	0.5946	0.4767	0.2407	0.1154	0.9071	0.8016	0.7515	0.6937	0.6264	0.4013	0.1715	0.1033	0.9353	0.7965	0.7342	0.6616	0.5490	0.2930	0.1405	0.1001	0.8875	0.8160	0.7570	0.6789	0.4427	0.1989	0.1333	0.0993	0.8696	0.7759	0.7068	0.5634	0.2875	0.1632	0.1095	0.0983	0.8189	0.7421	0.6717	0.3324	0.1621	0.1168	0.1077	0.0965	0.7851	0.5342	0.3373	0.1621	0.1207	0.1088	0.1006	0.0963	0.3878	0.1809	0.1381	0.1266	0.1042	0.1016	0.0990	0.0958	
