0.0910	0.0910	0.0893	0.0890	0.0898	0.0916	0.0916	0.1041	0.0892	0.0911	0.0916	0.0903	0.0900	0.0921	0.0920	0.1010	0.0893	0.0887	0.0884	0.1001	0.0890	0.1108	0.0920	0.1286	0.0911	0.0897	0.0906	0.1112	0.0895	0.1383	0.0914	0.1444	0.0907	0.0915	0.0891	0.1087	0.0919	0.1298	0.0916	0.1235	0.0904	0.0926	0.0919	0.1034	0.0909	0.1115	0.0911	0.1054	0.0910	0.0933	0.0916	0.1084	0.0918	0.1109	0.0938	0.1199	0.0917	0.0898	0.0913	0.0914	0.0912	0.0918	0.0942	0.0996	
0.0890	0.0911	0.0898	0.0901	0.0906	0.0912	0.0891	0.0907	0.0890	0.0904	0.0884	0.0912	0.0896	0.0892	0.0926	0.0904	0.0899	0.0884	0.0894	0.0894	0.0901	0.0920	0.0906	0.0917	0.0882	0.0894	0.0903	0.0906	0.0903	0.0908	0.0907	0.0917	0.0906	0.0892	0.0897	0.0911	0.0893	0.0887	0.0914	0.0958	0.0903	0.0884	0.0905	0.0921	0.0903	0.0915	0.0893	0.0981	0.0870	0.0903	0.0890	0.0894	0.0900	0.0913	0.0921	0.0968	0.0880	0.0892	0.0892	0.0880	0.0884	0.0916	0.0930	0.0971	
0.0902	0.0920	0.0903	0.0913	0.0933	0.0927	0.0925	0.0933	0.0916	0.0910	0.0917	0.0934	0.0918	0.0930	0.0931	0.0936	0.0906	0.0913	0.0907	0.0914	0.0917	0.0921	0.0925	0.0941	0.0919	0.0919	0.0927	0.0917	0.0913	0.0920	0.0932	0.0933	0.0919	0.0908	0.0924	0.0927	0.0921	0.0927	0.0923	0.0962	0.0907	0.0901	0.0891	0.0916	0.0915	0.0920	0.0917	0.0995	0.0910	0.0915	0.0927	0.0913	0.0919	0.0917	0.0921	0.1008	0.0922	0.0909	0.0929	0.0921	0.0918	0.0925	0.0960	0.0980	
0.0894	0.0899	0.0913	0.0916	0.0923	0.0916	0.0908	0.0905	0.0902	0.0906	0.0908	0.0914	0.0912	0.0902	0.0907	0.0926	0.0912	0.0910	0.0892	0.0906	0.0902	0.0913	0.0914	0.0908	0.0888	0.0898	0.0911	0.0917	0.0913	0.0908	0.0913	0.0916	0.0897	0.0900	0.0911	0.0923	0.0917	0.0910	0.0896	0.0936	0.0896	0.0904	0.0885	0.0913	0.0911	0.0906	0.0893	0.0971	0.0888	0.0897	0.0907	0.0918	0.0903	0.0905	0.0925	0.0988	0.0900	0.0894	0.0893	0.0905	0.0919	0.0914	0.0923	0.0964	
0.0903	0.0895	0.0920	0.0910	0.0916	0.0909	0.0915	0.0919	0.0907	0.0911	0.0914	0.0908	0.0915	0.0906	0.0919	0.0932	0.0898	0.0903	0.0915	0.0901	0.0905	0.0915	0.0932	0.0920	0.0907	0.0906	0.0909	0.0908	0.0916	0.0911	0.0933	0.0915	0.0910	0.0908	0.0924	0.0926	0.0919	0.0905	0.0910	0.0947	0.0908	0.0911	0.0904	0.0928	0.0909	0.0914	0.0893	0.0968	0.0910	0.0922	0.0922	0.0923	0.0903	0.0924	0.0992	0.0975	0.0905	0.0895	0.0898	0.0904	0.0908	0.0910	0.0937	0.0968	
0.0912	0.0909	0.0920	0.0920	0.0933	0.0923	0.0933	0.0946	0.0915	0.0911	0.0922	0.0927	0.0925	0.0924	0.0945	0.0942	0.0922	0.0907	0.0906	0.0905	0.0923	0.0931	0.0923	0.0931	0.0910	0.0908	0.0913	0.0923	0.0926	0.0927	0.0941	0.0923	0.0911	0.0912	0.0910	0.0939	0.0933	0.0922	0.0923	0.0960	0.0914	0.0918	0.0920	0.0930	0.0931	0.0923	0.0914	0.1001	0.0915	0.0914	0.0913	0.0920	0.0919	0.0908	0.0940	0.1050	0.0906	0.0892	0.0929	0.0913	0.0910	0.0917	0.0946	0.0986	
0.0901	0.0908	0.0909	0.0927	0.0938	0.0906	0.0934	0.0917	0.0910	0.0912	0.0921	0.0930	0.0922	0.0923	0.0938	0.0930	0.0915	0.0897	0.0901	0.0912	0.0919	0.0915	0.0930	0.0930	0.0918	0.0914	0.0920	0.0928	0.0936	0.0918	0.0925	0.0908	0.0920	0.0905	0.0903	0.0930	0.0923	0.0908	0.0936	0.0967	0.0913	0.0917	0.0908	0.0928	0.0923	0.0915	0.0905	0.0991	0.0906	0.0917	0.0920	0.0912	0.0918	0.0923	0.0913	0.0978	0.0916	0.0908	0.0920	0.0922	0.0916	0.0913	0.0938	0.0972	
0.0883	0.0880	0.0894	0.0897	0.0910	0.0906	0.0915	0.0925	0.0896	0.0908	0.0905	0.0905	0.0897	0.0908	0.0917	0.0924	0.0886	0.0882	0.0895	0.0919	0.0898	0.0912	0.0912	0.0908	0.0890	0.0894	0.0907	0.0918	0.0897	0.0903	0.0904	0.0919	0.0898	0.0901	0.0897	0.0907	0.0904	0.0908	0.0894	0.0943	0.0891	0.0891	0.0893	0.0909	0.0909	0.0917	0.0895	0.0967	0.0883	0.0913	0.0888	0.0907	0.0907	0.0913	0.0909	0.0978	0.0879	0.0887	0.0891	0.0888	0.0898	0.0893	0.0920	0.0960	
0.0905	0.0895	0.0913	0.0911	0.0921	0.0919	0.0907	0.0915	0.0901	0.0916	0.0904	0.0907	0.0921	0.0903	0.0928	0.0944	0.0899	0.0899	0.0898	0.0908	0.0904	0.0902	0.0916	0.0927	0.0918	0.0912	0.0909	0.0914	0.0895	0.0904	0.0924	0.0916	0.0911	0.0909	0.0909	0.0912	0.0939	0.0918	0.0903	0.0940	0.0897	0.0906	0.0906	0.0918	0.0907	0.0917	0.0901	0.0979	0.0907	0.0914	0.0902	0.0909	0.0913	0.0914	0.0924	0.0980	0.0904	0.0885	0.0916	0.0913	0.0891	0.0901	0.0936	0.0973	
0.0910	0.0902	0.0901	0.0914	0.0917	0.0917	0.0912	0.0928	0.0893	0.0902	0.0909	0.0925	0.0908	0.0899	0.0919	0.0936	0.0897	0.0903	0.0900	0.0915	0.0918	0.0923	0.0926	0.0930	0.0912	0.0901	0.0915	0.0912	0.0910	0.0918	0.0916	0.0911	0.0914	0.0906	0.0909	0.0922	0.0914	0.0909	0.0914	0.0941	0.0891	0.0890	0.0914	0.0913	0.0912	0.0919	0.0916	0.0976	0.0889	0.0912	0.0905	0.0920	0.0909	0.0912	0.0912	0.0986	0.0890	0.0900	0.0902	0.0916	0.0909	0.0907	0.0931	0.0974	
0.0901	0.0906	0.0919	0.0911	0.0920	0.0907	0.0903	0.0918	0.0887	0.0900	0.0908	0.0930	0.0915	0.0913	0.0935	0.0927	0.0909	0.0890	0.0898	0.0910	0.0913	0.0912	0.0927	0.0918	0.0914	0.0911	0.0913	0.0910	0.0911	0.0914	0.0903	0.0927	0.0906	0.0910	0.0910	0.0921	0.0920	0.0920	0.0916	0.0944	0.0896	0.0901	0.0891	0.0931	0.0915	0.0914	0.0910	0.0971	0.0902	0.0903	0.0908	0.0913	0.0909	0.0904	0.0919	0.1046	0.0916	0.0891	0.0908	0.0913	0.0900	0.0907	0.0927	0.0986	
0.0905	0.0906	0.0906	0.0922	0.0938	0.0903	0.0918	0.0925	0.0907	0.0904	0.0913	0.0931	0.0921	0.0920	0.0922	0.0939	0.0907	0.0893	0.0907	0.0920	0.0913	0.0920	0.0933	0.0930	0.0908	0.0907	0.0927	0.0912	0.0938	0.0923	0.0917	0.0950	0.0899	0.0904	0.0903	0.0921	0.0900	0.0920	0.0908	0.0946	0.0910	0.0894	0.0914	0.0920	0.0917	0.0914	0.0910	0.0980	0.0894	0.0907	0.0917	0.0917	0.0908	0.0910	0.0915	0.1101	0.0905	0.0891	0.0913	0.0916	0.0908	0.0911	0.0918	0.0965	
0.0903	0.0919	0.0922	0.0918	0.0922	0.0917	0.0912	0.0943	0.0908	0.0913	0.0913	0.0915	0.0926	0.0919	0.0945	0.0935	0.0918	0.0896	0.0913	0.0917	0.0918	0.0918	0.0932	0.0934	0.0924	0.0910	0.0928	0.1032	0.0917	0.0918	0.0921	0.0918	0.0921	0.0924	0.0911	0.0921	0.0918	0.0918	0.0910	0.0950	0.0914	0.0911	0.0908	0.0930	0.0919	0.0933	0.0907	0.0984	0.0918	0.0914	0.0914	0.0927	0.0905	0.0926	0.0928	0.0998	0.0928	0.0910	0.0923	0.0920	0.0908	0.0920	0.0929	0.0984	
0.0893	0.0894	0.0912	0.0898	0.0922	0.0907	0.0907	0.0920	0.0898	0.0906	0.0912	0.0923	0.0911	0.0902	0.0913	0.0933	0.0900	0.0897	0.0908	0.0896	0.0905	0.0917	0.0917	0.0924	0.0910	0.0909	0.0912	0.0910	0.0903	0.0893	0.0905	0.0909	0.0909	0.0903	0.0907	0.0901	0.0911	0.0908	0.0898	0.0924	0.0905	0.0903	0.0894	0.0920	0.0891	0.0915	0.0894	0.0977	0.0900	0.0911	0.0906	0.0909	0.0911	0.0898	0.0907	0.0988	0.0908	0.0901	0.0908	0.0903	0.0897	0.0907	0.0917	0.0990	
0.0907	0.0900	0.0917	0.0923	0.0925	0.0923	0.0919	0.0923	0.0910	0.0923	0.0934	0.0929	0.0917	0.0916	0.0925	0.0942	0.0915	0.0909	0.0909	0.0911	0.0924	0.0924	0.0926	0.0933	0.0916	0.0919	0.0927	0.0927	0.0926	0.0920	0.0916	0.0918	0.0914	0.0912	0.0917	0.0919	0.0917	0.0913	0.0920	0.0956	0.0900	0.0898	0.0927	0.0931	0.0932	0.0921	0.0911	0.0968	0.0909	0.0920	0.0925	0.0915	0.0930	0.0900	0.0923	0.0974	0.0919	0.0897	0.0928	0.0919	0.0918	0.0914	0.0935	0.0975	
0.0907	0.0909	0.0917	0.0927	0.0935	0.0922	0.0926	0.0927	0.0905	0.0923	0.0917	0.0910	0.0924	0.0916	0.0941	0.0938	0.0909	0.0894	0.0966	0.0912	0.0917	0.0917	0.0922	0.0944	0.0917	0.0923	0.0923	0.0922	0.0911	0.0922	0.0919	0.0910	0.0916	0.0933	0.0926	0.0927	0.0928	0.0913	0.0920	0.0938	0.0909	0.0905	0.0915	0.0928	0.0915	0.0914	0.0909	0.0981	0.0911	0.0923	0.0908	0.0914	0.0907	0.0910	0.0929	0.0988	0.0907	0.0894	0.0921	0.0922	0.0916	0.0913	0.0928	0.0974	
0.0914	0.0918	0.0913	0.0919	0.0933	0.0928	0.0922	0.0920	0.0911	0.0920	0.0919	0.0930	0.0941	0.0926	0.0941	0.0928	0.0915	0.0914	0.0916	0.0911	0.0935	0.0938	0.0930	0.0940	0.0926	0.0904	0.0919	0.0930	0.0924	0.0934	0.0917	0.0923	0.0916	0.0921	0.0917	0.0930	0.0928	0.0921	0.0914	0.0955	0.0905	0.0915	0.0914	0.0930	0.0915	0.0921	0.0920	0.0975	0.0915	0.0932	0.0918	0.0923	0.0913	0.0911	0.0933	0.0992	0.0915	0.0902	0.0931	0.0911	0.0928	0.0905	0.0946	0.0983	
0.0913	0.0909	0.0953	0.0932	0.0932	0.0919	0.0925	0.0934	0.0919	0.0914	0.0934	0.0917	0.0921	0.0926	0.0943	0.0939	0.0917	0.0921	0.0922	0.0920	0.0926	0.0918	0.0936	0.0932	0.0915	0.0938	0.0930	0.0938	0.0920	0.0934	0.0925	0.0934	0.0921	0.0914	0.0918	0.0935	0.0911	0.0922	0.0907	0.0954	0.0924	0.0906	0.0924	0.0931	0.0926	0.0939	0.0910	0.0984	0.0916	0.0931	0.0913	0.0936	0.0935	0.0913	0.0931	0.0995	0.0919	0.0911	0.0926	0.0920	0.0925	0.0914	0.0932	0.0989	
0.0921	0.0922	0.0929	0.0924	0.0934	0.0931	0.0928	0.0936	0.0921	0.0931	0.0936	0.0944	0.0939	0.0928	0.0962	0.0935	0.0912	0.0903	0.0932	0.0923	0.0932	0.0935	0.0930	0.0937	0.0929	0.0936	0.0946	0.0940	0.0928	0.0932	0.0931	0.0936	0.0924	0.0964	0.0924	0.0933	0.0929	0.0919	0.0915	0.0964	0.0926	0.0918	0.0924	0.0945	0.0922	0.0943	0.0935	0.0993	0.0916	0.0936	0.0931	0.0939	0.0935	0.0931	0.0941	0.0993	0.0926	0.0953	0.0932	0.0915	0.0931	0.0918	0.0938	0.0999	
0.0919	0.0928	0.0944	0.0925	0.0928	0.0926	0.0940	0.0923	0.0934	0.0929	0.0933	0.0937	0.0922	0.0927	0.0950	0.0938	0.0928	0.0927	0.0930	0.1006	0.0935	0.0933	0.0932	0.0938	0.0931	0.0931	0.0931	0.0937	0.0942	0.0938	0.0936	0.0922	0.0919	0.0934	0.0931	0.0929	0.1027	0.0933	0.0914	0.0954	0.0930	0.0916	0.0925	0.0947	0.0927	0.0939	0.0918	0.1010	0.0926	0.0932	0.0937	0.0920	0.0935	0.0936	0.0933	0.0988	0.0929	0.0924	0.0941	0.0920	0.0930	0.0919	0.0943	0.0980	
0.0926	0.0931	0.0929	0.0923	0.0923	0.0932	0.0920	0.0936	0.0934	0.0932	0.0930	0.0944	0.0933	0.0927	0.0946	0.0945	0.0935	0.0918	0.0938	0.0927	0.0938	0.0939	0.0950	0.0944	0.0933	0.0932	0.0931	0.0943	0.0921	0.0921	0.0930	0.0930	0.0929	0.0931	0.0926	0.0940	0.0938	0.0932	0.0923	0.0962	0.0921	0.0918	0.0938	0.0943	0.0928	0.0932	0.0926	0.0999	0.0920	0.0942	0.0938	0.0929	0.0929	0.0940	0.0933	0.0978	0.0920	0.0927	0.0937	0.0932	0.0924	0.0923	0.0937	0.0985	
0.0921	0.0919	0.0942	0.0937	0.0947	0.0940	0.0937	0.0942	0.0915	0.0949	0.0929	0.0936	0.0927	0.0935	0.0944	0.0942	0.0924	0.0927	0.0910	0.0931	0.0926	0.0922	0.0936	0.0936	0.0927	0.0941	0.0939	0.0948	0.0923	0.0932	0.0922	0.0928	0.0936	0.0919	0.0931	0.0940	0.0946	0.0933	0.0924	0.0967	0.0927	0.0927	0.0935	0.0937	0.0930	0.0924	0.0935	0.1006	0.0929	0.0933	0.0924	0.0925	0.0932	0.0926	0.0922	0.1073	0.0914	0.0919	0.0939	0.0918	0.0932	0.0913	0.0943	0.0981	
0.0932	0.0931	0.0929	0.0952	0.0944	0.0936	0.0942	0.0922	0.0922	0.0948	0.0933	0.0954	0.0939	0.0927	0.0952	0.0938	0.0938	0.0939	0.0926	0.0924	0.0935	0.0939	0.0944	0.0976	0.0933	0.0940	0.0935	0.0944	0.0933	0.0941	0.0936	0.0940	0.0941	0.0938	0.0933	0.0948	0.0947	0.0935	0.0934	0.0970	0.0932	0.0922	0.0933	0.0941	0.0933	0.0944	0.0930	0.1019	0.0931	0.0954	0.0928	0.0941	0.0937	0.0939	0.0929	0.1008	0.0938	0.0919	0.0938	0.0925	0.0922	0.0934	0.0951	0.0993	
0.0936	0.0932	0.0937	0.0946	0.0965	0.0937	0.0929	0.0936	0.0935	0.0941	0.0944	0.0957	0.0955	0.0923	0.0959	0.0967	0.0935	0.0933	0.0944	0.0941	0.0940	0.0944	0.0944	0.0947	0.0949	0.0944	0.0948	0.0944	0.0932	0.0943	0.0941	0.0957	0.0939	0.0945	0.0942	0.0945	0.0939	0.0937	0.0942	0.0985	0.0943	0.0937	0.0944	0.0960	0.0935	0.0949	0.0924	0.1011	0.0938	0.0959	0.0936	0.0954	0.0938	0.0954	0.0945	0.1009	0.0946	0.0932	0.0949	0.0935	0.0935	0.0927	0.0966	0.0993	
0.0947	0.0947	0.0942	0.0959	0.0946	0.0943	0.0936	0.0948	0.0939	0.0967	0.0944	0.0948	0.0950	0.0948	0.0964	0.0956	0.0946	0.0947	0.0945	0.0946	0.0942	0.0936	0.0962	0.0952	0.0947	0.0996	0.0952	0.0942	0.0946	0.0963	0.0956	0.0949	0.0942	0.0938	0.0933	0.0950	0.0959	0.0951	0.0941	0.0973	0.0947	0.0939	0.0958	0.0960	0.0941	0.0952	0.0930	0.1025	0.0949	0.0957	0.0935	0.0941	0.0948	0.0956	0.0938	0.1006	0.0931	0.0945	0.0941	0.0944	0.0933	0.0941	0.0945	0.0996	
0.0957	0.0973	0.0980	0.0976	0.0964	0.0964	0.0967	0.0979	0.0963	0.0976	0.0960	0.0971	0.0965	0.0973	0.0972	0.0970	0.0968	0.0962	0.0965	0.0954	0.0956	0.0956	0.0973	0.0972	0.0977	0.0965	0.0962	0.0980	0.0968	0.0963	0.0974	0.0969	0.0970	0.0969	0.0974	0.0957	0.0970	0.0959	0.0954	0.1006	0.0968	0.0967	0.0979	0.0981	0.0964	0.0970	0.0952	0.1031	0.0971	0.0978	0.0972	0.0964	0.0964	0.0957	0.0958	0.1027	0.0961	0.0956	0.0957	0.0954	0.0956	0.0948	0.0971	0.1014	
0.0932	0.0943	0.0947	0.0938	0.0933	0.0939	0.0933	0.0930	0.0934	0.0939	0.0938	0.0945	0.0943	0.0924	0.0946	0.0947	0.0960	0.0966	0.0938	0.0956	0.0937	0.0937	0.0960	0.0961	0.0937	0.0952	0.0964	0.0963	0.0935	0.0944	0.0920	0.0943	0.0961	0.0948	0.0959	0.0953	0.0939	0.0950	0.0941	0.0972	0.0953	0.0949	0.0935	0.0962	0.0943	0.0944	0.0934	0.1017	0.0939	0.0965	0.0953	0.0950	0.0953	0.0947	0.0929	0.1003	0.0949	0.0935	0.0948	0.0943	0.0931	0.0930	0.0946	0.1001	
0.0954	0.0945	0.0957	0.0951	0.0964	0.0941	0.0936	0.0939	0.0948	0.0959	0.0947	0.0946	0.0949	0.0936	0.0946	0.0951	0.0961	0.0952	0.0946	0.0941	0.0935	0.0956	0.0947	0.0952	0.0959	0.0960	0.0959	0.0960	0.0950	0.0942	0.0927	0.0947	0.0977	0.0959	0.0937	0.0958	0.1026	0.0937	0.0938	0.0985	0.0958	0.0968	0.0954	0.0956	0.0950	0.0951	0.0929	0.1019	0.0947	0.0971	0.0948	0.0938	0.0958	0.0948	0.0934	0.1034	0.0941	0.0936	0.0952	0.0931	0.0943	0.0918	0.0945	0.1002	
0.0971	0.0968	0.0973	0.0962	0.0969	0.0968	0.0937	0.0952	0.0966	0.0974	0.0962	0.0973	0.0958	0.0966	0.0971	0.0971	0.0979	0.0974	0.0961	0.0961	0.0948	0.0963	0.0951	0.0964	0.0994	0.0975	0.0982	0.0975	0.0949	0.0961	0.0941	0.0942	0.0988	0.0976	0.0964	0.0988	0.0947	0.0963	0.0959	0.0996	0.0969	0.0974	0.0969	0.0957	0.0944	0.0960	0.0948	0.1044	0.0972	0.0977	0.0975	0.0960	0.0953	0.0959	0.0956	0.1050	0.0960	0.0951	0.0977	0.0964	0.0958	0.0942	0.0959	0.1020	
0.0978	0.0978	0.0978	0.0956	0.0956	0.0953	0.0944	0.0945	0.0969	0.0982	0.0974	0.0964	0.0954	0.0939	0.0950	0.0959	0.0980	0.0976	0.0959	0.0965	0.0948	0.0942	0.0954	0.0957	0.0982	0.0984	0.0976	0.0968	0.0946	0.0938	0.0957	0.0947	0.1026	0.0983	0.0972	0.0975	0.0949	0.0969	0.0941	0.0981	0.0973	0.0967	0.0968	0.0971	0.0961	0.0950	0.0942	0.1009	0.0981	0.0975	0.0970	0.0990	0.0954	0.0945	0.0958	0.1012	0.0968	0.0965	0.0965	0.0946	0.0948	0.0934	0.0964	0.0990	
0.0978	0.0987	0.0979	0.0958	0.0976	0.0944	0.0949	0.0981	0.0984	0.0989	0.0962	0.0976	0.0962	0.0956	0.0972	0.0961	0.1009	0.0969	0.0981	0.0962	0.0947	0.0961	0.0943	0.0965	0.1003	0.0988	0.0979	0.0985	0.0963	0.0959	0.0948	0.0959	0.1003	0.0985	0.0975	0.0964	0.0963	0.0960	0.0954	0.0984	0.0986	0.0989	0.0978	0.0975	0.0946	0.0974	0.0949	0.1019	0.1001	0.1003	0.0979	0.0974	0.0958	0.0948	0.0947	0.1010	0.0970	0.0958	0.0974	0.0955	0.0959	0.0944	0.0965	0.1006	
0.0996	0.0989	0.0973	0.0970	0.0981	0.0952	0.0943	0.0964	0.0996	0.0988	0.0980	0.0966	0.0966	0.0948	0.0958	0.0954	0.1021	0.1008	0.0994	0.0975	0.0941	0.0952	0.0969	0.0961	0.1019	0.1001	0.1000	0.0978	0.0970	0.0961	0.0958	0.0948	0.1001	0.1000	0.0992	0.0974	0.1002	0.0969	0.0941	0.1008	0.0995	0.1008	0.1001	0.0980	0.0968	0.0973	0.0953	0.1041	0.0998	0.1015	0.0988	0.0965	0.0964	0.0972	0.0960	0.1040	0.0990	0.0979	0.0978	0.0956	0.0952	0.0933	0.0951	0.0999	
0.1026	0.0996	0.0996	0.0981	0.0993	0.0974	0.0961	0.0967	0.1021	0.1024	0.1002	0.1000	0.0989	0.0980	0.0975	0.0965	0.1035	0.1000	0.1013	0.0982	0.0982	0.0974	0.0986	0.0982	0.1039	0.1023	0.1027	0.1003	0.0975	0.0964	0.0959	0.0976	0.1033	0.1022	0.1003	0.1004	0.0988	0.0974	0.0972	0.1010	0.1039	0.1019	0.1001	0.0977	0.0983	0.1011	0.0959	0.1036	0.1046	0.1027	0.0997	0.0991	0.0984	0.0980	0.0966	0.1053	0.0997	0.0987	0.0991	0.0971	0.0967	0.0959	0.0975	0.1035	
0.1035	0.1033	0.1023	0.0999	0.0981	0.0974	0.0958	0.0970	0.1040	0.1033	0.1009	0.0995	0.0995	0.0987	0.0987	0.0978	0.1048	0.1040	0.1001	0.1011	0.0984	0.0980	0.0975	0.0970	0.1044	0.1038	0.1025	0.1015	0.0993	0.0981	0.0957	0.0977	0.1049	0.1020	0.1019	0.1027	0.0990	0.0970	0.0961	0.1024	0.1022	0.1046	0.1020	0.1012	0.0979	0.1006	0.0962	0.1035	0.1028	0.1037	0.1022	0.1017	0.0983	0.0987	0.0980	0.1086	0.0992	0.1004	0.0982	0.0957	0.0982	0.0964	0.0967	0.1031	
0.1045	0.1032	0.1021	0.0999	0.0993	0.0974	0.0976	0.0978	0.1034	0.1043	0.1027	0.1016	0.0994	0.0972	0.0984	0.0987	0.1064	0.1036	0.1039	0.1017	0.0987	0.0982	0.0973	0.0976	0.1058	0.1048	0.1024	0.1012	0.0999	0.0987	0.0973	0.0965	0.1064	0.1030	0.1031	0.1018	0.1003	0.0987	0.0971	0.1019	0.1033	0.1048	0.1020	0.1015	0.0977	0.1000	0.0969	0.1068	0.1057	0.1044	0.1017	0.1010	0.0988	0.0995	0.0967	0.1028	0.1016	0.1060	0.1000	0.0981	0.0982	0.0971	0.0977	0.1024	
0.1061	0.1053	0.1028	0.1018	0.0994	0.0995	0.0982	0.0978	0.1038	0.1061	0.1021	0.1032	0.1025	0.0976	0.0978	0.0982	0.1073	0.1050	0.1036	0.1006	0.0980	0.0979	0.0991	0.0978	0.1071	0.1077	0.1039	0.1027	0.0999	0.0979	0.0962	0.0973	0.1069	0.1049	0.1026	0.1015	0.0999	0.0980	0.0975	0.1027	0.1044	0.1057	0.1028	0.1025	0.0984	0.0995	0.0978	0.1067	0.1063	0.1068	0.1034	0.1021	0.0985	0.0999	0.0978	0.1179	0.1011	0.0993	0.0992	0.0986	0.0968	0.0962	0.0978	0.1037	
0.1073	0.1063	0.1058	0.1024	0.1004	0.0989	0.1013	0.0968	0.1077	0.1085	0.1046	0.1021	0.1015	0.0980	0.0983	0.0994	0.1081	0.1064	0.1042	0.1029	0.0994	0.0977	0.0989	0.0985	0.1090	0.1076	0.1042	0.1040	0.0991	0.0988	0.0963	0.0990	0.1081	0.1060	0.1047	0.1023	0.1008	0.0996	0.0967	0.1039	0.1063	0.1095	0.1048	0.1035	0.0991	0.1009	0.0968	0.1071	0.1066	0.1084	0.1060	0.1019	0.1023	0.1002	0.0991	0.1055	0.1018	0.1000	0.0994	0.0987	0.0982	0.0960	0.0968	0.1038	
0.1113	0.1102	0.1073	0.1040	0.1019	0.0996	0.0987	0.0981	0.1113	0.1108	0.1069	0.1046	0.1025	0.1011	0.0991	0.0991	0.1128	0.1101	0.1063	0.1049	0.0991	0.0987	0.0999	0.0997	0.1121	0.1100	0.1085	0.1074	0.1016	0.1007	0.0979	0.1007	0.1124	0.1097	0.1071	0.1039	0.1028	0.1003	0.0983	0.1039	0.1094	0.1110	0.1062	0.1049	0.1005	0.1019	0.0994	0.1076	0.1100	0.1114	0.1053	0.1032	0.1007	0.1004	0.0994	0.1133	0.1043	0.1031	0.1020	0.0994	0.0988	0.0965	0.0973	0.1047	
0.1127	0.1122	0.1082	0.1046	0.1020	0.0996	0.0984	0.0990	0.1120	0.1109	0.1058	0.1058	0.1029	0.1006	0.1008	0.0982	0.1133	0.1127	0.1088	0.1057	0.1011	0.0996	0.1005	0.0991	0.1154	0.1128	0.1091	0.1065	0.1015	0.0996	0.1003	0.0990	0.1136	0.1119	0.1059	0.1053	0.1046	0.0990	0.1001	0.1038	0.1112	0.1126	0.1080	0.1032	0.1002	0.1037	0.0995	0.1085	0.1136	0.1130	0.1056	0.1045	0.0987	0.1010	0.0994	0.1105	0.1050	0.1041	0.1037	0.0991	0.1000	0.0985	0.0987	0.1036	
0.1161	0.1151	0.1114	0.1066	0.1040	0.1030	0.1010	0.0994	0.1175	0.1159	0.1097	0.1088	0.1051	0.1031	0.1013	0.1020	0.1181	0.1147	0.1118	0.1080	0.1030	0.1018	0.1024	0.1021	0.1199	0.1179	0.1126	0.1084	0.1059	0.1014	0.0990	0.1016	0.1183	0.1155	0.1100	0.1071	0.1067	0.1029	0.1009	0.1064	0.1155	0.1171	0.1101	0.1073	0.1048	0.1037	0.1007	0.1094	0.1176	0.1171	0.1100	0.1056	0.1037	0.1033	0.1018	0.1107	0.1072	0.1054	0.1042	0.1023	0.1017	0.1004	0.1009	0.1063	
0.1176	0.1190	0.1120	0.1060	0.1017	0.1011	0.1004	0.0993	0.1178	0.1173	0.1102	0.1076	0.1035	0.1046	0.0992	0.0998	0.1208	0.1169	0.1131	0.1070	0.1013	0.1003	0.1008	0.0996	0.1211	0.1196	0.1128	0.1079	0.1023	0.1012	0.0994	0.0995	0.1200	0.1159	0.1111	0.1080	0.1049	0.1000	0.0996	0.1054	0.1174	0.1173	0.1106	0.1067	0.1035	0.1034	0.1009	0.1079	0.1176	0.1189	0.1113	0.1047	0.1021	0.1021	0.1005	0.1074	0.1074	0.1065	0.1041	0.1011	0.1007	0.1008	0.1001	0.1044	
0.1208	0.1222	0.1139	0.1097	0.1063	0.1030	0.1013	0.1011	0.1212	0.1210	0.1137	0.1092	0.1053	0.1070	0.1021	0.1022	0.1273	0.1235	0.1172	0.1109	0.1033	0.1026	0.1020	0.1008	0.1274	0.1241	0.1178	0.1107	0.1037	0.1031	0.1016	0.1020	0.1271	0.1212	0.1145	0.1113	0.1078	0.1028	0.1018	0.1061	0.1223	0.1230	0.1134	0.1085	0.1048	0.1049	0.1027	0.1092	0.1230	0.1226	0.1146	0.1106	0.1045	0.1051	0.1019	0.1101	0.1107	0.1079	0.1073	0.1038	0.1028	0.1006	0.1010	0.1064	
0.1282	0.1253	0.1182	0.1104	0.1038	0.1036	0.0999	0.0999	0.1264	0.1225	0.1146	0.1113	0.1056	0.1037	0.0997	0.0999	0.1309	0.1235	0.1197	0.1103	0.1036	0.1018	0.1023	0.1027	0.1304	0.1325	0.1188	0.1123	0.1085	0.1033	0.1003	0.1005	0.1297	0.1254	0.1184	0.1116	0.1075	0.1027	0.1011	0.1058	0.1229	0.1265	0.1152	0.1095	0.1049	0.1054	0.1011	0.1092	0.1259	0.1271	0.1155	0.1082	0.1039	0.1040	0.1014	0.1093	0.1129	0.1095	0.1074	0.1036	0.1026	0.0996	0.0990	0.1050	
0.1304	0.1281	0.1201	0.1123	0.1051	0.1034	0.1005	0.1002	0.1293	0.1263	0.1170	0.1133	0.1092	0.1073	0.1006	0.1013	0.1342	0.1272	0.1217	0.1126	0.1033	0.1018	0.1021	0.1021	0.1358	0.1319	0.1201	0.1139	0.1083	0.1055	0.0997	0.1016	0.1329	0.1292	0.1168	0.1132	0.1106	0.1032	0.1033	0.1072	0.1279	0.1287	0.1175	0.1117	0.1073	0.1064	0.1032	0.1095	0.1280	0.1306	0.1178	0.1114	0.1046	0.1040	0.1033	0.1133	0.1153	0.1100	0.1076	0.1047	0.1045	0.0988	0.1003	0.1065	
0.1351	0.1326	0.1220	0.1141	0.1069	0.1034	0.1026	0.0993	0.1342	0.1308	0.1184	0.1138	0.1097	0.1054	0.1016	0.0998	0.1398	0.1330	0.1225	0.1142	0.1039	0.1022	0.1028	0.1024	0.1402	0.1388	0.1247	0.1156	0.1085	0.1033	0.0994	0.1028	0.1395	0.1311	0.1195	0.1148	0.1115	0.1039	0.1020	0.1054	0.1335	0.1340	0.1203	0.1134	0.1061	0.1063	0.1019	0.1106	0.1337	0.1336	0.1200	0.1118	0.1060	0.1045	0.1016	0.1101	0.1179	0.1123	0.1071	0.1059	0.1041	0.0998	0.1015	0.1071	
0.1383	0.1357	0.1277	0.1143	0.1065	0.1024	0.1015	0.0988	0.1382	0.1332	0.1210	0.1154	0.1086	0.1041	0.1001	0.1009	0.1464	0.1377	0.1260	0.1150	0.1036	0.1021	0.1026	0.1005	0.1456	0.1381	0.1252	0.1163	0.1079	0.1022	0.0986	0.1019	0.1435	0.1359	0.1223	0.1149	0.1094	0.1046	0.1022	0.1053	0.1344	0.1390	0.1219	0.1123	0.1063	0.1065	0.1032	0.1113	0.1391	0.1391	0.1221	0.1128	0.1053	0.1042	0.1022	0.1188	0.1181	0.1130	0.1096	0.1055	0.1031	0.1005	0.1012	0.1049	
0.1495	0.1446	0.1299	0.1203	0.1103	0.1083	0.1041	0.1025	0.1485	0.1447	0.1268	0.1189	0.1126	0.1089	0.1048	0.1046	0.1542	0.1439	0.1325	0.1196	0.1073	0.1047	0.1060	0.1029	0.1553	0.1533	0.1333	0.1202	0.1116	0.1061	0.1019	0.1052	0.1541	0.1422	0.1296	0.1195	0.1143	0.1067	0.1059	0.1100	0.1435	0.1473	0.1269	0.1166	0.1089	0.1088	0.1056	0.1142	0.1460	0.1436	0.1268	0.1178	0.1084	0.1090	0.1062	0.1198	0.1208	0.1177	0.1138	0.1081	0.1058	0.1024	0.1028	0.1086	
0.1546	0.1513	0.1348	0.1220	0.1121	0.1077	0.1066	0.1026	0.1537	0.1499	0.1319	0.1222	0.1147	0.1095	0.1055	0.1049	0.1602	0.1487	0.1393	0.1230	0.1079	0.1058	0.1083	0.1042	0.1623	0.1544	0.1385	0.1251	0.1140	0.1080	0.1030	0.1063	0.1582	0.1499	0.1316	0.1241	0.1159	0.1100	0.1072	0.1115	0.1516	0.1554	0.1302	0.1216	0.1116	0.1110	0.1051	0.1136	0.1548	0.1520	0.1305	0.1193	0.1106	0.1094	0.1063	0.1275	0.1267	0.1207	0.1156	0.1096	0.1085	0.1037	0.1036	0.1096	
0.1652	0.1583	0.1408	0.1248	0.1133	0.1102	0.1055	0.1053	0.1637	0.1567	0.1356	0.1259	0.1181	0.1125	0.1044	0.1037	0.1747	0.1578	0.1424	0.1265	0.1087	0.1069	0.1073	0.1061	0.1717	0.1632	0.1448	0.1270	0.1155	0.1094	0.1027	0.1040	0.1694	0.1568	0.1381	0.1289	0.1187	0.1098	0.1077	0.1123	0.1585	0.1626	0.1353	0.1225	0.1129	0.1124	0.1067	0.1172	0.1624	0.1590	0.1366	0.1215	0.1114	0.1105	0.1068	0.1157	0.1272	0.1235	0.1174	0.1124	0.1100	0.1042	0.1041	0.1101	
0.1727	0.1669	0.1442	0.1271	0.1156	0.1095	0.1054	0.1033	0.1717	0.1630	0.1405	0.1270	0.1177	0.1126	0.1037	0.1053	0.1832	0.1650	0.1482	0.1282	0.1116	0.1074	0.1089	0.1057	0.1818	0.1703	0.1504	0.1306	0.1159	0.1081	0.1039	0.1063	0.1793	0.1638	0.1405	0.1287	0.1204	0.1098	0.1082	0.1119	0.1678	0.1700	0.1401	0.1238	0.1134	0.1129	0.1072	0.1151	0.1692	0.1654	0.1415	0.1232	0.1142	0.1116	0.1086	0.1157	0.1335	0.1256	0.1209	0.1114	0.1088	0.1049	0.1052	0.1094	
0.1843	0.1772	0.1505	0.1298	0.1151	0.1081	0.1056	0.1039	0.1803	0.1721	0.1467	0.1297	0.1197	0.1122	0.1040	0.1052	0.1959	0.1759	0.1548	0.1313	0.1124	0.1080	0.1085	0.1065	0.1909	0.1802	0.1574	0.1324	0.1186	0.1090	0.1037	0.1074	0.1897	0.1714	0.1482	0.1314	0.1209	0.1103	0.1087	0.1109	0.1755	0.1780	0.1425	0.1278	0.1144	0.1123	0.1072	0.1163	0.1789	0.1745	0.1448	0.1247	0.1138	0.1112	0.1072	0.1134	0.1363	0.1274	0.1228	0.1144	0.1092	0.1048	0.1044	0.1100	
0.1941	0.1880	0.1567	0.1341	0.1174	0.1112	0.1063	0.1020	0.1931	0.1823	0.1504	0.1328	0.1223	0.1130	0.1034	0.1042	0.2067	0.1866	0.1594	0.1347	0.1133	0.1080	0.1098	0.1071	0.2050	0.1910	0.1657	0.1356	0.1229	0.1105	0.1040	0.1088	0.2040	0.1822	0.1532	0.1356	0.1264	0.1115	0.1093	0.1120	0.1863	0.1889	0.1503	0.1296	0.1147	0.1128	0.1098	0.1170	0.1915	0.1855	0.1516	0.1285	0.1174	0.1125	0.1081	0.1153	0.1421	0.1317	0.1247	0.1163	0.1099	0.1061	0.1048	0.1112	
0.2098	0.2003	0.1644	0.1383	0.1193	0.1121	0.1085	0.1043	0.2055	0.1939	0.1564	0.1368	0.1267	0.1164	0.1061	0.1067	0.2219	0.1953	0.1676	0.1381	0.1156	0.1088	0.1115	0.1066	0.2206	0.2039	0.1721	0.1416	0.1235	0.1115	0.1038	0.1089	0.2149	0.1927	0.1626	0.1393	0.1268	0.1131	0.1106	0.1146	0.1984	0.1980	0.1552	0.1335	0.1171	0.1171	0.1097	0.1179	0.2034	0.1946	0.1584	0.1312	0.1173	0.1149	0.1097	0.1220	0.1486	0.1362	0.1277	0.1187	0.1144	0.1062	0.1066	0.1121	
0.2214	0.2120	0.1758	0.1429	0.1201	0.1146	0.1096	0.1067	0.2179	0.2068	0.1622	0.1430	0.1284	0.1181	0.1070	0.1054	0.2318	0.2094	0.1781	0.1448	0.1171	0.1110	0.1118	0.1073	0.2340	0.2134	0.1799	0.1450	0.1250	0.1139	0.1063	0.1100	0.2261	0.2036	0.1689	0.1461	0.1291	0.1135	0.1110	0.1151	0.2072	0.2105	0.1605	0.1364	0.1214	0.1168	0.1121	0.1189	0.2150	0.2032	0.1628	0.1346	0.1193	0.1155	0.1109	0.1189	0.1510	0.1379	0.1286	0.1195	0.1127	0.1062	0.1079	0.1128	
0.2359	0.2293	0.1820	0.1488	0.1265	0.1171	0.1111	0.1040	0.2328	0.2209	0.1741	0.1472	0.1308	0.1211	0.1083	0.1076	0.2480	0.2217	0.1858	0.1526	0.1197	0.1121	0.1158	0.1084	0.2470	0.2320	0.1914	0.1517	0.1282	0.1150	0.1063	0.1121	0.2398	0.2190	0.1762	0.1527	0.1337	0.1197	0.1144	0.1167	0.2208	0.2246	0.1682	0.1414	0.1210	0.1205	0.1139	0.1220	0.2293	0.2200	0.1714	0.1393	0.1244	0.1186	0.1135	0.1276	0.1599	0.1461	0.1339	0.1234	0.1173	0.1101	0.1069	0.1187	
0.2525	0.2429	0.1919	0.1545	0.1268	0.1188	0.1127	0.1099	0.2499	0.2371	0.1823	0.1543	0.1387	0.1236	0.1086	0.1097	0.2684	0.2389	0.1984	0.1591	0.1239	0.1147	0.1170	0.1097	0.2669	0.2479	0.2039	0.1562	0.1347	0.1195	0.1081	0.1139	0.2605	0.2339	0.1890	0.1555	0.1384	0.1209	0.1164	0.1198	0.2382	0.2426	0.1767	0.1468	0.1253	0.1240	0.1143	0.1222	0.2452	0.2353	0.1799	0.1444	0.1264	0.1218	0.1166	0.1258	0.1677	0.1503	0.1377	0.1264	0.1188	0.1110	0.1106	0.1166	
0.2696	0.2576	0.2014	0.1572	0.1272	0.1183	0.1114	0.1070	0.2626	0.2505	0.1900	0.1573	0.1375	0.1229	0.1082	0.1086	0.2840	0.2555	0.2071	0.1601	0.1203	0.1123	0.1155	0.1097	0.2802	0.2600	0.2133	0.1592	0.1340	0.1172	0.1060	0.1140	0.2770	0.2453	0.1953	0.1603	0.1388	0.1193	0.1150	0.1185	0.2500	0.2534	0.1847	0.1488	0.1262	0.1219	0.1135	0.1221	0.2592	0.2490	0.1881	0.1452	0.1249	0.1200	0.1146	0.1196	0.1706	0.1545	0.1426	0.1264	0.1182	0.1098	0.1075	0.1133	
0.2945	0.2820	0.2159	0.1650	0.1341	0.1199	0.1149	0.1096	0.2896	0.2720	0.2043	0.1645	0.1447	0.1253	0.1090	0.1102	0.3088	0.2773	0.2245	0.1694	0.1243	0.1148	0.1176	0.1120	0.3102	0.2836	0.2302	0.1688	0.1403	0.1200	0.1097	0.1189	0.3012	0.2651	0.2096	0.1704	0.1458	0.1243	0.1177	0.1211	0.2748	0.2804	0.1968	0.1567	0.1298	0.1261	0.1169	0.1248	0.2780	0.2699	0.1982	0.1537	0.1299	0.1248	0.1176	0.1219	0.1838	0.1666	0.1512	0.1328	0.1220	0.1114	0.1124	0.1169	
0.3144	0.3006	0.2305	0.1728	0.1343	0.1214	0.1142	0.1096	0.3119	0.2884	0.2144	0.1702	0.1463	0.1288	0.1112	0.1091	0.3328	0.2909	0.2378	0.1737	0.1272	0.1150	0.1201	0.1132	0.3284	0.3014	0.2425	0.1747	0.1419	0.1214	0.1099	0.1172	0.3234	0.2841	0.2219	0.1739	0.1501	0.1245	0.1198	0.1219	0.2908	0.2933	0.2086	0.1609	0.1335	0.1286	0.1172	0.1233	0.3016	0.2890	0.2128	0.1585	0.1308	0.1245	0.1176	0.1213	0.1925	0.1699	0.1542	0.1350	0.1252	0.1137	0.1111	0.1176	
0.3358	0.3232	0.2442	0.1803	0.1398	0.1230	0.1164	0.1085	0.3296	0.3090	0.2267	0.1786	0.1519	0.1311	0.1110	0.1111	0.3550	0.3118	0.2536	0.1859	0.1301	0.1182	0.1194	0.1143	0.3507	0.3243	0.2578	0.1830	0.1478	0.1241	0.1095	0.1192	0.3419	0.3054	0.2354	0.1849	0.1548	0.1290	0.1222	0.1219	0.3105	0.3166	0.2180	0.1671	0.1374	0.1298	0.1212	0.1262	0.3261	0.3080	0.2259	0.1634	0.1345	0.1281	0.1193	0.1272	0.2030	0.1744	0.1603	0.1389	0.1256	0.1140	0.1134	0.1192	
0.3641	0.3430	0.2591	0.1847	0.1421	0.1257	0.1179	0.1110	0.3567	0.3317	0.2405	0.1839	0.1560	0.1333	0.1102	0.1106	0.3787	0.3342	0.2665	0.1955	0.1330	0.1214	0.1228	0.1140	0.3774	0.3464	0.2778	0.1935	0.1517	0.1251	0.1106	0.1199	0.3705	0.3251	0.2515	0.1925	0.1599	0.1301	0.1234	0.1243	0.3370	0.3385	0.2322	0.1740	0.1389	0.1324	0.1222	0.1265	0.3467	0.3289	0.2352	0.1665	0.1385	0.1277	0.1181	0.1261	0.2151	0.1820	0.1640	0.1433	0.1298	0.1155	0.1145	0.1200	
0.3891	0.3708	0.2788	0.1948	0.1451	0.1256	0.1189	0.1101	0.3796	0.3525	0.2546	0.1905	0.1600	0.1364	0.1108	0.1115	0.4007	0.3634	0.2867	0.2023	0.1366	0.1181	0.1246	0.1146	0.4006	0.3719	0.2917	0.2003	0.1542	0.1271	0.1125	0.1190	0.3967	0.3476	0.2675	0.2030	0.1640	0.1309	0.1267	0.1251	0.3578	0.3634	0.2461	0.1791	0.1409	0.1322	0.1226	0.1267	0.3678	0.3565	0.2520	0.1747	0.1405	0.1298	0.1227	0.1280	0.2280	0.1915	0.1704	0.1467	0.1299	0.1172	0.1142	0.1190	
0.4130	0.3937	0.2897	0.2030	0.1480	0.1298	0.1211	0.1115	0.4049	0.3813	0.2702	0.2004	0.1730	0.1362	0.1138	0.1107	0.4278	0.3832	0.2989	0.2098	0.1370	0.1219	0.1250	0.1170	0.4298	0.3960	0.3121	0.2092	0.1587	0.1291	0.1129	0.1228	0.4193	0.3706	0.2818	0.2079	0.1697	0.1335	0.1248	0.1278	0.3794	0.3874	0.2612	0.1857	0.1448	0.1364	0.1245	0.1287	0.3883	0.3776	0.2645	0.1806	0.1437	0.1337	0.1230	0.1268	0.2368	0.2033	0.1804	0.1518	0.1334	0.1179	0.1140	0.1220	
0.4397	0.4236	0.3074	0.2136	0.1532	0.1330	0.1222	0.1124	0.4337	0.4017	0.2877	0.2111	0.1700	0.1430	0.1124	0.1122	0.4531	0.4062	0.3200	0.2194	0.1399	0.1216	0.1274	0.1150	0.4550	0.4169	0.3303	0.2200	0.1636	0.1299	0.1144	0.1235	0.4411	0.3949	0.2993	0.2214	0.1733	0.1345	0.1238	0.1284	0.4079	0.4101	0.2755	0.1952	0.1468	0.1364	0.1255	0.1310	0.4159	0.4053	0.2806	0.1875	0.1475	0.1342	0.1232	0.1264	0.2493	0.2092	0.1857	0.1565	0.1370	0.1182	0.1173	0.1223	
0.4691	0.4494	0.3317	0.2243	0.1552	0.1349	0.1220	0.1142	0.4535	0.4318	0.3039	0.2179	0.1754	0.1426	0.1128	0.1114	0.4787	0.4341	0.3406	0.2317	0.1411	0.1218	0.1293	0.1152	0.4807	0.4436	0.3539	0.2282	0.1671	0.1319	0.1126	0.1218	0.4740	0.4189	0.3184	0.2304	0.1804	0.1372	0.1269	0.1279	0.4333	0.4421	0.2956	0.2027	0.1532	0.1386	0.1233	0.1284	0.4405	0.4307	0.2996	0.1925	0.1514	0.1355	0.1234	0.1264	0.2655	0.2204	0.1930	0.1614	0.1372	0.1198	0.1144	0.1191	
0.4909	0.4749	0.3589	0.2387	0.1634	0.1379	0.1257	0.1161	0.4820	0.4575	0.3325	0.2310	0.1865	0.1462	0.1137	0.1138	0.5046	0.4596	0.3610	0.2461	0.1481	0.1263	0.1317	0.1186	0.5025	0.4682	0.3755	0.2426	0.1778	0.1350	0.1136	0.1278	0.4978	0.4468	0.3390	0.2424	0.1892	0.1453	0.1324	0.1334	0.4591	0.4686	0.3183	0.2140	0.1587	0.1454	0.1309	0.1335	0.4716	0.4573	0.3183	0.2020	0.1562	0.1421	0.1267	0.1321	0.2804	0.2330	0.2060	0.1687	0.1428	0.1248	0.1208	0.1245	
0.5186	0.5051	0.3766	0.2489	0.1647	0.1399	0.1257	0.1160	0.5109	0.4872	0.3488	0.2401	0.1912	0.1495	0.1158	0.1145	0.5299	0.4861	0.3883	0.2587	0.1504	0.1261	0.1337	0.1195	0.5312	0.4953	0.4004	0.2528	0.1807	0.1366	0.1174	0.1263	0.5214	0.4707	0.3625	0.2549	0.1957	0.1412	0.1321	0.1326	0.4884	0.4944	0.3358	0.2212	0.1617	0.1457	0.1303	0.1331	0.4910	0.4838	0.3405	0.2134	0.1597	0.1437	0.1261	0.1348	0.2954	0.2463	0.2148	0.1719	0.1476	0.1241	0.1194	0.1275	
0.5493	0.5363	0.4046	0.2614	0.1737	0.1429	0.1292	0.1166	0.5372	0.5161	0.3730	0.2551	0.1986	0.1583	0.1158	0.1170	0.5584	0.5170	0.4144	0.2733	0.1542	0.1310	0.1375	0.1214	0.5577	0.5249	0.4327	0.2684	0.1884	0.1410	0.1183	0.1309	0.5478	0.4998	0.3867	0.2726	0.2067	0.1493	0.1366	0.1378	0.5113	0.5249	0.3597	0.2349	0.1665	0.1488	0.1352	0.1363	0.5145	0.5138	0.3659	0.2224	0.1632	0.1476	0.1298	0.1387	0.3155	0.2591	0.2274	0.1782	0.1496	0.1266	0.1208	0.1275	
0.5775	0.5605	0.4284	0.2758	0.1764	0.1446	0.1339	0.1195	0.5675	0.5411	0.3986	0.2718	0.2056	0.1597	0.1175	0.1187	0.5876	0.5387	0.4337	0.2861	0.1588	0.1313	0.1409	0.1221	0.5857	0.5497	0.4520	0.2862	0.1953	0.1447	0.1205	0.1357	0.5765	0.5267	0.4068	0.2868	0.2124	0.1520	0.1383	0.1386	0.5374	0.5466	0.3809	0.2486	0.1741	0.1523	0.1344	0.1395	0.5458	0.5350	0.3847	0.2333	0.1689	0.1486	0.1321	0.1374	0.3334	0.2804	0.2363	0.1884	0.1526	0.1293	0.1220	0.1303	
0.5978	0.5853	0.4540	0.2935	0.1831	0.1493	0.1332	0.1176	0.5890	0.5651	0.4208	0.2860	0.2165	0.1643	0.1191	0.1188	0.6060	0.5628	0.4593	0.3071	0.1647	0.1327	0.1425	0.1230	0.6052	0.5765	0.4812	0.2996	0.2115	0.1489	0.1226	0.1346	0.6008	0.5533	0.4404	0.2993	0.2176	0.1511	0.1416	0.1408	0.5609	0.5731	0.4052	0.2607	0.1778	0.1549	0.1378	0.1420	0.5679	0.5672	0.4092	0.2478	0.1754	0.1516	0.1346	0.1377	0.3555	0.2879	0.2472	0.1953	0.1571	0.1324	0.1241	0.1312	
0.6260	0.6146	0.4839	0.3073	0.1890	0.1491	0.1365	0.1199	0.6163	0.5895	0.4491	0.2972	0.2264	0.1657	0.1172	0.1179	0.6325	0.5877	0.4887	0.3199	0.1698	0.1332	0.1425	0.1260	0.6325	0.6013	0.5059	0.3148	0.2145	0.1509	0.1225	0.1352	0.6256	0.5767	0.4630	0.3177	0.2267	0.1565	0.1441	0.1421	0.5888	0.6009	0.4318	0.2742	0.1839	0.1576	0.1390	0.1403	0.6026	0.5933	0.4357	0.2551	0.1765	0.1549	0.1365	0.1426	0.3793	0.3068	0.2664	0.2021	0.1620	0.1298	0.1237	0.1311	
0.6532	0.6383	0.5068	0.3215	0.1934	0.1528	0.1390	0.1211	0.6385	0.6169	0.4735	0.3137	0.2360	0.1707	0.1185	0.1194	0.6544	0.6160	0.5112	0.3387	0.1708	0.1329	0.1466	0.1236	0.6573	0.6243	0.5332	0.3324	0.2209	0.1491	0.1225	0.1385	0.6479	0.6041	0.4859	0.3365	0.2389	0.1589	0.1443	0.1401	0.6150	0.6294	0.4572	0.2884	0.1873	0.1596	0.1414	0.1405	0.6236	0.6194	0.4590	0.2699	0.1805	0.1559	0.1366	0.1378	0.4006	0.3296	0.2785	0.2106	0.1636	0.1334	0.1279	0.1339	
0.6749	0.6635	0.5357	0.3423	0.2033	0.1570	0.1373	0.1188	0.6618	0.6417	0.5015	0.3325	0.2456	0.1724	0.1191	0.1185	0.6761	0.6392	0.5361	0.3542	0.1789	0.1377	0.1475	0.1249	0.6816	0.6492	0.5572	0.3520	0.2282	0.1520	0.1228	0.1399	0.6725	0.6263	0.5094	0.3519	0.2491	0.1629	0.1486	0.1442	0.6394	0.6527	0.4849	0.3043	0.1936	0.1652	0.1439	0.1427	0.6469	0.6482	0.4851	0.2783	0.1898	0.1608	0.1398	0.1418	0.4266	0.3520	0.2959	0.2242	0.1721	0.1340	0.1285	0.1344	
0.6919	0.6849	0.5583	0.3612	0.2120	0.1585	0.1424	0.1206	0.6812	0.6656	0.5278	0.3519	0.2577	0.1827	0.1218	0.1196	0.6925	0.6592	0.5644	0.3744	0.1863	0.1383	0.1510	0.1289	0.6961	0.6705	0.5836	0.3686	0.2418	0.1574	0.1280	0.1423	0.6902	0.6565	0.5417	0.3733	0.2580	0.1670	0.1499	0.1462	0.6632	0.6750	0.5140	0.3181	0.2023	0.1686	0.1446	0.1431	0.6723	0.6671	0.5159	0.2934	0.1954	0.1627	0.1436	0.1443	0.4526	0.3690	0.3147	0.2332	0.1762	0.1397	0.1317	0.1372	
0.7030	0.6998	0.5858	0.3794	0.2162	0.1605	0.1437	0.1208	0.6867	0.6826	0.5496	0.3666	0.2624	0.1833	0.1220	0.1217	0.6989	0.6752	0.5847	0.3937	0.1883	0.1393	0.1538	0.1284	0.6969	0.6883	0.6060	0.3860	0.2475	0.1598	0.1239	0.1454	0.6930	0.6685	0.5557	0.3923	0.2726	0.1730	0.1516	0.1459	0.6747	0.6940	0.5379	0.3349	0.2037	0.1697	0.1466	0.1428	0.6837	0.6905	0.5346	0.3110	0.2031	0.1678	0.1445	0.1515	0.4769	0.3895	0.3279	0.2404	0.1802	0.1386	0.1312	0.1354	
0.7053	0.7139	0.6064	0.4002	0.2208	0.1648	0.1465	0.1215	0.6931	0.6983	0.5744	0.3922	0.2766	0.1881	0.1237	0.1231	0.7020	0.6902	0.6088	0.4155	0.1962	0.1449	0.1571	0.1314	0.7026	0.7002	0.6272	0.4085	0.2589	0.1640	0.1265	0.1463	0.6963	0.6870	0.5798	0.4093	0.2832	0.1742	0.1547	0.1472	0.6879	0.7078	0.5597	0.3546	0.2145	0.1750	0.1498	0.1462	0.6927	0.7095	0.5573	0.3213	0.2096	0.1713	0.1458	0.1448	0.4907	0.4031	0.3456	0.2482	0.1858	0.1403	0.1319	0.1396	
0.7098	0.7235	0.6295	0.4219	0.2326	0.1738	0.1507	0.1270	0.6987	0.7129	0.6035	0.4089	0.2925	0.1976	0.1264	0.1252	0.7088	0.7066	0.6289	0.4392	0.2011	0.1483	0.1633	0.1360	0.7092	0.7153	0.6501	0.4341	0.2704	0.1688	0.1308	0.1528	0.7035	0.7013	0.6036	0.4307	0.2979	0.1791	0.1575	0.1537	0.6953	0.7163	0.5879	0.3748	0.2242	0.1802	0.1523	0.1518	0.7058	0.7180	0.5857	0.3422	0.2170	0.1792	0.1516	0.1521	0.5165	0.4294	0.3638	0.2619	0.1935	0.1465	0.1358	0.1424	
0.7094	0.7304	0.6519	0.4425	0.2416	0.1768	0.1535	0.1247	0.6981	0.7189	0.6237	0.4331	0.3044	0.2057	0.1263	0.1242	0.7088	0.7129	0.6559	0.4628	0.2064	0.1493	0.1632	0.1353	0.7090	0.7164	0.6715	0.4523	0.2812	0.1720	0.1288	0.1529	0.7090	0.7082	0.6324	0.4547	0.3102	0.1834	0.1638	0.1541	0.7018	0.7202	0.6114	0.3955	0.2328	0.1873	0.1588	0.1508	0.7043	0.7257	0.6054	0.3579	0.2209	0.1820	0.1541	0.1558	0.5461	0.4569	0.3868	0.2776	0.1988	0.1466	0.1377	0.1425	
0.7117	0.7356	0.6728	0.4697	0.2480	0.1808	0.1568	0.1265	0.7053	0.7261	0.6486	0.4552	0.3199	0.2066	0.1274	0.1255	0.7170	0.7164	0.6754	0.4828	0.2125	0.1524	0.1678	0.1350	0.7143	0.7242	0.6900	0.4752	0.2929	0.1747	0.1314	0.1563	0.7069	0.7160	0.6497	0.4784	0.3216	0.1909	0.1656	0.1558	0.7090	0.7262	0.6407	0.4143	0.2408	0.1882	0.1590	0.1544	0.7146	0.7299	0.6333	0.3771	0.2330	0.1850	0.1548	0.1561	0.5712	0.4789	0.4093	0.2902	0.2054	0.1506	0.1368	0.1446	
0.7162	0.7391	0.6931	0.4931	0.2592	0.1835	0.1595	0.1284	0.7020	0.7318	0.6745	0.4811	0.3362	0.2138	0.1268	0.1273	0.7195	0.7221	0.6963	0.5061	0.2238	0.1543	0.1715	0.1372	0.7182	0.7292	0.7039	0.4981	0.3067	0.1803	0.1301	0.1601	0.7111	0.7249	0.6728	0.5030	0.3370	0.1950	0.1662	0.1621	0.7065	0.7297	0.6570	0.4409	0.2473	0.1922	0.1678	0.1566	0.7194	0.7355	0.6534	0.3934	0.2405	0.1887	0.1568	0.1562	0.5961	0.5004	0.4329	0.3028	0.2121	0.1510	0.1397	0.1461	
0.7198	0.7388	0.7067	0.5132	0.2686	0.1885	0.1598	0.1279	0.7067	0.7288	0.6916	0.4993	0.3517	0.2180	0.1284	0.1274	0.7206	0.7224	0.7063	0.5259	0.2279	0.1565	0.1720	0.1373	0.7115	0.7293	0.7145	0.5167	0.3171	0.1843	0.1326	0.1609	0.7095	0.7256	0.6887	0.5193	0.3523	0.1973	0.1699	0.1611	0.7116	0.7294	0.6805	0.4596	0.2582	0.1991	0.1649	0.1556	0.7168	0.7363	0.6750	0.4145	0.2479	0.1932	0.1588	0.1542	0.6207	0.5233	0.4565	0.3174	0.2161	0.1542	0.1415	0.1489	
0.7229	0.7394	0.7150	0.5402	0.2819	0.1952	0.1636	0.1306	0.7109	0.7314	0.7074	0.5226	0.3657	0.2281	0.1304	0.1298	0.7233	0.7263	0.7208	0.5554	0.2390	0.1620	0.1786	0.1385	0.7167	0.7306	0.7233	0.5398	0.3381	0.1881	0.1358	0.1652	0.7134	0.7268	0.7030	0.5417	0.3717	0.2058	0.1741	0.1653	0.7131	0.7306	0.6988	0.4812	0.2666	0.2074	0.1707	0.1598	0.7245	0.7370	0.6975	0.4322	0.2583	0.1970	0.1636	0.1617	0.6439	0.5562	0.4766	0.3361	0.2272	0.1570	0.1454	0.1509	
0.7224	0.7448	0.7194	0.5621	0.2943	0.1978	0.1675	0.1310	0.7142	0.7320	0.7165	0.5462	0.3806	0.2371	0.1320	0.1302	0.7298	0.7315	0.7291	0.5808	0.2445	0.1621	0.1841	0.1420	0.7256	0.7367	0.7310	0.5688	0.3544	0.1936	0.1383	0.1704	0.7229	0.7317	0.7116	0.5742	0.3883	0.2150	0.1768	0.1687	0.7172	0.7302	0.7084	0.5038	0.2811	0.2087	0.1746	0.1651	0.7287	0.7428	0.7022	0.4566	0.2692	0.2024	0.1663	0.1619	0.6696	0.5837	0.5059	0.3513	0.2364	0.1611	0.1498	0.1522	
0.7268	0.7462	0.7233	0.5825	0.3029	0.2011	0.1703	0.1293	0.7151	0.7359	0.7194	0.5696	0.4012	0.2431	0.1313	0.1301	0.7253	0.7310	0.7314	0.6016	0.2515	0.1614	0.1846	0.1420	0.7233	0.7403	0.7283	0.5866	0.3681	0.1970	0.1369	0.1703	0.7221	0.7303	0.7114	0.5919	0.4029	0.2174	0.1790	0.1695	0.7181	0.7339	0.7124	0.5298	0.2866	0.2139	0.1718	0.1619	0.7309	0.7475	0.7140	0.4792	0.2751	0.2071	0.1656	0.1608	0.6858	0.5964	0.5265	0.3641	0.2418	0.1625	0.1458	0.1508	
0.7264	0.7501	0.7307	0.6095	0.3129	0.2064	0.1731	0.1336	0.7190	0.7412	0.7255	0.5952	0.4177	0.2517	0.1327	0.1321	0.7304	0.7356	0.7388	0.6270	0.2599	0.1672	0.1909	0.1450	0.7275	0.7371	0.7378	0.6135	0.3884	0.2031	0.1418	0.1747	0.7231	0.7343	0.7244	0.6176	0.4235	0.2206	0.1843	0.1726	0.7224	0.7343	0.7223	0.5587	0.2977	0.2198	0.1802	0.1678	0.7292	0.7466	0.7209	0.5043	0.2890	0.2122	0.1730	0.1653	0.6934	0.6258	0.5521	0.3920	0.2511	0.1637	0.1501	0.1563	
0.7403	0.7476	0.7359	0.6333	0.3267	0.2101	0.1759	0.1370	0.7245	0.7397	0.7304	0.6153	0.4372	0.2559	0.1316	0.1336	0.7413	0.7358	0.7418	0.6535	0.2714	0.1697	0.1967	0.1445	0.7362	0.7464	0.7479	0.6416	0.4062	0.2064	0.1424	0.1788	0.7301	0.7395	0.7277	0.6445	0.4470	0.2271	0.1874	0.1712	0.7261	0.7420	0.7265	0.5774	0.3069	0.2240	0.1826	0.1653	0.7343	0.7508	0.7279	0.5205	0.2960	0.2191	0.1738	0.1738	0.7027	0.6526	0.5807	0.4092	0.2599	0.1709	0.1519	0.1565	
0.7400	0.7530	0.7411	0.6584	0.3445	0.2159	0.1809	0.1361	0.7314	0.7437	0.7341	0.6389	0.4539	0.2666	0.1339	0.1343	0.7430	0.7421	0.7460	0.6699	0.2766	0.1713	0.2012	0.1498	0.7377	0.7491	0.7475	0.6624	0.4150	0.2117	0.1435	0.1805	0.7325	0.7420	0.7333	0.6647	0.4626	0.2352	0.1914	0.1733	0.7290	0.7440	0.7271	0.5984	0.3226	0.2307	0.1865	0.1693	0.7409	0.7522	0.7298	0.5482	0.3061	0.2199	0.1752	0.1641	0.7134	0.6819	0.6060	0.4306	0.2690	0.1738	0.1572	0.1593	
0.7350	0.7596	0.7425	0.6754	0.3552	0.2203	0.1824	0.1372	0.7222	0.7432	0.7353	0.6586	0.4669	0.2776	0.1357	0.1344	0.7372	0.7419	0.7483	0.6822	0.2881	0.1740	0.2015	0.1474	0.7360	0.7516	0.7470	0.6752	0.4277	0.2154	0.1462	0.1857	0.7321	0.7444	0.7353	0.6820	0.4794	0.2398	0.1964	0.1769	0.7240	0.7421	0.7296	0.6191	0.3342	0.2320	0.1889	0.1688	0.7320	0.7508	0.7286	0.5643	0.3167	0.2252	0.1798	0.1735	0.7045	0.6994	0.6262	0.4468	0.2785	0.1765	0.1577	0.1614	
0.7464	0.7565	0.7478	0.6942	0.3734	0.2262	0.1876	0.1377	0.7317	0.7489	0.7399	0.6794	0.4947	0.2818	0.1362	0.1352	0.7449	0.7478	0.7503	0.6969	0.2984	0.1779	0.2088	0.1514	0.7413	0.7517	0.7520	0.6959	0.4539	0.2220	0.1467	0.1874	0.7370	0.7446	0.7417	0.6985	0.5010	0.2504	0.1995	0.1813	0.7292	0.7450	0.7324	0.6505	0.3490	0.2415	0.1891	0.1711	0.7410	0.7563	0.7337	0.5953	0.3315	0.2303	0.1832	0.1705	0.7164	0.7077	0.6509	0.4697	0.2891	0.1788	0.1577	0.1628	
0.7383	0.7568	0.7432	0.7106	0.3866	0.2326	0.1889	0.1371	0.7318	0.7507	0.7364	0.6973	0.5120	0.2913	0.1380	0.1366	0.7402	0.7458	0.7465	0.7057	0.3038	0.1787	0.2094	0.1519	0.7398	0.7510	0.7477	0.7055	0.4645	0.2258	0.1476	0.1908	0.7353	0.7423	0.7388	0.7027	0.5223	0.2557	0.2027	0.1822	0.7321	0.7430	0.7311	0.6652	0.3630	0.2476	0.1959	0.1771	0.7377	0.7566	0.7326	0.6111	0.3434	0.2344	0.1822	0.1764	0.7174	0.7084	0.6645	0.4902	0.2975	0.1825	0.1605	0.1639	
0.7375	0.7611	0.7430	0.7233	0.3967	0.2432	0.1964	0.1386	0.7293	0.7535	0.7449	0.7056	0.5340	0.3022	0.1389	0.1379	0.7414	0.7474	0.7526	0.7110	0.3141	0.1853	0.2191	0.1527	0.7404	0.7592	0.7551	0.7103	0.4787	0.2337	0.1515	0.2001	0.7333	0.7484	0.7385	0.7106	0.5400	0.2656	0.2054	0.1838	0.7336	0.7480	0.7334	0.6801	0.3737	0.2515	0.2004	0.1756	0.7412	0.7532	0.7368	0.6271	0.3573	0.2474	0.1861	0.1789	0.7185	0.7134	0.6872	0.5110	0.3127	0.1851	0.1648	0.1711	
0.7430	0.7650	0.7556	0.7270	0.4170	0.2458	0.1973	0.1402	0.7358	0.7547	0.7451	0.7165	0.5615	0.3164	0.1400	0.1397	0.7514	0.7493	0.7592	0.7199	0.3304	0.1879	0.2215	0.1566	0.7438	0.7563	0.7540	0.7215	0.5078	0.2382	0.1507	0.2056	0.7387	0.7550	0.7472	0.7144	0.5605	0.2722	0.2119	0.1911	0.7327	0.7527	0.7361	0.6951	0.3894	0.2678	0.2035	0.1818	0.7450	0.7576	0.7344	0.6444	0.3687	0.2497	0.1915	0.1775	0.7198	0.7089	0.7031	0.5318	0.3237	0.1927	0.1658	0.1706	
0.7481	0.7676	0.7538	0.7350	0.4356	0.2505	0.2040	0.1452	0.7360	0.7596	0.7461	0.7223	0.5773	0.3283	0.1428	0.1428	0.7482	0.7538	0.7572	0.7281	0.3410	0.1928	0.2298	0.1588	0.7442	0.7622	0.7604	0.7239	0.5291	0.2497	0.1537	0.2109	0.7381	0.7543	0.7499	0.7209	0.5836	0.2813	0.2179	0.1948	0.7330	0.7555	0.7414	0.6984	0.4053	0.2721	0.2097	0.1834	0.7469	0.7598	0.7393	0.6563	0.3874	0.2558	0.1936	0.1857	0.7217	0.7224	0.7077	0.5575	0.3374	0.1971	0.1687	0.1741	
0.7518	0.7688	0.7534	0.7391	0.4512	0.2600	0.2071	0.1439	0.7406	0.7626	0.7488	0.7300	0.5980	0.3376	0.1414	0.1436	0.7525	0.7599	0.7582	0.7309	0.3548	0.1967	0.2308	0.1617	0.7490	0.7622	0.7618	0.7350	0.5476	0.2558	0.1554	0.2144	0.7465	0.7580	0.7507	0.7272	0.5993	0.2914	0.2232	0.1973	0.7416	0.7570	0.7401	0.7055	0.4207	0.2799	0.2132	0.1856	0.7511	0.7653	0.7383	0.6777	0.4005	0.2666	0.1985	0.1864	0.7236	0.7227	0.7162	0.5730	0.3512	0.2024	0.1704	0.1780	
0.7579	0.7730	0.7591	0.7454	0.4671	0.2671	0.2146	0.1455	0.7455	0.7640	0.7512	0.7303	0.6157	0.3480	0.1451	0.1455	0.7571	0.7590	0.7645	0.7356	0.3714	0.2001	0.2418	0.1614	0.7559	0.7701	0.7630	0.7398	0.5691	0.2599	0.1581	0.2170	0.7475	0.7604	0.7515	0.7372	0.6238	0.3012	0.2267	0.1997	0.7466	0.7563	0.7410	0.7160	0.4385	0.2879	0.2154	0.1858	0.7603	0.7646	0.7422	0.6979	0.4200	0.2707	0.2031	0.1860	0.7303	0.7261	0.7210	0.5983	0.3654	0.2065	0.1753	0.1796	
0.7564	0.7751	0.7587	0.7438	0.4866	0.2725	0.2177	0.1484	0.7434	0.7704	0.7554	0.7340	0.6344	0.3614	0.1435	0.1465	0.7594	0.7616	0.7658	0.7399	0.3815	0.2029	0.2447	0.1623	0.7570	0.7689	0.7645	0.7391	0.5886	0.2659	0.1560	0.2257	0.7498	0.7631	0.7554	0.7406	0.6367	0.3117	0.2289	0.1985	0.7505	0.7614	0.7408	0.7134	0.4506	0.2900	0.2203	0.1920	0.7568	0.7660	0.7481	0.7054	0.4333	0.2832	0.2040	0.1888	0.7282	0.7236	0.7222	0.6131	0.3809	0.2095	0.1761	0.1802	
