0.0856	0.0862	0.0867	0.0876	0.0871	0.0918	0.0950	0.1071	0.0857	0.0866	0.0855	0.0870	0.0893	0.0914	0.0993	0.1137	0.0864	0.0856	0.0856	0.0862	0.0899	0.0940	0.0953	0.1024	0.0882	0.0872	0.0898	0.0863	0.0906	0.0963	0.0976	0.1057	0.0884	0.0865	0.0861	0.0870	0.0932	0.0960	0.1000	0.1118	0.0865	0.0866	0.0867	0.0960	0.0930	0.0971	0.0995	0.1201	0.0867	0.0857	0.0868	0.0880	0.0920	0.1003	0.1015	0.1117	0.0872	0.0871	0.0909	0.0883	0.0982	0.0985	0.1023	0.1251	
0.0887	0.0870	0.0865	0.0878	0.0874	0.0872	0.0887	0.0964	0.0868	0.0868	0.0868	0.0875	0.0894	0.0885	0.0900	0.0969	0.0873	0.0866	0.0864	0.0869	0.0870	0.0866	0.0894	0.0986	0.0890	0.0879	0.0923	0.0878	0.0872	0.0884	0.0917	0.0985	0.0894	0.0900	0.0871	0.0879	0.0885	0.0889	0.0914	0.1049	0.0876	0.0879	0.0879	0.0937	0.0901	0.0891	0.0919	0.1028	0.0900	0.0865	0.0880	0.0875	0.0894	0.0888	0.0960	0.1052	0.0866	0.0875	0.0901	0.0877	0.0898	0.0898	0.0950	0.1077	
0.0880	0.0858	0.0850	0.0863	0.0847	0.0863	0.0865	0.0944	0.0860	0.0884	0.0855	0.0857	0.0875	0.0868	0.0891	0.0954	0.0861	0.0857	0.0856	0.0856	0.0864	0.0856	0.0892	0.0993	0.0875	0.0867	0.0904	0.0867	0.0860	0.0866	0.0912	0.1007	0.0883	0.0879	0.0867	0.0867	0.0990	0.0885	0.0909	0.1064	0.0869	0.0866	0.0865	0.0937	0.0887	0.0877	0.0911	0.1040	0.0883	0.0851	0.0871	0.0863	0.0891	0.0886	0.0961	0.1055	0.0865	0.0858	0.0888	0.0864	0.0884	0.0897	0.0940	0.1092	
0.0886	0.0872	0.0867	0.0885	0.0867	0.0876	0.0882	0.0958	0.0878	0.0879	0.0877	0.0875	0.0880	0.0883	0.0916	0.0979	0.0918	0.0874	0.0875	0.0868	0.0877	0.0872	0.0907	0.1003	0.0888	0.0885	0.0922	0.0887	0.0879	0.0886	0.0926	0.1009	0.0898	0.0876	0.0874	0.0885	0.0897	0.0901	0.0926	0.1087	0.0880	0.0874	0.0884	0.0954	0.0914	0.0891	0.0933	0.1054	0.0898	0.0874	0.0882	0.0880	0.0906	0.0901	0.0973	0.1092	0.0877	0.0877	0.0907	0.0883	0.0899	0.0915	0.0964	0.1106	
0.0885	0.0873	0.0867	0.0880	0.0861	0.0895	0.0876	0.0969	0.0875	0.0875	0.0874	0.0875	0.0879	0.0878	0.0909	0.0983	0.0876	0.0874	0.0870	0.0869	0.0879	0.0873	0.0906	0.1012	0.0888	0.0882	0.0918	0.0888	0.0881	0.0878	0.0922	0.1002	0.0902	0.0901	0.0870	0.0885	0.0903	0.0895	0.0934	0.1075	0.0878	0.0876	0.0883	0.0950	0.0905	0.0889	0.0927	0.1053	0.0879	0.0867	0.0882	0.0875	0.0903	0.0901	0.0975	0.1110	0.0883	0.0880	0.0903	0.0880	0.0902	0.0910	0.0965	0.1100	
0.0882	0.0879	0.0868	0.0911	0.0867	0.0901	0.0872	0.0965	0.0877	0.0879	0.0873	0.0875	0.0893	0.0874	0.0920	0.0973	0.0884	0.0875	0.0871	0.0874	0.0884	0.0870	0.0909	0.0999	0.0889	0.0882	0.0921	0.0885	0.0879	0.0878	0.0920	0.1021	0.0898	0.0905	0.0869	0.0891	0.0925	0.0897	0.0977	0.1069	0.0882	0.0877	0.0880	0.0947	0.0913	0.0894	0.0937	0.1043	0.0901	0.0870	0.0881	0.0877	0.0904	0.0903	0.0976	0.1086	0.0880	0.0880	0.0907	0.0881	0.0904	0.0912	0.0996	0.1118	
0.0885	0.0877	0.0868	0.0881	0.0871	0.0906	0.0905	0.0994	0.0876	0.0874	0.0880	0.0873	0.0894	0.0894	0.0921	0.1011	0.0879	0.0871	0.0872	0.0872	0.0874	0.0888	0.0915	0.1041	0.0885	0.0884	0.0916	0.0885	0.0877	0.0881	0.0953	0.1020	0.0922	0.0883	0.0872	0.0890	0.0899	0.0929	0.0926	0.1121	0.0883	0.0874	0.0880	0.0954	0.0922	0.0922	0.0921	0.1054	0.0905	0.0867	0.0885	0.0879	0.0915	0.0945	0.1015	0.1118	0.0880	0.0880	0.0906	0.0884	0.0951	0.0910	0.0976	0.1113	
0.0873	0.0887	0.0869	0.0909	0.0847	0.0910	0.0890	0.0948	0.0860	0.0908	0.0876	0.0909	0.0911	0.0893	0.0940	0.0971	0.0898	0.0857	0.0885	0.0855	0.0895	0.0904	0.0932	0.0993	0.0886	0.0910	0.0918	0.0900	0.0865	0.0879	0.0900	0.0970	0.0910	0.0886	0.0889	0.0901	0.0919	0.0894	0.0939	0.1052	0.0884	0.0874	0.0866	0.0950	0.0985	0.0889	0.0961	0.1020	0.0902	0.0883	0.0864	0.0916	0.0899	0.0900	0.0956	0.1058	0.0876	0.0876	0.0928	0.0913	0.0912	0.0941	0.0946	0.1070	
0.0892	0.0880	0.0867	0.0884	0.0874	0.0886	0.0875	0.0958	0.0878	0.0881	0.0875	0.0880	0.0897	0.0887	0.0917	0.1035	0.0892	0.0881	0.0879	0.0878	0.0884	0.0882	0.0910	0.1010	0.0893	0.0894	0.0921	0.0890	0.0878	0.0888	0.0924	0.0992	0.0901	0.0878	0.0880	0.0895	0.0921	0.0904	0.0928	0.1079	0.0891	0.0876	0.0886	0.0959	0.0913	0.0896	0.0928	0.1040	0.0931	0.0871	0.0890	0.0882	0.0907	0.0910	0.0974	0.1097	0.0877	0.0883	0.0915	0.0890	0.0942	0.0917	0.0964	0.1103	
0.0892	0.0882	0.0870	0.0879	0.0871	0.0893	0.0877	0.0948	0.0879	0.0880	0.0879	0.0875	0.0887	0.0890	0.0913	0.0973	0.0899	0.0881	0.0874	0.0877	0.0880	0.0874	0.0902	0.0994	0.0891	0.0888	0.0922	0.0873	0.0879	0.0885	0.0919	0.0980	0.0901	0.0887	0.0873	0.0895	0.0916	0.0893	0.0934	0.1070	0.0892	0.0877	0.0884	0.0956	0.0921	0.0895	0.0925	0.1026	0.0909	0.0869	0.0888	0.0881	0.0902	0.0902	0.0966	0.1094	0.0885	0.0881	0.0909	0.0886	0.0902	0.0912	0.0954	0.1122	
0.0893	0.0882	0.0878	0.0890	0.0869	0.0893	0.0875	0.0951	0.0882	0.0881	0.0877	0.0876	0.0892	0.0881	0.0906	0.0969	0.0930	0.0878	0.0876	0.0874	0.0880	0.0880	0.0905	0.0997	0.0892	0.0887	0.0923	0.0885	0.0879	0.0885	0.0916	0.0987	0.0923	0.0889	0.0869	0.0899	0.0907	0.0899	0.0925	0.1068	0.0888	0.0879	0.0885	0.0957	0.0917	0.0892	0.0918	0.1055	0.0898	0.0872	0.0887	0.0877	0.0899	0.0907	0.0988	0.1087	0.0884	0.0881	0.0913	0.0882	0.0903	0.0911	0.0959	0.1108	
0.0893	0.0880	0.0873	0.0884	0.0870	0.0882	0.0904	0.0942	0.0883	0.0880	0.0877	0.0875	0.0894	0.0890	0.0902	0.0973	0.0925	0.0877	0.0872	0.0891	0.0875	0.0874	0.0900	0.0988	0.0890	0.0883	0.0924	0.0884	0.0880	0.0884	0.0918	0.0987	0.0902	0.0899	0.0869	0.0903	0.0899	0.0893	0.0921	0.1066	0.0889	0.0875	0.0883	0.0952	0.0992	0.0892	0.0923	0.1026	0.0911	0.0872	0.0883	0.0877	0.0902	0.0896	0.0967	0.1084	0.0885	0.0880	0.0912	0.0887	0.0899	0.0905	0.0954	0.1100	
0.0896	0.0886	0.0875	0.0888	0.0872	0.0892	0.0906	0.0963	0.0884	0.0883	0.0881	0.0883	0.0895	0.0885	0.0906	0.0966	0.0900	0.0881	0.0878	0.0898	0.0884	0.0878	0.0905	0.0997	0.0892	0.0891	0.0915	0.0887	0.0879	0.0885	0.0919	0.0994	0.0903	0.0893	0.0872	0.0903	0.0902	0.0897	0.0927	0.1070	0.0892	0.0878	0.0885	0.0961	0.0917	0.0893	0.0923	0.1026	0.0894	0.0871	0.0892	0.0891	0.0906	0.0899	0.1006	0.1098	0.0882	0.0886	0.0915	0.0885	0.0904	0.0911	0.0959	0.1103	
0.0901	0.0886	0.0880	0.0891	0.0874	0.0890	0.0878	0.0946	0.0885	0.0888	0.0881	0.0880	0.0897	0.0888	0.0906	0.0980	0.0909	0.0886	0.0878	0.0879	0.0880	0.0880	0.0900	0.1013	0.0895	0.0885	0.0929	0.0888	0.0884	0.0892	0.0923	0.0984	0.0903	0.0894	0.0876	0.0918	0.0901	0.0899	0.0966	0.1067	0.0896	0.0882	0.0886	0.0959	0.0907	0.0897	0.0921	0.1090	0.0908	0.0906	0.0890	0.0881	0.0904	0.0908	0.0967	0.1083	0.0898	0.0884	0.0911	0.0890	0.0902	0.0912	0.0954	0.1100	
0.0901	0.0881	0.0874	0.0891	0.0899	0.0888	0.0883	0.0945	0.0888	0.0876	0.0876	0.0878	0.0900	0.0891	0.0913	0.0969	0.0905	0.0879	0.0870	0.0873	0.0883	0.0876	0.0903	0.1008	0.0901	0.0883	0.0909	0.0882	0.0887	0.0886	0.0926	0.0977	0.0905	0.0892	0.0870	0.0909	0.0905	0.0902	0.0941	0.1077	0.0895	0.0872	0.0886	0.0960	0.0948	0.0898	0.0925	0.1017	0.0890	0.0868	0.0880	0.0875	0.0910	0.0904	0.0976	0.1092	0.0885	0.0879	0.0909	0.0887	0.0907	0.0914	0.0958	0.1093	
0.0901	0.0893	0.0882	0.0897	0.0880	0.0891	0.0879	0.0945	0.0889	0.0890	0.0879	0.0886	0.0899	0.0889	0.0907	0.0976	0.0935	0.0890	0.0876	0.0883	0.0883	0.0874	0.0900	0.0993	0.0894	0.0890	0.0914	0.0893	0.0885	0.0890	0.0921	0.0979	0.0903	0.0892	0.0876	0.0896	0.0906	0.0900	0.0919	0.1058	0.0892	0.0879	0.0893	0.0963	0.0908	0.0899	0.0922	0.1014	0.0891	0.0876	0.0895	0.0881	0.0907	0.0899	0.0964	0.1071	0.0883	0.0881	0.0915	0.0891	0.0909	0.0912	0.0953	0.1092	
0.0906	0.0890	0.0883	0.0897	0.0891	0.0915	0.0885	0.0943	0.0887	0.0886	0.0897	0.0883	0.0897	0.0887	0.0906	0.0962	0.0931	0.0886	0.0903	0.0882	0.0881	0.0874	0.0900	0.1094	0.0893	0.0886	0.0934	0.0888	0.0881	0.0883	0.0915	0.0977	0.0904	0.0883	0.0878	0.0891	0.0905	0.0897	0.0943	0.1056	0.0893	0.0878	0.0908	0.0961	0.0906	0.0894	0.0920	0.1014	0.0887	0.0872	0.0892	0.0888	0.0905	0.0900	0.0957	0.1074	0.0886	0.0886	0.0923	0.0889	0.0903	0.0908	0.0953	0.1083	
0.0913	0.0899	0.0893	0.0904	0.0912	0.0896	0.0889	0.0946	0.0898	0.0886	0.0886	0.0887	0.0898	0.0891	0.0909	0.0966	0.0925	0.0888	0.0878	0.0882	0.0882	0.0878	0.0904	0.0988	0.0900	0.0887	0.0917	0.0886	0.0885	0.0892	0.0917	0.1014	0.0908	0.0883	0.0878	0.0897	0.0902	0.0899	0.0922	0.1073	0.0898	0.0883	0.0890	0.0967	0.0908	0.0893	0.0921	0.1050	0.0909	0.0876	0.0895	0.0878	0.0903	0.0908	0.0963	0.1104	0.0888	0.0887	0.0917	0.0892	0.0907	0.0912	0.0953	0.1101	
0.0915	0.0895	0.0890	0.0900	0.0886	0.0897	0.0886	0.0949	0.0893	0.0889	0.0884	0.0887	0.0905	0.0890	0.0906	0.0998	0.0932	0.0888	0.0880	0.0885	0.0886	0.0881	0.0901	0.0983	0.0898	0.0891	0.0917	0.0890	0.0886	0.0885	0.0918	0.0974	0.0902	0.0885	0.0876	0.0897	0.0911	0.0896	0.0922	0.1073	0.0893	0.0881	0.0890	0.0960	0.0906	0.0897	0.0917	0.1020	0.0910	0.0874	0.0894	0.0886	0.0908	0.0898	0.0972	0.1075	0.0887	0.0886	0.0918	0.0889	0.0900	0.0909	0.0948	0.1091	
0.0918	0.0901	0.0893	0.0901	0.0885	0.0892	0.0887	0.0947	0.0902	0.0895	0.0888	0.0887	0.0906	0.0891	0.0906	0.0973	0.0932	0.0891	0.0882	0.0876	0.0884	0.0878	0.0895	0.0984	0.0898	0.0889	0.0921	0.0889	0.0888	0.0888	0.0917	0.0970	0.0905	0.0881	0.0881	0.0898	0.0909	0.0901	0.0927	0.1050	0.0899	0.0882	0.0896	0.0962	0.0909	0.0895	0.0921	0.1017	0.0896	0.0875	0.0893	0.0882	0.0906	0.0901	0.0958	0.1071	0.0889	0.0889	0.0917	0.0889	0.0905	0.0906	0.0954	0.1102	
0.0925	0.0907	0.0901	0.0911	0.0887	0.0943	0.0891	0.0943	0.0905	0.0891	0.0889	0.0893	0.0908	0.0894	0.0918	0.0973	0.0927	0.0893	0.0880	0.0884	0.0880	0.0872	0.0904	0.0981	0.0905	0.0890	0.0917	0.0889	0.0886	0.0890	0.0918	0.0982	0.0908	0.0909	0.0878	0.0899	0.0905	0.0896	0.0918	0.1060	0.0898	0.0881	0.0898	0.0964	0.0903	0.0897	0.0916	0.1009	0.0917	0.0880	0.0894	0.0881	0.0899	0.0899	0.0957	0.1086	0.0891	0.0887	0.0918	0.0891	0.0907	0.0905	0.0950	0.1112	
0.0930	0.0913	0.0900	0.0911	0.0894	0.0915	0.0898	0.0955	0.0913	0.0899	0.0895	0.0902	0.0909	0.0901	0.0922	0.0985	0.0940	0.0897	0.0884	0.0890	0.0884	0.0880	0.0901	0.0985	0.0905	0.0895	0.0921	0.0894	0.0889	0.0893	0.0922	0.0980	0.0913	0.0903	0.0882	0.0902	0.0924	0.0904	0.0924	0.1061	0.0913	0.0883	0.0893	0.0969	0.0911	0.0900	0.0927	0.1024	0.0916	0.0875	0.0898	0.0884	0.0913	0.0904	0.0957	0.1071	0.0892	0.0890	0.0919	0.0894	0.0911	0.0914	0.0955	0.1103	
0.0937	0.0916	0.0911	0.0917	0.0897	0.0909	0.0903	0.0951	0.0918	0.0903	0.0895	0.0896	0.0909	0.0898	0.0910	0.0977	0.0949	0.0907	0.0887	0.0895	0.0886	0.0887	0.0905	0.1009	0.0909	0.0897	0.0924	0.0896	0.0892	0.0888	0.0923	0.0982	0.0914	0.0910	0.0878	0.0900	0.0910	0.0909	0.0918	0.1055	0.0906	0.0886	0.0897	0.0970	0.0923	0.0903	0.0914	0.1025	0.0902	0.0878	0.0898	0.0957	0.0915	0.0903	0.0971	0.1074	0.0893	0.0892	0.0917	0.0893	0.0917	0.0926	0.0954	0.1104	
0.0954	0.0922	0.0912	0.0921	0.0898	0.0911	0.0898	0.0960	0.0929	0.0915	0.0897	0.0896	0.0912	0.0901	0.0913	0.0962	0.0943	0.0904	0.0886	0.0889	0.0897	0.0884	0.0906	0.0983	0.0915	0.0894	0.0921	0.0899	0.0889	0.0890	0.0925	0.0975	0.0919	0.0923	0.0885	0.0914	0.0907	0.0902	0.0923	0.1050	0.0909	0.0884	0.0897	0.0966	0.0910	0.0902	0.0925	0.1159	0.0920	0.0880	0.0896	0.0888	0.0908	0.0905	0.1000	0.1076	0.0894	0.0892	0.0923	0.0893	0.0913	0.0915	0.0949	0.1088	
0.0956	0.0927	0.0917	0.0927	0.0904	0.0914	0.0937	0.0955	0.0928	0.0908	0.0903	0.0908	0.0919	0.0908	0.0927	0.0979	0.0963	0.0905	0.0888	0.0891	0.0894	0.0894	0.0912	0.0985	0.0911	0.0897	0.0926	0.0897	0.0895	0.0900	0.0921	0.0976	0.0918	0.0911	0.0887	0.0906	0.0917	0.0928	0.0927	0.1064	0.0907	0.0888	0.0899	0.0972	0.0915	0.0904	0.0923	0.1020	0.0924	0.0886	0.0901	0.0893	0.0910	0.0903	0.0964	0.1085	0.0895	0.0890	0.0923	0.0895	0.0911	0.0914	0.0955	0.1092	
0.0965	0.0929	0.0926	0.0932	0.0904	0.0921	0.0906	0.0960	0.0934	0.0912	0.0902	0.0904	0.0915	0.0904	0.0918	0.0977	0.0962	0.0911	0.0888	0.0893	0.0897	0.0883	0.0904	0.0981	0.0914	0.0899	0.0925	0.0895	0.0893	0.0896	0.0918	0.0985	0.0919	0.0914	0.0881	0.0907	0.0914	0.0906	0.0920	0.1054	0.0908	0.0888	0.0898	0.0967	0.0915	0.0901	0.0914	0.1022	0.0931	0.0883	0.0897	0.0890	0.0911	0.0902	0.0974	0.1069	0.0897	0.0890	0.0923	0.0897	0.0914	0.0911	0.0946	0.1089	
0.0980	0.0940	0.0931	0.0935	0.0912	0.0920	0.0913	0.0953	0.0946	0.0920	0.0907	0.0901	0.0923	0.0909	0.0920	0.0988	0.0966	0.0909	0.0894	0.0903	0.0897	0.0889	0.0907	0.0981	0.0924	0.0900	0.0928	0.0899	0.0899	0.0898	0.0919	0.0976	0.0919	0.0903	0.0892	0.0908	0.0919	0.0907	0.0924	0.1054	0.0912	0.0892	0.0901	0.0974	0.0923	0.0908	0.0922	0.1009	0.0929	0.0885	0.0904	0.0890	0.0908	0.0906	0.0974	0.1071	0.0897	0.0896	0.0926	0.0899	0.0919	0.0919	0.0955	0.1082	
0.0984	0.0980	0.0929	0.0935	0.0922	0.0917	0.0908	0.0950	0.0945	0.0919	0.0908	0.0904	0.0919	0.0902	0.0917	0.0975	0.0966	0.0907	0.0888	0.0898	0.0890	0.0881	0.0904	0.0976	0.0915	0.0904	0.0923	0.0893	0.0890	0.0895	0.0920	0.0967	0.0923	0.0906	0.0885	0.0903	0.0909	0.0905	0.0915	0.1040	0.0910	0.0884	0.0896	0.0973	0.0909	0.0895	0.0916	0.1010	0.0911	0.0941	0.0899	0.0884	0.0907	0.0898	0.0954	0.1072	0.0896	0.0890	0.0921	0.0892	0.0941	0.0908	0.0948	0.1084	
0.1000	0.0990	0.0944	0.0948	0.0929	0.0936	0.0923	0.0959	0.0957	0.0929	0.0911	0.0908	0.0919	0.0910	0.0921	0.0996	0.0970	0.0915	0.0891	0.0898	0.0899	0.0887	0.0908	0.0983	0.0924	0.0904	0.0926	0.0904	0.0897	0.0900	0.0921	0.0996	0.0926	0.0921	0.0886	0.0907	0.0917	0.0907	0.0917	0.1067	0.0915	0.0890	0.0901	0.0975	0.0920	0.0904	0.0919	0.1007	0.0930	0.0882	0.0902	0.0892	0.0911	0.0907	0.0964	0.1071	0.0900	0.0896	0.0919	0.0896	0.0913	0.0909	0.0951	0.1090	
0.1012	0.1001	0.0941	0.0948	0.0926	0.0926	0.0919	0.0963	0.0965	0.0930	0.0911	0.0906	0.0919	0.0911	0.0920	0.0973	0.0968	0.0915	0.0892	0.0897	0.0895	0.0887	0.0906	0.0979	0.0932	0.0906	0.0928	0.0895	0.0895	0.0898	0.0915	0.0968	0.0928	0.0903	0.0889	0.0908	0.0915	0.0909	0.0911	0.1060	0.0921	0.0889	0.0897	0.0972	0.0915	0.0901	0.0914	0.1000	0.0934	0.0883	0.0902	0.0892	0.0914	0.0897	0.0951	0.1058	0.0903	0.0889	0.0916	0.0889	0.0915	0.0913	0.0946	0.1091	
0.1024	0.0998	0.0954	0.0955	0.0938	0.0939	0.0921	0.0969	0.0973	0.0941	0.0919	0.0914	0.0927	0.0915	0.0930	0.0979	0.0987	0.0917	0.0898	0.0900	0.0902	0.0889	0.0908	0.0983	0.0931	0.0906	0.0931	0.0903	0.0896	0.0898	0.0928	0.0975	0.0931	0.0914	0.0887	0.0907	0.0913	0.0908	0.0923	0.1043	0.0916	0.0893	0.0905	0.0974	0.0993	0.0901	0.0921	0.1012	0.0928	0.0886	0.0901	0.0890	0.0913	0.0894	0.0957	0.1055	0.0909	0.0889	0.0919	0.0892	0.0912	0.0911	0.0951	0.1074	
0.1050	0.1008	0.0968	0.0976	0.0949	0.0950	0.0931	0.0965	0.0993	0.0935	0.0924	0.0922	0.0929	0.0923	0.0929	0.0987	0.0991	0.0934	0.0901	0.0899	0.0897	0.0896	0.0914	0.0988	0.0940	0.0910	0.0948	0.0903	0.0900	0.0904	0.0922	0.0965	0.0932	0.0925	0.0888	0.0905	0.0919	0.0910	0.0917	0.1054	0.0926	0.0892	0.0897	0.0974	0.0929	0.0900	0.0918	0.1008	0.0921	0.0889	0.0903	0.0888	0.0913	0.0903	0.0959	0.1061	0.0910	0.0892	0.0964	0.0896	0.0918	0.0918	0.0957	0.1077	
0.1073	0.1029	0.0976	0.0978	0.0953	0.0959	0.0936	0.0972	0.1009	0.0945	0.0926	0.0928	0.0933	0.0920	0.0931	0.0991	0.0971	0.0913	0.0899	0.0903	0.0905	0.0897	0.0913	0.0983	0.0942	0.0911	0.0932	0.0903	0.0898	0.0900	0.0921	0.0973	0.0942	0.0919	0.0891	0.0906	0.0918	0.0911	0.0922	0.1064	0.0926	0.0897	0.0901	0.0978	0.0922	0.0908	0.0923	0.1011	0.0922	0.0888	0.0900	0.0891	0.0918	0.0903	0.0980	0.1076	0.0916	0.0898	0.0940	0.0899	0.0913	0.0913	0.0952	0.1081	
0.1080	0.1041	0.0982	0.0979	0.0951	0.0959	0.0935	0.0967	0.1015	0.0942	0.0925	0.0929	0.0929	0.0911	0.0927	0.0971	0.0960	0.0920	0.0898	0.0921	0.0898	0.0896	0.0905	0.0980	0.0941	0.0910	0.0930	0.0895	0.0895	0.0899	0.0914	0.0965	0.0938	0.0909	0.0883	0.0905	0.0913	0.0904	0.0917	0.1059	0.0922	0.0888	0.0896	0.0973	0.0913	0.0901	0.0910	0.1004	0.0938	0.0891	0.0895	0.0884	0.0905	0.0904	0.0971	0.1066	0.0910	0.0895	0.0922	0.0891	0.0906	0.0902	0.0942	0.1067	
0.1129	0.1054	0.1002	0.0997	0.0967	0.0962	0.0946	0.0979	0.1043	0.0956	0.0936	0.0935	0.0936	0.0929	0.0936	0.0989	0.0975	0.0927	0.0907	0.0907	0.0903	0.0900	0.0914	0.0986	0.0950	0.0912	0.0936	0.0904	0.0900	0.0897	0.0923	0.0972	0.0947	0.0921	0.0892	0.0910	0.0918	0.0908	0.0922	0.1056	0.0936	0.0892	0.0908	0.0978	0.0919	0.0901	0.0917	0.0999	0.0943	0.0890	0.0908	0.0891	0.0913	0.0904	0.0958	0.1060	0.0918	0.0898	0.0927	0.0897	0.0914	0.0912	0.0952	0.1089	
0.1161	0.1059	0.1012	0.1021	0.0975	0.0977	0.0956	0.0983	0.1075	0.0966	0.0939	0.0937	0.0941	0.0935	0.0937	0.1020	0.0981	0.0925	0.0905	0.0909	0.0907	0.0892	0.0917	0.0985	0.0959	0.0912	0.0937	0.0908	0.0895	0.0903	0.0925	0.0972	0.0950	0.0900	0.0894	0.0911	0.0921	0.0913	0.0924	0.1054	0.0939	0.0897	0.0904	0.0974	0.0968	0.0897	0.0913	0.1006	0.0946	0.0888	0.0909	0.0887	0.0913	0.0904	0.0976	0.1069	0.0918	0.0899	0.0925	0.0899	0.0917	0.0915	0.0949	0.1080	
0.1202	0.1085	0.1023	0.1018	0.0987	0.0978	0.0961	0.0982	0.1089	0.0972	0.0945	0.0940	0.0939	0.0927	0.0939	0.0985	0.1002	0.0930	0.0909	0.0904	0.0906	0.0896	0.0907	0.0988	0.0970	0.0914	0.0932	0.0908	0.0902	0.0900	0.0920	0.0966	0.0959	0.0909	0.0907	0.0909	0.0916	0.0908	0.0925	0.1064	0.0941	0.0896	0.0902	0.0975	0.0922	0.0897	0.0920	0.1003	0.0951	0.0891	0.0905	0.0889	0.0912	0.0910	0.0959	0.1060	0.0924	0.0897	0.0926	0.0890	0.0923	0.0911	0.0948	0.1083	
0.1225	0.1087	0.1041	0.1038	0.0999	0.0986	0.0968	0.0990	0.1105	0.0981	0.0948	0.0952	0.0950	0.0928	0.0938	0.0988	0.1015	0.0942	0.0912	0.0906	0.0910	0.0898	0.0917	0.0983	0.0974	0.0913	0.0939	0.0906	0.0901	0.0904	0.0924	0.0969	0.0964	0.0916	0.0906	0.0914	0.0917	0.0909	0.0919	0.1058	0.0946	0.0899	0.0904	0.0977	0.0924	0.0899	0.0915	0.1009	0.0958	0.0897	0.0901	0.0912	0.0915	0.0902	0.0958	0.1065	0.0926	0.0899	0.0927	0.0896	0.0916	0.0908	0.0943	0.1083	
0.1282	0.1114	0.1060	0.1048	0.1007	0.1001	0.0972	0.0993	0.1129	0.0994	0.0956	0.0952	0.0956	0.0940	0.0943	0.1001	0.1027	0.0942	0.0916	0.0917	0.0914	0.0901	0.0915	0.0980	0.0985	0.0917	0.0938	0.0915	0.0905	0.0902	0.0926	0.0970	0.0967	0.0917	0.0905	0.0925	0.0919	0.0911	0.0922	0.1047	0.0951	0.0910	0.0906	0.0977	0.0979	0.0899	0.0918	0.1147	0.0969	0.0886	0.0907	0.0929	0.0917	0.0905	0.0943	0.1066	0.0926	0.0899	0.0929	0.0894	0.0916	0.0910	0.0942	0.1066	
0.1324	0.1132	0.1072	0.1057	0.1020	0.1006	0.0981	0.0987	0.1166	0.1001	0.0964	0.0953	0.0957	0.0943	0.0942	0.0997	0.1043	0.0949	0.0917	0.0916	0.0912	0.0901	0.0913	0.0982	0.0994	0.0923	0.0944	0.0907	0.0901	0.0904	0.0918	0.0967	0.0981	0.0938	0.0910	0.0915	0.0918	0.0908	0.0916	0.1035	0.0957	0.0899	0.0903	0.0976	0.0917	0.0893	0.0919	0.1033	0.0948	0.0894	0.0904	0.0897	0.0914	0.0902	0.0946	0.1054	0.0931	0.0902	0.0925	0.0896	0.0916	0.0908	0.0946	0.1069	
0.1352	0.1154	0.1097	0.1075	0.1031	0.1018	0.1033	0.0992	0.1198	0.1016	0.0968	0.0970	0.0961	0.0949	0.0945	0.1008	0.1052	0.0939	0.0914	0.0911	0.0916	0.0905	0.0913	0.0988	0.1001	0.0919	0.0941	0.0910	0.0906	0.0904	0.0920	0.0967	0.0979	0.0933	0.0909	0.0910	0.1006	0.0913	0.0968	0.1181	0.0959	0.0904	0.0904	0.0973	0.0920	0.0895	0.0906	0.1005	0.0972	0.0892	0.0907	0.0891	0.0912	0.0896	0.0953	0.1076	0.0933	0.0898	0.0930	0.0896	0.0916	0.0911	0.0946	0.1067	
0.1422	0.1178	0.1118	0.1100	0.1045	0.1032	0.1001	0.1010	0.1232	0.1026	0.0986	0.0972	0.0984	0.0954	0.0957	0.1015	0.1083	0.0955	0.0925	0.0922	0.0917	0.0904	0.0919	0.0989	0.1018	0.0932	0.0953	0.0914	0.0904	0.0904	0.0926	0.0973	0.0992	0.0938	0.0918	0.0934	0.0927	0.0912	0.0924	0.1084	0.0970	0.0903	0.0912	0.0987	0.0928	0.0903	0.0919	0.0998	0.0952	0.0926	0.0911	0.0901	0.0919	0.0907	0.0962	0.1057	0.0947	0.0904	0.0930	0.0899	0.0920	0.0914	0.0948	0.1072	
0.1496	0.1207	0.1153	0.1116	0.1069	0.1050	0.1010	0.1014	0.1278	0.1044	0.0994	0.0975	0.0981	0.0956	0.0955	0.1016	0.1100	0.0960	0.0923	0.0926	0.0912	0.0904	0.0917	0.0984	0.1028	0.0926	0.0941	0.0912	0.0907	0.0911	0.0924	0.0976	0.0994	0.0929	0.0918	0.0915	0.0920	0.0918	0.0920	0.1076	0.0974	0.0908	0.0909	0.0981	0.0923	0.0898	0.0913	0.1026	0.0973	0.0892	0.0907	0.0894	0.0915	0.0902	0.0964	0.1067	0.0946	0.0902	0.0932	0.0898	0.0921	0.0907	0.0946	0.1069	
0.1601	0.1239	0.1183	0.1147	0.1081	0.1060	0.1023	0.1009	0.1327	0.1049	0.0998	0.0981	0.0971	0.0991	0.0964	0.1002	0.1117	0.0957	0.0921	0.0931	0.0919	0.0905	0.0918	0.0990	0.1040	0.0931	0.0948	0.0912	0.0908	0.0909	0.0921	0.0975	0.1003	0.0942	0.0913	0.0921	0.0920	0.0912	0.0945	0.1045	0.0976	0.0904	0.0909	0.0978	0.0927	0.0904	0.0910	0.1005	0.0980	0.0894	0.0910	0.0892	0.0917	0.0899	0.0950	0.1050	0.0950	0.0904	0.0935	0.0895	0.0917	0.0914	0.0942	0.1064	
0.1664	0.1282	0.1198	0.1163	0.1106	0.1075	0.1035	0.1040	0.1388	0.1073	0.1012	0.0995	0.0991	0.0973	0.0974	0.1019	0.1151	0.0973	0.0933	0.0940	0.0928	0.0918	0.0922	0.0983	0.1055	0.0935	0.0955	0.0919	0.0914	0.0918	0.0929	0.0980	0.1015	0.0933	0.0921	0.0919	0.0925	0.0918	0.0927	0.1057	0.0988	0.0909	0.0913	0.0983	0.0929	0.0904	0.0923	0.1007	0.0994	0.0894	0.0913	0.0900	0.0918	0.0910	0.0965	0.1060	0.0953	0.0904	0.0926	0.0903	0.0926	0.0917	0.0951	0.1067	
0.1743	0.1322	0.1230	0.1186	0.1135	0.1095	0.1036	0.1029	0.1445	0.1091	0.1020	0.1000	0.0991	0.0968	0.0971	0.1027	0.1179	0.0970	0.0934	0.0943	0.0922	0.0916	0.0926	0.1024	0.1064	0.0932	0.0952	0.0914	0.0907	0.0917	0.0925	0.0979	0.1022	0.0913	0.0920	0.0921	0.0922	0.0922	0.0928	0.1062	0.0993	0.0911	0.0914	0.0986	0.0926	0.0904	0.0919	0.1006	0.0975	0.0898	0.0910	0.0898	0.0918	0.0904	0.0954	0.1051	0.0962	0.0904	0.0934	0.0905	0.0923	0.0914	0.0949	0.1070	
0.1859	0.1357	0.1269	0.1222	0.1148	0.1130	0.1045	0.1032	0.1501	0.1104	0.1025	0.1008	0.0995	0.0974	0.0970	0.1024	0.1217	0.0978	0.0929	0.0940	0.0925	0.0906	0.0918	0.0991	0.1083	0.0937	0.0947	0.0920	0.0910	0.0916	0.0926	0.0969	0.1028	0.0916	0.0917	0.0914	0.0924	0.0917	0.0991	0.1032	0.1003	0.0904	0.0907	0.0984	0.0926	0.0897	0.0913	0.0996	0.0994	0.0897	0.0904	0.0899	0.0917	0.0909	0.0956	0.1046	0.0967	0.0898	0.0929	0.0901	0.0924	0.0912	0.0937	0.1065	
0.1936	0.1403	0.1304	0.1245	0.1168	0.1129	0.1067	0.1044	0.1565	0.1131	0.1042	0.1023	0.0995	0.0999	0.0981	0.1030	0.1236	0.0991	0.0938	0.0941	0.0926	0.0915	0.0927	0.0984	0.1094	0.0935	0.0955	0.0919	0.0909	0.0914	0.0926	0.0975	0.1037	0.0934	0.0921	0.0920	0.0923	0.0919	0.0931	0.1031	0.1002	0.0910	0.0911	0.0989	0.0990	0.0900	0.0918	0.1002	0.1000	0.0894	0.0916	0.0899	0.0911	0.0904	0.0962	0.1044	0.0974	0.0902	0.0931	0.0902	0.0917	0.0911	0.0949	0.1081	
0.2048	0.1447	0.1351	0.1287	0.1204	0.1139	0.1067	0.1054	0.1649	0.1146	0.1054	0.1033	0.1001	0.0992	0.0980	0.1032	0.1294	0.0986	0.0942	0.0941	0.0925	0.0914	0.0923	0.1001	0.1106	0.0933	0.0957	0.0915	0.0914	0.0914	0.0926	0.0976	0.1049	0.0927	0.0918	0.0916	0.0928	0.0915	0.0921	0.1077	0.1014	0.0915	0.0917	0.0981	0.0928	0.0901	0.0915	0.0996	0.1018	0.0903	0.0912	0.0896	0.0915	0.0904	0.0948	0.1054	0.0978	0.0905	0.0932	0.0899	0.0919	0.0911	0.0944	0.1082	
0.2214	0.1507	0.1403	0.1323	0.1232	0.1168	0.1090	0.1052	0.1734	0.1182	0.1071	0.1044	0.1006	0.0992	0.0985	0.1059	0.1326	0.0997	0.0946	0.0948	0.0927	0.0913	0.0923	0.0987	0.1127	0.0947	0.0955	0.0917	0.0910	0.0917	0.0929	0.0972	0.1058	0.0941	0.0919	0.0922	0.0924	0.0911	0.0924	0.1060	0.1023	0.0911	0.0914	0.0984	0.0923	0.0904	0.0913	0.0996	0.1014	0.0908	0.0911	0.0895	0.0914	0.0901	0.0955	0.1048	0.0981	0.0902	0.0933	0.0903	0.0918	0.0905	0.0947	0.1074	
0.2417	0.1572	0.1457	0.1379	0.1265	0.1193	0.1108	0.1066	0.1848	0.1202	0.1088	0.1059	0.1008	0.0993	0.0996	0.1033	0.1374	0.1004	0.0947	0.0952	0.0930	0.0913	0.0926	0.0989	0.1163	0.0944	0.0963	0.0920	0.0907	0.0913	0.0921	0.0973	0.1068	0.0934	0.0923	0.0918	0.0922	0.0915	0.0920	0.1046	0.1038	0.0909	0.0905	0.0984	0.0951	0.0899	0.0922	0.0989	0.1035	0.0899	0.0911	0.0925	0.0913	0.0903	0.0956	0.1051	0.0993	0.0902	0.0929	0.0896	0.0914	0.0907	0.0939	0.1067	
0.2485	0.1653	0.1513	0.1409	0.1302	0.1219	0.1121	0.1079	0.1944	0.1246	0.1110	0.1074	0.1025	0.1002	0.0997	0.1043	0.1399	0.1019	0.0957	0.0950	0.0934	0.0917	0.0925	0.0992	0.1170	0.0954	0.0966	0.0923	0.0916	0.0912	0.0928	0.0986	0.1087	0.0934	0.0923	0.0925	0.0938	0.0918	0.1000	0.1067	0.1051	0.0915	0.0917	0.0988	0.0931	0.0899	0.0916	0.1003	0.1034	0.0911	0.0919	0.0903	0.0917	0.0900	0.0955	0.1056	0.1003	0.0909	0.0936	0.0900	0.0922	0.0908	0.0942	0.1056	
0.2764	0.1728	0.1591	0.1476	0.1351	0.1271	0.1149	0.1094	0.2051	0.1265	0.1128	0.1091	0.1034	0.1019	0.0994	0.1052	0.1462	0.1018	0.0958	0.0957	0.0938	0.0921	0.0930	0.0992	0.1200	0.0949	0.0966	0.0925	0.0908	0.0917	0.0932	0.0979	0.1103	0.0949	0.0931	0.0932	0.0927	0.0916	0.0943	0.1031	0.1070	0.0913	0.0917	0.0987	0.0932	0.0904	0.0918	0.0992	0.1045	0.0907	0.0917	0.0899	0.0917	0.0909	0.0961	0.1053	0.1013	0.0908	0.0938	0.0900	0.0927	0.0915	0.0940	0.1061	
0.2884	0.1816	0.1662	0.1530	0.1381	0.1263	0.1164	0.1109	0.2185	0.1307	0.1141	0.1103	0.1043	0.1018	0.1007	0.1053	0.1536	0.1027	0.0959	0.0959	0.0934	0.0916	0.0926	0.0995	0.1219	0.0947	0.0961	0.0925	0.0913	0.0917	0.0933	0.0964	0.1117	0.0939	0.0927	0.0918	0.0922	0.0915	0.0919	0.1025	0.1058	0.0911	0.0913	0.0988	0.0922	0.0898	0.0912	0.0999	0.1057	0.0913	0.0910	0.0897	0.0917	0.0901	0.0950	0.1045	0.1010	0.0901	0.0931	0.0899	0.0919	0.0907	0.0945	0.1061	
0.3150	0.1938	0.1745	0.1600	0.1462	0.1325	0.1199	0.1110	0.2309	0.1354	0.1173	0.1134	0.1053	0.1044	0.1034	0.1071	0.1613	0.1073	0.0981	0.0984	0.0948	0.0922	0.0932	0.0996	0.1263	0.0957	0.0971	0.0925	0.0919	0.0926	0.0931	0.0975	0.1137	0.0956	0.0931	0.0932	0.0932	0.0916	0.1019	0.1055	0.1094	0.0925	0.0918	0.0994	0.0928	0.0903	0.0918	0.1007	0.1070	0.0907	0.0921	0.0901	0.0921	0.0910	0.0951	0.1055	0.1027	0.0910	0.0935	0.0903	0.0924	0.0909	0.0944	0.1059	
0.3350	0.2038	0.1808	0.1653	0.1498	0.1366	0.1227	0.1136	0.2468	0.1414	0.1195	0.1147	0.1064	0.1034	0.1027	0.1102	0.1659	0.1085	0.0982	0.0975	0.0948	0.0925	0.0935	0.1006	0.1282	0.0968	0.0975	0.0935	0.0914	0.0923	0.0938	0.0976	0.1159	0.0935	0.0933	0.0934	0.0930	0.0922	0.0922	0.1131	0.1097	0.0938	0.0926	0.0997	0.0930	0.0908	0.0921	0.1000	0.1077	0.0913	0.0923	0.0904	0.0922	0.0909	0.0956	0.1050	0.1042	0.0908	0.0939	0.0905	0.0920	0.0914	0.0947	0.1053	
0.3597	0.2146	0.1891	0.1723	0.1560	0.1399	0.1252	0.1137	0.2626	0.1469	0.1229	0.1162	0.1069	0.1047	0.1027	0.1110	0.1737	0.1087	0.0983	0.0974	0.0949	0.0928	0.0929	0.1001	0.1330	0.0964	0.0969	0.0934	0.0919	0.0922	0.0930	0.1003	0.1177	0.0930	0.0938	0.0933	0.0935	0.0922	0.0919	0.1027	0.1115	0.0920	0.0925	0.0988	0.0932	0.0900	0.0919	0.1016	0.1072	0.0919	0.0919	0.0900	0.0917	0.0909	0.0956	0.1055	0.1058	0.0911	0.0935	0.0907	0.0923	0.0906	0.0940	0.1053	
0.3779	0.2285	0.2023	0.1825	0.1636	0.1419	0.1270	0.1163	0.2804	0.1507	0.1259	0.1175	0.1082	0.1054	0.1035	0.1100	0.1791	0.1092	0.0989	0.0986	0.0957	0.0932	0.0938	0.0995	0.1354	0.0976	0.0981	0.0930	0.0923	0.0927	0.0939	0.0983	0.1195	0.0953	0.0942	0.0934	0.0935	0.0920	0.0959	0.1037	0.1147	0.0926	0.0923	0.0996	0.0935	0.0910	0.0914	0.0986	0.1106	0.0916	0.0924	0.0904	0.0923	0.0909	0.0959	0.1058	0.1065	0.0919	0.0936	0.0905	0.0919	0.0905	0.0944	0.1087	
0.4094	0.2409	0.2136	0.1903	0.1716	0.1492	0.1314	0.1171	0.3007	0.1559	0.1293	0.1206	0.1095	0.1069	0.1052	0.1112	0.1906	0.1092	0.0994	0.0989	0.0953	0.0938	0.0941	0.1007	0.1401	0.0969	0.0977	0.0938	0.0920	0.0922	0.0934	0.0976	0.1221	0.0960	0.0941	0.0930	0.0935	0.0947	0.0929	0.1031	0.1159	0.0924	0.0922	0.0992	0.0930	0.0902	0.0912	0.1002	0.1127	0.0908	0.0917	0.0904	0.0916	0.0913	0.0954	0.1051	0.1081	0.0910	0.0931	0.0903	0.0921	0.0908	0.0945	0.1048	
0.4297	0.2565	0.2215	0.1987	0.1765	0.1529	0.1338	0.1193	0.3144	0.1640	0.1326	0.1233	0.1107	0.1074	0.1053	0.1155	0.1982	0.1115	0.0998	0.0986	0.0956	0.0929	0.0942	0.1047	0.1433	0.0983	0.0978	0.0948	0.0928	0.0922	0.0934	0.0985	0.1240	0.0959	0.0946	0.0931	0.0934	0.0931	0.0922	0.1122	0.1173	0.0931	0.0924	0.0997	0.0935	0.0907	0.0923	0.0994	0.1120	0.0911	0.0921	0.0909	0.0916	0.0913	0.0954	0.1044	0.1083	0.0916	0.0936	0.0906	0.0929	0.0909	0.0942	0.1056	
0.4552	0.2727	0.2364	0.2102	0.1832	0.1598	0.1391	0.1220	0.3346	0.1704	0.1360	0.1269	0.1118	0.1110	0.1067	0.1115	0.2102	0.1129	0.1013	0.0992	0.0975	0.0934	0.0941	0.1017	0.1490	0.0987	0.0991	0.0941	0.0922	0.0926	0.0940	0.0980	0.1278	0.0953	0.0942	0.0937	0.0937	0.0921	0.0933	0.1047	0.1196	0.0935	0.0928	0.1000	0.0930	0.0907	0.0914	0.0992	0.1151	0.0918	0.0927	0.0909	0.0923	0.0909	0.0951	0.1046	0.1102	0.0915	0.0942	0.0903	0.0933	0.0910	0.0944	0.1052	
0.4876	0.2901	0.2507	0.2218	0.1954	0.1653	0.1417	0.1247	0.3537	0.1779	0.1411	0.1293	0.1158	0.1100	0.1080	0.1130	0.2255	0.1146	0.1021	0.1004	0.0968	0.0943	0.0940	0.1004	0.1534	0.0994	0.0990	0.0944	0.0925	0.0933	0.0942	0.0983	0.1320	0.0955	0.0944	0.0941	0.0942	0.0932	0.0928	0.1056	0.1212	0.0935	0.0924	0.0999	0.0931	0.0912	0.0920	0.0995	0.1173	0.0912	0.0925	0.0911	0.0924	0.0914	0.0961	0.1036	0.1156	0.0914	0.0932	0.0906	0.0924	0.0909	0.0950	0.1048	
0.5004	0.3122	0.2639	0.2328	0.2055	0.1726	0.1502	0.1253	0.3734	0.1873	0.1465	0.1329	0.1153	0.1128	0.1092	0.1134	0.2335	0.1168	0.1031	0.1008	0.0972	0.0942	0.0945	0.1005	0.1584	0.0997	0.0993	0.0948	0.0926	0.0922	0.0941	0.0975	0.1332	0.0973	0.0949	0.0929	0.0931	0.0923	0.0927	0.1063	0.1231	0.0949	0.0933	0.1002	0.0934	0.0904	0.0924	0.0995	0.1181	0.0918	0.0932	0.0910	0.0927	0.0909	0.0953	0.1049	0.1139	0.0920	0.0944	0.0909	0.0921	0.0910	0.0951	0.1058	
0.5250	0.3354	0.2786	0.2452	0.2140	0.1801	0.1512	0.1271	0.3877	0.1973	0.1493	0.1378	0.1169	0.1134	0.1100	0.1167	0.2452	0.1189	0.1040	0.1012	0.0969	0.0937	0.0945	0.1009	0.1632	0.1003	0.0999	0.0952	0.0936	0.0930	0.0932	0.0978	0.1360	0.0964	0.0946	0.0942	0.0943	0.0925	0.0922	0.1039	0.1264	0.0939	0.0931	0.1001	0.0931	0.0910	0.0918	0.0991	0.1218	0.0914	0.0927	0.0913	0.0912	0.0907	0.0947	0.1115	0.1155	0.0920	0.0942	0.0905	0.0925	0.0907	0.0949	0.1042	
0.5545	0.3573	0.2984	0.2615	0.2266	0.1871	0.1554	0.1297	0.4135	0.2065	0.1559	0.1428	0.1184	0.1131	0.1104	0.1159	0.2608	0.1210	0.1048	0.1030	0.0983	0.0945	0.0948	0.1018	0.1690	0.1003	0.0992	0.0944	0.0923	0.0930	0.0938	0.0986	0.1412	0.0968	0.0947	0.0941	0.0933	0.0919	0.0921	0.1069	0.1291	0.0948	0.0929	0.0993	0.0933	0.0905	0.0916	0.0995	0.1233	0.0916	0.0927	0.0909	0.0914	0.0913	0.0949	0.1049	0.1178	0.0916	0.0938	0.0902	0.0922	0.0911	0.0942	0.1061	
0.5758	0.3847	0.3164	0.2763	0.2386	0.2023	0.1616	0.1336	0.4363	0.2176	0.1614	0.1450	0.1211	0.1162	0.1116	0.1166	0.2742	0.1229	0.1070	0.1027	0.0995	0.0948	0.0948	0.1007	0.1766	0.1018	0.1005	0.0966	0.0934	0.0931	0.0941	0.0981	0.1455	0.0983	0.0954	0.0942	0.1042	0.0926	0.0923	0.1046	0.1320	0.0943	0.0938	0.1006	0.0945	0.0907	0.0920	0.0996	0.1244	0.0926	0.0939	0.0918	0.0924	0.0914	0.0953	0.1050	0.1197	0.0922	0.0940	0.0912	0.0935	0.0916	0.0947	0.1060	
0.5934	0.4086	0.3337	0.2904	0.2510	0.2079	0.1665	0.1371	0.4605	0.2276	0.1685	0.1509	0.1222	0.1173	0.1125	0.1201	0.2847	0.1267	0.1079	0.1037	0.0987	0.0958	0.0945	0.1009	0.1835	0.1030	0.1001	0.0957	0.0937	0.0926	0.0939	0.0987	0.1482	0.0978	0.0947	0.0943	0.0937	0.0926	0.0924	0.1044	0.1355	0.0948	0.0936	0.1003	0.0934	0.0907	0.0921	0.1000	0.1275	0.0931	0.0936	0.0915	0.0917	0.0916	0.0955	0.1052	0.1223	0.0924	0.0938	0.0910	0.0919	0.0915	0.0945	0.1045	
0.6181	0.4335	0.3522	0.3083	0.2665	0.2170	0.1738	0.1392	0.4844	0.2407	0.1720	0.1551	0.1247	0.1194	0.1137	0.1230	0.3001	0.1293	0.1081	0.1044	0.0992	0.0956	0.0945	0.1010	0.1902	0.1021	0.1007	0.0959	0.0940	0.0937	0.0942	0.0987	0.1523	0.0977	0.0948	0.0946	0.0943	0.0924	0.0930	0.1039	0.1388	0.0950	0.0934	0.1009	0.0937	0.0906	0.0910	0.0990	0.1294	0.0930	0.0934	0.0907	0.0924	0.0911	0.0951	0.1040	0.1247	0.0922	0.0942	0.0909	0.0920	0.0910	0.0944	0.1038	
0.6487	0.4600	0.3785	0.3278	0.2827	0.2286	0.1826	0.1420	0.5138	0.2542	0.1828	0.1608	0.1284	0.1210	0.1155	0.1266	0.3161	0.1314	0.1094	0.1044	0.0993	0.0952	0.0948	0.1024	0.1995	0.1034	0.1016	0.0956	0.0933	0.0928	0.0936	0.0974	0.1576	0.0965	0.0955	0.0948	0.0940	0.0924	0.0923	0.1021	0.1426	0.0954	0.0937	0.1007	0.0935	0.0904	0.0907	0.0996	0.1320	0.0928	0.0932	0.0907	0.0921	0.0908	0.0961	0.1039	0.1272	0.0925	0.0942	0.0905	0.0920	0.0908	0.0932	0.1046	
0.6605	0.4915	0.4026	0.3477	0.2942	0.2442	0.1908	0.1476	0.5285	0.2693	0.1915	0.1672	0.1303	0.1233	0.1181	0.1245	0.3294	0.1375	0.1107	0.1058	0.0989	0.0969	0.0954	0.1022	0.2099	0.1049	0.1021	0.0967	0.0938	0.0940	0.0944	0.0989	0.1644	0.1002	0.0962	0.0950	0.0952	0.0929	0.0933	0.1112	0.1489	0.0954	0.0940	0.1000	0.0939	0.0911	0.0914	0.1000	0.1372	0.0929	0.0938	0.0914	0.0923	0.0911	0.0974	0.1036	0.1312	0.0925	0.0949	0.0911	0.0931	0.0913	0.0948	0.1053	
0.6738	0.5150	0.4205	0.3631	0.3148	0.2550	0.1965	0.1501	0.5464	0.2807	0.1983	0.1730	0.1309	0.1243	0.1184	0.1264	0.3447	0.1396	0.1114	0.1068	0.0999	0.0956	0.0965	0.1014	0.2173	0.1049	0.1014	0.0961	0.0939	0.0932	0.0937	0.0980	0.1686	0.0998	0.0957	0.0945	0.0938	0.0922	0.0912	0.1036	0.1493	0.0956	0.0941	0.1003	0.0934	0.0904	0.0913	0.0983	0.1388	0.0926	0.0932	0.0913	0.0924	0.0912	0.0942	0.1040	0.1325	0.0923	0.0941	0.0911	0.0926	0.0909	0.0939	0.1032	
0.6830	0.5418	0.4508	0.3892	0.3346	0.2675	0.2053	0.1556	0.5647	0.2978	0.2078	0.1815	0.1351	0.1278	0.1214	0.1288	0.3675	0.1416	0.1143	0.1078	0.0999	0.0961	0.0960	0.1011	0.2282	0.1064	0.1026	0.0964	0.0943	0.0928	0.0940	0.0986	0.1751	0.0982	0.0958	0.0943	0.0947	0.0922	0.0931	0.1042	0.1539	0.0966	0.0938	0.1003	0.0936	0.0909	0.0915	0.0989	0.1438	0.0943	0.0941	0.0912	0.0930	0.0908	0.0947	0.1046	0.1358	0.0928	0.0946	0.0907	0.0940	0.0907	0.0938	0.1054	
0.6867	0.5678	0.4756	0.4117	0.3558	0.2836	0.2197	0.1642	0.5944	0.3142	0.2193	0.1902	0.1389	0.1296	0.1242	0.1303	0.3842	0.1471	0.1164	0.1099	0.1014	0.0967	0.0970	0.1031	0.2344	0.1075	0.1031	0.0975	0.0949	0.0941	0.0947	0.0990	0.1785	0.1006	0.0973	0.0951	0.0945	0.0929	0.0934	0.1113	0.1570	0.0968	0.0944	0.1011	0.0942	0.0914	0.0921	0.0995	0.1437	0.0944	0.0945	0.0916	0.0928	0.0914	0.0959	0.1075	0.1406	0.0929	0.0946	0.0913	0.0936	0.0906	0.0954	0.1069	
0.6838	0.5943	0.4987	0.4333	0.3708	0.3015	0.2308	0.1651	0.6067	0.3344	0.2296	0.1958	0.1414	0.1332	0.1248	0.1312	0.4016	0.1528	0.1179	0.1112	0.1009	0.0973	0.0969	0.1035	0.2502	0.1074	0.1032	0.0968	0.0935	0.0936	0.0942	0.0983	0.1866	0.1009	0.0971	0.0951	0.0940	0.0926	0.0934	0.1028	0.1657	0.0968	0.0941	0.1010	0.0930	0.0907	0.0913	0.1084	0.1525	0.0939	0.0939	0.0906	0.0925	0.0905	0.0944	0.1039	0.1427	0.0931	0.0941	0.0906	0.0926	0.0905	0.0940	0.1039	
0.6907	0.6250	0.5235	0.4586	0.3973	0.3164	0.2398	0.1710	0.6248	0.3557	0.2404	0.2063	0.1446	0.1347	0.1273	0.1366	0.4220	0.1581	0.1199	0.1116	0.1030	0.0964	0.0968	0.1022	0.2612	0.1091	0.1054	0.0976	0.0938	0.0943	0.0947	0.0986	0.1948	0.1018	0.0968	0.0951	0.0945	0.0927	0.0926	0.1062	0.1685	0.0971	0.0946	0.1013	0.1047	0.0911	0.0921	0.0992	0.1565	0.0939	0.0944	0.0913	0.0920	0.0907	0.0965	0.1081	0.1462	0.0930	0.0944	0.0912	0.0934	0.0910	0.0943	0.1044	
0.6873	0.6580	0.5508	0.4839	0.4155	0.3377	0.2570	0.1804	0.6381	0.3756	0.2524	0.2142	0.1491	0.1392	0.1319	0.1382	0.4362	0.1662	0.1230	0.1134	0.1028	0.0986	0.0983	0.1063	0.2716	0.1117	0.1054	0.0986	0.0949	0.0952	0.0953	0.0992	0.2006	0.1021	0.0982	0.0964	0.0953	0.0935	0.0938	0.1094	0.1751	0.0980	0.0952	0.1020	0.0949	0.0921	0.0926	0.0993	0.1634	0.0947	0.0947	0.0927	0.0932	0.0915	0.0956	0.1040	0.1525	0.0938	0.0957	0.0921	0.0933	0.0916	0.0949	0.1045	
0.7006	0.6884	0.5691	0.5061	0.4424	0.3583	0.2665	0.1875	0.6391	0.3904	0.2666	0.2259	0.1546	0.1449	0.1327	0.1408	0.4598	0.1704	0.1253	0.1151	0.1041	0.0983	0.0976	0.1051	0.2849	0.1122	0.1060	0.0986	0.0953	0.0948	0.0954	0.0994	0.2083	0.1032	0.0987	0.0972	0.0951	0.0936	0.0931	0.1066	0.1789	0.0991	0.0959	0.1021	0.0943	0.0915	0.0924	0.1015	0.1616	0.0951	0.0953	0.0919	0.0931	0.0910	0.0960	0.1044	0.1558	0.0934	0.0961	0.0918	0.0963	0.0917	0.0949	0.1038	
0.6954	0.7112	0.5995	0.5283	0.4662	0.3771	0.2787	0.1918	0.6387	0.4164	0.2790	0.2356	0.1600	0.1447	0.1355	0.1444	0.4784	0.1756	0.1269	0.1161	0.1050	0.0989	0.0977	0.1034	0.3023	0.1137	0.1060	0.0981	0.0949	0.0942	0.0950	0.0999	0.2140	0.1008	0.0979	0.0967	0.1010	0.0946	0.0999	0.1024	0.1852	0.0981	0.0954	0.1015	0.0944	0.0912	0.0921	0.0991	0.1673	0.0954	0.0957	0.0918	0.0927	0.0912	0.0985	0.1043	0.1578	0.0938	0.0943	0.0914	0.0930	0.0911	0.0947	0.1045	
0.6951	0.7299	0.6276	0.5557	0.4912	0.3984	0.2936	0.2011	0.6440	0.4342	0.2946	0.2491	0.1630	0.1484	0.1381	0.1464	0.4958	0.1821	0.1306	0.1182	0.1059	0.0984	0.0980	0.1040	0.3094	0.1150	0.1069	0.0990	0.0959	0.0941	0.0951	0.0996	0.2286	0.1056	0.0994	0.0968	0.1046	0.0936	0.0929	0.1083	0.1906	0.0993	0.0958	0.1025	0.0945	0.0910	0.0920	0.0989	0.1724	0.0962	0.0962	0.0920	0.0933	0.0911	0.0952	0.1042	0.1665	0.0941	0.0954	0.0919	0.0936	0.0914	0.0944	0.1046	
0.6963	0.7381	0.6551	0.5763	0.5130	0.4192	0.3030	0.2131	0.6387	0.4542	0.3100	0.2600	0.1696	0.1518	0.1407	0.1496	0.5111	0.1887	0.1325	0.1196	0.1058	0.0992	0.0978	0.1038	0.3251	0.1153	0.1070	0.0992	0.0954	0.0951	0.0951	0.0993	0.2359	0.1021	0.0987	0.0972	0.0949	0.0936	0.0928	0.1047	0.1997	0.0992	0.0954	0.1025	0.0945	0.0912	0.0918	0.1006	0.1802	0.0954	0.0957	0.0921	0.0937	0.0914	0.0947	0.1063	0.1702	0.0937	0.0941	0.0922	0.0933	0.0909	0.0948	0.1063	
0.6952	0.7428	0.6771	0.6046	0.5412	0.4456	0.3327	0.2202	0.6423	0.4800	0.3271	0.2751	0.1767	0.1563	0.1441	0.1527	0.5344	0.1974	0.1367	0.1229	0.1070	0.0998	0.0990	0.1049	0.3367	0.1188	0.1087	0.0998	0.0967	0.0952	0.0958	0.1004	0.2478	0.1045	0.1007	0.0982	0.0964	0.0944	0.0996	0.1040	0.2078	0.1012	0.0968	0.1029	0.0953	0.0920	0.0922	0.0992	0.1875	0.0968	0.0965	0.0931	0.0938	0.0917	0.0956	0.1050	0.1751	0.0945	0.0955	0.0922	0.0940	0.0913	0.0948	0.1135	
0.6983	0.7382	0.6982	0.6280	0.5648	0.4680	0.3479	0.2280	0.6393	0.5009	0.3398	0.2870	0.1810	0.1650	0.1462	0.1583	0.5512	0.2065	0.1392	0.1223	0.1074	0.1004	0.0989	0.1053	0.3543	0.1189	0.1089	0.1004	0.0960	0.0954	0.0952	0.0990	0.2565	0.1055	0.0996	0.0973	0.0962	0.0934	0.0930	0.1063	0.2165	0.1010	0.0960	0.1023	0.0974	0.0918	0.0921	0.0995	0.1971	0.0967	0.0957	0.0921	0.0933	0.0917	0.0949	0.1043	0.1806	0.0947	0.0954	0.0919	0.0936	0.0906	0.0945	0.1049	
0.7037	0.7403	0.7167	0.6547	0.5876	0.4914	0.3615	0.2395	0.6383	0.5252	0.3555	0.3012	0.1845	0.1635	0.1496	0.1593	0.5647	0.2156	0.1425	0.1259	0.1076	0.0999	0.0985	0.1193	0.3650	0.1205	0.1086	0.1002	0.0956	0.0951	0.0950	0.0989	0.2620	0.1051	0.0997	0.0973	0.0953	0.0938	0.0927	0.1095	0.2201	0.1005	0.0964	0.1025	0.0991	0.0908	0.0920	0.0996	0.1961	0.0961	0.0960	0.0923	0.0928	0.0913	0.0952	0.1037	0.1872	0.0945	0.0953	0.0917	0.0936	0.0909	0.0940	0.1052	
0.7060	0.7417	0.7340	0.6797	0.6243	0.5193	0.3877	0.2506	0.6460	0.5476	0.3797	0.3134	0.1928	0.1697	0.1551	0.1652	0.5849	0.2242	0.1447	0.1281	0.1086	0.0993	0.0988	0.1054	0.3850	0.1228	0.1097	0.1001	0.0959	0.0950	0.0950	0.0995	0.2795	0.1049	0.1000	0.0975	0.0953	0.0941	0.0928	0.1052	0.2276	0.1007	0.0963	0.1028	0.0944	0.0911	0.0915	0.0992	0.2015	0.0974	0.0965	0.0936	0.0930	0.0908	0.0950	0.1049	0.1946	0.0941	0.0949	0.0909	0.0929	0.0913	0.0941	0.1060	
0.7039	0.7477	0.7438	0.7069	0.6436	0.5414	0.4109	0.2643	0.6458	0.5678	0.3963	0.3372	0.2015	0.1767	0.1591	0.1738	0.5957	0.2329	0.1524	0.1300	0.1098	0.1011	0.1006	0.1056	0.3953	0.1243	0.1115	0.1017	0.0969	0.0956	0.0956	0.1003	0.2925	0.1056	0.1013	0.0977	0.0996	0.0950	0.0939	0.1047	0.2382	0.1025	0.0978	0.1036	0.0954	0.0912	0.0920	0.0995	0.2174	0.0977	0.0970	0.0924	0.0938	0.0910	0.0954	0.1060	0.1991	0.0947	0.0953	0.0924	0.0930	0.0910	0.0949	0.1031	
0.7046	0.7480	0.7491	0.7295	0.6745	0.5717	0.4393	0.2767	0.6451	0.5876	0.4166	0.3470	0.2084	0.1814	0.1623	0.1746	0.6024	0.2446	0.1550	0.1294	0.1115	0.1000	0.0987	0.1043	0.4134	0.1258	0.1106	0.1002	0.0952	0.0950	0.0946	0.1016	0.3055	0.1053	0.1005	0.0968	0.1023	0.0921	0.0927	0.1023	0.2459	0.1009	0.0963	0.1013	0.0935	0.0899	0.0907	0.0975	0.2222	0.0983	0.0962	0.0969	0.0917	0.0903	0.0939	0.1025	0.2077	0.0939	0.0949	0.0904	0.0924	0.0900	0.0927	0.1019	
0.7064	0.7480	0.7524	0.7369	0.6950	0.5895	0.4626	0.2893	0.6473	0.6109	0.4379	0.3697	0.2165	0.1862	0.1708	0.1809	0.6062	0.2560	0.1585	0.1339	0.1107	0.1011	0.1001	0.1053	0.4324	0.1283	0.1129	0.1015	0.0964	0.0956	0.0949	0.0990	0.3203	0.1072	0.1014	0.0987	0.0959	0.0935	0.0928	0.1093	0.2596	0.1028	0.0977	0.1021	0.0950	0.0910	0.0921	0.0977	0.2347	0.0974	0.0971	0.0924	0.0930	0.0909	0.0946	0.1037	0.2143	0.0952	0.0954	0.0915	0.0932	0.0902	0.0945	0.1028	
0.7103	0.7481	0.7520	0.7427	0.7212	0.6291	0.4886	0.3060	0.6538	0.6322	0.4580	0.3880	0.2249	0.1954	0.1742	0.1874	0.6029	0.2658	0.1664	0.1380	0.1140	0.1030	0.1009	0.1064	0.4483	0.1313	0.1146	0.1017	0.0968	0.0967	0.0958	0.1013	0.3293	0.1085	0.1058	0.0985	0.0962	0.0947	0.0939	0.1049	0.2643	0.1040	0.0978	0.1040	0.0960	0.0924	0.0926	0.0985	0.2376	0.1011	0.0971	0.0939	0.0937	0.0918	0.0958	0.1048	0.2245	0.0964	0.0968	0.0920	0.0937	0.0918	0.0944	0.1032	
0.7204	0.7481	0.7506	0.7436	0.7370	0.6484	0.5174	0.3203	0.6524	0.6483	0.4760	0.4054	0.2323	0.1994	0.1790	0.1899	0.6036	0.2776	0.1725	0.1410	0.1138	0.1021	0.1009	0.1065	0.4700	0.1340	0.1140	0.1024	0.0969	0.0960	0.0955	0.1000	0.3462	0.1091	0.1032	0.0986	0.0959	0.0945	0.0977	0.1046	0.2753	0.1047	0.0980	0.1038	0.0953	0.0923	0.0919	0.0985	0.2472	0.0989	0.0971	0.0980	0.0937	0.0913	0.0950	0.1042	0.2279	0.0964	0.0957	0.0919	0.0928	0.0912	0.0940	0.1032	
0.7249	0.7554	0.7570	0.7502	0.7510	0.6783	0.5354	0.3394	0.6455	0.6656	0.4989	0.4292	0.2459	0.2084	0.1872	0.1978	0.6034	0.2940	0.1774	0.1462	0.1156	0.1035	0.1026	0.1075	0.4871	0.1359	0.1163	0.1043	0.0983	0.0969	0.0964	0.1029	0.3557	0.1107	0.1041	0.0993	0.0967	0.0947	0.0942	0.1048	0.2903	0.1060	0.0993	0.1044	0.0960	0.0925	0.0929	0.1003	0.2574	0.0993	0.0986	0.0934	0.0945	0.0927	0.0958	0.1040	0.2387	0.0964	0.0970	0.0921	0.0938	0.0920	0.0949	0.1039	
0.7270	0.7570	0.7615	0.7502	0.7496	0.7022	0.5672	0.3587	0.6554	0.6701	0.5238	0.4514	0.2573	0.2157	0.1928	0.2069	0.6002	0.3087	0.1828	0.1474	0.1176	0.1032	0.1015	0.1074	0.5068	0.1391	0.1172	0.1041	0.0986	0.0970	0.0956	0.1001	0.3775	0.1109	0.1042	0.1017	0.0968	0.0940	0.0936	0.1062	0.2994	0.1066	0.0990	0.1039	0.0954	0.0923	0.0918	0.0989	0.2669	0.0999	0.0985	0.0933	0.0937	0.0916	0.0951	0.1060	0.2469	0.0962	0.0964	0.0921	0.0936	0.0909	0.0946	0.1034	
0.7315	0.7603	0.7607	0.7472	0.7531	0.7268	0.5893	0.3747	0.6515	0.6748	0.5398	0.4700	0.2658	0.2244	0.1980	0.2107	0.6043	0.3243	0.1883	0.1504	0.1193	0.1043	0.1026	0.1079	0.5231	0.1427	0.1177	0.1044	0.0983	0.0977	0.0962	0.1003	0.3944	0.1129	0.1047	0.0996	0.0966	0.0955	0.0937	0.1052	0.3131	0.1065	0.0991	0.1044	0.0952	0.0919	0.0925	0.1008	0.2786	0.1006	0.0985	0.0932	0.0940	0.0922	0.0947	0.1041	0.2573	0.0966	0.0964	0.0921	0.0934	0.0916	0.0943	0.1041	
0.7356	0.7589	0.7610	0.7533	0.7556	0.7418	0.6084	0.3897	0.6558	0.6687	0.5599	0.4909	0.2776	0.2307	0.2050	0.2183	0.6046	0.3360	0.1953	0.1550	0.1190	0.1048	0.1029	0.1075	0.5409	0.1456	0.1195	0.1042	0.0989	0.0968	0.0961	0.1014	0.4115	0.1125	0.1040	0.1001	0.0964	0.0944	0.0936	0.1046	0.3262	0.1090	0.0998	0.1037	0.0954	0.0926	0.0932	0.1000	0.2920	0.1015	0.0985	0.0943	0.0940	0.0957	0.0953	0.1043	0.2678	0.0971	0.0967	0.0917	0.0933	0.0918	0.0947	0.1036	
0.7366	0.7658	0.7606	0.7571	0.7593	0.7501	0.6465	0.4105	0.6574	0.6747	0.5784	0.5136	0.2900	0.2425	0.2153	0.2251	0.6049	0.3515	0.2030	0.1604	0.1214	0.1062	0.1037	0.1097	0.5622	0.1506	0.1197	0.1051	0.0987	0.0977	0.0972	0.1004	0.4306	0.1150	0.1058	0.1017	0.0973	0.0945	0.0943	0.1052	0.3385	0.1078	0.1003	0.1046	0.0955	0.0921	0.0929	0.0996	0.3025	0.1010	0.0991	0.0936	0.0939	0.0961	0.0953	0.1074	0.2773	0.0976	0.0970	0.0925	0.0931	0.0911	0.0944	0.1034	
0.7369	0.7723	0.7651	0.7484	0.7575	0.7525	0.6661	0.4358	0.6522	0.6750	0.6010	0.5363	0.3014	0.2546	0.2204	0.2335	0.6058	0.3725	0.2101	0.1635	0.1224	0.1068	0.1031	0.1094	0.5702	0.1534	0.1215	0.1060	0.0989	0.0983	0.0968	0.1014	0.4427	0.1186	0.1054	0.0996	0.0974	0.0945	0.0941	0.1050	0.3515	0.1093	0.1001	0.1053	0.0961	0.0923	0.0930	0.0986	0.3121	0.1023	0.0989	0.0938	0.0938	0.0962	0.0947	0.1033	0.2881	0.0982	0.0969	0.0920	0.0939	0.0917	0.0947	0.1077	
0.7420	0.7798	0.7699	0.7587	0.7683	0.7581	0.7020	0.4535	0.6584	0.6730	0.6225	0.5590	0.3168	0.2692	0.2311	0.2462	0.6068	0.3877	0.2218	0.1689	0.1246	0.1079	0.1051	0.1099	0.5905	0.1579	0.1230	0.1087	0.0997	0.0977	0.0978	0.1015	0.4606	0.1168	0.1074	0.1001	0.0970	0.0951	0.0946	0.1064	0.3672	0.1098	0.1011	0.1045	0.0964	0.0925	0.0928	0.1130	0.3258	0.1022	0.1009	0.0952	0.0936	0.0961	0.0959	0.1038	0.2996	0.0978	0.0970	0.0922	0.0948	0.0919	0.0947	0.1043	
