0.0914	0.0923	0.0913	0.0930	0.0906	0.0981	0.0918	0.0998	0.0910	0.0919	0.0912	0.0922	0.0910	0.0915	0.0928	0.0921	0.0907	0.0913	0.0922	0.0917	0.0915	0.0931	0.0914	0.1016	0.0901	0.0918	0.0905	0.0918	0.0910	0.0959	0.0918	0.0969	0.0915	0.0914	0.0910	0.0918	0.0907	0.0943	0.0936	0.0932	0.0908	0.0916	0.0913	0.0915	0.0909	0.0946	0.0932	0.0957	0.0914	0.0923	0.0909	0.0914	0.0918	0.0932	0.0917	0.1009	0.0920	0.0927	0.0918	0.0916	0.0918	0.0917	0.0917	0.0974	
0.0902	0.0907	0.0893	0.0907	0.0898	0.0906	0.0900	0.0909	0.0902	0.0910	0.0903	0.0905	0.0898	0.0903	0.0912	0.0906	0.0908	0.0901	0.0903	0.0898	0.0909	0.0899	0.0900	0.0903	0.0901	0.0903	0.0894	0.0909	0.0900	0.0899	0.0905	0.0914	0.0895	0.0902	0.0894	0.0896	0.0897	0.0938	0.0914	0.0911	0.0897	0.0901	0.0903	0.0898	0.0892	0.0903	0.0917	0.0906	0.0906	0.0913	0.0902	0.0903	0.0898	0.0903	0.0901	0.0901	0.0901	0.0909	0.0905	0.0902	0.0899	0.0906	0.0902	0.0921	
0.0906	0.0901	0.0897	0.0912	0.0901	0.0903	0.0901	0.0913	0.0895	0.0906	0.0896	0.0910	0.0898	0.0899	0.0919	0.0898	0.0904	0.0899	0.0915	0.0901	0.0905	0.0896	0.0904	0.0909	0.0897	0.0898	0.0895	0.0910	0.0901	0.0904	0.0906	0.0911	0.0901	0.0896	0.0898	0.0897	0.0903	0.0945	0.0913	0.0915	0.0898	0.0902	0.0901	0.0900	0.0898	0.0903	0.0918	0.0905	0.0904	0.0902	0.0895	0.0903	0.0899	0.0901	0.0901	0.0900	0.0897	0.0903	0.0898	0.0899	0.0905	0.0909	0.0903	0.0931	
0.0908	0.0906	0.0897	0.0910	0.0893	0.0908	0.0919	0.0918	0.0901	0.0909	0.0901	0.0905	0.0905	0.0902	0.0914	0.0907	0.0906	0.0902	0.0912	0.0908	0.0912	0.0906	0.0902	0.0910	0.0902	0.0906	0.0895	0.0911	0.0904	0.0912	0.0912	0.0920	0.0903	0.0902	0.0899	0.0901	0.0903	0.0944	0.0970	0.0918	0.0913	0.0905	0.0900	0.0901	0.0899	0.0906	0.0922	0.0910	0.0911	0.0905	0.0900	0.0907	0.0905	0.0904	0.0907	0.0909	0.0903	0.0912	0.0909	0.0907	0.0907	0.0909	0.0911	0.0932	
0.0914	0.0911	0.0899	0.0914	0.0899	0.0910	0.0903	0.0920	0.0907	0.0910	0.0903	0.0913	0.0904	0.0904	0.0925	0.0905	0.0911	0.0904	0.0914	0.0910	0.0914	0.0910	0.0912	0.0915	0.0907	0.0904	0.0904	0.0913	0.0910	0.0899	0.0910	0.0919	0.0909	0.0906	0.0907	0.0905	0.0905	0.0946	0.0927	0.0918	0.0903	0.0905	0.0904	0.0899	0.0901	0.0910	0.0924	0.0910	0.0912	0.0909	0.0900	0.0909	0.0904	0.0905	0.0907	0.0910	0.0904	0.0924	0.0903	0.0913	0.0912	0.0909	0.0910	0.0934	
0.0906	0.0904	0.0903	0.0913	0.0896	0.0907	0.0913	0.0918	0.0904	0.0905	0.0898	0.0906	0.0899	0.0898	0.0912	0.0902	0.0908	0.0905	0.0935	0.0906	0.0909	0.0902	0.0904	0.0913	0.0901	0.0902	0.0898	0.0911	0.0900	0.0903	0.0903	0.0912	0.0901	0.0896	0.0899	0.0894	0.0896	0.0943	0.0925	0.0913	0.0900	0.0901	0.0898	0.0901	0.0894	0.0905	0.0919	0.0903	0.0902	0.0899	0.0892	0.0906	0.0900	0.0899	0.0899	0.0907	0.0903	0.0916	0.0904	0.0905	0.0909	0.0909	0.0910	0.0933	
0.0915	0.0909	0.0902	0.0920	0.0905	0.0906	0.0909	0.0917	0.0912	0.0912	0.0897	0.0911	0.0911	0.0907	0.0917	0.0914	0.0910	0.0906	0.0904	0.0907	0.0913	0.0906	0.0906	0.0909	0.0904	0.0901	0.0902	0.0913	0.0905	0.0905	0.0909	0.0922	0.0903	0.0904	0.0907	0.0903	0.0907	0.0952	0.0937	0.0914	0.0900	0.0908	0.0905	0.0904	0.0901	0.0906	0.0921	0.0907	0.0910	0.0906	0.0900	0.0909	0.0903	0.0900	0.0903	0.0908	0.0905	0.0915	0.0908	0.0912	0.0911	0.0911	0.0910	0.0930	
0.0905	0.0909	0.0903	0.0910	0.0899	0.0909	0.0911	0.0918	0.0904	0.0901	0.0896	0.0908	0.0905	0.0905	0.0914	0.0903	0.0911	0.0907	0.0908	0.0903	0.0907	0.0901	0.0906	0.0904	0.0897	0.0903	0.0898	0.0918	0.0905	0.0901	0.0905	0.0919	0.0904	0.0904	0.0901	0.0902	0.0907	0.0951	0.0942	0.0909	0.0901	0.0898	0.0900	0.0900	0.0895	0.0910	0.0922	0.0899	0.0903	0.0904	0.0898	0.0906	0.0903	0.0899	0.0903	0.0899	0.0905	0.0917	0.0904	0.0904	0.0908	0.0907	0.0902	0.0926	
0.0916	0.0907	0.0904	0.0917	0.0903	0.0916	0.0912	0.0921	0.0913	0.0915	0.0902	0.0913	0.0909	0.0906	0.0920	0.0916	0.0907	0.0911	0.0915	0.0909	0.0915	0.0905	0.0911	0.0916	0.0903	0.0908	0.0900	0.0914	0.0906	0.0914	0.0910	0.0922	0.0908	0.0904	0.0911	0.0907	0.0905	0.0952	0.0941	0.0919	0.0908	0.0903	0.0906	0.0912	0.0899	0.0907	0.0920	0.0910	0.0912	0.0908	0.0905	0.0917	0.0910	0.0903	0.0905	0.0908	0.0907	0.0923	0.0908	0.0905	0.0908	0.0909	0.0911	0.0933	
0.0908	0.0908	0.0907	0.0914	0.0895	0.0904	0.0909	0.0918	0.0907	0.0904	0.0897	0.0911	0.0907	0.0901	0.0910	0.0912	0.0903	0.0905	0.0904	0.0906	0.0913	0.0911	0.0903	0.0907	0.0898	0.0905	0.0899	0.0906	0.0902	0.0906	0.0908	0.0917	0.0903	0.0901	0.0896	0.0902	0.0903	0.0954	0.0945	0.0910	0.0900	0.0903	0.0898	0.0898	0.0899	0.0903	0.0919	0.0900	0.0907	0.0904	0.0896	0.0903	0.0911	0.0905	0.0897	0.0906	0.0905	0.0918	0.0906	0.0908	0.0903	0.0907	0.0911	0.0927	
0.0911	0.0911	0.0902	0.0916	0.0898	0.0912	0.0911	0.0915	0.0907	0.0902	0.0901	0.0908	0.0902	0.0908	0.0914	0.0904	0.0906	0.0904	0.0900	0.0906	0.0910	0.0907	0.0904	0.0904	0.0902	0.0901	0.0895	0.0910	0.0903	0.0909	0.0911	0.0914	0.0902	0.0902	0.0902	0.0899	0.0900	0.0952	0.0938	0.0911	0.0901	0.0903	0.0901	0.0903	0.0897	0.0910	0.0918	0.0900	0.0909	0.0904	0.0898	0.0904	0.0905	0.0899	0.0898	0.0903	0.0902	0.0917	0.0905	0.0910	0.0905	0.0902	0.0903	0.0928	
0.0914	0.0905	0.0902	0.0915	0.0905	0.0910	0.0912	0.0920	0.0909	0.0911	0.0899	0.0909	0.0904	0.0904	0.0916	0.0907	0.0913	0.0907	0.0904	0.0907	0.0910	0.0901	0.0902	0.0911	0.0900	0.0900	0.0895	0.0912	0.0909	0.0907	0.0903	0.0919	0.0901	0.0899	0.0905	0.0902	0.0903	0.0959	0.0941	0.0907	0.0901	0.0903	0.0899	0.0900	0.0896	0.0903	0.0915	0.0905	0.0904	0.0905	0.0893	0.0906	0.0905	0.0900	0.0901	0.0902	0.0903	0.0914	0.0904	0.0910	0.0907	0.0908	0.0906	0.0925	
0.0909	0.0909	0.0903	0.0921	0.0901	0.0914	0.0907	0.0920	0.0910	0.0912	0.0903	0.0913	0.0906	0.0907	0.0916	0.0909	0.0909	0.0907	0.0920	0.0911	0.0917	0.0905	0.0904	0.0909	0.0902	0.0904	0.0905	0.0909	0.0900	0.0906	0.0910	0.0916	0.0907	0.0902	0.0904	0.0902	0.0901	0.0957	0.0942	0.0914	0.0900	0.0903	0.0902	0.0901	0.0892	0.0908	0.0921	0.0908	0.0915	0.0908	0.0897	0.0907	0.0901	0.0905	0.0904	0.0907	0.0904	0.0918	0.0904	0.0904	0.0899	0.0908	0.0903	0.0925	
0.0917	0.0915	0.0906	0.0922	0.0912	0.0908	0.0913	0.0927	0.0912	0.0914	0.0901	0.0924	0.0910	0.0915	0.0921	0.0913	0.0908	0.0910	0.0910	0.0914	0.0917	0.0912	0.0908	0.0912	0.0911	0.0911	0.0902	0.0914	0.0912	0.0911	0.0911	0.0917	0.0909	0.0907	0.0915	0.0908	0.0907	0.0963	0.0937	0.0913	0.0905	0.0908	0.0903	0.0903	0.0903	0.0902	0.0924	0.0914	0.0914	0.0905	0.0904	0.0909	0.0906	0.0903	0.0907	0.0921	0.0907	0.0931	0.0908	0.0909	0.0911	0.0912	0.0910	0.0932	
0.0912	0.0912	0.0904	0.0923	0.0904	0.0909	0.0909	0.0920	0.0921	0.0910	0.0905	0.0919	0.0908	0.0910	0.0913	0.0913	0.0911	0.0911	0.0914	0.0906	0.0916	0.0905	0.0903	0.0909	0.0905	0.0906	0.0900	0.0914	0.0910	0.0915	0.0907	0.0924	0.0911	0.0909	0.0901	0.0907	0.0906	0.0958	0.0934	0.0917	0.0904	0.0906	0.0903	0.0907	0.0901	0.0908	0.0915	0.0903	0.0908	0.0906	0.0899	0.0915	0.0906	0.0901	0.0895	0.0906	0.0906	0.0925	0.0910	0.0905	0.0920	0.0911	0.0906	0.0928	
0.0923	0.0917	0.0918	0.0926	0.0909	0.0921	0.0915	0.0934	0.0935	0.0915	0.0909	0.0920	0.0915	0.0914	0.0925	0.0920	0.0916	0.0915	0.0934	0.0916	0.0920	0.0918	0.0909	0.0920	0.0910	0.0912	0.0904	0.1010	0.0911	0.0918	0.0913	0.0928	0.0917	0.0909	0.0922	0.0909	0.0910	0.0964	0.0937	0.0919	0.0914	0.0911	0.0909	0.0914	0.0905	0.0911	0.0920	0.0911	0.0914	0.0914	0.0900	0.0915	0.0910	0.0907	0.0909	0.0911	0.0909	0.0925	0.0917	0.0913	0.0913	0.0915	0.0908	0.0934	
0.0917	0.0913	0.0904	0.0917	0.0903	0.0912	0.0913	0.0923	0.0922	0.0909	0.0899	0.0917	0.0907	0.0908	0.0909	0.0914	0.0911	0.0905	0.0910	0.0910	0.0911	0.0906	0.0901	0.0913	0.0901	0.0905	0.0901	0.0906	0.0910	0.0909	0.0912	0.0914	0.0908	0.0904	0.0896	0.0898	0.0899	0.0954	0.0927	0.0907	0.0906	0.0900	0.0900	0.0905	0.0892	0.0904	0.0913	0.0902	0.0900	0.0900	0.0892	0.0905	0.0906	0.0898	0.0902	0.0904	0.0904	0.0919	0.0905	0.0908	0.0909	0.0901	0.0901	0.0930	
0.0931	0.0931	0.0920	0.0930	0.0913	0.0925	0.0933	0.0940	0.0938	0.0927	0.0915	0.0924	0.0916	0.0923	0.0927	0.0920	0.0922	0.0920	0.0951	0.0916	0.0921	0.0918	0.0913	0.0919	0.0916	0.0920	0.0906	0.0923	0.0915	0.0916	0.0917	0.0930	0.0914	0.0917	0.0914	0.0909	0.0911	0.0962	0.0941	0.0923	0.0914	0.0911	0.0913	0.0915	0.0904	0.0915	0.0928	0.0916	0.0920	0.0912	0.0903	0.0909	0.0913	0.0909	0.0910	0.0914	0.0916	0.0937	0.0914	0.0916	0.0917	0.0914	0.0913	0.0941	
0.0926	0.0926	0.0910	0.0925	0.0910	0.0918	0.0919	0.0927	0.0930	0.0920	0.0905	0.0919	0.0913	0.0915	0.0924	0.0918	0.0916	0.0919	0.0929	0.0911	0.0918	0.0905	0.0909	0.0911	0.0909	0.0914	0.0901	0.0917	0.0911	0.0911	0.0909	0.0919	0.0912	0.0911	0.0905	0.0904	0.0906	0.0959	0.0941	0.0923	0.0908	0.0911	0.0902	0.0906	0.0901	0.0906	0.0925	0.0903	0.0908	0.0910	0.0899	0.0909	0.0906	0.0904	0.0899	0.0908	0.0907	0.0917	0.0909	0.0908	0.0905	0.0907	0.0906	0.0932	
0.0931	0.0926	0.0917	0.0932	0.0917	0.0927	0.0920	0.0937	0.0927	0.0923	0.0917	0.0930	0.0920	0.0917	0.0922	0.0918	0.0925	0.0921	0.0934	0.0915	0.0917	0.0920	0.0914	0.0914	0.0919	0.0921	0.0907	0.0916	0.0910	0.0910	0.0916	0.0927	0.0914	0.0917	0.0910	0.0908	0.0915	0.0972	0.0945	0.0915	0.0909	0.0910	0.0908	0.0909	0.0899	0.0910	0.0924	0.0912	0.0913	0.0914	0.0902	0.0912	0.0915	0.0905	0.0900	0.0906	0.0914	0.0922	0.0907	0.0918	0.0906	0.0910	0.0914	0.0934	
0.0932	0.0934	0.0927	0.0939	0.0920	0.0925	0.0926	0.0943	0.0944	0.0929	0.0923	0.0930	0.0924	0.0922	0.0927	0.0923	0.0928	0.0925	0.0974	0.0920	0.0921	0.0916	0.0912	0.0926	0.0913	0.0920	0.0911	0.0920	0.0911	0.0922	0.0917	0.0924	0.0922	0.0919	0.0910	0.0912	0.0919	0.0962	0.0941	0.0929	0.0915	0.0915	0.0908	0.0906	0.0907	0.0913	0.0926	0.0912	0.0922	0.0917	0.0904	0.0912	0.0916	0.0906	0.0905	0.0910	0.0911	0.0930	0.0912	0.0912	0.0912	0.0913	0.0913	0.0933	
0.0930	0.0932	0.0924	0.0937	0.0919	0.0922	0.0936	0.0945	0.0944	0.0925	0.0920	0.0922	0.0920	0.0922	0.0923	0.0925	0.0921	0.0925	0.0924	0.0921	0.0921	0.0920	0.0906	0.0918	0.0917	0.0914	0.0912	0.0946	0.0916	0.0919	0.0916	0.0933	0.0916	0.0912	0.0909	0.0908	0.0914	0.0966	0.0931	0.0919	0.0910	0.0909	0.0906	0.0904	0.0902	0.0909	0.0918	0.0911	0.0915	0.0911	0.0903	0.0909	0.0906	0.0910	0.0911	0.0916	0.0909	0.0923	0.0904	0.0918	0.0907	0.0912	0.0909	0.0931	
0.0937	0.0940	0.0935	0.0942	0.0921	0.0932	0.0932	0.0945	0.0942	0.0941	0.0924	0.0935	0.0928	0.0931	0.0930	0.0923	0.0932	0.0928	0.0932	0.0923	0.0925	0.0919	0.0911	0.0922	0.0923	0.0921	0.0909	0.0924	0.0921	0.0917	0.0916	0.0933	0.0922	0.0921	0.0916	0.0922	0.0914	0.0974	0.0960	0.0921	0.0917	0.0917	0.0914	0.0910	0.0910	0.0912	0.0930	0.0916	0.0918	0.0915	0.0915	0.0917	0.0912	0.0911	0.0910	0.0919	0.0914	0.0936	0.0917	0.0913	0.0912	0.0913	0.0910	0.0936	
0.0948	0.0950	0.0935	0.0949	0.0926	0.0937	0.0944	0.0948	0.0952	0.0943	0.0935	0.0943	0.0932	0.0928	0.0933	0.0936	0.0941	0.0934	0.0933	0.0929	0.0933	0.0925	0.0927	0.0935	0.0931	0.0928	0.0920	0.0927	0.0922	0.0923	0.0918	0.0936	0.0929	0.0925	0.0918	0.0930	0.0922	0.0979	0.0933	0.0926	0.0922	0.0921	0.0916	0.0929	0.0914	0.0921	0.0938	0.0929	0.0923	0.0922	0.0913	0.0917	0.0917	0.0911	0.0914	0.0921	0.0923	0.0931	0.0921	0.0921	0.0917	0.0918	0.0920	0.0941	
0.0952	0.0941	0.0943	0.0951	0.0926	0.0941	0.0934	0.0951	0.0950	0.0938	0.0927	0.0942	0.0930	0.0926	0.0943	0.0931	0.0934	0.0942	0.0975	0.0925	0.0930	0.0926	0.0917	0.0926	0.0930	0.0926	0.0919	0.0933	0.0921	0.0919	0.0917	0.0931	0.0927	0.0928	0.0923	0.0920	0.0920	0.0972	0.0941	0.0919	0.0918	0.0919	0.0912	0.0913	0.0906	0.0910	0.0925	0.0911	0.0915	0.0918	0.0912	0.0919	0.0918	0.0908	0.0912	0.0916	0.0911	0.0929	0.0912	0.0913	0.0916	0.0911	0.0917	0.0937	
0.0954	0.0946	0.0935	0.0955	0.0928	0.0943	0.0941	0.0949	0.0953	0.0947	0.0931	0.0939	0.0924	0.0920	0.0933	0.0931	0.0940	0.0934	0.0935	0.0929	0.0928	0.0928	0.0917	0.0927	0.0928	0.0922	0.0911	0.0931	0.0909	0.0919	0.0914	0.0932	0.0924	0.0919	0.0913	0.0916	0.0919	0.0973	0.0952	0.0927	0.0920	0.0913	0.0911	0.0914	0.0909	0.0913	0.0923	0.0912	0.0918	0.0916	0.0907	0.0914	0.0907	0.0907	0.0906	0.0915	0.0915	0.0923	0.0909	0.0918	0.0908	0.0921	0.0910	0.0934	
0.0966	0.0957	0.0942	0.0967	0.0940	0.0945	0.0946	0.0962	0.0963	0.0953	0.0934	0.0945	0.0935	0.0937	0.0937	0.0935	0.0953	0.0947	0.0979	0.0930	0.0940	0.0933	0.0925	0.0937	0.0930	0.0934	0.0923	0.0937	0.0923	0.0926	0.0919	0.0935	0.0930	0.0926	0.0923	0.0925	0.0920	0.0976	0.0966	0.0929	0.0926	0.0920	0.0920	0.0921	0.0909	0.0916	0.0925	0.0913	0.0924	0.0921	0.0907	0.0924	0.0922	0.0909	0.0909	0.0928	0.0919	0.0940	0.0917	0.0919	0.0914	0.0921	0.0919	0.0938	
0.0979	0.0970	0.0962	0.0973	0.0952	0.0954	0.0952	0.0967	0.0972	0.0962	0.0955	0.0958	0.0946	0.0946	0.0946	0.0946	0.0951	0.0953	0.0954	0.0941	0.0941	0.0932	0.0929	0.0948	0.0940	0.0944	0.0932	0.1041	0.0929	0.0933	0.0922	0.0942	0.0941	0.0937	0.0929	0.0930	0.0927	0.0974	0.0945	0.0938	0.0932	0.0926	0.0919	0.0925	0.0920	0.0924	0.0932	0.0921	0.0933	0.0923	0.0919	0.0928	0.0913	0.0913	0.0921	0.0928	0.0921	0.0939	0.0920	0.0929	0.0923	0.0923	0.0920	0.0944	
0.0984	0.0970	0.0963	0.0978	0.0943	0.0954	0.0953	0.0972	0.0977	0.0972	0.0950	0.0955	0.0942	0.0940	0.0944	0.0948	0.0964	0.0952	0.0943	0.0950	0.0950	0.0946	0.0925	0.0942	0.0944	0.0944	0.0929	0.0942	0.0931	0.0931	0.0925	0.0948	0.0939	0.0932	0.0930	0.0933	0.0924	0.0984	0.0943	0.0935	0.0932	0.0922	0.0922	0.0923	0.0925	0.0924	0.0939	0.0924	0.0927	0.0929	0.0921	0.0923	0.0916	0.0922	0.0918	0.0921	0.0926	0.0939	0.0913	0.0925	0.0922	0.0918	0.0920	0.0946	
0.0991	0.0993	0.0971	0.0986	0.0966	0.0974	0.0962	0.0970	0.0986	0.0975	0.0957	0.0970	0.0947	0.0950	0.0948	0.0952	0.0970	0.0963	0.0953	0.0949	0.0947	0.0936	0.0930	0.0938	0.0948	0.0942	0.0938	0.0941	0.0944	0.0940	0.0931	0.0946	0.0941	0.0940	0.0926	0.0935	0.0931	0.0980	0.0957	0.0934	0.0934	0.0934	0.0925	0.0931	0.0921	0.0925	0.0937	0.0926	0.0930	0.0930	0.0921	0.0926	0.0921	0.0921	0.0915	0.0922	0.0925	0.0930	0.0921	0.0923	0.0928	0.0928	0.0925	0.0944	
0.0999	0.0987	0.0971	0.0992	0.0962	0.0967	0.0972	0.0981	0.0992	0.0978	0.0961	0.0971	0.0956	0.0951	0.0944	0.0946	0.0973	0.0963	0.0949	0.0951	0.0948	0.0939	0.0934	0.0942	0.0952	0.0952	0.0939	0.0946	0.0933	0.0925	0.0929	0.0943	0.0946	0.0948	0.0937	0.0927	0.0928	0.0988	0.0943	0.0933	0.0940	0.0933	0.0924	0.0925	0.0924	0.0926	0.0943	0.0922	0.0930	0.0928	0.0919	0.0928	0.0923	0.0924	0.0917	0.0925	0.0927	0.0944	0.0918	0.0923	0.0925	0.0923	0.0920	0.0944	
0.1009	0.1007	0.0980	0.0999	0.0971	0.0976	0.0976	0.0984	0.0998	0.0994	0.0970	0.0975	0.0956	0.0955	0.0953	0.0960	0.0983	0.0975	0.0966	0.0962	0.0954	0.0950	0.0933	0.0945	0.0962	0.0959	0.0946	0.0951	0.0938	0.0932	0.0932	0.0946	0.0953	0.0942	0.0941	0.0945	0.0928	0.0982	0.0953	0.0942	0.0947	0.0936	0.0926	0.0935	0.0918	0.0921	0.0932	0.0922	0.0929	0.0926	0.0917	0.0932	0.0921	0.0919	0.0919	0.0924	0.0930	0.0942	0.0922	0.0925	0.0919	0.0929	0.0920	0.0950	
0.1024	0.1016	0.1003	0.1018	0.0988	0.0995	0.0989	0.1002	0.1016	0.1011	0.0988	0.0996	0.0968	0.0966	0.0966	0.0967	0.0998	0.0998	0.1006	0.0963	0.0965	0.0952	0.0949	0.0957	0.0970	0.0965	0.0954	0.0967	0.0953	0.0947	0.0942	0.0953	0.0960	0.0955	0.0945	0.0946	0.0942	0.0991	0.0966	0.0948	0.0953	0.0945	0.0939	0.0939	0.0922	0.0935	0.0945	0.0946	0.0943	0.0940	0.0927	0.0939	0.0936	0.0924	0.0926	0.0941	0.0941	0.0947	0.0936	0.0938	0.0929	0.0933	0.0933	0.0956	
0.1037	0.1017	0.1004	0.1026	0.0982	0.0988	0.0979	0.0997	0.1018	0.1009	0.0985	0.0995	0.0967	0.0966	0.0955	0.0966	0.1001	0.0997	0.0977	0.0965	0.0963	0.0956	0.0944	0.0961	0.0971	0.0965	0.0953	0.0957	0.0942	0.0941	0.0934	0.0953	0.0958	0.0953	0.0940	0.0940	0.0941	0.0993	0.0964	0.0944	0.0951	0.0947	0.0932	0.0938	0.0925	0.0929	0.0937	0.0924	0.0939	0.0932	0.0922	0.0929	0.0925	0.0922	0.0917	0.0923	0.0930	0.0945	0.0926	0.0928	0.0925	0.0928	0.0925	0.0952	
0.1053	0.1040	0.1008	0.1036	0.0997	0.0996	0.0996	0.1006	0.1033	0.1025	0.0998	0.1012	0.0974	0.0965	0.0961	0.0959	0.1013	0.0999	0.0977	0.0967	0.0969	0.0955	0.0942	0.0958	0.0981	0.0977	0.0957	0.0967	0.0945	0.0945	0.0937	0.0956	0.0966	0.0956	0.0945	0.0944	0.0937	0.0991	0.0976	0.0941	0.0951	0.0943	0.0938	0.0933	0.0925	0.0929	0.0947	0.0942	0.0943	0.0933	0.0928	0.0931	0.0928	0.0915	0.0923	0.0933	0.0932	0.0950	0.0929	0.0930	0.0931	0.0935	0.0928	0.0959	
0.1068	0.1054	0.1029	0.1046	0.1018	0.1001	0.0998	0.1017	0.1050	0.1046	0.1012	0.1019	0.0987	0.0983	0.0960	0.0966	0.1020	0.1025	0.0994	0.0981	0.0973	0.0955	0.0943	0.0959	0.0992	0.0982	0.0960	0.0972	0.0959	0.0948	0.0943	0.0953	0.0968	0.0965	0.0947	0.0958	0.0943	0.1000	0.0993	0.0941	0.0964	0.0946	0.0946	0.0935	0.0929	0.0936	0.0952	0.0943	0.0941	0.0940	0.0930	0.0938	0.0933	0.0928	0.0923	0.0929	0.0941	0.0962	0.0928	0.0931	0.0926	0.0930	0.0927	0.0949	
0.1083	0.1074	0.1039	0.1054	0.1016	0.1016	0.1004	0.1016	0.1063	0.1055	0.1019	0.1020	0.0984	0.0982	0.0964	0.0968	0.1029	0.1020	0.1045	0.0979	0.0976	0.0957	0.0947	0.0960	0.0999	0.0992	0.0967	0.0978	0.0954	0.0944	0.0942	0.0962	0.0972	0.0973	0.0950	0.0948	0.0949	0.0991	0.0957	0.0949	0.0961	0.0945	0.0936	0.0944	0.0927	0.0925	0.0944	0.0942	0.0950	0.0938	0.0926	0.0931	0.0929	0.0918	0.0916	0.0940	0.0933	0.0945	0.0922	0.0942	0.0925	0.0925	0.0929	0.0956	
0.1118	0.1093	0.1064	0.1078	0.1034	0.1040	0.1026	0.1041	0.1091	0.1081	0.1038	0.1029	0.0991	0.0986	0.0975	0.0970	0.1060	0.1044	0.1083	0.0999	0.0987	0.0969	0.0959	0.0969	0.1023	0.0995	0.0970	0.0987	0.0964	0.0962	0.0951	0.0963	0.0991	0.0986	0.0956	0.0960	0.0959	0.1006	0.0983	0.0947	0.0972	0.0963	0.0951	0.0952	0.0937	0.0938	0.0961	0.0945	0.0954	0.0947	0.0937	0.0939	0.0934	0.0933	0.0937	0.0938	0.0948	0.0960	0.0945	0.0937	0.0940	0.0929	0.0934	0.0955	
0.1135	0.1109	0.1077	0.1096	0.1048	0.1041	0.1016	0.1051	0.1110	0.1097	0.1053	0.1055	0.1004	0.0995	0.0980	0.0979	0.1071	0.1056	0.1091	0.1006	0.0987	0.0966	0.0956	0.0974	0.1019	0.1012	0.0981	0.0988	0.0960	0.0960	0.0953	0.0970	0.0989	0.0988	0.0965	0.0961	0.0953	0.1009	0.0954	0.0963	0.0973	0.0964	0.0944	0.0958	0.0935	0.0936	0.0952	0.0945	0.0955	0.0950	0.0930	0.0944	0.0942	0.0934	0.0933	0.0939	0.0949	0.0953	0.0931	0.0935	0.0931	0.0936	0.0926	0.0954	
0.1163	0.1141	0.1095	0.1107	0.1053	0.1044	0.1034	0.1048	0.1138	0.1106	0.1060	0.1054	0.1006	0.0997	0.0973	0.0979	0.1094	0.1081	0.1097	0.1004	0.0991	0.0968	0.0960	0.0968	0.1042	0.1025	0.0991	0.0993	0.0966	0.0960	0.0950	0.0965	0.0998	0.1002	0.0968	0.0964	0.0950	0.1006	0.1027	0.0955	0.0979	0.0965	0.0947	0.0957	0.0942	0.0943	0.0954	0.0939	0.0959	0.0954	0.0934	0.0946	0.0943	0.0931	0.0933	0.0937	0.0950	0.0966	0.0940	0.0940	0.0938	0.0939	0.0924	0.0955	
0.1193	0.1154	0.1117	0.1126	0.1055	0.1053	0.1044	0.1061	0.1160	0.1143	0.1073	0.1071	0.1010	0.0989	0.0976	0.0987	0.1109	0.1091	0.1094	0.1032	0.0997	0.0976	0.0952	0.0971	0.1054	0.1026	0.0990	0.0987	0.0966	0.0964	0.0955	0.0973	0.1007	0.0999	0.0971	0.0989	0.0977	0.1028	0.0971	0.0965	0.0985	0.0970	0.0954	0.1000	0.0962	0.0961	0.0947	0.0946	0.0957	0.0946	0.0933	0.0980	0.0932	0.0924	0.0923	0.0945	0.0947	0.0959	0.0932	0.1026	0.0929	0.0930	0.0924	0.0960	
0.1225	0.1195	0.1140	0.1160	0.1101	0.1062	0.1051	0.1065	0.1204	0.1169	0.1102	0.1096	0.1028	0.1003	0.0987	0.0991	0.1146	0.1108	0.1134	0.1026	0.1006	0.0982	0.0962	0.0991	0.1081	0.1044	0.1010	0.1020	0.0980	0.0981	0.0960	0.0978	0.1020	0.1012	0.0989	0.0978	0.0971	0.1023	0.0972	0.0970	0.1082	0.0985	0.0962	0.0964	0.0950	0.0949	0.0959	0.0952	0.0973	0.0963	0.0947	0.0954	0.0948	0.0934	0.0934	0.0951	0.0964	0.0961	0.0945	0.0953	0.0940	0.0944	0.0937	0.0963	
0.1277	0.1228	0.1169	0.1181	0.1097	0.1086	0.1061	0.1080	0.1244	0.1195	0.1127	0.1109	0.1034	0.1019	0.0997	0.1000	0.1177	0.1146	0.1119	0.1046	0.1017	0.0994	0.0970	0.0984	0.1093	0.1055	0.1018	0.1011	0.0982	0.0982	0.0971	0.0985	0.1032	0.1017	0.0991	0.0989	0.0972	0.1024	0.0979	0.0975	0.1016	0.0987	0.0969	0.0975	0.0959	0.0952	0.0965	0.0956	0.0976	0.0963	0.0943	0.0954	0.0947	0.0938	0.0935	0.0947	0.0961	0.0969	0.0946	0.0951	0.0957	0.0944	0.0937	0.0964	
0.1317	0.1274	0.1193	0.1204	0.1117	0.1090	0.1065	0.1094	0.1277	0.1229	0.1143	0.1128	0.1052	0.1015	0.0997	0.1006	0.1214	0.1170	0.1161	0.1052	0.1024	0.0987	0.0970	0.0989	0.1121	0.1077	0.1029	0.1028	0.0995	0.0984	0.0975	0.0991	0.1046	0.1034	0.0995	0.0995	0.0974	0.1022	0.0990	0.0975	0.1011	0.0990	0.0973	0.0969	0.0962	0.0956	0.0966	0.0959	0.0985	0.0967	0.0950	0.0963	0.0948	0.0939	0.0936	0.0954	0.0971	0.0970	0.0953	0.0956	0.0950	0.0946	0.0936	0.0972	
0.1367	0.1322	0.1231	0.1237	0.1135	0.1122	0.1078	0.1114	0.1341	0.1270	0.1180	0.1145	0.1063	0.1033	0.0998	0.1024	0.1245	0.1194	0.1157	0.1066	0.1031	0.1003	0.0978	0.0990	0.1149	0.1095	0.1042	0.1034	0.0989	0.0984	0.0972	0.0984	0.1065	0.1042	0.1005	0.1003	0.0983	0.1031	0.1034	0.0987	0.1028	0.0997	0.0981	0.0989	0.0969	0.0961	0.0965	0.0959	0.0993	0.0976	0.0953	0.0965	0.0959	0.0939	0.0942	0.0954	0.0975	0.0988	0.0955	0.0957	0.0955	0.0950	0.0936	0.0973	
0.1429	0.1365	0.1258	0.1256	0.1148	0.1118	0.1086	0.1124	0.1371	0.1312	0.1205	0.1174	0.1069	0.1039	0.1003	0.1017	0.1287	0.1234	0.1170	0.1075	0.1035	0.0998	0.0970	0.0990	0.1163	0.1108	0.1044	0.1041	0.1004	0.1001	0.0968	0.0998	0.1078	0.1059	0.1013	0.1006	0.0980	0.1031	0.0983	0.0989	0.1034	0.1011	0.0985	0.0986	0.0967	0.0961	0.0970	0.0971	0.0997	0.0976	0.0959	0.0966	0.0958	0.0948	0.0939	0.0954	0.0975	0.0979	0.0954	0.0962	0.0956	0.0955	0.0941	0.0982	
0.1501	0.1409	0.1292	0.1285	0.1176	0.1128	0.1095	0.1133	0.1460	0.1350	0.1241	0.1195	0.1079	0.1039	0.1020	0.1028	0.1327	0.1277	0.1209	0.1099	0.1041	0.1017	0.0973	0.1004	0.1201	0.1126	0.1064	0.1058	0.1009	0.0995	0.0974	0.0997	0.1086	0.1060	0.1022	0.1011	0.0987	0.1038	0.0988	0.0992	0.1049	0.1010	0.0981	0.0988	0.0970	0.0969	0.0975	0.0977	0.1001	0.0982	0.0957	0.0972	0.0960	0.0946	0.0949	0.0954	0.0984	0.0985	0.0957	0.0957	0.0953	0.0956	0.0941	0.0974	
0.1591	0.1470	0.1332	0.1344	0.1189	0.1171	0.1111	0.1163	0.1529	0.1412	0.1271	0.1219	0.1104	0.1049	0.1024	0.1034	0.1391	0.1299	0.1267	0.1110	0.1047	0.1019	0.0977	0.1007	0.1237	0.1147	0.1081	0.1071	0.1014	0.1005	0.0979	0.0999	0.1107	0.1077	0.1027	0.1014	0.0994	0.1048	0.0986	0.0989	0.1060	0.1021	0.0992	0.0996	0.0977	0.0978	0.0983	0.0979	0.1015	0.0985	0.0964	0.0980	0.0965	0.0960	0.0949	0.0965	0.0988	0.0988	0.0961	0.0964	0.0959	0.0962	0.0948	0.0976	
0.1688	0.1560	0.1401	0.1388	0.1219	0.1193	0.1130	0.1181	0.1603	0.1484	0.1316	0.1241	0.1122	0.1082	0.1027	0.1040	0.1457	0.1357	0.1225	0.1132	0.1065	0.1023	0.0986	0.1018	0.1279	0.1179	0.1099	0.1085	0.1027	0.1015	0.0991	0.1014	0.1132	0.1091	0.1041	0.1027	0.1006	0.1061	0.0991	0.0990	0.1076	0.1033	0.1001	0.1000	0.0988	0.0980	0.0983	0.0985	0.1026	0.0997	0.0974	0.0984	0.0963	0.0958	0.0948	0.0966	0.1000	0.1002	0.0970	0.0968	0.0963	0.0964	0.0952	0.0977	
0.1778	0.1623	0.1447	0.1437	0.1253	0.1203	0.1140	0.1196	0.1711	0.1547	0.1358	0.1287	0.1140	0.1069	0.1028	0.1036	0.1524	0.1405	0.1292	0.1157	0.1084	0.1028	0.0996	0.1012	0.1324	0.1205	0.1119	0.1097	0.1031	0.1018	0.0986	0.0996	0.1160	0.1111	0.1049	0.1046	0.1006	0.1050	0.0988	0.1000	0.1094	0.1035	0.1006	0.1021	0.0992	0.0988	0.0982	0.0989	0.1031	0.1001	0.0970	0.1001	0.0975	0.0961	0.0950	0.0965	0.1009	0.0994	0.0972	0.0981	0.0968	0.0963	0.0946	0.0980	
0.1902	0.1717	0.1511	0.1476	0.1292	0.1227	0.1156	0.1216	0.1811	0.1612	0.1412	0.1325	0.1156	0.1092	0.1041	0.1058	0.1594	0.1456	0.1291	0.1177	0.1080	0.1047	0.0996	0.1023	0.1368	0.1224	0.1131	0.1120	0.1040	0.1030	0.0991	0.1009	0.1183	0.1132	0.1058	0.1038	0.1019	0.1056	0.1000	0.1014	0.1108	0.1050	0.1014	0.1025	0.0995	0.0991	0.0995	0.0998	0.1043	0.1013	0.0979	0.0996	0.0972	0.0966	0.0957	0.0983	0.1015	0.1011	0.0974	0.0974	0.0970	0.0967	0.0953	0.0987	
0.2018	0.1823	0.1578	0.1541	0.1303	0.1259	0.1174	0.1228	0.1926	0.1712	0.1464	0.1356	0.1173	0.1104	0.1030	0.1056	0.1701	0.1532	0.1319	0.1187	0.1101	0.1054	0.1009	0.1029	0.1426	0.1271	0.1158	0.1115	0.1049	0.1035	0.0992	0.1013	0.1216	0.1152	0.1073	0.1055	0.1022	0.1064	0.1027	0.1004	0.1129	0.1060	0.1021	0.1020	0.1001	0.0989	0.1001	0.0995	0.1061	0.1021	0.0991	0.0995	0.0982	0.0964	0.0957	0.0972	0.1020	0.1019	0.0979	0.0984	0.0978	0.0970	0.0959	0.0995	
0.2159	0.1941	0.1641	0.1602	0.1354	0.1276	0.1192	0.1301	0.2058	0.1795	0.1522	0.1406	0.1189	0.1109	0.1044	0.1062	0.1805	0.1583	0.1426	0.1208	0.1107	0.1060	0.1001	0.1043	0.1482	0.1301	0.1173	0.1145	0.1053	0.1033	0.1003	0.1034	0.1235	0.1170	0.1088	0.1055	0.1038	0.1067	0.1019	0.1005	0.1150	0.1068	0.1030	0.1031	0.0994	0.0991	0.0995	0.0997	0.1068	0.1019	0.0992	0.1008	0.0984	0.0975	0.0954	0.0974	0.1033	0.1016	0.0984	0.0984	0.0978	0.0964	0.0959	0.0993	
0.2331	0.2063	0.1736	0.1670	0.1387	0.1315	0.1214	0.1285	0.2229	0.1909	0.1602	0.1439	0.1223	0.1118	0.1043	0.1067	0.1896	0.1662	0.1482	0.1232	0.1122	0.1074	0.1011	0.1039	0.1563	0.1331	0.1193	0.1159	0.1070	0.1045	0.1004	0.1036	0.1278	0.1198	0.1094	0.1071	0.1032	0.1086	0.1074	0.1017	0.1171	0.1083	0.1041	0.1037	0.1010	0.1004	0.1001	0.1003	0.1086	0.1032	0.0999	0.1011	0.0994	0.0972	0.0954	0.0983	0.1043	0.1019	0.0991	0.0989	0.0987	0.0981	0.0960	0.0992	
0.2502	0.2189	0.1828	0.1737	0.1437	0.1337	0.1238	0.1299	0.2347	0.2022	0.1672	0.1472	0.1240	0.1146	0.1061	0.1093	0.2032	0.1757	0.1503	0.1250	0.1151	0.1076	0.1016	0.1047	0.1625	0.1389	0.1228	0.1190	0.1084	0.1055	0.1008	0.1031	0.1308	0.1209	0.1112	0.1086	0.1049	0.1078	0.1034	0.1020	0.1198	0.1102	0.1045	0.1046	0.1019	0.1007	0.1005	0.1010	0.1095	0.1042	0.1008	0.1026	0.0995	0.0979	0.0979	0.0993	0.1059	0.1035	0.0990	0.0994	0.0989	0.0985	0.0970	0.1001	
0.2699	0.2347	0.1934	0.1823	0.1473	0.1373	0.1265	0.1349	0.2530	0.2153	0.1758	0.1538	0.1275	0.1158	0.1072	0.1102	0.2163	0.1843	0.1523	0.1294	0.1155	0.1086	0.1019	0.1057	0.1725	0.1430	0.1254	0.1196	0.1096	0.1074	0.1012	0.1038	0.1337	0.1236	0.1128	0.1100	0.1067	0.1092	0.1051	0.1034	0.1227	0.1111	0.1064	0.1063	0.1026	0.1011	0.1013	0.1008	0.1117	0.1053	0.1010	0.1022	0.1003	0.0984	0.0971	0.0994	0.1061	0.1038	0.0998	0.0998	0.0990	0.0987	0.0970	0.1002	
0.2922	0.2526	0.2033	0.1908	0.1514	0.1408	0.1255	0.1365	0.2741	0.2317	0.1841	0.1619	0.1289	0.1171	0.1077	0.1117	0.2303	0.1940	0.1606	0.1334	0.1164	0.1090	0.1023	0.1058	0.1797	0.1473	0.1268	0.1226	0.1099	0.1070	0.1020	0.1053	0.1391	0.1260	0.1136	0.1116	0.1063	0.1101	0.1071	0.1040	0.1255	0.1126	0.1070	0.1072	0.1037	0.1020	0.1017	0.1018	0.1131	0.1061	0.1014	0.1030	0.1008	0.0989	0.0984	0.1009	0.1079	0.1043	0.1005	0.1003	0.0999	0.0992	0.0973	0.1005	
0.3160	0.2723	0.2168	0.2002	0.1576	0.1474	0.1329	0.1407	0.2946	0.2466	0.1950	0.1671	0.1325	0.1189	0.1100	0.1126	0.2476	0.2034	0.1728	0.1347	0.1188	0.1107	0.1025	0.1070	0.1896	0.1532	0.1306	0.1246	0.1106	0.1072	0.1028	0.1068	0.1444	0.1302	0.1164	0.1121	0.1078	0.1111	0.1062	0.1034	0.1276	0.1149	0.1083	0.1083	0.1044	0.1028	0.1017	0.1017	0.1144	0.1071	0.1033	0.1040	0.1017	0.0993	0.0971	0.1002	0.1088	0.1060	0.1009	0.1011	0.1004	0.0997	0.0969	0.1003	
0.3412	0.2943	0.2285	0.2105	0.1618	0.1494	0.1361	0.1438	0.3180	0.2596	0.2034	0.1724	0.1356	0.1209	0.1092	0.1129	0.2642	0.2173	0.1801	0.1397	0.1200	0.1130	0.1053	0.1084	0.1973	0.1587	0.1340	0.1340	0.1122	0.1096	0.1035	0.1069	0.1482	0.1312	0.1179	0.1142	0.1097	0.1122	0.1111	0.1051	0.1311	0.1162	0.1096	0.1097	0.1051	0.1023	0.1028	0.1032	0.1161	0.1078	0.1033	0.1055	0.1019	0.0994	0.0985	0.1010	0.1107	0.1065	0.1017	0.1021	0.1006	0.0996	0.0977	0.1024	
0.3687	0.3162	0.2407	0.2192	0.1674	0.1544	0.1359	0.1472	0.3434	0.2779	0.2165	0.1800	0.1382	0.1215	0.1097	0.1138	0.2811	0.2307	0.1837	0.1454	0.1221	0.1132	0.1046	0.1084	0.2092	0.1648	0.1375	0.1337	0.1130	0.1102	0.1044	0.1065	0.1543	0.1340	0.1191	0.1153	0.1092	0.1116	0.1035	0.1061	0.1349	0.1182	0.1101	0.1094	0.1050	0.1043	0.1035	0.1046	0.1191	0.1097	0.1037	0.1048	0.1016	0.0996	0.0990	0.1006	0.1123	0.1064	0.1027	0.1014	0.1007	0.0999	0.0980	0.1018	
0.3977	0.3384	0.2587	0.2294	0.1750	0.1588	0.1443	0.1516	0.3689	0.2990	0.2271	0.1891	0.1442	0.1245	0.1121	0.1181	0.3043	0.2424	0.1890	0.1465	0.1263	0.1161	0.1053	0.1085	0.2236	0.1699	0.1402	0.1337	0.1147	0.1121	0.1048	0.1087	0.1611	0.1384	0.1218	0.1183	0.1109	0.1145	0.1075	0.1069	0.1385	0.1207	0.1116	0.1112	0.1072	0.1044	0.1040	0.1043	0.1213	0.1105	0.1050	0.1063	0.1034	0.0999	0.0989	0.1027	0.1132	0.1082	0.1030	0.1029	0.1022	0.1005	0.0986	0.1025	
0.4299	0.3698	0.2787	0.2458	0.1795	0.1645	0.1449	0.1550	0.3985	0.3203	0.2421	0.1956	0.1452	0.1268	0.1137	0.1176	0.3237	0.2588	0.1999	0.1519	0.1290	0.1162	0.1056	0.1099	0.2359	0.1776	0.1452	0.1375	0.1152	0.1126	0.1042	0.1084	0.1682	0.1434	0.1244	0.1191	0.1127	0.1140	0.1112	0.1076	0.1437	0.1227	0.1136	0.1127	0.1087	0.1050	0.1036	0.1059	0.1246	0.1130	0.1063	0.1069	0.1032	0.1006	0.1001	0.1031	0.1156	0.1104	0.1044	0.1037	0.1025	0.1016	0.0985	0.1036	
0.4660	0.3994	0.2940	0.2608	0.1895	0.1679	0.1505	0.1621	0.4301	0.3454	0.2576	0.2080	0.1519	0.1301	0.1129	0.1200	0.3495	0.2751	0.2101	0.1583	0.1298	0.1172	0.1063	0.1110	0.2517	0.1868	0.1508	0.1381	0.1173	0.1124	0.1065	0.1094	0.1774	0.1467	0.1274	0.1219	0.1148	0.1154	0.1050	0.1073	0.1503	0.1261	0.1154	0.1132	0.1091	0.1056	0.1048	0.1071	0.1268	0.1140	0.1072	0.1078	0.1042	0.1016	0.1000	0.1027	0.1173	0.1102	0.1049	0.1045	0.1034	0.1022	0.0991	0.1024	
0.4988	0.4287	0.3161	0.2715	0.1947	0.1748	0.1523	0.1673	0.4538	0.3646	0.2710	0.2148	0.1551	0.1331	0.1150	0.1217	0.3706	0.2909	0.2277	0.1616	0.1336	0.1214	0.1067	0.1120	0.2665	0.1934	0.1542	0.1424	0.1185	0.1160	0.1063	0.1106	0.1848	0.1512	0.1278	0.1215	0.1155	0.1167	0.1102	0.1075	0.1534	0.1277	0.1168	0.1158	0.1086	0.1062	0.1050	0.1062	0.1299	0.1160	0.1080	0.1094	0.1057	0.1023	0.1002	0.1035	0.1196	0.1115	0.1061	0.1051	0.1033	0.1026	0.0997	0.1038	
0.5315	0.4567	0.3380	0.2903	0.2043	0.1816	0.1586	0.1730	0.4843	0.3869	0.2860	0.2260	0.1609	0.1351	0.1161	0.1230	0.3936	0.3095	0.2388	0.1677	0.1354	0.1208	0.1065	0.1142	0.2817	0.2027	0.1603	0.1448	0.1212	0.1144	0.1057	0.1101	0.1937	0.1548	0.1331	0.1252	0.1163	0.1179	0.1076	0.1082	0.1594	0.1304	0.1178	0.1169	0.1113	0.1064	0.1060	0.1073	0.1323	0.1163	0.1088	0.1100	0.1066	0.1028	0.1006	0.1050	0.1206	0.1119	0.1068	0.1063	0.1047	0.1040	0.0999	0.1045	
0.5626	0.4951	0.3552	0.3082	0.2127	0.1870	0.1616	0.1781	0.5086	0.4107	0.3037	0.2368	0.1652	0.1367	0.1178	0.1248	0.4179	0.3286	0.2466	0.1735	0.1386	0.1215	0.1085	0.1131	0.3011	0.2121	0.1633	0.1508	0.1233	0.1176	0.1083	0.1116	0.2014	0.1607	0.1340	0.1269	0.1175	0.1186	0.1083	0.1111	0.1653	0.1325	0.1191	0.1190	0.1128	0.1073	0.1070	0.1085	0.1360	0.1188	0.1105	0.1105	0.1065	0.1022	0.1018	0.1059	0.1237	0.1142	0.1082	0.1069	0.1051	0.1038	0.1011	0.1055	
0.5927	0.5271	0.3817	0.3244	0.2223	0.1934	0.1657	0.1850	0.5358	0.4421	0.3198	0.2468	0.1710	0.1403	0.1188	0.1273	0.4431	0.3492	0.2558	0.1813	0.1410	0.1260	0.1093	0.1149	0.3179	0.2221	0.1707	0.1553	0.1241	0.1179	0.1073	0.1120	0.2133	0.1647	0.1365	0.1294	0.1203	0.1202	0.1099	0.1114	0.1718	0.1354	0.1222	0.1198	0.1137	0.1085	0.1071	0.1095	0.1394	0.1199	0.1116	0.1125	0.1072	0.1031	0.1019	0.1060	0.1262	0.1168	0.1084	0.1079	0.1055	0.1037	0.1009	0.1056	
0.6239	0.5606	0.4059	0.3468	0.2327	0.2024	0.1705	0.1915	0.5603	0.4648	0.3414	0.2613	0.1754	0.1434	0.1204	0.1279	0.4648	0.3696	0.2720	0.1855	0.1436	0.1270	0.1103	0.1176	0.3332	0.2345	0.1778	0.1603	0.1269	0.1185	0.1087	0.1135	0.2250	0.1701	0.1420	0.1319	0.1212	0.1205	0.1122	0.1107	0.1793	0.1387	0.1239	0.1219	0.1134	0.1103	0.1079	0.1102	0.1450	0.1223	0.1121	0.1119	0.1080	0.1048	0.1022	0.1071	0.1292	0.1155	0.1095	0.1080	0.1071	0.1048	0.1016	0.1061	
0.6496	0.5983	0.4273	0.3640	0.2391	0.2086	0.1745	0.1978	0.5878	0.4958	0.3614	0.2736	0.1815	0.1474	0.1216	0.1329	0.4894	0.3913	0.2882	0.1943	0.1491	0.1289	0.1107	0.1177	0.3541	0.2423	0.1825	0.1640	0.1288	0.1229	0.1096	0.1143	0.2348	0.1779	0.1438	0.1345	0.1235	0.1224	0.1089	0.1129	0.1879	0.1425	0.1263	0.1233	0.1161	0.1109	0.1090	0.1113	0.1496	0.1245	0.1143	0.1150	0.1090	0.1053	0.1034	0.1076	0.1322	0.1190	0.1113	0.1091	0.1073	0.1064	0.1018	0.1064	
0.6743	0.6278	0.4562	0.3891	0.2498	0.2183	0.1794	0.2057	0.6097	0.5187	0.3841	0.2865	0.1890	0.1502	0.1243	0.1354	0.5118	0.4129	0.3008	0.2004	0.1511	0.1333	0.1120	0.1186	0.3746	0.2549	0.1877	0.1679	0.1320	0.1228	0.1112	0.1168	0.2470	0.1828	0.1492	0.1371	0.1260	0.1253	0.1097	0.1122	0.1960	0.1452	0.1296	0.1253	0.1165	0.1116	0.1089	0.1121	0.1530	0.1259	0.1153	0.1158	0.1108	0.1064	0.1031	0.1073	0.1349	0.1207	0.1120	0.1099	0.1086	0.1059	0.1031	0.1072	
0.6991	0.6545	0.4766	0.4129	0.2607	0.2261	0.1854	0.2079	0.6271	0.5449	0.4074	0.2999	0.1969	0.1543	0.1257	0.1358	0.5286	0.4355	0.3194	0.2076	0.1570	0.1349	0.1129	0.1193	0.3869	0.2741	0.1970	0.1752	0.1343	0.1256	0.1110	0.1184	0.2639	0.1911	0.1526	0.1409	0.1262	0.1248	0.1115	0.1142	0.2034	0.1506	0.1312	0.1282	0.1193	0.1122	0.1099	0.1120	0.1583	0.1283	0.1160	0.1172	0.1121	0.1066	0.1037	0.1082	0.1391	0.1225	0.1121	0.1105	0.1088	0.1074	0.1037	0.1093	
0.7192	0.6834	0.5188	0.4321	0.2731	0.2357	0.1912	0.2184	0.6477	0.5681	0.4265	0.3137	0.2031	0.1574	0.1269	0.1386	0.5508	0.4552	0.3367	0.2152	0.1600	0.1367	0.1134	0.1220	0.4040	0.2809	0.2024	0.1796	0.1356	0.1260	0.1113	0.1191	0.2780	0.1958	0.1546	0.1422	0.1276	0.1260	0.1119	0.1158	0.2126	0.1537	0.1336	0.1296	0.1197	0.1128	0.1118	0.1151	0.1633	0.1302	0.1189	0.1184	0.1123	0.1074	0.1057	0.1102	0.1417	0.1249	0.1140	0.1107	0.1103	0.1074	0.1040	0.1083	
0.7407	0.7100	0.5434	0.4564	0.2833	0.2463	0.1994	0.2229	0.6695	0.5946	0.4543	0.3316	0.2095	0.1625	0.1305	0.1407	0.5712	0.4783	0.3554	0.2266	0.1642	0.1405	0.1156	0.1228	0.4261	0.2982	0.2112	0.1877	0.1392	0.1300	0.1141	0.1195	0.2898	0.2033	0.1604	0.1449	0.1319	0.1267	0.1133	0.1174	0.2224	0.1590	0.1363	0.1336	0.1216	0.1141	0.1113	0.1173	0.1706	0.1335	0.1205	0.1207	0.1137	0.1091	0.1065	0.1115	0.1457	0.1254	0.1149	0.1124	0.1112	0.1090	0.1050	0.1087	
0.7497	0.7382	0.5709	0.4822	0.2934	0.2526	0.2033	0.2313	0.6871	0.6158	0.4710	0.3455	0.2187	0.1660	0.1298	0.1420	0.5914	0.5004	0.3699	0.2327	0.1663	0.1422	0.1159	0.1256	0.4448	0.3094	0.2196	0.1930	0.1409	0.1298	0.1141	0.1210	0.3038	0.2112	0.1646	0.1476	0.1337	0.1281	0.1124	0.1176	0.2328	0.1626	0.1371	0.1348	0.1228	0.1155	0.1130	0.1161	0.1749	0.1359	0.1214	0.1218	0.1149	0.1087	0.1064	0.1113	0.1503	0.1286	0.1166	0.1135	0.1123	0.1105	0.1043	0.1101	
0.7567	0.7640	0.5933	0.5079	0.3114	0.2620	0.2080	0.2418	0.7035	0.6404	0.4965	0.3626	0.2259	0.1706	0.1339	0.1483	0.6119	0.5231	0.3858	0.2441	0.1740	0.1461	0.1169	0.1274	0.4597	0.3251	0.2271	0.1973	0.1422	0.1304	0.1132	0.1223	0.3196	0.2188	0.1680	0.1496	0.1355	0.1301	0.1125	0.1199	0.2437	0.1665	0.1412	0.1368	0.1263	0.1160	0.1128	0.1176	0.1817	0.1382	0.1222	0.1230	0.1150	0.1095	0.1066	0.1122	0.1543	0.1306	0.1182	0.1152	0.1130	0.1097	0.1054	0.1099	
0.7578	0.7824	0.6177	0.5397	0.3278	0.2731	0.2193	0.2467	0.7105	0.6639	0.5270	0.3866	0.2365	0.1729	0.1363	0.1505	0.6357	0.5490	0.4118	0.2554	0.1793	0.1503	0.1199	0.1296	0.4810	0.3442	0.2382	0.2050	0.1472	0.1345	0.1152	0.1233	0.3364	0.2279	0.1745	0.1550	0.1385	0.1317	0.1148	0.1203	0.2551	0.1739	0.1451	0.1410	0.1256	0.1180	0.1136	0.1199	0.1886	0.1422	0.1261	0.1245	0.1171	0.1105	0.1079	0.1126	0.1598	0.1358	0.1194	0.1163	0.1134	0.1109	0.1056	0.1116	
0.7536	0.7978	0.6475	0.5611	0.3334	0.2837	0.2190	0.2587	0.7135	0.6796	0.5420	0.4002	0.2433	0.1796	0.1364	0.1540	0.6482	0.5628	0.4287	0.2666	0.1824	0.1513	0.1185	0.1319	0.4971	0.3586	0.2486	0.2127	0.1490	0.1349	0.1147	0.1245	0.3492	0.2358	0.1793	0.1584	0.1397	0.1340	0.1206	0.1213	0.2644	0.1788	0.1461	0.1426	0.1280	0.1184	0.1162	0.1202	0.1980	0.1459	0.1272	0.1265	0.1180	0.1119	0.1078	0.1151	0.1644	0.1364	0.1211	0.1168	0.1144	0.1120	0.1058	0.1127	
0.7626	0.8114	0.6802	0.5910	0.3573	0.3007	0.2313	0.2710	0.7178	0.6986	0.5676	0.4200	0.2568	0.1874	0.1399	0.1581	0.6696	0.5817	0.4492	0.2747	0.1878	0.1537	0.1208	0.1325	0.5141	0.3706	0.2600	0.2177	0.1544	0.1380	0.1165	0.1244	0.3655	0.2472	0.1853	0.1627	0.1446	0.1348	0.1152	0.1222	0.2802	0.1842	0.1518	0.1464	0.1304	0.1208	0.1168	0.1230	0.2057	0.1491	0.1302	0.1287	0.1185	0.1124	0.1088	0.1161	0.1710	0.1402	0.1234	0.1192	0.1163	0.1131	0.1066	0.1130	
0.7640	0.8129	0.7021	0.6200	0.3629	0.3123	0.2373	0.2742	0.7195	0.7143	0.5919	0.4423	0.2590	0.1912	0.1431	0.1603	0.6831	0.6040	0.4670	0.2874	0.1943	0.1583	0.1230	0.1337	0.5322	0.3898	0.2700	0.2285	0.1561	0.1404	0.1170	0.1283	0.3800	0.2583	0.1912	0.1669	0.1464	0.1383	0.1161	0.1236	0.2886	0.1905	0.1544	0.1489	0.1333	0.1216	0.1184	0.1215	0.2142	0.1541	0.1319	0.1306	0.1205	0.1139	0.1098	0.1172	0.1773	0.1435	0.1247	0.1207	0.1176	0.1152	0.1087	0.1149	
0.7655	0.8189	0.7248	0.6503	0.3794	0.3211	0.2440	0.2871	0.7203	0.7309	0.6151	0.4593	0.2773	0.1958	0.1462	0.1647	0.6927	0.6191	0.4880	0.2983	0.2005	0.1609	0.1233	0.1377	0.5481	0.4079	0.2820	0.2346	0.1616	0.1426	0.1202	0.1275	0.3985	0.2648	0.1969	0.1709	0.1488	0.1391	0.1177	0.1263	0.3024	0.1964	0.1590	0.1504	0.1363	0.1242	0.1191	0.1231	0.2224	0.1569	0.1346	0.1328	0.1211	0.1152	0.1109	0.1173	0.1829	0.1480	0.1271	0.1207	0.1191	0.1157	0.1087	0.1158	
0.7716	0.8221	0.7465	0.6767	0.3983	0.3346	0.2469	0.2988	0.7260	0.7518	0.6341	0.4824	0.2868	0.2006	0.1477	0.1688	0.6966	0.6410	0.5052	0.3086	0.2078	0.1637	0.1266	0.1368	0.5692	0.4267	0.2947	0.2441	0.1616	0.1452	0.1200	0.1301	0.4141	0.2777	0.2021	0.1739	0.1526	0.1393	0.1173	0.1247	0.3185	0.2027	0.1608	0.1559	0.1359	0.1225	0.1199	0.1258	0.2314	0.1607	0.1371	0.1354	0.1237	0.1152	0.1085	0.1172	0.1882	0.1555	0.1282	0.1222	0.1187	0.1165	0.1089	0.1145	
0.7700	0.8253	0.7614	0.6953	0.4194	0.3484	0.2536	0.3079	0.7254	0.7571	0.6473	0.5020	0.2989	0.2081	0.1516	0.1713	0.6967	0.6500	0.5326	0.3212	0.2126	0.1703	0.1276	0.1425	0.5812	0.4378	0.3012	0.2547	0.1678	0.1476	0.1209	0.1321	0.4283	0.2870	0.2068	0.1800	0.1560	0.1431	0.1193	0.1286	0.3313	0.2088	0.1651	0.1582	0.1394	0.1266	0.1210	0.1270	0.2407	0.1633	0.1389	0.1360	0.1255	0.1169	0.1109	0.1205	0.1948	0.1586	0.1315	0.1252	0.1218	0.1175	0.1099	0.1173	
0.7676	0.8216	0.7842	0.7169	0.4297	0.3645	0.2657	0.3198	0.7247	0.7581	0.6659	0.5174	0.3138	0.2169	0.1546	0.1771	0.6969	0.6667	0.5493	0.3361	0.2191	0.1726	0.1295	0.1430	0.5935	0.4518	0.3202	0.2611	0.1719	0.1485	0.1236	0.1336	0.4412	0.2945	0.2128	0.1838	0.1585	0.1444	0.1199	0.1287	0.3467	0.2171	0.1693	0.1623	0.1421	0.1284	0.1230	0.1288	0.2477	0.1687	0.1423	0.1391	0.1273	0.1194	0.1131	0.1209	0.2008	0.1628	0.1327	0.1264	0.1228	0.1182	0.1102	0.1182	
0.7784	0.8253	0.8015	0.7490	0.4532	0.3832	0.2806	0.3260	0.7290	0.7659	0.6855	0.5449	0.3247	0.2212	0.1572	0.1807	0.6999	0.6895	0.5737	0.3480	0.2300	0.1784	0.1309	0.1465	0.6072	0.4732	0.3307	0.2748	0.1740	0.1545	0.1248	0.1363	0.4572	0.3107	0.2223	0.1898	0.1612	0.1464	0.1249	0.1298	0.3605	0.2238	0.1755	0.1657	0.1454	0.1299	0.1233	0.1294	0.2588	0.1737	0.1446	0.1423	0.1295	0.1191	0.1139	0.1212	0.2107	0.1699	0.1354	0.1283	0.1236	0.1201	0.1118	0.1182	
0.7765	0.8311	0.8193	0.7637	0.4709	0.3931	0.2885	0.3334	0.7276	0.7619	0.7016	0.5599	0.3364	0.2291	0.1576	0.1857	0.6986	0.7011	0.5857	0.3571	0.2313	0.1805	0.1316	0.1485	0.6210	0.4873	0.3436	0.2820	0.1769	0.1552	0.1244	0.1358	0.4710	0.3202	0.2299	0.1953	0.1641	0.1504	0.1237	0.1331	0.3734	0.2305	0.1790	0.1687	0.1464	0.1303	0.1252	0.1307	0.2671	0.1775	0.1450	0.1430	0.1297	0.1193	0.1147	0.1241	0.2139	0.1776	0.1358	0.1290	0.1244	0.1212	0.1132	0.1192	
0.7802	0.8295	0.8224	0.7886	0.5026	0.4175	0.3023	0.3449	0.7320	0.7715	0.7245	0.5899	0.3524	0.2377	0.1651	0.1893	0.7045	0.7209	0.6014	0.3783	0.2423	0.1883	0.1348	0.1523	0.6354	0.5093	0.3598	0.2958	0.1840	0.1594	0.1282	0.1376	0.4835	0.3315	0.2390	0.2020	0.1709	0.1530	0.1300	0.1331	0.3887	0.2400	0.1864	0.1758	0.1518	0.1337	0.1273	0.1325	0.2788	0.1826	0.1498	0.1476	0.1332	0.1206	0.1161	0.1246	0.2235	0.1846	0.1397	0.1311	0.1269	0.1224	0.1137	0.1222	
0.7842	0.8319	0.8296	0.8077	0.5145	0.4288	0.3061	0.3568	0.7336	0.7686	0.7379	0.6117	0.3632	0.2421	0.1675	0.1942	0.7037	0.7322	0.6203	0.3925	0.2501	0.1951	0.1372	0.1541	0.6466	0.5253	0.3725	0.3040	0.1867	0.1596	0.1290	0.1398	0.5007	0.3426	0.2463	0.2052	0.1723	0.1555	0.1280	0.1356	0.3987	0.2463	0.1887	0.1765	0.1541	0.1348	0.1266	0.1367	0.2896	0.1883	0.1533	0.1503	0.1358	0.1237	0.1179	0.1264	0.2322	0.2001	0.1420	0.1349	0.1290	0.1245	0.1141	0.1218	
0.7821	0.8353	0.8348	0.8261	0.5325	0.4522	0.3153	0.3644	0.7333	0.7650	0.7443	0.6220	0.3766	0.2518	0.1713	0.1992	0.7018	0.7415	0.6257	0.4053	0.2631	0.1977	0.1381	0.1563	0.6560	0.5352	0.3872	0.3140	0.1940	0.1637	0.1290	0.1417	0.5132	0.3541	0.2519	0.2129	0.1771	0.1582	0.1353	0.1357	0.4152	0.2520	0.1926	0.1824	0.1542	0.1379	0.1289	0.1380	0.3005	0.1924	0.1571	0.1524	0.1347	0.1234	0.1165	0.1262	0.2404	0.2038	0.1442	0.1358	0.1306	0.1249	0.1134	0.1237	
0.7873	0.8386	0.8289	0.8513	0.5538	0.4626	0.3268	0.3812	0.7372	0.7683	0.7642	0.6413	0.3997	0.2626	0.1775	0.2070	0.7066	0.7533	0.6430	0.4258	0.2680	0.2036	0.1412	0.1607	0.6700	0.5552	0.4010	0.3254	0.1982	0.1700	0.1306	0.1443	0.5317	0.3651	0.2596	0.2180	0.1813	0.1585	0.1294	0.1377	0.4344	0.2650	0.1996	0.1881	0.1581	0.1385	0.1318	0.1371	0.3132	0.2003	0.1590	0.1557	0.1401	0.1271	0.1195	0.1290	0.2507	0.2177	0.1472	0.1376	0.1330	0.1271	0.1165	0.1250	
0.7911	0.8403	0.8310	0.9043	0.5760	0.4885	0.3387	0.3917	0.7429	0.7746	0.7716	0.6582	0.4091	0.2736	0.1802	0.2096	0.7084	0.7597	0.6482	0.4365	0.2792	0.2066	0.1435	0.1628	0.6722	0.5689	0.4152	0.3358	0.2029	0.1699	0.1319	0.1472	0.5429	0.3753	0.2703	0.2237	0.1871	0.1644	0.1315	0.1412	0.4480	0.2717	0.2038	0.1914	0.1632	0.1413	0.1330	0.1391	0.3209	0.2047	0.1629	0.1571	0.1421	0.1283	0.1214	0.1316	0.2585	0.2340	0.1496	0.1389	0.1347	0.1281	0.1172	0.1256	
0.7876	0.8442	0.8308	0.9124	0.5932	0.5052	0.3436	0.4090	0.7374	0.7685	0.7662	0.6702	0.4283	0.2747	0.1861	0.2144	0.7029	0.7563	0.6552	0.4533	0.2868	0.2137	0.1460	0.1651	0.6681	0.5801	0.4275	0.3438	0.2101	0.1715	0.1326	0.1470	0.5501	0.3893	0.2768	0.2296	0.1875	0.1647	0.1392	0.1413	0.4563	0.2819	0.2065	0.1951	0.1657	0.1441	0.1349	0.1415	0.3319	0.2094	0.1654	0.1596	0.1440	0.1293	0.1216	0.1321	0.2647	0.2461	0.1507	0.1400	0.1367	0.1295	0.1183	0.1271	
0.7953	0.8459	0.8375	0.8703	0.6119	0.5185	0.3363	0.4345	0.7379	0.7717	0.7738	0.6836	0.4433	0.2819	0.1894	0.2219	0.7056	0.7549	0.6699	0.4692	0.2943	0.2154	0.1478	0.1688	0.6728	0.5905	0.4380	0.3605	0.2125	0.1764	0.1360	0.1531	0.5690	0.4031	0.2880	0.2382	0.1934	0.1661	0.1324	0.1434	0.4726	0.2923	0.2178	0.2012	0.1682	0.1450	0.1345	0.1445	0.3437	0.2163	0.1697	0.1635	0.1475	0.1312	0.1240	0.1336	0.2757	0.2538	0.1546	0.1435	0.1381	0.1311	0.1190	0.1281	
0.7958	0.8522	0.8365	0.9177	0.6316	0.5175	0.3673	0.4513	0.7393	0.7722	0.7741	0.7014	0.4597	0.2804	0.1931	0.2270	0.7056	0.7581	0.6920	0.4898	0.3048	0.2233	0.1501	0.1709	0.6755	0.6079	0.4538	0.3732	0.2186	0.1819	0.1348	0.1521	0.5784	0.4152	0.2937	0.2431	0.1968	0.1692	0.1348	0.1447	0.4865	0.3022	0.2226	0.2047	0.1738	0.1467	0.1382	0.1438	0.3557	0.2222	0.1741	0.1684	0.1467	0.1303	0.1228	0.1356	0.2845	0.2683	0.1569	0.1459	0.1400	0.1327	0.1194	0.1306	
0.8059	0.8535	0.8369	0.8888	0.6613	0.5177	0.3736	0.4554	0.7465	0.7768	0.7799	0.7197	0.4776	0.2945	0.1969	0.2338	0.7128	0.7627	0.7068	0.5084	0.3196	0.2302	0.1534	0.1772	0.6801	0.6204	0.4729	0.3867	0.2234	0.1874	0.1383	0.1539	0.5932	0.4288	0.3047	0.2509	0.2028	0.1726	0.1377	0.1464	0.5056	0.3129	0.2313	0.2122	0.1743	0.1495	0.1377	0.1466	0.3709	0.2307	0.1782	0.1717	0.1528	0.1333	0.1254	0.1390	0.2978	0.2876	0.1608	0.1497	0.1423	0.1334	0.1222	0.1295	
0.8044	0.8596	0.8406	0.9230	0.6801	0.5503	0.3967	0.4679	0.7431	0.7738	0.7720	0.7256	0.4933	0.2983	0.2034	0.2427	0.7083	0.7635	0.7113	0.5194	0.3282	0.2359	0.1549	0.1813	0.6766	0.6324	0.4804	0.3954	0.2326	0.1881	0.1387	0.1562	0.6039	0.4411	0.3149	0.2593	0.2050	0.1736	0.1451	0.1494	0.5140	0.3245	0.2357	0.2152	0.1780	0.1509	0.1399	0.1470	0.3803	0.2370	0.1830	0.1735	0.1525	0.1348	0.1260	0.1388	0.3033	0.3082	0.1635	0.1512	0.1444	0.1352	0.1236	0.1331	
0.8073	0.8597	0.8396	0.8813	0.6922	0.5715	0.4074	0.4847	0.7472	0.7721	0.7715	0.7371	0.5151	0.3278	0.2090	0.2500	0.7100	0.7584	0.7213	0.5401	0.3409	0.2447	0.1569	0.1811	0.6744	0.6413	0.4954	0.4136	0.2380	0.1922	0.1400	0.1571	0.6128	0.4504	0.3247	0.2652	0.2122	0.1778	0.1395	0.1498	0.5278	0.3366	0.2404	0.2204	0.1826	0.1525	0.1409	0.1492	0.3871	0.2412	0.1852	0.1792	0.1551	0.1349	0.1261	0.1393	0.3153	0.3306	0.1681	0.1530	0.1469	0.1369	0.1230	0.1334	
