0.0880	0.0882	0.0890	0.0897	0.0916	0.0913	0.0924	0.0965	0.0892	0.0890	0.0902	0.0874	0.0920	0.0931	0.0925	0.0916	0.0879	0.0874	0.0880	0.0887	0.0891	0.0910	0.0912	0.0905	0.0894	0.0883	0.0891	0.0866	0.0912	0.0909	0.0912	0.0911	0.0865	0.0878	0.0890	0.0895	0.0908	0.0902	0.0907	0.0908	0.0896	0.0917	0.0916	0.0874	0.1059	0.0956	0.0949	0.0942	0.1152	0.0883	0.0879	0.0914	0.0895	0.0920	0.0907	0.0913	0.1245	0.0963	0.1040	0.0997	0.0975	0.0950	0.0974	0.1254	
0.0873	0.0871	0.0880	0.0887	0.0895	0.0887	0.0903	0.0900	0.0908	0.0888	0.0895	0.0872	0.0898	0.0910	0.0918	0.0906	0.0870	0.0862	0.0879	0.0884	0.0885	0.0905	0.0916	0.0904	0.0877	0.0897	0.0890	0.0872	0.0911	0.0895	0.0900	0.0890	0.0869	0.0880	0.0885	0.0882	0.0892	0.0899	0.0889	0.0900	0.0885	0.0893	0.0904	0.0871	0.0900	0.0898	0.0915	0.0911	0.0875	0.0884	0.0892	0.0901	0.0890	0.0891	0.0902	0.0897	0.0890	0.0893	0.0886	0.0866	0.0898	0.0906	0.0912	0.0910	
0.0881	0.0887	0.0886	0.0900	0.0897	0.0888	0.0908	0.0902	0.0882	0.0893	0.0896	0.0901	0.0894	0.0908	0.0906	0.0901	0.0882	0.0879	0.0886	0.0885	0.0886	0.0904	0.0914	0.0901	0.0882	0.0890	0.0895	0.0875	0.0909	0.0900	0.0901	0.0902	0.0877	0.0886	0.0888	0.0897	0.0890	0.0897	0.0899	0.0897	0.0887	0.0905	0.0901	0.0883	0.0902	0.0906	0.0896	0.0901	0.0890	0.0909	0.0902	0.0903	0.0901	0.0905	0.0905	0.0904	0.0905	0.0905	0.0901	0.0881	0.0897	0.0907	0.0903	0.0902	
0.0877	0.0876	0.0876	0.0896	0.0886	0.0880	0.0895	0.0908	0.0868	0.0876	0.0889	0.0872	0.0881	0.0891	0.0900	0.0888	0.0867	0.0861	0.0872	0.0880	0.0878	0.0888	0.0896	0.0890	0.0874	0.0880	0.0883	0.0873	0.0973	0.0884	0.0890	0.0889	0.0876	0.0881	0.0887	0.0891	0.0885	0.0891	0.0893	0.0894	0.0877	0.0895	0.0895	0.0883	0.0896	0.0895	0.0895	0.0886	0.0885	0.0884	0.0884	0.0897	0.0890	0.0894	0.0893	0.0892	0.0896	0.0889	0.0891	0.0877	0.0893	0.0898	0.0915	0.0907	
0.0877	0.0872	0.0880	0.0882	0.0893	0.0881	0.0903	0.0921	0.0874	0.0900	0.0889	0.0877	0.0896	0.0901	0.0907	0.0895	0.0871	0.0868	0.0874	0.0879	0.0880	0.0898	0.0904	0.0907	0.0878	0.0884	0.0883	0.0872	0.0907	0.0909	0.0904	0.0896	0.0904	0.0880	0.0897	0.0898	0.0883	0.0901	0.0903	0.0903	0.0883	0.0899	0.0900	0.0879	0.0905	0.0908	0.0897	0.0917	0.0903	0.0895	0.0892	0.0894	0.0897	0.0907	0.0902	0.0897	0.0897	0.0890	0.0900	0.0878	0.0902	0.0907	0.0914	0.0907	
0.0880	0.0878	0.0883	0.0890	0.0891	0.0879	0.0901	0.0897	0.0879	0.0903	0.0889	0.0884	0.0893	0.0906	0.0911	0.0900	0.0882	0.0869	0.0878	0.0876	0.0886	0.0897	0.0897	0.0900	0.0883	0.0886	0.0886	0.0874	0.0907	0.0899	0.0898	0.0895	0.0868	0.0884	0.0883	0.0893	0.0884	0.0905	0.0911	0.0925	0.0886	0.0897	0.0902	0.0884	0.0895	0.0916	0.0894	0.0907	0.0889	0.0890	0.0882	0.0898	0.0891	0.0905	0.0895	0.0896	0.0887	0.0899	0.0908	0.0880	0.0894	0.0912	0.0899	0.0906	
0.0871	0.0864	0.0877	0.0883	0.0891	0.0887	0.0893	0.0920	0.0866	0.0904	0.0881	0.0871	0.0890	0.0896	0.0903	0.0898	0.0873	0.0862	0.0875	0.0870	0.0883	0.0890	0.0901	0.0908	0.0866	0.0879	0.0879	0.0865	0.0909	0.0893	0.0896	0.0896	0.0878	0.0876	0.0880	0.0891	0.0888	0.0895	0.0897	0.0904	0.0871	0.0884	0.0897	0.0871	0.0902	0.0905	0.0903	0.0903	0.0880	0.0886	0.0883	0.0898	0.0890	0.0898	0.0907	0.0896	0.0889	0.0887	0.0904	0.0882	0.0902	0.0913	0.0920	0.0917	
0.0876	0.0871	0.0880	0.0883	0.0893	0.0886	0.0902	0.0911	0.0873	0.0900	0.0885	0.0892	0.0891	0.0903	0.0912	0.0902	0.0867	0.0873	0.0885	0.0877	0.0884	0.0901	0.0906	0.0901	0.0885	0.0884	0.0886	0.0871	0.0929	0.0901	0.0902	0.0908	0.0896	0.0886	0.0884	0.0889	0.0898	0.0908	0.0910	0.0910	0.0884	0.0890	0.0899	0.0884	0.0910	0.0913	0.0908	0.0901	0.0884	0.0882	0.0891	0.0890	0.0896	0.0906	0.0909	0.0897	0.0884	0.0889	0.0898	0.0878	0.0901	0.0915	0.0919	0.0912	
0.0880	0.0875	0.0886	0.0886	0.0899	0.0892	0.0913	0.0920	0.0876	0.0898	0.0888	0.0877	0.0904	0.0911	0.0914	0.0906	0.0894	0.0881	0.0909	0.0882	0.0903	0.0905	0.0918	0.0906	0.0880	0.0888	0.0880	0.0891	0.0918	0.0911	0.0903	0.0901	0.0874	0.0890	0.0887	0.0899	0.0900	0.0903	0.0909	0.0908	0.0890	0.0908	0.0896	0.0881	0.0910	0.0911	0.0898	0.0910	0.0883	0.0894	0.0880	0.0899	0.0899	0.0917	0.0916	0.0910	0.0903	0.0895	0.0892	0.0876	0.0912	0.0925	0.0926	0.0916	
0.0881	0.0873	0.0885	0.0885	0.0900	0.0888	0.0905	0.0923	0.0870	0.0906	0.0884	0.0875	0.0893	0.0905	0.0917	0.0907	0.0873	0.0875	0.0881	0.0879	0.0901	0.0900	0.0912	0.0901	0.0883	0.0884	0.0886	0.0876	0.0938	0.0910	0.0903	0.0911	0.0881	0.0887	0.0895	0.0899	0.0903	0.0903	0.0907	0.0914	0.0886	0.0895	0.0902	0.0884	0.0908	0.0914	0.0907	0.0917	0.0886	0.0886	0.0886	0.0902	0.0904	0.0914	0.0920	0.0908	0.0892	0.0903	0.0899	0.0887	0.0909	0.0910	0.0910	0.0923	
0.0883	0.0875	0.0891	0.0892	0.0902	0.0883	0.0909	0.0920	0.0875	0.0906	0.0894	0.0880	0.0897	0.0903	0.0909	0.0903	0.0878	0.0875	0.0880	0.0886	0.0894	0.0899	0.0911	0.0909	0.0881	0.0885	0.0886	0.0881	0.0911	0.0901	0.0913	0.0904	0.0874	0.0887	0.0883	0.0894	0.0890	0.0902	0.0900	0.0899	0.0882	0.0905	0.0898	0.0884	0.0909	0.0915	0.0911	0.0903	0.0897	0.0888	0.0892	0.0902	0.0898	0.0912	0.0911	0.0908	0.0895	0.0891	0.0900	0.0881	0.0915	0.0918	0.0927	0.0909	
0.0882	0.0877	0.0888	0.0890	0.0900	0.0892	0.0905	0.0925	0.0876	0.0910	0.0896	0.0878	0.0905	0.0903	0.0912	0.0906	0.0881	0.0875	0.0887	0.0881	0.0903	0.0896	0.0903	0.0906	0.0878	0.0898	0.0891	0.0889	0.0910	0.0901	0.0904	0.0895	0.0877	0.0888	0.0896	0.0894	0.0891	0.0901	0.0903	0.0902	0.0880	0.0905	0.0906	0.0887	0.0906	0.0901	0.0910	0.0911	0.0904	0.0892	0.0892	0.0903	0.0896	0.0903	0.0907	0.0906	0.0899	0.0907	0.0905	0.0885	0.0902	0.0913	0.0919	0.0912	
0.0881	0.0881	0.0891	0.0894	0.0902	0.0887	0.0901	0.0916	0.0875	0.0908	0.0896	0.0874	0.0896	0.0903	0.0914	0.0908	0.0882	0.0873	0.0882	0.0889	0.0897	0.0897	0.0903	0.0903	0.0886	0.0890	0.0894	0.0879	0.0944	0.0907	0.0902	0.0900	0.0885	0.0887	0.0887	0.0894	0.0906	0.0904	0.0908	0.0903	0.0883	0.0896	0.0891	0.0888	0.0900	0.0910	0.0913	0.0907	0.0901	0.0891	0.0884	0.0904	0.0897	0.0909	0.0920	0.0910	0.0898	0.0901	0.0896	0.0888	0.0909	0.0904	0.0916	0.0897	
0.0878	0.0881	0.0887	0.0896	0.0901	0.0897	0.0905	0.0912	0.0884	0.0909	0.0893	0.0880	0.0898	0.0904	0.0906	0.0917	0.0875	0.0874	0.0890	0.0890	0.0918	0.0908	0.0920	0.0913	0.0887	0.0896	0.0891	0.0882	0.0907	0.0907	0.0914	0.0903	0.0884	0.0893	0.0896	0.0895	0.0901	0.0916	0.0911	0.0921	0.0886	0.0899	0.0905	0.0889	0.0915	0.0920	0.0908	0.0918	0.0885	0.0891	0.0892	0.0905	0.0904	0.0908	0.0916	0.0912	0.0896	0.0893	0.0902	0.0884	0.0911	0.0923	0.0932	0.0916	
0.0889	0.0876	0.0890	0.0894	0.0956	0.0888	0.0897	0.0909	0.0875	0.0908	0.0889	0.0876	0.0916	0.0901	0.0905	0.0909	0.0876	0.0881	0.0886	0.0886	0.0895	0.0897	0.0892	0.0898	0.0878	0.0890	0.0898	0.0883	0.0919	0.0909	0.0915	0.0903	0.0897	0.0883	0.0887	0.0900	0.0893	0.0894	0.0917	0.0902	0.0881	0.0903	0.0902	0.0885	0.0917	0.0909	0.0900	0.0909	0.0896	0.0890	0.0884	0.0899	0.0889	0.0913	0.0910	0.0905	0.0893	0.0900	0.0899	0.0888	0.0906	0.0903	0.0917	0.0905	
0.0885	0.0880	0.0887	0.0896	0.0897	0.0883	0.0912	0.0916	0.0880	0.0911	0.0892	0.0883	0.0893	0.0899	0.0912	0.0902	0.0880	0.0888	0.0881	0.0880	0.0892	0.0895	0.0908	0.0902	0.0879	0.0891	0.0888	0.0879	0.0913	0.0902	0.0906	0.0911	0.0968	0.0900	0.0903	0.0893	0.0904	0.0896	0.0910	0.0899	0.0892	0.0912	0.0910	0.0887	0.0908	0.0901	0.0901	0.0906	0.0903	0.0885	0.0912	0.0905	0.0888	0.0916	0.0907	0.0903	0.0893	0.0894	0.0903	0.0901	0.0910	0.0903	0.0909	0.0912	
0.0888	0.0881	0.0891	0.0898	0.0896	0.0874	0.0903	0.0925	0.0878	0.0926	0.0893	0.0879	0.0899	0.0900	0.0906	0.0898	0.0889	0.0893	0.0887	0.0889	0.0899	0.0896	0.0914	0.0904	0.0898	0.0890	0.0896	0.0883	0.1101	0.0897	0.0908	0.0898	0.0879	0.0891	0.0896	0.0892	0.0887	0.0905	0.0903	0.0905	0.0889	0.0917	0.0906	0.0884	0.0895	0.0905	0.0899	0.0894	0.0891	0.0888	0.0885	0.0911	0.0893	0.0912	0.0898	0.0903	0.0896	0.0907	0.0902	0.0894	0.0907	0.0914	0.0915	0.0911	
0.0889	0.0884	0.0894	0.0902	0.0903	0.0891	0.0898	0.0900	0.0882	0.0889	0.0897	0.0887	0.0895	0.0911	0.0908	0.0908	0.0882	0.0886	0.0887	0.0886	0.0902	0.0896	0.0907	0.0908	0.0886	0.0895	0.0897	0.0886	0.1071	0.0892	0.0911	0.0906	0.0890	0.0891	0.0896	0.0902	0.0891	0.0903	0.0917	0.0904	0.0887	0.0902	0.0906	0.0893	0.0906	0.0917	0.0912	0.0902	0.0892	0.0887	0.0890	0.0909	0.0906	0.0911	0.0903	0.0916	0.0903	0.0900	0.0911	0.0895	0.0909	0.0916	0.0912	0.0909	
0.0884	0.0880	0.0887	0.0893	0.0918	0.0889	0.0907	0.0910	0.0879	0.0907	0.0898	0.0880	0.0891	0.0917	0.0915	0.0913	0.0884	0.0877	0.0895	0.0887	0.0899	0.0910	0.0919	0.0915	0.0895	0.0890	0.0893	0.0886	0.0930	0.0901	0.0906	0.0899	0.0886	0.0894	0.0902	0.0902	0.0891	0.0899	0.0895	0.0909	0.0887	0.0902	0.0910	0.0887	0.0909	0.0917	0.0907	0.0908	0.0899	0.0896	0.0891	0.0916	0.0904	0.0907	0.0914	0.0902	0.0903	0.0909	0.0908	0.0889	0.0915	0.0916	0.0924	0.0905	
0.0898	0.0894	0.0895	0.0899	0.0901	0.0898	0.0897	0.0899	0.0890	0.0913	0.0904	0.0895	0.0898	0.0902	0.0913	0.0905	0.0886	0.0886	0.0895	0.0896	0.0901	0.0896	0.0916	0.0894	0.0887	0.0903	0.0893	0.0892	0.0910	0.0906	0.0909	0.0903	0.0897	0.0899	0.0903	0.0905	0.0897	0.0903	0.0886	0.0911	0.0896	0.0910	0.0911	0.0899	0.0906	0.0920	0.0910	0.0907	0.0902	0.0899	0.0900	0.0908	0.0897	0.0902	0.0914	0.0914	0.0901	0.0915	0.0910	0.0897	0.0903	0.0916	0.0922	0.0912	
0.0885	0.0886	0.0894	0.0899	0.0899	0.0895	0.0906	0.0903	0.0886	0.0914	0.0893	0.0881	0.0894	0.0911	0.0909	0.0906	0.0889	0.0884	0.0891	0.0889	0.0907	0.0909	0.0907	0.0902	0.0888	0.0897	0.0899	0.0886	0.0915	0.0911	0.0911	0.0905	0.0883	0.0894	0.0895	0.0900	0.0884	0.0906	0.0906	0.0906	0.0885	0.0898	0.0902	0.0890	0.0908	0.0907	0.0912	0.0911	0.0891	0.0890	0.0889	0.0898	0.0897	0.0906	0.0918	0.0915	0.0898	0.0905	0.0903	0.0894	0.0910	0.0904	0.0907	0.0908	
0.0891	0.0890	0.0897	0.0901	0.0900	0.0895	0.0914	0.0898	0.0886	0.0914	0.0899	0.0889	0.0908	0.0915	0.0913	0.0918	0.0886	0.0886	0.0890	0.0895	0.0903	0.0911	0.0920	0.0911	0.0895	0.0899	0.0900	0.0890	0.0973	0.0917	0.0906	0.0905	0.0891	0.0896	0.0896	0.0903	0.0908	0.0911	0.0916	0.0905	0.0886	0.0907	0.0906	0.0894	0.0909	0.0921	0.0917	0.0926	0.0895	0.0893	0.0897	0.0907	0.0903	0.0911	0.0915	0.0922	0.0901	0.0901	0.0904	0.0891	0.0923	0.0926	0.0928	0.0916	
0.0892	0.0889	0.0895	0.0901	0.0908	0.0898	0.0910	0.0906	0.0886	0.0915	0.0901	0.0883	0.0903	0.0907	0.0911	0.0910	0.0887	0.0886	0.0892	0.0889	0.0906	0.0912	0.0916	0.0919	0.0893	0.0896	0.0903	0.0886	0.0932	0.0920	0.0912	0.0915	0.0907	0.0895	0.0896	0.0901	0.0901	0.0915	0.0910	0.0915	0.0885	0.0902	0.0902	0.0886	0.0913	0.0911	0.0912	0.0916	0.0892	0.0886	0.0886	0.0903	0.0909	0.0904	0.0923	0.0908	0.0897	0.0904	0.0906	0.0884	0.0912	0.0919	0.0921	0.0924	
0.0900	0.0898	0.0900	0.0905	0.0910	0.0900	0.0911	0.0905	0.0895	0.0920	0.0908	0.0894	0.0898	0.0909	0.0915	0.0922	0.0892	0.0892	0.0898	0.0904	0.0904	0.0905	0.0916	0.0914	0.0903	0.0907	0.0906	0.0895	0.0926	0.0921	0.0920	0.0911	0.0906	0.0900	0.0900	0.0904	0.0903	0.0911	0.0912	0.0912	0.0890	0.0909	0.0907	0.0894	0.0920	0.0921	0.0911	0.0913	0.0898	0.0897	0.0895	0.0903	0.0913	0.0916	0.0919	0.0913	0.0902	0.0909	0.0914	0.0894	0.0906	0.0916	0.0921	0.0914	
0.0898	0.0896	0.0905	0.0906	0.0906	0.0893	0.0918	0.0903	0.0895	0.0922	0.0908	0.0893	0.0904	0.0911	0.0907	0.0906	0.0897	0.0891	0.0902	0.0901	0.0913	0.0905	0.0928	0.0919	0.0900	0.0902	0.0909	0.0898	0.0932	0.0912	0.0908	0.0906	0.0907	0.0903	0.0895	0.0904	0.0905	0.0913	0.0912	0.0911	0.0888	0.0908	0.0910	0.0901	0.0917	0.0911	0.0921	0.0920	0.0902	0.0893	0.0896	0.0906	0.0913	0.0910	0.0915	0.0918	0.0903	0.0909	0.0909	0.0895	0.0913	0.0926	0.0926	0.0918	
0.0902	0.0901	0.0904	0.0906	0.0904	0.0891	0.0912	0.0909	0.0899	0.0927	0.0911	0.0896	0.0910	0.0908	0.0915	0.0906	0.0896	0.0897	0.0901	0.0905	0.0906	0.0913	0.0928	0.0925	0.0901	0.0904	0.0910	0.0899	0.0926	0.0916	0.0925	0.0912	0.0907	0.0903	0.0902	0.0910	0.0900	0.0907	0.0908	0.0912	0.0890	0.0909	0.0907	0.0894	0.0912	0.0914	0.0920	0.0913	0.0901	0.0894	0.0903	0.0921	0.0901	0.0902	0.0911	0.0915	0.0902	0.0911	0.0905	0.0890	0.0909	0.0924	0.0920	0.0918	
0.0904	0.0900	0.0906	0.0904	0.0902	0.0880	0.0895	0.0891	0.0901	0.0926	0.0910	0.0893	0.0895	0.0897	0.0898	0.0896	0.0900	0.0895	0.0902	0.0901	0.0892	0.0898	0.0904	0.0895	0.0903	0.0906	0.0906	0.0899	0.0911	0.0908	0.0904	0.0904	0.0891	0.0899	0.0902	0.0910	0.0893	0.0898	0.0906	0.0901	0.0894	0.0903	0.0907	0.0894	0.0906	0.0899	0.0895	0.0897	0.0899	0.0888	0.0894	0.0908	0.0888	0.0902	0.0903	0.0904	0.0895	0.0903	0.0910	0.0897	0.0898	0.0902	0.0910	0.0912	
0.0909	0.0909	0.0907	0.0913	0.0908	0.0895	0.0906	0.0917	0.0906	0.0915	0.0921	0.0902	0.0912	0.0913	0.0919	0.0913	0.0905	0.0904	0.0905	0.0914	0.0914	0.0908	0.0929	0.0915	0.0908	0.0915	0.0914	0.0908	0.0925	0.0921	0.0928	0.0920	0.0919	0.0906	0.0911	0.0913	0.0904	0.0911	0.0922	0.0923	0.0897	0.0911	0.0917	0.0906	0.0908	0.0914	0.0920	0.0923	0.0901	0.0897	0.0904	0.0908	0.0905	0.0909	0.0931	0.0916	0.0906	0.0908	0.0912	0.0899	0.0912	0.0921	0.0925	0.0918	
0.0914	0.0915	0.0915	0.0912	0.0904	0.0894	0.0909	0.0902	0.0910	0.0937	0.0922	0.0902	0.0905	0.0909	0.0916	0.0910	0.0907	0.0909	0.0911	0.0912	0.0915	0.0923	0.0924	0.0906	0.0908	0.0911	0.0915	0.0907	0.0931	0.0917	0.0923	0.0915	0.0905	0.0907	0.0905	0.0914	0.0905	0.0917	0.0914	0.0916	0.0894	0.0913	0.0912	0.0896	0.0922	0.0906	0.0905	0.0907	0.0897	0.0898	0.0900	0.0908	0.0902	0.0903	0.0924	0.0920	0.0908	0.0907	0.0907	0.0894	0.0918	0.0911	0.0910	0.0917	
0.0916	0.0914	0.0916	0.0912	0.0912	0.0893	0.0916	0.0906	0.0912	0.0920	0.0925	0.0904	0.0937	0.0908	0.0913	0.0916	0.0912	0.0912	0.0918	0.0915	0.0921	0.0922	0.0932	0.0912	0.0912	0.0919	0.0920	0.0914	0.0937	0.0930	0.0927	0.0922	0.0907	0.0909	0.0914	0.0914	0.0914	0.0916	0.0919	0.0923	0.0897	0.0916	0.0918	0.0905	0.0921	0.0919	0.0916	0.0923	0.0906	0.0894	0.0899	0.0914	0.0919	0.0920	0.0925	0.0918	0.0903	0.0912	0.0912	0.0909	0.0914	0.0923	0.0930	0.0922	
0.0922	0.0918	0.0919	0.0916	0.0907	0.0885	0.0910	0.0907	0.0922	0.0952	0.0928	0.0909	0.0905	0.0912	0.0911	0.0903	0.0917	0.0916	0.0921	0.0926	0.0917	0.0913	0.0923	0.0916	0.0917	0.0927	0.0925	0.0914	0.0935	0.0936	0.0920	0.0926	0.0910	0.0912	0.0911	0.0923	0.0901	0.0920	0.0917	0.0926	0.0898	0.0910	0.0913	0.0907	0.0923	0.0935	0.0909	0.0915	0.0903	0.0899	0.0901	0.0912	0.0906	0.0912	0.0920	0.0917	0.0911	0.0919	0.0910	0.0897	0.0909	0.0917	0.0929	0.0924	
0.0922	0.0919	0.0920	0.0914	0.0919	0.0896	0.0912	0.0905	0.0922	0.0951	0.0929	0.0908	0.0910	0.0915	0.0922	0.0911	0.0917	0.0916	0.0923	0.0921	0.0918	0.0922	0.0930	0.0914	0.0920	0.0918	0.0924	0.0910	0.0945	0.0936	0.0932	0.0924	0.0907	0.0911	0.0918	0.0920	0.0913	0.0936	0.0923	0.0923	0.0905	0.0918	0.0910	0.0902	0.0938	0.0927	0.0927	0.0931	0.0907	0.0898	0.0903	0.0910	0.0917	0.0924	0.0925	0.0926	0.0903	0.0913	0.0910	0.0898	0.0919	0.0924	0.0935	0.0923	
0.0926	0.0932	0.0930	0.0919	0.0908	0.0886	0.0905	0.0894	0.0930	0.0960	0.0940	0.0916	0.0914	0.0931	0.0921	0.0906	0.0928	0.0923	0.0926	0.0931	0.0923	0.0929	0.0923	0.0926	0.0930	0.0929	0.0929	0.0919	0.0939	0.0937	0.0934	0.0934	0.0915	0.0913	0.0915	0.0921	0.0918	0.0921	0.0924	0.0924	0.0900	0.0921	0.0921	0.0907	0.0926	0.0922	0.0913	0.0929	0.0905	0.0902	0.0906	0.0917	0.0925	0.0923	0.0928	0.0929	0.0903	0.0916	0.0914	0.0899	0.0921	0.0931	0.0934	0.0929	
0.0934	0.0932	0.0933	0.0922	0.0902	0.0888	0.0907	0.0896	0.0934	0.0961	0.0943	0.0919	0.0931	0.0914	0.0908	0.0908	0.0929	0.0931	0.0934	0.0935	0.0927	0.0927	0.0937	0.0918	0.0938	0.0938	0.0935	0.0925	0.0971	0.0941	0.0927	0.0925	0.0916	0.0921	0.0925	0.0927	0.0919	0.0917	0.0929	0.0920	0.0902	0.0920	0.0925	0.0912	0.0924	0.0928	0.0915	0.0914	0.0906	0.0902	0.0907	0.0916	0.0906	0.0916	0.0922	0.0918	0.0906	0.0915	0.0919	0.0899	0.0927	0.0922	0.0925	0.0926	
0.0939	0.0943	0.0933	0.0926	0.0916	0.0896	0.0914	0.0902	0.0939	0.0971	0.0953	0.0919	0.0926	0.0927	0.0923	0.0918	0.0939	0.0935	0.0936	0.0937	0.0946	0.0938	0.0946	0.0923	0.0935	0.0937	0.0940	0.0926	0.1186	0.0938	0.0940	0.0945	0.0919	0.0922	0.0921	0.0928	0.0919	0.0938	0.0934	0.0939	0.0898	0.0920	0.0924	0.0908	0.0930	0.0928	0.0932	0.0936	0.0897	0.0895	0.0909	0.0911	0.0918	0.0924	0.0937	0.0962	0.0914	0.0920	0.0912	0.0902	0.0920	0.0929	0.0927	0.0928	
0.0948	0.0949	0.0943	0.0928	0.0926	0.0884	0.0898	0.0896	0.0948	0.0979	0.0975	0.0929	0.0914	0.0896	0.0910	0.0897	0.0946	0.0940	0.0947	0.0949	0.0925	0.0925	0.0932	0.0912	0.0945	0.0946	0.0949	0.0939	0.0949	0.0932	0.0936	0.0934	0.0936	0.0927	0.0925	0.0936	0.0913	0.0920	0.0921	0.0939	0.0905	0.0922	0.0926	0.0917	0.0919	0.0920	0.0917	0.0921	0.0908	0.0902	0.0906	0.0910	0.0909	0.0905	0.0936	0.0922	0.0911	0.0927	0.0919	0.0898	0.0913	0.0930	0.0911	0.0930	
0.0953	0.0955	0.0946	0.0928	0.0917	0.0897	0.0908	0.0907	0.0959	0.0990	0.0961	0.0932	0.0924	0.0919	0.0914	0.0920	0.0953	0.0946	0.0949	0.0955	0.0948	0.0948	0.0947	0.0925	0.0953	0.0951	0.0953	0.0941	0.0962	0.0952	0.0949	0.0943	0.0934	0.0928	0.0934	0.0942	0.0927	0.0939	0.0935	0.0946	0.0909	0.0922	0.0923	0.0919	0.0926	0.0938	0.0929	0.0929	0.0907	0.0899	0.0902	0.0919	0.0915	0.0924	0.0939	0.0927	0.0910	0.0929	0.0919	0.0896	0.0925	0.0938	0.0930	0.0929	
0.0964	0.0966	0.0959	0.0932	0.0933	0.0899	0.0899	0.0902	0.0967	0.0996	0.0979	0.0940	0.0936	0.0918	0.0932	0.0916	0.0963	0.0953	0.0959	0.0963	0.0955	0.0954	0.0963	0.0938	0.0956	0.0958	0.0958	0.0951	0.0969	0.0959	0.0960	0.0951	0.0935	0.0929	0.0938	0.0941	0.0939	0.0937	0.0945	0.0953	0.0910	0.0928	0.0928	0.0917	0.0941	0.0934	0.0940	0.0940	0.0909	0.0901	0.0910	0.0920	0.0924	0.0928	0.0942	0.0928	0.0912	0.0921	0.0915	0.0901	0.0928	0.0934	0.0935	0.0931	
0.0977	0.0976	0.0965	0.0941	0.0927	0.0906	0.0921	0.0910	0.0982	0.1011	0.0989	0.0951	0.0944	0.0942	0.0931	0.0924	0.0970	0.0973	0.0974	0.0970	0.0959	0.0962	0.0968	0.0946	0.0968	0.0971	0.0964	0.0963	0.1191	0.0974	0.0976	0.0967	0.0948	0.0939	0.0947	0.0948	0.0942	0.0956	0.0956	0.0959	0.0918	0.0932	0.0936	0.0923	0.0953	0.0954	0.0959	0.0943	0.0918	0.0910	0.0916	0.0926	0.0940	0.0938	0.0947	0.0952	0.0918	0.0935	0.0920	0.0910	0.0939	0.0951	0.0953	0.0932	
0.0986	0.0983	0.0975	0.0941	0.0918	0.0896	0.0907	0.0905	0.0989	0.1016	0.0995	0.0959	0.0937	0.0928	0.0925	0.0913	0.0980	0.0978	0.0980	0.0982	0.0955	0.0955	0.0964	0.0933	0.0978	0.0979	0.0970	0.0962	0.0991	0.0970	0.0964	0.0961	0.0946	0.0941	0.0948	0.0953	0.0938	0.0944	0.0946	0.0953	0.0912	0.0928	0.0926	0.0918	0.0938	0.0950	0.0944	0.0937	0.0909	0.0904	0.0916	0.0920	0.0927	0.0927	0.0939	0.0940	0.0909	0.0926	0.0913	0.0906	0.0912	0.0923	0.0946	0.0934	
0.0991	0.0992	0.0977	0.0945	0.0918	0.0898	0.0915	0.0912	0.0996	0.1032	0.1012	0.0967	0.0943	0.0928	0.0932	0.0926	0.0989	0.0983	0.0993	0.0988	0.0986	0.0971	0.0982	0.0945	0.0983	0.0980	0.0977	0.0969	0.1100	0.0974	0.0975	0.0977	0.0950	0.0944	0.0943	0.0955	0.0941	0.0964	0.0956	0.0965	0.0913	0.0927	0.0933	0.0918	0.0942	0.0948	0.0951	0.0945	0.0909	0.0903	0.0913	0.0920	0.0927	0.0934	0.0941	0.0953	0.0912	0.0928	0.0921	0.0902	0.0923	0.0938	0.0948	0.0941	
0.1006	0.1008	0.0990	0.0951	0.0916	0.0900	0.0907	0.0900	0.1011	0.1047	0.1018	0.0969	0.0942	0.0919	0.0926	0.0912	0.1005	0.0998	0.1001	0.1000	0.0978	0.0973	0.0966	0.0936	0.0988	0.0994	0.0996	0.0984	0.0976	0.0975	0.0984	0.0959	0.0975	0.0947	0.0955	0.0960	0.0939	0.0960	0.0949	0.0962	0.0921	0.0931	0.0937	0.0931	0.0938	0.0940	0.0940	0.0958	0.0911	0.0912	0.0910	0.0917	0.0927	0.0922	0.0936	0.0943	0.0913	0.0929	0.0922	0.0901	0.0926	0.0920	0.0944	0.0936	
0.1027	0.1028	0.1005	0.0956	0.0934	0.0898	0.0913	0.0908	0.1034	0.1067	0.1047	0.0983	0.0955	0.0935	0.0931	0.0915	0.1014	0.1009	0.1011	0.1020	0.0988	0.0987	0.0984	0.0951	0.1004	0.1000	0.1005	0.0992	0.1000	0.0986	0.0989	0.0982	0.0965	0.0961	0.0962	0.0964	0.0964	0.0975	0.0964	0.0966	0.0917	0.0938	0.0937	0.0932	0.0954	0.0967	0.0948	0.0957	0.0919	0.0918	0.0922	0.0925	0.0938	0.0947	0.0942	0.0942	0.0914	0.0930	0.0927	0.0899	0.0937	0.0937	0.0945	0.0940	
0.1040	0.1039	0.1010	0.0961	0.0928	0.0888	0.0900	0.0903	0.1053	0.1080	0.1056	0.0987	0.0946	0.0918	0.0930	0.0909	0.1038	0.1026	0.1026	0.1045	0.0991	0.1000	0.0984	0.0955	0.1015	0.1017	0.1013	0.0998	0.1053	0.0998	0.0972	0.0989	0.0980	0.0958	0.0965	0.0972	0.0955	0.0960	0.0967	0.0975	0.0925	0.0937	0.0943	0.0928	0.0956	0.0953	0.0947	0.0935	0.0918	0.0911	0.0918	0.0921	0.0926	0.0940	0.0941	0.0959	0.0914	0.0939	0.0924	0.0899	0.0929	0.0936	0.0940	0.0936	
0.1059	0.1064	0.1034	0.0972	0.0940	0.0899	0.0912	0.0895	0.1081	0.1107	0.1084	0.1010	0.0963	0.0938	0.0928	0.0914	0.1056	0.1046	0.1048	0.1052	0.1017	0.1008	0.1004	0.0958	0.1029	0.1024	0.1027	0.1014	0.1322	0.1000	0.0994	0.0989	0.0981	0.0965	0.0971	0.0980	0.0959	0.0973	0.0964	0.0984	0.0929	0.0947	0.0952	0.0946	0.0959	0.0956	0.0958	0.0961	0.0917	0.0913	0.0927	0.0923	0.0930	0.0933	0.0952	0.0950	0.0923	0.0936	0.0933	0.0910	0.0926	0.0943	0.0948	0.0946	
0.1081	0.1093	0.1050	0.0975	0.0928	0.0903	0.0918	0.0903	0.1102	0.1131	0.1112	0.1018	0.0978	0.0947	0.0937	0.0919	0.1070	0.1068	0.1069	0.1067	0.1021	0.1004	0.1006	0.0967	0.1044	0.1041	0.1040	0.1030	0.1032	0.1015	0.1017	0.1011	0.1026	0.0973	0.0982	0.0989	0.0981	0.0973	0.0976	0.0995	0.0941	0.0942	0.0956	0.0944	0.0961	0.0964	0.0964	0.0966	0.0923	0.0922	0.0924	0.0929	0.0947	0.0944	0.0956	0.0966	0.0945	0.0936	0.0934	0.0911	0.0930	0.0951	0.0965	0.0944	
0.1105	0.1112	0.1063	0.0982	0.0941	0.0906	0.0913	0.0898	0.1121	0.1143	0.1130	0.1029	0.0993	0.0947	0.0935	0.0921	0.1103	0.1079	0.1074	0.1081	0.1028	0.1020	0.1021	0.0969	0.1059	0.1052	0.1043	0.1036	0.1036	0.1077	0.1022	0.1013	0.0993	0.0967	0.0988	0.0982	0.0969	0.0993	0.0984	0.0998	0.0927	0.0950	0.0945	0.0938	0.0969	0.0970	0.0973	0.0969	0.0927	0.0920	0.0923	0.0921	0.0946	0.0951	0.0953	0.0974	0.0918	0.0940	0.0923	0.0905	0.0930	0.0952	0.0946	0.0955	
0.1128	0.1140	0.1092	0.0993	0.0934	0.0909	0.0915	0.0900	0.1150	0.1151	0.1163	0.1044	0.0995	0.0952	0.0946	0.0924	0.1120	0.1103	0.1106	0.1105	0.1050	0.1046	0.1038	0.0969	0.1074	0.1065	0.1069	0.1058	0.1055	0.1032	0.1027	0.1031	0.1022	0.0982	0.0992	0.0994	0.0982	0.0999	0.0990	0.1003	0.0937	0.0951	0.0952	0.0946	0.0975	0.0971	0.0979	0.0968	0.0919	0.0915	0.0927	0.0928	0.0947	0.0952	0.0964	0.0985	0.0920	0.0939	0.0929	0.0910	0.0937	0.0960	0.0959	0.0957	
0.1173	0.1173	0.1115	0.0999	0.0940	0.0910	0.0928	0.0905	0.1193	0.1215	0.1190	0.1069	0.1011	0.0954	0.0949	0.0927	0.1141	0.1120	0.1131	0.1131	0.1070	0.1055	0.1055	0.0988	0.1102	0.1079	0.1088	0.1065	0.1092	0.1061	0.1048	0.1037	0.1035	0.0995	0.1005	0.1011	0.1000	0.1007	0.0996	0.1022	0.0946	0.0963	0.0958	0.0946	0.0995	0.0992	0.0989	0.0982	0.0929	0.0930	0.0926	0.0933	0.0965	0.0949	0.0979	0.0980	0.0929	0.0947	0.0939	0.0915	0.0937	0.0963	0.0971	0.0966	
0.1205	0.1216	0.1142	0.1005	0.0948	0.0916	0.0921	0.0915	0.1221	0.1237	0.1229	0.1085	0.1014	0.0970	0.0942	0.0918	0.1172	0.1156	0.1164	0.1166	0.1085	0.1070	0.1067	0.1006	0.1121	0.1098	0.1108	0.1090	0.1237	0.1066	0.1055	0.1052	0.1035	0.1003	0.1009	0.1022	0.1005	0.1022	0.1010	0.1028	0.0952	0.0962	0.0964	0.0949	0.0979	0.0987	0.0989	0.0985	0.0928	0.0933	0.0934	0.0931	0.0956	0.0953	0.0978	0.0996	0.0923	0.0947	0.0938	0.0914	0.0947	0.0958	0.0969	0.0971	
0.1233	0.1257	0.1173	0.1016	0.0953	0.0906	0.0909	0.0914	0.1265	0.1280	0.1260	0.1105	0.1031	0.0951	0.0943	0.0918	0.1205	0.1195	0.1180	0.1182	0.1122	0.1089	0.1080	0.0991	0.1141	0.1119	0.1121	0.1104	0.1323	0.1078	0.1060	0.1049	0.1047	0.1007	0.1021	0.1027	0.0997	0.1018	0.1021	0.1024	0.0949	0.0972	0.0960	0.0952	0.0975	0.0985	0.0984	0.0974	0.0925	0.0933	0.0930	0.0934	0.0959	0.0972	0.0980	0.0987	0.0920	0.0949	0.0940	0.0913	0.0940	0.0951	0.0967	0.0956	
0.1281	0.1303	0.1207	0.1042	0.0959	0.0902	0.0911	0.0898	0.1331	0.1336	0.1331	0.1133	0.1046	0.0962	0.0948	0.0918	0.1249	0.1220	0.1217	0.1232	0.1133	0.1122	0.1116	0.1014	0.1161	0.1146	0.1147	0.1138	0.1427	0.1083	0.1094	0.1076	0.1064	0.1019	0.1032	0.1034	0.1015	0.1046	0.1038	0.1044	0.0967	0.0975	0.0968	0.0963	0.0971	0.0981	0.0995	0.0988	0.0931	0.0939	0.0936	0.0933	0.0963	0.0960	0.0984	0.0991	0.0917	0.0960	0.0942	0.0919	0.0964	0.0957	0.0986	0.0968	
0.1338	0.1354	0.1249	0.1048	0.0957	0.0908	0.0905	0.0899	0.1378	0.1387	0.1369	0.1156	0.1052	0.0970	0.0938	0.0923	0.1286	0.1252	0.1248	0.1263	0.1152	0.1135	0.1112	0.1026	0.1188	0.1166	0.1171	0.1152	0.1153	0.1095	0.1104	0.1088	0.1074	0.1021	0.1029	0.1053	0.1026	0.1040	0.1039	0.1045	0.0955	0.0981	0.0976	0.0966	0.0985	0.1003	0.0999	0.1005	0.0930	0.0939	0.0950	0.0936	0.0963	0.0954	0.0980	0.1007	0.0927	0.0957	0.0935	0.0922	0.0951	0.0964	0.0979	0.0962	
0.1390	0.1406	0.1298	0.1062	0.0961	0.0912	0.0913	0.0909	0.1422	0.1428	0.1409	0.1193	0.1077	0.0975	0.0952	0.0930	0.1323	0.1290	0.1296	0.1298	0.1171	0.1150	0.1153	0.1032	0.1210	0.1200	0.1183	0.1175	0.1414	0.1125	0.1126	0.1111	0.1088	0.1033	0.1053	0.1062	0.1049	0.1065	0.1046	0.1064	0.0965	0.0983	0.0986	0.0976	0.1009	0.1001	0.1008	0.1022	0.0938	0.0937	0.0951	0.0939	0.0971	0.0975	0.0989	0.1013	0.0921	0.0961	0.0944	0.0915	0.0959	0.0965	0.0981	0.0976	
0.1458	0.1480	0.1337	0.1072	0.0969	0.0919	0.0917	0.0911	0.1492	0.1460	0.1479	0.1233	0.1097	0.0996	0.0959	0.0939	0.1372	0.1327	0.1344	0.1320	0.1212	0.1190	0.1168	0.1050	0.1250	0.1219	0.1225	0.1199	0.1303	0.1151	0.1162	0.1132	0.1098	0.1033	0.1061	0.1060	0.1049	0.1078	0.1066	0.1091	0.0982	0.0990	0.0981	0.0981	0.1014	0.1022	0.1019	0.1015	0.0941	0.0947	0.0949	0.0941	0.0979	0.0984	0.1000	0.1019	0.0931	0.0964	0.0948	0.0918	0.0958	0.0973	0.0989	0.0972	
0.1531	0.1562	0.1407	0.1105	0.0977	0.0920	0.0919	0.0914	0.1573	0.1555	0.1569	0.1282	0.1118	0.0996	0.0961	0.0936	0.1439	0.1381	0.1385	0.1393	0.1228	0.1213	0.1178	0.1055	0.1287	0.1246	0.1241	0.1242	0.1204	0.1178	0.1171	0.1144	0.1128	0.1056	0.1074	0.1101	0.1062	0.1114	0.1084	0.1098	0.0979	0.0996	0.0990	0.0989	0.1017	0.1025	0.1025	0.1025	0.0953	0.0954	0.0964	0.0953	0.0985	0.0984	0.1006	0.1019	0.0935	0.0967	0.0947	0.0918	0.0960	0.0977	0.0993	0.0985	
0.1608	0.1625	0.1474	0.1107	0.0980	0.0919	0.0920	0.0902	0.1636	0.1633	0.1609	0.1311	0.1138	0.0998	0.0957	0.0933	0.1483	0.1424	0.1430	0.1417	0.1273	0.1248	0.1207	0.1077	0.1317	0.1293	0.1273	0.1262	0.1429	0.1188	0.1193	0.1175	0.1146	0.1069	0.1101	0.1099	0.1091	0.1102	0.1087	0.1104	0.0983	0.0993	0.0995	0.1002	0.1025	0.1057	0.1039	0.1029	0.0946	0.0940	0.0954	0.0947	0.1003	0.0988	0.1020	0.1024	0.0925	0.0965	0.0949	0.0920	0.0968	0.0985	0.0998	0.1013	
0.1708	0.1744	0.1544	0.1141	0.0978	0.0914	0.0907	0.0901	0.1743	0.1731	0.1722	0.1361	0.1156	0.1006	0.0955	0.0932	0.1566	0.1466	0.1472	0.1473	0.1296	0.1268	0.1250	0.1074	0.1342	0.1326	0.1309	0.1297	0.1249	0.1206	0.1216	0.1176	0.1156	0.1083	0.1092	0.1116	0.1098	0.1124	0.1100	0.1132	0.0990	0.1010	0.1007	0.1005	0.1039	0.1045	0.1058	0.1049	0.0948	0.0965	0.0966	0.0950	0.0993	0.0999	0.1009	0.1045	0.0939	0.0977	0.0952	0.0929	0.0967	0.0970	0.0989	0.0997	
0.1814	0.1844	0.1631	0.1174	0.0998	0.0925	0.0922	0.0922	0.1820	0.1806	0.1783	0.1408	0.1200	0.1014	0.0973	0.0937	0.1615	0.1526	0.1545	0.1531	0.1388	0.1329	0.1275	0.1109	0.1394	0.1356	0.1333	0.1330	0.1280	0.1222	0.1243	0.1211	0.1200	0.1095	0.1126	0.1130	0.1112	0.1134	0.1122	0.1162	0.0991	0.1013	0.0993	0.1003	0.1041	0.1048	0.1064	0.1063	0.0960	0.0951	0.0962	0.0955	0.1005	0.0994	0.1013	0.1052	0.0929	0.0979	0.0956	0.0921	0.0985	0.0991	0.1003	0.0998	
0.1930	0.1962	0.1718	0.1201	0.1008	0.0922	0.0921	0.0915	0.1943	0.1898	0.1885	0.1460	0.1219	0.1029	0.0968	0.0938	0.1692	0.1591	0.1586	0.1579	0.1421	0.1353	0.1311	0.1109	0.1429	0.1394	0.1359	0.1357	0.1447	0.1258	0.1267	0.1235	0.1187	0.1102	0.1127	0.1159	0.1130	0.1147	0.1138	0.1181	0.0999	0.1023	0.1007	0.1010	0.1050	0.1048	0.1062	0.1066	0.0949	0.0966	0.0970	0.0952	0.1016	0.1003	0.1033	0.1071	0.0942	0.0971	0.0948	0.0929	0.0970	0.0999	0.1013	0.0998	
0.2023	0.2093	0.1809	0.1225	0.1012	0.0920	0.0914	0.0906	0.2074	0.2013	0.2006	0.1549	0.1264	0.1045	0.0972	0.0939	0.1755	0.1641	0.1671	0.1680	0.1487	0.1418	0.1350	0.1133	0.1472	0.1421	0.1402	0.1412	0.1338	0.1285	0.1282	0.1260	0.1222	0.1124	0.1142	0.1165	0.1144	0.1164	0.1144	0.1184	0.1003	0.1032	0.1022	0.1018	0.1062	0.1066	0.1078	0.1073	0.0952	0.0972	0.0973	0.0961	0.1017	0.1013	0.1038	0.1066	0.0938	0.0985	0.0958	0.0935	0.0978	0.0992	0.1013	0.1002	
0.2187	0.2267	0.1951	0.1278	0.1019	0.0924	0.0917	0.0916	0.2172	0.2091	0.2119	0.1630	0.1299	0.1051	0.0975	0.0937	0.1819	0.1716	0.1736	0.1756	0.1513	0.1449	0.1382	0.1156	0.1495	0.1492	0.1470	0.1458	0.1385	0.1315	0.1319	0.1279	0.1269	0.1146	0.1161	0.1189	0.1158	0.1186	0.1161	0.1199	0.1024	0.1044	0.1027	0.1033	0.1067	0.1066	0.1107	0.1075	0.0963	0.0967	0.0979	0.0965	0.1021	0.1017	0.1043	0.1061	0.0943	0.0990	0.0970	0.0938	0.0986	0.1021	0.1009	0.1003	
0.2331	0.2421	0.2059	0.1300	0.1021	0.0928	0.0917	0.0907	0.2310	0.2266	0.2262	0.1696	0.1325	0.1057	0.0975	0.0938	0.1916	0.1803	0.1831	0.1828	0.1570	0.1476	0.1429	0.1168	0.1585	0.1532	0.1489	0.1493	0.1406	0.1338	0.1342	0.1321	0.1262	0.1153	0.1175	0.1214	0.1186	0.1219	0.1179	0.1225	0.1035	0.1059	0.1038	0.1038	0.1075	0.1078	0.1100	0.1089	0.0973	0.0967	0.0969	0.0963	0.1032	0.1012	0.1049	0.1086	0.0941	0.0997	0.0962	0.0942	0.0982	0.0992	0.1026	0.1004	
0.2525	0.2612	0.2213	0.1358	0.1030	0.0929	0.0919	0.0913	0.2438	0.2408	0.2408	0.1810	0.1386	0.1101	0.0984	0.0939	0.2006	0.1869	0.1893	0.1904	0.1647	0.1553	0.1483	0.1196	0.1606	0.1600	0.1550	0.1547	0.1457	0.1381	0.1368	0.1336	0.1307	0.1161	0.1198	0.1218	0.1182	0.1243	0.1199	0.1247	0.1052	0.1048	0.1039	0.1058	0.1085	0.1062	0.1106	0.1097	0.0965	0.0978	0.0988	0.0972	0.1041	0.1029	0.1046	0.1109	0.0956	0.0993	0.0963	0.0935	0.0986	0.1005	0.1015	0.1015	
0.2690	0.2790	0.2351	0.1400	0.1049	0.0936	0.0922	0.0908	0.2620	0.2519	0.2539	0.1900	0.1424	0.1092	0.0983	0.0940	0.2079	0.1965	0.1970	0.1963	0.1722	0.1614	0.1545	0.1232	0.1668	0.1637	0.1581	0.1601	0.1488	0.1403	0.1413	0.1384	0.1319	0.1182	0.1208	0.1250	0.1204	0.1244	0.1227	0.1266	0.1032	0.1068	0.1034	0.1054	0.1086	0.1088	0.1111	0.1105	0.0964	0.0983	0.0987	0.0968	0.1048	0.1046	0.1060	0.1111	0.0951	0.1004	0.0967	0.0941	0.0989	0.1007	0.1030	0.1019	
0.2854	0.3003	0.2503	0.1450	0.1059	0.0926	0.0915	0.0913	0.2789	0.2730	0.2706	0.2025	0.1490	0.1101	0.0990	0.0946	0.2230	0.2061	0.2052	0.2088	0.1777	0.1656	0.1604	0.1233	0.1708	0.1711	0.1625	0.1614	0.1534	0.1436	0.1444	0.1428	0.1332	0.1217	0.1228	0.1281	0.1237	0.1283	0.1244	0.1295	0.1067	0.1068	0.1053	0.1069	0.1102	0.1110	0.1134	0.1118	0.0966	0.0995	0.1004	0.0977	0.1055	0.1037	0.1060	0.1121	0.0950	0.1005	0.0969	0.0949	0.1007	0.1012	0.1034	0.1024	
0.3085	0.3240	0.2679	0.1523	0.1066	0.0924	0.0910	0.0903	0.2952	0.2901	0.2914	0.2140	0.1551	0.1116	0.0990	0.0938	0.2337	0.2188	0.2165	0.2186	0.1869	0.1736	0.1634	0.1273	0.1803	0.1780	0.1700	0.1669	0.1596	0.1457	0.1497	0.1438	0.1395	0.1222	0.1262	0.1295	0.1236	0.1279	0.1258	0.1320	0.1069	0.1078	0.1071	0.1075	0.1110	0.1114	0.1125	0.1131	0.0983	0.0995	0.1010	0.0978	0.1060	0.1038	0.1086	0.1112	0.0955	0.1024	0.0963	0.0949	0.1002	0.1016	0.1037	0.1021	
0.3315	0.3474	0.2849	0.1586	0.1075	0.0930	0.0916	0.0909	0.3156	0.3048	0.3058	0.2297	0.1621	0.1130	0.1006	0.0945	0.2426	0.2226	0.2254	0.2257	0.1946	0.1784	0.1732	0.1320	0.1822	0.1825	0.1732	0.1721	0.1628	0.1519	0.1537	0.1498	0.1408	0.1222	0.1267	0.1337	0.1270	0.1309	0.1294	0.1365	0.1083	0.1089	0.1066	0.1088	0.1119	0.1146	0.1173	0.1142	0.0982	0.1006	0.1004	0.0988	0.1076	0.1057	0.1091	0.1149	0.0967	0.1007	0.0978	0.0955	0.0999	0.1020	0.1038	0.1026	
0.3584	0.3765	0.3151	0.1677	0.1104	0.0934	0.0916	0.0908	0.3388	0.3281	0.3295	0.2456	0.1682	0.1152	0.0999	0.0944	0.2587	0.2366	0.2370	0.2399	0.2089	0.1859	0.1792	0.1333	0.1882	0.1932	0.1803	0.1812	0.1673	0.1538	0.1588	0.1524	0.1436	0.1265	0.1327	0.1364	0.1273	0.1336	0.1310	0.1382	0.1087	0.1111	0.1086	0.1103	0.1139	0.1222	0.1178	0.1174	0.0988	0.1001	0.1012	0.0987	0.1084	0.1054	0.1111	0.1150	0.0957	0.1024	0.0975	0.0950	0.1013	0.1019	0.1050	0.1045	
0.3830	0.4025	0.3339	0.1747	0.1111	0.0940	0.0926	0.0918	0.3559	0.3452	0.3467	0.2638	0.1790	0.1189	0.1020	0.0952	0.2678	0.2473	0.2442	0.2496	0.2155	0.1958	0.1864	0.1381	0.1922	0.1989	0.1877	0.1876	0.1730	0.1618	0.1633	0.1572	0.1468	0.1282	0.1329	0.1400	0.1309	0.1363	0.1378	0.1421	0.1107	0.1110	0.1086	0.1109	0.1156	0.1169	0.1187	0.1188	0.0997	0.1013	0.1035	0.0992	0.1101	0.1056	0.1108	0.1171	0.0961	0.1037	0.0993	0.0958	0.1022	0.1025	0.1057	0.1045	
0.4134	0.4314	0.3652	0.1861	0.1138	0.0928	0.0919	0.0895	0.3763	0.3646	0.3654	0.2790	0.1856	0.1193	0.1005	0.0937	0.2797	0.2547	0.2557	0.2604	0.2257	0.1989	0.1916	0.1393	0.1995	0.2057	0.1901	0.1927	0.2022	0.1649	0.1679	0.1600	0.1488	0.1310	0.1353	0.1410	0.1330	0.1405	0.1344	0.1435	0.1122	0.1116	0.1112	0.1135	0.1158	0.1176	0.1211	0.1188	0.0995	0.1009	0.1019	0.0999	0.1102	0.1068	0.1133	0.1163	0.0963	0.1035	0.0974	0.0949	0.1010	0.1023	0.1064	0.1045	
0.4412	0.4598	0.3840	0.1936	0.1173	0.0938	0.0938	0.0906	0.3956	0.3857	0.3880	0.2957	0.1950	0.1232	0.1025	0.0956	0.2933	0.2665	0.2661	0.2686	0.2468	0.2122	0.1997	0.1438	0.2074	0.2111	0.1982	0.1964	0.1841	0.1686	0.1742	0.1667	0.1519	0.1316	0.1388	0.1453	0.1358	0.1418	0.1390	0.1469	0.1119	0.1141	0.1111	0.1126	0.1185	0.1188	0.1236	0.1222	0.1005	0.1025	0.1031	0.0996	0.1118	0.1087	0.1139	0.1203	0.0968	0.1038	0.0979	0.0951	0.1023	0.1039	0.1081	0.1066	
0.4694	0.4878	0.4154	0.2057	0.1203	0.0962	0.0932	0.0919	0.4204	0.4113	0.4066	0.3198	0.2053	0.1265	0.1046	0.0965	0.3079	0.2788	0.2764	0.2822	0.2554	0.2224	0.2146	0.1522	0.2125	0.2243	0.2055	0.2074	0.1915	0.1748	0.1787	0.1713	0.1548	0.1343	0.1420	0.1486	0.1403	0.1470	0.1414	0.1521	0.1130	0.1146	0.1127	0.1146	0.1186	0.1200	0.1263	0.1223	0.1010	0.1024	0.1047	0.0991	0.1148	0.1102	0.1184	0.1246	0.0973	0.1072	0.0986	0.0954	0.1048	0.1064	0.1082	0.1082	
0.5011	0.5191	0.4436	0.2203	0.1215	0.0947	0.0915	0.0909	0.4376	0.4278	0.4266	0.3378	0.2169	0.1294	0.1034	0.0946	0.3201	0.2885	0.2866	0.2919	0.2693	0.2344	0.2219	0.1548	0.2176	0.2308	0.2118	0.2110	0.1927	0.1782	0.1818	0.1754	0.1593	0.1339	0.1443	0.1525	0.1436	0.1517	0.1449	0.1555	0.1143	0.1155	0.1136	0.1157	0.1206	0.1216	0.1262	0.1237	0.1003	0.1020	0.1032	0.1011	0.1126	0.1098	0.1162	0.1232	0.0964	0.1059	0.0991	0.0959	0.1039	0.1045	0.1090	0.1048	
0.5313	0.5510	0.4702	0.2337	0.1253	0.0951	0.0924	0.0904	0.4611	0.4442	0.4418	0.3613	0.2295	0.1318	0.1067	0.0965	0.3296	0.2968	0.2968	0.3001	0.2846	0.2417	0.2313	0.1610	0.2245	0.2411	0.2186	0.2186	0.2014	0.1863	0.1874	0.1784	0.1632	0.1389	0.1474	0.1544	0.1498	0.1572	0.1509	0.1596	0.1157	0.1175	0.1161	0.1187	0.1225	0.1258	0.1290	0.1283	0.1015	0.1043	0.1038	0.1006	0.1166	0.1108	0.1187	0.1258	0.0978	0.1058	0.0998	0.0964	0.1028	0.1054	0.1099	0.1073	
0.5630	0.5784	0.5005	0.2492	0.1276	0.0953	0.0920	0.0903	0.4817	0.4708	0.4692	0.3796	0.2403	0.1368	0.1065	0.0968	0.3489	0.3101	0.3067	0.3121	0.2948	0.2506	0.2391	0.1651	0.2348	0.2477	0.2236	0.2283	0.2070	0.1874	0.1924	0.1867	0.1693	0.1402	0.1469	0.1587	0.1512	0.1594	0.1536	0.1646	0.1173	0.1195	0.1155	0.1185	0.1217	0.1242	0.1288	0.1279	0.1024	0.1036	0.1053	0.1008	0.1169	0.1127	0.1191	0.1262	0.0968	0.1074	0.1001	0.0969	0.1039	0.1059	0.1111	0.1083	
0.5891	0.6009	0.5294	0.2630	0.1313	0.0966	0.0932	0.0917	0.4960	0.4846	0.4860	0.4086	0.2550	0.1395	0.1082	0.0977	0.3603	0.3199	0.3160	0.3271	0.3113	0.2634	0.2498	0.1737	0.2399	0.2584	0.2333	0.2316	0.2134	0.1952	0.2007	0.1937	0.1696	0.1437	0.1545	0.1650	0.1529	0.1613	0.1540	0.1685	0.1199	0.1206	0.1180	0.1211	0.1251	0.1282	0.1327	0.1307	0.1024	0.1050	0.1071	0.1025	0.1184	0.1124	0.1207	0.1300	0.0982	0.1081	0.0991	0.0976	0.1063	0.1075	0.1126	0.1115	
0.6120	0.6265	0.5562	0.2853	0.1351	0.0960	0.0929	0.0917	0.5079	0.4977	0.5025	0.4266	0.2659	0.1437	0.1090	0.0977	0.3766	0.3334	0.3324	0.3381	0.3196	0.2719	0.2565	0.1767	0.2498	0.2663	0.2349	0.2406	0.2176	0.1995	0.2053	0.1971	0.1792	0.1496	0.1590	0.1681	0.1597	0.1656	0.1591	0.1699	0.1218	0.1231	0.1177	0.1236	0.1268	0.1295	0.1369	0.1346	0.1025	0.1066	0.1073	0.1026	0.1195	0.1147	0.1208	0.1315	0.0979	0.1082	0.1009	0.0967	0.1060	0.1092	0.1168	0.1111	
0.6392	0.6550	0.5870	0.3002	0.1390	0.0964	0.0935	0.0911	0.5224	0.5107	0.5142	0.4454	0.2800	0.1498	0.1091	0.0963	0.3923	0.3416	0.3397	0.3485	0.3384	0.2867	0.2702	0.1835	0.2536	0.2699	0.2428	0.2480	0.2259	0.2084	0.2114	0.2052	0.1812	0.1493	0.1556	0.1703	0.1599	0.1718	0.1621	0.1748	0.1227	0.1255	0.1187	0.1242	0.1271	0.1312	0.1375	0.1352	0.1038	0.1062	0.1094	0.1027	0.1198	0.1166	0.1245	0.1313	0.0985	0.1094	0.1006	0.0978	0.1080	0.1083	0.1151	0.1128	
0.6605	0.6763	0.6079	0.3217	0.1451	0.0972	0.0929	0.0906	0.5308	0.5211	0.5238	0.4659	0.2968	0.1546	0.1106	0.0974	0.3937	0.3540	0.3493	0.3577	0.3663	0.2953	0.2811	0.1886	0.2617	0.2789	0.2484	0.2492	0.2338	0.2145	0.2199	0.2115	0.1819	0.1538	0.1641	0.1744	0.1660	0.1787	0.1636	0.1817	0.1236	0.1254	0.1208	0.1249	0.1305	0.1322	0.1411	0.1362	0.1031	0.1076	0.1080	0.1031	0.1275	0.1179	0.1263	0.1342	0.0990	0.1088	0.1016	0.0975	0.1073	0.1104	0.1131	0.1105	
0.6811	0.6914	0.6292	0.3498	0.1494	0.0975	0.0924	0.0904	0.5361	0.5279	0.5299	0.4812	0.3089	0.1599	0.1108	0.0972	0.4076	0.3585	0.3565	0.3660	0.3730	0.3106	0.2945	0.2004	0.2699	0.2920	0.2584	0.2592	0.2408	0.2212	0.2258	0.2161	0.1859	0.1571	0.1675	0.1784	0.1739	0.1806	0.1692	0.1894	0.1264	0.1261	0.1224	0.1305	0.1332	0.1362	0.1440	0.1415	0.1056	0.1097	0.1120	0.1040	0.1258	0.1188	0.1297	0.1379	0.1005	0.1102	0.1022	0.0990	0.1079	0.1101	0.1176	0.1125	
0.7015	0.7119	0.6560	0.3753	0.1565	0.0987	0.0931	0.0912	0.5473	0.5369	0.5438	0.4950	0.3290	0.1692	0.1148	0.0977	0.4197	0.3731	0.3677	0.3789	0.3975	0.3223	0.3100	0.2106	0.2743	0.3022	0.2667	0.2693	0.2494	0.2279	0.2336	0.2289	0.1930	0.1622	0.1719	0.1839	0.1768	0.1849	0.1779	0.1925	0.1265	0.1307	0.1238	0.1287	0.1348	0.1375	0.1445	0.1426	0.1062	0.1092	0.1106	0.1045	0.1260	0.1205	0.1325	0.1383	0.1005	0.1121	0.1038	0.0995	0.1085	0.1122	0.1188	0.1171	
0.7186	0.7280	0.6764	0.4020	0.1629	0.0977	0.0926	0.0909	0.5603	0.5511	0.5561	0.5069	0.3418	0.1730	0.1146	0.0971	0.4277	0.3868	0.3791	0.3875	0.4124	0.3327	0.3172	0.2140	0.2807	0.3074	0.2697	0.2735	0.2561	0.2353	0.2403	0.2320	0.2011	0.1619	0.1714	0.1885	0.1821	0.1936	0.1795	0.1979	0.1282	0.1310	0.1251	0.1317	0.1355	0.1374	0.1497	0.1462	0.1073	0.1114	0.1105	0.1045	0.1259	0.1236	0.1302	0.1385	0.1036	0.1123	0.1035	0.0979	0.1092	0.1121	0.1177	0.1154	
0.7253	0.7364	0.6939	0.4290	0.1705	0.0981	0.0925	0.0900	0.5616	0.5489	0.5531	0.5170	0.3620	0.1801	0.1167	0.0970	0.4414	0.3905	0.3868	0.3902	0.4277	0.3432	0.3294	0.2226	0.2859	0.3143	0.2768	0.2780	0.2599	0.2407	0.2464	0.2375	0.1954	0.1695	0.1764	0.1920	0.1868	0.1987	0.1847	0.2036	0.1298	0.1362	0.1268	0.1338	0.1405	0.1401	0.1497	0.1478	0.1077	0.1128	0.1153	0.1054	0.1280	0.1224	0.1336	0.1457	0.1014	0.1144	0.1039	0.0994	0.1100	0.1094	0.1178	0.1160	
0.7302	0.7368	0.7102	0.4618	0.1771	0.0996	0.0930	0.0914	0.5697	0.5572	0.5631	0.5286	0.3790	0.1891	0.1193	0.0988	0.4462	0.3948	0.3923	0.3935	0.4422	0.3568	0.3421	0.2355	0.2928	0.3178	0.2821	0.2874	0.2692	0.2513	0.2507	0.2409	0.2023	0.1681	0.1848	0.1975	0.1940	0.2047	0.1861	0.2094	0.1345	0.1398	0.1280	0.1362	0.1382	0.1423	0.1526	0.1467	0.1098	0.1128	0.1150	0.1060	0.1322	0.1206	0.1349	0.1453	0.1021	0.1137	0.1046	0.1010	0.1105	0.1124	0.1181	0.1160	
0.7303	0.7416	0.7213	0.4866	0.1850	0.1012	0.0947	0.0919	0.5756	0.5657	0.5762	0.5407	0.3927	0.1966	0.1197	0.0992	0.4628	0.4084	0.4068	0.4164	0.4577	0.3692	0.3540	0.2443	0.2996	0.3312	0.2922	0.2967	0.2786	0.2549	0.2608	0.2509	0.2036	0.1742	0.1858	0.2022	0.1964	0.2083	0.1913	0.2151	0.1372	0.1366	0.1310	0.1389	0.1446	0.1467	0.1586	0.1513	0.1095	0.1130	0.1142	0.1084	0.1338	0.1252	0.1368	0.1470	0.1012	0.1151	0.1054	0.1008	0.1108	0.1159	0.1225	0.1177	
0.7384	0.7477	0.7336	0.5144	0.1928	0.0993	0.0925	0.0911	0.5841	0.5834	0.5857	0.5535	0.4073	0.2062	0.1214	0.0980	0.4705	0.4087	0.4161	0.4133	0.4676	0.3718	0.3597	0.2494	0.3089	0.3413	0.3014	0.3041	0.2883	0.2623	0.2685	0.2584	0.2122	0.1797	0.1908	0.2084	0.2006	0.2145	0.1972	0.2201	0.1396	0.1375	0.1339	0.1394	0.1429	0.1469	0.1582	0.1557	0.1107	0.1159	0.1162	0.1079	0.1347	0.1252	0.1362	0.1511	0.1022	0.1169	0.1047	0.1015	0.1099	0.1139	0.1230	0.1182	
0.7404	0.7483	0.7381	0.5435	0.2057	0.1009	0.0944	0.0913	0.5920	0.5846	0.5900	0.5610	0.4271	0.2164	0.1257	0.0991	0.4816	0.4191	0.4193	0.4260	0.4770	0.3856	0.3698	0.2602	0.3120	0.3434	0.3054	0.3018	0.2920	0.2715	0.2779	0.2697	0.2177	0.1836	0.1981	0.2146	0.2057	0.2190	0.1994	0.2275	0.1404	0.1452	0.1352	0.1423	0.1472	0.1500	0.1619	0.1587	0.1105	0.1186	0.1170	0.1080	0.1354	0.1280	0.1432	0.1553	0.1029	0.1171	0.1062	0.1009	0.1138	0.1168	0.1225	0.1202	
0.7439	0.7516	0.7396	0.5707	0.2156	0.1017	0.0940	0.0918	0.5975	0.5920	0.5920	0.5728	0.4400	0.2265	0.1273	0.1001	0.4860	0.4260	0.4239	0.4336	0.4855	0.3915	0.3804	0.2711	0.3186	0.3458	0.3091	0.3108	0.3016	0.2822	0.2845	0.2738	0.2188	0.1876	0.1994	0.2171	0.2147	0.2224	0.2070	0.2337	0.1422	0.1453	0.1376	0.1471	0.1523	0.1542	0.1681	0.1617	0.1116	0.1182	0.1184	0.1100	0.1388	0.1297	0.1455	0.1573	0.1007	0.1206	0.1075	0.1030	0.1196	0.1218	0.1310	0.1208	
0.7447	0.7544	0.7463	0.5963	0.2276	0.1018	0.0938	0.0914	0.6040	0.6010	0.6055	0.5789	0.4515	0.2333	0.1285	0.0994	0.4996	0.4382	0.4403	0.4396	0.4914	0.4116	0.3916	0.2788	0.3239	0.3589	0.3174	0.3209	0.3085	0.2806	0.2971	0.2794	0.2180	0.1915	0.2039	0.2234	0.2210	0.2299	0.2062	0.2373	0.1466	0.1472	0.1384	0.1498	0.1525	0.1564	0.1719	0.1676	0.1137	0.1213	0.1210	0.1100	0.1403	0.1301	0.1471	0.1594	0.1027	0.1232	0.1072	0.1021	0.1148	0.1180	0.1273	0.1211	
0.7477	0.7543	0.7445	0.6195	0.2364	0.1015	0.0928	0.0905	0.6072	0.6019	0.6072	0.5841	0.4658	0.2469	0.1315	0.0996	0.5098	0.4521	0.4437	0.4587	0.4902	0.4121	0.3927	0.2870	0.3252	0.3601	0.3200	0.3219	0.3170	0.2886	0.2994	0.2774	0.2272	0.1911	0.2024	0.2242	0.2264	0.2349	0.2156	0.2484	0.1457	0.1516	0.1424	0.1505	0.1533	0.1547	0.1725	0.1647	0.1150	0.1223	0.1222	0.1114	0.1404	0.1317	0.1492	0.1622	0.1043	0.1217	0.1083	0.1027	0.1175	0.1179	0.1289	0.1226	
0.7527	0.7595	0.7474	0.6418	0.2511	0.1026	0.0922	0.0901	0.6155	0.6127	0.6176	0.5956	0.4737	0.2602	0.1345	0.0994	0.5107	0.4575	0.4471	0.4675	0.5049	0.4223	0.4077	0.3001	0.3305	0.3754	0.3282	0.3313	0.3260	0.2973	0.3059	0.2916	0.2361	0.2016	0.2110	0.2375	0.2277	0.2397	0.2170	0.2570	0.1488	0.1492	0.1442	0.1536	0.1562	0.1613	0.1767	0.1703	0.1158	0.1178	0.1210	0.1112	0.1409	0.1322	0.1530	0.1689	0.1057	0.1234	0.1075	0.1038	0.1169	0.1209	0.1307	0.1269	
0.7553	0.7628	0.7574	0.6688	0.2733	0.1047	0.0938	0.0925	0.6196	0.6154	0.6174	0.6040	0.4891	0.2745	0.1412	0.1024	0.5146	0.4690	0.4574	0.4714	0.5181	0.4410	0.4277	0.3132	0.3428	0.3746	0.3293	0.3296	0.3382	0.3062	0.3141	0.3083	0.2311	0.1998	0.2142	0.2351	0.2358	0.2465	0.2243	0.2627	0.1508	0.1533	0.1431	0.1546	0.1622	0.1654	0.1839	0.1754	0.1176	0.1228	0.1240	0.1150	0.1502	0.1356	0.1566	0.1693	0.1056	0.1254	0.1085	0.1028	0.1182	0.1222	0.1316	0.1276	
0.7520	0.7626	0.7510	0.6859	0.2893	0.1052	0.0935	0.0900	0.6223	0.6202	0.6245	0.6032	0.4956	0.2903	0.1408	0.1012	0.5228	0.4693	0.4653	0.4834	0.5254	0.4504	0.4366	0.3239	0.3427	0.3773	0.3285	0.3428	0.3440	0.3139	0.3213	0.3061	0.2426	0.2066	0.2209	0.2396	0.2417	0.2542	0.2305	0.2672	0.1523	0.1583	0.1479	0.1585	0.1639	0.1666	0.1847	0.1767	0.1149	0.1253	0.1281	0.1144	0.1498	0.1388	0.1563	0.1724	0.1059	0.1249	0.1095	0.1048	0.1189	0.1235	0.1312	0.1263	
0.7613	0.7701	0.7599	0.7060	0.3120	0.1072	0.0953	0.0915	0.6333	0.6269	0.6339	0.6256	0.5069	0.3090	0.1461	0.1029	0.5322	0.4839	0.4776	0.4858	0.5393	0.4666	0.4580	0.3374	0.3497	0.3877	0.3471	0.3473	0.3555	0.3220	0.3343	0.3243	0.2493	0.2094	0.2248	0.2455	0.2516	0.2650	0.2417	0.2783	0.1567	0.1592	0.1511	0.1620	0.1675	0.1738	0.1871	0.1801	0.1188	0.1248	0.1281	0.1140	0.1536	0.1411	0.1621	0.1737	0.1067	0.1270	0.1117	0.1042	0.1196	0.1256	0.1343	0.1311	
0.7626	0.7640	0.7602	0.7221	0.3281	0.1079	0.0937	0.0915	0.6300	0.6241	0.6326	0.6257	0.5141	0.3184	0.1499	0.1017	0.5413	0.4874	0.4870	0.4969	0.5449	0.4715	0.4557	0.3436	0.3596	0.4026	0.3548	0.3522	0.3585	0.3268	0.3349	0.3252	0.2503	0.2115	0.2256	0.2466	0.2587	0.2687	0.2403	0.2819	0.1598	0.1615	0.1509	0.1622	0.1693	0.1720	0.1888	0.1835	0.1198	0.1251	0.1260	0.1153	0.1546	0.1413	0.1680	0.1810	0.1058	0.1279	0.1114	0.1053	0.1199	0.1241	0.1343	0.1324	
