0.0897	0.0891	0.0896	0.0886	0.0919	0.0935	0.0952	0.0962	0.0906	0.0891	0.0885	0.0881	0.0963	0.0963	0.0978	0.1050	0.0870	0.0872	0.0867	0.0881	0.0913	0.0940	0.0930	0.0948	0.0895	0.0891	0.0920	0.0872	0.1101	0.1061	0.1038	0.1078	0.0891	0.0878	0.0867	0.0883	0.0893	0.0905	0.0914	0.0919	0.0998	0.0938	0.0878	0.0878	0.1099	0.0980	0.0948	0.0951	0.0888	0.0890	0.0886	0.0887	0.0903	0.0945	0.0927	0.0922	0.1251	0.1012	0.0974	0.0880	0.0992	0.0952	0.0975	0.0979	
0.0882	0.0886	0.0901	0.0877	0.0921	0.0919	0.0946	0.0943	0.0880	0.0896	0.0873	0.0884	0.0924	0.0928	0.0933	0.0933	0.0872	0.0878	0.0865	0.0874	0.0910	0.0925	0.0927	0.0931	0.0882	0.0879	0.0877	0.0871	0.0913	0.0914	0.0932	0.0918	0.0882	0.0878	0.0873	0.0879	0.0893	0.0912	0.0930	0.0925	0.0879	0.0885	0.0877	0.0876	0.0914	0.0937	0.0918	0.0928	0.0879	0.0877	0.0880	0.0873	0.0903	0.0913	0.0910	0.0917	0.0890	0.0885	0.0885	0.0868	0.0925	0.0906	0.0918	0.0934	
0.0889	0.0889	0.0908	0.0881	0.0911	0.0916	0.0931	0.0926	0.0888	0.0882	0.0874	0.0886	0.0913	0.0924	0.0919	0.0926	0.0872	0.0882	0.0864	0.0873	0.0911	0.0912	0.0922	0.0928	0.0884	0.0880	0.0883	0.0872	0.0906	0.0901	0.0923	0.0921	0.0883	0.0879	0.0872	0.0877	0.0894	0.0901	0.0925	0.0911	0.0877	0.0886	0.0884	0.0882	0.0904	0.0918	0.0911	0.0911	0.0871	0.0891	0.0881	0.0872	0.0906	0.0909	0.0917	0.0916	0.0957	0.0887	0.0876	0.0870	0.0913	0.0911	0.0916	0.0917	
0.0890	0.0885	0.0905	0.0875	0.0907	0.0905	0.0921	0.0926	0.0890	0.0888	0.0873	0.0876	0.0900	0.0908	0.0912	0.0925	0.0868	0.0880	0.0866	0.0873	0.0896	0.0926	0.0913	0.0916	0.0879	0.0879	0.0882	0.0867	0.0900	0.0906	0.0903	0.0913	0.0881	0.0877	0.0875	0.0874	0.0889	0.0898	0.0918	0.0912	0.0875	0.0884	0.0880	0.0879	0.0901	0.0913	0.0910	0.0928	0.0871	0.0892	0.0880	0.0874	0.0890	0.0904	0.0908	0.0908	0.0888	0.0882	0.0879	0.0864	0.0899	0.0899	0.0904	0.0906	
0.0892	0.0901	0.0907	0.0877	0.0907	0.0904	0.0913	0.0915	0.0892	0.0885	0.0876	0.0881	0.0900	0.0914	0.0916	0.0916	0.0874	0.0883	0.0868	0.0872	0.0890	0.0913	0.0903	0.0919	0.0886	0.0881	0.0884	0.0874	0.0905	0.0908	0.0916	0.0907	0.0886	0.0881	0.0880	0.0875	0.0890	0.0899	0.0919	0.0901	0.0875	0.0890	0.0884	0.0881	0.0909	0.0912	0.0903	0.0905	0.0876	0.0890	0.0884	0.0875	0.0889	0.0911	0.0905	0.0909	0.0891	0.0889	0.0879	0.0870	0.0913	0.0907	0.0904	0.0900	
0.0893	0.0893	0.0912	0.0883	0.0921	0.0925	0.0946	0.0932	0.0891	0.0887	0.0878	0.0879	0.0931	0.0931	0.0928	0.0933	0.0878	0.0888	0.0870	0.0874	0.0916	0.0921	0.0928	0.0939	0.0884	0.0884	0.0885	0.0874	0.0919	0.0916	0.0924	0.0934	0.0884	0.0882	0.0879	0.0876	0.0911	0.0915	0.0937	0.0930	0.0879	0.0887	0.0883	0.0884	0.0922	0.0933	0.0919	0.0932	0.0878	0.0891	0.0880	0.0873	0.0911	0.0945	0.0932	0.0931	0.0887	0.0889	0.0879	0.0874	0.0931	0.0930	0.0926	0.0926	
0.0888	0.0890	0.0903	0.0871	0.0902	0.0917	0.0926	0.0914	0.0887	0.0882	0.0871	0.0871	0.0907	0.0907	0.0923	0.0918	0.0868	0.0879	0.0863	0.0870	0.0913	0.0913	0.0919	0.0921	0.0880	0.0878	0.0877	0.0866	0.0896	0.0899	0.0909	0.0914	0.0879	0.0876	0.0872	0.0873	0.0885	0.0897	0.0913	0.0915	0.0872	0.0884	0.0876	0.0878	0.0909	0.0918	0.0910	0.0917	0.0871	0.0883	0.0873	0.0867	0.0891	0.0913	0.0906	0.0909	0.0894	0.0881	0.0871	0.0870	0.0911	0.0906	0.0909	0.0909	
0.0893	0.0890	0.0909	0.0877	0.0909	0.0915	0.0922	0.0910	0.0893	0.0885	0.0879	0.0880	0.0902	0.0912	0.0921	0.0913	0.0882	0.0888	0.0870	0.0879	0.0899	0.0901	0.0908	0.0918	0.0886	0.0887	0.0890	0.0876	0.0903	0.0904	0.0902	0.0919	0.0886	0.0880	0.0883	0.0883	0.0889	0.0904	0.0911	0.0915	0.0879	0.0890	0.0885	0.0883	0.0904	0.0914	0.0913	0.0908	0.0877	0.0898	0.0886	0.0877	0.0893	0.0907	0.0913	0.0909	0.0892	0.0893	0.0883	0.0874	0.0910	0.0913	0.0910	0.0915	
0.0894	0.0890	0.0907	0.0873	0.0908	0.0909	0.0922	0.0922	0.0894	0.0883	0.0880	0.0874	0.0929	0.0925	0.0925	0.0919	0.0875	0.0888	0.0871	0.0878	0.0908	0.0918	0.0914	0.0927	0.0887	0.0887	0.0885	0.0871	0.0916	0.0917	0.0922	0.0928	0.0882	0.0883	0.0879	0.0882	0.0896	0.0911	0.0924	0.0922	0.0882	0.0890	0.0883	0.0875	0.0915	0.0934	0.0915	0.0931	0.0877	0.0883	0.0883	0.0874	0.0903	0.0909	0.0923	0.0920	0.0895	0.0890	0.0880	0.0869	0.0927	0.0915	0.0915	0.0917	
0.0894	0.0891	0.0910	0.0876	0.0905	0.0904	0.0921	0.0910	0.0892	0.0887	0.0879	0.0880	0.0907	0.0920	0.0920	0.0910	0.0875	0.0889	0.0869	0.0877	0.0903	0.0929	0.0907	0.0919	0.0885	0.0886	0.0887	0.0875	0.0909	0.0914	0.0919	0.0918	0.0886	0.0883	0.0880	0.0877	0.0885	0.0905	0.0918	0.0916	0.0880	0.0884	0.0888	0.0878	0.0907	0.0922	0.0911	0.0919	0.0875	0.0903	0.0893	0.0884	0.0891	0.0906	0.0906	0.0917	0.0949	0.0891	0.0880	0.0869	0.0923	0.0913	0.0914	0.0911	
0.0894	0.0888	0.0908	0.0877	0.0892	0.0905	0.0907	0.0900	0.0895	0.0887	0.0882	0.0875	0.0898	0.0902	0.0907	0.0905	0.0880	0.0889	0.0871	0.0876	0.0893	0.0896	0.0904	0.0896	0.0890	0.0887	0.0886	0.0872	0.0901	0.0901	0.0900	0.0906	0.0887	0.0881	0.0880	0.0876	0.0882	0.0897	0.0895	0.0905	0.0881	0.0892	0.0885	0.0882	0.0904	0.0914	0.0900	0.0904	0.0877	0.0906	0.0890	0.0879	0.0894	0.0898	0.0898	0.0892	0.0895	0.0891	0.0884	0.0873	0.0907	0.0903	0.0900	0.0900	
0.0897	0.0892	0.0911	0.0876	0.0915	0.0903	0.0915	0.0916	0.0895	0.0904	0.0882	0.0881	0.0907	0.0916	0.0915	0.0913	0.0879	0.0890	0.0873	0.0880	0.0907	0.0906	0.0916	0.0917	0.0890	0.0894	0.0891	0.0874	0.0901	0.0905	0.0914	0.0911	0.0891	0.0884	0.0882	0.0877	0.0889	0.0905	0.0917	0.0910	0.0884	0.0891	0.0882	0.0883	0.0914	0.0931	0.0910	0.0923	0.0887	0.0893	0.0908	0.0878	0.0903	0.0910	0.0914	0.0920	0.0897	0.0897	0.0881	0.0871	0.0918	0.0912	0.0920	0.0913	
0.0899	0.0891	0.0912	0.0880	0.0905	0.0902	0.0922	0.0903	0.0901	0.0889	0.0880	0.0881	0.0905	0.0912	0.0922	0.0916	0.0882	0.0889	0.0873	0.0879	0.0904	0.0912	0.0915	0.0912	0.0891	0.0888	0.0888	0.0872	0.0906	0.0905	0.0913	0.0921	0.0887	0.0887	0.0877	0.0880	0.0893	0.0905	0.0918	0.0911	0.0887	0.0891	0.0888	0.0881	0.0910	0.0925	0.0916	0.0914	0.0880	0.0893	0.0890	0.0884	0.0902	0.0904	0.0919	0.0924	0.0892	0.0894	0.0886	0.0875	0.0929	0.0909	0.0944	0.0907	
0.0894	0.0889	0.0911	0.0876	0.0907	0.0908	0.0914	0.0911	0.0894	0.0888	0.0883	0.0874	0.0909	0.0911	0.0901	0.0905	0.0880	0.0893	0.0867	0.0878	0.0896	0.0908	0.0911	0.0910	0.0890	0.0889	0.0889	0.0868	0.0900	0.0916	0.0916	0.0925	0.0896	0.0887	0.0882	0.0878	0.0894	0.0914	0.0911	0.0917	0.0885	0.0890	0.0883	0.0880	0.0910	0.0920	0.0911	0.0923	0.0888	0.0904	0.0892	0.0886	0.0895	0.0908	0.0908	0.0909	0.0903	0.0900	0.0891	0.0881	0.0925	0.0915	0.0913	0.0910	
0.0908	0.0901	0.0926	0.0893	0.0907	0.0910	0.0916	0.0910	0.0911	0.0901	0.0898	0.0892	0.0905	0.0908	0.0915	0.0910	0.0897	0.0907	0.0886	0.0892	0.0909	0.0907	0.0912	0.0912	0.0908	0.0906	0.0902	0.0894	0.0910	0.0911	0.0914	0.0918	0.0908	0.0898	0.0898	0.0893	0.0891	0.0908	0.0907	0.0915	0.0898	0.0908	0.0900	0.0903	0.0906	0.0927	0.0908	0.0918	0.0897	0.0905	0.0904	0.0896	0.0898	0.0908	0.0916	0.0914	0.0993	0.0909	0.0897	0.0893	0.0920	0.0917	0.0913	0.0909	
0.0905	0.0896	0.0916	0.0879	0.0913	0.0905	0.0923	0.0914	0.0897	0.0893	0.0885	0.0881	0.0920	0.0907	0.0917	0.0911	0.0888	0.0897	0.0876	0.0884	0.0915	0.0925	0.0916	0.0911	0.0900	0.0894	0.0896	0.0883	0.0908	0.0906	0.0912	0.0915	0.0902	0.0889	0.0885	0.0886	0.0903	0.0916	0.0924	0.0907	0.0893	0.0895	0.0888	0.0889	0.0925	0.0929	0.0909	0.0918	0.0888	0.0898	0.0922	0.0887	0.0909	0.0912	0.0920	0.0925	0.0909	0.0895	0.0884	0.0886	0.0928	0.0920	0.0917	0.0913	
0.0906	0.0911	0.0915	0.0882	0.0902	0.0902	0.0913	0.0900	0.0908	0.0899	0.0891	0.0888	0.0909	0.0903	0.0905	0.0909	0.0892	0.0900	0.0876	0.0887	0.0903	0.0906	0.0903	0.0913	0.0900	0.0899	0.0897	0.0884	0.0905	0.0897	0.0903	0.0912	0.0899	0.0888	0.0887	0.0888	0.0884	0.0903	0.0917	0.0915	0.0900	0.0900	0.0890	0.0894	0.0905	0.0920	0.0912	0.0912	0.0912	0.0898	0.0895	0.0892	0.0923	0.0911	0.0913	0.0911	0.0959	0.0901	0.0894	0.0883	0.0913	0.0910	0.0904	0.0909	
0.0902	0.0895	0.0916	0.0883	0.0897	0.0900	0.0918	0.0899	0.0906	0.0893	0.0886	0.0885	0.0907	0.0908	0.0910	0.0908	0.0892	0.0901	0.0879	0.0882	0.0903	0.0907	0.0909	0.0908	0.0901	0.0897	0.0895	0.0876	0.0904	0.0905	0.0904	0.0912	0.0897	0.0891	0.0888	0.0892	0.0897	0.0906	0.0913	0.0912	0.0895	0.0900	0.0882	0.0885	0.0914	0.0931	0.0904	0.0924	0.0886	0.0897	0.0894	0.0892	0.0897	0.0919	0.0915	0.0913	0.0915	0.0901	0.0888	0.0880	0.0919	0.0926	0.0907	0.0918	
0.0908	0.0897	0.0922	0.0889	0.0892	0.0897	0.0911	0.0895	0.0912	0.0898	0.0894	0.0889	0.0901	0.0900	0.0908	0.0907	0.0900	0.0903	0.0883	0.0893	0.0900	0.0902	0.0903	0.0902	0.0909	0.0906	0.0902	0.0890	0.0893	0.0891	0.0911	0.0904	0.0909	0.0893	0.0893	0.0892	0.0879	0.0895	0.0911	0.0909	0.0904	0.0905	0.0894	0.0897	0.0909	0.0920	0.0899	0.0913	0.0892	0.0900	0.0900	0.0894	0.0891	0.0924	0.0903	0.0907	0.0938	0.0905	0.0894	0.0885	0.0915	0.0906	0.0903	0.0906	
0.0913	0.0897	0.0923	0.0886	0.0911	0.0914	0.0924	0.0908	0.0916	0.0898	0.0890	0.0891	0.0915	0.0921	0.0912	0.0915	0.0901	0.0904	0.0886	0.0886	0.0906	0.0911	0.0916	0.0919	0.0909	0.0899	0.0900	0.0887	0.0909	0.0913	0.0924	0.0918	0.0905	0.0887	0.0889	0.0896	0.0907	0.0909	0.0917	0.0916	0.0905	0.0902	0.0896	0.0896	0.0915	0.0936	0.0925	0.0923	0.0894	0.0896	0.0891	0.0889	0.0914	0.0923	0.0921	0.0921	0.0906	0.0905	0.0893	0.0879	0.0926	0.0918	0.0920	0.0931	
0.0912	0.0896	0.0922	0.0885	0.0897	0.0899	0.0913	0.0903	0.0914	0.0918	0.0890	0.0887	0.0906	0.0904	0.0909	0.0911	0.0902	0.0901	0.0881	0.0884	0.0898	0.0908	0.0906	0.0909	0.0910	0.0899	0.0896	0.0886	0.0909	0.0909	0.0914	0.0915	0.0908	0.0896	0.0892	0.0890	0.0900	0.0910	0.0911	0.0917	0.0898	0.0901	0.0894	0.0896	0.0895	0.0922	0.0901	0.0911	0.0896	0.0904	0.0894	0.0891	0.0899	0.0911	0.0909	0.0914	0.0906	0.0903	0.0896	0.0885	0.0921	0.0917	0.0909	0.0918	
0.0918	0.0901	0.0919	0.0884	0.0911	0.0912	0.0926	0.0918	0.0913	0.0896	0.0890	0.0890	0.0925	0.0909	0.0926	0.0916	0.0902	0.0904	0.0883	0.0886	0.0910	0.0915	0.0914	0.0917	0.0917	0.0900	0.0897	0.0883	0.0911	0.0923	0.0923	0.0923	0.0913	0.0898	0.0891	0.0896	0.0896	0.0919	0.0930	0.0921	0.0904	0.0899	0.0893	0.0889	0.0926	0.0940	0.0923	0.0935	0.0893	0.0893	0.0896	0.0892	0.0901	0.0929	0.0932	0.0935	0.0919	0.0901	0.0887	0.0883	0.0927	0.0927	0.0930	0.0911	
0.0923	0.0902	0.0923	0.0889	0.0905	0.0901	0.0905	0.0904	0.0918	0.0899	0.0893	0.0893	0.0911	0.0910	0.0906	0.0913	0.0908	0.0906	0.0883	0.0891	0.0910	0.0908	0.0909	0.0919	0.0923	0.0905	0.0898	0.0888	0.0904	0.0907	0.0920	0.0916	0.0918	0.0894	0.0894	0.0889	0.0897	0.0907	0.0920	0.0918	0.0911	0.0905	0.0894	0.0889	0.0917	0.0917	0.0910	0.0920	0.0901	0.0900	0.0900	0.0891	0.0897	0.0901	0.0922	0.0912	0.0911	0.0906	0.0899	0.0887	0.0922	0.0924	0.0912	0.0919	
0.0925	0.0898	0.0924	0.0888	0.0954	0.0903	0.0936	0.0897	0.0923	0.0897	0.0895	0.0890	0.0901	0.0906	0.0909	0.0900	0.0911	0.0910	0.0883	0.0893	0.0908	0.0903	0.0910	0.0911	0.0922	0.0908	0.0900	0.0888	0.0909	0.0913	0.0915	0.0914	0.0915	0.0897	0.0890	0.0891	0.0894	0.0903	0.0907	0.0916	0.0910	0.0903	0.0892	0.0891	0.0911	0.0921	0.0909	0.0909	0.0899	0.0901	0.0917	0.0892	0.0897	0.0908	0.0909	0.0907	0.0925	0.0903	0.0890	0.0883	0.0923	0.0913	0.0905	0.0909	
0.0935	0.0905	0.0929	0.0889	0.0913	0.0907	0.0931	0.0915	0.0932	0.0916	0.0895	0.0893	0.0918	0.0910	0.0914	0.0916	0.0921	0.0911	0.0885	0.0896	0.0910	0.0924	0.0923	0.0930	0.0934	0.0911	0.0903	0.0888	0.0915	0.0913	0.0913	0.0923	0.0924	0.0896	0.0896	0.0894	0.0905	0.0911	0.0920	0.0927	0.0917	0.0904	0.0897	0.0897	0.0926	0.0934	0.0922	0.0927	0.0908	0.0912	0.0901	0.0899	0.0915	0.0926	0.0924	0.0928	0.0913	0.0904	0.0898	0.0890	0.0930	0.0932	0.0927	0.0924	
0.0935	0.0906	0.0923	0.0888	0.0911	0.0906	0.0920	0.0915	0.0929	0.0906	0.0894	0.0894	0.0912	0.0910	0.0921	0.0917	0.0924	0.0911	0.0886	0.0893	0.0907	0.0916	0.0918	0.0921	0.0933	0.0911	0.0902	0.0888	0.0914	0.0915	0.0920	0.0915	0.0925	0.0897	0.0898	0.0891	0.0893	0.0919	0.0926	0.0922	0.0919	0.0906	0.0897	0.0894	0.0914	0.0936	0.0923	0.0919	0.0906	0.0902	0.0896	0.0899	0.0907	0.0919	0.0929	0.0937	0.0919	0.0908	0.0897	0.0889	0.0924	0.0921	0.0924	0.0922	
0.0938	0.0909	0.0930	0.0891	0.0908	0.0913	0.0915	0.0907	0.0944	0.0901	0.0898	0.0890	0.0910	0.0910	0.0910	0.0914	0.0928	0.0911	0.0889	0.0896	0.0898	0.0913	0.0916	0.0919	0.0939	0.0904	0.0903	0.0886	0.0910	0.0915	0.0915	0.0929	0.0942	0.0900	0.0895	0.0897	0.0902	0.0917	0.0922	0.0923	0.0925	0.0903	0.0895	0.0892	0.0911	0.0926	0.0915	0.0912	0.0907	0.0899	0.0908	0.0892	0.0914	0.0916	0.0923	0.0924	0.0921	0.0913	0.0893	0.0882	0.0931	0.0919	0.0920	0.0924	
0.0944	0.0908	0.0932	0.0887	0.0908	0.0907	0.0920	0.0910	0.0951	0.0908	0.0904	0.0896	0.0916	0.0914	0.0918	0.0916	0.0935	0.0918	0.0891	0.0894	0.0905	0.0912	0.0916	0.0913	0.0949	0.0933	0.0901	0.0890	0.0905	0.0914	0.0914	0.0914	0.0944	0.0897	0.0894	0.0899	0.0911	0.0920	0.0932	0.0922	0.0927	0.0908	0.0898	0.0896	0.0923	0.0920	0.0923	0.0922	0.0907	0.0907	0.0906	0.0893	0.0915	0.0916	0.0930	0.0928	0.0926	0.0910	0.0897	0.0889	0.0936	0.0928	0.0917	0.0918	
0.0957	0.0913	0.0941	0.0894	0.0897	0.0899	0.0919	0.0910	0.0958	0.0914	0.0905	0.0900	0.0909	0.0900	0.0913	0.0912	0.0943	0.0923	0.0894	0.0901	0.0908	0.0911	0.0919	0.0921	0.0955	0.0915	0.0909	0.0893	0.0908	0.0907	0.0911	0.0912	0.0946	0.0911	0.0899	0.0900	0.0897	0.0916	0.0923	0.0932	0.0938	0.0912	0.0905	0.0897	0.0906	0.0927	0.0918	0.0915	0.0920	0.0919	0.0903	0.0903	0.0909	0.0918	0.0929	0.0916	0.0918	0.0913	0.0899	0.0891	0.0922	0.0909	0.0909	0.0915	
0.0961	0.0917	0.0938	0.0882	0.0911	0.0910	0.0926	0.0920	0.0968	0.0915	0.0907	0.0901	0.0915	0.0915	0.0917	0.0914	0.0955	0.0926	0.0898	0.0900	0.0905	0.0919	0.0920	0.0925	0.0967	0.0920	0.0911	0.0893	0.0915	0.0921	0.0924	0.0922	0.0959	0.0912	0.0899	0.0901	0.0907	0.0921	0.0930	0.0928	0.0944	0.0916	0.0904	0.0904	0.0920	0.0930	0.0930	0.0937	0.0926	0.0919	0.0904	0.0899	0.0910	0.0919	0.0933	0.0927	0.0933	0.0914	0.0893	0.0889	0.0935	0.0930	0.0915	0.0932	
0.0969	0.0918	0.0941	0.0893	0.0903	0.0907	0.0919	0.0904	0.0970	0.0917	0.0905	0.0895	0.0909	0.0898	0.0918	0.0908	0.0961	0.0929	0.0896	0.0896	0.0911	0.0910	0.0915	0.0914	0.0974	0.0918	0.0916	0.0892	0.0911	0.0915	0.0910	0.0917	0.0971	0.0905	0.0895	0.0899	0.0894	0.0913	0.0923	0.0918	0.0938	0.0917	0.0909	0.0901	0.0922	0.0930	0.0919	0.0919	0.0922	0.0911	0.0901	0.0900	0.0905	0.0916	0.0920	0.0935	0.1031	0.0906	0.0898	0.0886	0.0924	0.0928	0.0915	0.0914	
0.0972	0.0918	0.0939	0.0894	0.0903	0.0908	0.0922	0.0917	0.0984	0.0919	0.0908	0.0907	0.0919	0.0912	0.0916	0.0913	0.0975	0.0934	0.0902	0.0893	0.0899	0.0911	0.0908	0.0923	0.0990	0.0923	0.0914	0.0891	0.0910	0.0917	0.0914	0.0924	0.0968	0.0913	0.0903	0.0903	0.0898	0.0912	0.0925	0.0922	0.0954	0.0916	0.0911	0.0900	0.0924	0.0933	0.0923	0.0927	0.0932	0.0922	0.0904	0.0915	0.0914	0.0918	0.0931	0.0948	0.0941	0.0923	0.0907	0.0895	0.0932	0.0914	0.0925	0.0919	
0.0985	0.0924	0.0944	0.0896	0.0902	0.0910	0.0915	0.0909	0.1001	0.0924	0.0912	0.0897	0.0918	0.0909	0.0915	0.0911	0.0983	0.0938	0.0894	0.0894	0.0898	0.0919	0.0919	0.0908	0.0994	0.0926	0.0914	0.0898	0.0907	0.0913	0.0905	0.0917	0.0972	0.0919	0.0904	0.0904	0.0899	0.0918	0.0921	0.0917	0.0959	0.0910	0.0902	0.0901	0.0918	0.0924	0.0916	0.0924	0.0948	0.0909	0.0903	0.0899	0.0897	0.0920	0.0915	0.0926	0.0931	0.0916	0.0896	0.0887	0.0930	0.0925	0.0920	0.0927	
0.1002	0.0923	0.0940	0.0903	0.0902	0.0901	0.0916	0.0897	0.1005	0.0927	0.0910	0.0897	0.0903	0.0901	0.0907	0.0909	0.0992	0.0940	0.0897	0.0900	0.0912	0.0915	0.0909	0.0911	0.1003	0.0925	0.0911	0.0902	0.0913	0.0915	0.0910	0.0914	0.0994	0.0920	0.0899	0.0901	0.0890	0.0909	0.0922	0.0920	0.0966	0.0918	0.0911	0.0903	0.0919	0.0923	0.0923	0.0921	0.0946	0.0917	0.0911	0.0900	0.0906	0.0923	0.0918	0.0919	0.0934	0.0921	0.0901	0.0894	0.0937	0.0919	0.0912	0.0918	
0.1014	0.0932	0.0949	0.0896	0.0905	0.0916	0.0928	0.0922	0.1039	0.0938	0.0924	0.0906	0.0915	0.0920	0.0918	0.0911	0.1012	0.0951	0.0908	0.0908	0.0915	0.0921	0.0925	0.0915	0.1026	0.0940	0.0921	0.0901	0.0919	0.0924	0.0930	0.0928	0.1005	0.0926	0.0901	0.0914	0.0901	0.0922	0.0930	0.0925	0.0974	0.0931	0.0917	0.0905	0.0927	0.0934	0.0929	0.0932	0.0949	0.0928	0.0914	0.0912	0.0915	0.0928	0.0939	0.0944	0.0970	0.0931	0.0908	0.0899	0.0935	0.0935	0.0924	0.0923	
0.1025	0.0937	0.0950	0.0900	0.0902	0.0904	0.0921	0.0907	0.1042	0.0937	0.0922	0.0902	0.0912	0.0921	0.0909	0.0912	0.1024	0.0953	0.0907	0.0899	0.0909	0.0908	0.0905	0.0914	0.1029	0.0948	0.0927	0.0898	0.0916	0.0918	0.0920	0.0920	0.1020	0.0929	0.0913	0.0909	0.0892	0.0912	0.0924	0.0922	0.0991	0.0930	0.0913	0.0900	0.0923	0.0936	0.0924	0.0927	0.0939	0.0923	0.0909	0.0910	0.0908	0.0926	0.0923	0.0931	0.0947	0.0931	0.0901	0.0896	0.0928	0.0931	0.0925	0.0916	
0.1037	0.0950	0.0949	0.0899	0.0906	0.0907	0.0919	0.0915	0.1054	0.0948	0.0924	0.0903	0.0917	0.0916	0.0916	0.0917	0.1049	0.0953	0.0902	0.0903	0.0916	0.0923	0.0918	0.0918	0.1056	0.0936	0.0914	0.0896	0.0922	0.0917	0.0918	0.0927	0.1018	0.0932	0.0901	0.0909	0.0898	0.0925	0.0938	0.0928	0.0994	0.0931	0.0913	0.0901	0.0923	0.0935	0.0923	0.0934	0.0959	0.0934	0.0920	0.0915	0.0912	0.0914	0.0930	0.0947	0.0951	0.0930	0.0906	0.0895	0.0943	0.0927	0.0927	0.0920	
0.1041	0.0932	0.0945	0.0887	0.0903	0.0905	0.0920	0.0917	0.1079	0.0940	0.0920	0.0896	0.0908	0.0909	0.0921	0.0914	0.1054	0.0959	0.0893	0.0894	0.0911	0.0911	0.0918	0.0915	0.1065	0.0935	0.0905	0.0880	0.0923	0.0911	0.0922	0.0914	0.1020	0.0927	0.0890	0.0896	0.0899	0.0917	0.0928	0.0925	0.0994	0.0919	0.0899	0.0890	0.0927	0.0937	0.0916	0.0927	0.0945	0.0914	0.0893	0.0889	0.0901	0.0929	0.0932	0.0936	0.0976	0.0927	0.0889	0.0881	0.0933	0.0927	0.0929	0.0923	
0.1073	0.0952	0.0961	0.0906	0.0902	0.0900	0.0916	0.0910	0.1100	0.0958	0.0936	0.0912	0.0917	0.0909	0.0914	0.0917	0.1083	0.0973	0.0918	0.0906	0.0906	0.0913	0.0915	0.0917	0.1086	0.0953	0.0930	0.0898	0.0912	0.0918	0.0921	0.0931	0.1057	0.0938	0.0912	0.0908	0.0890	0.0926	0.0927	0.0924	0.1016	0.0933	0.0919	0.0902	0.0919	0.0939	0.0929	0.0928	0.0966	0.0940	0.0917	0.0910	0.0910	0.0926	0.0928	0.0947	0.0948	0.0943	0.0906	0.0894	0.0943	0.0932	0.0929	0.0930	
0.1096	0.0963	0.0970	0.0906	0.0898	0.0906	0.0919	0.0921	0.1150	0.0968	0.0950	0.0914	0.0918	0.0915	0.0916	0.0907	0.1099	0.0992	0.0926	0.0908	0.0922	0.0916	0.0921	0.0914	0.1108	0.0958	0.0930	0.0897	0.0919	0.0914	0.0923	0.0925	0.1069	0.0936	0.0905	0.0918	0.0902	0.0913	0.0939	0.0924	0.1031	0.0938	0.0921	0.0900	0.0920	0.0938	0.0930	0.0923	0.0974	0.0940	0.0915	0.0911	0.0904	0.0927	0.0927	0.0936	0.1001	0.0945	0.0912	0.0899	0.0939	0.0934	0.0925	0.0926	
0.1129	0.0962	0.0977	0.0916	0.0916	0.0913	0.0919	0.0918	0.1158	0.0979	0.0948	0.0913	0.0922	0.0915	0.0918	0.0920	0.1122	0.0989	0.0920	0.0909	0.0920	0.0920	0.0920	0.0920	0.1141	0.0963	0.0931	0.0900	0.0921	0.0915	0.0927	0.0928	0.1087	0.0947	0.0914	0.0914	0.0905	0.0920	0.0932	0.0927	0.1044	0.0941	0.0921	0.0902	0.0918	0.0930	0.0927	0.0926	0.0976	0.0938	0.0917	0.0906	0.0912	0.0927	0.0932	0.0924	0.0988	0.0937	0.0910	0.0899	0.0939	0.0920	0.0921	0.0930	
0.1144	0.0980	0.0983	0.0911	0.0912	0.0922	0.0932	0.0921	0.1200	0.0985	0.0958	0.0920	0.0923	0.0924	0.0926	0.0927	0.1161	0.1006	0.0929	0.0910	0.0925	0.0919	0.0924	0.0923	0.1160	0.0966	0.0932	0.0896	0.0925	0.0925	0.0925	0.0930	0.1110	0.0948	0.0910	0.0911	0.0918	0.0922	0.0940	0.0935	0.1050	0.0950	0.0924	0.0914	0.0928	0.0942	0.0930	0.0932	0.0993	0.0942	0.0912	0.0907	0.0915	0.0931	0.0934	0.0935	0.0962	0.0948	0.0910	0.0900	0.0942	0.0939	0.0954	0.0935	
0.1178	0.0996	0.0987	0.0915	0.0894	0.0897	0.0915	0.0905	0.1239	0.1003	0.0965	0.0926	0.0911	0.0915	0.0908	0.0908	0.1193	0.1008	0.0933	0.0916	0.0919	0.0909	0.0915	0.0913	0.1198	0.0978	0.0940	0.0902	0.0910	0.0909	0.0918	0.0912	0.1128	0.0954	0.0918	0.0917	0.0904	0.0915	0.0925	0.0921	0.1074	0.0952	0.0922	0.0902	0.0919	0.0927	0.0917	0.0934	0.0994	0.0952	0.0916	0.0913	0.0918	0.0929	0.0927	0.0935	0.0973	0.0951	0.0905	0.0905	0.0926	0.0909	0.0928	0.0928	
0.1215	0.1000	0.0996	0.0918	0.0896	0.0899	0.0907	0.0907	0.1273	0.1011	0.0973	0.0919	0.0902	0.0905	0.0902	0.0909	0.1221	0.1022	0.0943	0.0915	0.0897	0.0905	0.0914	0.0918	0.1217	0.0987	0.0947	0.0906	0.0899	0.0912	0.0933	0.0925	0.1150	0.0958	0.0918	0.0921	0.0897	0.0914	0.0910	0.0920	0.1072	0.0954	0.0926	0.0907	0.0926	0.0914	0.0915	0.0920	0.0992	0.0952	0.0913	0.0906	0.0900	0.0910	0.0920	0.0940	0.0981	0.0956	0.0916	0.0905	0.0925	0.0918	0.0924	0.0925	
0.1261	0.1017	0.1002	0.0924	0.0910	0.0914	0.0918	0.0915	0.1325	0.1029	0.0978	0.0928	0.0925	0.0917	0.0915	0.0905	0.1265	0.1038	0.0943	0.0919	0.0901	0.0922	0.0925	0.0925	0.1248	0.0999	0.0948	0.0904	0.0922	0.0914	0.0917	0.0920	0.1169	0.0968	0.0918	0.0919	0.0909	0.0920	0.0937	0.0917	0.1097	0.0969	0.0931	0.0908	0.0924	0.0949	0.0918	0.0932	0.1008	0.0957	0.0924	0.0915	0.0920	0.0936	0.0923	0.0945	0.0987	0.0961	0.0926	0.0908	0.0934	0.0923	0.0937	0.0928	
0.1295	0.1034	0.1011	0.0927	0.0906	0.0904	0.0923	0.0912	0.1382	0.1053	0.0990	0.0936	0.0921	0.0908	0.0915	0.0918	0.1321	0.1054	0.0954	0.0922	0.0899	0.0917	0.0910	0.0911	0.1298	0.1004	0.0957	0.0913	0.0912	0.0910	0.0922	0.0912	0.1199	0.0983	0.0926	0.0921	0.0898	0.0918	0.0922	0.0926	0.1107	0.0976	0.0938	0.0914	0.0919	0.0939	0.0913	0.0924	0.1023	0.0974	0.0923	0.0919	0.0906	0.0924	0.0915	0.0932	0.0992	0.0970	0.0926	0.0914	0.0930	0.0927	0.0923	0.0913	
0.1346	0.1062	0.1020	0.0934	0.0915	0.0911	0.0917	0.0913	0.1442	0.1076	0.1003	0.0944	0.0905	0.0903	0.0921	0.0900	0.1386	0.1077	0.0968	0.0932	0.0905	0.0908	0.0910	0.0915	0.1344	0.1030	0.0963	0.0918	0.0913	0.0914	0.0909	0.0911	0.1236	0.0991	0.0928	0.0927	0.0888	0.0911	0.0922	0.0917	0.1134	0.0976	0.0937	0.0914	0.0923	0.0929	0.0927	0.0927	0.1025	0.0989	0.0936	0.0923	0.0902	0.0920	0.0925	0.0930	0.1000	0.0969	0.0929	0.0908	0.0947	0.0923	0.0936	0.0919	
0.1410	0.1078	0.1032	0.0937	0.0891	0.0894	0.0909	0.0907	0.1515	0.1103	0.1017	0.0945	0.0914	0.0902	0.0910	0.0910	0.1426	0.1103	0.0977	0.0932	0.0894	0.0915	0.0900	0.0917	0.1382	0.1042	0.0967	0.0921	0.0897	0.0905	0.0909	0.0903	0.1265	0.0999	0.0937	0.0934	0.0890	0.0905	0.0922	0.0922	0.1161	0.0988	0.0950	0.0912	0.0919	0.0930	0.0903	0.0929	0.1042	0.0982	0.0930	0.0924	0.0903	0.0929	0.0922	0.0923	0.1002	0.0981	0.0921	0.0908	0.0939	0.0913	0.0921	0.0930	
0.1460	0.1100	0.1045	0.0945	0.0918	0.0931	0.0930	0.0930	0.1579	0.1132	0.1023	0.0953	0.0927	0.0931	0.0923	0.0920	0.1496	0.1125	0.0981	0.0934	0.0903	0.0927	0.0921	0.0925	0.1425	0.1067	0.0973	0.0917	0.0925	0.0919	0.0927	0.0937	0.1303	0.1011	0.0938	0.0933	0.0901	0.0918	0.0938	0.0930	0.1157	0.0996	0.0942	0.0918	0.0927	0.0953	0.0934	0.0931	0.1045	0.1014	0.0925	0.0925	0.0927	0.0935	0.0940	0.0938	0.1059	0.0978	0.0924	0.0909	0.0937	0.0940	0.0940	0.0945	
0.1541	0.1134	0.1057	0.0949	0.0907	0.0915	0.0936	0.0910	0.1655	0.1165	0.1045	0.0960	0.0910	0.0910	0.0909	0.0904	0.1566	0.1153	0.0994	0.0941	0.0911	0.0907	0.0907	0.0906	0.1484	0.1091	0.0980	0.0925	0.0909	0.0912	0.0900	0.0912	0.1333	0.1019	0.0940	0.0937	0.0893	0.0915	0.0923	0.0910	0.1183	0.0997	0.0943	0.0911	0.0912	0.0931	0.0914	0.0922	0.1053	0.1017	0.0931	0.0925	0.0909	0.0914	0.0916	0.0942	0.1021	0.0996	0.0924	0.0907	0.0929	0.0925	0.0923	0.0928	
0.1618	0.1164	0.1075	0.0953	0.0908	0.0902	0.0912	0.0915	0.1758	0.1197	0.1059	0.0967	0.0916	0.0910	0.0907	0.0908	0.1651	0.1182	0.1007	0.0947	0.0893	0.0915	0.0911	0.0908	0.1534	0.1113	0.0988	0.0927	0.0906	0.0902	0.0909	0.0909	0.1374	0.1039	0.0948	0.0938	0.0898	0.0914	0.0918	0.0914	0.1212	0.1007	0.0946	0.0914	0.0916	0.0936	0.0912	0.0926	0.1054	0.1029	0.0931	0.0928	0.0908	0.0917	0.0916	0.0915	0.1033	0.0995	0.0927	0.0912	0.0929	0.0920	0.0921	0.0930	
0.1723	0.1211	0.1092	0.0964	0.0911	0.0908	0.0911	0.0913	0.1863	0.1249	0.1077	0.0979	0.0912	0.0918	0.0908	0.0903	0.1742	0.1219	0.1025	0.0958	0.0915	0.0914	0.0910	0.0925	0.1609	0.1147	0.0997	0.0935	0.0919	0.0917	0.0920	0.1002	0.1405	0.1055	0.0954	0.0943	0.0903	0.0922	0.0925	0.0924	0.1228	0.1024	0.0961	0.0924	0.0921	0.0938	0.0934	0.0929	0.1084	0.1040	0.0937	0.0928	0.0910	0.0921	0.0933	0.0920	0.1079	0.1008	0.0934	0.0904	0.0934	0.0921	0.0932	0.0915	
0.1821	0.1252	0.1112	0.0974	0.0903	0.0908	0.0921	0.0914	0.1975	0.1292	0.1099	0.0989	0.0923	0.0927	0.0919	0.0921	0.1843	0.1257	0.1040	0.0963	0.0910	0.0920	0.0926	0.0940	0.1668	0.1178	0.1010	0.0942	0.0913	0.0932	0.0932	0.0922	0.1466	0.1079	0.0959	0.0952	0.0898	0.0926	0.0934	0.0924	0.1259	0.1041	0.0958	0.0925	0.0929	0.0946	0.0929	0.0931	0.1095	0.1045	0.0948	0.0927	0.0908	0.0932	0.0934	0.0929	0.1058	0.1015	0.0936	0.0910	0.0948	0.0921	0.0929	0.0922	
0.1928	0.1309	0.1132	0.0982	0.0916	0.0913	0.0928	0.0925	0.2098	0.1362	0.1121	0.0994	0.0924	0.0916	0.0921	0.0927	0.1964	0.1306	0.1066	0.0968	0.0926	0.0921	0.0914	0.0922	0.1742	0.1222	0.1025	0.0949	0.0922	0.0926	0.0925	0.0933	0.1519	0.1094	0.0973	0.0948	0.0905	0.0921	0.0936	0.0931	0.1289	0.1052	0.0970	0.0926	0.0937	0.0947	0.0946	0.0929	0.1116	0.1050	0.0952	0.0936	0.0947	0.0936	0.0941	0.0942	0.1052	0.1031	0.0943	0.0915	0.0952	0.0938	0.0933	0.0934	
0.2069	0.1373	0.1153	0.0993	0.0918	0.0909	0.0925	0.0927	0.2225	0.1437	0.1148	0.1012	0.0922	0.0924	0.0922	0.0912	0.2067	0.1366	0.1087	0.0983	0.0909	0.0925	0.0930	0.0912	0.1817	0.1277	0.1036	0.0957	0.0924	0.0923	0.0924	0.0928	0.1556	0.1122	0.0992	0.0964	0.0906	0.0928	0.0928	0.0924	0.1315	0.1080	0.0974	0.0934	0.0937	0.0939	0.0922	0.0929	0.1123	0.1071	0.0957	0.0940	0.0925	0.0933	0.0930	0.0931	0.1084	0.1032	0.0947	0.0919	0.0952	0.0917	0.0939	0.0926	
0.2180	0.1441	0.1185	0.1011	0.0924	0.0924	0.0920	0.0925	0.2382	0.1524	0.1180	0.1023	0.0925	0.0927	0.0920	0.0916	0.2205	0.1439	0.1107	0.0990	0.0915	0.0924	0.0927	0.0915	0.1904	0.1324	0.1048	0.0965	0.0922	0.0907	0.0915	0.0912	0.1566	0.1144	0.0992	0.0961	0.0902	0.0925	0.0927	0.0918	0.1354	0.1093	0.0988	0.0940	0.0919	0.0937	0.0937	0.0914	0.1146	0.1072	0.0982	0.0930	0.0914	0.0926	0.0929	0.0920	0.1105	0.1062	0.0954	0.0919	0.0950	0.0921	0.0931	0.0935	
0.2344	0.1528	0.1200	0.1025	0.0919	0.0918	0.0928	0.0922	0.2540	0.1597	0.1212	0.1035	0.0928	0.0909	0.0915	0.0915	0.2333	0.1500	0.1129	0.1000	0.0911	0.0914	0.0916	0.0921	0.1985	0.1391	0.1066	0.0972	0.0921	0.0915	0.0907	0.0924	0.1649	0.1190	0.1012	0.0974	0.0905	0.0914	0.0921	0.0916	0.1372	0.1109	0.0985	0.0946	0.0934	0.0927	0.0920	0.0925	0.1166	0.1111	0.0978	0.0937	0.0915	0.0932	0.0922	0.0944	0.1085	0.1074	0.0953	0.0927	0.0948	0.0938	0.0929	0.0930	
0.2514	0.1605	0.1235	0.1036	0.0928	0.0916	0.0922	0.0922	0.2709	0.1700	0.1242	0.1054	0.0953	0.0920	0.0904	0.0908	0.2496	0.1590	0.1161	0.1015	0.0908	0.0924	0.0919	0.0916	0.2073	0.1450	0.1083	0.0986	0.0926	0.0913	0.0912	0.0925	0.1682	0.1222	0.1021	0.0986	0.0906	0.0922	0.0928	0.0923	0.1417	0.1143	0.1000	0.0953	0.0911	0.0931	0.0927	0.0916	0.1179	0.1128	0.0986	0.0944	0.0911	0.0922	0.0927	0.0939	0.1095	0.1081	0.0965	0.0932	0.0951	0.0924	0.0929	0.0936	
0.2736	0.1726	0.1271	0.1054	0.0932	0.0928	0.0929	0.0936	0.2886	0.1816	0.1279	0.1076	0.0949	0.0931	0.0938	0.0924	0.2685	0.1677	0.1202	0.1031	0.0917	0.0935	0.0932	0.0913	0.2130	0.1529	0.1106	0.0989	0.0932	0.0946	0.0917	0.0920	0.1790	0.1256	0.1041	0.0989	0.0918	0.0933	0.0927	0.0926	0.1451	0.1166	0.1010	0.0953	0.0926	0.0940	0.0924	0.0923	0.1195	0.1132	0.0980	0.0950	0.0921	0.0937	0.0914	0.0936	0.1168	0.1081	0.0965	0.0925	0.0934	0.0933	0.0933	0.0923	
0.2916	0.1860	0.1309	0.1077	0.0934	0.0927	0.0927	0.0926	0.3113	0.1948	0.1314	0.1091	0.0929	0.0936	0.0925	0.0920	0.2851	0.1790	0.1230	0.1049	0.0926	0.0927	0.0941	0.0909	0.2276	0.1607	0.1118	0.1001	0.0929	0.0917	0.0919	0.0927	0.1817	0.1282	0.1056	0.1008	0.0909	0.0933	0.0918	0.0924	0.1493	0.1192	0.1017	0.0955	0.0927	0.0939	0.0921	0.0910	0.1217	0.1159	0.0981	0.0952	0.0918	0.0934	0.0923	0.0920	0.1120	0.1119	0.0977	0.0922	0.0951	0.0932	0.0936	0.0933	
0.3147	0.1967	0.1353	0.1087	0.0938	0.0930	0.0928	0.0926	0.3337	0.2081	0.1369	0.1113	0.0939	0.0921	0.0926	0.0912	0.3013	0.1893	0.1266	0.1065	0.0918	0.0928	0.0924	0.0907	0.2349	0.1711	0.1141	0.1009	0.0936	0.0919	0.0932	0.0930	0.1844	0.1311	0.1066	0.1006	0.0905	0.0913	0.0928	0.0915	0.1515	0.1224	0.1021	0.0963	0.0925	0.0943	0.0919	0.0916	0.1219	0.1176	0.1014	0.0959	0.0914	0.0931	0.0928	0.0911	0.1107	0.1120	0.0974	0.0926	0.0940	0.0921	0.0917	0.0912	
0.3408	0.2123	0.1406	0.1119	0.0935	0.0934	0.0924	0.0922	0.3548	0.2231	0.1419	0.1137	0.0932	0.0929	0.0931	0.0912	0.3212	0.2005	0.1304	0.1081	0.0912	0.0921	0.0916	0.0915	0.2459	0.1786	0.1169	0.1026	0.0927	0.0918	0.0917	0.0924	0.1942	0.1368	0.1086	0.1024	0.0921	0.0932	0.0906	0.0912	0.1565	0.1235	0.1049	0.0973	0.0928	0.0943	0.0918	0.0928	0.1235	0.1183	0.1013	0.0953	0.0922	0.0924	0.0932	0.0931	0.1125	0.1132	0.0998	0.0930	0.0956	0.0926	0.0940	0.0921	
0.3664	0.2312	0.1463	0.1136	0.0952	0.0951	0.0931	0.0946	0.3792	0.2419	0.1476	0.1154	0.0951	0.0943	0.0945	0.0935	0.3399	0.2151	0.1353	0.1112	0.0927	0.0929	0.0930	0.0926	0.2556	0.1897	0.1206	0.1046	0.0948	0.0933	0.0932	0.0940	0.1979	0.1417	0.1119	0.1035	0.0919	0.0930	0.0928	0.0927	0.1595	0.1276	0.1059	0.0981	0.0939	0.0957	0.0925	0.0936	0.1271	0.1210	0.1016	0.0957	0.0928	0.0937	0.0925	0.0939	0.1149	0.1163	0.0984	0.0930	0.0956	0.0927	0.0937	0.0930	
0.3954	0.2469	0.1492	0.1158	0.0959	0.0946	0.0929	0.0944	0.3947	0.2576	0.1531	0.1165	0.0956	0.0939	0.0931	0.0921	0.3620	0.2270	0.1395	0.1129	0.0926	0.0936	0.0931	0.0926	0.2664	0.1979	0.1223	0.1046	0.0955	0.0945	0.0931	0.0923	0.2084	0.1457	0.1136	0.1044	0.0920	0.0931	0.0932	0.0916	0.1631	0.1289	0.1052	0.0974	0.0943	0.0951	0.0931	0.0930	0.1276	0.1218	0.1021	0.0964	0.0925	0.0939	0.0934	0.0944	0.1143	0.1154	0.0993	0.0930	0.0958	0.0932	0.0920	0.0935	
0.4224	0.2666	0.1579	0.1203	0.0960	0.0952	0.0930	0.0954	0.4184	0.2745	0.1606	0.1213	0.0966	0.0950	0.0934	0.0922	0.3817	0.2422	0.1466	0.1163	0.0934	0.0941	0.0944	0.0932	0.2771	0.2098	0.1270	0.1085	0.0956	0.0945	0.0936	0.0927	0.2150	0.1521	0.1173	0.1070	0.0944	0.0950	0.0923	0.0923	0.1690	0.1331	0.1077	0.0998	0.0955	0.0955	0.0936	0.0944	0.1291	0.1247	0.1063	0.0976	0.0935	0.0947	0.0931	0.0928	0.1170	0.1203	0.1014	0.0937	0.0960	0.0955	0.0935	0.0916	
0.4542	0.2894	0.1654	0.1243	0.0972	0.0957	0.0936	0.0946	0.4413	0.2957	0.1672	0.1241	0.0974	0.0951	0.0951	0.0934	0.4031	0.2558	0.1517	0.1193	0.0936	0.0944	0.0942	0.0938	0.2845	0.2215	0.1302	0.1105	0.0973	0.0947	0.0931	0.0939	0.2202	0.1550	0.1205	0.1090	0.0946	0.0949	0.0934	0.0942	0.1729	0.1362	0.1103	0.1001	0.0956	0.0951	0.0935	0.0935	0.1332	0.1289	0.1051	0.0994	0.0938	0.0954	0.0937	0.0933	0.1186	0.1203	0.1030	0.0947	0.0963	0.0942	0.0948	0.0937	
0.4837	0.3149	0.1724	0.1274	0.0979	0.0959	0.0943	0.0943	0.4640	0.3158	0.1757	0.1277	0.0973	0.0961	0.0940	0.0938	0.4228	0.2749	0.1580	0.1225	0.0969	0.0939	0.0938	0.0931	0.2980	0.2335	0.1335	0.1129	0.0976	0.0943	0.0934	0.0939	0.2273	0.1626	0.1230	0.1103	0.0939	0.0948	0.0927	0.0926	0.1738	0.1414	0.1114	0.1027	0.0946	0.0962	0.0940	0.0936	0.1357	0.1304	0.1057	0.0988	0.0939	0.0945	0.0940	0.0928	0.1196	0.1249	0.1040	0.0957	0.0955	0.0932	0.0939	0.0935	
0.5138	0.3408	0.1813	0.1325	0.0992	0.0976	0.0955	0.0969	0.4796	0.3427	0.1841	0.1310	0.1003	0.0977	0.0959	0.0947	0.4451	0.2923	0.1659	0.1271	0.0965	0.0962	0.0957	0.0946	0.3052	0.2487	0.1381	0.1155	0.1005	0.0963	0.0951	0.0957	0.2348	0.1697	0.1280	0.1142	0.0951	0.0951	0.0938	0.0939	0.1811	0.1459	0.1147	0.1039	0.0980	0.0980	0.0948	0.0956	0.1406	0.1331	0.1077	0.0991	0.0956	0.0959	0.0954	0.0937	0.1237	0.1261	0.1043	0.0956	0.0969	0.0985	0.0940	0.0939	
0.5493	0.3665	0.1911	0.1369	0.0997	0.0967	0.0945	0.0952	0.4974	0.3570	0.1936	0.1360	0.0990	0.0962	0.0948	0.0941	0.4638	0.3080	0.1749	0.1323	0.0959	0.0948	0.0927	0.0930	0.3202	0.2601	0.1437	0.1193	0.0990	0.0949	0.0940	0.0938	0.2441	0.1751	0.1311	0.1170	0.0949	0.0947	0.0927	0.0921	0.1858	0.1487	0.1170	0.1051	0.0947	0.0970	0.0932	0.0935	0.1439	0.1372	0.1124	0.1024	0.0945	0.0938	0.0933	0.0924	0.1240	0.1277	0.1069	0.0959	0.0964	0.0928	0.0943	0.0927	
0.5830	0.3924	0.2024	0.1421	0.1001	0.0976	0.0951	0.0964	0.5112	0.3801	0.2027	0.1395	0.1006	0.0975	0.0949	0.0940	0.4750	0.3233	0.1823	0.1352	0.0979	0.0964	0.0958	0.0931	0.3289	0.2723	0.1474	0.1226	0.1000	0.0962	0.0944	0.0941	0.2483	0.1837	0.1373	0.1181	0.0962	0.0959	0.0929	0.0933	0.1909	0.1531	0.1184	0.1060	0.0967	0.0964	0.0936	0.0943	0.1429	0.1397	0.1114	0.1015	0.0946	0.0947	0.0936	0.0930	0.1263	0.1293	0.1096	0.0972	0.0958	0.0944	0.0924	0.0929	
0.6106	0.4200	0.2113	0.1477	0.1019	0.0984	0.0955	0.0972	0.5226	0.4012	0.2164	0.1449	0.1022	0.0990	0.0956	0.0956	0.4848	0.3409	0.1910	0.1396	0.0983	0.0969	0.0966	0.0939	0.3425	0.2855	0.1541	0.1262	0.0998	0.0977	0.0945	0.0935	0.2520	0.1881	0.1410	0.1202	0.0953	0.0962	0.0931	0.0941	0.1949	0.1543	0.1202	0.1075	0.0955	0.0971	0.0938	0.0947	0.1481	0.1417	0.1132	0.1034	0.0949	0.0955	0.0938	0.0933	0.1268	0.1312	0.1099	0.0971	0.0964	0.0927	0.0955	0.0936	
0.6383	0.4487	0.2251	0.1548	0.1038	0.0991	0.0961	0.0974	0.5320	0.4172	0.2269	0.1514	0.1044	0.0997	0.0965	0.0954	0.4968	0.3606	0.2025	0.1443	0.1004	0.0975	0.0966	0.0945	0.3479	0.3021	0.1589	0.1304	0.1019	0.0987	0.0945	0.0949	0.2579	0.1962	0.1466	0.1244	0.0965	0.0972	0.0934	0.0945	0.1999	0.1616	0.1253	0.1099	0.0973	0.0970	0.0953	0.0954	0.1493	0.1439	0.1154	0.1041	0.0952	0.0958	0.0946	0.0927	0.1291	0.1353	0.1104	0.0993	0.0958	0.0937	0.0941	0.0933	
0.6612	0.4744	0.2364	0.1615	0.1065	0.1027	0.0963	0.0998	0.5465	0.4341	0.2378	0.1566	0.1070	0.1018	0.0982	0.0963	0.5045	0.3745	0.2110	0.1491	0.1014	0.0990	0.0988	0.0960	0.3670	0.3147	0.1653	0.1330	0.1036	0.1013	0.0967	0.0961	0.2650	0.2038	0.1509	0.1262	0.0993	0.0979	0.0945	0.0962	0.2072	0.1650	0.1266	0.1124	0.0980	0.0997	0.0958	0.0959	0.1533	0.1509	0.1178	0.1058	0.0962	0.0960	0.0958	0.0934	0.1308	0.1373	0.1133	0.0993	0.0966	0.0953	0.0950	0.0948	
0.6835	0.5025	0.2493	0.1674	0.1092	0.1038	0.0979	0.1004	0.5563	0.4512	0.2520	0.1617	0.1077	0.1022	0.0988	0.0975	0.5107	0.3912	0.2211	0.1532	0.1028	0.1001	0.0994	0.0969	0.3725	0.3249	0.1729	0.1378	0.1060	0.1011	0.0977	0.0952	0.2665	0.2116	0.1570	0.1301	0.1005	0.0991	0.0950	0.0962	0.2105	0.1693	0.1323	0.1135	0.0987	0.0986	0.0959	0.0959	0.1552	0.1503	0.1193	0.1076	0.0959	0.0971	0.0963	0.0939	0.1330	0.1382	0.1160	0.1009	0.0970	0.0974	0.0947	0.0935	
0.6965	0.5260	0.2647	0.1754	0.1098	0.1036	0.0980	0.1007	0.5635	0.4646	0.2638	0.1675	0.1095	0.1036	0.0990	0.0978	0.5174	0.4071	0.2334	0.1593	0.1034	0.1003	0.0998	0.0966	0.3853	0.3391	0.1788	0.1424	0.1070	0.1017	0.0966	0.0955	0.2679	0.2203	0.1634	0.1334	0.1011	0.0982	0.0941	0.0950	0.2151	0.1736	0.1348	0.1164	0.1002	0.0985	0.0953	0.0962	0.1572	0.1537	0.1217	0.1092	0.0966	0.0965	0.0949	0.0920	0.1342	0.1401	0.1174	0.1009	0.0966	0.0958	0.0935	0.0930	
0.7035	0.5510	0.2794	0.1843	0.1128	0.1056	0.0991	0.1017	0.5824	0.4756	0.2784	0.1752	0.1124	0.1052	0.0999	0.0982	0.5217	0.4258	0.2430	0.1672	0.1049	0.1012	0.1005	0.0965	0.3835	0.3546	0.1857	0.1490	0.1082	0.1018	0.0984	0.0958	0.2734	0.2249	0.1697	0.1371	0.1037	0.0994	0.0954	0.0965	0.2163	0.1786	0.1371	0.1189	0.1005	0.1000	0.0955	0.0965	0.1650	0.1586	0.1249	0.1113	0.0967	0.0974	0.0970	0.0938	0.1365	0.1448	0.1179	0.1027	0.0969	0.0957	0.0947	0.0930	
0.7114	0.5701	0.2914	0.1921	0.1156	0.1077	0.1004	0.1032	0.5846	0.4827	0.2930	0.1825	0.1150	0.1067	0.1017	0.0994	0.5317	0.4381	0.2547	0.1736	0.1090	0.1033	0.1016	0.0982	0.3851	0.3644	0.1926	0.1537	0.1100	0.1030	0.0982	0.0972	0.2743	0.2327	0.1765	0.1421	0.1055	0.1010	0.0953	0.0972	0.2242	0.1846	0.1389	0.1210	0.1015	0.1004	0.0975	0.0974	0.1615	0.1617	0.1272	0.1129	0.0981	0.0983	0.0968	0.0948	0.1391	0.1467	0.1203	0.1046	0.0988	0.0972	0.0954	0.0946	
0.7133	0.5902	0.3074	0.2035	0.1167	0.1102	0.1008	0.1036	0.5951	0.4886	0.3090	0.1900	0.1165	0.1093	0.1030	0.0996	0.5357	0.4538	0.2707	0.1825	0.1076	0.1039	0.1026	0.0978	0.3963	0.3752	0.2019	0.1596	0.1125	0.1060	0.0997	0.0976	0.2872	0.2418	0.1826	0.1474	0.1063	0.1021	0.0960	0.0971	0.2314	0.1887	0.1464	0.1251	0.1032	0.1009	0.0968	0.0977	0.1680	0.1643	0.1293	0.1132	0.0987	0.0983	0.0962	0.0939	0.1392	0.1496	0.1218	0.1059	0.1009	0.0951	0.0963	0.0932	
0.7106	0.6109	0.3210	0.2111	0.1209	0.1114	0.1029	0.1064	0.5956	0.5003	0.3220	0.1997	0.1194	0.1108	0.1044	0.1019	0.5237	0.4561	0.2827	0.1878	0.1113	0.1051	0.1048	0.0988	0.4045	0.3881	0.2101	0.1654	0.1147	0.1073	0.1011	0.0991	0.2867	0.2449	0.1913	0.1524	0.1102	0.1031	0.0962	0.0975	0.2257	0.1882	0.1495	0.1285	0.1027	0.1015	0.0988	0.0986	0.1729	0.1703	0.1331	0.1153	0.0981	0.0996	0.0985	0.0952	0.1451	0.1501	0.1233	0.1095	0.1000	0.0974	0.0961	0.0944	
0.7169	0.6249	0.3327	0.2228	0.1242	0.1128	0.1038	0.1060	0.6022	0.5054	0.3338	0.2076	0.1246	0.1129	0.1063	0.1027	0.5330	0.4746	0.2933	0.1994	0.1170	0.1065	0.1053	0.0991	0.4112	0.3990	0.2214	0.1708	0.1172	0.1093	0.1017	0.0987	0.2926	0.2546	0.2007	0.1587	0.1114	0.1048	0.0971	0.0973	0.2331	0.1959	0.1519	0.1327	0.1041	0.1017	0.0984	0.0981	0.1782	0.1705	0.1349	0.1189	0.0996	0.0978	0.0967	0.0942	0.1422	0.1520	0.1260	0.1105	0.1002	0.0964	0.0952	0.0936	
0.7154	0.6425	0.3428	0.2319	0.1275	0.1160	0.1047	0.1080	0.6087	0.5150	0.3426	0.2187	0.1281	0.1163	0.1073	0.1029	0.5414	0.4847	0.3066	0.2055	0.1159	0.1094	0.1076	0.1000	0.4173	0.4077	0.2276	0.1771	0.1197	0.1112	0.1034	0.0991	0.2989	0.2603	0.2079	0.1663	0.1129	0.1052	0.0977	0.0989	0.2326	0.1994	0.1569	0.1370	0.1061	0.1038	0.1003	0.0994	0.1790	0.1735	0.1363	0.1216	0.1003	0.0998	0.0983	0.0949	0.1482	0.1550	0.1298	0.1104	0.1013	0.0973	0.0969	0.0946	
0.7183	0.6545	0.3554	0.2446	0.1315	0.1178	0.1061	0.1093	0.6154	0.5244	0.3536	0.2275	0.1312	0.1168	0.1088	0.1038	0.5448	0.4881	0.3201	0.2150	0.1191	0.1104	0.1082	0.1010	0.4232	0.4193	0.2378	0.1829	0.1232	0.1139	0.1045	0.1005	0.3103	0.2705	0.2134	0.1718	0.1152	0.1063	0.0967	0.0981	0.2406	0.2047	0.1598	0.1400	0.1081	0.1052	0.0997	0.0994	0.1826	0.1787	0.1399	0.1237	0.1013	0.1000	0.0979	0.0946	0.1465	0.1576	0.1320	0.1119	0.1005	0.0982	0.0973	0.0949	
0.7274	0.6577	0.3666	0.2566	0.1385	0.1209	0.1090	0.1113	0.6256	0.5281	0.3645	0.2356	0.1352	0.1206	0.1112	0.1056	0.5554	0.4970	0.3319	0.2263	0.1251	0.1132	0.1105	0.1029	0.4220	0.4257	0.2452	0.1922	0.1261	0.1156	0.1060	0.1022	0.3146	0.2758	0.2230	0.1781	0.1184	0.1095	0.0988	0.0993	0.2455	0.2098	0.1631	0.1437	0.1084	0.1047	0.1011	0.1004	0.1838	0.1853	0.1437	0.1239	0.1023	0.1031	0.0993	0.0958	0.1522	0.1636	0.1334	0.1143	0.1023	0.0973	0.0975	0.0963	
0.7244	0.6634	0.3741	0.2636	0.1440	0.1238	0.1109	0.1132	0.6272	0.5393	0.3718	0.2457	0.1425	0.1246	0.1126	0.1075	0.5630	0.5053	0.3464	0.2342	0.1284	0.1163	0.1127	0.1041	0.4453	0.4343	0.2542	0.1981	0.1317	0.1176	0.1067	0.1034	0.3197	0.2883	0.2286	0.1853	0.1215	0.1116	0.1004	0.0991	0.2383	0.2131	0.1684	0.1480	0.1108	0.1062	0.1022	0.1001	0.1924	0.1876	0.1454	0.1273	0.1033	0.1027	0.1009	0.0961	0.1527	0.1634	0.1327	0.1152	0.1017	0.0998	0.0977	0.0958	
0.7255	0.6691	0.3880	0.2729	0.1478	0.1281	0.1131	0.1159	0.6381	0.5485	0.3809	0.2560	0.1491	0.1298	0.1171	0.1094	0.5774	0.5147	0.3622	0.2473	0.1366	0.1194	0.1164	0.1059	0.4471	0.4425	0.2636	0.2078	0.1367	0.1216	0.1084	0.1049	0.3291	0.2991	0.2398	0.1903	0.1241	0.1135	0.1007	0.1016	0.2576	0.2227	0.1728	0.1519	0.1128	0.1085	0.1024	0.1000	0.1956	0.1883	0.1476	0.1294	0.1059	0.1030	0.1006	0.0954	0.1573	0.1659	0.1375	0.1178	0.1039	0.1001	0.0990	0.0949	
0.7295	0.6704	0.3968	0.2833	0.1544	0.1350	0.1165	0.1185	0.6341	0.5529	0.3866	0.2630	0.1561	0.1330	0.1184	0.1121	0.5769	0.5218	0.3680	0.2552	0.1408	0.1236	0.1186	0.1077	0.4484	0.4340	0.2769	0.2113	0.1404	0.1248	0.1124	0.1053	0.3318	0.3004	0.2423	0.1976	0.1293	0.1169	0.1017	0.1014	0.2593	0.2217	0.1746	0.1576	0.1137	0.1093	0.1035	0.1018	0.1965	0.1926	0.1493	0.1310	0.1057	0.1029	0.1009	0.0972	0.1543	0.1712	0.1390	0.1183	0.1045	0.1004	0.0980	0.0950	
0.7368	0.6720	0.4056	0.2898	0.1612	0.1385	0.1176	0.1206	0.6405	0.5568	0.3948	0.2736	0.1607	0.1356	0.1215	0.1148	0.5845	0.5265	0.3827	0.2692	0.1456	0.1247	0.1207	0.1100	0.4598	0.4455	0.2872	0.2250	0.1432	0.1260	0.1121	0.1081	0.3318	0.2990	0.2555	0.2072	0.1322	0.1186	0.1023	0.1057	0.2635	0.2331	0.1783	0.1623	0.1176	0.1104	0.1050	0.1026	0.1994	0.2012	0.1571	0.1341	0.1078	0.1033	0.1013	0.0968	0.1587	0.1730	0.1434	0.1202	0.1062	0.1021	0.0991	0.0956	
0.7320	0.6739	0.4144	0.2978	0.1691	0.1450	0.1211	0.1243	0.6411	0.5643	0.4010	0.2782	0.1721	0.1430	0.1256	0.1168	0.5930	0.5321	0.3939	0.2789	0.1546	0.1311	0.1247	0.1136	0.4645	0.4559	0.2988	0.2343	0.1492	0.1288	0.1149	0.1090	0.3374	0.3118	0.2579	0.2155	0.1373	0.1240	0.1045	0.1032	0.2673	0.2337	0.1828	0.1665	0.1194	0.1126	0.1063	0.1041	0.2113	0.2000	0.1598	0.1383	0.1101	0.1062	0.1025	0.0985	0.1651	0.1746	0.1454	0.1235	0.1068	0.1016	0.0995	0.0973	
0.7407	0.6790	0.4288	0.3056	0.1782	0.1525	0.1247	0.1273	0.6458	0.5690	0.4071	0.2874	0.1812	0.1491	0.1284	0.1202	0.5954	0.5332	0.4092	0.2910	0.1587	0.1327	0.1270	0.1159	0.4818	0.4618	0.3076	0.2444	0.1512	0.1353	0.1156	0.1117	0.3499	0.3127	0.2663	0.2254	0.1383	0.1250	0.1055	0.1054	0.2715	0.2382	0.1837	0.1731	0.1218	0.1151	0.1068	0.1054	0.2117	0.2107	0.1655	0.1405	0.1105	0.1086	0.1032	0.1001	0.1650	0.1806	0.1492	0.1251	0.1069	0.1036	0.1007	0.0981	
0.7428	0.6767	0.4431	0.3134	0.1863	0.1576	0.1300	0.1294	0.6448	0.5729	0.4153	0.2964	0.1883	0.1531	0.1315	0.1231	0.5833	0.5338	0.4225	0.3014	0.1667	0.1392	0.1312	0.1179	0.4688	0.4715	0.3143	0.2532	0.1559	0.1370	0.1199	0.1120	0.3539	0.3243	0.2739	0.2329	0.1434	0.1284	0.1068	0.1081	0.2825	0.2382	0.1937	0.1764	0.1243	0.1141	0.1081	0.1055	0.2109	0.2076	0.1658	0.1439	0.1121	0.1097	0.1037	0.0975	0.1691	0.1846	0.1492	0.1267	0.1068	0.1033	0.1008	0.0975	
0.7437	0.6769	0.4647	0.3177	0.1915	0.1619	0.1307	0.1314	0.6432	0.5764	0.4207	0.2961	0.1979	0.1587	0.1354	0.1234	0.5925	0.5418	0.4414	0.3152	0.1736	0.1417	0.1332	0.1195	0.4829	0.4737	0.3278	0.2575	0.1612	0.1402	0.1185	0.1126	0.3610	0.3261	0.2837	0.2418	0.1455	0.1297	0.1062	0.1055	0.2833	0.2482	0.1942	0.1802	0.1254	0.1153	0.1071	0.1043	0.2198	0.2114	0.1694	0.1455	0.1114	0.1070	0.1047	0.0971	0.1696	0.1778	0.1480	0.1307	0.1084	0.1017	0.0995	0.0958	
0.7475	0.6806	0.4851	0.3271	0.2068	0.1732	0.1369	0.1365	0.6500	0.5843	0.4288	0.3044	0.2095	0.1680	0.1426	0.1285	0.5995	0.5370	0.4500	0.3290	0.1825	0.1488	0.1392	0.1243	0.4847	0.4733	0.3388	0.2753	0.1694	0.1481	0.1239	0.1169	0.3663	0.3262	0.2927	0.2522	0.1540	0.1371	0.1107	0.1091	0.2864	0.2521	0.2023	0.1902	0.1292	0.1192	0.1107	0.1071	0.2237	0.2216	0.1777	0.1509	0.1173	0.1098	0.1061	0.0997	0.1751	0.1901	0.1572	0.1346	0.1114	0.1048	0.1017	0.0980	
0.7510	0.6836	0.4936	0.3345	0.2167	0.1803	0.1431	0.1420	0.6485	0.5870	0.4425	0.3121	0.2203	0.1792	0.1481	0.1354	0.6006	0.5406	0.4520	0.3444	0.1959	0.1570	0.1438	0.1293	0.4846	0.4731	0.3527	0.2861	0.1752	0.1516	0.1283	0.1198	0.3684	0.3251	0.2971	0.2629	0.1566	0.1408	0.1128	0.1123	0.2936	0.2635	0.2098	0.1944	0.1332	0.1227	0.1139	0.1095	0.2316	0.2289	0.1815	0.1535	0.1209	0.1119	0.1088	0.1005	0.1868	0.1893	0.1604	0.1373	0.1140	0.1071	0.1031	0.0992	
0.7516	0.6865	0.5046	0.3411	0.2236	0.1896	0.1489	0.1477	0.6460	0.5930	0.4492	0.3153	0.2356	0.1897	0.1525	0.1395	0.6018	0.5524	0.4621	0.3545	0.2059	0.1640	0.1519	0.1315	0.4906	0.4775	0.3663	0.2987	0.1833	0.1566	0.1298	0.1221	0.3867	0.3309	0.3037	0.2690	0.1627	0.1440	0.1130	0.1124	0.3107	0.2709	0.2136	0.1992	0.1355	0.1257	0.1152	0.1096	0.2316	0.2227	0.1828	0.1574	0.1208	0.1140	0.1087	0.1019	0.1789	0.1917	0.1577	0.1385	0.1154	0.1080	0.1035	0.0987	
0.7519	0.6873	0.5147	0.3466	0.2316	0.1968	0.1550	0.1513	0.6489	0.5919	0.4593	0.3213	0.2453	0.1985	0.1599	0.1445	0.6037	0.5473	0.4697	0.3652	0.2146	0.1695	0.1540	0.1353	0.4901	0.4847	0.3748	0.3098	0.1875	0.1611	0.1330	0.1235	0.3938	0.3410	0.3070	0.2805	0.1658	0.1439	0.1151	0.1131	0.3056	0.2756	0.2225	0.2053	0.1392	0.1255	0.1152	0.1103	0.2410	0.2360	0.1919	0.1600	0.1241	0.1147	0.1111	0.1020	0.1840	0.1960	0.1650	0.1438	0.1178	0.1094	0.1048	0.1002	
0.7587	0.6904	0.5204	0.3555	0.2391	0.2046	0.1628	0.1559	0.6511	0.5927	0.4714	0.3260	0.2552	0.2108	0.1684	0.1510	0.6025	0.5533	0.4715	0.3783	0.2243	0.1779	0.1630	0.1414	0.4881	0.4882	0.3872	0.3244	0.1948	0.1668	0.1364	0.1275	0.4054	0.3441	0.3154	0.2869	0.1696	0.1468	0.1172	0.1163	0.3177	0.2799	0.2249	0.2119	0.1434	0.1274	0.1186	0.1122	0.2458	0.2372	0.1927	0.1627	0.1271	0.1171	0.1103	0.1025	0.1851	0.1963	0.1672	0.1465	0.1202	0.1096	0.1059	0.1018	
