0.0950	0.1039	0.0935	0.0950	0.0948	0.1062	0.0936	0.1347	0.0955	0.0924	0.0914	0.0962	0.0933	0.1229	0.0970	0.1092	0.0954	0.0928	0.0929	0.0934	0.0936	0.1145	0.0973	0.1038	0.0938	0.0948	0.0930	0.1006	0.0966	0.1147	0.0986	0.1131	0.0940	0.0922	0.0933	0.0942	0.0947	0.1173	0.0964	0.1134	0.0943	0.0944	0.0925	0.0991	0.0936	0.1212	0.0970	0.1010	0.0956	0.0939	0.0932	0.0961	0.0950	0.1368	0.0961	0.1351	0.0945	0.0985	0.0913	0.1112	0.0947	0.1452	0.0960	0.1142	
0.0918	0.0904	0.0884	0.0909	0.0909	0.0936	0.0907	0.0933	0.0918	0.0901	0.0901	0.0908	0.0914	0.0914	0.0924	0.0936	0.0919	0.0903	0.0899	0.0905	0.0914	0.0929	0.0929	0.0948	0.0915	0.0919	0.0906	0.0916	0.0933	0.0938	0.0938	0.0957	0.0921	0.0900	0.0904	0.0906	0.0920	0.0924	0.0918	0.0940	0.0913	0.0924	0.0900	0.0915	0.0915	0.0940	0.0917	0.0952	0.0922	0.0915	0.0917	0.0915	0.0924	0.0937	0.0914	0.0947	0.0912	0.0932	0.0897	0.0917	0.0910	0.0934	0.0934	0.0950	
0.0910	0.0902	0.0873	0.0898	0.0904	0.0927	0.0902	0.0916	0.0917	0.0895	0.0896	0.0907	0.0903	0.0919	0.0904	0.0924	0.0904	0.0893	0.0893	0.0903	0.0909	0.0928	0.0919	0.0938	0.0912	0.0899	0.0900	0.0914	0.0916	0.0920	0.0924	0.0945	0.0901	0.0893	0.0897	0.0889	0.0910	0.0925	0.0916	0.0936	0.0906	0.0908	0.0903	0.0903	0.0910	0.0925	0.0923	0.0931	0.0916	0.0913	0.0908	0.0905	0.0924	0.0921	0.0915	0.0939	0.0912	0.0897	0.0890	0.0907	0.0911	0.0932	0.0919	0.0931	
0.0910	0.0904	0.0879	0.0901	0.0894	0.0915	0.0898	0.0921	0.0905	0.0896	0.0892	0.0905	0.0900	0.0915	0.0909	0.0925	0.0914	0.0897	0.0894	0.0895	0.0904	0.0919	0.0916	0.0933	0.0904	0.0907	0.0906	0.0915	0.0915	0.0910	0.0916	0.0935	0.0902	0.0895	0.0889	0.0898	0.0902	0.0922	0.0913	0.0927	0.0913	0.0906	0.0908	0.0904	0.0898	0.0919	0.0907	0.0935	0.0925	0.0905	0.0905	0.0898	0.0897	0.0984	0.0898	0.0920	0.0910	0.0906	0.0892	0.0901	0.0900	0.0924	0.0912	0.0925	
0.0921	0.0897	0.0882	0.0907	0.0909	0.0919	0.0905	0.0930	0.0921	0.0900	0.0890	0.0905	0.0898	0.0910	0.0908	0.0928	0.0916	0.0899	0.0904	0.0908	0.0901	0.0921	0.0926	0.0930	0.0917	0.0918	0.0911	0.0907	0.0908	0.0923	0.0930	0.0944	0.0912	0.0906	0.0894	0.0906	0.0908	0.0916	0.0913	0.0946	0.0920	0.0917	0.0908	0.0919	0.0908	0.0931	0.0921	0.0928	0.0935	0.0910	0.0927	0.0909	0.0919	0.0920	0.0921	0.0929	0.0923	0.0916	0.0895	0.0910	0.0911	0.0924	0.0921	0.0937	
0.0917	0.0905	0.0885	0.0916	0.0916	0.0925	0.0904	0.0927	0.0917	0.0897	0.0898	0.0911	0.0910	0.0915	0.0908	0.0919	0.0923	0.0903	0.0910	0.0904	0.0919	0.0914	0.0926	0.0954	0.0916	0.0911	0.0913	0.0921	0.0921	0.0916	0.0927	0.0941	0.0912	0.0906	0.0914	0.0906	0.0913	0.0918	0.0917	0.0925	0.0917	0.0912	0.0917	0.0918	0.0896	0.0921	0.0925	0.0936	0.0928	0.0908	0.0920	0.0902	0.0929	0.0926	0.0913	0.0945	0.0920	0.0918	0.0892	0.0919	0.0912	0.0935	0.0926	0.0942	
0.0912	0.0902	0.0896	0.0903	0.0916	0.0920	0.0907	0.0927	0.0920	0.0899	0.0893	0.0899	0.0904	0.0920	0.0915	0.0922	0.0917	0.0898	0.0906	0.0907	0.0912	0.0916	0.0919	0.0940	0.0910	0.0916	0.0914	0.0914	0.0919	0.0914	0.0930	0.0934	0.0908	0.0908	0.0910	0.0900	0.0912	0.0968	0.0921	0.0940	0.0925	0.0921	0.0911	0.0916	0.0918	0.0931	0.0913	0.0936	0.0929	0.0913	0.0921	0.0903	0.0918	0.1000	0.0924	0.0941	0.0919	0.0918	0.0899	0.0909	0.0914	0.0926	0.0924	0.0929	
0.0928	0.0901	0.0881	0.0909	0.0908	0.0913	0.0898	0.0917	0.0910	0.0897	0.0882	0.0905	0.0902	0.0911	0.0922	0.0928	0.0915	0.0897	0.0900	0.0896	0.0902	0.0921	0.0906	0.0938	0.0919	0.0910	0.0905	0.0912	0.0909	0.0919	0.0921	0.0926	0.0915	0.0897	0.0891	0.0904	0.0900	0.0923	0.0912	0.0922	0.0915	0.0914	0.0902	0.0899	0.0900	0.0915	0.0913	0.0923	0.0929	0.0905	0.0926	0.0894	0.0906	0.0931	0.0899	0.0942	0.0913	0.0916	0.0891	0.0912	0.0911	0.0917	0.0917	0.0915	
0.0917	0.0906	0.0880	0.0904	0.0908	0.0918	0.0916	0.0922	0.0919	0.0904	0.0887	0.0913	0.0915	0.0915	0.0912	0.0918	0.0916	0.0899	0.0904	0.0897	0.0905	0.0918	0.0908	0.0929	0.0919	0.0917	0.0909	0.0918	0.0914	0.0916	0.0916	0.0935	0.0919	0.0904	0.0906	0.0905	0.0908	0.0935	0.0903	0.0916	0.0921	0.0915	0.0897	0.0913	0.0897	0.0921	0.0908	0.0930	0.0939	0.0909	0.0920	0.0906	0.0914	0.0929	0.0922	0.0927	0.0922	0.0914	0.0904	0.0901	0.0910	0.0923	0.0913	0.0932	
0.0927	0.0915	0.0892	0.0916	0.0922	0.0920	0.0922	0.0916	0.0926	0.0907	0.0908	0.0911	0.0915	0.0914	0.0927	0.0943	0.0922	0.0908	0.0900	0.0910	0.0911	0.0909	0.0924	0.0943	0.0934	0.0927	0.0911	0.0927	0.0923	0.0924	0.0925	0.0942	0.0921	0.0907	0.0915	0.0909	0.0909	0.0972	0.0915	0.0942	0.0928	0.0924	0.0920	0.0902	0.0904	0.0928	0.0912	0.0925	0.0938	0.0919	0.0923	0.0916	0.0917	0.0924	0.0919	0.0948	0.0929	0.0926	0.0900	0.0911	0.0914	0.0923	0.0926	0.0933	
0.0919	0.0915	0.0885	0.0908	0.0916	0.0937	0.0921	0.0920	0.0925	0.0901	0.0899	0.0901	0.0906	0.0919	0.0908	0.0919	0.0919	0.0900	0.0898	0.0906	0.0915	0.0918	0.0911	0.0934	0.0924	0.0912	0.0910	0.0920	0.0911	0.0924	0.0924	0.0935	0.0919	0.0907	0.0906	0.0898	0.0918	0.0921	0.0923	0.0927	0.0924	0.0924	0.0926	0.0914	0.0914	0.0931	0.0916	0.0919	0.0929	0.0915	0.0922	0.0910	0.0919	0.0934	0.0919	0.0939	0.0915	0.0926	0.0900	0.0914	0.0911	0.0917	0.0924	0.0925	
0.0937	0.0920	0.0901	0.0920	0.0930	0.0921	0.0926	0.0925	0.0930	0.0913	0.0900	0.0917	0.0916	0.0934	0.0912	0.0930	0.0933	0.0913	0.0905	0.0920	0.0918	0.0934	0.0921	0.0944	0.0927	0.0925	0.0920	0.0932	0.0933	0.0919	0.0940	0.0944	0.0937	0.0920	0.0918	0.0906	0.0924	0.0924	0.0927	0.0944	0.0936	0.0928	0.0921	0.0926	0.0914	0.0944	0.0915	0.0938	0.0936	0.0925	0.0935	0.0924	0.0921	0.0932	0.0918	0.0943	0.0927	0.0932	0.0913	0.0917	0.0924	0.0929	0.0930	0.0953	
0.0917	0.0898	0.0879	0.0912	0.0909	0.0910	0.0914	0.0912	0.0924	0.0893	0.0883	0.0896	0.0910	0.0918	0.0916	0.0914	0.0917	0.0896	0.0893	0.0898	0.0909	0.0909	0.0909	0.0918	0.0929	0.0901	0.0900	0.0912	0.0907	0.0925	0.0909	0.0940	0.0910	0.0896	0.0901	0.0900	0.0908	0.0918	0.0912	0.0923	0.0919	0.0907	0.0908	0.0905	0.0901	0.0918	0.0903	0.0911	0.0928	0.0902	0.0911	0.0911	0.0912	0.0920	0.0915	0.0928	0.0923	0.0912	0.0888	0.0904	0.0904	0.0909	0.0909	0.0921	
0.0932	0.0922	0.0893	0.0919	0.0916	0.0923	0.0927	0.0919	0.0933	0.0902	0.0898	0.0911	0.0917	0.0921	0.0911	0.0923	0.0928	0.0911	0.0901	0.0914	0.0912	0.0911	0.0926	0.0931	0.0930	0.0916	0.0909	0.0920	0.0921	0.0913	0.0917	0.0937	0.0927	0.0902	0.0910	0.0908	0.0916	0.0925	0.0912	0.0919	0.0923	0.0922	0.0918	0.0910	0.0911	0.0939	0.0922	0.0932	0.0937	0.0919	0.0933	0.0907	0.0920	0.0920	0.0929	0.0940	0.0927	0.0923	0.0899	0.0909	0.0918	0.0919	0.0922	0.0930	
0.0935	0.0922	0.0887	0.0922	0.0920	0.0915	0.0903	0.0925	0.0942	0.0913	0.0897	0.0913	0.0917	0.0918	0.0915	0.0923	0.0932	0.0904	0.0906	0.0918	0.0915	0.0919	0.0918	0.0945	0.0931	0.0926	0.0921	0.0929	0.0915	0.0911	0.0924	0.0925	0.0926	0.0904	0.0904	0.0902	0.0924	0.0919	0.0912	0.0931	0.0928	0.0921	0.0921	0.0914	0.0917	0.0925	0.0909	0.0935	0.0943	0.0920	0.0925	0.0907	0.0927	0.0924	0.0928	0.0933	0.0926	0.0929	0.0901	0.0919	0.0920	0.0920	0.0916	0.0930	
0.0934	0.0911	0.0887	0.0922	0.0910	0.0917	0.0905	0.0917	0.0932	0.0905	0.0892	0.0908	0.0914	0.0911	0.0904	0.0924	0.0938	0.0896	0.0902	0.0907	0.0916	0.0913	0.0904	0.0934	0.0933	0.0919	0.0903	0.0917	0.0913	0.0928	0.0917	0.0935	0.0919	0.0903	0.0905	0.0907	0.0914	0.0918	0.0916	0.0921	0.0925	0.0926	0.0911	0.0906	0.0903	0.0919	0.0914	0.0920	0.0926	0.0909	0.0922	0.0914	0.0909	0.0922	0.0914	0.0929	0.0921	0.0920	0.0897	0.0903	0.0909	0.0916	0.0931	0.0921	
0.0948	0.0920	0.0887	0.0918	0.0914	0.0916	0.0896	0.0921	0.0931	0.0896	0.0891	0.0915	0.0916	0.0909	0.0916	0.0922	0.0932	0.0901	0.0896	0.0908	0.0919	0.0913	0.0921	0.0932	0.0927	0.0908	0.0894	0.0919	0.0918	0.0909	0.0919	0.0925	0.0931	0.0897	0.0913	0.0906	0.0903	0.0917	0.0931	0.0925	0.0924	0.0909	0.0899	0.0907	0.0911	0.0930	0.0913	0.0935	0.0930	0.0908	0.0915	0.0910	0.0920	0.0928	0.0913	0.0932	0.0924	0.0911	0.0889	0.0910	0.0912	0.0918	0.0918	0.0932	
0.0949	0.0915	0.0895	0.0925	0.0920	0.0925	0.0912	0.0933	0.0947	0.0905	0.0904	0.0919	0.0920	0.0913	0.0919	0.0928	0.0947	0.0901	0.0907	0.0913	0.0912	0.0908	0.0914	0.0944	0.0942	0.0914	0.0908	0.0925	0.0920	0.0912	0.0920	0.0930	0.0930	0.0909	0.0908	0.0914	0.0909	0.0914	0.0915	0.0929	0.0938	0.0917	0.0907	0.0915	0.0903	0.0933	0.0913	0.0923	0.0942	0.0909	0.0915	0.0918	0.0919	0.0924	0.0918	0.0942	0.0929	0.0921	0.0900	0.0920	0.0910	0.0922	0.0924	0.0935	
0.0951	0.0918	0.0903	0.0927	0.0942	0.0924	0.0922	0.0938	0.0945	0.0902	0.0914	0.0925	0.0914	0.0932	0.0920	0.0935	0.0953	0.0904	0.0910	0.0921	0.0924	0.0924	0.0929	0.0945	0.0934	0.0917	0.0910	0.0924	0.0923	0.0929	0.0928	0.0952	0.0933	0.0906	0.0916	0.0912	0.0917	0.0923	0.0926	0.0942	0.0930	0.0919	0.0913	0.0911	0.0912	0.0926	0.0925	0.0951	0.0939	0.0915	0.0924	0.0919	0.0920	0.0925	0.0921	0.0949	0.0933	0.0922	0.0910	0.0910	0.0914	0.0928	0.0920	0.0950	
0.0957	0.0925	0.0894	0.0917	0.0929	0.0936	0.0917	0.0936	0.0961	0.0904	0.0901	0.0924	0.0924	0.0917	0.0913	0.0929	0.0943	0.0904	0.0907	0.0909	0.0914	0.0914	0.0918	0.0945	0.0935	0.0920	0.0901	0.0926	0.0921	0.0907	0.0919	0.0935	0.0931	0.0913	0.0909	0.0904	0.0917	0.0914	0.0922	0.0937	0.0931	0.0924	0.0915	0.0906	0.0905	0.0927	0.0912	0.0938	0.0930	0.0916	0.0916	0.0910	0.0919	0.0918	0.0925	0.0940	0.0919	0.0911	0.0904	0.0903	0.0905	0.0913	0.0924	0.0936	
0.0973	0.0925	0.0901	0.0929	0.0930	0.0937	0.0915	0.0936	0.0962	0.0912	0.0914	0.0921	0.0927	0.0934	0.0925	0.0928	0.0958	0.0915	0.0921	0.0914	0.0931	0.0925	0.0932	0.0943	0.0954	0.0924	0.0918	0.0931	0.0926	0.0923	0.0928	0.0945	0.0933	0.0911	0.0913	0.0924	0.0920	0.0923	0.0926	0.0939	0.0936	0.0918	0.0921	0.0910	0.0920	0.0935	0.0915	0.0960	0.0945	0.0929	0.0932	0.0920	0.0919	0.0931	0.0926	0.0957	0.0938	0.0925	0.0906	0.0920	0.0919	0.0935	0.0932	0.0940	
0.0991	0.0938	0.0913	0.0931	0.0938	0.0944	0.0922	0.0938	0.0979	0.0920	0.0916	0.0929	0.0936	0.0921	0.0926	0.0928	0.0951	0.0920	0.0920	0.0929	0.0929	0.0923	0.0925	0.0946	0.0949	0.0928	0.0921	0.0926	0.0931	0.0928	0.0938	0.0943	0.0942	0.0916	0.0918	0.0925	0.0927	0.0927	0.0937	0.0940	0.0945	0.0924	0.0922	0.0915	0.0925	0.0927	0.0924	0.0960	0.0943	0.0925	0.0927	0.0925	0.0933	0.0932	0.0938	0.0958	0.0928	0.0925	0.0913	0.0919	0.0923	0.0930	0.0938	0.0930	
0.1008	0.0937	0.0910	0.0945	0.0940	0.0932	0.0936	0.0944	0.0980	0.0916	0.0918	0.0924	0.0926	0.0925	0.0930	0.0942	0.0975	0.0924	0.0915	0.0927	0.0928	0.0927	0.0929	0.0960	0.0956	0.0922	0.0920	0.0929	0.0928	0.0934	0.0935	0.0952	0.0942	0.0920	0.0918	0.0918	0.0929	0.0934	0.0933	0.0938	0.0956	0.0932	0.0920	0.0927	0.0921	0.0930	0.0922	0.0947	0.0953	0.0924	0.0932	0.0922	0.0932	0.0932	0.0944	0.0970	0.0937	0.0932	0.0910	0.0918	0.0922	0.0930	0.0937	0.0937	
0.1008	0.0932	0.0906	0.0932	0.0928	0.0939	0.0931	0.0940	0.0980	0.0924	0.0919	0.0928	0.0921	0.0927	0.0923	0.0939	0.0958	0.0926	0.0915	0.0917	0.0917	0.0925	0.0942	0.0945	0.0949	0.0930	0.0930	0.0921	0.0920	0.0935	0.0936	0.0943	0.0941	0.0913	0.0925	0.0907	0.0921	0.0925	0.0939	0.0943	0.0941	0.0926	0.0910	0.0920	0.0914	0.0926	0.0925	0.0939	0.0945	0.0924	0.0921	0.0921	0.0926	0.0931	0.0923	0.0955	0.0937	0.0927	0.0909	0.0912	0.0917	0.0924	0.0928	0.0941	
0.1027	0.0937	0.0914	0.0935	0.0933	0.0945	0.0943	0.0937	0.0985	0.0927	0.0915	0.0923	0.0929	0.0931	0.0929	0.0932	0.0967	0.0925	0.0918	0.0918	0.0921	0.0929	0.0943	0.0950	0.0946	0.0924	0.0926	0.0921	0.0921	0.0932	0.0944	0.0948	0.0941	0.0913	0.0927	0.0912	0.0924	0.0924	0.0943	0.0945	0.0949	0.0934	0.0919	0.0921	0.0917	0.0933	0.0929	0.0950	0.0940	0.0929	0.0923	0.0923	0.0925	0.0925	0.0934	0.0964	0.0927	0.0915	0.0909	0.0923	0.0922	0.0931	0.0940	0.0936	
0.1051	0.0955	0.0919	0.0939	0.0946	0.0946	0.0944	0.0937	0.1002	0.0939	0.0932	0.0928	0.0926	0.0932	0.0943	0.0938	0.0976	0.0930	0.0924	0.0926	0.0926	0.0929	0.0949	0.0957	0.0956	0.0934	0.0930	0.0929	0.0938	0.0934	0.0938	0.0954	0.0954	0.0914	0.0918	0.0922	0.0925	0.0928	0.0942	0.0943	0.0954	0.0937	0.0927	0.0915	0.0923	0.0941	0.0929	0.0952	0.0956	0.0927	0.0925	0.0932	0.0933	0.0934	0.0932	0.0964	0.0937	0.0934	0.0911	0.0936	0.0927	0.0930	0.0942	0.0942	
0.1060	0.0950	0.0906	0.0927	0.0931	0.0937	0.0927	0.0932	0.0998	0.0929	0.0897	0.0911	0.0910	0.0918	0.0928	0.0923	0.0967	0.0915	0.0915	0.0912	0.0919	0.0916	0.0943	0.0952	0.0951	0.0929	0.0922	0.0917	0.0919	0.0927	0.0927	0.0955	0.0935	0.0908	0.0911	0.0904	0.0918	0.0919	0.0929	0.0946	0.0935	0.0915	0.0904	0.0925	0.0912	0.0916	0.0917	0.0930	0.0937	0.0915	0.0913	0.0915	0.0914	0.0921	0.0922	0.0949	0.0923	0.0906	0.0898	0.0907	0.0909	0.0914	0.0923	0.0919	
0.1074	0.0949	0.0919	0.0932	0.0938	0.0933	0.0938	0.0940	0.1009	0.0929	0.0914	0.0915	0.0917	0.0934	0.0935	0.0953	0.0984	0.0933	0.0912	0.0909	0.0917	0.0921	0.0939	0.0957	0.0965	0.0930	0.0917	0.0917	0.0919	0.0924	0.0946	0.0956	0.0939	0.0908	0.0913	0.0905	0.0915	0.0926	0.0945	0.0962	0.0937	0.0927	0.0909	0.0911	0.0908	0.0927	0.0938	0.0944	0.0938	0.0915	0.0921	0.0918	0.0923	0.0936	0.0928	0.0952	0.0918	0.0920	0.0904	0.0910	0.0919	0.0926	0.0944	0.0922	
0.1109	0.0969	0.0916	0.0940	0.0933	0.0945	0.0940	0.0938	0.1023	0.0941	0.0919	0.0921	0.0927	0.0932	0.0931	0.0942	0.0989	0.0938	0.0920	0.0921	0.0913	0.0924	0.0957	0.0984	0.0964	0.0944	0.0938	0.0922	0.0930	0.0930	0.0937	0.0958	0.0946	0.0912	0.0919	0.0917	0.0919	0.0932	0.0953	0.0954	0.0954	0.0926	0.0915	0.0919	0.0912	0.0924	0.0937	0.0937	0.0944	0.0925	0.0930	0.0916	0.0930	0.0937	0.0940	0.0948	0.0935	0.0922	0.0908	0.0919	0.0922	0.0938	0.0940	0.0937	
0.1131	0.0967	0.0916	0.0930	0.0929	0.0933	0.0939	0.0935	0.1033	0.0939	0.0911	0.0921	0.0912	0.0930	0.0921	0.0935	0.0998	0.0930	0.0919	0.0907	0.0913	0.0918	0.0928	0.0971	0.0965	0.0934	0.0924	0.0916	0.0919	0.0906	0.0935	0.0938	0.0940	0.0902	0.0911	0.0902	0.0920	0.0915	0.0935	0.0939	0.0941	0.0926	0.0910	0.0906	0.0908	0.0924	0.0921	0.0926	0.0940	0.0916	0.0917	0.0916	0.0913	0.0926	0.0920	0.0948	0.0916	0.0910	0.0912	0.0913	0.0911	0.0920	0.0928	0.0922	
0.1174	0.0983	0.0926	0.0937	0.0927	0.0945	0.0924	0.0939	0.1053	0.0945	0.0918	0.0916	0.0919	0.0940	0.0935	0.0944	0.1004	0.0939	0.0924	0.0911	0.0914	0.0940	0.0933	0.0964	0.0975	0.0938	0.0921	0.0919	0.0920	0.0931	0.0937	0.0955	0.0948	0.0913	0.0915	0.0909	0.0918	0.0929	0.0937	0.0945	0.0952	0.0922	0.0909	0.0909	0.0911	0.0928	0.0939	0.0947	0.0945	0.0914	0.0920	0.0918	0.0923	0.0930	0.0930	0.0943	0.0930	0.0922	0.0901	0.0916	0.0924	0.0926	0.0928	0.0921	
0.1195	0.0996	0.0927	0.0940	0.0934	0.0946	0.0922	0.0947	0.1063	0.0944	0.0917	0.0928	0.0924	0.0951	0.0940	0.0948	0.1014	0.0953	0.0923	0.0914	0.0923	0.0925	0.0942	0.0990	0.0984	0.0942	0.0924	0.0924	0.0926	0.0934	0.0940	0.0963	0.0957	0.0915	0.0917	0.0918	0.0917	0.0928	0.0949	0.0961	0.0946	0.0927	0.0913	0.0917	0.0912	0.0929	0.0944	0.0930	0.0953	0.0914	0.0925	0.0912	0.0928	0.0945	0.0930	0.0951	0.0927	0.0927	0.0910	0.0912	0.0915	0.0935	0.0931	0.0941	
0.1250	0.1030	0.0930	0.0945	0.0939	0.0943	0.0943	0.0955	0.1078	0.0965	0.0919	0.0930	0.0921	0.0949	0.0928	0.0947	0.1034	0.0966	0.0940	0.0917	0.0926	0.0939	0.0945	0.0994	0.0993	0.0946	0.0947	0.0932	0.0931	0.0925	0.0955	0.0965	0.0970	0.0913	0.0920	0.0913	0.0921	0.0923	0.0946	0.0959	0.0961	0.0931	0.0921	0.0916	0.0922	0.0928	0.0930	0.0938	0.0950	0.0923	0.0925	0.0913	0.0928	0.0938	0.0955	0.0947	0.0934	0.0924	0.0909	0.0921	0.0940	0.0934	0.0945	0.0929	
0.1297	0.1027	0.0932	0.0943	0.0937	0.0953	0.0967	0.0948	0.1111	0.0969	0.0933	0.0923	0.0924	0.0942	0.0933	0.0944	0.1039	0.0957	0.0932	0.0916	0.0918	0.0933	0.0945	0.0990	0.0994	0.0947	0.0927	0.0920	0.0932	0.0924	0.0944	0.0947	0.0959	0.0923	0.0927	0.0907	0.0934	0.0931	0.0945	0.0955	0.0948	0.0925	0.0914	0.0912	0.0913	0.0922	0.0939	0.0932	0.0956	0.0927	0.0914	0.0918	0.0924	0.0941	0.0930	0.0945	0.0931	0.0921	0.0905	0.0911	0.0925	0.0934	0.0936	0.0923	
0.1345	0.1048	0.0947	0.0951	0.0941	0.0949	0.0968	0.0956	0.1131	0.0980	0.0934	0.0938	0.0928	0.0939	0.0927	0.0960	0.1051	0.0971	0.0954	0.0922	0.0921	0.0946	0.0943	0.1016	0.0996	0.0952	0.0936	0.0932	0.0929	0.0934	0.0961	0.0974	0.0970	0.0916	0.0924	0.0919	0.0920	0.0928	0.0949	0.0962	0.0958	0.0928	0.0913	0.0917	0.0915	0.0938	0.0930	0.0933	0.0946	0.0919	0.0920	0.0921	0.0934	0.0960	0.0939	0.0964	0.0927	0.0926	0.0900	0.0915	0.0924	0.0932	0.0942	0.0953	
0.1413	0.1071	0.0953	0.0941	0.0932	0.0941	0.0955	0.0933	0.1158	0.1000	0.0934	0.0918	0.0913	0.0932	0.0908	0.0921	0.1059	0.0987	0.0944	0.0915	0.0910	0.0919	0.0923	0.0981	0.1003	0.0959	0.0933	0.0934	0.0929	0.0914	0.0928	0.0939	0.0968	0.0920	0.0922	0.0906	0.0916	0.0918	0.0934	0.0934	0.0956	0.0923	0.0916	0.0915	0.0907	0.0924	0.0913	0.0931	0.0950	0.0916	0.0906	0.0905	0.0912	0.0923	0.0930	0.0937	0.0933	0.0920	0.0906	0.0904	0.0915	0.0920	0.0927	0.0925	
0.1477	0.1098	0.0962	0.0950	0.0942	0.0961	0.0963	0.0978	0.1182	0.1012	0.0948	0.0932	0.0935	0.0939	0.0930	0.0951	0.1076	0.1003	0.0949	0.0923	0.0930	0.0924	0.0938	0.0986	0.1007	0.0953	0.0937	0.0930	0.0936	0.0918	0.0936	0.0962	0.0976	0.0924	0.0933	0.0917	0.0928	0.0919	0.0953	0.0940	0.0966	0.0929	0.0928	0.0919	0.0918	0.0927	0.0931	0.0937	0.0961	0.0929	0.0925	0.0912	0.0924	0.0950	0.0941	0.0945	0.0939	0.0929	0.0901	0.0914	0.0922	0.0950	0.0945	0.0932	
0.1545	0.1118	0.0964	0.0943	0.0938	0.0942	0.0958	0.0955	0.1206	0.1013	0.0950	0.0932	0.0920	0.0931	0.0926	0.0918	0.1096	0.1000	0.0947	0.0919	0.0910	0.0937	0.0929	0.0980	0.1022	0.0957	0.0935	0.0922	0.0921	0.0915	0.0948	0.0953	0.0971	0.0916	0.0927	0.0907	0.0921	0.0926	0.0941	0.0952	0.0946	0.0928	0.0916	0.0917	0.0905	0.0923	0.0920	0.0932	0.0941	0.0915	0.0910	0.0910	0.0916	0.0937	0.0944	0.0937	0.0921	0.0925	0.0895	0.0911	0.0918	0.0931	0.0930	0.0929	
0.1659	0.1183	0.0983	0.0969	0.0953	0.0941	0.0964	0.0950	0.1271	0.1051	0.0966	0.0944	0.0946	0.0944	0.0939	0.0930	0.1127	0.1027	0.0971	0.0933	0.0939	0.0928	0.0929	0.0981	0.1031	0.0975	0.0958	0.0941	0.0930	0.0935	0.0945	0.0964	0.0989	0.0931	0.0936	0.0921	0.0937	0.0922	0.0940	0.0946	0.0967	0.0940	0.0924	0.0922	0.0917	0.0935	0.0931	0.0932	0.0953	0.0933	0.0920	0.0927	0.0936	0.0943	0.0947	0.0956	0.0937	0.0936	0.0909	0.0916	0.0922	0.0951	0.0940	0.0927	
0.1766	0.1240	0.0999	0.0972	0.0956	0.0955	0.0956	0.0965	0.1298	0.1068	0.0982	0.0951	0.0937	0.0942	0.0929	0.0942	0.1153	0.1045	0.0985	0.0940	0.0929	0.0933	0.0945	0.0976	0.1036	0.0984	0.0945	0.0934	0.0935	0.0932	0.0941	0.0949	0.0993	0.0938	0.0949	0.0914	0.0924	0.0925	0.0938	0.0947	0.0966	0.0938	0.0924	0.0912	0.0917	0.0933	0.0925	0.0929	0.0961	0.0924	0.0915	0.0916	0.0923	0.0957	0.0926	0.0950	0.0927	0.0924	0.0906	0.0922	0.0938	0.0942	0.0932	0.0929	
0.1858	0.1292	0.1009	0.0967	0.0950	0.0947	0.0962	0.0947	0.1364	0.1102	0.0988	0.0952	0.0942	0.0930	0.0919	0.0921	0.1192	0.1058	0.0987	0.0928	0.0924	0.0927	0.0931	0.0986	0.1046	0.0971	0.0951	0.0930	0.0925	0.0917	0.0947	0.0954	0.0992	0.0926	0.0935	0.0908	0.0917	0.0921	0.0943	0.0934	0.0965	0.0927	0.0921	0.0906	0.0910	0.0918	0.0922	0.0917	0.0944	0.0921	0.0915	0.0909	0.0920	0.0935	0.0921	0.0952	0.0922	0.0922	0.0896	0.0911	0.0914	0.0923	0.0942	0.0918	
0.1994	0.1383	0.1029	0.0995	0.0959	0.0961	0.0966	0.0971	0.1416	0.1133	0.1016	0.0965	0.0948	0.0929	0.0944	0.0944	0.1220	0.1086	0.0995	0.0942	0.0936	0.0946	0.0932	0.0983	0.1061	0.1000	0.0966	0.0946	0.0930	0.0927	0.0955	0.0949	0.1004	0.0933	0.0950	0.0924	0.0936	0.0928	0.0951	0.0944	0.0970	0.0944	0.0935	0.0910	0.0917	0.0922	0.0928	0.0929	0.0957	0.0924	0.0923	0.0920	0.0924	0.0942	0.0936	0.0937	0.0923	0.0935	0.0901	0.0912	0.0925	0.0937	0.0937	0.0933	
0.2145	0.1447	0.1053	0.0990	0.0962	0.0945	0.0947	0.0945	0.1501	0.1172	0.1028	0.0974	0.0949	0.0937	0.0926	0.0931	0.1271	0.1110	0.1003	0.0954	0.0927	0.0926	0.0922	0.0953	0.1068	0.0996	0.0968	0.0936	0.0939	0.0913	0.0933	0.0943	0.1006	0.0933	0.0939	0.0916	0.0923	0.0921	0.0938	0.0929	0.0966	0.0939	0.0918	0.0914	0.0908	0.0917	0.0926	0.0922	0.0947	0.0919	0.0914	0.0901	0.0913	0.0929	0.0928	0.0936	0.0925	0.0925	0.0894	0.0911	0.0909	0.0932	0.0933	0.0921	
0.2276	0.1553	0.1091	0.1005	0.0962	0.0953	0.0962	0.0957	0.1552	0.1226	0.1045	0.0989	0.0955	0.0937	0.0922	0.0933	0.1328	0.1145	0.1015	0.0959	0.0944	0.0935	0.0936	0.0974	0.1090	0.1017	0.0969	0.0951	0.0949	0.0923	0.0947	0.0953	0.1019	0.0942	0.0952	0.0928	0.0930	0.0937	0.0941	0.0954	0.0975	0.0941	0.0931	0.0910	0.0927	0.0921	0.0930	0.0932	0.0960	0.0924	0.0916	0.0913	0.0921	0.0937	0.0939	0.0957	0.0931	0.0933	0.0899	0.0914	0.0930	0.0940	0.0946	0.0925	
0.2481	0.1665	0.1127	0.1026	0.0969	0.0956	0.0942	0.0965	0.1695	0.1291	0.1068	0.0992	0.0963	0.0927	0.0930	0.0941	0.1396	0.1192	0.1037	0.0960	0.0944	0.0933	0.0935	0.0973	0.1108	0.1021	0.0978	0.0952	0.0936	0.0921	0.0947	0.0958	0.1018	0.0945	0.0955	0.0917	0.0935	0.0931	0.0944	0.0944	0.0981	0.0946	0.0931	0.0912	0.0922	0.0943	0.0930	0.0918	0.0956	0.0920	0.0917	0.0909	0.0919	0.0937	0.0935	0.0937	0.0923	0.0927	0.0915	0.0911	0.0917	0.0943	0.0940	0.0922	
0.2667	0.1806	0.1169	0.1040	0.0975	0.0946	0.0930	0.0953	0.1790	0.1362	0.1100	0.1007	0.0970	0.0943	0.0939	0.0935	0.1469	0.1250	0.1053	0.0960	0.0952	0.0942	0.0930	0.0959	0.1125	0.1045	0.0985	0.0954	0.0945	0.0932	0.0941	0.0946	0.1034	0.0957	0.0962	0.0921	0.0933	0.0924	0.0943	0.0933	0.0982	0.0947	0.0933	0.0915	0.0920	0.0920	0.0929	0.0931	0.0967	0.0918	0.0926	0.0915	0.0916	0.0937	0.0933	0.0934	0.0930	0.0927	0.0906	0.0905	0.0921	0.0941	0.0940	0.0923	
0.2916	0.1940	0.1219	0.1059	0.0985	0.0954	0.0934	0.0961	0.1894	0.1447	0.1118	0.1020	0.0986	0.0934	0.0934	0.0935	0.1550	0.1303	0.1072	0.0978	0.0953	0.0936	0.0932	0.0956	0.1154	0.1065	0.0989	0.0963	0.0942	0.0932	0.0945	0.0944	0.1043	0.0961	0.0959	0.0922	0.0933	0.0928	0.0932	0.0937	0.0989	0.0945	0.0939	0.0915	0.0921	0.0927	0.0924	0.0923	0.0963	0.0923	0.0918	0.0908	0.0916	0.0925	0.0932	0.0943	0.0927	0.0923	0.0900	0.0904	0.0916	0.0947	0.0928	0.0915	
0.3136	0.2133	0.1281	0.1083	0.1004	0.0951	0.0926	0.0958	0.2019	0.1539	0.1152	0.1041	0.0994	0.0934	0.0942	0.0933	0.1628	0.1365	0.1093	0.0984	0.0964	0.0934	0.0938	0.0962	0.1189	0.1083	0.1002	0.0969	0.0942	0.0922	0.0945	0.0942	0.1053	0.0967	0.0968	0.0929	0.0938	0.0928	0.0930	0.0934	0.0999	0.0949	0.0937	0.0926	0.0915	0.0924	0.0922	0.0930	0.0961	0.0928	0.0921	0.0915	0.0929	0.0940	0.0940	0.0942	0.0927	0.0926	0.0901	0.0915	0.0928	0.0935	0.0941	0.0930	
0.3371	0.2283	0.1350	0.1102	0.1007	0.0957	0.0933	0.0970	0.2159	0.1643	0.1187	0.1063	0.0994	0.0933	0.0935	0.0933	0.1708	0.1423	0.1123	0.0988	0.0964	0.0941	0.0930	0.0961	0.1226	0.1103	0.1003	0.0969	0.0954	0.0923	0.0952	0.0941	0.1065	0.0967	0.0971	0.0931	0.0933	0.0925	0.0934	0.0935	0.0998	0.0949	0.0947	0.0913	0.0924	0.0911	0.0921	0.0928	0.0957	0.0922	0.0919	0.0906	0.0925	0.0942	0.0931	0.0936	0.0920	0.0924	0.0898	0.0908	0.0910	0.0937	0.0933	0.0920	
0.3692	0.2534	0.1434	0.1140	0.1020	0.0975	0.0954	0.0970	0.2361	0.1761	0.1250	0.1080	0.1009	0.0947	0.0944	0.0943	0.1836	0.1522	0.1152	0.1001	0.0965	0.0940	0.0944	0.0962	0.1278	0.1141	0.1013	0.0978	0.0948	0.0940	0.0948	0.0944	0.1086	0.0977	0.0978	0.0931	0.0937	0.0929	0.0943	0.0946	0.1000	0.0954	0.0947	0.0918	0.0930	0.0929	0.0935	0.0932	0.0972	0.0924	0.0926	0.0914	0.0918	0.0920	0.0924	0.0949	0.0922	0.0932	0.0904	0.0916	0.0915	0.0938	0.0938	0.0923	
0.3998	0.2725	0.1519	0.1178	0.1025	0.0950	0.0963	0.0956	0.2515	0.1899	0.1288	0.1091	0.1031	0.0934	0.0939	0.0935	0.1941	0.1605	0.1171	0.1018	0.0967	0.0931	0.0929	0.0966	0.1310	0.1145	0.1013	0.0979	0.0944	0.0919	0.0943	0.0936	0.1092	0.0978	0.0979	0.0931	0.0932	0.0921	0.0928	0.0927	0.0995	0.0940	0.0939	0.0907	0.0909	0.0910	0.0908	0.0916	0.0951	0.0911	0.0905	0.0899	0.0905	0.0946	0.0922	0.0936	0.0916	0.0920	0.0895	0.0904	0.0912	0.0928	0.0929	0.0914	
0.4256	0.2996	0.1653	0.1231	0.1043	0.0983	0.0948	0.0968	0.2743	0.2062	0.1356	0.1142	0.1042	0.0946	0.0941	0.0953	0.2082	0.1728	0.1222	0.1034	0.0992	0.0950	0.0939	0.0960	0.1378	0.1215	0.1038	0.0986	0.0954	0.0947	0.0951	0.0935	0.1125	0.0998	0.0985	0.0940	0.0942	0.0930	0.0945	0.0927	0.1019	0.0949	0.0944	0.0909	0.0920	0.0930	0.0925	0.0926	0.0960	0.0916	0.0915	0.0911	0.0909	0.0945	0.0926	0.0935	0.0920	0.0923	0.0895	0.0914	0.0908	0.0951	0.0932	0.0921	
0.4547	0.3293	0.1795	0.1253	0.1068	0.0972	0.0943	0.0979	0.2944	0.2232	0.1427	0.1163	0.1059	0.0954	0.0961	0.0957	0.2225	0.1831	0.1257	0.1046	0.0984	0.0947	0.0962	0.0964	0.1440	0.1250	0.1051	0.0990	0.0955	0.0935	0.0956	0.0948	0.1145	0.1003	0.0999	0.0945	0.0943	0.0924	0.0932	0.0945	0.1013	0.0952	0.0946	0.0911	0.0916	0.0915	0.0927	0.0924	0.0966	0.0919	0.0918	0.0910	0.0915	0.0914	0.0924	0.0946	0.0921	0.0933	0.0892	0.0903	0.0911	0.0942	0.0938	0.0923	
0.4872	0.3610	0.1958	0.1297	0.1093	0.0994	0.0953	0.0975	0.3180	0.2392	0.1489	0.1217	0.1078	0.0957	0.0954	0.0943	0.2369	0.1956	0.1302	0.1061	0.1001	0.0950	0.0942	0.0964	0.1500	0.1302	0.1054	0.0998	0.0965	0.0933	0.0944	0.0949	0.1159	0.1015	0.1003	0.0939	0.0949	0.0921	0.0932	0.0929	0.1011	0.0951	0.0954	0.0918	0.0910	0.0920	0.0911	0.0920	0.0964	0.0918	0.0913	0.0902	0.0911	0.0918	0.0929	0.0937	0.0918	0.0927	0.0895	0.0899	0.0908	0.0934	0.0927	0.0910	
0.5213	0.3917	0.2143	0.1365	0.1129	0.1000	0.0966	0.0986	0.3468	0.2616	0.1587	0.1250	0.1111	0.0975	0.0974	0.0965	0.2565	0.2096	0.1374	0.1083	0.1012	0.0947	0.0966	0.0978	0.1602	0.1363	0.1078	0.1015	0.0973	0.0935	0.0949	0.0935	0.1206	0.1038	0.1020	0.0949	0.0953	0.0924	0.0932	0.0939	0.1022	0.0959	0.0963	0.0914	0.0918	0.0914	0.0926	0.0919	0.0966	0.0921	0.0911	0.0900	0.0917	0.0942	0.0924	0.0930	0.0927	0.0923	0.0900	0.0898	0.0910	0.0928	0.0932	0.0920	
0.5561	0.4270	0.2347	0.1420	0.1158	0.1014	0.0975	0.0996	0.3770	0.2848	0.1688	0.1339	0.1137	0.0984	0.0987	0.0963	0.2741	0.2264	0.1441	0.1110	0.1026	0.0968	0.0964	0.0983	0.1694	0.1450	0.1109	0.1030	0.0982	0.0941	0.0963	0.0960	0.1248	0.1060	0.1029	0.0959	0.0960	0.0929	0.0930	0.0946	0.1022	0.0966	0.0970	0.0928	0.0921	0.0917	0.0918	0.0922	0.0970	0.0931	0.0930	0.0914	0.0927	0.0906	0.0921	0.0932	0.0925	0.0933	0.0904	0.0907	0.0908	0.0927	0.0927	0.0916	
0.5836	0.4622	0.2531	0.1503	0.1190	0.1028	0.0948	0.1001	0.4037	0.3058	0.1789	0.1355	0.1160	0.0987	0.0990	0.0968	0.2946	0.2456	0.1517	0.1149	0.1059	0.0961	0.0986	0.0991	0.1805	0.1508	0.1133	0.1065	0.0985	0.0939	0.0963	0.0942	0.1287	0.1075	0.1047	0.0955	0.0956	0.0927	0.0931	0.0929	0.1031	0.0966	0.0970	0.0922	0.0921	0.0918	0.0916	0.0917	0.0969	0.0930	0.0916	0.0911	0.0908	0.0909	0.0926	0.0929	0.0920	0.0929	0.0899	0.0898	0.0908	0.0925	0.0928	0.0910	
0.6132	0.4930	0.2788	0.1613	0.1232	0.1045	0.0975	0.1021	0.4362	0.3293	0.1929	0.1421	0.1195	0.1016	0.1001	0.0980	0.3147	0.2627	0.1602	0.1179	0.1060	0.0968	0.0989	0.1001	0.1908	0.1603	0.1155	0.1051	0.0996	0.0951	0.0969	0.0951	0.1348	0.1099	0.1060	0.0969	0.0963	0.0928	0.0941	0.0937	0.1042	0.0968	0.0973	0.0930	0.0930	0.0919	0.0916	0.0930	0.0970	0.0932	0.0922	0.0907	0.0934	0.0913	0.0920	0.0938	0.0925	0.0935	0.0904	0.0903	0.0915	0.0928	0.0924	0.0918	
0.6361	0.5258	0.3046	0.1703	0.1275	0.1064	0.0997	0.1042	0.4659	0.3619	0.2096	0.1515	0.1268	0.1028	0.1024	0.0991	0.3343	0.2837	0.1714	0.1232	0.1093	0.0984	0.0997	0.1017	0.2051	0.1710	0.1197	0.1084	0.1020	0.0954	0.0979	0.0959	0.1407	0.1137	0.1085	0.0980	0.0979	0.0943	0.0943	0.0944	0.1044	0.0979	0.0986	0.0940	0.0941	0.0930	0.0929	0.0935	0.0975	0.0933	0.0930	0.0925	0.0924	0.0918	0.0936	0.0946	0.0928	0.0931	0.0908	0.0913	0.0924	0.0932	0.0936	0.0926	
0.6630	0.5478	0.3308	0.1796	0.1334	0.1079	0.1001	0.1045	0.4947	0.3835	0.2201	0.1579	0.1301	0.1030	0.1021	0.0997	0.3589	0.3024	0.1815	0.1264	0.1097	0.0984	0.1002	0.1021	0.2200	0.1818	0.1204	0.1089	0.1024	0.0954	0.0974	0.0949	0.1469	0.1169	0.1090	0.0975	0.0973	0.0930	0.0935	0.0944	0.1054	0.0983	0.0980	0.0929	0.0925	0.0917	0.0922	0.0940	0.0976	0.0925	0.0918	0.0910	0.0914	0.0920	0.0927	0.0937	0.0925	0.0923	0.0905	0.0897	0.0911	0.0930	0.0931	0.0917	
0.6844	0.5734	0.3571	0.1929	0.1399	0.1108	0.0984	0.1055	0.5232	0.4084	0.2385	0.1677	0.1356	0.1050	0.1044	0.1005	0.3844	0.3261	0.1932	0.1313	0.1126	0.0990	0.1006	0.1012	0.2331	0.1969	0.1270	0.1193	0.1025	0.0951	0.0981	0.0956	0.1537	0.1214	0.1113	0.0990	0.0974	0.0929	0.0943	0.0933	0.1073	0.0992	0.0992	0.0932	0.0933	0.0926	0.0914	0.0931	0.0979	0.0936	0.0923	0.0910	0.0918	0.0910	0.0918	0.0927	0.0930	0.0927	0.0900	0.0905	0.0914	0.0933	0.0927	0.0920	
0.7124	0.5917	0.3796	0.2041	0.1470	0.1146	0.1009	0.1083	0.5545	0.4359	0.2566	0.1805	0.1446	0.1083	0.1066	0.1030	0.4074	0.3470	0.2077	0.1376	0.1170	0.1006	0.1023	0.1040	0.2486	0.2092	0.1300	0.1127	0.1039	0.0971	0.0981	0.0958	0.1629	0.1253	0.1131	0.0996	0.0983	0.0929	0.0938	0.0932	0.1071	0.0998	0.0991	0.0929	0.0936	0.0923	0.0917	0.0921	0.0981	0.0934	0.0929	0.0908	0.0916	0.0903	0.0912	0.0937	0.0927	0.0929	0.0905	0.0900	0.0917	0.0932	0.0922	0.0912	
0.7340	0.6170	0.4067	0.2192	0.1558	0.1171	0.1054	0.1103	0.5807	0.4626	0.2753	0.1930	0.1513	0.1116	0.1088	0.1026	0.4274	0.3707	0.2201	0.1436	0.1195	0.1015	0.1032	0.1041	0.2675	0.2270	0.1383	0.1166	0.1062	0.0979	0.0999	0.0962	0.1727	0.1308	0.1158	0.1010	0.0993	0.0940	0.0937	0.0942	0.1093	0.1001	0.1000	0.0938	0.0931	0.0924	0.0911	0.0927	0.0989	0.0943	0.0926	0.0911	0.0921	0.0907	0.0930	0.0937	0.0934	0.0933	0.0904	0.0910	0.0913	0.0937	0.0940	0.0929	
0.7557	0.6381	0.4314	0.2333	0.1657	0.1206	0.1047	0.1111	0.6080	0.4892	0.2886	0.2052	0.1587	0.1116	0.1108	0.1039	0.4507	0.3947	0.2337	0.1512	0.1245	0.1032	0.1042	0.1045	0.2845	0.2393	0.1389	0.1186	0.1055	0.0969	0.1002	0.0960	0.1823	0.1348	0.1176	0.1010	0.0989	0.0931	0.0944	0.0937	0.1100	0.1004	0.1000	0.0935	0.0935	0.0916	0.0905	0.0917	0.0980	0.0931	0.0925	0.0911	0.0912	0.0954	0.0919	0.0918	0.0922	0.0921	0.0892	0.0904	0.0902	0.0932	0.0910	0.0905	
0.7737	0.6591	0.4543	0.2524	0.1735	0.1250	0.1077	0.1131	0.6352	0.5141	0.3074	0.2213	0.1696	0.1158	0.1159	0.1067	0.4759	0.4192	0.2549	0.1597	0.1294	0.1049	0.1067	0.1081	0.3029	0.2577	0.1464	0.1303	0.1102	0.0990	0.1014	0.0971	0.1953	0.1421	0.1217	0.1032	0.1003	0.0938	0.0963	0.0945	0.1131	0.1019	0.1017	0.0944	0.0945	0.0925	0.0928	0.0944	0.1007	0.0951	0.0943	0.0920	0.0917	0.0933	0.0933	0.0937	0.0934	0.0937	0.0909	0.0917	0.0927	0.0927	0.0936	0.0911	
0.7861	0.6817	0.4725	0.2659	0.1866	0.1311	0.1103	0.1168	0.6615	0.5358	0.3269	0.2373	0.1821	0.1220	0.1192	0.1088	0.5001	0.4448	0.2708	0.1665	0.1342	0.1062	0.1093	0.1080	0.3252	0.2733	0.1532	0.1270	0.1119	0.0990	0.1030	0.0972	0.2079	0.1500	0.1248	0.1044	0.1012	0.0951	0.0957	0.0945	0.1142	0.1020	0.1024	0.0943	0.0946	0.0923	0.0920	0.0927	0.0999	0.0943	0.0927	0.0903	0.0920	0.0890	0.0925	0.0942	0.0930	0.0923	0.0905	0.0908	0.0905	0.0916	0.0918	0.0906	
0.7879	0.7062	0.4965	0.2839	0.1964	0.1373	0.1180	0.1202	0.6810	0.5592	0.3435	0.2525	0.1924	0.1261	0.1245	0.1091	0.5208	0.4693	0.2876	0.1770	0.1409	0.1087	0.1109	0.1083	0.3451	0.2915	0.1605	0.1325	0.1142	0.0999	0.1026	0.0987	0.2165	0.1557	0.1285	0.1051	0.1017	0.0947	0.0958	0.0947	0.1164	0.1032	0.1030	0.0957	0.0940	0.0917	0.0920	0.0929	0.1003	0.0951	0.0927	0.0912	0.0927	0.0900	0.0922	0.0936	0.0935	0.0931	0.0905	0.0909	0.0908	0.0914	0.0923	0.0920	
0.7939	0.7217	0.5118	0.2990	0.2095	0.1435	0.1195	0.1251	0.6979	0.5761	0.3694	0.2633	0.2031	0.1335	0.1285	0.1126	0.5433	0.4922	0.3052	0.1883	0.1480	0.1109	0.1139	0.1125	0.3623	0.3112	0.1698	0.1376	0.1162	0.1006	0.1049	0.0993	0.2302	0.1642	0.1328	0.1061	0.1025	0.0951	0.0960	0.0954	0.1196	0.1044	0.1031	0.0946	0.0939	0.0914	0.0920	0.0926	0.0991	0.0951	0.0929	0.0911	0.0919	0.0891	0.0911	0.0922	0.0927	0.0931	0.0901	0.0904	0.0908	0.0920	0.0930	0.0911	
0.8001	0.7405	0.5400	0.3116	0.2229	0.1511	0.1245	0.1264	0.7092	0.5943	0.3851	0.2865	0.2173	0.1366	0.1342	0.1159	0.5716	0.5165	0.3231	0.1987	0.1550	0.1136	0.1162	0.1128	0.3863	0.3304	0.1773	0.1412	0.1181	0.1023	0.1052	0.0990	0.2445	0.1745	0.1368	0.1071	0.1023	0.0953	0.0948	0.0952	0.1211	0.1051	0.1040	0.0949	0.0944	0.0912	0.0911	0.0922	0.0992	0.0958	0.0917	0.0905	0.0913	0.0893	0.0917	0.0932	0.0923	0.0931	0.0895	0.0893	0.0895	0.0909	0.0909	0.0914	
0.7941	0.7503	0.5624	0.3246	0.2387	0.1605	0.1311	0.1326	0.7127	0.6147	0.4067	0.2976	0.2314	0.1467	0.1427	0.1203	0.5930	0.5407	0.3452	0.2086	0.1652	0.1163	0.1204	0.1167	0.4029	0.3534	0.1903	0.1459	0.1229	0.1026	0.1079	0.1000	0.2567	0.1834	0.1420	0.1088	0.1045	0.0954	0.0964	0.0952	0.1249	0.1063	0.1058	0.0957	0.0952	0.0935	0.0915	0.0930	0.1007	0.0958	0.0930	0.0911	0.0920	0.0900	0.0908	0.0936	0.0925	0.0930	0.0907	0.0905	0.0902	0.0931	0.0912	0.0914	
0.8014	0.7532	0.5834	0.3392	0.2533	0.1725	0.1422	0.1396	0.7182	0.6331	0.4218	0.3123	0.2461	0.1548	0.1489	0.1245	0.6189	0.5586	0.3617	0.2223	0.1740	0.1229	0.1223	0.1184	0.4279	0.3720	0.1973	0.1546	0.1268	0.1051	0.1078	0.0997	0.2716	0.1966	0.1484	0.1119	0.1055	0.0964	0.0964	0.0954	0.1295	0.1075	0.1065	0.0963	0.0955	0.0917	0.0915	0.0932	0.1013	0.0952	0.0932	0.0904	0.0917	0.0896	0.0924	0.0937	0.0929	0.0932	0.0909	0.0900	0.0902	0.0926	0.0933	0.0922	
0.8053	0.7579	0.6140	0.3518	0.2634	0.1799	0.1496	0.1401	0.7235	0.6464	0.4443	0.3221	0.2612	0.1624	0.1561	0.1292	0.6348	0.5789	0.3824	0.2325	0.1842	0.1248	0.1282	0.1206	0.4475	0.3915	0.2108	0.1597	0.1319	0.1054	0.1107	0.1025	0.2874	0.2087	0.1564	0.1144	0.1066	0.0961	0.0975	0.0970	0.1314	0.1088	0.1081	0.0962	0.0966	0.0918	0.0914	0.0925	0.1012	0.0966	0.0924	0.0909	0.0919	0.0899	0.0914	0.0948	0.0927	0.0931	0.0905	0.0903	0.0895	0.0909	0.0923	0.0922	
0.8092	0.7628	0.6435	0.3684	0.2758	0.1930	0.1576	0.1506	0.7271	0.6655	0.4632	0.3394	0.2761	0.1737	0.1687	0.1345	0.6498	0.5997	0.4020	0.2461	0.1941	0.1296	0.1330	0.1252	0.4703	0.4175	0.2221	0.1674	0.1361	0.1078	0.1135	0.1032	0.3048	0.2197	0.1630	0.1185	0.1076	0.0961	0.0974	0.0967	0.1374	0.1108	0.1098	0.0971	0.0962	0.0941	0.0929	0.0942	0.1031	0.0978	0.0932	0.0920	0.0921	0.0943	0.0929	0.0940	0.0935	0.0933	0.0913	0.0908	0.0908	0.0923	0.0927	0.0923	
0.8064	0.7645	0.6616	0.3778	0.2932	0.2029	0.1616	0.1598	0.7286	0.6752	0.4736	0.3525	0.2895	0.1821	0.1759	0.1457	0.6560	0.6150	0.4225	0.2561	0.2035	0.1347	0.1396	0.1309	0.4883	0.4348	0.2337	0.1756	0.1393	0.1081	0.1159	0.1035	0.3168	0.2314	0.1693	0.1190	0.1091	0.0971	0.0980	0.0965	0.1405	0.1121	0.1108	0.0971	0.0963	0.0922	0.0917	0.0931	0.1025	0.0974	0.0930	0.0916	0.0920	0.0930	0.0909	0.0946	0.0926	0.0926	0.0907	0.0902	0.0898	0.0914	0.0921	0.0922	
0.8028	0.7638	0.6846	0.3930	0.3043	0.2201	0.1722	0.1667	0.7308	0.6852	0.4918	0.3702	0.3093	0.1979	0.1921	0.1460	0.6617	0.6329	0.4445	0.2721	0.2189	0.1433	0.1481	0.1344	0.5139	0.4615	0.2530	0.1950	0.1486	0.1116	0.1185	0.1095	0.3382	0.2485	0.1820	0.1252	0.1113	0.0975	0.0989	0.0989	0.1460	0.1166	0.1129	0.0987	0.0985	0.0949	0.0942	0.0942	0.1047	0.0987	0.0941	0.0926	0.0935	0.0909	0.0917	0.0949	0.0938	0.0935	0.0922	0.0929	0.0908	0.0933	0.0944	0.0921	
0.8114	0.7682	0.6951	0.4107	0.3152	0.2357	0.1873	0.1773	0.7376	0.6929	0.5078	0.3842	0.3203	0.2154	0.2043	0.1557	0.6688	0.6480	0.4670	0.2854	0.2251	0.1534	0.1573	0.1407	0.5395	0.4859	0.2661	0.1954	0.1519	0.1154	0.1208	0.1079	0.3538	0.2649	0.1914	0.1273	0.1129	0.0981	0.1004	0.0988	0.1531	0.1181	0.1145	0.0997	0.0977	0.0933	0.0924	0.0948	0.1053	0.0997	0.0935	0.0928	0.0928	0.0901	0.0926	0.0954	0.0932	0.0935	0.0901	0.0903	0.0907	0.0915	0.0921	0.0920	
0.8099	0.7660	0.7010	0.4254	0.3252	0.2434	0.2037	0.1872	0.7351	0.6901	0.5171	0.3881	0.3281	0.2294	0.2189	0.1648	0.6686	0.6583	0.4818	0.2956	0.2398	0.1603	0.1615	0.1493	0.5552	0.5005	0.2767	0.2032	0.1587	0.1178	0.1236	0.1086	0.3721	0.2772	0.2013	0.1305	0.1144	0.0993	0.1007	0.0979	0.1587	0.1189	0.1159	0.0987	0.0974	0.0928	0.0927	0.0944	0.1063	0.0997	0.0938	0.0923	0.0938	0.0967	0.0928	0.0931	0.0935	0.0930	0.0898	0.0917	0.0902	0.0917	0.0930	0.0915	
0.8166	0.7729	0.7073	0.4422	0.3368	0.2526	0.2025	0.1945	0.7420	0.6978	0.5411	0.4113	0.3519	0.2380	0.2359	0.1753	0.6790	0.6717	0.5076	0.3105	0.2513	0.1683	0.1729	0.1541	0.5798	0.5279	0.3000	0.2118	0.1677	0.1211	0.1283	0.1114	0.3905	0.2950	0.2127	0.1341	0.1173	0.0992	0.1013	0.0996	0.1667	0.1239	0.1183	0.0999	0.0985	0.0940	0.0928	0.0947	0.1078	0.1017	0.0941	0.0930	0.0925	0.0903	0.0916	0.0932	0.0942	0.0949	0.0910	0.0919	0.0914	0.0922	0.0919	0.0931	
0.8201	0.7739	0.7083	0.4664	0.3510	0.2682	0.2232	0.2092	0.7437	0.7001	0.5508	0.4191	0.3617	0.2526	0.2470	0.1839	0.6767	0.6736	0.5227	0.3244	0.2607	0.1783	0.1798	0.1635	0.5988	0.5439	0.3163	0.2241	0.1749	0.1247	0.1322	0.1121	0.4061	0.3105	0.2246	0.1399	0.1196	0.1009	0.1019	0.1004	0.1761	0.1260	0.1208	0.1002	0.0981	0.0933	0.0929	0.0941	0.1080	0.1019	0.0934	0.0929	0.0935	0.0896	0.0906	0.0932	0.0939	0.0926	0.0911	0.0900	0.0902	0.0917	0.0915	0.0919	
0.8184	0.7757	0.7129	0.4865	0.3631	0.2827	0.2321	0.2161	0.7464	0.6991	0.5629	0.4309	0.3704	0.2722	0.2687	0.1985	0.6818	0.6788	0.5484	0.3365	0.2761	0.1931	0.1913	0.1714	0.6164	0.5661	0.3337	0.2375	0.1846	0.1275	0.1378	0.1164	0.4220	0.3296	0.2383	0.1440	0.1224	0.1014	0.1032	0.1008	0.1833	0.1306	0.1244	0.1010	0.1002	0.0936	0.0927	0.0961	0.1088	0.1040	0.0943	0.0929	0.0936	0.0894	0.0907	0.0951	0.0942	0.0952	0.0919	0.0910	0.0900	0.0907	0.0925	0.0925	
0.8213	0.7765	0.7064	0.5050	0.3712	0.2893	0.2515	0.2334	0.7489	0.7022	0.5718	0.4343	0.3797	0.2839	0.2780	0.2064	0.6854	0.6807	0.5625	0.3435	0.2853	0.2002	0.2004	0.1783	0.6238	0.5849	0.3491	0.2432	0.1915	0.1308	0.1409	0.1188	0.4400	0.3466	0.2498	0.1501	0.1240	0.1027	0.1036	0.1005	0.1935	0.1338	0.1235	0.1012	0.0999	0.0920	0.0927	0.0949	0.1100	0.1037	0.0930	0.0912	0.0924	0.0889	0.0902	0.0933	0.0939	0.0929	0.0896	0.0898	0.0899	0.0909	0.0911	0.0918	
0.8266	0.7760	0.7123	0.5175	0.3804	0.2987	0.2553	0.2396	0.7531	0.7057	0.5848	0.4465	0.3854	0.2952	0.2884	0.2205	0.6864	0.6791	0.5850	0.3635	0.2963	0.2155	0.2104	0.1874	0.6319	0.6013	0.3757	0.2583	0.2001	0.1369	0.1479	0.1238	0.4599	0.3619	0.2679	0.1542	0.1266	0.1035	0.1056	0.1019	0.2099	0.1393	0.1295	0.1040	0.1006	0.0934	0.0926	0.0966	0.1120	0.1065	0.0946	0.0920	0.0920	0.0897	0.0915	0.0938	0.0947	0.0932	0.0903	0.0898	0.0894	0.0917	0.0908	0.0919	
0.8294	0.7754	0.7126	0.5250	0.3975	0.3003	0.2663	0.2483	0.7511	0.7073	0.5951	0.4578	0.3987	0.3142	0.3035	0.2303	0.6897	0.6854	0.5991	0.3747	0.3112	0.2232	0.2209	0.1926	0.6361	0.6094	0.3947	0.2698	0.2106	0.1434	0.1541	0.1271	0.4827	0.3823	0.2878	0.1619	0.1334	0.1047	0.1073	0.1053	0.2203	0.1423	0.1323	0.1045	0.1010	0.0945	0.0942	0.0947	0.1154	0.1077	0.0944	0.0927	0.0927	0.0887	0.0899	0.0944	0.0951	0.0937	0.0907	0.0900	0.0894	0.0906	0.0924	0.0927	
0.8305	0.7803	0.7161	0.5308	0.4055	0.3178	0.2760	0.2601	0.7551	0.7073	0.6021	0.4664	0.4065	0.3246	0.3160	0.2464	0.6981	0.6839	0.6089	0.3876	0.3200	0.2389	0.2367	0.2054	0.6418	0.6205	0.4214	0.2815	0.2211	0.1494	0.1635	0.1301	0.5039	0.3995	0.2996	0.1677	0.1368	0.1066	0.1095	0.1045	0.2304	0.1470	0.1371	0.1076	0.1023	0.0951	0.0950	0.0958	0.1172	0.1102	0.0948	0.0940	0.0936	0.0894	0.0922	0.0948	0.0943	0.0942	0.0907	0.0914	0.0917	0.0912	0.0921	0.0926	
0.8299	0.7856	0.7198	0.5394	0.4156	0.3230	0.2823	0.2634	0.7567	0.7084	0.6120	0.4670	0.4131	0.3342	0.3239	0.2544	0.6976	0.6899	0.6165	0.3935	0.3316	0.2504	0.2451	0.2157	0.6446	0.6322	0.4464	0.2936	0.2291	0.1571	0.1686	0.1364	0.5186	0.4196	0.3196	0.1737	0.1409	0.1077	0.1108	0.1086	0.2414	0.1541	0.1418	0.1076	0.1044	0.0948	0.0958	0.0966	0.1205	0.1127	0.0953	0.0935	0.0943	0.0914	0.0920	0.0959	0.0956	0.0945	0.0910	0.0914	0.0899	0.0912	0.0920	0.0927	
0.8398	0.7898	0.7185	0.5376	0.4241	0.3345	0.2918	0.2768	0.7584	0.7100	0.6119	0.4686	0.4208	0.3411	0.3371	0.2613	0.7013	0.6896	0.6178	0.4044	0.3382	0.2582	0.2543	0.2260	0.6475	0.6379	0.4566	0.3065	0.2410	0.1622	0.1742	0.1407	0.5433	0.4384	0.3361	0.1820	0.1444	0.1100	0.1131	0.1078	0.2522	0.1600	0.1450	0.1088	0.1049	0.0939	0.0955	0.0957	0.1218	0.1139	0.0957	0.0928	0.0932	0.0894	0.0910	0.0945	0.0945	0.0948	0.0910	0.0893	0.0900	0.0911	0.0904	0.0920	
0.8401	0.7948	0.7224	0.5431	0.4292	0.3416	0.2960	0.2845	0.7601	0.7124	0.6197	0.4673	0.4135	0.3521	0.3407	0.2767	0.7028	0.6928	0.6184	0.4100	0.3441	0.2699	0.2673	0.2363	0.6516	0.6431	0.4764	0.3176	0.2460	0.1692	0.1911	0.1475	0.5601	0.4586	0.3490	0.1892	0.1491	0.1115	0.1163	0.1084	0.2623	0.1684	0.1492	0.1114	0.1052	0.0954	0.0955	0.0971	0.1266	0.1173	0.0960	0.0931	0.0945	0.0893	0.0920	0.0946	0.0954	0.0963	0.0905	0.0905	0.0903	0.0913	0.0910	0.0931	
0.8416	0.7964	0.7234	0.5408	0.4261	0.3400	0.2985	0.2869	0.7633	0.7128	0.6245	0.4722	0.4173	0.3564	0.3482	0.2847	0.7068	0.6908	0.6214	0.4157	0.3499	0.2813	0.2749	0.2461	0.6496	0.6382	0.4973	0.3300	0.2569	0.1762	0.1977	0.1509	0.5740	0.4787	0.3655	0.1971	0.1532	0.1118	0.1173	0.1102	0.2763	0.1753	0.1556	0.1129	0.1060	0.0956	0.0961	0.0976	0.1283	0.1203	0.0952	0.0934	0.0934	0.0908	0.0909	0.0948	0.0958	0.0950	0.0907	0.0896	0.0896	0.0907	0.0906	0.0921	
0.8479	0.8006	0.7273	0.5469	0.4327	0.3458	0.3054	0.2959	0.7644	0.7150	0.6255	0.4740	0.4189	0.3666	0.3540	0.2861	0.7095	0.6941	0.6279	0.4197	0.3578	0.2921	0.2822	0.2572	0.6559	0.6454	0.5181	0.3403	0.2687	0.1865	0.2064	0.1586	0.5869	0.4940	0.3832	0.2062	0.1589	0.1150	0.1207	0.1132	0.2905	0.1816	0.1619	0.1135	0.1076	0.0959	0.0972	0.0977	0.1346	0.1242	0.0958	0.0939	0.0936	0.0895	0.0925	0.0951	0.0967	0.0957	0.0912	0.0904	0.0900	0.0913	0.0914	0.0929	
0.8536	0.8050	0.7282	0.5455	0.4280	0.3428	0.3041	0.2945	0.7721	0.7161	0.6256	0.4734	0.4193	0.3622	0.3565	0.3003	0.7164	0.6963	0.6285	0.4233	0.3644	0.3002	0.2928	0.2668	0.6605	0.6448	0.5381	0.3542	0.2761	0.1956	0.2149	0.1673	0.5943	0.5142	0.4026	0.2149	0.1653	0.1191	0.1244	0.1163	0.3033	0.1909	0.1661	0.1158	0.1096	0.0955	0.0983	0.0988	0.1366	0.1283	0.0960	0.0942	0.0941	0.0903	0.0927	0.0961	0.0968	0.0967	0.0914	0.0910	0.0906	0.0910	0.0921	0.0920	
0.8534	0.8043	0.7313	0.5479	0.4292	0.3416	0.3020	0.2959	0.7725	0.7164	0.6270	0.4751	0.4151	0.3649	0.3573	0.3049	0.7139	0.6988	0.6342	0.4284	0.3664	0.3062	0.3000	0.2736	0.6599	0.6453	0.5574	0.3613	0.2841	0.2039	0.2228	0.1706	0.6026	0.5317	0.4185	0.2239	0.1699	0.1206	0.1247	0.1164	0.3136	0.2053	0.1763	0.1186	0.1110	0.0956	0.0965	0.0973	0.1433	0.1328	0.0956	0.0936	0.0938	0.0899	0.0898	0.0927	0.0962	0.0950	0.0908	0.0902	0.0887	0.0902	0.0905	0.0918	
0.8541	0.8137	0.7356	0.5482	0.4321	0.3423	0.3097	0.3006	0.7745	0.7193	0.6282	0.4746	0.4151	0.3671	0.3607	0.3092	0.7198	0.7001	0.6319	0.4305	0.3650	0.3149	0.3081	0.2841	0.6679	0.6506	0.5606	0.3723	0.2942	0.2142	0.2333	0.1790	0.6070	0.5506	0.4382	0.2342	0.1762	0.1255	0.1282	0.1194	0.3306	0.2149	0.1841	0.1209	0.1126	0.0963	0.0965	0.0989	0.1497	0.1350	0.0974	0.0945	0.0953	0.0891	0.0915	0.0941	0.0981	0.0953	0.0916	0.0904	0.0907	0.0917	0.0923	0.0926	
0.8579	0.8127	0.7372	0.5484	0.4241	0.3435	0.2997	0.2947	0.7767	0.7246	0.6323	0.4773	0.4189	0.3659	0.3592	0.3132	0.7226	0.7004	0.6349	0.4354	0.3704	0.3214	0.3130	0.2912	0.6672	0.6521	0.5781	0.3830	0.3028	0.2264	0.2479	0.1907	0.6130	0.5653	0.4585	0.2450	0.1855	0.1293	0.1351	0.1233	0.3438	0.2286	0.1937	0.1251	0.1161	0.0971	0.0990	0.0987	0.1576	0.1440	0.0980	0.0947	0.0947	0.0893	0.0916	0.0952	0.0978	0.0957	0.0917	0.0903	0.0914	0.0910	0.0919	0.0917	
0.8571	0.8217	0.7406	0.5497	0.4300	0.3407	0.3071	0.3004	0.7801	0.7223	0.6324	0.4730	0.4157	0.3670	0.3550	0.3148	0.7249	0.7041	0.6392	0.4307	0.3688	0.3308	0.3121	0.2957	0.6638	0.6562	0.5789	0.3904	0.3142	0.2343	0.2534	0.1936	0.6153	0.5726	0.4736	0.2557	0.1923	0.1318	0.1366	0.1264	0.3609	0.2395	0.2022	0.1287	0.1161	0.0969	0.0999	0.0997	0.1638	0.1486	0.0982	0.0948	0.0954	0.0916	0.0909	0.0956	0.0984	0.0966	0.0916	0.0903	0.0909	0.0920	0.0904	0.0914	
0.8606	0.8229	0.7457	0.5532	0.4280	0.3427	0.3007	0.2975	0.7772	0.7207	0.6389	0.4798	0.4162	0.3660	0.3543	0.3089	0.7264	0.7046	0.6320	0.4338	0.3676	0.3328	0.3170	0.3056	0.6721	0.6575	0.5845	0.3995	0.3177	0.2458	0.2622	0.2067	0.6173	0.5845	0.4909	0.2643	0.1996	0.1355	0.1424	0.1313	0.3768	0.2513	0.2140	0.1314	0.1198	0.0985	0.0992	0.0998	0.1726	0.1574	0.0989	0.0963	0.0958	0.0900	0.0919	0.0953	0.0992	0.0960	0.0922	0.0913	0.0893	0.0903	0.0913	0.0930	
0.8608	0.8305	0.7465	0.5555	0.4284	0.3418	0.3066	0.2988	0.7827	0.7254	0.6384	0.4790	0.4109	0.3622	0.3524	0.3105	0.7288	0.7053	0.6381	0.4356	0.3682	0.3328	0.3145	0.3023	0.6706	0.6555	0.5844	0.4038	0.3240	0.2549	0.2681	0.2130	0.6203	0.5878	0.5082	0.2769	0.2063	0.1410	0.1477	0.1353	0.3936	0.2621	0.2227	0.1347	0.1212	0.0993	0.1008	0.1024	0.1799	0.1623	0.0998	0.0973	0.0963	0.0897	0.0917	0.0942	0.0988	0.0967	0.0924	0.0909	0.0892	0.0909	0.0911	0.0923	
