0.0927	0.0943	0.0908	0.0932	0.0930	0.0950	0.0924	0.1196	0.0915	0.0943	0.0924	0.0929	0.0905	0.0958	0.0924	0.1047	0.0914	0.0931	0.0912	0.0930	0.0910	0.0929	0.0919	0.1111	0.0914	0.0927	0.0910	0.0911	0.0915	0.0904	0.0921	0.0917	0.0964	0.0960	0.0925	0.1076	0.0935	0.1603	0.0944	0.1083	0.0956	0.0949	0.0937	0.0978	0.0957	0.1142	0.0959	0.0951	0.0938	0.0950	0.0928	0.0963	0.0939	0.1170	0.0951	0.0996	0.0953	0.0957	0.0934	0.0950	0.0942	0.1045	0.0947	0.1001	
0.0921	0.0933	0.0902	0.0914	0.0939	0.0908	0.0911	0.0910	0.0911	0.0945	0.0913	0.0909	0.0899	0.0902	0.0906	0.0916	0.0911	0.0934	0.0914	0.0912	0.0907	0.0910	0.0911	0.0916	0.0904	0.0922	0.0903	0.0896	0.0909	0.0888	0.0920	0.0899	0.0910	0.0921	0.0904	0.0928	0.0910	0.0965	0.0920	0.0925	0.0920	0.0926	0.0919	0.0923	0.0938	0.0970	0.0933	0.0928	0.0904	0.0930	0.0917	0.0928	0.0920	0.0964	0.0926	0.0932	0.0923	0.0929	0.0916	0.0914	0.0915	0.0965	0.0929	0.0937	
0.0927	0.0926	0.0905	0.0924	0.0939	0.0902	0.0914	0.0912	0.0917	0.0938	0.0913	0.0911	0.0902	0.0904	0.0905	0.0908	0.0912	0.0933	0.0905	0.0911	0.0902	0.0906	0.0925	0.0920	0.0911	0.0916	0.0905	0.0899	0.0910	0.0894	0.0911	0.0900	0.0916	0.0922	0.0910	0.0930	0.0913	0.0964	0.0929	0.0934	0.0923	0.0924	0.0924	0.0922	0.0935	0.0972	0.0933	0.0931	0.0912	0.0933	0.0912	0.0931	0.0917	0.0967	0.0936	0.0942	0.0925	0.0930	0.0918	0.0922	0.0919	0.0963	0.0926	0.0942	
0.0924	0.0930	0.0900	0.0915	0.0937	0.0901	0.0910	0.0906	0.0915	0.0939	0.0915	0.0906	0.0902	0.0905	0.0905	0.0917	0.0907	0.0930	0.0902	0.0908	0.0910	0.0903	0.0918	0.0916	0.0902	0.0919	0.0899	0.0901	0.0916	0.0895	0.0915	0.0895	0.0916	0.0921	0.0918	0.0937	0.0914	0.0961	0.0932	0.0940	0.0924	0.0924	0.0923	0.0927	0.0936	0.0971	0.0932	0.0924	0.0907	0.0929	0.0918	0.0933	0.0922	0.0967	0.0933	0.0940	0.0924	0.0923	0.0916	0.0917	0.0920	0.0966	0.0927	0.0934	
0.0922	0.0924	0.0893	0.0902	0.0937	0.0898	0.0906	0.0923	0.0912	0.0935	0.0906	0.0903	0.0901	0.0903	0.0904	0.0911	0.0908	0.0925	0.0900	0.0904	0.0899	0.0903	0.0913	0.0910	0.0908	0.0913	0.0898	0.0902	0.0912	0.0890	0.0903	0.0902	0.0919	0.0921	0.0911	0.0935	0.0909	0.0965	0.0920	0.0935	0.0922	0.0925	0.0924	0.0924	0.0938	0.0970	0.0934	0.0930	0.0910	0.0928	0.0919	0.0931	0.0919	0.0966	0.0931	0.0940	0.0925	0.0925	0.0918	0.0922	0.0916	0.0964	0.0909	0.0941	
0.0919	0.0928	0.0896	0.0915	0.0955	0.0900	0.0914	0.0904	0.0919	0.0931	0.0905	0.0906	0.0902	0.0900	0.0904	0.0914	0.0905	0.0922	0.0902	0.0902	0.0908	0.0904	0.0916	0.0910	0.0909	0.0920	0.0900	0.0898	0.0907	0.0890	0.0912	0.0894	0.0919	0.0922	0.0906	0.0934	0.0915	0.0964	0.0922	0.0936	0.0921	0.0927	0.0924	0.0926	0.0942	0.0972	0.0932	0.0934	0.0913	0.0926	0.0919	0.0931	0.0918	0.0974	0.0936	0.0940	0.0923	0.0925	0.0920	0.0919	0.0922	0.0966	0.0929	0.0936	
0.0919	0.0928	0.0899	0.0910	0.0941	0.0902	0.0906	0.0909	0.0917	0.0929	0.0909	0.0909	0.0902	0.0902	0.0903	0.0915	0.0916	0.0926	0.0903	0.0904	0.0902	0.0909	0.0918	0.0912	0.0914	0.0920	0.0908	0.0905	0.0910	0.0886	0.0908	0.0893	0.0918	0.0922	0.0909	0.0935	0.0915	0.0969	0.0933	0.0928	0.0921	0.0923	0.0917	0.0921	0.0941	0.0965	0.0947	0.0921	0.0910	0.0928	0.0913	0.0933	0.0918	0.0974	0.0938	0.0939	0.0927	0.0931	0.0915	0.0915	0.0913	0.0964	0.0930	0.0931	
0.0923	0.0927	0.0901	0.0914	0.0940	0.0903	0.0910	0.0917	0.0925	0.0939	0.0910	0.0912	0.0902	0.0910	0.0905	0.0913	0.0909	0.0931	0.0900	0.0914	0.0904	0.0907	0.0920	0.0910	0.0917	0.0918	0.0909	0.0911	0.0913	0.0896	0.0920	0.0898	0.0918	0.0924	0.0908	0.0926	0.0897	0.0965	0.0924	0.0920	0.0923	0.0924	0.0923	0.0917	0.0933	0.0965	0.0930	0.0927	0.0911	0.0929	0.0917	0.0926	0.0913	0.0949	0.0938	0.0929	0.0928	0.0921	0.0911	0.0922	0.0915	0.0959	0.0927	0.0928	
0.0923	0.0935	0.0905	0.0920	0.0950	0.0913	0.0912	0.0928	0.0918	0.0935	0.0916	0.0911	0.0914	0.0914	0.0911	0.0918	0.0917	0.0927	0.0910	0.0910	0.0910	0.0908	0.0929	0.0917	0.0905	0.0923	0.0906	0.0917	0.0916	0.0902	0.0920	0.0899	0.0920	0.0929	0.0910	0.0939	0.0919	0.0973	0.0937	0.0925	0.0927	0.0927	0.0927	0.0929	0.0940	0.0982	0.0934	0.0926	0.0915	0.0937	0.0920	0.0933	0.0922	0.0967	0.0940	0.0937	0.0924	0.0934	0.0925	0.0929	0.0923	0.0969	0.0934	0.0932	
0.0924	0.0927	0.0906	0.0914	0.0939	0.0904	0.0908	0.0910	0.0921	0.0936	0.0911	0.0919	0.0906	0.0904	0.0915	0.0921	0.0917	0.0929	0.0906	0.0905	0.0906	0.0905	0.0931	0.0919	0.0904	0.0922	0.0906	0.0903	0.0911	0.0898	0.0916	0.0908	0.0919	0.0921	0.0908	0.0932	0.0914	0.0953	0.0928	0.0929	0.0917	0.0922	0.0923	0.0919	0.0934	0.0969	0.0922	0.0931	0.0912	0.0930	0.0915	0.0926	0.0917	0.0977	0.0932	0.0921	0.0924	0.0925	0.0906	0.0922	0.0915	0.0956	0.0936	0.0935	
0.0916	0.0927	0.0906	0.0917	0.0939	0.0895	0.0901	0.0925	0.0924	0.0933	0.0909	0.0914	0.0905	0.0905	0.0910	0.0920	0.0907	0.0930	0.0904	0.0909	0.0908	0.0911	0.0921	0.0913	0.0918	0.0927	0.0906	0.0908	0.0917	0.0898	0.0908	0.0897	0.0925	0.0929	0.0911	0.0936	0.0911	0.0974	0.0940	0.0939	0.0930	0.0929	0.0934	0.0930	0.0935	0.0984	0.0936	0.0932	0.0916	0.0938	0.0927	0.0926	0.0927	0.0965	0.0939	0.0938	0.0933	0.0931	0.0926	0.0931	0.0922	0.0968	0.0928	0.0935	
0.0919	0.0929	0.0902	0.0915	0.0934	0.0903	0.0914	0.0915	0.0920	0.0934	0.0909	0.0909	0.0909	0.0897	0.0908	0.0907	0.0910	0.0923	0.0905	0.0909	0.0908	0.0907	0.0910	0.0903	0.0907	0.0925	0.0896	0.0906	0.0913	0.0899	0.0908	0.0901	0.0923	0.0905	0.0905	0.0934	0.0909	0.0955	0.0925	0.0937	0.0920	0.0919	0.0917	0.0921	0.0934	0.0959	0.0928	0.0926	0.0909	0.0923	0.0917	0.0929	0.0904	0.0954	0.0929	0.0928	0.0927	0.0919	0.0914	0.0927	0.0917	0.0959	0.0931	0.0930	
0.0927	0.0940	0.0904	0.0917	0.0937	0.0908	0.0913	0.0938	0.0926	0.0946	0.0914	0.0920	0.0912	0.0906	0.0912	0.0926	0.0927	0.0932	0.0912	0.0917	0.0917	0.0914	0.0922	0.0914	0.0918	0.0939	0.0915	0.0911	0.0920	0.0900	0.0917	0.0896	0.0931	0.0917	0.0908	0.0928	0.0917	0.0967	0.0924	0.0939	0.0920	0.0928	0.0909	0.0918	0.0940	0.0973	0.0920	0.0927	0.0917	0.0932	0.0912	0.0931	0.0910	0.0972	0.0932	0.0939	0.0927	0.0927	0.0913	0.0912	0.0916	0.0958	0.0910	0.0940	
0.0930	0.0932	0.0902	0.0914	0.0941	0.0915	0.0906	0.0914	0.0930	0.0945	0.0917	0.0916	0.0908	0.0911	0.0914	0.0914	0.0915	0.0935	0.0925	0.0918	0.0910	0.0914	0.0922	0.0914	0.0917	0.0931	0.0904	0.0911	0.0919	0.0899	0.0913	0.0902	0.0918	0.0912	0.0894	0.0920	0.0919	0.0964	0.0927	0.0907	0.0925	0.0925	0.0917	0.0922	0.0934	0.0970	0.0937	0.0914	0.0909	0.0912	0.0914	0.0928	0.0913	0.0982	0.0933	0.0939	0.0921	0.0922	0.0918	0.0922	0.0915	0.0955	0.0928	0.0930	
0.0924	0.0941	0.0907	0.0920	0.0964	0.0914	0.0913	0.0917	0.0934	0.0949	0.0922	0.0921	0.0914	0.0916	0.0912	0.0926	0.0918	0.0935	0.0911	0.0919	0.0925	0.0908	0.0914	0.0912	0.0920	0.0932	0.0906	0.0926	0.0912	0.0904	0.0917	0.0900	0.0928	0.0927	0.0913	0.0948	0.0929	0.0965	0.0927	0.0931	0.0936	0.0930	0.0930	0.0922	0.0942	0.0981	0.0935	0.0932	0.0920	0.0929	0.0919	0.0930	0.0923	0.0977	0.0941	0.0928	0.0926	0.0926	0.0912	0.0933	0.0926	0.0973	0.0929	0.0945	
0.0923	0.0931	0.0904	0.0915	0.0937	0.0910	0.0910	0.0910	0.0923	0.0940	0.0912	0.0910	0.0910	0.0911	0.0910	0.0913	0.0917	0.0927	0.0907	0.0908	0.0911	0.0904	0.0930	0.0912	0.0909	0.0937	0.0901	0.0907	0.0917	0.0901	0.0915	0.0900	0.0931	0.0926	0.0909	0.0943	0.0927	0.0979	0.0944	0.0946	0.0928	0.0925	0.0930	0.0927	0.0949	0.0960	0.0955	0.0940	0.0924	0.0930	0.0915	0.0947	0.0917	0.0991	0.0933	0.0922	0.0932	0.0930	0.0912	0.0934	0.0926	0.0958	0.0935	0.0940	
0.0940	0.0955	0.0922	0.0923	0.0969	0.0915	0.0919	0.0928	0.0936	0.0957	0.0919	0.0945	0.0914	0.0920	0.0915	0.0918	0.0924	0.0948	0.0915	0.0928	0.0921	0.0911	0.0919	0.0926	0.0918	0.0940	0.0918	0.0916	0.0925	0.0910	0.0916	0.0903	0.0917	0.0931	0.0901	0.0934	0.0901	0.0967	0.0918	0.0926	0.0912	0.0920	0.0919	0.0915	0.0944	0.0960	0.0925	0.0922	0.0912	0.0930	0.0919	0.0928	0.0917	0.0958	0.0924	0.0912	0.0917	0.0911	0.0919	0.0919	0.0911	0.0950	0.0927	0.0924	
0.0940	0.0955	0.0933	0.0934	0.0958	0.0913	0.0917	0.0926	0.0941	0.0963	0.0920	0.0928	0.0920	0.0913	0.0917	0.0922	0.0938	0.0953	0.0923	0.0932	0.0929	0.0909	0.0927	0.0924	0.0926	0.0942	0.0914	0.0923	0.0925	0.0909	0.0918	0.0907	0.0935	0.0930	0.0912	0.0941	0.0918	0.0972	0.0927	0.0934	0.0923	0.0927	0.0924	0.0932	0.0937	0.0970	0.0931	0.0933	0.0917	0.0936	0.0914	0.0939	0.0925	0.0975	0.0932	0.0934	0.0919	0.0916	0.0911	0.0923	0.0914	0.0965	0.0924	0.0935	
0.0946	0.0961	0.0926	0.0939	0.0965	0.0918	0.0915	0.0925	0.0951	0.0979	0.0935	0.0926	0.0921	0.0917	0.0921	0.0928	0.0938	0.0955	0.0921	0.0927	0.0931	0.0924	0.0935	0.0917	0.0929	0.0948	0.0923	0.0919	0.0926	0.0913	0.0921	0.0912	0.0934	0.0934	0.0916	0.0933	0.0907	0.0967	0.0919	0.0932	0.0927	0.0917	0.0924	0.0907	0.0937	0.0975	0.0933	0.0927	0.0921	0.0933	0.0924	0.0928	0.0924	0.0976	0.0924	0.0941	0.0918	0.0930	0.0920	0.0931	0.0927	0.0967	0.0941	0.0938	
0.0949	0.0966	0.0932	0.0940	0.0967	0.0916	0.0917	0.0930	0.0947	0.0979	0.0934	0.0929	0.0920	0.0914	0.0917	0.0941	0.0941	0.0954	0.0917	0.0926	0.0919	0.0915	0.0932	0.0918	0.0929	0.0949	0.0919	0.0924	0.0921	0.0914	0.0921	0.0922	0.0939	0.0943	0.0913	0.0944	0.0930	0.0980	0.0938	0.0943	0.0938	0.0928	0.0938	0.0941	0.0948	0.0976	0.0937	0.0930	0.0928	0.0935	0.0920	0.0937	0.0923	0.0969	0.0935	0.0951	0.0928	0.0934	0.0934	0.0918	0.0921	0.0980	0.0941	0.0955	
0.0960	0.0977	0.0931	0.0936	0.0981	0.0918	0.0918	0.0933	0.0955	0.0975	0.0937	0.0940	0.0931	0.0924	0.0921	0.0928	0.0944	0.0965	0.0925	0.0937	0.0937	0.0922	0.0936	0.0926	0.0930	0.0956	0.0930	0.0917	0.0937	0.0912	0.0921	0.0923	0.0938	0.0925	0.0924	0.0934	0.0927	0.0983	0.0922	0.0940	0.0925	0.0924	0.0930	0.0937	0.0942	0.0983	0.0937	0.0934	0.0922	0.0933	0.0922	0.0928	0.0925	0.1021	0.0943	0.0945	0.0921	0.0928	0.0923	0.0935	0.0920	0.0976	0.0933	0.0935	
0.0964	0.0984	0.0938	0.0942	0.0959	0.0922	0.0925	0.0923	0.0972	0.0986	0.0938	0.0938	0.0922	0.0923	0.0924	0.0925	0.0945	0.0957	0.0962	0.0932	0.0922	0.0921	0.0935	0.0920	0.0940	0.0958	0.0926	0.0924	0.0943	0.0911	0.0929	0.0916	0.0928	0.0935	0.0920	0.0939	0.0916	0.0984	0.0916	0.0935	0.0934	0.0931	0.0920	0.0936	0.0948	0.0981	0.0961	0.0939	0.0916	0.0935	0.0925	0.0948	0.0922	0.0981	0.0927	0.0943	0.0933	0.0927	0.0928	0.0928	0.0925	0.0963	0.0935	0.0946	
0.0972	0.0995	0.0951	0.0944	0.0979	0.0923	0.0923	0.0929	0.0973	0.0997	0.0945	0.0940	0.0927	0.0919	0.0920	0.0925	0.0953	0.0963	0.0928	0.0931	0.0924	0.0927	0.0936	0.0919	0.0939	0.0956	0.0925	0.0927	0.0939	0.0917	0.0926	0.0916	0.0926	0.0934	0.0927	0.0940	0.0930	0.0978	0.0928	0.0944	0.0932	0.0934	0.0921	0.0936	0.0949	0.0980	0.0937	0.0925	0.0919	0.0941	0.0918	0.0941	0.0928	0.0977	0.0936	0.0947	0.0929	0.0933	0.0925	0.0935	0.0928	0.0975	0.0938	0.0932	
0.0972	0.0997	0.0946	0.0938	0.0955	0.0917	0.0919	0.0925	0.0976	0.0999	0.0947	0.0940	0.0930	0.0923	0.0931	0.0924	0.0940	0.0964	0.0928	0.0931	0.0927	0.0922	0.0920	0.0924	0.0934	0.0954	0.0921	0.0923	0.0924	0.0912	0.0924	0.0924	0.0941	0.0939	0.0922	0.0949	0.0926	0.0986	0.0930	0.0946	0.0932	0.0937	0.0933	0.0942	0.0924	0.0987	0.0931	0.0924	0.0920	0.0936	0.0927	0.0945	0.0921	0.1010	0.0932	0.0944	0.0935	0.0929	0.0929	0.0932	0.0923	0.0970	0.0941	0.0930	
0.0993	0.1015	0.0962	0.0952	0.0962	0.0930	0.0928	0.0944	0.0987	0.1005	0.0956	0.0935	0.0924	0.0929	0.0932	0.0940	0.0951	0.0981	0.0938	0.0940	0.0941	0.0931	0.0937	0.0923	0.0941	0.0959	0.0920	0.0929	0.0929	0.0915	0.0933	0.0925	0.0945	0.0931	0.0920	0.0944	0.0916	0.0984	0.0935	0.0949	0.0939	0.0938	0.0934	0.0933	0.0952	0.0986	0.0943	0.0926	0.0929	0.0942	0.0929	0.0944	0.0925	0.0986	0.0945	0.0942	0.0933	0.0933	0.0928	0.0935	0.0930	0.0979	0.0947	0.0949	
0.1005	0.1034	0.0963	0.0952	0.0973	0.0932	0.0925	0.0930	0.0992	0.1016	0.0952	0.0945	0.0926	0.0924	0.0936	0.0930	0.0963	0.0984	0.0939	0.0936	0.0927	0.0921	0.0936	0.0920	0.0943	0.0965	0.0930	0.0929	0.0930	0.0916	0.0929	0.0918	0.0930	0.0941	0.0922	0.0934	0.0915	0.0979	0.0932	0.0936	0.0936	0.0936	0.0933	0.0937	0.0942	0.0965	0.0936	0.0922	0.0925	0.0935	0.0921	0.0934	0.0929	0.0967	0.0941	0.0942	0.0937	0.0932	0.0924	0.0940	0.0931	0.0980	0.0936	0.0950	
0.1013	0.1054	0.0971	0.0956	0.0961	0.0936	0.0932	0.0935	0.1001	0.1029	0.0962	0.0942	0.0933	0.0924	0.0941	0.0930	0.0962	0.0982	0.0946	0.0939	0.0926	0.0952	0.0942	0.0922	0.0947	0.0964	0.0926	0.0926	0.0937	0.0914	0.0919	0.0916	0.0939	0.0952	0.0932	0.0955	0.0918	0.0993	0.0932	0.0933	0.0945	0.0937	0.0940	0.0949	0.0953	0.0992	0.0951	0.0941	0.0929	0.0936	0.0930	0.0942	0.0934	0.0984	0.0949	0.0962	0.0932	0.0939	0.0936	0.0941	0.0919	0.0981	0.0931	0.0944	
0.1018	0.1059	0.0979	0.0954	0.0967	0.0933	0.0932	0.0938	0.1006	0.1037	0.0971	0.0950	0.0924	0.0924	0.0938	0.0936	0.0955	0.0993	0.0942	0.0933	0.0936	0.0927	0.0944	0.0931	0.0949	0.0965	0.0935	0.0924	0.0929	0.0915	0.0925	0.0920	0.0944	0.0950	0.0918	0.0937	0.0934	0.0984	0.0937	0.0930	0.0947	0.0934	0.0933	0.0930	0.0952	0.0994	0.0939	0.0939	0.0931	0.0940	0.0924	0.0940	0.0930	0.0994	0.0944	0.0935	0.0942	0.0943	0.0936	0.0938	0.0923	0.0982	0.0930	0.0933	
0.1053	0.1092	0.0997	0.0960	0.0979	0.0927	0.0919	0.0938	0.1018	0.1053	0.0968	0.0950	0.0930	0.0926	0.0933	0.0929	0.0965	0.0997	0.0946	0.0942	0.0933	0.0917	0.0950	0.0919	0.0948	0.0977	0.0942	0.0936	0.0937	0.0918	0.0928	0.0918	0.0972	0.0959	0.0949	0.0967	0.0953	0.1016	0.0951	0.0960	0.0965	0.0962	0.0934	0.0952	0.0970	0.0997	0.0961	0.0954	0.0954	0.0949	0.0959	0.0947	0.0953	0.1000	0.0946	0.0969	0.0954	0.0956	0.0946	0.0950	0.0949	0.0981	0.0958	0.0964	
0.1046	0.1098	0.0994	0.0960	0.0985	0.0926	0.0924	0.0934	0.1030	0.1063	0.0967	0.0948	0.0929	0.0926	0.0924	0.0932	0.0962	0.0999	0.0947	0.0942	0.0929	0.0919	0.0933	0.0924	0.0956	0.0975	0.0936	0.0924	0.0928	0.0913	0.0920	0.0920	0.0953	0.0947	0.0924	0.0957	0.0932	0.0991	0.0935	0.0947	0.0946	0.0948	0.0930	0.0941	0.1039	0.0981	0.0932	0.0926	0.0922	0.0949	0.0932	0.0937	0.0928	0.1010	0.0931	0.0946	0.0946	0.0947	0.0939	0.0947	0.0929	0.0988	0.0935	0.0947	
0.1082	0.1131	0.1019	0.0967	0.0989	0.0939	0.0928	0.0928	0.1040	0.1079	0.0982	0.0952	0.0936	0.0928	0.0928	0.0942	0.0987	0.1007	0.0951	0.0941	0.0932	0.0931	0.0932	0.0939	0.0972	0.0985	0.0939	0.0930	0.0943	0.0922	0.0935	0.0919	0.0948	0.0952	0.0917	0.0952	0.0919	0.0972	0.0931	0.0943	0.0931	0.0940	0.0940	0.0937	0.0935	0.0964	0.0930	0.0920	0.0919	0.0931	0.0922	0.0940	0.0923	0.0960	0.0938	0.0943	0.0929	0.0931	0.0932	0.0920	0.0927	0.0971	0.0923	0.0929	
0.1108	0.1160	0.1033	0.0973	0.0989	0.0931	0.0931	0.0935	0.1064	0.1092	0.1010	0.0958	0.0939	0.0928	0.0934	0.0936	0.0981	0.1020	0.0951	0.0956	0.0933	0.0925	0.0945	0.0929	0.0969	0.0989	0.0947	0.0939	0.0943	0.0926	0.0933	0.0922	0.0956	0.0953	0.0944	0.0953	0.0917	0.0974	0.0937	0.0955	0.0953	0.0921	0.0944	0.0922	0.0959	0.0985	0.0954	0.0932	0.0914	0.0950	0.0934	0.0939	0.0922	0.0971	0.0945	0.0938	0.0936	0.0934	0.0933	0.0946	0.0937	0.0981	0.0940	0.0954	
0.1140	0.1206	0.1056	0.0983	0.0999	0.0930	0.0922	0.0934	0.1078	0.1118	0.1003	0.0958	0.0938	0.0918	0.0929	0.0930	0.0996	0.1030	0.0955	0.0943	0.0936	0.0923	0.0931	0.0916	0.0980	0.0998	0.0940	0.0932	0.0938	0.0920	0.0933	0.0918	0.0946	0.0938	0.0942	0.0958	0.0935	0.1001	0.0931	0.0947	0.0943	0.0951	0.0939	0.0937	0.0956	0.0991	0.0945	0.0936	0.0929	0.0955	0.0936	0.0948	0.0935	0.0970	0.0949	0.0950	0.0940	0.0943	0.0935	0.0938	0.0939	0.0981	0.0950	0.0963	
0.1174	0.1246	0.1083	0.0989	0.0995	0.0930	0.0936	0.0934	0.1098	0.1136	0.1016	0.0966	0.0933	0.0923	0.0932	0.0929	0.1003	0.1045	0.0958	0.0954	0.0932	0.0923	0.0941	0.0929	0.0981	0.1004	0.0942	0.0937	0.0940	0.0918	0.0927	0.0922	0.0953	0.0943	0.0922	0.0939	0.0920	0.0983	0.0923	0.0941	0.0947	0.0935	0.0940	0.0934	0.0924	0.0969	0.0941	0.0922	0.0931	0.0919	0.0914	0.0934	0.0912	0.0981	0.0943	0.0939	0.0935	0.0930	0.0920	0.0940	0.0917	0.0976	0.0947	0.0934	
0.1196	0.1267	0.1097	0.0983	0.0995	0.0929	0.0928	0.0927	0.1104	0.1155	0.1021	0.0964	0.0930	0.0927	0.0927	0.0942	0.1008	0.1048	0.0972	0.0945	0.0934	0.0915	0.0929	0.0924	0.0990	0.1001	0.0938	0.0938	0.0937	0.0922	0.0940	0.0919	0.0953	0.0957	0.0933	0.0957	0.0940	0.1006	0.0938	0.0931	0.0947	0.0946	0.0939	0.0934	0.0943	0.0999	0.0934	0.0935	0.0936	0.0953	0.0923	0.0944	0.0934	0.0965	0.0940	0.0937	0.0945	0.0941	0.0939	0.0934	0.0937	0.0976	0.0935	0.0952	
0.1235	0.1325	0.1117	0.1003	0.1000	0.0937	0.0923	0.1001	0.1136	0.1181	0.1038	0.0974	0.0942	0.0929	0.0932	0.0940	0.1022	0.1067	0.0965	0.0956	0.0932	0.0930	0.0942	0.0927	0.0995	0.1011	0.0949	0.0936	0.0934	0.0912	0.0925	0.0913	0.0951	0.0937	0.0923	0.0950	0.0930	0.0974	0.0924	0.0924	0.0936	0.0944	0.0938	0.0937	0.0943	0.0977	0.0932	0.0923	0.0913	0.0938	0.0933	0.0941	0.0917	0.0982	0.0929	0.0934	0.0927	0.0931	0.0930	0.0941	0.0911	0.0967	0.0924	0.0936	
0.1298	0.1389	0.1153	0.1018	0.1015	0.0936	0.0936	0.0938	0.1175	0.1225	0.1043	0.0978	0.0944	0.0930	0.0930	0.0937	0.1036	0.1076	0.1011	0.0955	0.0941	0.0931	0.0938	0.0930	0.1011	0.1027	0.0952	0.0939	0.0949	0.0919	0.0928	0.0920	0.0966	0.0963	0.0943	0.0972	0.0948	0.1007	0.0938	0.0953	0.0958	0.0957	0.0948	0.0955	0.0966	0.0998	0.0950	0.0952	0.0939	0.0943	0.0943	0.0958	0.0949	0.0987	0.0960	0.0954	0.0951	0.0927	0.0944	0.0957	0.0950	0.0994	0.0954	0.0962	
0.1324	0.1430	0.1187	0.1018	0.1008	0.0933	0.0939	0.0936	0.1197	0.1257	0.1063	0.0983	0.0946	0.0926	0.0933	0.0933	0.1039	0.1098	0.0974	0.0954	0.0936	0.0924	0.0944	0.0928	0.1013	0.1037	0.0947	0.0938	0.0937	0.0924	0.0929	0.0925	0.0959	0.0956	0.0936	0.0951	0.0933	0.0990	0.0924	0.0945	0.0949	0.0942	0.0950	0.0941	0.0942	0.0991	0.0927	0.0941	0.0932	0.0941	0.0922	0.0943	0.0930	0.0983	0.0929	0.0945	0.0944	0.0939	0.0935	0.0928	0.0929	0.0988	0.0930	0.0941	
0.1404	0.1535	0.1234	0.1035	0.1003	0.0933	0.0926	0.0933	0.1237	0.1301	0.1076	0.0975	0.0938	0.0934	0.0929	0.0933	0.1058	0.1112	0.0979	0.0950	0.0934	0.0920	0.0940	0.0922	0.1014	0.1043	0.0950	0.0932	0.0936	0.0913	0.0948	0.0913	0.0973	0.0968	0.0949	0.0966	0.0894	0.1012	0.0921	0.0959	0.0954	0.0958	0.0958	0.0961	0.0950	0.1005	0.0943	0.0959	0.0930	0.0962	0.0925	0.0956	0.0937	0.0993	0.0959	0.0961	0.0956	0.0947	0.0948	0.0958	0.0930	0.0977	0.0962	0.0957	
0.1485	0.1626	0.1278	0.1056	0.1007	0.0929	0.0925	0.0933	0.1285	0.1360	0.1092	0.0992	0.0948	0.0933	0.0929	0.0934	0.1070	0.1136	0.0987	0.0955	0.0946	0.0926	0.0946	0.0924	0.1035	0.1050	0.0950	0.0932	0.0941	0.0917	0.0955	0.0932	0.0959	0.0960	0.0949	0.0957	0.0933	0.0980	0.0922	0.0943	0.0949	0.0945	0.0939	0.0947	0.0954	0.0980	0.0931	0.0943	0.0930	0.0942	0.0933	0.0938	0.0930	0.0968	0.0946	0.0960	0.0916	0.0940	0.0936	0.0933	0.0924	0.0975	0.0936	0.0953	
0.1545	0.1707	0.1316	0.1059	0.1033	0.0933	0.0931	0.1009	0.1336	0.1407	0.1121	0.1011	0.0952	0.0939	0.0934	0.0935	0.1093	0.1170	0.0999	0.0962	0.0932	0.0933	0.0949	0.0930	0.1047	0.1065	0.0969	0.0938	0.0936	0.0922	0.0929	0.0919	0.0962	0.0969	0.0943	0.0951	0.0937	0.1004	0.0937	0.0957	0.0952	0.0938	0.0956	0.0940	0.0950	0.0980	0.0940	0.0939	0.0926	0.0951	0.0942	0.0947	0.0944	0.0972	0.0950	0.0945	0.0938	0.0946	0.0940	0.0947	0.0942	0.0987	0.0951	0.0957	
0.1650	0.1817	0.1371	0.1070	0.1036	0.0943	0.0927	0.0940	0.1392	0.1469	0.1151	0.1004	0.0950	0.0936	0.0932	0.0931	0.1117	0.1197	0.1016	0.0962	0.0946	0.0929	0.0941	0.0931	0.1065	0.1080	0.0963	0.0937	0.0940	0.0916	0.0938	0.0921	0.0957	0.0968	0.0945	0.0963	0.0939	0.1006	0.0932	0.0958	0.0952	0.0951	0.0942	0.0950	0.0959	0.0990	0.0949	0.0942	0.0925	0.0956	0.0922	0.0930	0.0937	0.0970	0.0944	0.0948	0.0944	0.0930	0.0924	0.0942	0.0938	0.0978	0.0938	0.0952	
0.1755	0.1913	0.1435	0.1092	0.1030	0.0935	0.0931	0.0942	0.1451	0.1531	0.1163	0.1016	0.0946	0.0937	0.0933	0.0932	0.1134	0.1229	0.1017	0.0965	0.0936	0.0933	0.0954	0.0929	0.1069	0.1107	0.0959	0.0938	0.0945	0.0918	0.0928	0.0921	0.0962	0.0965	0.0954	0.0962	0.0921	0.1004	0.0931	0.0958	0.0953	0.0953	0.0952	0.0953	0.0965	0.0996	0.0968	0.0945	0.0934	0.0945	0.0939	0.0958	0.0946	0.0975	0.0947	0.0960	0.0943	0.0937	0.0945	0.0951	0.0928	0.0978	0.0940	0.0950	
0.1844	0.2017	0.1493	0.1118	0.1028	0.0936	0.0924	0.0935	0.1487	0.1592	0.1204	0.1014	0.0946	0.0927	0.0931	0.0942	0.1165	0.1253	0.1020	0.0964	0.0933	0.0926	0.0930	0.0925	0.1077	0.1105	0.0966	0.0931	0.0937	0.0909	0.0936	0.0914	0.0973	0.0972	0.0955	0.0960	0.0947	0.1004	0.0933	0.0956	0.0949	0.0956	0.1020	0.0948	0.0962	0.0982	0.0943	0.0946	0.0927	0.0957	0.0932	0.0951	0.0938	0.0967	0.0950	0.0952	0.0949	0.0950	0.0942	0.0961	0.0943	0.0967	0.0950	0.0954	
0.1955	0.2156	0.1561	0.1124	0.1049	0.0942	0.0934	0.0932	0.1608	0.1683	0.1222	0.1032	0.0950	0.0933	0.0930	0.0934	0.1205	0.1306	0.1033	0.0974	0.0940	0.0925	0.0941	0.0924	0.1113	0.1135	0.0968	0.0937	0.0936	0.0921	0.0943	0.0922	0.0969	0.0973	0.0952	0.0973	0.0937	0.0996	0.0933	0.0945	0.0960	0.0958	0.0962	0.0951	0.0965	0.0993	0.0953	0.0941	0.0937	0.0956	0.0944	0.0950	0.0942	0.0985	0.0950	0.0961	0.0941	0.0945	0.0947	0.0950	0.0943	0.0976	0.0940	0.0953	
0.2092	0.2378	0.1680	0.1177	0.1042	0.0943	0.0937	0.0928	0.1673	0.1809	0.1285	0.1031	0.0957	0.0926	0.0936	0.0929	0.1249	0.1358	0.1037	0.0978	0.0946	0.0925	0.0940	0.0918	0.1134	0.1151	0.0969	0.0939	0.0945	0.0916	0.0952	0.0917	0.0968	0.0956	0.0959	0.0974	0.0942	0.1009	0.0932	0.0946	0.0939	0.0949	0.0950	0.0944	0.0960	0.0978	0.0984	0.0946	0.0931	0.0953	0.0924	0.0949	0.0938	0.0962	0.0932	0.0950	0.0943	0.0940	0.0941	0.0946	0.0939	0.0976	0.0945	0.0957	
0.2262	0.2564	0.1788	0.1181	0.1050	0.0935	0.0928	0.0992	0.1779	0.1916	0.1335	0.1049	0.0953	0.0932	0.0930	0.0930	0.1289	0.1415	0.1051	0.0969	0.0942	0.0916	0.0949	0.0928	0.1154	0.1179	0.0975	0.0938	0.0934	0.0914	0.0928	0.0926	0.0981	0.0983	0.0969	0.0980	0.0960	0.1018	0.0950	0.0972	0.0974	0.0967	0.0978	0.0966	0.0967	0.1007	0.0979	0.0961	0.0948	0.0963	0.0954	0.0966	0.0946	0.0999	0.0949	0.0956	0.0954	0.0954	0.0954	0.0961	0.0953	0.0981	0.0969	0.0963	
0.2435	0.2784	0.1907	0.1223	0.1062	0.0943	0.0932	0.0941	0.1913	0.2072	0.1393	0.1079	0.0968	0.0937	0.0939	0.0935	0.1354	0.1489	0.1075	0.0986	0.0952	0.0938	0.0947	0.0927	0.1189	0.1208	0.0991	0.0943	0.0948	0.0921	0.0955	0.0960	0.0981	0.0979	0.0973	0.0973	0.0943	0.1010	0.0936	0.0971	0.0966	0.0962	0.0957	0.0956	0.0970	0.0994	0.0955	0.0953	0.0941	0.0962	0.0946	0.0961	0.0954	0.0976	0.0958	0.0957	0.0955	0.0942	0.0940	0.0960	0.0937	0.0992	0.0943	0.0966	
0.2630	0.2999	0.2017	0.1245	0.1062	0.0937	0.0918	0.0927	0.2020	0.2226	0.1445	0.1076	0.0955	0.0921	0.0926	0.0928	0.1405	0.1548	0.1097	0.0976	0.0945	0.0918	0.0938	0.0923	0.1205	0.1233	0.0996	0.0936	0.0937	0.0916	0.0933	0.0913	0.0974	0.0976	0.0958	0.0964	0.0930	0.1010	0.0918	0.0941	0.0960	0.0943	0.0959	0.0948	0.0963	0.0992	0.0937	0.0939	0.0929	0.0954	0.0935	0.0939	0.0935	0.0964	0.0938	0.0941	0.0932	0.0938	0.0940	0.0929	0.0925	0.0970	0.0937	0.0937	
0.2865	0.3245	0.2184	0.1293	0.1082	0.0952	0.0941	0.0945	0.2171	0.2389	0.1532	0.1090	0.0962	0.0942	0.0928	0.0947	0.1487	0.1643	0.1129	0.0988	0.0951	0.0933	0.0945	0.0929	0.1251	0.1279	0.0994	0.0950	0.0949	0.0919	0.0957	0.0923	0.0983	0.0985	0.0981	0.0976	0.0968	0.1028	0.0944	0.0969	0.0967	0.0968	0.0978	0.0964	0.0971	0.1009	0.0966	0.0952	0.0947	0.0966	0.0956	0.0972	0.0947	0.0989	0.0974	0.0968	0.0966	0.0953	0.0942	0.0967	0.0959	0.0982	0.0954	0.0960	
0.3110	0.3487	0.2341	0.1339	0.1068	0.0957	0.0939	0.0956	0.2321	0.2544	0.1620	0.1114	0.0975	0.0948	0.0936	0.0951	0.1562	0.1739	0.1143	0.1000	0.0956	0.0944	0.0951	0.0938	0.1306	0.1314	0.0998	0.0956	0.0953	0.0918	0.0955	0.0929	0.0969	0.0974	0.0953	0.0976	0.0951	0.1014	0.0925	0.0946	0.0950	0.0942	0.0971	0.0960	0.0954	0.0979	0.0942	0.0934	0.0922	0.0941	0.0937	0.0954	0.0933	0.0974	0.0939	0.0951	0.0949	0.0921	0.0930	0.0948	0.0948	0.0972	0.0946	0.0940	
0.3373	0.3836	0.2481	0.1365	0.1067	0.0946	0.0941	0.0940	0.2523	0.2761	0.1697	0.1133	0.0973	0.0934	0.0940	0.0944	0.1669	0.1853	0.1178	0.1000	0.0951	0.0933	0.0943	0.0923	0.1346	0.1373	0.1012	0.0954	0.0958	0.0919	0.0958	0.0913	0.0986	0.0972	0.0969	0.0974	0.0937	0.1007	0.0928	0.0949	0.0966	0.0945	0.0953	0.0952	0.0969	0.0988	0.0929	0.0942	0.0922	0.0942	0.0928	0.0937	0.0937	0.0971	0.0950	0.0939	0.0934	0.0935	0.0949	0.0944	0.0941	0.0976	0.0947	0.0948	
0.3688	0.4196	0.2729	0.1455	0.1109	0.0953	0.0937	0.0937	0.2720	0.3051	0.1807	0.1172	0.0992	0.0939	0.0937	0.0941	0.1758	0.1992	0.1227	0.0997	0.0961	0.0936	0.0932	0.0933	0.1413	0.1433	0.1017	0.0960	0.0952	0.0922	0.0954	0.0922	0.0969	0.0979	0.0956	0.0974	0.0944	0.0991	0.0932	0.0947	0.0959	0.0942	0.0965	0.0951	0.0963	0.0979	0.0948	0.0937	0.0925	0.0945	0.0929	0.0948	0.0930	0.0971	0.0934	0.0942	0.0948	0.0927	0.0944	0.0942	0.0919	0.0977	0.0948	0.0946	
0.3960	0.4491	0.2903	0.1488	0.1104	0.0956	0.0942	0.0932	0.2896	0.3195	0.1877	0.1170	0.0977	0.0941	0.0945	0.0951	0.1858	0.2080	0.1265	0.1008	0.0958	0.0935	0.0941	0.0933	0.1484	0.1501	0.1023	0.0951	0.0952	0.0921	0.0944	0.0917	0.0998	0.0995	0.0998	0.0979	0.0957	0.1021	0.0946	0.0937	0.0975	0.0965	0.0988	0.0958	0.0969	0.1000	0.0961	0.0960	0.0943	0.0959	0.0948	0.0963	0.0963	0.0963	0.0952	0.0959	0.0946	0.0949	0.0955	0.0960	0.0954	0.0973	0.0967	0.0965	
0.4335	0.4870	0.3105	0.1549	0.1107	0.0954	0.0938	0.0965	0.3140	0.3503	0.2037	0.1216	0.0973	0.0944	0.0936	0.0941	0.2015	0.2258	0.1304	0.1027	0.0959	0.0929	0.0938	0.0928	0.1545	0.1568	0.1038	0.0954	0.0959	0.0918	0.0950	0.0920	0.0976	0.0994	0.0966	0.0969	0.0948	0.1006	0.0951	0.0961	0.0958	0.0962	0.0975	0.0959	0.0967	0.0994	0.0948	0.0950	0.0918	0.0957	0.0935	0.0953	0.0936	0.0969	0.0951	0.0951	0.0953	0.0943	0.0948	0.0958	0.0941	0.0973	0.0954	0.0957	
0.4642	0.5177	0.3365	0.1603	0.1113	0.0958	0.0943	0.0938	0.3390	0.3801	0.2178	0.1241	0.0997	0.0947	0.0939	0.0940	0.2142	0.2398	0.1375	0.1030	0.0966	0.0935	0.0950	0.0930	0.1617	0.1665	0.1053	0.0965	0.0956	0.0920	0.0937	0.0919	0.0983	0.0987	0.0958	0.0970	0.0959	0.1018	0.0930	0.0937	0.0959	0.0949	0.0936	0.0959	0.0970	0.0979	0.0965	0.0928	0.0930	0.0946	0.0937	0.0937	0.0942	0.0971	0.0941	0.0941	0.0942	0.0932	0.0935	0.0939	0.0930	0.0978	0.0941	0.0962	
0.4983	0.5545	0.3662	0.1728	0.1082	0.0951	0.0934	0.0997	0.3672	0.4077	0.2335	0.1289	0.0980	0.0943	0.0924	0.0935	0.2289	0.2592	0.1402	0.1034	0.0955	0.0929	0.0936	0.0927	0.1703	0.1754	0.1075	0.0949	0.0951	0.0912	0.0932	0.0908	0.0997	0.0994	0.0981	0.0982	0.0951	0.1021	0.0931	0.0958	0.0964	0.0963	0.0953	0.0959	0.0970	0.0992	0.0955	0.0945	0.0921	0.0951	0.0923	0.0952	0.0940	0.0990	0.0940	0.0947	0.0950	0.0937	0.0935	0.0959	0.0939	0.0983	0.0953	0.0950	
0.5307	0.5930	0.3991	0.1819	0.1143	0.0964	0.0938	0.0930	0.3902	0.4366	0.2537	0.1333	0.0995	0.0945	0.0944	0.0939	0.2447	0.2804	0.1482	0.1047	0.0954	0.0940	0.0946	0.0931	0.1810	0.1897	0.1099	0.0958	0.0949	0.0930	0.0926	0.0918	0.1008	0.0985	0.0972	0.0979	0.0942	0.1019	0.0920	0.0949	0.0958	0.0957	0.0966	0.0957	0.0962	0.0983	0.0972	0.0924	0.0923	0.0954	0.0933	0.0941	0.0923	0.0974	0.0946	0.0932	0.0944	0.0939	0.0944	0.0946	0.0931	0.0975	0.0944	0.0950	
0.5543	0.6236	0.4258	0.1938	0.1141	0.0960	0.0948	0.0935	0.4209	0.4680	0.2749	0.1371	0.0995	0.0942	0.0941	0.0938	0.2670	0.3021	0.1577	0.1067	0.0960	0.0938	0.0934	0.0928	0.1915	0.2031	0.1116	0.0955	0.0958	0.0923	0.0957	0.0921	0.1000	0.0984	0.0983	0.0982	0.0964	0.1035	0.0938	0.0927	0.0970	0.0964	0.0971	0.0959	0.0962	0.1000	0.0963	0.0919	0.0941	0.0963	0.0947	0.0948	0.0955	0.0981	0.0953	0.0934	0.0946	0.0942	0.0944	0.0954	0.0946	0.0984	0.0955	0.0946	
0.5889	0.6471	0.4525	0.2055	0.1158	0.0961	0.0944	0.0939	0.4497	0.4926	0.2937	0.1449	0.1015	0.0953	0.0943	0.0945	0.2829	0.3290	0.1669	0.1082	0.0966	0.0945	0.0950	0.0934	0.2043	0.2182	0.1154	0.0960	0.0964	0.0931	0.0954	0.0922	0.1029	0.1000	0.0986	0.0992	0.0977	0.1030	0.0936	0.0948	0.0970	0.0968	0.0986	0.0967	0.0982	0.0990	0.0974	0.0948	0.0931	0.0956	0.0952	0.0948	0.0950	0.0980	0.0952	0.0973	0.0946	0.0937	0.0944	0.0965	0.0943	0.0974	0.0954	0.0957	
0.6158	0.6711	0.4830	0.2170	0.1159	0.0956	0.0947	0.0931	0.4767	0.5198	0.3143	0.1501	0.1006	0.0950	0.0940	0.0938	0.3029	0.3504	0.1757	0.1093	0.0955	0.0936	0.0944	0.0925	0.2170	0.2347	0.1174	0.0956	0.0957	0.0924	0.0942	0.0922	0.1031	0.1010	0.0975	0.0985	0.0948	0.1035	0.0936	0.0956	0.0966	0.0956	0.0974	0.0966	0.0971	0.0994	0.0961	0.0923	0.0917	0.0950	0.0941	0.0948	0.0944	0.0970	0.0940	0.0953	0.0928	0.0934	0.0939	0.0948	0.0946	0.0971	0.0934	0.0941	
0.6473	0.7002	0.5072	0.2304	0.1160	0.0957	0.0941	0.0926	0.5079	0.5554	0.3370	0.1552	0.1001	0.0947	0.0940	0.0935	0.3218	0.3680	0.1838	0.1089	0.0954	0.0934	0.0947	0.0924	0.2291	0.2470	0.1195	0.0955	0.0957	0.0912	0.0949	0.0913	0.1040	0.1004	0.0988	0.0954	0.0956	0.1029	0.0935	0.0956	0.0946	0.0942	0.0971	0.0949	0.0967	0.0977	0.0936	0.0933	0.0922	0.0944	0.0940	0.0946	0.0937	0.0974	0.0946	0.0941	0.0930	0.0929	0.0943	0.0944	0.0948	0.0963	0.0945	0.0949	
0.6653	0.7252	0.5266	0.2510	0.1201	0.0979	0.0946	0.0939	0.5281	0.5755	0.3610	0.1665	0.1032	0.0966	0.0938	0.0950	0.3422	0.3920	0.1995	0.1134	0.0986	0.0949	0.0948	0.0939	0.2427	0.2705	0.1258	0.0969	0.0978	0.0926	0.0937	0.0925	0.1050	0.1007	0.0963	0.0976	0.0948	0.1026	0.0933	0.0950	0.0949	0.0948	0.0965	0.0947	0.0970	0.0988	0.0956	0.0929	0.0929	0.0943	0.0933	0.0926	0.0937	0.0968	0.0950	0.0933	0.0937	0.0922	0.0938	0.0934	0.0946	0.0979	0.0947	0.0940	
0.6936	0.7521	0.5579	0.2657	0.1203	0.0975	0.0949	0.0941	0.5618	0.6065	0.3883	0.1702	0.1039	0.0958	0.0944	0.0954	0.3634	0.4180	0.2096	0.1161	0.0982	0.0939	0.0962	0.0933	0.2573	0.2851	0.1273	0.0975	0.0970	0.0927	0.0955	0.0924	0.1066	0.1007	0.0965	0.0973	0.0956	0.1041	0.0930	0.0961	0.0967	0.0937	0.0959	0.0956	0.0959	0.0984	0.0947	0.0936	0.0920	0.0944	0.0930	0.0942	0.0949	0.0978	0.0944	0.0950	0.0927	0.0924	0.0939	0.0936	0.0928	0.0964	0.0939	0.0933	
0.7186	0.7753	0.5819	0.2899	0.1224	0.0971	0.0948	0.0934	0.5827	0.6310	0.4184	0.1847	0.1039	0.0952	0.0936	0.0947	0.3886	0.4432	0.2250	0.1178	0.0988	0.0939	0.0960	0.0929	0.2741	0.3062	0.1357	0.0965	0.0959	0.0932	0.0959	0.0932	0.1081	0.1034	0.0978	0.1002	0.0975	0.1052	0.0946	0.0946	0.0968	0.0956	0.0972	0.0953	0.0966	0.0998	0.0963	0.0940	0.0934	0.0943	0.0938	0.0948	0.0941	0.0965	0.0944	0.0956	0.0947	0.0932	0.0942	0.0953	0.0942	0.0976	0.0948	0.0954	
0.7382	0.7979	0.5960	0.3133	0.1232	0.0978	0.0946	0.0931	0.6046	0.6508	0.4382	0.1947	0.1034	0.0955	0.0941	0.0940	0.4084	0.4635	0.2424	0.1216	0.0979	0.0939	0.0943	0.0926	0.2901	0.3295	0.1414	0.0978	0.0970	0.0930	0.0941	0.0920	0.1095	0.1038	0.0992	0.0978	0.0951	0.1040	0.0925	0.0957	0.0965	0.0950	0.0967	0.0958	0.0969	0.0998	0.0953	0.0924	0.0912	0.0939	0.0940	0.0949	0.0938	0.0964	0.0933	0.0944	0.0929	0.0935	0.0941	0.0950	0.0947	0.0958	0.0936	0.0949	
0.7558	0.8180	0.6190	0.3380	0.1244	0.0974	0.0953	0.0945	0.6254	0.6774	0.4599	0.2032	0.1063	0.0964	0.0947	0.0951	0.4267	0.4854	0.2559	0.1258	0.0980	0.0940	0.0952	0.0932	0.3055	0.3545	0.1476	0.0984	0.0974	0.0925	0.0962	0.0920	0.1131	0.1046	0.1009	0.1004	0.0964	0.1050	0.0944	0.0939	0.0972	0.0960	0.0978	0.0960	0.0973	0.0997	0.0944	0.0932	0.0929	0.0942	0.0922	0.0948	0.0940	0.0967	0.0958	0.0953	0.0946	0.0930	0.0935	0.0950	0.0937	0.0973	0.0955	0.0964	
0.7624	0.8206	0.6421	0.3604	0.1279	0.0986	0.0948	0.0942	0.6477	0.7041	0.4973	0.2185	0.1072	0.0958	0.0951	0.0951	0.4574	0.5127	0.2699	0.1288	0.0980	0.0947	0.0961	0.0939	0.3206	0.3773	0.1526	0.0989	0.0980	0.0925	0.0963	0.0928	0.1180	0.1069	0.1008	0.1008	0.0963	0.1056	0.0948	0.0964	0.0972	0.0951	0.0978	0.0965	0.0967	0.0989	0.0990	0.0955	0.0929	0.0963	0.0945	0.0943	0.0949	0.0969	0.0947	0.0957	0.0931	0.0940	0.0938	0.0960	0.0954	0.0972	0.0946	0.0955	
0.7663	0.8195	0.6677	0.3942	0.1308	0.0981	0.0945	0.0944	0.6688	0.7285	0.5214	0.2351	0.1072	0.0969	0.0946	0.0957	0.4815	0.5367	0.2861	0.1316	0.0985	0.0943	0.0952	0.0938	0.3472	0.3970	0.1630	0.0985	0.0969	0.0926	0.0952	0.0931	0.1221	0.1086	0.1006	0.1001	0.0968	0.1055	0.0960	0.0967	0.0984	0.0972	0.0974	0.0959	0.0988	0.0990	0.0965	0.0953	0.0927	0.0953	0.0943	0.0946	0.0949	0.0958	0.0947	0.0965	0.0947	0.0941	0.0944	0.0948	0.0961	0.0973	0.0955	0.0940	
0.7622	0.8270	0.6789	0.4214	0.1329	0.0986	0.0959	0.0947	0.6826	0.7395	0.5406	0.2515	0.1081	0.0964	0.0937	0.0950	0.4958	0.5608	0.3086	0.1383	0.0993	0.0944	0.0948	0.0935	0.3618	0.4196	0.1714	0.0987	0.0968	0.0921	0.0943	0.0922	0.1279	0.1103	0.1022	0.1022	0.0971	0.1080	0.0952	0.0970	0.0978	0.0956	0.0989	0.0965	0.0981	0.0999	0.0958	0.0938	0.0929	0.0952	0.0942	0.0948	0.0949	0.0953	0.0960	0.0963	0.0950	0.0938	0.0955	0.0950	0.0959	0.0980	0.0945	0.0969	
0.7648	0.8276	0.6976	0.4491	0.1347	0.0987	0.0958	0.0939	0.6925	0.7477	0.5589	0.2651	0.1105	0.0958	0.0952	0.0944	0.5186	0.5806	0.3326	0.1422	0.1012	0.0954	0.0943	0.0928	0.3813	0.4392	0.1808	0.0987	0.0976	0.0928	0.0945	0.0912	0.1307	0.1124	0.1023	0.1014	0.0981	0.1103	0.0966	0.0961	0.0985	0.0974	0.0989	0.0956	0.0979	0.1012	0.0978	0.0941	0.0928	0.0941	0.0947	0.0948	0.0945	0.0984	0.0959	0.0955	0.0947	0.0943	0.0949	0.0967	0.0931	0.0987	0.0955	0.0960	
0.7762	0.8380	0.7210	0.4769	0.1333	0.0982	0.0946	0.0935	0.7025	0.7671	0.5889	0.2825	0.1094	0.0970	0.0953	0.0951	0.5505	0.6093	0.3507	0.1477	0.0999	0.0936	0.0943	0.0928	0.4064	0.4668	0.1880	0.0997	0.0966	0.0929	0.0959	0.0919	0.1374	0.1153	0.1031	0.1016	0.0963	0.1099	0.0945	0.0942	0.0996	0.0960	0.0985	0.0960	0.0978	0.1002	0.0970	0.0935	0.0913	0.0929	0.0934	0.0939	0.0929	0.0952	0.0935	0.0953	0.0923	0.0915	0.0932	0.0944	0.0934	0.0976	0.0941	0.0944	
0.7784	0.8350	0.7324	0.5068	0.1355	0.0992	0.0957	0.0941	0.7088	0.7740	0.6037	0.3043	0.1120	0.0961	0.0943	0.0939	0.5768	0.6261	0.3737	0.1564	0.1002	0.0953	0.0957	0.0929	0.4298	0.4906	0.2034	0.1006	0.0977	0.0930	0.0964	0.0916	0.1441	0.1201	0.1044	0.1015	0.0976	0.1116	0.0936	0.0954	0.1003	0.0971	0.0991	0.0962	0.0988	0.1004	0.0979	0.0953	0.0921	0.0949	0.0936	0.0956	0.0946	0.0964	0.0949	0.0971	0.0948	0.0949	0.0942	0.0960	0.0960	0.0977	0.0952	0.0953	
0.7811	0.8414	0.7377	0.5350	0.1404	0.0998	0.0964	0.0937	0.7058	0.7817	0.6337	0.3275	0.1139	0.1017	0.0948	0.0951	0.5957	0.6556	0.3986	0.1638	0.1024	0.0950	0.0953	0.0936	0.4500	0.5129	0.2143	0.1011	0.0982	0.0921	0.0953	0.0929	0.1536	0.1188	0.1038	0.1015	0.0969	0.1124	0.0941	0.0953	0.1008	0.0961	0.0986	0.0959	0.0982	0.0988	0.0974	0.0931	0.0909	0.0929	0.0937	0.0939	0.0933	0.0956	0.0945	0.0942	0.0928	0.0933	0.0947	0.0935	0.0937	0.0979	0.0936	0.0946	
0.7767	0.8413	0.7410	0.5557	0.1452	0.0990	0.0945	0.0941	0.7019	0.7768	0.6567	0.3534	0.1136	0.0958	0.0942	0.0942	0.6057	0.6684	0.4244	0.1731	0.1020	0.0939	0.0944	0.0938	0.4647	0.5340	0.2261	0.1018	0.0985	0.0919	0.0949	0.0918	0.1616	0.1260	0.1046	0.1017	0.0963	0.1140	0.0937	0.0954	0.1021	0.0972	0.0988	0.0939	0.0974	0.1007	0.0949	0.0933	0.0904	0.0947	0.0933	0.0934	0.0928	0.0958	0.0937	0.0952	0.0936	0.0921	0.0920	0.0941	0.0935	0.0945	0.0947	0.0949	
0.7750	0.8381	0.7360	0.5777	0.1483	0.1005	0.0952	0.0938	0.7075	0.7768	0.6672	0.3722	0.1182	0.0961	0.0936	0.0941	0.6203	0.6849	0.4462	0.1840	0.1018	0.0942	0.0945	0.0924	0.4856	0.5657	0.2407	0.1024	0.0981	0.0929	0.0934	0.0923	0.1677	0.1306	0.1066	0.1049	0.0962	0.1154	0.0953	0.0956	0.1030	0.0981	0.0981	0.0958	0.0985	0.1015	0.0968	0.0934	0.0925	0.0950	0.0940	0.0941	0.0951	0.0959	0.0945	0.0940	0.0936	0.0924	0.0936	0.0956	0.0949	0.0963	0.0950	0.0941	
0.7800	0.8458	0.7458	0.6060	0.1548	0.0995	0.0953	0.0933	0.7138	0.7868	0.6748	0.3993	0.1190	0.1008	0.0947	0.0948	0.6350	0.6930	0.4712	0.1907	0.1026	0.0936	0.0947	0.0926	0.5072	0.5857	0.2549	0.1027	0.0986	0.0931	0.0949	0.0914	0.1755	0.1391	0.1093	0.1045	0.0977	0.1166	0.0947	0.0943	0.1047	0.0996	0.1003	0.0963	0.1003	0.1026	0.0968	0.0938	0.0921	0.0946	0.0947	0.0947	0.0938	0.0963	0.0947	0.0947	0.0934	0.0925	0.0944	0.0940	0.0948	0.0983	0.0950	0.0962	
0.7852	0.8502	0.7495	0.6280	0.1604	0.1011	0.0960	0.0950	0.7168	0.7942	0.6903	0.4236	0.1218	0.0980	0.0953	0.0959	0.6393	0.7034	0.4973	0.2015	0.1046	0.0956	0.0958	0.0934	0.5329	0.6128	0.2671	0.1046	0.0987	0.0929	0.0953	0.0922	0.1833	0.1450	0.1132	0.1045	0.0975	0.1178	0.0942	0.0966	0.1059	0.0983	0.0983	0.0957	0.0974	0.1003	0.0967	0.0925	0.0910	0.0924	0.0926	0.0930	0.0937	0.0952	0.0940	0.0959	0.0932	0.0928	0.0934	0.0938	0.0936	0.0966	0.0939	0.0957	
0.7816	0.8502	0.7431	0.6452	0.1645	0.1003	0.0951	0.0939	0.7130	0.7846	0.6907	0.4480	0.1246	0.0979	0.0949	0.0946	0.6383	0.7028	0.5255	0.2171	0.1051	0.0948	0.0957	0.0925	0.5498	0.6361	0.2877	0.1056	0.0993	0.0930	0.0942	0.0911	0.1980	0.1520	0.1126	0.1045	0.0992	0.1191	0.0941	0.0955	0.1054	0.0993	0.0985	0.0957	0.0997	0.1007	0.0942	0.0932	0.0911	0.0949	0.0933	0.0937	0.0944	0.0957	0.0944	0.0949	0.0927	0.0926	0.0942	0.0942	0.0949	0.0970	0.0950	0.0951	
0.7912	0.8582	0.7591	0.6710	0.1694	0.1018	0.0969	0.0959	0.7260	0.7968	0.7012	0.4771	0.1283	0.0994	0.0971	0.0959	0.6546	0.7145	0.5568	0.2324	0.1061	0.0960	0.0975	0.0937	0.5808	0.6577	0.3088	0.1108	0.1009	0.0943	0.0955	0.0927	0.2093	0.1594	0.1151	0.1055	0.0996	0.1229	0.0969	0.0944	0.1087	0.0996	0.1020	0.0969	0.1002	0.1036	0.0959	0.0944	0.0912	0.0942	0.0939	0.0959	0.0948	0.0960	0.0947	0.0954	0.0930	0.0942	0.0939	0.0962	0.0959	0.0976	0.0946	0.0957	
0.7955	0.8566	0.7542	0.6931	0.1781	0.1009	0.0959	0.0931	0.7269	0.7957	0.6977	0.4976	0.1307	0.0984	0.0949	0.0947	0.6635	0.7204	0.5783	0.2414	0.1049	0.0940	0.0958	0.0931	0.5937	0.6643	0.3218	0.1077	0.1000	0.0918	0.0938	0.0916	0.2119	0.1659	0.1174	0.1059	0.0978	0.1259	0.0958	0.0966	0.1110	0.1003	0.1004	0.0979	0.0977	0.1022	0.0969	0.0917	0.0912	0.0936	0.0936	0.0939	0.0937	0.0966	0.0948	0.0956	0.0936	0.0917	0.0938	0.0949	0.0956	0.0971	0.0954	0.0952	
0.7945	0.8618	0.7517	0.7052	0.1927	0.1021	0.0966	0.0947	0.7288	0.7892	0.6936	0.5242	0.1362	0.0992	0.0961	0.0955	0.6604	0.7244	0.5967	0.2588	0.1079	0.0955	0.0963	0.0924	0.6065	0.6741	0.3416	0.1099	0.1017	0.0930	0.0961	0.0918	0.2273	0.1728	0.1209	0.1083	0.1001	0.1280	0.0956	0.0974	0.1142	0.1010	0.1012	0.0952	0.0993	0.1037	0.0965	0.0938	0.0915	0.0929	0.0929	0.0944	0.0944	0.0965	0.0943	0.0960	0.0923	0.0927	0.0935	0.0962	0.0951	0.0979	0.0961	0.0953	
0.8043	0.8715	0.7587	0.7272	0.1958	0.1030	0.0972	0.0943	0.7283	0.8985	0.7040	0.5459	0.1382	0.0982	0.0964	0.0953	0.6650	0.7204	0.6212	0.2757	0.1088	0.0952	0.0969	0.0940	0.6103	0.6772	0.3652	0.1164	0.1010	0.0929	0.0967	0.0930	0.2425	0.1831	0.1261	0.1102	0.0993	0.1327	0.0964	0.0967	0.1190	0.1030	0.1045	0.0963	0.0991	0.1049	0.0967	0.0936	0.0927	0.0960	0.0935	0.0956	0.0951	0.0976	0.0959	0.0956	0.0934	0.0934	0.0940	0.0947	0.0946	0.0982	0.0947	0.0958	
0.8068	0.8741	0.7583	0.7442	0.2074	0.1033	0.0968	0.0941	0.7315	0.8010	0.7047	0.5763	0.1450	0.0990	0.0957	0.0960	0.6763	0.7317	0.6286	0.2920	0.1115	0.0955	0.0967	0.0932	0.6188	0.6763	0.3926	0.1145	0.1025	0.0926	0.0954	0.0925	0.2581	0.1899	0.1286	0.1107	0.0991	0.1342	0.0959	0.0957	0.1220	0.1044	0.1018	0.0965	0.0997	0.1052	0.0959	0.0932	0.0925	0.0953	0.0944	0.0955	0.0956	0.0972	0.0949	0.0957	0.0946	0.0931	0.0949	0.0962	0.0949	0.0980	0.0958	0.0944	
0.8116	0.9766	0.7624	0.7575	0.2149	0.1030	0.0968	0.0938	0.7288	0.8032	0.7054	0.5986	0.1487	0.0987	0.0953	0.0953	0.6745	0.7309	0.6341	0.3079	0.1111	0.0948	0.0954	0.0932	0.6247	0.6798	0.4042	0.1145	0.1021	0.0927	0.0939	0.0919	0.2704	0.1991	0.1347	0.1138	0.1014	0.1400	0.0970	0.0971	0.1242	0.1048	0.1048	0.0959	0.1018	0.1062	0.1001	0.0954	0.0934	0.0943	0.0948	0.0961	0.0950	0.0989	0.0959	0.0947	0.0950	0.0942	0.0944	0.0962	0.0944	0.0974	0.0964	0.0968	
0.8110	0.8802	0.7634	0.7566	0.2296	0.1032	0.0970	0.0940	0.7319	0.8060	0.7133	0.6208	0.1542	0.0990	0.0968	0.0954	0.6749	0.7878	0.6426	0.3301	0.1137	0.0954	0.0968	0.0923	0.6244	0.6904	0.4281	0.1188	0.1051	0.0928	0.0938	0.0924	0.2820	0.2068	0.1397	0.1145	0.1010	0.1442	0.0945	0.0964	0.1311	0.1091	0.1060	0.0970	0.0992	0.1067	0.0966	0.0939	0.0917	0.0947	0.0940	0.0956	0.0943	0.0959	0.0947	0.0955	0.0945	0.0928	0.0954	0.0946	0.0954	0.0961	0.0951	0.0952	
0.8169	0.8884	0.7596	0.7600	0.2453	0.1043	0.0981	0.0945	0.7263	0.8055	0.7105	0.6458	0.1584	0.1013	0.0970	0.0958	0.6715	0.7405	0.6491	0.3455	0.1160	0.0973	0.0958	0.0942	0.6227	0.6860	0.4477	0.1219	0.1054	0.0937	0.0955	0.0938	0.2931	0.2195	0.1437	0.1175	0.1017	0.1505	0.0984	0.0971	0.1397	0.1121	0.1071	0.0982	0.1016	0.1125	0.0991	0.0951	0.0938	0.0940	0.0940	0.0952	0.0955	0.0983	0.0963	0.0969	0.0943	0.0936	0.0956	0.0973	0.0963	0.0999	0.0966	0.0967	
0.8210	0.9800	0.7653	0.7620	0.2551	0.1045	0.0973	0.0942	0.7342	0.8081	0.7177	0.6655	0.1660	0.1002	0.0970	0.0957	0.6803	0.8286	0.6546	0.3697	0.1161	0.0957	0.0973	0.0940	0.6236	0.6916	0.4732	0.1247	0.1060	0.0932	0.0967	0.0916	0.3047	0.2325	0.1491	0.1192	0.1020	0.1564	0.0961	0.0979	0.1459	0.1148	0.1085	0.0986	0.1013	0.1092	0.0972	0.0950	0.0927	0.0949	0.0944	0.0948	0.0954	0.0986	0.0970	0.0979	0.0942	0.0948	0.0955	0.0957	0.0958	0.0981	0.0955	0.0972	
0.8306	0.9027	0.7710	0.7736	0.2729	0.1054	0.0984	0.0951	0.7441	0.9328	0.7224	0.6900	0.1739	0.1006	0.0971	0.0959	0.6897	0.7508	0.6594	0.3934	0.1199	0.0965	0.0959	0.0947	0.6318	0.6883	0.4999	0.1285	0.1063	0.0943	0.0962	0.0930	0.3206	0.2420	0.1546	0.1217	0.1010	0.1592	0.0952	0.0950	0.1507	0.1150	0.1086	0.0988	0.1017	0.1098	0.0978	0.0942	0.0920	0.0943	0.0924	0.0945	0.0958	0.0976	0.0944	0.0959	0.0941	0.0943	0.0933	0.0952	0.0954	0.0987	0.0933	0.0946	
0.8356	0.9087	0.7710	0.7673	0.2915	0.1055	0.0983	0.0948	0.7408	0.9265	0.7188	0.6969	0.1804	0.1011	0.0970	0.0963	0.6878	0.8630	0.6574	0.4101	0.1210	0.0957	0.0959	0.0935	0.6260	0.6984	0.5158	0.1322	0.1075	0.0926	0.0955	0.0922	0.3386	0.2558	0.1577	0.1283	0.1013	0.1680	0.0969	0.0972	0.1616	0.1178	0.1113	0.0987	0.1017	0.1092	0.0979	0.0950	0.0909	0.0955	0.0948	0.0968	0.0960	0.0980	0.0958	0.0959	0.0926	0.0935	0.0932	0.0959	0.0960	0.0980	0.0970	0.0948	
0.8376	0.9128	0.7715	0.7673	0.3117	0.1058	0.0984	0.0951	0.7375	0.8114	0.7264	0.7090	0.1922	0.1011	0.0968	0.0963	0.6843	0.7517	0.6641	0.4367	0.1246	0.0968	0.0955	0.0937	0.6259	0.6975	0.5426	0.1361	0.1087	0.0937	0.0959	0.0930	0.3509	0.2679	0.1662	0.1273	0.1028	0.1737	0.0944	0.0939	0.1720	0.1231	0.1109	0.0994	0.1003	0.1097	0.0984	0.0903	0.0911	0.0938	0.0927	0.0947	0.0943	0.0983	0.0940	0.0912	0.0935	0.0932	0.0937	0.0952	0.0967	0.0979	0.0953	0.0918	
0.8469	0.9162	0.7751	0.7607	0.3359	0.1071	0.0980	0.0955	0.7387	0.8124	0.7235	0.7130	0.2006	0.1016	0.0974	0.0960	0.6920	0.7529	0.6614	0.4544	0.1273	0.0963	0.0976	0.0937	0.6344	0.6870	0.5578	0.1406	0.1108	0.0937	0.0961	0.0920	0.3693	0.2836	0.1733	0.1335	0.1027	0.1805	0.0967	0.0937	0.1841	0.1279	0.1119	0.0994	0.0995	0.1118	0.0942	0.0949	0.0912	0.0924	0.0933	0.0969	0.0959	0.0980	0.0947	0.0977	0.0926	0.0919	0.0916	0.0936	0.0969	0.0968	0.0973	0.0980	
0.8535	1.0226	0.7769	0.7776	0.3565	0.1064	0.0000	0.0947	0.7488	0.8239	0.7262	0.7125	0.2145	0.1017	0.0975	0.0960	0.6961	0.8549	0.6684	0.4761	0.1309	0.0969	0.0989	0.0930	0.6402	0.6968	0.5879	0.1436	0.1120	0.0932	0.0952	0.0926	0.3848	0.2965	0.1814	0.1378	0.1072	0.1939	0.0967	0.0982	0.1908	0.1339	0.1149	0.1038	0.1029	0.1128	0.0974	0.0932	0.0909	0.0915	0.0924	0.0937	0.0966	0.0974	0.0956	0.0940	0.0931	0.0927	0.0944	0.0953	0.0950	0.0983	0.0953	0.0958	
0.8605	0.9342	0.7777	0.7740	0.3764	0.1090	0.0986	0.0955	0.8462	0.8241	0.7278	0.7157	0.2237	0.1023	0.0977	0.0965	0.7041	0.7628	0.6729	0.5069	0.1321	0.0974	0.0964	0.0937	0.6409	0.6995	0.6014	0.1530	0.1151	0.0942	0.0958	0.0919	0.4035	0.3104	0.1893	0.1394	0.1050	0.1977	0.0960	0.0965	0.2004	0.1373	0.1206	0.1015	0.1033	0.1196	0.0976	0.0939	0.0928	0.0924	0.0934	0.0943	0.0971	0.1008	0.0977	0.0971	0.0935	0.0935	0.0943	0.0935	0.0953	0.0993	0.0965	0.0959	
0.8672	1.0270	0.7784	0.7801	0.4024	0.1076	0.0000	0.0943	0.7567	0.9509	0.7332	0.7191	0.2360	0.1023	0.0974	0.0954	0.7009	0.8585	0.6772	0.5317	0.1380	0.0967	0.0967	0.0936	0.6464	0.6984	0.6153	0.1555	0.1149	0.0937	0.0962	0.0920	0.4161	0.3208	0.1947	0.1426	0.1060	0.2075	0.0959	0.0989	0.2140	0.1464	0.1209	0.1015	0.1001	0.1182	0.1002	0.0946	0.0937	0.0954	0.0949	0.0946	0.0959	0.0977	0.0938	0.0958	0.0955	0.0927	0.0956	0.0961	0.0928	0.0973	0.0946	0.0946	
0.8754	0.9436	0.7860	0.7836	0.4301	0.1085	0.0997	0.0939	0.7565	0.9488	0.7369	0.7219	0.2511	0.1017	0.0972	0.0951	0.7038	0.7659	0.6775	0.5564	0.1443	0.0969	0.0968	0.0931	0.6486	0.7000	0.6189	0.1596	0.1174	0.0938	0.0957	0.0920	0.4296	0.3364	0.2042	0.1471	0.1049	0.2188	0.0980	0.0956	0.2197	0.1522	0.1207	0.0988	0.0998	0.1186	0.0989	0.0942	0.0928	0.0924	0.0917	0.0936	0.0916	0.1010	0.0950	0.0947	0.0901	0.0908	0.0920	0.0926	0.0938	0.1015	0.0939	0.0938	
