0.0890	0.0904	0.0888	0.0908	0.0925	0.0954	0.0967	0.1040	0.0892	0.0896	0.0880	0.0916	0.0910	0.0935	0.0952	0.0999	0.0877	0.0888	0.0883	0.0908	0.0920	0.0962	0.0949	0.1010	0.0886	0.0889	0.0892	0.0900	0.0978	0.0945	0.0973	0.1007	0.0885	0.0903	0.0879	0.0888	0.0891	0.0943	0.0943	0.1021	0.0866	0.0946	0.0868	0.0905	0.0884	0.0976	0.0892	0.1015	0.0855	0.0945	0.0864	0.0902	0.0884	0.0948	0.0926	0.1055	0.0866	0.0952	0.0858	0.0910	0.0883	0.0942	0.0921	0.1058	
0.0897	0.0971	0.0902	0.0904	0.0900	0.0918	0.0914	0.0941	0.0905	0.0921	0.0891	0.0911	0.0898	0.0905	0.0918	0.0929	0.0900	0.0905	0.0897	0.0932	0.0903	0.0906	0.0908	0.0942	0.0902	0.0888	0.0899	0.0887	0.0933	0.0886	0.0910	0.0913	0.0831	0.0817	0.0823	0.0829	0.0814	0.0810	0.0835	0.0818	0.0830	0.0806	0.0825	0.0817	0.0835	0.0824	0.0836	0.0831	0.0822	0.0805	0.0824	0.0811	0.0836	0.0814	0.0828	0.0821	0.0828	0.0810	0.0817	0.0831	0.0823	0.0818	0.0832	0.0821	
0.0902	0.0939	0.0904	0.0910	0.0906	0.0897	0.0898	0.0933	0.0905	0.0931	0.0890	0.0902	0.0904	0.0908	0.0903	0.0922	0.0895	0.0918	0.0892	0.0890	0.0899	0.0901	0.0891	0.0912	0.0897	0.0936	0.0903	0.0888	0.0925	0.0879	0.0900	0.0898	0.0857	0.0863	0.0855	0.0865	0.0857	0.0857	0.0858	0.0868	0.0864	0.0867	0.0867	0.0863	0.0869	0.0874	0.0874	0.0867	0.0862	0.0867	0.0867	0.0858	0.0876	0.0858	0.0877	0.0866	0.0870	0.0858	0.0855	0.0863	0.0864	0.0858	0.0871	0.0868	
0.0903	0.0914	0.0904	0.0907	0.0907	0.0903	0.0901	0.0935	0.0907	0.0899	0.0894	0.0907	0.0907	0.0907	0.0907	0.0913	0.0906	0.0897	0.0894	0.0898	0.0906	0.0904	0.0897	0.0920	0.0902	0.0899	0.0901	0.0891	0.0932	0.0898	0.0902	0.0908	0.0874	0.0879	0.0877	0.0889	0.0883	0.0881	0.0881	0.0893	0.0878	0.0884	0.0878	0.0887	0.0881	0.0892	0.0884	0.0899	0.0877	0.0887	0.0880	0.0876	0.0886	0.0882	0.0883	0.0899	0.0885	0.0878	0.0873	0.0885	0.0875	0.0879	0.0882	0.0891	
0.0900	0.0934	0.0900	0.0904	0.0913	0.0903	0.0895	0.0930	0.0907	0.0898	0.0888	0.0903	0.0904	0.0905	0.0904	0.0917	0.0902	0.0898	0.0891	0.0891	0.0902	0.0900	0.0894	0.0919	0.0904	0.0894	0.0896	0.0893	0.0926	0.0884	0.0901	0.0906	0.0880	0.0904	0.0896	0.0897	0.0892	0.0894	0.0900	0.0894	0.0876	0.0903	0.0875	0.0898	0.0879	0.0906	0.0883	0.0898	0.0879	0.0913	0.0877	0.0888	0.0879	0.0891	0.0870	0.0897	0.0887	0.0905	0.0869	0.0891	0.0875	0.0898	0.0873	0.0892	
0.0905	0.0912	0.0906	0.0906	0.0911	0.0907	0.0906	0.0939	0.0909	0.0900	0.0894	0.0909	0.0908	0.0910	0.0912	0.0921	0.0897	0.0897	0.0893	0.0897	0.0909	0.0909	0.0896	0.0915	0.0906	0.0896	0.0902	0.0896	0.0935	0.0894	0.0907	0.0905	0.0836	0.0827	0.0825	0.0832	0.0827	0.0832	0.0834	0.0849	0.0841	0.0827	0.0840	0.0830	0.0851	0.0839	0.0846	0.0848	0.0839	0.0832	0.0842	0.0825	0.0851	0.0836	0.0853	0.0840	0.0846	0.0824	0.0840	0.0833	0.0839	0.0835	0.0842	0.0841	
0.0903	0.0912	0.0900	0.0903	0.0908	0.0900	0.0903	0.0941	0.0912	0.0901	0.0892	0.0898	0.0909	0.0907	0.0905	0.0918	0.0899	0.0896	0.0894	0.0890	0.0906	0.0904	0.0900	0.0915	0.0906	0.0894	0.0895	0.0891	0.0932	0.0894	0.0902	0.0905	0.0883	0.0890	0.0885	0.0886	0.0884	0.0893	0.0899	0.0899	0.0886	0.0894	0.0879	0.0898	0.0892	0.0898	0.0895	0.0901	0.0881	0.0896	0.0889	0.0884	0.0892	0.0890	0.0892	0.0901	0.0896	0.0888	0.0885	0.0893	0.0887	0.0889	0.0885	0.0900	
0.0901	0.0930	0.0905	0.0903	0.0909	0.0905	0.0914	0.0936	0.0910	0.0902	0.0894	0.0910	0.0910	0.0912	0.0908	0.0925	0.0903	0.0900	0.0898	0.0899	0.0906	0.0907	0.0900	0.0921	0.0908	0.0900	0.0904	0.0896	0.0931	0.0895	0.0904	0.0909	0.0834	0.0826	0.0831	0.0837	0.0832	0.0833	0.0843	0.0831	0.0839	0.0824	0.0831	0.0826	0.0844	0.0842	0.0841	0.0843	0.0835	0.0827	0.0839	0.0832	0.0843	0.0833	0.0838	0.0840	0.0845	0.0823	0.0828	0.0830	0.0846	0.0838	0.0840	0.0826	
0.0905	0.0918	0.0906	0.0908	0.0912	0.0908	0.0903	0.0937	0.0912	0.0902	0.0897	0.0904	0.0912	0.0912	0.0908	0.0917	0.0900	0.0901	0.0894	0.0898	0.0907	0.0907	0.0898	0.0920	0.0907	0.0900	0.0897	0.0897	0.0937	0.0891	0.0900	0.0907	0.0877	0.0886	0.0882	0.0886	0.0880	0.0885	0.0900	0.0894	0.0888	0.0892	0.0882	0.0889	0.0891	0.0891	0.0886	0.0900	0.0882	0.0897	0.0883	0.0885	0.0890	0.0881	0.0894	0.0911	0.0889	0.0886	0.0877	0.0894	0.0882	0.0887	0.0890	0.0892	
0.0904	0.0921	0.0908	0.0911	0.0918	0.0910	0.0909	0.0943	0.0917	0.0908	0.0898	0.0907	0.0913	0.0915	0.0914	0.0921	0.0903	0.0905	0.0900	0.0902	0.0912	0.0913	0.0905	0.0924	0.0909	0.0902	0.0903	0.0900	0.0938	0.0901	0.0906	0.0915	0.0903	0.0905	0.0908	0.0910	0.0917	0.0909	0.0927	0.0916	0.0898	0.0916	0.0891	0.0919	0.0901	0.0916	0.0891	0.0922	0.0900	0.0908	0.0893	0.0902	0.0896	0.0907	0.0886	0.0926	0.0903	0.0915	0.0893	0.0913	0.0899	0.0910	0.0890	0.0915	
0.0907	0.0925	0.0909	0.0914	0.0911	0.0912	0.0907	0.0934	0.0916	0.0904	0.0895	0.0908	0.0911	0.0913	0.0912	0.0928	0.0911	0.0905	0.0901	0.0902	0.0908	0.0908	0.0903	0.0920	0.0908	0.0904	0.0903	0.0897	0.0941	0.0893	0.0904	0.0905	0.0866	0.0872	0.0860	0.0864	0.0856	0.0867	0.0874	0.0874	0.0867	0.0866	0.0869	0.0873	0.0878	0.0882	0.0867	0.0869	0.0863	0.0871	0.0871	0.0860	0.0879	0.0872	0.0876	0.0874	0.0874	0.0867	0.0865	0.0874	0.0874	0.0868	0.0870	0.0875	
0.0906	0.0922	0.0905	0.0908	0.0907	0.0906	0.0903	0.0933	0.0914	0.0902	0.0898	0.0913	0.0911	0.0911	0.0919	0.0921	0.0906	0.0905	0.0903	0.0898	0.0912	0.0911	0.0912	0.0921	0.0908	0.0901	0.0905	0.0900	0.0932	0.0898	0.0906	0.0917	0.0871	0.0894	0.0888	0.0890	0.0887	0.0889	0.0894	0.0888	0.0880	0.0895	0.0871	0.0891	0.0878	0.0897	0.0872	0.0892	0.0875	0.0905	0.0872	0.0883	0.0877	0.0888	0.0874	0.0894	0.0882	0.0892	0.0871	0.0881	0.0878	0.0889	0.0880	0.0882	
0.0911	0.0926	0.0914	0.0913	0.0913	0.0910	0.0905	0.0942	0.0919	0.0911	0.0898	0.0918	0.0913	0.0914	0.0913	0.0924	0.0910	0.0911	0.0908	0.0907	0.0917	0.0915	0.0911	0.0924	0.0915	0.0906	0.0911	0.0908	0.0938	0.0897	0.0912	0.0911	0.0866	0.0861	0.0851	0.0873	0.0858	0.0864	0.0867	0.0875	0.0873	0.0864	0.0869	0.0865	0.0883	0.0875	0.0882	0.0878	0.0872	0.0863	0.0879	0.0861	0.0887	0.0863	0.0879	0.0878	0.0884	0.0856	0.0865	0.0865	0.0872	0.0870	0.0884	0.0875	
0.0918	0.0943	0.0915	0.0918	0.0924	0.0921	0.0913	0.0949	0.0920	0.0919	0.0909	0.0920	0.0923	0.0927	0.0920	0.0931	0.0917	0.0912	0.0907	0.0909	0.0918	0.0920	0.0910	0.0930	0.0917	0.0912	0.0917	0.0908	0.0946	0.0909	0.0910	0.0918	0.0886	0.0890	0.0884	0.0891	0.0879	0.0888	0.0899	0.0897	0.0886	0.0893	0.0880	0.0898	0.0896	0.0891	0.0892	0.0904	0.0882	0.0893	0.0883	0.0882	0.0887	0.0892	0.0880	0.0904	0.0895	0.0890	0.0882	0.0891	0.0890	0.0890	0.0888	0.0892	
0.0920	0.0932	0.0921	0.0923	0.0924	0.0919	0.0917	0.0949	0.0924	0.0919	0.0910	0.0919	0.0921	0.0922	0.0922	0.0930	0.0919	0.0916	0.0913	0.0913	0.0923	0.0925	0.0915	0.0926	0.0921	0.0916	0.0914	0.0911	0.0946	0.0907	0.0919	0.0917	0.0913	0.0934	0.0931	0.0939	0.0938	0.0937	0.0946	0.0933	0.0919	0.0934	0.0905	0.0937	0.0923	0.0936	0.0921	0.0936	0.0920	0.0937	0.0914	0.0928	0.0919	0.0931	0.0914	0.0946	0.0926	0.0936	0.0911	0.0936	0.0919	0.0937	0.0911	0.0933	
0.0924	0.0940	0.0924	0.0925	0.0925	0.0923	0.0920	0.0952	0.0929	0.0918	0.0912	0.0925	0.0928	0.0924	0.0926	0.0940	0.0926	0.0919	0.0914	0.0916	0.0921	0.0924	0.0941	0.0937	0.0922	0.0917	0.0922	0.0914	0.0953	0.0908	0.0922	0.0926	0.0836	0.0836	0.0851	0.0842	0.0842	0.0834	0.0854	0.0838	0.0837	0.0832	0.0830	0.0838	0.0840	0.0845	0.0836	0.0844	0.0835	0.0833	0.0830	0.0833	0.0840	0.0832	0.0838	0.0836	0.0840	0.0826	0.0830	0.0841	0.0831	0.0840	0.0841	0.0829	
0.0927	0.0953	0.0925	0.0931	0.0926	0.0934	0.0924	0.0952	0.0936	0.0930	0.0913	0.0925	0.0930	0.0933	0.0928	0.0936	0.0929	0.0924	0.0916	0.0916	0.0921	0.0928	0.0920	0.0935	0.0929	0.0923	0.0916	0.0915	0.0957	0.0911	0.0924	0.0918	0.0878	0.0875	0.0868	0.0872	0.0872	0.0878	0.0878	0.0885	0.0876	0.0878	0.0879	0.0875	0.0885	0.0888	0.0885	0.0888	0.0872	0.0878	0.0877	0.0867	0.0885	0.0875	0.0891	0.0886	0.0882	0.0870	0.0866	0.0876	0.0876	0.0881	0.0888	0.0872	
0.0934	0.0955	0.0927	0.0933	0.0931	0.0931	0.0927	0.0953	0.0938	0.0932	0.0919	0.0929	0.0930	0.0935	0.0931	0.0938	0.0938	0.0928	0.0922	0.0916	0.0927	0.0932	0.0919	0.0937	0.0930	0.0925	0.0922	0.0918	0.0952	0.0915	0.0922	0.0927	0.0894	0.0899	0.0884	0.0898	0.0890	0.0905	0.0907	0.0909	0.0896	0.0902	0.0888	0.0899	0.0897	0.0907	0.0899	0.0911	0.0888	0.0906	0.0890	0.0890	0.0898	0.0901	0.0903	0.0910	0.0900	0.0899	0.0885	0.0900	0.0897	0.0901	0.0895	0.0903	
0.0937	0.0955	0.0935	0.0933	0.0935	0.0930	0.0928	0.0957	0.0942	0.0935	0.0923	0.0936	0.0932	0.0937	0.0934	0.0942	0.0933	0.0928	0.0920	0.0922	0.0930	0.0928	0.0925	0.0940	0.0936	0.0923	0.0925	0.0921	0.0958	0.0914	0.0918	0.0924	0.0893	0.0911	0.0905	0.0905	0.0897	0.0897	0.0920	0.0901	0.0895	0.0912	0.0893	0.0909	0.0889	0.0910	0.0897	0.0913	0.0883	0.0913	0.0891	0.0895	0.0899	0.0904	0.0898	0.0901	0.0896	0.0904	0.0884	0.0896	0.0889	0.0898	0.0892	0.0894	
0.0945	0.0965	0.0945	0.0945	0.0941	0.0948	0.0935	0.0959	0.0950	0.0940	0.0929	0.0945	0.0939	0.0946	0.0939	0.0945	0.0945	0.0940	0.0927	0.0929	0.0939	0.0936	0.0934	0.0947	0.0939	0.0930	0.0930	0.0928	0.0963	0.0924	0.0929	0.0933	0.0861	0.0857	0.0848	0.0860	0.0847	0.0854	0.0859	0.0859	0.0859	0.0851	0.0855	0.0845	0.0862	0.0859	0.0863	0.0865	0.0861	0.0848	0.0855	0.0839	0.0869	0.0848	0.0866	0.0859	0.0863	0.0844	0.0853	0.0850	0.0863	0.0850	0.0866	0.0860	
0.0954	0.0974	0.0945	0.0949	0.0942	0.0939	0.0934	0.0966	0.0953	0.0947	0.0928	0.0942	0.0939	0.0946	0.0935	0.0955	0.0945	0.0939	0.0928	0.0929	0.0938	0.0934	0.0931	0.0941	0.0942	0.0931	0.0932	0.0933	0.0968	0.0920	0.0945	0.0933	0.0911	0.0914	0.0908	0.0914	0.0912	0.0921	0.0922	0.0919	0.0908	0.0919	0.0895	0.0918	0.0914	0.0923	0.0911	0.0915	0.0901	0.0918	0.0904	0.0907	0.0912	0.0913	0.0908	0.0917	0.0910	0.0908	0.0890	0.0910	0.0902	0.0907	0.0904	0.0914	
0.0960	0.0980	0.0953	0.0954	0.0951	0.0951	0.0942	0.0970	0.0962	0.0950	0.0939	0.0951	0.0947	0.0955	0.0936	0.0958	0.0947	0.0948	0.0938	0.0935	0.0943	0.0943	0.0937	0.0951	0.0950	0.0939	0.0938	0.0937	0.0967	0.0923	0.0959	0.0935	0.0872	0.0861	0.0852	0.0852	0.0847	0.0853	0.0863	0.0863	0.0867	0.0849	0.0856	0.0851	0.0863	0.0861	0.0868	0.0861	0.0856	0.0850	0.0861	0.0840	0.0866	0.0856	0.0866	0.0857	0.0863	0.0840	0.0854	0.0848	0.0855	0.0849	0.0864	0.0851	
0.0973	0.0989	0.0955	0.0959	0.0956	0.0951	0.0946	0.0972	0.0965	0.0960	0.0946	0.0958	0.0953	0.0955	0.0945	0.0956	0.0964	0.0950	0.0944	0.0937	0.0949	0.0942	0.0938	0.0952	0.0957	0.0945	0.0943	0.0942	0.0968	0.0925	0.0937	0.0939	0.0910	0.0910	0.0907	0.0914	0.0905	0.0915	0.0917	0.0914	0.0902	0.0910	0.0899	0.0913	0.0907	0.0922	0.0914	0.0923	0.0899	0.0911	0.0895	0.0902	0.0910	0.0910	0.0911	0.0912	0.0905	0.0903	0.0885	0.0901	0.0901	0.0906	0.0904	0.0909	
0.0981	0.1004	0.0968	0.0968	0.0961	0.0960	0.0943	0.0982	0.0974	0.0970	0.0955	0.0962	0.0957	0.0959	0.0951	0.0971	0.0966	0.0963	0.0958	0.0951	0.0948	0.0953	0.0940	0.0969	0.0962	0.0952	0.0950	0.0951	0.0975	0.0932	0.0940	0.0941	0.0892	0.0885	0.0896	0.0887	0.0899	0.0886	0.0920	0.0886	0.0885	0.0883	0.0870	0.0886	0.0883	0.0881	0.0878	0.0886	0.0879	0.0881	0.0874	0.0873	0.0878	0.0880	0.0878	0.0888	0.0884	0.0878	0.0868	0.0871	0.0874	0.0879	0.0869	0.0879	
0.0994	0.1009	0.0979	0.0981	0.0968	0.0965	0.0959	0.0982	0.0985	0.0970	0.0960	0.0969	0.0965	0.0966	0.0954	0.0967	0.0970	0.0967	0.0958	0.0952	0.0954	0.0954	0.0943	0.0963	0.0974	0.0959	0.0959	0.0952	0.0980	0.0935	0.0945	0.0946	0.0895	0.0901	0.0890	0.0902	0.0890	0.0906	0.0898	0.0905	0.0891	0.0898	0.0890	0.0897	0.0887	0.0900	0.0899	0.0897	0.0883	0.0893	0.0884	0.0881	0.0899	0.0886	0.0898	0.0893	0.0887	0.0881	0.0879	0.0887	0.0888	0.0891	0.0889	0.0894	
0.1002	0.1024	0.0989	0.0987	0.0978	0.0976	0.0959	0.0986	0.0988	0.0985	0.0972	0.0978	0.0968	0.0973	0.0963	0.0976	0.0981	0.0973	0.0968	0.0953	0.0955	0.0961	0.0948	0.0967	0.0980	0.0967	0.0968	0.0958	0.0982	0.0943	0.0937	0.0943	0.0918	0.0933	0.0926	0.0925	0.0925	0.0930	0.0937	0.0926	0.0909	0.0925	0.0902	0.0925	0.0913	0.0929	0.0912	0.0927	0.0901	0.0928	0.0903	0.0912	0.0912	0.0917	0.0911	0.0915	0.0916	0.0918	0.0893	0.0913	0.0899	0.0919	0.0908	0.0917	
0.1015	0.1038	0.1000	0.1002	0.0985	0.0980	0.0973	0.0993	0.0998	0.0993	0.0973	0.0985	0.0976	0.0983	0.0967	0.0975	0.0984	0.0983	0.0974	0.0960	0.0967	0.0965	0.0944	0.0967	0.0990	0.0967	0.0972	0.0963	0.0993	0.0940	0.0947	0.0947	0.0861	0.0856	0.0869	0.0857	0.0870	0.0876	0.0880	0.0863	0.0856	0.0851	0.0838	0.0855	0.0853	0.0864	0.0845	0.0863	0.0848	0.0843	0.0844	0.0841	0.0848	0.0844	0.0852	0.0857	0.0851	0.0834	0.0835	0.0840	0.0839	0.0846	0.0848	0.0846	
0.1037	0.1050	0.1008	0.1010	0.0991	0.0994	0.0968	0.0999	0.1011	0.1000	0.0988	0.0989	0.0982	0.0985	0.0969	0.0979	0.0994	0.0995	0.0984	0.0972	0.0963	0.0965	0.0955	0.0969	0.0995	0.0977	0.0980	0.0972	0.0993	0.0942	0.0946	0.0952	0.0911	0.0908	0.0901	0.0908	0.0897	0.0916	0.0913	0.0919	0.0949	0.0911	0.0899	0.0902	0.0911	0.0914	0.0905	0.0920	0.0890	0.0907	0.0898	0.0892	0.0902	0.0897	0.0907	0.0909	0.0900	0.0894	0.0888	0.0893	0.0891	0.0901	0.0901	0.0907	
0.1066	0.1067	0.1037	0.1027	0.1003	0.1009	0.0983	0.1013	0.1028	0.1016	0.0998	0.1004	0.0990	0.0995	0.0979	0.0992	0.1014	0.1009	0.0993	0.0978	0.0970	0.0977	0.0959	0.0983	0.1006	0.0990	0.0990	0.0982	0.0996	0.0949	0.0961	0.0956	0.0932	0.0945	0.0935	0.0943	0.0937	0.0950	0.0942	0.0939	0.0933	0.0946	0.0918	0.0941	0.0919	0.0942	0.0921	0.0939	0.0910	0.0942	0.0909	0.0928	0.0918	0.0934	0.0920	0.0934	0.0920	0.0935	0.0903	0.0926	0.0908	0.0930	0.0907	0.0938	
0.1081	0.1082	0.1040	0.1036	0.1011	0.1018	0.0994	0.1013	0.1039	0.1032	0.1008	0.1011	0.0995	0.1002	0.0987	0.0995	0.1018	0.1016	0.0997	0.0973	0.0975	0.0976	0.0962	0.0982	0.1015	0.0994	0.0995	0.0987	0.1002	0.0953	0.0955	0.0955	0.0909	0.0899	0.0890	0.0898	0.0886	0.0911	0.0899	0.0918	0.0899	0.0899	0.0891	0.0900	0.0908	0.0898	0.0907	0.0904	0.0890	0.0889	0.0891	0.0877	0.0903	0.0884	0.0912	0.0880	0.0896	0.0879	0.0891	0.0879	0.0901	0.0886	0.0901	0.0898	
0.1108	0.1107	0.1063	0.1056	0.1028	0.1029	0.0994	0.1023	0.1063	0.1047	0.1029	0.1025	0.1005	0.1016	0.0990	0.0998	0.1035	0.1036	0.1010	0.0989	0.0985	0.0984	0.0965	0.0981	0.1031	0.1006	0.1003	0.0993	0.1006	0.0961	0.0963	0.0969	0.0931	0.0932	0.0922	0.0932	0.0920	0.0949	0.0939	0.0935	0.0915	0.0924	0.0909	0.0925	0.0918	0.0924	0.0927	0.0936	0.0903	0.0919	0.0900	0.0912	0.0912	0.0912	0.0920	0.0927	0.0911	0.0910	0.0898	0.0910	0.0895	0.0914	0.0903	0.0919	
0.1139	0.1129	0.1085	0.1063	0.1036	0.1033	0.1013	0.1030	0.1077	0.1063	0.1043	0.1030	0.1012	0.1018	0.1000	0.1007	0.1055	0.1044	0.1027	0.0996	0.0989	0.0991	0.0966	0.0993	0.1045	0.1017	0.1017	0.1009	0.1008	0.0959	0.0968	0.0957	0.0888	0.0875	0.0880	0.0869	0.0871	0.0877	0.0882	0.0881	0.0863	0.0866	0.0857	0.0865	0.0858	0.0868	0.0859	0.0879	0.0856	0.0851	0.0850	0.0857	0.0864	0.0849	0.0855	0.0865	0.0864	0.0845	0.0850	0.0852	0.0851	0.0857	0.0858	0.0863	
0.1165	0.1148	0.1090	0.1085	0.1050	0.1044	0.1016	0.1037	0.1097	0.1076	0.1052	0.1053	0.1020	0.1024	0.1000	0.1013	0.1056	0.1051	0.1024	0.0997	0.0989	0.0991	0.0972	0.0983	0.1050	0.1020	0.1023	0.1002	0.1014	0.0966	0.0965	0.0965	0.0925	0.0925	0.0908	0.0923	0.0908	0.0929	0.0925	0.0928	0.0912	0.0914	0.0904	0.0917	0.0913	0.0921	0.0921	0.0930	0.0904	0.0907	0.0897	0.0903	0.0913	0.0902	0.0914	0.0916	0.0904	0.0897	0.0887	0.0898	0.0897	0.0902	0.0904	0.0910	
0.1213	0.1205	0.1142	0.1112	0.1067	0.1063	0.1025	0.1051	0.1124	0.1106	0.1081	0.1063	0.1039	0.1035	0.1009	0.1022	0.1084	0.1068	0.1045	0.1011	0.0999	0.0999	0.0982	0.0998	0.1069	0.1035	0.1029	0.1014	0.1019	0.0969	0.0968	0.0970	0.0962	0.0965	0.0963	0.0963	0.0957	0.0971	0.0969	0.0964	0.0939	0.0964	0.0936	0.0959	0.0937	0.0966	0.0941	0.0951	0.0928	0.0953	0.0924	0.0943	0.0934	0.0945	0.0932	0.0949	0.0934	0.0948	0.0920	0.0937	0.0927	0.0943	0.0929	0.0947	
0.1252	0.1228	0.1150	0.1132	0.1088	0.1078	0.1042	0.1059	0.1148	0.1127	0.1094	0.1079	0.1050	0.1043	0.1023	0.1031	0.1109	0.1093	0.1057	0.1026	0.1013	0.1008	0.0987	0.1004	0.1086	0.1053	0.1038	0.1023	0.1025	0.0972	0.0973	0.0973	0.0907	0.0892	0.0877	0.0881	0.0868	0.0883	0.0876	0.0883	0.0930	0.0878	0.0880	0.0875	0.0880	0.0875	0.0887	0.0883	0.0867	0.0868	0.0865	0.0860	0.0880	0.0858	0.0873	0.0867	0.0876	0.0854	0.0860	0.0859	0.0863	0.0856	0.0870	0.0871	
0.1298	0.1267	0.1182	0.1156	0.1099	0.1092	0.1051	0.1063	0.1180	0.1153	0.1112	0.1094	0.1058	0.1055	0.1025	0.1034	0.1124	0.1103	0.1068	0.1030	0.1013	0.1012	0.0990	0.1003	0.1110	0.1062	0.1044	0.1038	0.1030	0.0973	0.0973	0.0973	0.0963	0.0948	0.0933	0.0945	0.0922	0.0944	0.0934	0.0935	0.0927	0.0937	0.0916	0.0928	0.0925	0.0928	0.0923	0.0939	0.0910	0.0922	0.0906	0.0908	0.0917	0.0921	0.0918	0.0927	0.0914	0.0909	0.0896	0.0907	0.0903	0.0915	0.0906	0.0918	
0.1341	0.1310	0.1226	0.1191	0.1112	0.1115	0.1060	0.1072	0.1227	0.1194	0.1152	0.1122	0.1079	0.1066	0.1041	0.1046	0.1162	0.1125	0.1083	0.1043	0.1030	0.1011	0.0992	0.1008	0.1130	0.1081	0.1062	0.1051	0.1038	0.0987	0.0983	0.0979	0.0979	0.0983	0.0971	0.0967	0.0969	0.0980	0.0975	0.0969	0.0954	0.0975	0.0931	0.0956	0.0935	0.0972	0.0938	0.0959	0.0935	0.0956	0.0927	0.0946	0.0933	0.0948	0.0931	0.0955	0.0937	0.0949	0.0918	0.0937	0.0927	0.0949	0.0928	0.0957	
0.1407	0.1356	0.1267	0.1220	0.1140	0.1134	0.1071	0.1091	0.1263	0.1230	0.1173	0.1134	0.1088	0.1079	0.1052	0.1049	0.1197	0.1145	0.1105	0.1055	0.1037	0.1022	0.0999	0.1016	0.1147	0.1096	0.1070	0.1055	0.1043	0.0992	0.0986	0.0983	0.0960	0.0938	0.0918	0.0923	0.0915	0.0921	0.0914	0.0933	0.0929	0.0922	0.0913	0.0908	0.0913	0.0911	0.0910	0.0931	0.0906	0.0909	0.0904	0.0892	0.0907	0.0898	0.0915	0.0906	0.0908	0.0888	0.0894	0.0892	0.0895	0.0895	0.0908	0.0898	
0.1492	0.1435	0.1307	0.1246	0.1166	0.1154	0.1084	0.1104	0.1329	0.1273	0.1215	0.1160	0.1104	0.1106	0.1069	0.1056	0.1237	0.1185	0.1121	0.1069	0.1043	0.1034	0.1002	0.1024	0.1178	0.1118	0.1083	0.1074	0.1045	0.0995	0.1004	0.0983	0.0977	0.0975	0.0962	0.0954	0.0940	0.0957	0.0946	0.0947	0.0943	0.0962	0.0923	0.0941	0.0926	0.0937	0.0933	0.0944	0.0920	0.0943	0.0912	0.0926	0.0925	0.0928	0.0919	0.0928	0.0926	0.0928	0.0900	0.0917	0.0904	0.0927	0.0911	0.0929	
0.1561	0.1505	0.1354	0.1305	0.1195	0.1182	0.1104	0.1107	0.1375	0.1318	0.1241	0.1190	0.1126	0.1116	0.1069	0.1069	0.1274	0.1214	0.1149	0.1089	0.1057	0.1044	0.1007	0.1032	0.1217	0.1141	0.1099	0.1078	0.1062	0.1003	0.0993	0.0987	0.0941	0.0909	0.0891	0.0888	0.0867	0.0888	0.0882	0.0887	0.0908	0.0886	0.0875	0.0874	0.0879	0.0876	0.0885	0.0880	0.0874	0.0864	0.0864	0.0852	0.0878	0.0854	0.0873	0.0861	0.0878	0.0851	0.0856	0.0850	0.0860	0.0853	0.0879	0.0871	
0.1641	0.1580	0.1427	0.1343	0.1224	0.1208	0.1131	0.1124	0.1428	0.1374	0.1292	0.1216	0.1142	0.1135	0.1086	0.1081	0.1325	0.1248	0.1167	0.1107	0.1074	0.1044	0.1018	0.1028	0.1248	0.1162	0.1117	0.1096	0.1071	0.1006	0.1022	0.0999	0.0988	0.0981	0.0957	0.0959	0.0933	0.0952	0.0942	0.0952	0.0958	0.0952	0.0936	0.0933	0.0930	0.0939	0.0933	0.0936	0.0920	0.0929	0.0909	0.0913	0.0916	0.0920	0.0920	0.0929	0.0922	0.0913	0.0900	0.0913	0.0903	0.0917	0.0907	0.0924	
0.1748	0.1649	0.1476	0.1397	0.1251	0.1235	0.1144	0.1138	0.1501	0.1425	0.1329	0.1245	0.1163	0.1152	0.1099	0.1095	0.1383	0.1285	0.1201	0.1122	0.1086	0.1056	0.1022	0.1038	0.1275	0.1192	0.1132	0.1104	0.1076	0.1016	0.1008	0.0998	0.1016	0.1008	0.0985	0.0978	0.0966	0.0979	0.0969	0.0971	0.0971	0.0984	0.0938	0.0969	0.0935	0.0952	0.0945	0.0963	0.0939	0.0952	0.0923	0.0939	0.0924	0.0943	0.0930	0.0949	0.0934	0.0940	0.0914	0.0929	0.0925	0.0936	0.0921	0.0948	
0.1858	0.1732	0.1532	0.1437	0.1282	0.1254	0.1156	0.1155	0.1576	0.1487	0.1390	0.1291	0.1190	0.1169	0.1111	0.1095	0.1427	0.1323	0.1231	0.1150	0.1098	0.1061	0.1030	0.1036	0.1321	0.1216	0.1153	0.1121	0.1085	0.1021	0.1011	0.0999	0.1008	0.0972	0.0937	0.0933	0.0911	0.0932	0.0908	0.0919	0.0952	0.0937	0.0926	0.0913	0.0913	0.0913	0.0917	0.0911	0.0911	0.0904	0.0896	0.0880	0.0911	0.0894	0.0906	0.0899	0.0908	0.0890	0.0890	0.0884	0.0896	0.0883	0.0892	0.0892	
0.1975	0.1838	0.1612	0.1501	0.1331	0.1299	0.1177	0.1168	0.1665	0.1561	0.1435	0.1320	0.1220	0.1188	0.1130	0.1113	0.1506	0.1376	0.1267	0.1172	0.1115	0.1081	0.1047	0.1044	0.1365	0.1248	0.1170	0.1145	0.1100	0.1033	0.1019	0.1003	0.1049	0.1013	0.0974	0.0970	0.0941	0.0953	0.0943	0.0949	0.0976	0.0978	0.0942	0.0982	0.0930	0.0937	0.0928	0.0944	0.0931	0.0936	0.0915	0.0917	0.0914	0.0916	0.0923	0.0931	0.0924	0.0928	0.0902	0.0911	0.0902	0.0916	0.0913	0.0914	
0.2136	0.1962	0.1696	0.1561	0.1374	0.1340	0.1215	0.1181	0.1779	0.1661	0.1508	0.1385	0.1250	0.1220	0.1154	0.1112	0.1586	0.1436	0.1303	0.1201	0.1138	0.1095	0.1054	0.1062	0.1423	0.1290	0.1195	0.1163	0.1115	0.1037	0.1022	0.1016	0.1029	0.0990	0.0968	0.0947	0.0942	0.0937	0.0950	0.0929	0.0964	0.0950	0.0914	0.0920	0.0906	0.0913	0.0907	0.0920	0.0916	0.0913	0.0894	0.0888	0.0893	0.0901	0.0898	0.0900	0.0909	0.0898	0.0887	0.0888	0.0888	0.0896	0.0884	0.0896	
0.2294	0.2066	0.1805	0.1637	0.1414	0.1368	0.1237	0.1193	0.1893	0.1749	0.1562	0.1435	0.1285	0.1246	0.1182	0.1140	0.1668	0.1482	0.1343	0.1220	0.1159	0.1102	0.1064	0.1067	0.1488	0.1326	0.1211	0.1169	0.1125	0.1046	0.1036	0.1019	0.1064	0.1015	0.0968	0.0973	0.0933	0.0943	0.0933	0.0932	0.0989	0.0967	0.0944	0.0927	0.0920	0.0919	0.0918	0.0930	0.0929	0.0927	0.0909	0.0897	0.0910	0.0904	0.0909	0.0913	0.0917	0.0904	0.0901	0.0897	0.0888	0.0897	0.0891	0.0901	
0.2483	0.2207	0.1886	0.1717	0.1478	0.1417	0.1249	0.1218	0.2036	0.1851	0.1648	0.1483	0.1315	0.1284	0.1195	0.1145	0.1749	0.1558	0.1394	0.1253	0.1188	0.1124	0.1079	0.1071	0.1550	0.1378	0.1248	0.1198	0.1138	0.1062	0.1038	0.1026	0.1095	0.1062	0.1003	0.1000	0.0961	0.0978	0.0962	0.0946	0.1006	0.1007	0.0951	0.0966	0.0934	0.0951	0.0934	0.0946	0.0951	0.0961	0.0918	0.0928	0.0920	0.0925	0.0911	0.0927	0.0934	0.0941	0.0906	0.0919	0.0905	0.0922	0.0906	0.0915	
0.2665	0.2359	0.2009	0.1809	0.1527	0.1460	0.1286	0.1236	0.2167	0.1971	0.1737	0.1549	0.1361	0.1304	0.1217	0.1159	0.1858	0.1614	0.1439	0.1288	0.1204	0.1135	0.1083	0.1073	0.1622	0.1431	0.1277	0.1213	0.1154	0.1070	0.1049	0.1028	0.1061	0.0990	0.0938	0.0935	0.0892	0.0900	0.0888	0.0881	0.0961	0.0942	0.0904	0.0897	0.0876	0.0874	0.0873	0.0873	0.0898	0.0873	0.0863	0.0855	0.0861	0.0852	0.0859	0.0859	0.0881	0.0854	0.0854	0.0853	0.0842	0.0843	0.0848	0.0844	
0.2857	0.2553	0.2115	0.1874	0.1581	0.1505	0.1321	0.1254	0.2319	0.2086	0.1824	0.1617	0.1395	0.1345	0.1251	0.1181	0.1942	0.1703	0.1503	0.1335	0.1228	0.1150	0.1102	0.1087	0.1693	0.1489	0.1302	0.1246	0.1165	0.1077	0.1060	0.1039	0.1127	0.1051	0.0983	0.0973	0.0928	0.0946	0.0916	0.0928	0.1025	0.0983	0.0955	0.0930	0.0920	0.0911	0.0917	0.0917	0.0953	0.0924	0.0906	0.0897	0.0913	0.0894	0.0905	0.0889	0.0929	0.0897	0.0889	0.0888	0.0890	0.0889	0.0898	0.0886	
0.3085	0.2788	0.2285	0.2011	0.1643	0.1562	0.1371	0.1280	0.2531	0.2267	0.1945	0.1698	0.1457	0.1384	0.1273	0.1192	0.2077	0.1800	0.1571	0.1395	0.1267	0.1168	0.1118	0.1099	0.1785	0.1551	0.1343	0.1272	0.1177	0.1090	0.1061	0.1041	0.1177	0.1095	0.1010	0.1008	0.0956	0.0966	0.0937	0.0937	0.1055	0.1028	0.0968	0.0957	0.0934	0.0931	0.0938	0.0938	0.0960	0.0954	0.0917	0.0917	0.0918	0.0909	0.0914	0.0916	0.0937	0.0928	0.0899	0.0901	0.0910	0.0890	0.0903	0.0911	
0.3351	0.2949	0.2396	0.2105	0.1713	0.1604	0.1387	0.1298	0.2724	0.2393	0.2028	0.1770	0.1504	0.1434	0.1302	0.1197	0.2143	0.1878	0.1624	0.1424	0.1289	0.1183	0.1126	0.1100	0.1858	0.1608	0.1372	0.1291	0.1193	0.1096	0.1069	0.1043	0.1233	0.1130	0.1036	0.1026	0.0971	0.0981	0.0963	0.0954	0.1088	0.1051	0.0986	0.0966	0.0947	0.0945	0.0948	0.0944	0.0987	0.0966	0.0936	0.0930	0.0929	0.0926	0.0922	0.0928	0.0953	0.0943	0.0909	0.0914	0.0901	0.0912	0.0912	0.0915	
0.3624	0.3207	0.2582	0.2220	0.1792	0.1677	0.1428	0.1329	0.2922	0.2589	0.2170	0.1855	0.1566	0.1461	0.1330	0.1226	0.2323	0.1992	0.1713	0.1484	0.1325	0.1207	0.1150	0.1119	0.1979	0.1678	0.1420	0.1327	0.1225	0.1114	0.1083	0.1056	0.1263	0.1165	0.1057	0.1052	0.0981	0.0998	0.0967	0.0971	0.1103	0.1068	0.0999	0.0984	0.0956	0.0961	0.0940	0.0953	0.0997	0.0982	0.0938	0.0944	0.0931	0.0929	0.0921	0.0933	0.0964	0.0950	0.0913	0.0920	0.0906	0.0923	0.0913	0.0916	
0.3914	0.3460	0.2761	0.2330	0.1873	0.1757	0.1470	0.1349	0.3180	0.2770	0.2284	0.1967	0.1635	0.1527	0.1383	0.1256	0.2446	0.2093	0.1782	0.1555	0.1366	0.1240	0.1181	0.1130	0.2073	0.1770	0.1456	0.1365	0.1236	0.1126	0.1090	0.1071	0.1298	0.1192	0.1079	0.1071	0.0997	0.1014	0.0989	0.0976	0.1134	0.1098	0.1015	0.1008	0.0963	0.0972	0.0949	0.0959	0.1017	0.0999	0.0944	0.0964	0.0920	0.0955	0.0928	0.0941	0.0979	0.0978	0.0928	0.0945	0.0920	0.0942	0.0911	0.0930	
0.4331	0.3730	0.2984	0.2489	0.1981	0.1831	0.1528	0.1389	0.3440	0.3008	0.2464	0.2075	0.1710	0.1586	0.1427	0.1275	0.2634	0.2235	0.1868	0.1611	0.1409	0.1262	0.1185	0.1142	0.2218	0.1863	0.1519	0.1393	0.1264	0.1144	0.1103	0.1078	0.1296	0.1141	0.1043	0.1023	0.0944	0.0950	0.0933	0.0916	0.1098	0.1033	0.0967	0.0946	0.0914	0.0902	0.0908	0.0895	0.0982	0.0927	0.0892	0.0894	0.0879	0.0882	0.0874	0.0874	0.0928	0.0902	0.0880	0.0877	0.0864	0.0867	0.0864	0.0865	
0.4545	0.4009	0.3160	0.2631	0.2050	0.1911	0.1567	0.1400	0.3679	0.3211	0.2582	0.2174	0.1763	0.1620	0.1458	0.1282	0.2810	0.2377	0.1965	0.1696	0.1438	0.1273	0.1201	0.1145	0.2330	0.1966	0.1548	0.1432	0.1278	0.1156	0.1094	0.1090	0.1389	0.1214	0.1071	0.1064	0.0968	0.0987	0.0936	0.0935	0.1185	0.1076	0.1015	0.0976	0.0949	0.0936	0.0939	0.0925	0.1032	0.0958	0.0933	0.0913	0.0913	0.0897	0.0911	0.0906	0.0968	0.0922	0.0904	0.0895	0.0894	0.0900	0.0896	0.0892	
0.4898	0.4314	0.3407	0.2823	0.2163	0.1995	0.1630	0.1456	0.4001	0.3451	0.2806	0.2299	0.1865	0.1714	0.1506	0.1328	0.3015	0.2486	0.2076	0.1756	0.1492	0.1313	0.1242	0.1177	0.2491	0.2064	0.1619	0.1490	0.1309	0.1177	0.1115	0.1092	0.1470	0.1286	0.1109	0.1103	0.1000	0.1014	0.0957	0.0961	0.1235	0.1143	0.1040	0.0996	0.0962	0.0954	0.0949	0.0945	0.1053	0.0996	0.0945	0.0936	0.0924	0.0927	0.0923	0.0924	0.0984	0.0951	0.0918	0.0916	0.0908	0.0910	0.0898	0.0911	
0.5230	0.4641	0.3668	0.2969	0.2287	0.2085	0.1680	0.1482	0.4302	0.3718	0.2964	0.2432	0.1958	0.1759	0.1562	0.1338	0.3232	0.2674	0.2190	0.1846	0.1556	0.1340	0.1266	0.1195	0.2665	0.2191	0.1703	0.1547	0.1344	0.1194	0.1133	0.1096	0.1555	0.1315	0.1136	0.1129	0.1013	0.1011	0.0972	0.0962	0.1279	0.1163	0.1058	0.1021	0.0980	0.0964	0.0953	0.0954	0.1087	0.1011	0.0953	0.0950	0.0929	0.0930	0.0921	0.0933	0.1001	0.0962	0.0922	0.0927	0.0904	0.0915	0.0901	0.0918	
0.5583	0.4979	0.3897	0.3174	0.2421	0.2205	0.1760	0.1535	0.4586	0.3999	0.3183	0.2571	0.2053	0.1852	0.1614	0.1375	0.3420	0.2823	0.2309	0.1932	0.1611	0.1366	0.1289	0.1203	0.2802	0.2309	0.1758	0.1587	0.1378	0.1212	0.1155	0.1119	0.1636	0.1373	0.1160	0.1139	0.1024	0.1023	0.0970	0.0974	0.1316	0.1189	0.1065	0.1022	0.0978	0.0968	0.0952	0.0944	0.1100	0.1024	0.0956	0.0941	0.0927	0.0922	0.0921	0.0924	0.1009	0.0968	0.0918	0.0921	0.0910	0.0912	0.0898	0.0910	
0.5841	0.5289	0.4105	0.3344	0.2538	0.2293	0.1818	0.1585	0.4888	0.4248	0.3386	0.2730	0.2139	0.1936	0.1661	0.1411	0.3656	0.3028	0.2462	0.2026	0.1681	0.1412	0.1315	0.1231	0.2995	0.2453	0.1841	0.1650	0.1391	0.1239	0.1158	0.1123	0.1707	0.1410	0.1187	0.1160	0.1033	0.1029	0.0968	0.0963	0.1357	0.1206	0.1083	0.1033	0.0972	0.0976	0.0940	0.0939	0.1114	0.1036	0.0952	0.0955	0.0940	0.0940	0.0913	0.0928	0.1013	0.0978	0.0916	0.0923	0.0902	0.0926	0.0892	0.0918	
0.6087	0.5576	0.4417	0.3515	0.2661	0.2409	0.1881	0.1615	0.5205	0.4536	0.3634	0.2907	0.2256	0.2019	0.1714	0.1438	0.3878	0.3259	0.2587	0.2133	0.1747	0.1446	0.1342	0.1249	0.3177	0.2585	0.1928	0.1709	0.1453	0.1256	0.1187	0.1129	0.1773	0.1463	0.1221	0.1198	0.1072	0.1065	0.1011	0.0992	0.1414	0.1264	0.1120	0.1073	0.0998	0.0997	0.0971	0.0977	0.1157	0.1056	0.0985	0.0993	0.0945	0.0967	0.0940	0.0958	0.1047	0.1012	0.0950	0.0962	0.0934	0.0960	0.0923	0.0942	
0.6318	0.5847	0.4643	0.3726	0.2819	0.2519	0.1940	0.1655	0.5512	0.4829	0.3868	0.3059	0.2386	0.2086	0.1793	0.1471	0.4148	0.3432	0.2737	0.2259	0.1817	0.1492	0.1390	0.1268	0.3364	0.2729	0.2002	0.1767	0.1479	0.1270	0.1201	0.1139	0.1796	0.1432	0.1171	0.1131	0.0993	0.0983	0.0928	0.0907	0.1393	0.1201	0.1059	0.1000	0.0923	0.0907	0.0899	0.0891	0.1117	0.0972	0.0910	0.0903	0.0874	0.0875	0.0867	0.0873	0.0986	0.0912	0.0871	0.0869	0.0855	0.0858	0.0846	0.0852	
0.6568	0.6126	0.4917	0.3975	0.2938	0.2650	0.2034	0.1719	0.5744	0.5066	0.4043	0.3260	0.2500	0.2173	0.1870	0.1508	0.4339	0.3662	0.2894	0.2363	0.1889	0.1540	0.1428	0.1273	0.3527	0.2902	0.2098	0.1840	0.1525	0.1298	0.1233	0.1147	0.1975	0.1557	0.1252	0.1216	0.1051	0.1043	0.0955	0.0951	0.1517	0.1292	0.1151	0.1053	0.0984	0.0956	0.0949	0.0925	0.1206	0.1034	0.0974	0.0942	0.0920	0.0907	0.0917	0.0904	0.1057	0.0962	0.0924	0.0909	0.0891	0.0902	0.0898	0.0896	
0.6845	0.6377	0.5186	0.4176	0.3084	0.2734	0.2106	0.1780	0.6063	0.5369	0.4294	0.3433	0.2631	0.2284	0.1922	0.1552	0.4602	0.3857	0.3078	0.2483	0.1971	0.1589	0.1459	0.1301	0.3741	0.3076	0.2196	0.1914	0.1563	0.1321	0.1227	0.1166	0.2126	0.1655	0.1295	0.1277	0.1082	0.1071	0.0995	0.0981	0.1617	0.1351	0.1184	0.1090	0.1007	0.0986	0.0968	0.0956	0.1256	0.1084	0.0984	0.0974	0.0935	0.0938	0.0932	0.0941	0.1090	0.1000	0.0934	0.0934	0.0917	0.0923	0.0912	0.0917	
0.7038	0.6539	0.5460	0.4407	0.3238	0.2896	0.2180	0.1833	0.6258	0.5624	0.4543	0.3626	0.2762	0.2386	0.2007	0.1587	0.4777	0.4035	0.3233	0.2620	0.2059	0.1640	0.1493	0.1329	0.3928	0.3234	0.2310	0.2004	0.1612	0.1348	0.1248	0.1181	0.2246	0.1732	0.1351	0.1300	0.1099	0.1065	0.0987	0.0975	0.1694	0.1410	0.1202	0.1103	0.1012	0.0974	0.0956	0.0955	0.1284	0.1088	0.0994	0.0971	0.0929	0.0928	0.0920	0.0931	0.1099	0.1010	0.0935	0.0931	0.0911	0.0920	0.0905	0.0912	
0.7248	0.6754	0.5674	0.4604	0.3410	0.3033	0.2261	0.1888	0.6538	0.5888	0.4786	0.3818	0.2909	0.2492	0.2070	0.1633	0.5099	0.4279	0.3405	0.2748	0.2145	0.1688	0.1544	0.1360	0.4119	0.3409	0.2420	0.2074	0.1655	0.1386	0.1251	0.1196	0.2378	0.1780	0.1380	0.1344	0.1110	0.1088	0.0999	0.0980	0.1815	0.1450	0.1231	0.1132	0.1026	0.0990	0.0969	0.0957	0.1323	0.1108	0.1003	0.0987	0.0949	0.0933	0.0933	0.0929	0.1132	0.1023	0.0940	0.0940	0.0918	0.0918	0.0896	0.0915	
0.7425	0.6983	0.5905	0.4802	0.3566	0.3136	0.2336	0.1938	0.7495	0.6146	0.5056	0.4030	0.3061	0.2613	0.2158	0.1665	0.5383	0.4488	0.3611	0.2894	0.2255	0.1761	0.1572	0.1389	0.4358	0.3603	0.2542	0.2174	0.1712	0.1403	0.1273	0.1211	0.2511	0.1853	0.1424	0.1383	0.1149	0.1111	0.1026	0.1009	0.1861	0.1493	0.1267	0.1159	0.1045	0.1017	0.0984	0.0971	0.1381	0.1138	0.1029	0.1018	0.0957	0.0968	0.0951	0.0955	0.1154	0.1049	0.0963	0.0965	0.0933	0.0952	0.0927	0.0949	
0.7507	0.7178	0.6145	0.5037	0.3733	0.3309	0.2457	0.2011	0.6975	0.6398	0.5255	0.4206	0.3207	0.2748	0.2253	0.1729	0.5605	0.4686	0.3773	0.3023	0.2350	0.1814	0.1635	0.1418	0.4552	0.3761	0.2669	0.2260	0.1770	0.1459	0.1295	0.1230	0.2588	0.1867	0.1386	0.1342	0.1093	0.1037	0.0957	0.0931	0.1885	0.1462	0.1215	0.1095	0.0986	0.0935	0.0916	0.0909	0.1355	0.1067	0.0960	0.0932	0.0885	0.0883	0.0866	0.0865	0.1117	0.0973	0.0896	0.0894	0.0865	0.0866	0.0855	0.0864	
0.7583	0.7334	0.6366	0.5221	0.3880	0.3424	0.2527	0.2055	0.7849	0.6601	0.5476	0.4387	0.3350	0.2841	0.2329	0.1762	0.5864	0.4888	0.3946	0.3198	0.2453	0.1870	0.1684	0.1446	0.4757	0.3990	0.2784	0.2370	0.1827	0.1483	0.1322	0.1239	0.2780	0.2002	0.1475	0.1410	0.1114	0.1081	0.0959	0.0940	0.2015	0.1555	0.1284	0.1113	0.1000	0.0947	0.0928	0.0912	0.1434	0.1104	0.0995	0.0943	0.0906	0.0892	0.0889	0.0879	0.1146	0.0984	0.0912	0.0897	0.0882	0.0872	0.0864	0.0865	
0.7614	0.7465	0.6572	0.5450	0.4061	0.3591	0.2627	0.2124	0.7222	0.6816	0.5751	0.4601	0.3529	0.2974	0.2416	0.1807	0.6133	0.5121	0.4145	0.3379	0.2574	0.1955	0.1737	0.1486	0.4991	0.4155	0.2949	0.2455	0.1889	0.1523	0.1346	0.1253	0.2969	0.2130	0.1558	0.1486	0.1161	0.1107	0.0981	0.0966	0.2133	0.1647	0.1350	0.1159	0.1036	0.0984	0.0965	0.0924	0.1529	0.1154	0.1024	0.0981	0.0926	0.0918	0.0917	0.0901	0.1210	0.1034	0.0936	0.0925	0.0899	0.0891	0.0890	0.0885	
0.7690	0.7584	0.6782	0.5655	0.4257	0.3724	0.2740	0.2183	0.8049	0.6991	0.5914	0.4786	0.3675	0.3096	0.2513	0.1858	0.6366	0.5344	0.4302	0.3528	0.2683	0.2019	0.1772	0.1511	0.5183	0.4354	0.3072	0.2576	0.1960	0.1572	0.1358	0.1274	0.3126	0.2238	0.1618	0.1540	0.1192	0.1137	0.0992	0.0979	0.2253	0.1704	0.1396	0.1206	0.1059	0.0985	0.0968	0.0945	0.1589	0.1191	0.1043	0.0993	0.0933	0.0926	0.0919	0.0924	0.1243	0.1052	0.0950	0.0932	0.0905	0.0909	0.0898	0.0898	
0.7678	0.7649	0.6958	0.5830	0.4419	0.3899	0.2846	0.2242	0.7829	0.7162	0.6148	0.4988	0.3835	0.3223	0.2635	0.1910	0.6566	0.5540	0.4540	0.3672	0.2798	0.2107	0.1852	0.1539	0.5393	0.4534	0.3234	0.2705	0.2024	0.1610	0.1387	0.1284	0.3265	0.2351	0.1701	0.1597	0.1245	0.1166	0.1008	0.0980	0.2422	0.1786	0.1451	0.1234	0.1080	0.1006	0.0975	0.0952	0.1659	0.1227	0.1055	0.1019	0.0942	0.0934	0.0923	0.0924	0.1285	0.1084	0.0954	0.0942	0.0913	0.0920	0.0894	0.0912	
0.7748	0.7717	0.7106	0.6083	0.4608	0.4055	0.2945	0.2307	0.7402	0.7224	0.6361	0.5184	0.4041	0.3381	0.2755	0.1972	0.6727	0.5725	0.4687	0.3833	0.2935	0.2176	0.1902	0.1570	0.5647	0.4720	0.3416	0.2840	0.2113	0.1658	0.1442	0.1319	0.3474	0.2457	0.1746	0.1649	0.1262	0.1161	0.1018	0.0982	0.2515	0.1855	0.1485	0.1265	0.1076	0.1010	0.0961	0.0953	0.1733	0.1254	0.1065	0.1025	0.0934	0.0941	0.0922	0.0920	0.1317	0.1098	0.0953	0.0950	0.0910	0.0918	0.0886	0.0903	
0.7774	0.7770	0.7284	0.6258	0.4781	0.4190	0.3052	0.2381	0.7408	0.7330	0.6574	0.5378	0.4200	0.3517	0.2851	0.2038	0.6790	0.5954	0.4892	0.4000	0.3055	0.2260	0.1954	0.1628	0.5856	0.4926	0.3515	0.2982	0.2194	0.1715	0.1444	0.1334	0.3627	0.2539	0.1784	0.1688	0.1283	0.1152	0.1038	0.0972	0.2613	0.1917	0.1514	0.1258	0.1078	0.1014	0.0969	0.0946	0.1785	0.1245	0.1073	0.1021	0.0937	0.0937	0.0911	0.0923	0.1347	0.1100	0.0957	0.0946	0.0910	0.0921	0.0890	0.0910	
0.7783	0.7770	0.7349	0.6467	0.4970	0.4358	0.3177	0.2449	0.7438	0.7353	0.6739	0.5563	0.4359	0.3631	0.2953	0.2094	0.6883	0.6144	0.5066	0.4198	0.3197	0.2322	0.1994	0.1660	0.6085	0.5154	0.3671	0.3095	0.2271	0.1767	0.1483	0.1351	0.3823	0.2687	0.1862	0.1753	0.1275	0.1156	0.0966	0.0944	0.2755	0.1978	0.1590	0.1280	0.1080	0.0975	0.0952	0.0908	0.1874	0.1259	0.1069	0.0987	0.0920	0.0894	0.0887	0.0879	0.1384	0.1068	0.0937	0.0909	0.0887	0.0862	0.0867	0.0856	
0.7834	0.7761	0.7416	0.6633	0.5145	0.4471	0.3250	0.2520	0.7438	0.7347	0.6898	0.5782	0.4533	0.3776	0.3096	0.2144	0.6918	0.6343	0.5263	0.4311	0.3317	0.2442	0.2071	0.1695	0.6265	0.5297	0.3823	0.3213	0.2348	0.1813	0.1497	0.1374	0.4004	0.2853	0.2001	0.1852	0.1340	0.1206	0.1019	0.0977	0.2936	0.2125	0.1675	0.1347	0.1134	0.1026	0.0976	0.0943	0.1987	0.1348	0.1115	0.1051	0.0945	0.0933	0.0925	0.0923	0.1466	0.1143	0.0967	0.0955	0.0907	0.0910	0.0887	0.0900	
0.7855	0.7797	0.7487	0.6818	0.5337	0.4630	0.3381	0.2578	0.7459	0.7424	0.7005	0.5945	0.4672	0.3943	0.3189	0.2210	0.6968	0.6529	0.5484	0.4478	0.3449	0.2536	0.2121	0.1751	0.6412	0.5505	0.4021	0.3354	0.2444	0.1879	0.1546	0.1409	0.4245	0.3001	0.2094	0.1946	0.1390	0.1254	0.1033	0.1001	0.3102	0.2237	0.1736	0.1389	0.1155	0.1028	0.0992	0.0952	0.2091	0.1396	0.1141	0.1065	0.0958	0.0945	0.0930	0.0932	0.1527	0.1174	0.0979	0.0957	0.0920	0.0916	0.0897	0.0911	
0.7830	0.7784	0.7499	0.6963	0.5484	0.4725	0.3454	0.2677	0.7471	0.7434	0.7060	0.6121	0.4861	0.4044	0.3253	0.2265	0.6998	0.6651	0.5669	0.4644	0.3644	0.2601	0.2191	0.1796	0.6480	0.5709	0.4159	0.3484	0.2520	0.1922	0.1574	0.1423	0.4442	0.3147	0.2173	0.2006	0.1426	0.1272	0.1039	0.1000	0.3242	0.2335	0.1804	0.1438	0.1166	0.1032	0.0982	0.0953	0.2167	0.1428	0.1160	0.1074	0.0954	0.0944	0.0918	0.0928	0.1569	0.1194	0.0980	0.0959	0.0919	0.0914	0.0898	0.0908	
0.7892	0.7817	0.7536	0.7091	0.5624	0.4815	0.3652	0.2847	0.7546	0.7460	0.7115	0.6338	0.5004	0.4186	0.3498	0.2387	0.7118	0.6766	0.5877	0.4818	0.3761	0.2697	0.2391	0.1956	0.6565	0.5903	0.4335	0.3608	0.2606	0.1983	0.1700	0.1534	0.4700	0.3282	0.2244	0.2087	0.1478	0.1304	0.1047	0.1002	0.3403	0.2466	0.1868	0.1479	0.1189	0.1049	0.0986	0.0946	0.2294	0.1476	0.1168	0.1088	0.0958	0.0949	0.0925	0.0929	0.1637	0.1233	0.0992	0.0971	0.0916	0.0913	0.0901	0.0899	
0.7928	0.7814	0.7564	0.7199	0.5822	0.4979	0.3615	0.2737	0.7488	0.7507	0.7075	0.6502	0.5122	0.4286	0.3414	0.2350	0.7050	0.6851	0.6026	0.5051	0.3834	0.2761	0.2288	0.1845	0.6630	0.6082	0.4452	0.3724	0.2666	0.2016	0.1681	0.1427	0.4843	0.3369	0.2322	0.2162	0.1500	0.1319	0.1080	0.1022	0.3543	0.2515	0.1909	0.1518	0.1212	0.1076	0.1008	0.0977	0.2360	0.1506	0.1192	0.1112	0.0978	0.0976	0.0943	0.0957	0.1655	0.1255	0.1014	0.0998	0.0950	0.0954	0.0915	0.0935	
0.7925	0.7827	0.7539	0.7321	0.5953	0.5127	0.3755	0.2839	0.7549	0.7500	0.7140	0.6654	0.5347	0.4474	0.3550	0.2454	0.7083	0.6890	0.6209	0.5191	0.4037	0.2919	0.2436	0.1920	0.6599	0.6235	0.4638	0.3906	0.2808	0.2129	0.1677	0.1497	0.5018	0.3444	0.2369	0.2182	0.1480	0.1268	0.1009	0.0937	0.3661	0.2563	0.1942	0.1473	0.1138	0.0995	0.0929	0.0894	0.2418	0.1475	0.1147	0.1030	0.0897	0.0899	0.0868	0.0864	0.1672	0.1187	0.0941	0.0911	0.0872	0.0870	0.0845	0.0847	
0.7994	0.7891	0.7577	0.7413	0.6025	0.5255	0.3874	0.2896	0.7599	0.7590	0.7216	0.6789	0.5421	0.4573	0.3664	0.2498	0.7187	0.6952	0.6370	0.5377	0.4171	0.3006	0.2499	0.1985	0.6701	0.6410	0.4877	0.4044	0.2914	0.2197	0.1737	0.1533	0.5183	0.3656	0.2508	0.2275	0.1537	0.1305	0.1016	0.0968	0.3863	0.2736	0.2072	0.1539	0.1196	0.1021	0.0962	0.0915	0.2552	0.1564	0.1192	0.1064	0.0928	0.0893	0.0887	0.0885	0.1776	0.1217	0.0965	0.0923	0.0884	0.0860	0.0861	0.0857	
0.7978	0.7885	0.7565	0.7468	0.6172	0.5330	0.3922	0.2935	0.7613	0.7526	0.7153	0.6877	0.5555	0.4682	0.3797	0.2551	0.7150	0.6948	0.6471	0.5518	0.4263	0.3082	0.2559	0.2028	0.6758	0.6479	0.4974	0.4196	0.3019	0.2274	0.1820	0.1563	0.5291	0.3853	0.2644	0.2417	0.1610	0.1382	0.1045	0.0996	0.4054	0.2885	0.2170	0.1620	0.1252	0.1051	0.0990	0.0934	0.2720	0.1628	0.1244	0.1102	0.0952	0.0934	0.0915	0.0904	0.1861	0.1293	0.1000	0.0955	0.0907	0.0894	0.0888	0.0884	
0.8015	0.7889	0.7580	0.7483	0.6314	0.5494	0.4009	0.3010	0.7615	0.7548	0.7197	0.6988	0.5727	0.4774	0.3926	0.2619	0.7171	0.7005	0.6543	0.5689	0.4339	0.3193	0.2725	0.2076	0.6780	0.6538	0.5161	0.4342	0.3145	0.2353	0.1807	0.1607	0.5333	0.4009	0.2751	0.2520	0.1682	0.1426	0.1079	0.1019	0.4224	0.3023	0.2264	0.1694	0.1293	0.1092	0.0990	0.0952	0.2867	0.1715	0.1289	0.1141	0.0971	0.0962	0.0923	0.0919	0.1958	0.1347	0.1019	0.0980	0.0923	0.0920	0.0894	0.0903	
0.8058	0.7877	0.7599	0.7514	0.6473	0.5688	0.4048	0.3062	0.7645	0.7556	0.7193	0.7064	0.5922	0.4860	0.4032	0.2665	0.7203	0.7006	0.6595	0.5828	0.4455	0.3258	0.2818	0.2132	0.6780	0.6544	0.5337	0.4501	0.3250	0.2430	0.1863	0.1633	0.5398	0.4142	0.2872	0.2638	0.1754	0.1469	0.1125	0.1050	0.4397	0.3147	0.2375	0.1756	0.1333	0.1119	0.1016	0.0977	0.2978	0.1778	0.1321	0.1180	0.0997	0.0996	0.0949	0.0962	0.2016	0.1404	0.1053	0.1019	0.0948	0.0958	0.0916	0.0943	
0.8094	0.7896	0.7615	0.7527	0.6652	0.5880	0.4176	0.3112	0.7647	0.7591	0.7222	0.7082	0.6096	0.5083	0.4134	0.2700	0.7216	0.7006	0.6656	0.6000	0.4661	0.3318	0.2885	0.2185	0.6789	0.6618	0.5510	0.4653	0.3364	0.2511	0.1896	0.1678	0.5428	0.4273	0.2957	0.2729	0.1773	0.1440	0.1046	0.0961	0.4556	0.3242	0.2439	0.1770	0.1281	0.1051	0.0966	0.0907	0.3087	0.1789	0.1302	0.1117	0.0941	0.0896	0.0889	0.0872	0.2062	0.1365	0.0999	0.0939	0.0888	0.0862	0.0864	0.0851	
0.8085	0.7942	0.7649	0.7518	0.6738	0.6024	0.4321	0.3170	0.7698	0.7613	0.7211	0.7089	0.6204	0.5175	0.4252	0.2764	0.7258	0.7065	0.6635	0.6190	0.4765	0.3399	0.2977	0.2241	0.6829	0.6649	0.5677	0.4786	0.3460	0.2597	0.1965	0.1706	0.5580	0.4436	0.3069	0.2854	0.1857	0.1512	0.1082	0.1012	0.4804	0.3433	0.2570	0.1851	0.1352	0.1096	0.0990	0.0938	0.3247	0.1900	0.1371	0.1164	0.0961	0.0936	0.0906	0.0899	0.2176	0.1438	0.1031	0.0969	0.0917	0.0890	0.0874	0.0880	
0.8181	0.7984	0.7660	0.7510	0.6878	0.6144	0.4476	0.3240	0.7723	0.7675	0.7249	0.7117	0.6398	0.5339	0.4371	0.2795	0.7308	0.7069	0.6689	0.6328	0.4929	0.3504	0.2999	0.2312	0.6866	0.6636	0.5896	0.4967	0.3580	0.2692	0.2028	0.1743	0.5627	0.4636	0.3260	0.2991	0.1933	0.1579	0.1110	0.1044	0.4947	0.3604	0.2697	0.1924	0.1384	0.1126	0.1009	0.0967	0.3421	0.1994	0.1423	0.1221	0.0981	0.0980	0.0931	0.0927	0.2309	0.1500	0.1055	0.1000	0.0915	0.0919	0.0893	0.0900	
0.8157	0.7939	0.7659	0.7533	0.6919	0.6301	0.4563	0.3274	0.7714	0.7637	0.7226	0.7128	0.6504	0.5494	0.4481	0.2845	0.7227	0.7068	0.6685	0.6431	0.5069	0.3597	0.3060	0.2326	0.6914	0.6672	0.6026	0.5096	0.3694	0.2776	0.2083	0.1768	0.5579	0.4654	0.3254	0.3006	0.2007	0.1609	0.1123	0.1028	0.5002	0.3697	0.2737	0.1992	0.1417	0.1136	0.0998	0.0939	0.3518	0.2059	0.1443	0.1224	0.0969	0.0963	0.0913	0.0919	0.2358	0.1547	0.1051	0.1003	0.0923	0.0912	0.0885	0.0889	
0.8175	0.7966	0.7672	0.7526	0.6939	0.6428	0.4722	0.3354	0.7727	0.7636	0.7248	0.7160	0.6548	0.5623	0.4614	0.2858	0.7321	0.7138	0.6683	0.6461	0.5231	0.3710	0.3132	0.2400	0.6916	0.6673	0.6098	0.5280	0.3774	0.2881	0.2145	0.1806	0.5543	0.4850	0.3466	0.3103	0.2047	0.1621	0.1144	0.1055	0.5043	0.3762	0.2791	0.2024	0.1440	0.1155	0.1017	0.0974	0.3663	0.2101	0.1477	0.1244	0.0985	0.0985	0.0933	0.0943	0.2462	0.1553	0.1080	0.1020	0.0934	0.0943	0.0901	0.0923	
0.8210	0.8018	0.7666	0.7547	0.6953	0.6533	0.4854	0.3443	0.7764	0.7663	0.7281	0.7153	0.6590	0.5711	0.4746	0.2956	0.7320	0.7114	0.6722	0.6597	0.5367	0.3798	0.3247	0.2485	0.6956	0.6691	0.6265	0.5442	0.3891	0.2968	0.2208	0.1877	0.5545	0.5044	0.3614	0.3178	0.2106	0.1639	0.1086	0.0995	0.5132	0.3920	0.2924	0.2120	0.1448	0.1096	0.0980	0.0903	0.3793	0.2173	0.1489	0.1221	0.0939	0.0914	0.0872	0.0859	0.2541	0.1555	0.1041	0.0957	0.0887	0.0856	0.0847	0.0849	
0.8252	0.7993	0.7672	0.7570	0.6995	0.6639	0.4946	0.3441	0.7806	0.7678	0.7294	0.7188	0.6621	0.5856	0.4831	0.2981	0.7369	0.7112	0.6717	0.6603	0.5481	0.3915	0.3305	0.2514	0.7008	0.6722	0.6288	0.5626	0.3969	0.3053	0.2262	0.1913	0.5633	0.5200	0.3775	0.3390	0.2234	0.1718	0.1140	0.1034	0.5202	0.4079	0.3089	0.2228	0.1520	0.1161	0.1015	0.0934	0.3967	0.2333	0.1562	0.1278	0.0985	0.0953	0.0911	0.0901	0.2676	0.1653	0.1087	0.0996	0.0910	0.0891	0.0884	0.0889	
0.8295	0.8021	0.7692	0.7568	0.6987	0.6732	0.5026	0.3533	0.7838	0.7680	0.7287	0.7193	0.6668	0.5982	0.4940	0.3064	0.7405	0.7125	0.6771	0.6662	0.5615	0.4014	0.3425	0.2572	0.7058	0.6748	0.6334	0.5762	0.4150	0.3136	0.2330	0.1950	0.5719	0.5235	0.3852	0.3600	0.2320	0.1771	0.1169	0.1058	0.5254	0.4196	0.3167	0.2310	0.1576	0.1205	0.1028	0.0960	0.4143	0.2431	0.1643	0.1327	0.1000	0.0984	0.0913	0.0920	0.2841	0.1741	0.1108	0.1014	0.0932	0.0922	0.0886	0.0895	
0.8303	0.8032	0.7703	0.7566	0.6949	0.6742	0.5131	0.3565	0.7818	0.7686	0.7316	0.7162	0.6615	0.6110	0.5102	0.3096	0.7412	0.7138	0.6758	0.6641	0.5720	0.4096	0.3482	0.2616	0.7037	0.6756	0.6312	0.5901	0.4211	0.3225	0.2371	0.1985	0.5719	0.5254	0.3953	0.3716	0.2378	0.1824	0.1213	0.1097	0.5276	0.4305	0.3257	0.2384	0.1610	0.1241	0.1046	0.0989	0.4268	0.2476	0.1666	0.1375	0.1015	0.1013	0.0943	0.0957	0.2915	0.1793	0.1133	0.1067	0.0963	0.0949	0.0915	0.0937	
0.8324	0.8045	0.7724	0.7593	0.6984	0.6745	0.5243	0.3648	0.7872	0.7735	0.7343	0.7197	0.6611	0.6287	0.5227	0.3163	0.7447	0.7198	0.6789	0.6678	0.5849	0.4171	0.3576	0.2669	0.7109	0.6807	0.6354	0.6076	0.4392	0.3347	0.2462	0.2033	0.5615	0.5358	0.4114	0.3694	0.2410	0.1792	0.1136	0.1006	0.5215	0.4421	0.3418	0.2397	0.1594	0.1156	0.0967	0.0889	0.4325	0.2481	0.1658	0.1298	0.0943	0.0911	0.0875	0.0849	0.2956	0.1760	0.1070	0.0969	0.0863	0.0854	0.0837	0.0828	
0.8336	0.8047	0.7752	0.7579	0.6978	0.6735	0.5399	0.3713	0.7882	0.7726	0.7325	0.7167	0.6654	0.6424	0.5353	0.3172	0.7461	0.7211	0.6771	0.6654	0.5963	0.4278	0.3650	0.2727	0.7634	0.6782	0.6316	0.6169	0.4491	0.3417	0.2519	0.2096	0.5712	0.5527	0.4338	0.3898	0.2548	0.1928	0.1183	0.1054	0.5318	0.4726	0.3618	0.2541	0.1708	0.1220	0.1022	0.0939	0.4570	0.2652	0.1765	0.1377	0.1001	0.0953	0.0911	0.0890	0.3184	0.1858	0.1133	0.1013	0.0919	0.0883	0.0880	0.0876	
0.8385	0.8041	0.7731	0.7555	0.6979	0.6762	0.5464	0.3764	0.7910	0.7755	0.7359	0.7181	0.6671	0.6572	0.5418	0.3223	0.7434	0.7205	0.6817	0.6690	0.6119	0.4399	0.3738	0.2789	0.7122	0.6826	0.6373	0.6192	0.4567	0.3501	0.2584	0.2148	0.5731	0.5489	0.4448	0.4026	0.2614	0.2001	0.1230	0.1090	0.5359	0.4779	0.3719	0.2645	0.1752	0.1256	0.1048	0.0962	0.4703	0.2781	0.1839	0.1445	0.1028	0.0992	0.0927	0.0920	0.3299	0.1974	0.1169	0.1069	0.0936	0.0918	0.0898	0.0903	
