0.0919	0.0920	0.0921	0.0919	0.0913	0.0944	0.0919	0.0924	0.0926	0.0911	0.0928	0.0932	0.0938	0.0927	0.0933	0.0926	0.0926	0.0921	0.0936	0.0925	0.0936	0.0929	0.0932	0.0939	0.0938	0.0931	0.0936	0.0923	0.0931	0.0924	0.0928	0.0924	0.0945	0.0919	0.0931	0.0940	0.0925	0.0930	0.0931	0.0928	0.0919	0.0932	0.0927	0.0926	0.0932	0.0924	0.0930	0.0920	0.0939	0.0911	0.0925	0.0925	0.0935	0.0930	0.0936	0.0923	0.0931	0.0912	0.0924	0.0927	0.0931	0.0931	0.0943	0.0922	
0.0935	0.0926	0.0930	0.0936	0.0924	0.0938	0.0934	0.0937	0.0930	0.0916	0.0927	0.0951	0.0939	0.0935	0.0947	0.0944	0.0928	0.0928	0.0945	0.0934	0.0943	0.0934	0.0940	0.0939	0.0936	0.0932	0.0944	0.0924	0.0933	0.0939	0.0934	0.0931	0.0941	0.0923	0.0929	0.0937	0.0933	0.0931	0.0938	0.0935	0.0920	0.0930	0.0934	0.0938	0.0930	0.0927	0.0938	0.0931	0.0939	0.0923	0.0939	0.0936	0.0940	0.0936	0.0935	0.0936	0.0930	0.0921	0.0929	0.0932	0.0937	0.0931	0.0948	0.0925	
0.0934	0.0926	0.0929	0.0933	0.0926	0.0938	0.0942	0.0942	0.0928	0.0921	0.0929	0.0941	0.0942	0.0936	0.0953	0.0944	0.0931	0.0927	0.0948	0.0941	0.0946	0.0931	0.0946	0.0940	0.0939	0.0930	0.0946	0.0926	0.0935	0.0937	0.0936	0.0935	0.0943	0.0923	0.0934	0.0939	0.0935	0.0930	0.0944	0.0931	0.0921	0.0926	0.0931	0.0935	0.0933	0.0926	0.0939	0.0931	0.0935	0.0926	0.0936	0.0938	0.0943	0.0934	0.0937	0.0937	0.0932	0.0924	0.0927	0.0930	0.0938	0.0932	0.0945	0.0923	
0.0940	0.0927	0.0932	0.0935	0.0935	0.0939	0.0938	0.0941	0.0933	0.0921	0.0931	0.0943	0.0945	0.0940	0.0958	0.0938	0.0935	0.0930	0.0950	0.0939	0.0950	0.0938	0.0952	0.0942	0.0940	0.0937	0.0949	0.0928	0.0935	0.0936	0.0940	0.0938	0.0942	0.0925	0.0939	0.0941	0.0943	0.0936	0.0946	0.0939	0.0924	0.0927	0.0935	0.0938	0.0932	0.0928	0.0945	0.0929	0.0943	0.0930	0.0940	0.0935	0.0948	0.0939	0.0943	0.0935	0.0932	0.0927	0.0933	0.0935	0.0943	0.0936	0.0948	0.0928	
0.0938	0.0926	0.0933	0.0932	0.0929	0.0937	0.0949	0.0938	0.0933	0.0922	0.0933	0.0955	0.0946	0.0937	0.0958	0.0943	0.0935	0.0930	0.0951	0.0940	0.0952	0.0934	0.0953	0.0941	0.0940	0.0937	0.0948	0.0931	0.0937	0.0964	0.0940	0.0936	0.0942	0.0925	0.0937	0.0942	0.0940	0.0932	0.0944	0.0935	0.0923	0.0928	0.0935	0.0936	0.0939	0.0929	0.0948	0.0931	0.0944	0.0930	0.0939	0.0937	0.0942	0.0936	0.0937	0.0935	0.0933	0.0923	0.0929	0.0936	0.0943	0.0938	0.0948	0.0927	
0.0945	0.0928	0.0936	0.0933	0.0940	0.0938	0.0944	0.0939	0.0937	0.0921	0.0935	0.0957	0.0951	0.0940	0.0957	0.0934	0.0938	0.0931	0.0954	0.0939	0.0949	0.0943	0.0949	0.0944	0.0943	0.0934	0.0951	0.0930	0.0938	0.0968	0.0941	0.0936	0.0944	0.0927	0.0937	0.0944	0.0947	0.0936	0.0949	0.0939	0.0926	0.0929	0.0935	0.0938	0.0937	0.0929	0.0949	0.0934	0.0943	0.0930	0.0944	0.0938	0.0949	0.0939	0.0940	0.0935	0.0932	0.0931	0.0932	0.0935	0.0947	0.0935	0.0952	0.0929	
0.0946	0.0932	0.0943	0.0935	0.0935	0.0938	0.0944	0.0936	0.0940	0.0921	0.0939	0.0945	0.0946	0.0940	0.0954	0.0935	0.0940	0.0932	0.0955	0.0939	0.0951	0.0936	0.0948	0.0945	0.0943	0.0934	0.0951	0.0932	0.0940	0.0966	0.0941	0.0938	0.0947	0.0928	0.0935	0.0945	0.0945	0.0938	0.0944	0.0937	0.0928	0.0930	0.0936	0.0938	0.0934	0.0928	0.0943	0.0932	0.0941	0.0927	0.0943	0.0939	0.0950	0.0942	0.0939	0.0935	0.0936	0.0927	0.0935	0.0939	0.0945	0.0935	0.0948	0.0929	
0.0941	0.0929	0.0936	0.0937	0.0934	0.0941	0.0950	0.0939	0.0934	0.0921	0.0936	0.0942	0.0947	0.0940	0.0960	0.0951	0.0938	0.0931	0.0953	0.0943	0.0951	0.0939	0.0954	0.0947	0.0940	0.0933	0.0950	0.0929	0.0938	0.0975	0.0941	0.0939	0.0946	0.0928	0.0935	0.0943	0.0947	0.0935	0.0949	0.0942	0.0928	0.0929	0.0935	0.0940	0.0935	0.0931	0.0951	0.0931	0.0944	0.0930	0.0946	0.0940	0.0946	0.0941	0.0939	0.0940	0.0935	0.0926	0.0931	0.0935	0.0944	0.0932	0.0946	0.0928	
0.0947	0.0930	0.0933	0.0937	0.0938	0.0945	0.0955	0.0942	0.0940	0.0924	0.0936	0.0942	0.0950	0.0940	0.0959	0.0934	0.0942	0.0934	0.0957	0.0942	0.0953	0.0940	0.0954	0.0949	0.0946	0.0935	0.0952	0.0936	0.0942	0.0960	0.0942	0.0940	0.0948	0.0931	0.0940	0.0945	0.0947	0.0941	0.0950	0.0939	0.0928	0.0933	0.0934	0.0940	0.0936	0.0930	0.0946	0.0936	0.0947	0.0931	0.0950	0.0940	0.0949	0.0942	0.0943	0.0937	0.0941	0.0932	0.0936	0.0937	0.0949	0.0940	0.0950	0.0929	
0.0947	0.0934	0.0942	0.0935	0.0939	0.0940	0.0955	0.0941	0.0940	0.0925	0.0939	0.0948	0.0949	0.0943	0.0960	0.0948	0.0940	0.0936	0.0958	0.0945	0.0953	0.0942	0.0956	0.0948	0.0945	0.0938	0.0951	0.0935	0.0943	0.0976	0.0944	0.0943	0.0950	0.0931	0.0944	0.0952	0.0944	0.0941	0.0950	0.0941	0.0928	0.0934	0.0940	0.0946	0.0938	0.0932	0.0946	0.0934	0.0949	0.0932	0.0947	0.0941	0.0949	0.0941	0.0943	0.0942	0.0941	0.0931	0.0936	0.0940	0.0949	0.0940	0.0949	0.0932	
0.0949	0.0931	0.0933	0.0940	0.0938	0.0942	0.0946	0.0941	0.0940	0.0925	0.0938	0.0944	0.0949	0.0941	0.0957	0.0947	0.0942	0.0935	0.0957	0.0946	0.0953	0.0942	0.0953	0.0949	0.0946	0.0937	0.0949	0.0934	0.0943	0.0969	0.0944	0.0939	0.0948	0.0932	0.0940	0.0948	0.0944	0.0944	0.0946	0.0939	0.0932	0.0933	0.0938	0.0944	0.0938	0.0931	0.0950	0.0935	0.0946	0.0932	0.0946	0.0940	0.0947	0.0947	0.0944	0.0938	0.0942	0.0933	0.0940	0.0940	0.0948	0.0942	0.0947	0.0935	
0.0949	0.0929	0.0943	0.0938	0.0939	0.0942	0.0951	0.0939	0.0941	0.0924	0.0939	0.0942	0.0947	0.0939	0.0957	0.0946	0.0942	0.0933	0.0957	0.0946	0.0951	0.0940	0.0950	0.0945	0.0945	0.0937	0.0951	0.0933	0.0939	0.0969	0.0943	0.0941	0.0948	0.0931	0.0936	0.0950	0.0941	0.0938	0.0951	0.0938	0.0931	0.0934	0.0939	0.0943	0.0935	0.0933	0.0945	0.0935	0.0948	0.0931	0.0948	0.0945	0.0947	0.0944	0.0945	0.0940	0.0942	0.0933	0.0936	0.0942	0.0945	0.0935	0.0950	0.0927	
0.0948	0.0932	0.0944	0.0939	0.0939	0.0942	0.0951	0.0944	0.0941	0.0926	0.0941	0.0946	0.0950	0.0942	0.0966	0.0937	0.0942	0.0935	0.0958	0.0944	0.0957	0.0943	0.0954	0.0946	0.0947	0.0938	0.0956	0.0934	0.0943	0.0977	0.0949	0.0941	0.0951	0.0932	0.0939	0.0947	0.0946	0.0939	0.0950	0.0944	0.0932	0.0935	0.0938	0.0943	0.0939	0.0935	0.0948	0.0934	0.0952	0.0933	0.0947	0.0941	0.0950	0.0939	0.0944	0.0942	0.0942	0.0930	0.0937	0.0941	0.0950	0.0938	0.0951	0.0935	
0.0949	0.0932	0.0949	0.0941	0.0939	0.0944	0.0956	0.0943	0.0948	0.0928	0.0944	0.0949	0.0952	0.0945	0.0966	0.0949	0.0944	0.0941	0.0962	0.0948	0.0957	0.0941	0.0956	0.0951	0.0951	0.0942	0.0954	0.0937	0.0942	0.0974	0.0951	0.0941	0.0953	0.0933	0.0941	0.0948	0.0949	0.0942	0.0952	0.0944	0.0935	0.0937	0.0943	0.0949	0.0938	0.0937	0.0950	0.0937	0.0954	0.0937	0.0948	0.0949	0.0950	0.0944	0.0943	0.0941	0.0943	0.0932	0.0940	0.0944	0.0952	0.0942	0.0953	0.0935	
0.0950	0.0935	0.0946	0.0944	0.0941	0.0944	0.0952	0.0947	0.0943	0.0929	0.0944	0.0957	0.0954	0.0945	0.0968	0.0941	0.0946	0.0938	0.0961	0.0947	0.0957	0.0944	0.0957	0.0948	0.0953	0.0943	0.0955	0.0937	0.0942	0.0975	0.0949	0.0946	0.0952	0.0934	0.0942	0.0954	0.0948	0.0943	0.0952	0.0939	0.0935	0.0938	0.0941	0.0946	0.0940	0.0933	0.0948	0.0937	0.0956	0.0932	0.0949	0.0951	0.0953	0.0946	0.0946	0.0943	0.0946	0.0934	0.0942	0.0945	0.0951	0.0941	0.0953	0.0932	
0.0953	0.0938	0.0947	0.0946	0.0944	0.0944	0.0954	0.0946	0.0947	0.0931	0.0944	0.0946	0.0955	0.0944	0.0968	0.0940	0.0946	0.0942	0.0963	0.0946	0.0957	0.0944	0.0956	0.0955	0.0952	0.0944	0.0957	0.0939	0.0946	0.0973	0.0950	0.0943	0.0954	0.0936	0.0944	0.0954	0.0952	0.0942	0.0953	0.0945	0.0936	0.0934	0.0941	0.0945	0.0940	0.0938	0.0949	0.0940	0.0955	0.0936	0.0952	0.0944	0.0951	0.0947	0.0947	0.0939	0.0947	0.0935	0.0940	0.0944	0.0949	0.0941	0.0957	0.0939	
0.0958	0.0937	0.0952	0.0947	0.0945	0.0950	0.0957	0.0945	0.0950	0.0934	0.0949	0.0952	0.0954	0.0945	0.0971	0.0953	0.0951	0.0942	0.0967	0.0951	0.0959	0.0946	0.0956	0.0955	0.0954	0.0946	0.0959	0.0940	0.0950	0.0974	0.0950	0.0948	0.0957	0.0937	0.0945	0.0955	0.0951	0.0945	0.0955	0.0944	0.0939	0.0939	0.0947	0.0947	0.0941	0.0940	0.0948	0.0942	0.0957	0.0938	0.0956	0.0949	0.0952	0.0948	0.0949	0.0943	0.0946	0.0938	0.0941	0.0948	0.0950	0.0944	0.0955	0.0938	
0.0957	0.0938	0.0945	0.0947	0.0946	0.0950	0.0948	0.0946	0.0949	0.0935	0.0947	0.0956	0.0960	0.0945	0.0973	0.0944	0.0953	0.0944	0.0965	0.0954	0.0962	0.0949	0.0958	0.0952	0.0958	0.0950	0.0961	0.0942	0.0946	0.0971	0.0951	0.0948	0.0960	0.0940	0.0948	0.0953	0.0952	0.0945	0.0958	0.0942	0.0938	0.0941	0.0948	0.0950	0.0943	0.0939	0.0950	0.0937	0.0958	0.0942	0.0953	0.0948	0.0955	0.0945	0.0949	0.0944	0.0948	0.0939	0.0943	0.0948	0.0951	0.0943	0.0955	0.0935	
0.0955	0.0940	0.0954	0.0948	0.0946	0.0949	0.0956	0.0948	0.0948	0.0934	0.0950	0.0962	0.0952	0.0946	0.0971	0.0939	0.0951	0.0944	0.0967	0.0953	0.0959	0.0947	0.0959	0.0950	0.0960	0.0950	0.0959	0.0940	0.0948	0.0976	0.0953	0.0942	0.0959	0.0941	0.0944	0.0954	0.0949	0.0946	0.0953	0.0944	0.0941	0.0943	0.0945	0.0949	0.0943	0.0938	0.0953	0.0935	0.0959	0.0939	0.0947	0.0948	0.0951	0.0942	0.0949	0.0943	0.0949	0.0937	0.0944	0.0944	0.0951	0.0941	0.0953	0.0937	
0.0958	0.0941	0.0957	0.0948	0.0947	0.0953	0.0956	0.0952	0.0952	0.0938	0.0953	0.0959	0.0961	0.0951	0.0969	0.0952	0.0953	0.0947	0.0971	0.0953	0.0966	0.0952	0.0959	0.0954	0.0960	0.0952	0.0962	0.0945	0.0951	0.0978	0.0954	0.0947	0.0959	0.0941	0.0949	0.0953	0.0954	0.0947	0.0956	0.0953	0.0943	0.0944	0.0946	0.0951	0.0941	0.0942	0.0955	0.0941	0.0963	0.0943	0.0954	0.0948	0.0954	0.0949	0.0946	0.0944	0.0954	0.0938	0.0949	0.0949	0.0951	0.0947	0.0953	0.0942	
0.0964	0.0948	0.0963	0.0956	0.0954	0.0957	0.0968	0.0954	0.0960	0.0943	0.0958	0.0970	0.0965	0.0954	0.0976	0.0949	0.0961	0.0952	0.0979	0.0964	0.0969	0.0956	0.0966	0.0964	0.0967	0.0959	0.0971	0.0949	0.0953	0.0975	0.0957	0.0952	0.0969	0.0946	0.0952	0.0961	0.0957	0.0954	0.0961	0.0955	0.0947	0.0953	0.0956	0.0956	0.0949	0.0948	0.0959	0.0945	0.0967	0.0946	0.0958	0.0956	0.0957	0.0951	0.0953	0.0950	0.0959	0.0946	0.0955	0.0954	0.0958	0.0951	0.0960	0.0945	
0.0965	0.0942	0.0948	0.0952	0.0954	0.0951	0.0961	0.0952	0.0957	0.0940	0.0951	0.0963	0.0962	0.0953	0.0970	0.0946	0.0958	0.0946	0.0975	0.0955	0.0964	0.0951	0.0959	0.0955	0.0965	0.0956	0.0963	0.0943	0.0949	0.0982	0.0953	0.0945	0.0963	0.0943	0.0950	0.0955	0.0951	0.0948	0.0957	0.0945	0.0944	0.0945	0.0947	0.0951	0.0942	0.0942	0.0951	0.0942	0.0957	0.0941	0.0953	0.0952	0.0953	0.0945	0.0947	0.0940	0.0955	0.0945	0.0946	0.0947	0.0955	0.0944	0.0954	0.0941	
0.0968	0.0948	0.0961	0.0962	0.0960	0.0961	0.0964	0.0962	0.0964	0.0948	0.0960	0.0968	0.0968	0.0958	0.0981	0.0969	0.0968	0.0959	0.0981	0.0964	0.0972	0.0959	0.0970	0.0961	0.0974	0.0961	0.0971	0.0949	0.0953	0.0971	0.0960	0.0956	0.0973	0.0951	0.0958	0.0965	0.0959	0.0954	0.0965	0.0950	0.0950	0.0954	0.0956	0.0954	0.0952	0.0945	0.0958	0.0945	0.0968	0.0949	0.0960	0.0957	0.0958	0.0953	0.0954	0.0948	0.0959	0.0953	0.0955	0.0955	0.0957	0.0946	0.0954	0.0941	
0.0972	0.0952	0.0968	0.0963	0.0958	0.0959	0.0965	0.0961	0.0969	0.0947	0.0963	0.0970	0.0969	0.0957	0.0983	0.0952	0.0970	0.0959	0.0982	0.0965	0.0974	0.0958	0.0967	0.0964	0.0976	0.0962	0.0970	0.0953	0.0961	0.0987	0.0963	0.0954	0.0972	0.0953	0.0961	0.0962	0.0960	0.0955	0.0962	0.0951	0.0952	0.0957	0.0956	0.0957	0.0949	0.0945	0.0960	0.0946	0.0968	0.0952	0.0960	0.0955	0.0962	0.0952	0.0953	0.0948	0.0957	0.0951	0.0955	0.0956	0.0958	0.0951	0.0957	0.0944	
0.0978	0.0955	0.0972	0.0967	0.0963	0.0964	0.0971	0.0962	0.0970	0.0951	0.0968	0.0970	0.0971	0.0960	0.0981	0.0957	0.0976	0.0959	0.0985	0.0966	0.0976	0.0959	0.0969	0.0962	0.0978	0.0967	0.0975	0.0957	0.0962	0.0981	0.0963	0.0952	0.0975	0.0955	0.0964	0.0967	0.0961	0.0959	0.0964	0.0953	0.0958	0.0957	0.0960	0.0961	0.0951	0.0948	0.0962	0.0945	0.0968	0.0953	0.0963	0.0955	0.0961	0.0955	0.0952	0.0946	0.0961	0.0953	0.0958	0.0957	0.0958	0.0951	0.0954	0.0944	
0.0982	0.0959	0.0977	0.0974	0.0968	0.0966	0.0970	0.0964	0.0978	0.0957	0.0976	0.0977	0.0975	0.0962	0.0985	0.0971	0.0977	0.0964	0.0991	0.0974	0.0978	0.0961	0.0968	0.0967	0.0986	0.0969	0.0978	0.0960	0.0961	0.0979	0.0966	0.0958	0.0981	0.0956	0.0968	0.0974	0.0963	0.0958	0.0966	0.0954	0.0958	0.0960	0.0965	0.0965	0.0957	0.0948	0.0959	0.0947	0.0975	0.0955	0.0967	0.0964	0.0961	0.0960	0.0957	0.0954	0.0962	0.0954	0.0961	0.0960	0.0961	0.0953	0.0957	0.0942	
0.0987	0.0962	0.0980	0.0977	0.0965	0.0967	0.0974	0.0968	0.0981	0.0961	0.0975	0.0991	0.0978	0.0967	0.0991	0.0971	0.0982	0.0972	0.0991	0.0973	0.0980	0.0961	0.0971	0.0971	0.0987	0.0975	0.0985	0.0963	0.0964	0.0991	0.0968	0.0961	0.0987	0.0965	0.0969	0.0972	0.0968	0.0960	0.0965	0.0959	0.0962	0.0963	0.0967	0.0968	0.0957	0.0951	0.0960	0.0950	0.0982	0.0958	0.0969	0.0971	0.0964	0.0959	0.0959	0.0957	0.0964	0.0958	0.0961	0.0962	0.0962	0.0951	0.0959	0.0947	
0.0996	0.0968	0.0985	0.0980	0.0980	0.0975	0.0982	0.0969	0.0989	0.0965	0.0983	0.0985	0.0984	0.0969	0.0990	0.0974	0.0991	0.0976	0.0998	0.0976	0.0982	0.0966	0.0978	0.0972	0.0991	0.0980	0.0989	0.0971	0.0975	0.0985	0.0974	0.0961	0.0992	0.0968	0.0977	0.0979	0.0971	0.0963	0.0970	0.0957	0.0966	0.0973	0.0969	0.0967	0.0958	0.0953	0.0960	0.0952	0.0983	0.0963	0.0976	0.0974	0.0969	0.0960	0.0959	0.0953	0.0967	0.0960	0.0964	0.0961	0.0965	0.0958	0.0960	0.0950	
0.1004	0.0972	0.0989	0.0986	0.0978	0.0977	0.0980	0.0970	0.0996	0.0972	0.0987	0.0994	0.0986	0.0973	0.0989	0.0964	0.0996	0.0980	0.1002	0.0984	0.0985	0.0968	0.0981	0.0975	0.0999	0.0987	0.0994	0.0969	0.0973	0.0989	0.0970	0.0960	0.0994	0.0976	0.0976	0.0985	0.0971	0.0964	0.0973	0.0959	0.0971	0.0974	0.0974	0.0973	0.0958	0.0956	0.0965	0.0953	0.0993	0.0968	0.0982	0.0975	0.0963	0.0957	0.0959	0.0952	0.0972	0.0966	0.0967	0.0965	0.0966	0.0957	0.0961	0.0947	
0.1009	0.0979	0.0989	0.0993	0.0988	0.0981	0.0989	0.0978	0.1004	0.0978	0.0990	0.0992	0.0993	0.0976	0.0997	0.0979	0.1006	0.0988	0.1008	0.0990	0.0992	0.0975	0.0983	0.0974	0.1007	0.0992	0.1000	0.0975	0.0974	0.0995	0.0973	0.0964	0.1004	0.0980	0.0983	0.0986	0.0976	0.0966	0.0975	0.0964	0.0976	0.0980	0.0979	0.0976	0.0963	0.0959	0.0969	0.0953	0.0993	0.0974	0.0988	0.0980	0.0968	0.0958	0.0960	0.0958	0.0976	0.0971	0.0971	0.0969	0.0980	0.0960	0.0963	0.0949	
0.1013	0.0982	0.1004	0.0995	0.0990	0.0992	0.0994	0.0979	0.1012	0.0986	0.1001	0.1005	0.0994	0.0984	0.0999	0.0970	0.1013	0.0992	0.1014	0.0995	0.0995	0.0975	0.0981	0.0980	0.1011	0.0998	0.1004	0.0982	0.0980	0.0998	0.0978	0.0965	0.1009	0.0987	0.0986	0.0992	0.0980	0.0971	0.0975	0.0964	0.0981	0.0983	0.0986	0.0976	0.0965	0.0960	0.0968	0.0955	0.0998	0.0979	0.0985	0.0977	0.0972	0.0965	0.0963	0.0956	0.0977	0.0975	0.0974	0.0974	0.0968	0.0962	0.0967	0.0948	
0.1025	0.0992	0.0999	0.1004	0.0994	0.0991	0.0994	0.0983	0.1020	0.0991	0.1002	0.1002	0.0996	0.0986	0.0999	0.0971	0.1019	0.1001	0.1020	0.0997	0.0999	0.0974	0.0986	0.0981	0.1026	0.1006	0.1010	0.0984	0.0982	0.0995	0.0979	0.0964	0.1015	0.0989	0.0990	0.0993	0.0979	0.0968	0.0977	0.0966	0.0988	0.0990	0.0985	0.0979	0.0964	0.0959	0.0965	0.0957	0.1002	0.0982	0.0988	0.0980	0.0971	0.0965	0.0963	0.0957	0.0981	0.0979	0.0979	0.0972	0.0965	0.0960	0.0962	0.0949	
0.1043	0.1001	0.1019	0.1010	0.1003	0.0997	0.1004	0.0989	0.1032	0.1001	0.1015	0.1014	0.1004	0.0989	0.1010	0.0991	0.1035	0.1009	0.1027	0.1006	0.1003	0.0984	0.0988	0.0982	0.1033	0.1013	0.1017	0.0990	0.0988	0.1010	0.0983	0.0974	0.1026	0.0997	0.1001	0.0998	0.0979	0.0973	0.0977	0.0968	0.0995	0.0997	0.0993	0.0987	0.0971	0.0963	0.0970	0.0960	0.1009	0.0988	0.0998	0.0984	0.0972	0.0965	0.0963	0.0960	0.0989	0.0980	0.0983	0.0974	0.0971	0.0965	0.0963	0.0953	
0.1048	0.1008	0.1022	0.1019	0.1007	0.1002	0.1009	0.0992	0.1042	0.1010	0.1024	0.1026	0.1010	0.0992	0.1010	0.0984	0.1045	0.1013	0.1035	0.1005	0.1003	0.0986	0.0991	0.0984	0.1041	0.1023	0.1021	0.0993	0.0992	0.1003	0.0979	0.0969	0.1032	0.1003	0.1005	0.0998	0.0983	0.0972	0.0977	0.0965	0.1000	0.1006	0.0996	0.0984	0.0970	0.0966	0.0967	0.0960	0.1012	0.0991	0.1000	0.0985	0.0977	0.0967	0.0965	0.0957	0.0990	0.0986	0.0984	0.0977	0.0970	0.0961	0.0967	0.0951	
0.1060	0.1017	0.1036	0.1030	0.1014	0.1009	0.1012	0.0999	0.1056	0.1017	0.1035	0.1027	0.1021	0.0998	0.1010	0.0983	0.1059	0.1026	0.1046	0.1020	0.1010	0.0990	0.0993	0.0986	0.1056	0.1033	0.1030	0.0999	0.0992	0.1003	0.0985	0.0976	0.1043	0.1010	0.1010	0.1007	0.0988	0.0978	0.0982	0.0968	0.1006	0.1010	0.1005	0.0990	0.0974	0.0966	0.0973	0.0961	0.1018	0.0997	0.1006	0.0993	0.0974	0.0970	0.0966	0.0959	0.0997	0.0991	0.0993	0.0982	0.0969	0.0962	0.0965	0.0955	
0.1078	0.1026	0.1046	0.1041	0.1022	0.1018	0.1020	0.1004	0.1075	0.1030	0.1045	0.1046	0.1022	0.1005	0.1018	0.1008	0.1072	0.1034	0.1050	0.1030	0.1017	0.0990	0.0998	0.0993	0.1068	0.1043	0.1040	0.1007	0.0997	0.1007	0.0989	0.0977	0.1059	0.1017	0.1020	0.1012	0.0989	0.0975	0.0981	0.0971	0.1013	0.1019	0.1009	0.0994	0.0978	0.0969	0.0972	0.0961	0.1028	0.1009	0.1013	0.0995	0.0978	0.0971	0.0971	0.0963	0.1002	0.0994	0.0993	0.0983	0.0972	0.0965	0.0967	0.0953	
0.1089	0.1040	0.1058	0.1054	0.1029	0.1024	0.1028	0.1011	0.1092	0.1046	0.1057	0.1047	0.1028	0.1012	0.1025	0.1008	0.1086	0.1049	0.1064	0.1033	0.1019	0.0997	0.1000	0.0997	0.1086	0.1055	0.1047	0.1013	0.1002	0.1022	0.0994	0.0979	0.1070	0.1031	0.1026	0.1019	0.0998	0.0980	0.0987	0.0973	0.1025	0.1027	0.1016	0.0998	0.0979	0.0971	0.0977	0.0964	0.1038	0.1010	0.1019	0.0996	0.0982	0.0973	0.0970	0.0962	0.1007	0.1005	0.0996	0.0983	0.0977	0.0969	0.0970	0.0956	
0.1112	0.1055	0.1073	0.1065	0.1044	0.1036	0.1037	0.1021	0.1108	0.1057	0.1070	0.1053	0.1042	0.1017	0.1034	0.0997	0.1109	0.1062	0.1075	0.1046	0.1027	0.1006	0.1004	0.0999	0.1100	0.1069	0.1056	0.1021	0.1010	0.1031	0.0994	0.0981	0.1083	0.1038	0.1034	0.1027	0.0998	0.0980	0.0991	0.0975	0.1033	0.1040	0.1020	0.1007	0.0984	0.0974	0.0979	0.0966	0.1046	0.1026	0.1028	0.1003	0.0979	0.0974	0.0971	0.0964	0.1015	0.1009	0.1003	0.0991	0.0977	0.0970	0.0969	0.0958	
0.1136	0.1072	0.1088	0.1071	0.1055	0.1044	0.1047	0.1018	0.1135	0.1074	0.1080	0.1071	0.1049	0.1022	0.1032	0.1010	0.1133	0.1073	0.1086	0.1052	0.1034	0.1011	0.1010	0.1003	0.1123	0.1079	0.1067	0.1027	0.1012	0.1029	0.0995	0.0983	0.1100	0.1050	0.1044	0.1028	0.1001	0.0980	0.0991	0.0974	0.1045	0.1048	0.1027	0.1007	0.0987	0.0975	0.0981	0.0968	0.1054	0.1031	0.1032	0.1006	0.0985	0.0974	0.0970	0.0960	0.1020	0.1018	0.1007	0.0990	0.0982	0.0970	0.0973	0.0960	
0.1157	0.1085	0.1100	0.1086	0.1068	0.1048	0.1047	0.1029	0.1160	0.1090	0.1091	0.1081	0.1053	0.1028	0.1039	0.1014	0.1151	0.1092	0.1101	0.1056	0.1034	0.1010	0.1010	0.1002	0.1143	0.1093	0.1075	0.1035	0.1019	0.1033	0.1001	0.0983	0.1112	0.1060	0.1052	0.1037	0.1005	0.0986	0.0992	0.0974	0.1056	0.1057	0.1032	0.1011	0.0989	0.0976	0.0978	0.0965	0.1066	0.1034	0.1033	0.1004	0.0984	0.0980	0.0971	0.0964	0.1025	0.1022	0.1013	0.0995	0.0978	0.0973	0.0970	0.0962	
0.1185	0.1105	0.1120	0.1100	0.1080	0.1059	0.1058	0.1031	0.1181	0.1111	0.1109	0.1107	0.1062	0.1036	0.1039	0.1013	0.1181	0.1108	0.1109	0.1070	0.1042	0.1014	0.1015	0.1007	0.1164	0.1113	0.1087	0.1045	0.1025	0.1027	0.1000	0.0986	0.1133	0.1075	0.1063	0.1043	0.1009	0.0983	0.0994	0.0972	0.1068	0.1067	0.1040	0.1013	0.0994	0.0981	0.0978	0.0968	0.1073	0.1049	0.1040	0.1012	0.0991	0.0979	0.0973	0.0964	0.1033	0.1029	0.1017	0.1000	0.0983	0.0971	0.0973	0.0960	
0.1227	0.1131	0.1143	0.1126	0.1087	0.1070	0.1060	0.1042	0.1225	0.1138	0.1134	0.1102	0.1069	0.1042	0.1050	0.1029	0.1214	0.1133	0.1128	0.1079	0.1050	0.1020	0.1019	0.1010	0.1202	0.1139	0.1105	0.1055	0.1033	0.1040	0.1007	0.0992	0.1163	0.1091	0.1076	0.1054	0.1019	0.0991	0.0997	0.0979	0.1090	0.1087	0.1052	0.1026	0.0995	0.0985	0.0986	0.0976	0.1092	0.1060	0.1051	0.1023	0.0990	0.0980	0.0972	0.0965	0.1044	0.1044	0.1027	0.1000	0.0986	0.0975	0.0977	0.0966	
0.1260	0.1151	0.1168	0.1142	0.1108	0.1083	0.1083	0.1058	0.1257	0.1155	0.1156	0.1120	0.1083	0.1047	0.1059	0.1039	0.1249	0.1150	0.1144	0.1090	0.1055	0.1032	0.1022	0.1011	0.1222	0.1154	0.1111	0.1061	0.1035	0.1045	0.1012	0.0993	0.1180	0.1104	0.1084	0.1057	0.1023	0.0993	0.0999	0.0979	0.1101	0.1094	0.1059	0.1026	0.1001	0.0991	0.0988	0.0974	0.1101	0.1069	0.1060	0.1020	0.0998	0.0987	0.0976	0.0967	0.1048	0.1043	0.1034	0.1001	0.0990	0.0980	0.0977	0.0968	
0.1280	0.1172	0.1183	0.1158	0.1110	0.1090	0.1087	0.1057	0.1300	0.1182	0.1169	0.1118	0.1086	0.1057	0.1064	0.1038	0.1280	0.1174	0.1157	0.1100	0.1057	0.1029	0.1026	0.1020	0.1260	0.1170	0.1125	0.1068	0.1039	0.1053	0.1013	0.0994	0.1201	0.1120	0.1088	0.1060	0.1024	0.0989	0.1003	0.0983	0.1117	0.1104	0.1069	0.1032	0.1002	0.0993	0.0984	0.0977	0.1119	0.1077	0.1072	0.1029	0.0998	0.0989	0.0980	0.0967	0.1060	0.1055	0.1033	0.1009	0.0984	0.0975	0.0974	0.0961	
0.1337	0.1209	0.1209	0.1185	0.1136	0.1099	0.1095	0.1066	0.1341	0.1209	0.1184	0.1146	0.1097	0.1062	0.1069	0.1032	0.1330	0.1198	0.1175	0.1109	0.1067	0.1031	0.1026	0.1025	0.1298	0.1200	0.1139	0.1077	0.1046	0.1049	0.1020	0.0998	0.1233	0.1139	0.1101	0.1064	0.1029	0.0992	0.1005	0.0987	0.1138	0.1122	0.1073	0.1040	0.1003	0.0989	0.0993	0.0980	0.1137	0.1093	0.1078	0.1036	0.0998	0.0989	0.0978	0.0971	0.1072	0.1068	0.1044	0.1011	0.0991	0.0978	0.0980	0.0968	
0.1388	0.1239	0.1245	0.1211	0.1147	0.1118	0.1105	0.1072	0.1390	0.1244	0.1215	0.1166	0.1105	0.1068	0.1073	0.1048	0.1379	0.1218	0.1191	0.1122	0.1074	0.1038	0.1035	0.1025	0.1337	0.1224	0.1153	0.1085	0.1056	0.1060	0.1020	0.0999	0.1269	0.1154	0.1119	0.1076	0.1035	0.0996	0.1007	0.0986	0.1154	0.1139	0.1078	0.1045	0.1011	0.0994	0.0988	0.0981	0.1151	0.1100	0.1087	0.1039	0.1005	0.0989	0.0980	0.0970	0.1080	0.1072	0.1046	0.1012	0.0995	0.0976	0.0982	0.0969	
0.1428	0.1266	0.1273	0.1234	0.1168	0.1122	0.1111	0.1084	0.1454	0.1278	0.1242	0.1163	0.1116	0.1074	0.1081	0.1056	0.1428	0.1253	0.1210	0.1126	0.1082	0.1039	0.1035	0.1025	0.1385	0.1246	0.1172	0.1095	0.1056	0.1049	0.1026	0.1000	0.1299	0.1170	0.1124	0.1080	0.1039	0.1002	0.1010	0.0988	0.1179	0.1153	0.1096	0.1049	0.1018	0.0996	0.0990	0.0980	0.1166	0.1109	0.1081	0.1043	0.1003	0.0993	0.0983	0.0974	0.1090	0.1080	0.1054	0.1016	0.0997	0.0980	0.0978	0.0970	
0.1494	0.1308	0.1306	0.1266	0.1189	0.1140	0.1126	0.1089	0.1518	0.1321	0.1273	0.1196	0.1127	0.1084	0.1089	0.1049	0.1488	0.1289	0.1230	0.1149	0.1095	0.1053	0.1041	0.1030	0.1438	0.1278	0.1192	0.1110	0.1060	0.1048	0.1022	0.1005	0.1340	0.1195	0.1135	0.1087	0.1047	0.1002	0.1013	0.0992	0.1202	0.1171	0.1103	0.1057	0.1019	0.1000	0.0995	0.0984	0.1188	0.1131	0.1098	0.1043	0.1007	0.0994	0.0989	0.0973	0.1101	0.1097	0.1058	0.1023	0.1002	0.0981	0.0983	0.0971	
0.1577	0.1358	0.1362	0.1297	0.1202	0.1156	0.1142	0.1101	0.1599	0.1370	0.1308	0.1209	0.1144	0.1090	0.1091	0.1069	0.1560	0.1332	0.1262	0.1169	0.1097	0.1055	0.1045	0.1034	0.1502	0.1318	0.1210	0.1123	0.1068	0.1074	0.1032	0.1008	0.1387	0.1214	0.1154	0.1100	0.1050	0.1008	0.1015	0.0996	0.1234	0.1191	0.1114	0.1072	0.1020	0.1004	0.0995	0.0983	0.1214	0.1148	0.1106	0.1052	0.1011	0.0993	0.0989	0.0973	0.1116	0.1098	0.1068	0.1028	0.1002	0.0984	0.0982	0.0971	
0.1648	0.1409	0.1404	0.1341	0.1228	0.1175	0.1152	0.1113	0.1671	0.1414	0.1341	0.1230	0.1152	0.1101	0.1096	0.1061	0.1639	0.1371	0.1280	0.1177	0.1102	0.1064	0.1047	0.1041	0.1569	0.1355	0.1226	0.1138	0.1078	0.1074	0.1041	0.1008	0.1430	0.1239	0.1171	0.1108	0.1051	0.1005	0.1019	0.0994	0.1261	0.1209	0.1122	0.1070	0.1024	0.1006	0.0998	0.0988	0.1225	0.1150	0.1120	0.1047	0.1015	0.0998	0.0987	0.0976	0.1132	0.1115	0.1076	0.1025	0.1001	0.0982	0.0989	0.0974	
0.1750	0.1461	0.1450	0.1370	0.1257	0.1189	0.1166	0.1122	0.1763	0.1469	0.1378	0.1253	0.1169	0.1106	0.1108	0.1071	0.1731	0.1414	0.1313	0.1197	0.1114	0.1068	0.1060	0.1043	0.1637	0.1394	0.1242	0.1142	0.1086	0.1083	0.1034	0.1017	0.1482	0.1267	0.1189	0.1115	0.1057	0.1015	0.1021	0.0997	0.1288	0.1237	0.1134	0.1077	0.1029	0.1007	0.0999	0.0992	0.1250	0.1170	0.1123	0.1061	0.1020	0.1002	0.0993	0.0980	0.1143	0.1125	0.1087	0.1034	0.1006	0.0991	0.0987	0.0973	
0.1839	0.1518	0.1504	0.1413	0.1277	0.1202	0.1160	0.1120	0.1859	0.1521	0.1411	0.1278	0.1178	0.1119	0.1105	0.1081	0.1820	0.1460	0.1336	0.1210	0.1122	0.1075	0.1055	0.1046	0.1716	0.1433	0.1267	0.1159	0.1098	0.1067	0.1042	0.1012	0.1537	0.1288	0.1203	0.1126	0.1059	0.1012	0.1026	0.1000	0.1321	0.1245	0.1147	0.1083	0.1030	0.1010	0.1007	0.0987	0.1278	0.1181	0.1136	0.1064	0.1019	0.1004	0.0991	0.0976	0.1156	0.1135	0.1088	0.1037	0.1006	0.0988	0.0986	0.0977	
0.1965	0.1588	0.1563	0.1457	0.1304	0.1220	0.1183	0.1132	0.1989	0.1584	0.1459	0.1290	0.1200	0.1125	0.1115	0.1072	0.1931	0.1508	0.1361	0.1234	0.1128	0.1075	0.1049	0.1052	0.1807	0.1469	0.1284	0.1165	0.1100	0.1077	0.1040	0.1010	0.1595	0.1318	0.1218	0.1129	0.1066	0.1018	0.1022	0.0999	0.1357	0.1271	0.1157	0.1085	0.1037	0.1010	0.0998	0.0991	0.1297	0.1194	0.1141	0.1061	0.1019	0.1002	0.0992	0.0977	0.1169	0.1140	0.1094	0.1040	0.1007	0.0988	0.0980	0.0975	
0.2069	0.1677	0.1634	0.1511	0.1335	0.1250	0.1196	0.1152	0.2112	0.1668	0.1519	0.1328	0.1216	0.1139	0.1131	0.1095	0.2059	0.1572	0.1407	0.1245	0.1147	0.1092	0.1070	0.1055	0.1911	0.1528	0.1315	0.1187	0.1108	0.1082	0.1052	0.1018	0.1670	0.1352	0.1236	0.1150	0.1077	0.1026	0.1038	0.1005	0.1403	0.1303	0.1172	0.1100	0.1042	0.1018	0.1013	0.1002	0.1337	0.1220	0.1163	0.1078	0.1026	0.1009	0.1002	0.0981	0.1192	0.1157	0.1107	0.1050	0.1016	0.0999	0.0993	0.0980	
0.2206	0.1742	0.1698	0.1557	0.1365	0.1261	0.1223	0.1157	0.2260	0.1735	0.1546	0.1364	0.1231	0.1147	0.1135	0.1094	0.2180	0.1635	0.1435	0.1262	0.1149	0.1100	0.1069	0.1063	0.2028	0.1567	0.1337	0.1199	0.1117	0.1077	0.1055	0.1021	0.1749	0.1375	0.1258	0.1154	0.1083	0.1022	0.1032	0.1000	0.1446	0.1320	0.1174	0.1104	0.1050	0.1017	0.1013	0.0998	0.1358	0.1235	0.1166	0.1079	0.1030	0.1011	0.0997	0.0979	0.1209	0.1167	0.1117	0.1046	0.1016	0.0997	0.0991	0.0982	
0.2378	0.1848	0.1787	0.1622	0.1407	0.1302	0.1238	0.1165	0.2423	0.1831	0.1618	0.1381	0.1257	0.1164	0.1155	0.1096	0.2339	0.1698	0.1468	0.1290	0.1167	0.1106	0.1077	0.1062	0.2138	0.1631	0.1365	0.1222	0.1128	0.1102	0.1057	0.1028	0.1832	0.1418	0.1276	0.1168	0.1088	0.1034	0.1037	0.1004	0.1491	0.1348	0.1194	0.1112	0.1056	0.1028	0.1012	0.0998	0.1395	0.1247	0.1177	0.1093	0.1034	0.1016	0.1001	0.0976	0.1224	0.1185	0.1125	0.1057	0.1022	0.1004	0.0997	0.0981	
0.2514	0.1942	0.1869	0.1687	0.1445	0.1313	0.1256	0.1182	0.2594	0.1918	0.1679	0.1413	0.1269	0.1172	0.1158	0.1101	0.2501	0.1773	0.1512	0.1314	0.1174	0.1110	0.1079	0.1065	0.2279	0.1679	0.1398	0.1233	0.1134	0.1105	0.1057	0.1023	0.1923	0.1442	0.1285	0.1170	0.1085	0.1029	0.1038	0.1005	0.1539	0.1376	0.1205	0.1115	0.1058	0.1021	0.1014	0.0995	0.1439	0.1270	0.1188	0.1096	0.1031	0.1010	0.1004	0.0981	0.1241	0.1190	0.1127	0.1053	0.1014	0.1001	0.0993	0.0981	
0.2713	0.2066	0.1970	0.1742	0.1484	0.1353	0.1278	0.1204	0.2789	0.2025	0.1733	0.1451	0.1289	0.1182	0.1171	0.1122	0.2679	0.1848	0.1556	0.1324	0.1183	0.1120	0.1082	0.1073	0.2441	0.1759	0.1419	0.1254	0.1148	0.1119	0.1068	0.1031	0.2025	0.1485	0.1318	0.1181	0.1096	0.1036	0.1043	0.1013	0.1600	0.1400	0.1223	0.1123	0.1061	0.1024	0.1013	0.1009	0.1466	0.1284	0.1198	0.1101	0.1041	0.1014	0.1002	0.0981	0.1264	0.1216	0.1135	0.1057	0.1020	0.1003	0.0994	0.0983	
0.2901	0.2200	0.2068	0.1831	0.1520	0.1369	0.1301	0.1216	0.3007	0.2144	0.1803	0.1485	0.1309	0.1190	0.1171	0.1115	0.2894	0.1950	0.1595	0.1358	0.1206	0.1124	0.1091	0.1076	0.2599	0.1832	0.1457	0.1275	0.1157	0.1118	0.1066	0.1032	0.2134	0.1523	0.1337	0.1197	0.1101	0.1042	0.1046	0.1015	0.1653	0.1434	0.1234	0.1131	0.1066	0.1035	0.1018	0.1005	0.1503	0.1303	0.1214	0.1111	0.1037	0.1018	0.1003	0.0985	0.1286	0.1219	0.1148	0.1063	0.1022	0.1002	0.0999	0.0984	
0.3136	0.2329	0.2181	0.1905	0.1570	0.1412	0.1328	0.1241	0.3239	0.2269	0.1872	0.1521	0.1332	0.1211	0.1187	0.1127	0.3107	0.2054	0.1643	0.1382	0.1212	0.1139	0.1094	0.1093	0.2789	0.1898	0.1492	0.1293	0.1168	0.1112	0.1077	0.1035	0.2254	0.1570	0.1365	0.1212	0.1114	0.1044	0.1055	0.1024	0.1718	0.1465	0.1252	0.1152	0.1070	0.1034	0.1025	0.1010	0.1555	0.1337	0.1222	0.1117	0.1051	0.1025	0.1008	0.0986	0.1303	0.1238	0.1155	0.1069	0.1028	0.1004	0.1003	0.0988	
0.3392	0.2486	0.2312	0.1996	0.1612	0.1448	0.1359	0.1250	0.3484	0.2411	0.1957	0.1569	0.1355	0.1226	0.1197	0.1138	0.3362	0.2157	0.1694	0.1407	0.1234	0.1142	0.1101	0.1089	0.2984	0.1983	0.1525	0.1311	0.1180	0.1118	0.1082	0.1044	0.2383	0.1614	0.1379	0.1223	0.1114	0.1044	0.1055	0.1022	0.1801	0.1498	0.1262	0.1149	0.1074	0.1033	0.1021	0.1013	0.1603	0.1357	0.1241	0.1119	0.1049	0.1024	0.1010	0.0989	0.1332	0.1257	0.1165	0.1076	0.1030	0.1009	0.0999	0.0992	
0.3610	0.2649	0.2438	0.2092	0.1671	0.1475	0.1378	0.1265	0.3737	0.2557	0.2035	0.1605	0.1372	0.1237	0.1220	0.1154	0.3601	0.2249	0.1736	0.1435	0.1237	0.1154	0.1105	0.1091	0.3200	0.2062	0.1551	0.1330	0.1184	0.1134	0.1087	0.1039	0.2535	0.1662	0.1403	0.1233	0.1125	0.1044	0.1056	0.1021	0.1865	0.1524	0.1277	0.1161	0.1081	0.1039	0.1018	0.1009	0.1649	0.1374	0.1248	0.1128	0.1052	0.1025	0.1006	0.0984	0.1349	0.1262	0.1164	0.1076	0.1034	0.1009	0.0999	0.0988	
0.3889	0.2830	0.2595	0.2197	0.1731	0.1508	0.1410	0.1289	0.4032	0.2721	0.2139	0.1656	0.1411	0.1258	0.1226	0.1161	0.3881	0.2378	0.1803	0.1459	0.1251	0.1167	0.1108	0.1098	0.3433	0.2175	0.1597	0.1357	0.1201	0.1134	0.1093	0.1047	0.2668	0.1714	0.1429	0.1243	0.1126	0.1056	0.1059	0.1031	0.1952	0.1565	0.1295	0.1173	0.1080	0.1046	0.1029	0.1015	0.1690	0.1396	0.1262	0.1134	0.1054	0.1030	0.1015	0.0993	0.1384	0.1285	0.1192	0.1075	0.1039	0.1010	0.1001	0.0991	
0.4148	0.3051	0.2817	0.2312	0.1788	0.1559	0.1434	0.1302	0.4325	0.2896	0.2239	0.1696	0.1428	0.1274	0.1238	0.1169	0.4177	0.2518	0.1848	0.1500	0.1271	0.1175	0.1113	0.1106	0.3681	0.2264	0.1645	0.1373	0.1214	0.1142	0.1094	0.1051	0.2853	0.1778	0.1465	0.1257	0.1135	0.1056	0.1065	0.1027	0.2043	0.1601	0.1317	0.1178	0.1099	0.1053	0.1026	0.1009	0.1766	0.1421	0.1276	0.1135	0.1058	0.1037	0.1018	0.0995	0.1409	0.1297	0.1195	0.1088	0.1045	0.1015	0.1003	0.0986	
0.4448	0.3245	0.2972	0.2436	0.1853	0.1590	0.1459	0.1326	0.4642	0.3095	0.2341	0.1745	0.1460	0.1291	0.1246	0.1173	0.4484	0.2658	0.1921	0.1532	0.1282	0.1185	0.1115	0.1111	0.3957	0.2366	0.1685	0.1404	0.1221	0.1140	0.1097	0.1056	0.3041	0.1820	0.1478	0.1271	0.1145	0.1062	0.1067	0.1029	0.2148	0.1654	0.1330	0.1188	0.1099	0.1052	0.1031	0.1016	0.1817	0.1445	0.1290	0.1150	0.1063	0.1036	0.1017	0.0993	0.1445	0.1318	0.1199	0.1092	0.1042	0.1017	0.1002	0.0989	
0.4727	0.3502	0.3120	0.2535	0.1906	0.1639	0.1502	0.1363	0.4920	0.3283	0.2435	0.1790	0.1493	0.1303	0.1261	0.1195	0.4787	0.2819	0.1990	0.1566	0.1301	0.1197	0.1129	0.1110	0.4221	0.2491	0.1728	0.1429	0.1235	0.1164	0.1107	0.1062	0.3222	0.1888	0.1519	0.1289	0.1153	0.1066	0.1072	0.1031	0.2256	0.1687	0.1346	0.1203	0.1105	0.1057	0.1037	0.1021	0.1886	0.1474	0.1307	0.1161	0.1071	0.1036	0.1023	0.0991	0.1473	0.1337	0.1215	0.1096	0.1049	0.1020	0.1008	0.0996	
0.4998	0.3723	0.3351	0.2674	0.1972	0.1683	0.1529	0.1374	0.5200	0.3504	0.2567	0.1839	0.1508	0.1318	0.1270	0.1190	0.5092	0.2971	0.2055	0.1588	0.1313	0.1209	0.1134	0.1121	0.4484	0.2597	0.1769	0.1448	0.1248	0.1178	0.1109	0.1063	0.3422	0.1943	0.1541	0.1300	0.1153	0.1069	0.1071	0.1034	0.2341	0.1723	0.1356	0.1212	0.1109	0.1057	0.1034	0.1021	0.1938	0.1495	0.1316	0.1165	0.1065	0.1038	0.1021	0.0994	0.1494	0.1350	0.1220	0.1100	0.1052	0.1021	0.1012	0.0995	
0.5323	0.3990	0.3525	0.2818	0.2057	0.1730	0.1571	0.1398	0.5530	0.3725	0.2679	0.1914	0.1543	0.1343	0.1276	0.1203	0.5414	0.3140	0.2131	0.1633	0.1323	0.1217	0.1142	0.1127	0.4795	0.2725	0.1826	0.1488	0.1262	0.1170	0.1113	0.1064	0.3650	0.2009	0.1576	0.1313	0.1162	0.1076	0.1072	0.1037	0.2471	0.1770	0.1383	0.1218	0.1111	0.1063	0.1038	0.1022	0.2016	0.1524	0.1331	0.1168	0.1078	0.1042	0.1021	0.0994	0.1532	0.1370	0.1229	0.1105	0.1050	0.1019	0.1009	0.0994	
0.5609	0.4284	0.3756	0.2962	0.2123	0.1779	0.1607	0.1431	0.5845	0.3986	0.2824	0.1977	0.1570	0.1349	0.1297	0.1213	0.5772	0.3319	0.2204	0.1664	0.1349	0.1229	0.1148	0.1128	0.5071	0.2877	0.1878	0.1500	0.1276	0.1167	0.1119	0.1071	0.3896	0.2075	0.1616	0.1324	0.1171	0.1079	0.1079	0.1040	0.2604	0.1818	0.1393	0.1231	0.1127	0.1066	0.1039	0.1025	0.2087	0.1556	0.1345	0.1180	0.1081	0.1043	0.1024	0.0993	0.1572	0.1379	0.1238	0.1109	0.1056	0.1026	0.1010	0.0995	
0.5885	0.4567	0.3971	0.3107	0.2204	0.1826	0.1635	0.1455	0.6138	0.4253	0.2963	0.2016	0.1601	0.1368	0.1305	0.1209	0.6102	0.3521	0.2278	0.1697	0.1362	0.1233	0.1146	0.1137	0.5382	0.3012	0.1927	0.1535	0.1280	0.1174	0.1125	0.1071	0.4115	0.2151	0.1632	0.1341	0.1171	0.1075	0.1081	0.1044	0.2725	0.1857	0.1421	0.1235	0.1127	0.1062	0.1042	0.1022	0.2166	0.1579	0.1361	0.1179	0.1083	0.1046	0.1030	0.0991	0.1605	0.1395	0.1251	0.1110	0.1055	0.1023	0.1009	0.0994	
0.6124	0.4825	0.4211	0.3282	0.2285	0.1881	0.1670	0.1471	0.6426	0.4472	0.3097	0.2089	0.1632	0.1386	0.1319	0.1220	0.6375	0.3727	0.2374	0.1732	0.1379	0.1248	0.1157	0.1144	0.5666	0.3151	0.1981	0.1561	0.1296	0.1186	0.1127	0.1072	0.4380	0.2204	0.1675	0.1360	0.1185	0.1081	0.1083	0.1047	0.2868	0.1902	0.1433	0.1249	0.1125	0.1069	0.1043	0.1028	0.2238	0.1602	0.1375	0.1186	0.1088	0.1050	0.1026	0.0988	0.1632	0.1411	0.1254	0.1112	0.1058	0.1021	0.1012	0.0999	
0.6355	0.5094	0.4452	0.3472	0.2359	0.1939	0.1707	0.1499	0.6650	0.4738	0.3241	0.2160	0.1653	0.1406	0.1327	0.1238	0.6644	0.3926	0.2460	0.1769	0.1388	0.1254	0.1165	0.1152	0.5943	0.3304	0.2048	0.1582	0.1305	0.1208	0.1131	0.1075	0.4637	0.2300	0.1697	0.1368	0.1193	0.1088	0.1085	0.1045	0.3014	0.1948	0.1455	0.1251	0.1133	0.1070	0.1044	0.1024	0.2329	0.1628	0.1387	0.1194	0.1092	0.1049	0.1025	0.0990	0.1663	0.1418	0.1257	0.1115	0.1065	0.1023	0.1008	0.1000	
0.6627	0.5389	0.4730	0.3649	0.2460	0.1986	0.1750	0.1516	0.6920	0.5045	0.3423	0.2245	0.1698	0.1417	0.1345	0.1257	0.6902	0.4169	0.2550	0.1822	0.1401	0.1269	0.1170	0.1156	0.6269	0.3482	0.2114	0.1619	0.1329	0.1197	0.1136	0.1082	0.4931	0.2371	0.1746	0.1376	0.1197	0.1097	0.1094	0.1051	0.3183	0.2019	0.1454	0.1266	0.1143	0.1082	0.1052	0.1027	0.2405	0.1656	0.1400	0.1203	0.1098	0.1055	0.1032	0.0996	0.1716	0.1444	0.1271	0.1119	0.1069	0.1032	0.1013	0.0998	
0.6819	0.5698	0.5022	0.3845	0.2560	0.2064	0.1810	0.1563	0.7119	0.5335	0.3601	0.2312	0.1739	0.1445	0.1355	0.1251	0.7123	0.4448	0.2674	0.1855	0.1426	0.1285	0.1178	0.1163	0.6573	0.3673	0.2190	0.1656	0.1339	0.1220	0.1149	0.1082	0.5242	0.2486	0.1775	0.1397	0.1213	0.1102	0.1099	0.1060	0.3372	0.2071	0.1486	0.1281	0.1149	0.1076	0.1051	0.1034	0.2517	0.1708	0.1421	0.1212	0.1097	0.1054	0.1032	0.0995	0.1759	0.1480	0.1284	0.1130	0.1068	0.1031	0.1012	0.1003	
0.6967	0.5997	0.5428	0.4076	0.2679	0.2141	0.1861	0.1592	0.7249	0.5637	0.3835	0.2399	0.1773	0.1466	0.1379	0.1281	0.7241	0.4708	0.2773	0.1916	0.1448	0.1286	0.1187	0.1164	0.6860	0.3894	0.2274	0.1682	0.1355	0.1228	0.1151	0.1091	0.5555	0.2591	0.1819	0.1423	0.1221	0.1107	0.1106	0.1062	0.3561	0.2144	0.1512	0.1295	0.1158	0.1090	0.1054	0.1038	0.2642	0.1752	0.1440	0.1221	0.1103	0.1062	0.1038	0.0998	0.1805	0.1492	0.1290	0.1136	0.1077	0.1038	0.1016	0.1006	
0.7005	0.6242	0.5574	0.4282	0.2784	0.2184	0.1887	0.1603	0.7293	0.5919	0.3999	0.2467	0.1812	0.1483	0.1386	0.1293	0.7303	0.4966	0.2875	0.1964	0.1463	0.1305	0.1184	0.1172	0.7036	0.4105	0.2331	0.1713	0.1363	0.1247	0.1154	0.1087	0.5859	0.2679	0.1860	0.1426	0.1223	0.1112	0.1109	0.1059	0.3757	0.2194	0.1531	0.1294	0.1159	0.1096	0.1053	0.1038	0.2732	0.1778	0.1451	0.1227	0.1105	0.1062	0.1036	0.0992	0.1844	0.1507	0.1294	0.1135	0.1074	0.1043	0.1016	0.1002	
0.7057	0.6514	0.5867	0.4517	0.2884	0.2260	0.1953	0.1656	0.7348	0.6169	0.4208	0.2561	0.1860	0.1512	0.1408	0.1293	0.7361	0.5241	0.2999	0.2029	0.1482	0.1311	0.1195	0.1185	0.7177	0.4304	0.2411	0.1753	0.1380	0.1245	0.1157	0.1095	0.6176	0.2791	0.1895	0.1448	0.1242	0.1114	0.1110	0.1065	0.3979	0.2280	0.1549	0.1307	0.1166	0.1097	0.1059	0.1048	0.2878	0.1821	0.1467	0.1240	0.1109	0.1067	0.1039	0.1001	0.1901	0.1535	0.1306	0.1136	0.1080	0.1037	0.1025	0.1009	
0.7107	0.6753	0.6337	0.4712	0.3018	0.2328	0.1999	0.1683	0.7362	0.6443	0.4429	0.2660	0.1918	0.1536	0.1427	0.1316	0.7364	0.5519	0.3139	0.2067	0.1510	0.1328	0.1199	0.1190	0.7231	0.4539	0.2478	0.1793	0.1405	0.1248	0.1169	0.1102	0.6465	0.2913	0.1948	0.1461	0.1244	0.1121	0.1110	0.1067	0.4198	0.2357	0.1587	0.1319	0.1174	0.1089	0.1060	0.1046	0.2983	0.1855	0.1493	0.1241	0.1116	0.1070	0.1042	0.0995	0.1939	0.1551	0.1324	0.1144	0.1082	0.1037	0.1023	0.1010	
0.7109	0.6956	0.6456	0.4944	0.3129	0.2419	0.2039	0.1728	0.7357	0.6658	0.4615	0.2728	0.1953	0.1555	0.1444	0.1329	0.7392	0.5797	0.3254	0.2111	0.1522	0.1339	0.1206	0.1195	0.7270	0.4757	0.2573	0.1829	0.1414	0.1258	0.1176	0.1106	0.6736	0.3027	0.1994	0.1484	0.1253	0.1125	0.1119	0.1071	0.4417	0.2408	0.1604	0.1328	0.1177	0.1097	0.1060	0.1051	0.3122	0.1893	0.1518	0.1254	0.1122	0.1065	0.1047	0.0999	0.1996	0.1573	0.1331	0.1155	0.1084	0.1041	0.1022	0.1007	
0.7159	0.7201	0.6691	0.5204	0.3215	0.2517	0.2116	0.1774	0.7436	0.6939	0.4862	0.2868	0.2004	0.1597	0.1480	0.1348	0.7442	0.6130	0.3414	0.2185	0.1551	0.1355	0.1222	0.1205	0.7346	0.5060	0.2681	0.1868	0.1442	0.1285	0.1189	0.1118	0.7027	0.3175	0.2053	0.1507	0.1264	0.1139	0.1133	0.1078	0.4709	0.2521	0.1627	0.1346	0.1190	0.1112	0.1068	0.1054	0.3294	0.1951	0.1544	0.1249	0.1129	0.1084	0.1054	0.1004	0.2066	0.1603	0.1345	0.1155	0.1091	0.1048	0.1028	0.1015	
0.7178	0.7297	0.6903	0.5397	0.3337	0.2586	0.2163	0.1801	0.7427	0.7117	0.5080	0.2966	0.2062	0.1604	0.1488	0.1365	0.7458	0.6383	0.3543	0.2249	0.1567	0.1372	0.1227	0.1211	0.7362	0.5280	0.2767	0.1902	0.1451	0.1284	0.1185	0.1120	0.7190	0.3286	0.2102	0.1519	0.1269	0.1140	0.1125	0.1074	0.4959	0.2588	0.1648	0.1354	0.1199	0.1112	0.1072	0.1057	0.3423	0.1994	0.1559	0.1267	0.1136	0.1072	0.1047	0.1002	0.2115	0.1624	0.1352	0.1155	0.1090	0.1050	0.1028	0.1012	
0.7152	0.7339	0.7112	0.5627	0.3483	0.2691	0.2228	0.1845	0.7444	0.7281	0.5290	0.3071	0.2097	0.1640	0.1510	0.1360	0.7468	0.6629	0.3709	0.2287	0.1588	0.1380	0.1235	0.1221	0.7342	0.5527	0.2867	0.1945	0.1467	0.1297	0.1192	0.1115	0.7274	0.3440	0.2139	0.1535	0.1282	0.1146	0.1135	0.1078	0.5202	0.2673	0.1669	0.1362	0.1196	0.1113	0.1068	0.1051	0.3573	0.2042	0.1579	0.1267	0.1138	0.1079	0.1052	0.1001	0.2171	0.1658	0.1354	0.1159	0.1095	0.1050	0.1023	0.1012	
0.7222	0.7398	0.7329	0.5864	0.3628	0.2795	0.2299	0.1879	0.7497	0.7404	0.5537	0.3229	0.2180	0.1668	0.1532	0.1368	0.7500	0.6920	0.3850	0.2373	0.1619	0.1399	0.1248	0.1225	0.7404	0.5801	0.2983	0.2004	0.1486	0.1310	0.1198	0.1126	0.7358	0.3581	0.2208	0.1560	0.1293	0.1153	0.1142	0.1080	0.5500	0.2784	0.1701	0.1374	0.1203	0.1119	0.1072	0.1060	0.3764	0.2094	0.1606	0.1279	0.1142	0.1089	0.1059	0.1000	0.2243	0.1681	0.1376	0.1167	0.1095	0.1053	0.1029	0.1019	
0.7236	0.7434	0.7557	0.6109	0.3774	0.2891	0.2365	0.1933	0.7513	0.7508	0.5774	0.3341	0.2227	0.1700	0.1548	0.1391	0.7543	0.7201	0.4018	0.2451	0.1637	0.1413	0.1262	0.1225	0.7423	0.6093	0.3092	0.2040	0.1508	0.1322	0.1209	0.1134	0.7395	0.3760	0.2270	0.1585	0.1301	0.1159	0.1142	0.1087	0.5803	0.2876	0.1734	0.1381	0.1208	0.1123	0.1076	0.1065	0.3943	0.2149	0.1622	0.1284	0.1144	0.1091	0.1056	0.1003	0.2322	0.1703	0.1382	0.1170	0.1105	0.1058	0.1039	0.1018	
0.7232	0.7449	0.7663	0.6300	0.3899	0.2968	0.2422	0.1974	0.7512	0.7529	0.6004	0.3435	0.2274	0.1707	0.1567	0.1400	0.7552	0.7404	0.4181	0.2503	0.1660	0.1420	0.1256	0.1249	0.7432	0.6344	0.3213	0.2095	0.1517	0.1321	0.1214	0.1128	0.7409	0.3921	0.2311	0.1604	0.1309	0.1160	0.1146	0.1093	0.6083	0.2972	0.1755	0.1402	0.1212	0.1134	0.1085	0.1063	0.4135	0.2207	0.1638	0.1297	0.1150	0.1091	0.1062	0.1004	0.2398	0.1731	0.1387	0.1176	0.1102	0.1065	0.1035	0.1019	
0.7265	0.7471	0.7743	0.6553	0.4022	0.3092	0.2502	0.2027	0.7567	0.7546	0.6227	0.3580	0.2334	0.1759	0.1587	0.1426	0.7587	0.7577	0.4376	0.2566	0.1685	0.1441	0.1273	0.1243	0.7474	0.6615	0.3324	0.2136	0.1543	0.1318	0.1220	0.1142	0.7475	0.4108	0.2369	0.1624	0.1329	0.1170	0.1150	0.1099	0.6398	0.3110	0.1774	0.1411	0.1226	0.1137	0.1082	0.1066	0.4348	0.2261	0.1662	0.1315	0.1153	0.1095	0.1064	0.1000	0.2480	0.1774	0.1391	0.1176	0.1105	0.1060	0.1047	0.1028	
0.7299	0.7500	0.7820	0.6764	0.4191	0.3201	0.2596	0.2068	0.7618	0.7614	0.6489	0.3724	0.2411	0.1805	0.1620	0.1443	0.7608	0.7744	0.4560	0.2674	0.1720	0.1463	0.1277	0.1251	0.7509	0.6900	0.3474	0.2194	0.1555	0.1342	0.1229	0.1148	0.7517	0.4284	0.2446	0.1636	0.1336	0.1174	0.1164	0.1100	0.6683	0.3236	0.1807	0.1426	0.1228	0.1140	0.1085	0.1070	0.4570	0.2354	0.1695	0.1313	0.1161	0.1095	0.1066	0.1005	0.2577	0.1799	0.1407	0.1183	0.1109	0.1061	0.1039	0.1022	
0.7309	0.7516	0.7869	0.6980	0.4356	0.3300	0.2648	0.2112	0.7604	0.7616	0.6708	0.3851	0.2474	0.1815	0.1644	0.1455	0.7635	0.7756	0.4754	0.2744	0.1745	0.1465	0.1287	0.1255	0.7524	0.7159	0.3606	0.2250	0.1573	0.1345	0.1236	0.1145	0.7495	0.4483	0.2510	0.1664	0.1334	0.1189	0.1163	0.1099	0.6910	0.3332	0.1842	0.1442	0.1240	0.1146	0.1093	0.1070	0.4775	0.2394	0.1710	0.1324	0.1163	0.1105	0.1070	0.1002	0.2650	0.1829	0.1415	0.1185	0.1108	0.1063	0.1041	0.1027	
0.7338	0.7547	0.7878	0.7180	0.4483	0.3392	0.2726	0.2103	0.7629	0.7600	0.6898	0.3996	0.2550	0.1838	0.1667	0.1481	0.7661	0.7768	0.4898	0.2841	0.1786	0.1473	0.1294	0.1263	0.7523	0.7346	0.3736	0.2286	0.1595	0.1352	0.1237	0.1149	0.7501	0.4661	0.2581	0.1692	0.1352	0.1188	0.1171	0.1104	0.7041	0.3462	0.1883	0.1442	0.1248	0.1144	0.1095	0.1075	0.4980	0.2455	0.1741	0.1324	0.1169	0.1099	0.1066	0.1011	0.2762	0.1853	0.1429	0.1193	0.1117	0.1071	0.1042	0.1023	
0.7377	0.7557	0.7902	0.7400	0.4643	0.3491	0.2807	0.2174	0.7672	0.7663	0.7145	0.4139	0.2618	0.1880	0.1689	0.1487	0.7713	0.7830	0.5131	0.2933	0.1812	0.1496	0.1299	0.1276	0.7584	0.7563	0.3896	0.2337	0.1611	0.1369	0.1249	0.1160	0.7547	0.4860	0.2656	0.1705	0.1354	0.1192	0.1170	0.1111	0.7142	0.3609	0.1911	0.1455	0.1246	0.1153	0.1095	0.1080	0.5267	0.2548	0.1768	0.1335	0.1168	0.1106	0.1071	0.1007	0.2867	0.1891	0.1429	0.1194	0.1117	0.1071	0.1045	0.1023	
0.7401	0.7563	0.7921	0.7609	0.4806	0.3613	0.2926	0.2218	0.7694	0.7656	0.7343	0.4316	0.2717	0.1910	0.1725	0.1510	0.7719	0.7837	0.5316	0.3042	0.1849	0.1514	0.1309	0.1275	0.7585	0.7685	0.4053	0.2404	0.1628	0.1369	0.1252	0.1166	0.7557	0.5101	0.2741	0.1734	0.1374	0.1207	0.1174	0.1116	0.7156	0.3750	0.1954	0.1460	0.1256	0.1162	0.1098	0.1081	0.5492	0.2600	0.1798	0.1345	0.1182	0.1112	0.1074	0.1009	0.2967	0.1931	0.1461	0.1196	0.1123	0.1074	0.1050	0.1025	
0.7424	0.7608	0.7947	0.7747	0.4940	0.3770	0.2979	0.2281	0.7744	0.7681	0.7522	0.4482	0.2792	0.1949	0.1738	0.1515	0.7764	0.7885	0.5540	0.3141	0.1879	0.1525	0.1316	0.1279	0.7621	0.7735	0.4185	0.2460	0.1648	0.1380	0.1259	0.1166	0.7606	0.5328	0.2803	0.1757	0.1391	0.1215	0.1178	0.1105	0.7202	0.3914	0.1976	0.1481	0.1264	0.1163	0.1103	0.1083	0.5744	0.2678	0.1824	0.1353	0.1187	0.1117	0.1075	0.1010	0.3098	0.1958	0.1463	0.1194	0.1120	0.1072	0.1043	0.1026	
0.7449	0.7646	0.7965	0.7878	0.5127	0.3920	0.3044	0.2326	0.7764	0.7684	0.7622	0.4619	0.2884	0.2004	0.1769	0.1527	0.7790	0.7895	0.5729	0.3246	0.1927	0.1541	0.1327	0.1299	0.7644	0.7774	0.4376	0.2533	0.1661	0.1412	0.1264	0.1175	0.7621	0.5529	0.2905	0.1787	0.1397	0.1212	0.1187	0.1116	0.7202	0.4054	0.2017	0.1498	0.1274	0.1167	0.1107	0.1082	0.5996	0.2762	0.1846	0.1365	0.1189	0.1114	0.1077	0.1014	0.3216	0.1984	0.1476	0.1212	0.1125	0.1077	0.1047	0.1034	
0.7475	0.7660	0.7936	0.7943	0.5404	0.4072	0.3124	0.2373	0.7795	0.7715	0.7674	0.4760	0.2967	0.2051	0.1814	0.1547	0.7829	0.7884	0.5963	0.3330	0.1947	0.1560	0.1341	0.1303	0.7665	0.7772	0.4523	0.2599	0.1689	0.1418	0.1283	0.1181	0.7625	0.5805	0.2982	0.1810	0.1404	0.1223	0.1192	0.1119	0.7241	0.4210	0.2063	0.1514	0.1284	0.1166	0.1112	0.1100	0.6250	0.2851	0.1876	0.1373	0.1193	0.1115	0.1080	0.1012	0.3358	0.2043	0.1495	0.1212	0.1136	0.1082	0.1052	0.1041	
0.7507	0.7677	0.7994	0.7945	0.5531	0.4137	0.3223	0.2451	0.7812	0.7734	0.7739	0.4886	0.3034	0.2070	0.1827	0.1562	0.7864	0.7926	0.6150	0.3443	0.1976	0.1569	0.1340	0.1312	0.7680	0.7810	0.4681	0.2634	0.1702	0.1431	0.1276	0.1176	0.7651	0.5970	0.3079	0.1827	0.1400	0.1225	0.1194	0.1122	0.7255	0.4375	0.2100	0.1513	0.1279	0.1175	0.1110	0.1086	0.6484	0.2930	0.1902	0.1381	0.1188	0.1112	0.1078	0.1007	0.3499	0.2075	0.1497	0.1207	0.1127	0.1078	0.1047	0.1034	
0.7527	0.7737	0.8063	0.8018	0.5766	0.4229	0.3256	0.2523	0.7862	0.7800	0.7767	0.5077	0.3154	0.2125	0.1862	0.1562	0.7913	0.7968	0.6399	0.3562	0.2004	0.1599	0.1356	0.1326	0.7736	0.7859	0.4877	0.2747	0.1740	0.1434	0.1291	0.1192	0.7734	0.6228	0.3183	0.1854	0.1421	0.1240	0.1197	0.1121	0.7298	0.4575	0.2127	0.1539	0.1281	0.1176	0.1110	0.1095	0.6745	0.3039	0.1931	0.1389	0.1195	0.1125	0.1079	0.1011	0.3670	0.2128	0.1515	0.1213	0.1133	0.1081	0.1059	0.1038	
