0.0913	0.0933	0.0901	0.0929	0.0920	0.0969	0.0913	0.1003	0.0907	0.0920	0.0904	0.0921	0.0955	0.0949	0.0919	0.0961	0.0906	0.0920	0.0898	0.0923	0.1004	0.0949	0.0917	0.1065	0.0905	0.0934	0.0902	0.0908	0.0914	0.0915	0.0913	0.0955	0.0890	0.0850	0.0878	0.0863	0.0895	0.0872	0.0866	0.0921	0.0848	0.0840	0.0865	0.0856	0.0873	0.0860	0.0854	0.0930	0.0863	0.0824	0.0849	0.0826	0.0888	0.0843	0.0868	0.0877	0.0831	0.0810	0.0861	0.0835	0.0847	0.0814	0.0870	0.0886	
0.0917	0.0949	0.0912	0.0919	0.0913	0.0912	0.0907	0.0923	0.0914	0.0914	0.0907	0.0915	0.0903	0.0919	0.0909	0.0915	0.0901	0.0905	0.0898	0.0907	0.0906	0.0914	0.0907	0.0916	0.0919	0.0901	0.0906	0.0894	0.0903	0.0895	0.0901	0.0903	0.0884	0.0878	0.0868	0.0884	0.0888	0.0880	0.0887	0.0902	0.0876	0.0877	0.0886	0.0879	0.0883	0.0889	0.0883	0.0882	0.0881	0.0884	0.0875	0.0874	0.0883	0.0869	0.0865	0.0884	0.0878	0.0882	0.0888	0.0881	0.0883	0.0874	0.0889	0.0883	
0.0920	0.0929	0.0908	0.0917	0.0915	0.0906	0.0908	0.0916	0.0913	0.0910	0.0906	0.0913	0.0902	0.0913	0.0904	0.0913	0.0905	0.0906	0.0898	0.0907	0.0903	0.0908	0.0904	0.0917	0.0911	0.0903	0.0907	0.0895	0.0899	0.0892	0.0908	0.0904	0.0889	0.0899	0.0893	0.0910	0.0900	0.0893	0.0904	0.0907	0.0880	0.0899	0.0884	0.0897	0.0879	0.0902	0.0884	0.0880	0.0884	0.0909	0.0886	0.0898	0.0884	0.0895	0.0864	0.0891	0.0886	0.0905	0.0890	0.0906	0.0883	0.0897	0.0869	0.0893	
0.0918	0.0924	0.0909	0.0915	0.0910	0.0910	0.0907	0.0915	0.0911	0.0913	0.0907	0.0908	0.0903	0.0910	0.0905	0.0915	0.0904	0.0901	0.0901	0.0902	0.0902	0.0910	0.0907	0.0913	0.1086	0.0903	0.0903	0.0902	0.0902	0.0892	0.0899	0.0902	0.0852	0.0836	0.0836	0.0839	0.0860	0.0826	0.0842	0.0839	0.0835	0.0820	0.0837	0.0834	0.0841	0.0834	0.0834	0.0824	0.0837	0.0826	0.0831	0.0828	0.0829	0.0820	0.0832	0.0818	0.0842	0.0827	0.0829	0.0843	0.0835	0.0823	0.0836	0.0825	
0.0919	0.0925	0.0909	0.0927	0.0909	0.0911	0.0908	0.0919	0.0914	0.0915	0.0903	0.0908	0.0904	0.0914	0.0906	0.0910	0.0903	0.0902	0.0899	0.0903	0.0903	0.0911	0.0901	0.0911	0.0945	0.0903	0.0910	0.0904	0.0906	0.0889	0.0899	0.0911	0.0890	0.0885	0.0874	0.0894	0.0898	0.0886	0.0894	0.0903	0.0878	0.0884	0.0883	0.0887	0.0878	0.0894	0.0889	0.0874	0.0881	0.0895	0.0884	0.0885	0.0886	0.0875	0.0874	0.0883	0.0884	0.0883	0.0886	0.0890	0.0885	0.0882	0.0894	0.0880	
0.0923	0.0924	0.0910	0.0919	0.0916	0.0909	0.0911	0.0913	0.0914	0.0917	0.0908	0.0911	0.0908	0.0914	0.0909	0.0914	0.0904	0.0903	0.0900	0.0905	0.0907	0.0912	0.0913	0.0914	0.1043	0.0908	0.0911	0.0907	0.0908	0.0892	0.0907	0.0903	0.0922	0.0935	0.0926	0.0936	0.0951	0.0937	0.0949	0.0944	0.0915	0.0937	0.0918	0.0934	0.0910	0.0935	0.0916	0.0928	0.0918	0.0939	0.0912	0.0926	0.0903	0.0931	0.0897	0.0928	0.0914	0.0939	0.0923	0.0934	0.0910	0.0934	0.0912	0.0932	
0.0921	0.0925	0.0911	0.0918	0.0913	0.0907	0.0909	0.0919	0.0913	0.0915	0.0907	0.0912	0.0908	0.0914	0.0909	0.0912	0.0905	0.0904	0.0900	0.0906	0.0904	0.0909	0.0911	0.0917	0.0986	0.0905	0.0908	0.0907	0.0905	0.0888	0.0902	0.0901	0.0879	0.0872	0.0864	0.0880	0.0888	0.0874	0.0879	0.0883	0.0872	0.0871	0.0881	0.0878	0.0871	0.0878	0.0882	0.0863	0.0881	0.0874	0.0875	0.0871	0.0882	0.0864	0.0870	0.0865	0.0877	0.0870	0.0884	0.0873	0.0875	0.0868	0.0871	0.0868	
0.0923	0.0923	0.0912	0.0916	0.0913	0.0910	0.0910	0.0920	0.0912	0.0916	0.0908	0.0912	0.0912	0.0916	0.0908	0.0915	0.0904	0.0905	0.0903	0.0905	0.0908	0.0915	0.0910	0.0914	0.1022	0.0907	0.0907	0.0909	0.0904	0.0892	0.0907	0.0901	0.0894	0.0903	0.0894	0.0901	0.0913	0.0898	0.0905	0.0913	0.0884	0.0906	0.0895	0.0900	0.0894	0.0904	0.0893	0.0886	0.0895	0.0904	0.0891	0.0901	0.0890	0.0903	0.0887	0.0895	0.0884	0.0904	0.0905	0.0902	0.0891	0.0901	0.0881	0.0892	
0.0923	0.0926	0.0911	0.0918	0.0913	0.0913	0.0909	0.0921	0.0914	0.0915	0.0909	0.0917	0.0909	0.0915	0.0917	0.0917	0.0907	0.0906	0.0906	0.0909	0.0907	0.0917	0.0914	0.0916	0.1021	0.0909	0.0915	0.0911	0.0910	0.0892	0.0906	0.0901	0.0858	0.0847	0.0830	0.0850	0.0852	0.0845	0.0840	0.0857	0.0846	0.0839	0.0854	0.0839	0.0859	0.0843	0.0856	0.0834	0.0853	0.0840	0.0847	0.0835	0.0851	0.0827	0.0850	0.0838	0.0851	0.0836	0.0857	0.0840	0.0845	0.0827	0.0851	0.0833	
0.0926	0.0926	0.0915	0.0922	0.0921	0.0906	0.0909	0.0924	0.0915	0.0917	0.0911	0.0911	0.0909	0.0918	0.0908	0.0914	0.0905	0.0906	0.0907	0.0909	0.0909	0.0916	0.0906	0.0916	0.1047	0.0908	0.0910	0.0907	0.0909	0.0891	0.0904	0.0910	0.0893	0.0901	0.0888	0.0895	0.0904	0.0898	0.0898	0.0912	0.0889	0.0892	0.0892	0.0899	0.0886	0.0894	0.0893	0.0886	0.0894	0.0901	0.0884	0.0886	0.0890	0.0894	0.0879	0.0894	0.0892	0.0891	0.0898	0.0891	0.0884	0.0888	0.0892	0.0882	
0.0927	0.0930	0.0913	0.0918	0.0919	0.0913	0.0914	0.0922	0.0914	0.0918	0.0905	0.0915	0.0912	0.0924	0.0906	0.0916	0.0904	0.0907	0.0905	0.0907	0.0905	0.0913	0.0909	0.0922	0.0953	0.0913	0.0910	0.0910	0.0907	0.0893	0.0907	0.0914	0.0880	0.0879	0.0891	0.0880	0.0916	0.0869	0.0909	0.0902	0.0881	0.0874	0.0865	0.0876	0.0873	0.0882	0.0870	0.0863	0.0875	0.0879	0.0866	0.0871	0.0863	0.0875	0.0861	0.0874	0.0876	0.0879	0.0874	0.0878	0.0869	0.0867	0.0869	0.0874	
0.0928	0.0932	0.0921	0.0926	0.0919	0.0913	0.0913	0.0923	0.0920	0.0922	0.0911	0.0919	0.0914	0.0917	0.0912	0.0920	0.0908	0.0909	0.0906	0.0907	0.0911	0.0918	0.0911	0.0922	0.0995	0.0913	0.0913	0.0904	0.0908	0.0898	0.0906	0.0908	0.0890	0.0889	0.0872	0.0893	0.0899	0.0886	0.0884	0.0894	0.0883	0.0884	0.0891	0.0884	0.0881	0.0893	0.0879	0.0874	0.0883	0.0891	0.0883	0.0888	0.0882	0.0878	0.0875	0.0878	0.0886	0.0886	0.0887	0.0888	0.0885	0.0875	0.0885	0.0876	
0.0935	0.0932	0.0923	0.0926	0.0920	0.0914	0.0915	0.0927	0.0920	0.0923	0.0919	0.0919	0.0915	0.0915	0.0916	0.0918	0.0914	0.0914	0.0913	0.0912	0.0911	0.0920	0.0916	0.0920	0.1003	0.0918	0.0920	0.0911	0.0915	0.0899	0.0909	0.0916	0.0924	0.0933	0.0927	0.0935	0.0948	0.0933	0.0954	0.0941	0.0920	0.0941	0.0920	0.0938	0.0907	0.0939	0.0906	0.0920	0.0919	0.0947	0.0915	0.0929	0.0908	0.0925	0.0895	0.0919	0.0912	0.0940	0.0921	0.0926	0.0910	0.0929	0.0907	0.0926	
0.0955	0.0934	0.0919	0.0929	0.0919	0.0916	0.0912	0.0923	0.0922	0.0921	0.0916	0.0918	0.0915	0.0920	0.0916	0.0916	0.0916	0.0913	0.0910	0.0911	0.0913	0.0922	0.0914	0.0920	0.0935	0.0922	0.0920	0.0915	0.0916	0.0897	0.0917	0.0909	0.0887	0.0886	0.0867	0.0885	0.0889	0.0887	0.0885	0.0894	0.0884	0.0876	0.0887	0.0874	0.0887	0.0887	0.0882	0.0868	0.0888	0.0879	0.0884	0.0873	0.0882	0.0871	0.0878	0.0865	0.0887	0.0877	0.0892	0.0882	0.0868	0.0876	0.0874	0.0864	
0.0934	0.0936	0.0921	0.0929	0.0922	0.0929	0.0913	0.0921	0.0925	0.0926	0.0920	0.0921	0.0915	0.0917	0.0914	0.0918	0.0913	0.0916	0.0915	0.0915	0.0914	0.0922	0.0912	0.0917	0.0971	0.0918	0.0920	0.0907	0.0913	0.0897	0.0910	0.0909	0.0911	0.0917	0.0908	0.0920	0.0924	0.0907	0.0921	0.0920	0.0899	0.0911	0.0907	0.0914	0.0905	0.0908	0.0908	0.0901	0.0910	0.0924	0.0904	0.0912	0.0901	0.0908	0.0888	0.0896	0.0909	0.0914	0.0903	0.0910	0.0900	0.0907	0.0895	0.0906	
0.0964	0.0938	0.0922	0.0927	0.0923	0.0917	0.0913	0.0926	0.0923	0.0927	0.0917	0.0923	0.0918	0.0931	0.0916	0.0919	0.0913	0.0915	0.0912	0.0915	0.0915	0.0922	0.0913	0.0920	0.0962	0.0917	0.0920	0.0906	0.0919	0.0900	0.0911	0.0906	0.0872	0.0856	0.0848	0.0859	0.0857	0.0848	0.0845	0.0868	0.0858	0.0847	0.0857	0.0850	0.0853	0.0854	0.0852	0.0841	0.0864	0.0849	0.0857	0.0855	0.0856	0.0845	0.0842	0.0828	0.0863	0.0841	0.0862	0.0852	0.0856	0.0843	0.0854	0.0839	
0.0940	0.0938	0.0924	0.0932	0.0923	0.0921	0.0913	0.0931	0.0926	0.0931	0.0918	0.0920	0.0919	0.0925	0.0919	0.0920	0.0920	0.0920	0.0912	0.0918	0.0916	0.0923	0.0915	0.0925	0.1047	0.0923	0.0928	0.0915	0.0920	0.0897	0.0910	0.0912	0.0900	0.0903	0.0888	0.0900	0.0907	0.0888	0.0900	0.0907	0.0894	0.0899	0.0896	0.0896	0.0894	0.0893	0.0886	0.0880	0.0900	0.0900	0.0895	0.0900	0.0889	0.0887	0.0883	0.0893	0.0892	0.0889	0.0903	0.0892	0.0885	0.0887	0.0888	0.0892	
0.0943	0.0947	0.0927	0.0933	0.0929	0.0918	0.0919	0.0926	0.0936	0.0933	0.0922	0.0927	0.0923	0.0926	0.0918	0.0925	0.0921	0.0921	0.0912	0.0921	0.0918	0.0925	0.0917	0.0923	0.0927	0.0926	0.0925	0.0914	0.0921	0.0901	0.0916	0.0916	0.0908	0.0920	0.0908	0.0916	0.0922	0.0913	0.0916	0.0920	0.0903	0.0930	0.0894	0.0915	0.0891	0.0910	0.0892	0.0891	0.0900	0.0929	0.0893	0.0908	0.0887	0.0903	0.0882	0.0897	0.0907	0.0925	0.0902	0.0913	0.0889	0.0903	0.0878	0.0888	
0.0946	0.0945	0.0929	0.0941	0.0926	0.0924	0.0919	0.0924	0.0941	0.0937	0.0928	0.0931	0.0921	0.0923	0.0921	0.0924	0.0923	0.0924	0.0919	0.0924	0.0922	0.0924	0.0917	0.0926	0.1146	0.0930	0.0927	0.0928	0.0922	0.0905	0.0909	0.0912	0.0874	0.0863	0.0848	0.0867	0.0860	0.0849	0.0851	0.0869	0.0859	0.0851	0.0865	0.0851	0.0864	0.0854	0.0863	0.0848	0.0865	0.0852	0.0864	0.0856	0.0865	0.0853	0.0854	0.0841	0.0866	0.0847	0.0861	0.0850	0.0859	0.0844	0.0848	0.0837	
0.0954	0.0952	0.0939	0.0940	0.0932	0.0930	0.0920	0.0930	0.0943	0.0945	0.0928	0.0935	0.0927	0.0923	0.0920	0.0931	0.0932	0.0936	0.0925	0.0928	0.0924	0.0929	0.0921	0.0924	0.0933	0.0934	0.0930	0.0919	0.0945	0.0908	0.0917	0.0911	0.0912	0.0927	0.0910	0.0924	0.0920	0.0909	0.0915	0.0924	0.0909	0.0921	0.0916	0.0923	0.0907	0.0915	0.0907	0.0904	0.0914	0.0925	0.0906	0.0912	0.0907	0.0902	0.0893	0.0901	0.0911	0.0920	0.0910	0.0924	0.0898	0.0900	0.0905	0.0899	
0.0956	0.0954	0.0937	0.0943	0.0934	0.0927	0.0938	0.0927	0.0947	0.0946	0.0933	0.0936	0.0929	0.0936	0.0922	0.0930	0.0933	0.0938	0.0929	0.0931	0.0923	0.0923	0.0923	0.0920	0.0947	0.0935	0.0934	0.0924	0.0921	0.0905	0.0913	0.0914	0.0928	0.0927	0.0928	0.0923	0.0951	0.0924	0.0946	0.0934	0.0916	0.0922	0.0917	0.0927	0.0910	0.0922	0.0903	0.0906	0.0916	0.0931	0.0909	0.0917	0.0897	0.0914	0.0892	0.0906	0.0911	0.0930	0.0918	0.0931	0.0895	0.0915	0.0899	0.0902	
0.0961	0.0958	0.0938	0.0948	0.0934	0.0931	0.0925	0.0929	0.0953	0.0951	0.0931	0.0933	0.0929	0.0932	0.0919	0.0924	0.0938	0.0940	0.0927	0.0932	0.0929	0.0929	0.0934	0.0928	0.1158	0.0941	0.0934	0.0925	0.0926	0.0903	0.0915	0.0916	0.0908	0.0913	0.0894	0.0919	0.0911	0.0897	0.0895	0.0902	0.0897	0.0913	0.0908	0.0908	0.0904	0.0898	0.0899	0.0878	0.0905	0.0928	0.0899	0.0902	0.0896	0.0888	0.0886	0.0881	0.0895	0.0907	0.0909	0.0904	0.0899	0.0889	0.0890	0.0883	
0.0959	0.0963	0.0940	0.0948	0.0938	0.0932	0.0926	0.0929	0.0954	0.0953	0.0933	0.0943	0.0934	0.0933	0.0919	0.0927	0.0936	0.0941	0.0929	0.0931	0.0922	0.0931	0.0916	0.0922	0.1135	0.0942	0.0939	0.0925	0.0927	0.0911	0.0913	0.0910	0.0919	0.0930	0.0920	0.0927	0.0931	0.0910	0.0924	0.0922	0.0903	0.0935	0.0910	0.0929	0.0898	0.0904	0.0894	0.0898	0.0909	0.0938	0.0912	0.0917	0.0893	0.0910	0.0877	0.0896	0.0907	0.0927	0.0917	0.0922	0.0893	0.0908	0.0884	0.0890	
0.0969	0.0969	0.0946	0.0954	0.0940	0.0933	0.0921	0.0931	0.0960	0.0956	0.0936	0.0945	0.0933	0.0936	0.0923	0.0922	0.0943	0.0946	0.0937	0.0935	0.0928	0.0937	0.0925	0.0927	0.1159	0.0950	0.0944	0.0943	0.0930	0.0910	0.0916	0.0916	0.0873	0.0871	0.0853	0.0873	0.0859	0.0851	0.0849	0.0854	0.0868	0.0863	0.0874	0.0859	0.0865	0.0844	0.0860	0.0839	0.0871	0.0864	0.0866	0.0855	0.0858	0.0833	0.0844	0.0837	0.0864	0.0859	0.0868	0.0860	0.0856	0.0839	0.0845	0.0839	
0.0974	0.0968	0.0949	0.0955	0.0942	0.0931	0.0928	0.0931	0.0966	0.0964	0.0943	0.0947	0.0937	0.0943	0.0922	0.0929	0.0949	0.0949	0.0941	0.0944	0.0931	0.0933	0.0919	0.0923	0.1071	0.0951	0.0949	0.0947	0.0934	0.0912	0.0920	0.0912	0.0926	0.0930	0.0915	0.0930	0.0922	0.0918	0.0912	0.0924	0.0909	0.0930	0.0920	0.0923	0.0913	0.0920	0.0904	0.0900	0.0912	0.0932	0.0914	0.0921	0.0907	0.0905	0.0893	0.0893	0.0915	0.0932	0.0924	0.0923	0.0901	0.0904	0.0893	0.0901	
0.0976	0.0975	0.0958	0.0962	0.0949	0.0942	0.0931	0.0938	0.0972	0.0973	0.0951	0.0955	0.0945	0.0947	0.0927	0.0938	0.0953	0.0963	0.0948	0.0946	0.0943	0.0942	0.0930	0.0925	0.1044	0.0959	0.0951	0.0950	0.0943	0.0917	0.0923	0.0921	0.0940	0.0953	0.0942	0.0947	0.0951	0.0924	0.0934	0.0929	0.0926	0.0955	0.0935	0.0947	0.0915	0.0928	0.0905	0.0906	0.0927	0.0952	0.0924	0.0969	0.0906	0.0918	0.0897	0.0905	0.0919	0.0943	0.0933	0.0938	0.0909	0.0926	0.0907	0.0914	
0.0983	0.0982	0.0960	0.0969	0.0954	0.0945	0.0928	0.0937	0.0978	0.0978	0.0952	0.0957	0.0948	0.0943	0.0927	0.0935	0.0961	0.0966	0.0956	0.0952	0.0943	0.0947	0.0925	0.0929	0.0961	0.0969	0.0961	0.0940	0.0947	0.0917	0.0923	0.0921	0.0922	0.0925	0.0900	0.0918	0.0916	0.0895	0.0886	0.0906	0.0910	0.0913	0.0925	0.0920	0.0906	0.0900	0.0892	0.0874	0.0911	0.0920	0.0916	0.0903	0.0897	0.0885	0.0881	0.0873	0.0907	0.0914	0.0920	0.0910	0.0901	0.0885	0.0872	0.0873	
0.0996	0.0991	0.0969	0.0984	0.0959	0.0953	0.0935	0.0939	0.0986	0.0979	0.0963	0.0966	0.0951	0.0949	0.0933	0.0937	0.0969	0.0970	0.0958	0.0957	0.0942	0.0945	0.0933	0.0926	0.1002	0.0971	0.0958	0.0965	0.0951	0.0921	0.0923	0.0922	0.0934	0.0942	0.0930	0.0948	0.0938	0.0932	0.0920	0.0929	0.0922	0.0952	0.0930	0.0947	0.0918	0.0922	0.0899	0.0911	0.0921	0.0956	0.0929	0.0939	0.0906	0.0909	0.0895	0.0905	0.0913	0.0946	0.0931	0.0936	0.0904	0.0908	0.0900	0.0902	
0.1010	0.1003	0.0977	0.0981	0.0962	0.0956	0.0931	0.0945	0.0995	0.0995	0.0972	0.0977	0.0963	0.0956	0.0936	0.0940	0.0975	0.0977	0.0972	0.0964	0.0953	0.0948	0.0930	0.0932	0.1010	0.0979	0.0973	0.0963	0.0955	0.0923	0.0929	0.0921	0.0933	0.0944	0.0940	0.0936	0.0946	0.0913	0.0929	0.0910	0.0915	0.0939	0.0924	0.0931	0.0906	0.0910	0.0879	0.0888	0.0913	0.0937	0.0913	0.0926	0.0901	0.0894	0.0876	0.0889	0.0907	0.0934	0.0916	0.0925	0.0893	0.0895	0.0888	0.0886	
0.1012	0.1010	0.0991	0.0991	0.0970	0.0956	0.0938	0.0941	0.1012	0.1006	0.0975	0.0980	0.0965	0.0959	0.0934	0.0941	0.0990	0.0992	0.0972	0.0973	0.0964	0.0960	0.0933	0.0927	0.1002	0.0989	0.0983	0.0961	0.0960	0.0926	0.0929	0.0915	0.0926	0.0942	0.0921	0.0940	0.0916	0.0906	0.0899	0.0908	0.0914	0.0943	0.0932	0.0930	0.0916	0.0909	0.0890	0.0877	0.0910	0.0934	0.0926	0.0919	0.0906	0.0896	0.0885	0.0880	0.0901	0.0930	0.0933	0.0925	0.0908	0.0888	0.0893	0.0866	
0.1025	0.1022	0.0998	0.1001	0.0981	0.0968	0.0940	0.0950	0.1018	0.1018	0.0988	0.0992	0.0974	0.0965	0.0945	0.0943	0.0997	0.1005	0.0983	0.0981	0.0965	0.0959	0.0938	0.0937	0.1056	0.1004	0.0989	0.0968	0.0962	0.0934	0.0935	0.0924	0.0957	0.0982	0.0952	0.0971	0.0950	0.0927	0.0918	0.0924	0.0932	0.0979	0.0956	0.0961	0.0938	0.0935	0.0911	0.0907	0.0926	0.0971	0.0950	0.0952	0.0922	0.0920	0.0896	0.0901	0.0927	0.0965	0.0953	0.0952	0.0918	0.0918	0.0908	0.0900	
0.1038	0.1032	0.1004	0.1010	0.0987	0.0970	0.0948	0.0942	0.1036	0.1027	0.0993	0.0997	0.0982	0.0967	0.0946	0.0945	0.1008	0.1011	0.0989	0.0979	0.0968	0.0964	0.0939	0.0929	0.1008	0.1012	0.0997	0.0979	0.0972	0.0935	0.0929	0.0926	0.0950	0.0956	0.0954	0.0949	0.0957	0.0913	0.0926	0.0914	0.0915	0.0956	0.0935	0.0946	0.0918	0.0910	0.0881	0.0879	0.0916	0.0952	0.0929	0.0930	0.0905	0.0896	0.0872	0.0884	0.0911	0.0947	0.0930	0.0938	0.0897	0.0898	0.0873	0.0879	
0.1056	0.1046	0.1016	0.1018	0.0997	0.0982	0.0953	0.0949	0.1049	0.1047	0.1004	0.1007	0.0990	0.0982	0.0939	0.0945	0.1031	0.1033	0.1006	0.1000	0.0978	0.0966	0.0944	0.0940	0.1053	0.1026	0.1008	0.0992	0.0982	0.0937	0.0930	0.0924	0.0944	0.0968	0.0945	0.0965	0.0934	0.0909	0.0902	0.0909	0.0929	0.0961	0.0959	0.0950	0.0935	0.0910	0.0894	0.0887	0.0923	0.0953	0.0953	0.0938	0.0915	0.0900	0.0893	0.0885	0.0911	0.0946	0.0950	0.0938	0.0910	0.0896	0.0894	0.0883	
0.1071	0.1065	0.1027	0.1037	0.1007	0.0989	0.0955	0.0949	0.1069	0.1065	0.1020	0.1022	0.0997	0.0988	0.0947	0.0951	0.1041	0.1045	0.1015	0.1012	0.0988	0.0978	0.0947	0.0936	0.1066	0.1046	0.1023	0.1004	0.0991	0.0949	0.0942	0.0931	0.0976	0.1006	0.0977	0.0990	0.0961	0.0945	0.0927	0.0931	0.0945	0.1002	0.0974	0.0976	0.0943	0.0938	0.0912	0.0904	0.0933	0.0993	0.0966	0.0970	0.0937	0.0924	0.0905	0.0906	0.0929	0.0988	0.0967	0.0968	0.0930	0.0916	0.0904	0.0902	
0.1087	0.1079	0.1040	0.1047	0.1020	0.0993	0.0959	0.0949	0.1082	0.1078	0.1026	0.1029	0.1006	0.0993	0.0947	0.0952	0.1053	0.1059	0.1024	0.1015	0.0992	0.0983	0.0950	0.0932	0.1046	0.1049	0.1021	0.1002	0.0995	0.0951	0.0941	0.0929	0.0986	0.1034	0.1004	0.1013	0.0992	0.0957	0.0951	0.0939	0.0957	0.1035	0.0987	0.1012	0.0945	0.0953	0.0909	0.0914	0.0939	0.1032	0.0968	0.0994	0.0941	0.0948	0.0900	0.0911	0.0936	0.1004	0.0974	0.0987	0.0927	0.0939	0.0899	0.0908	
0.1110	0.1109	0.1051	0.1069	0.1029	0.1003	0.0961	0.0954	0.1103	0.1097	0.1041	0.1044	0.1014	0.0999	0.0952	0.0963	0.1074	0.1079	0.1038	0.1030	0.1002	0.0983	0.0950	0.0943	0.1065	0.1073	0.1050	0.1020	0.1011	0.0953	0.0940	0.0928	0.0956	0.0990	0.0967	0.0968	0.0959	0.0912	0.0911	0.0884	0.0924	0.0973	0.0947	0.0955	0.0901	0.0897	0.0867	0.0866	0.0906	0.0968	0.0941	0.0944	0.0893	0.0882	0.0852	0.0860	0.0892	0.0963	0.0942	0.0937	0.0896	0.0880	0.0866	0.0858	
0.1124	0.1118	0.1071	0.1078	0.1040	0.1014	0.0971	0.0959	0.1129	0.1123	0.1057	0.1057	0.1026	0.1007	0.0958	0.0961	0.1097	0.1104	0.1056	0.1051	0.1012	0.0994	0.0955	0.0940	0.1084	0.1087	0.1057	0.1031	0.1013	0.0960	0.0949	0.0934	0.0990	0.1037	0.0999	0.1016	0.0979	0.0950	0.0928	0.0920	0.0956	0.1027	0.1002	0.1015	0.0966	0.0941	0.0910	0.0905	0.0941	0.1039	0.0987	0.0997	0.0943	0.0930	0.0898	0.0890	0.0930	0.1016	0.0991	0.0982	0.0934	0.0923	0.0907	0.0898	
0.1146	0.1140	0.1093	0.1105	0.1058	0.1026	0.0970	0.0957	0.1150	0.1144	0.1079	0.1073	0.1042	0.1021	0.0959	0.0964	0.1109	0.1125	0.1077	0.1069	0.1023	0.1004	0.0958	0.0944	0.1280	0.1101	0.1077	0.1047	0.1028	0.0967	0.0950	0.0936	0.1008	0.1071	0.1030	0.1035	0.1005	0.0974	0.0936	0.0940	0.0974	0.1063	0.1018	0.1023	0.0965	0.0956	0.0906	0.0912	0.0949	0.1054	0.1001	0.1015	0.0945	0.0950	0.0898	0.0910	0.0944	0.1045	0.1004	0.1006	0.0939	0.0945	0.0900	0.0906	
0.1175	0.1167	0.1116	0.1118	0.1068	0.1030	0.0977	0.0963	0.1184	0.1174	0.1098	0.1097	0.1059	0.1025	0.0964	0.0964	0.1139	0.1151	0.1100	0.1083	0.1038	0.1004	0.0959	0.0948	0.1129	0.1131	0.1092	0.1064	0.1033	0.0975	0.0956	0.0936	0.0981	0.1032	0.0999	0.1003	0.0950	0.0930	0.0880	0.0886	0.0940	0.1014	0.0998	0.0987	0.0942	0.0908	0.0880	0.0858	0.0915	0.1006	0.0975	0.0970	0.0920	0.0892	0.0877	0.0860	0.0903	0.0985	0.0981	0.0957	0.0912	0.0885	0.0879	0.0850	
0.1211	0.1197	0.1134	0.1153	0.1088	0.1048	0.0985	0.0965	0.1208	0.1213	0.1122	0.1122	0.1081	0.1040	0.0974	0.0971	0.1163	0.1187	0.1122	0.1112	0.1054	0.1019	0.0965	0.0945	0.1141	0.1158	0.1123	0.1071	0.1049	0.0981	0.0954	0.0934	0.1025	0.1102	0.1046	0.1059	0.0997	0.0971	0.0923	0.0929	0.0978	0.1076	0.1048	0.1046	0.0979	0.0946	0.0917	0.0902	0.0948	0.1061	0.1033	0.1024	0.0953	0.0922	0.0901	0.0896	0.0938	0.1043	0.1025	0.1015	0.0953	0.0930	0.0900	0.0893	
0.1255	0.1230	0.1161	0.1182	0.1106	0.1063	0.0990	0.0966	0.1252	0.1249	0.1153	0.1141	0.1090	0.1057	0.0975	0.0976	0.1203	0.1218	0.1154	0.1125	0.1066	0.1025	0.0972	0.0946	0.1175	0.1189	0.1143	0.1090	0.1062	0.0988	0.0960	0.0937	0.1055	0.1140	0.1094	0.1090	0.1034	0.0995	0.0952	0.0949	0.1005	0.1119	0.1074	0.1086	0.1002	0.0970	0.0932	0.0924	0.0971	0.1108	0.1055	0.1065	0.0984	0.0954	0.0914	0.0912	0.0957	0.1087	0.1056	0.1040	0.0971	0.0948	0.0911	0.0907	
0.1289	0.1274	0.1191	0.1202	0.1130	0.1067	0.0998	0.0970	0.1294	0.1287	0.1176	0.1161	0.1114	0.1067	0.0979	0.0974	0.1236	0.1252	0.1182	0.1155	0.1087	0.1045	0.0967	0.0944	0.1206	0.1209	0.1171	0.1114	0.1077	0.0992	0.0964	0.0940	0.1066	0.1169	0.1105	0.1117	0.1050	0.1009	0.0958	0.0947	0.1014	0.1150	0.1080	0.1105	0.1000	0.0985	0.0923	0.0911	0.0973	0.1140	0.1066	0.1088	0.0973	0.0972	0.0908	0.0914	0.0964	0.1113	0.1061	0.1061	0.0974	0.0963	0.0904	0.0914	
0.1352	0.1320	0.1231	0.1252	0.1158	0.1099	0.1000	0.0971	0.1338	0.1328	0.1205	0.1198	0.1143	0.1087	0.0985	0.0983	0.1283	0.1296	0.1223	0.1191	0.1106	0.1049	0.0976	0.0951	0.1250	0.1256	0.1195	0.1143	0.1096	0.1000	0.0970	0.0944	0.1037	0.1127	0.1071	0.1081	0.0995	0.0937	0.0894	0.0879	0.0969	0.1100	0.1050	0.1056	0.0973	0.0929	0.0881	0.0857	0.0925	0.1084	0.1033	0.1031	0.0933	0.0902	0.0869	0.0855	0.0903	0.1048	0.1030	0.1014	0.0931	0.0896	0.0874	0.0848	
0.1393	0.1360	0.1255	0.1282	0.1182	0.1104	0.1006	0.0979	0.1385	0.1373	0.1236	0.1229	0.1165	0.1106	0.0995	0.0991	0.1327	0.1340	0.1254	0.1228	0.1128	0.1063	0.0984	0.0949	0.1290	0.1296	0.1236	0.1165	0.1115	0.1011	0.0970	0.0948	0.1077	0.1191	0.1120	0.1137	0.1042	0.0982	0.0916	0.0915	0.1013	0.1174	0.1117	0.1107	0.1018	0.0957	0.0915	0.0884	0.0954	0.1143	0.1102	0.1093	0.0987	0.0925	0.0903	0.0877	0.0941	0.1111	0.1089	0.1069	0.0980	0.0935	0.0902	0.0879	
0.1464	0.1427	0.1301	0.1333	0.1222	0.1143	0.1019	0.0976	0.1447	0.1444	0.1287	0.1271	0.1202	0.1123	0.0997	0.0997	0.1370	0.1416	0.1299	0.1256	0.1156	0.1085	0.0987	0.0950	0.1374	0.1345	0.1280	0.1189	0.1136	0.1020	0.0982	0.0947	0.1117	0.1245	0.1182	0.1184	0.1074	0.1014	0.0947	0.0944	0.1043	0.1218	0.1166	0.1156	0.1049	0.0986	0.0926	0.0915	0.0985	0.1195	0.1142	0.1130	0.1008	0.0960	0.0918	0.0903	0.0965	0.1148	0.1131	0.1105	0.1000	0.0963	0.0924	0.0903	
0.1531	0.1506	0.1362	0.1396	0.1254	0.1150	0.1031	0.0983	0.1529	0.1510	0.1343	0.1309	0.1233	0.1140	0.1004	0.1005	0.1446	0.1483	0.1357	0.1308	0.1184	0.1103	0.1000	0.0966	0.1567	0.1398	0.1331	0.1238	0.1156	0.1032	0.0986	0.0952	0.1147	0.1304	0.1222	0.1226	0.1108	0.1037	0.0961	0.0952	0.1051	0.1281	0.1195	0.1213	0.1067	0.1008	0.0927	0.0923	0.0994	0.1239	0.1177	0.1176	0.1020	0.0977	0.0924	0.0911	0.0970	0.1206	0.1157	0.1138	0.1010	0.0978	0.0925	0.0909	
0.1607	0.1545	0.1415	0.1442	0.1296	0.1174	0.1035	0.0990	0.1607	0.1583	0.1391	0.1360	0.1274	0.1167	0.1007	0.1006	0.1483	0.1537	0.1423	0.1358	0.1231	0.1115	0.1001	0.0961	0.1602	0.1447	0.1382	0.1259	0.1194	0.1047	0.0986	0.0953	0.1172	0.1359	0.1255	0.1269	0.1132	0.1041	0.0970	0.0951	0.1071	0.1314	0.1237	0.1250	0.1073	0.1016	0.0927	0.0919	0.0991	0.1286	0.1205	0.1202	0.1030	0.0989	0.0922	0.0914	0.0975	0.1240	0.1180	0.1163	0.1019	0.0992	0.0914	0.0904	
0.1677	0.1634	0.1495	0.1491	0.1345	0.1212	0.1046	0.0990	0.1695	0.1679	0.1462	0.1405	0.1312	0.1195	0.1013	0.1015	0.1562	0.1605	0.1482	0.1408	0.1251	0.1137	0.1007	0.0955	0.1664	0.1516	0.1423	0.1327	0.1217	0.1054	0.0993	0.0952	0.1179	0.1362	0.1281	0.1282	0.1147	0.1029	0.0968	0.0942	0.1071	0.1327	0.1236	0.1253	0.1084	0.1009	0.0922	0.0908	0.0994	0.1282	0.1210	0.1203	0.1020	0.0981	0.0917	0.0899	0.0967	0.1229	0.1179	0.1164	0.1020	0.0973	0.0911	0.0899	
0.1766	0.1717	0.1544	0.1577	0.1391	0.1231	0.1052	0.0985	0.1780	0.1772	0.1515	0.1456	0.1362	0.1218	0.1022	0.1010	0.1649	0.1697	0.1552	0.1474	0.1291	0.1164	0.1014	0.0963	0.1695	0.1581	0.1480	0.1359	0.1253	0.1068	0.1004	0.0955	0.1229	0.1465	0.1345	0.1355	0.1170	0.1063	0.0951	0.0931	0.1093	0.1401	0.1323	0.1309	0.1133	0.1019	0.0945	0.0903	0.1005	0.1353	0.1289	0.1257	0.1072	0.0979	0.0925	0.0898	0.0977	0.1294	0.1243	0.1199	0.1051	0.0981	0.0933	0.0891	
0.1878	0.1824	0.1630	0.1650	0.1449	0.1276	0.1075	0.0999	0.1890	0.1882	0.1595	0.1542	0.1424	0.1256	0.1038	0.1020	0.1750	0.1797	0.1642	0.1537	0.1340	0.1178	0.1023	0.0965	0.1791	0.1669	0.1560	0.1401	0.1287	0.1088	0.1008	0.0962	0.1283	0.1540	0.1414	0.1412	0.1218	0.1092	0.0985	0.0957	0.1127	0.1493	0.1371	0.1374	0.1155	0.1058	0.0932	0.0921	0.1015	0.1439	0.1319	0.1316	0.1087	0.1024	0.0931	0.0917	0.0997	0.1375	0.1287	0.1256	0.1063	0.1026	0.0933	0.0915	
0.1987	0.1929	0.1708	0.1741	0.1516	0.1317	0.1083	0.1002	0.2003	0.2006	0.1683	0.1612	0.1486	0.1299	0.1044	0.1029	0.1843	0.1905	0.1718	0.1621	0.1390	0.1217	0.1031	0.0962	0.1747	0.1760	0.1644	0.1469	0.1328	0.1099	0.1014	0.0966	0.1272	0.1550	0.1430	0.1414	0.1196	0.1060	0.0926	0.0910	0.1113	0.1483	0.1396	0.1375	0.1150	0.1022	0.0922	0.0876	0.0994	0.1417	0.1345	0.1300	0.1070	0.0977	0.0903	0.0870	0.0969	0.1358	0.1301	0.1246	0.1062	0.0966	0.0908	0.0862	
0.2134	0.2061	0.1840	0.1847	0.1591	0.1375	0.1093	0.1009	0.2132	0.2137	0.1779	0.1699	0.1554	0.1330	0.1048	0.1027	0.1967	0.2035	0.1820	0.1707	0.1440	0.1240	0.1034	0.0967	0.2003	0.1857	0.1730	0.1537	0.1377	0.1119	0.1019	0.0967	0.1364	0.1691	0.1554	0.1537	0.1288	0.1126	0.0988	0.0976	0.1179	0.1609	0.1503	0.1494	0.1220	0.1087	0.0950	0.0925	0.1047	0.1546	0.1441	0.1429	0.1127	0.1042	0.0944	0.0927	0.1015	0.1452	0.1406	0.1347	0.1116	0.1031	0.0949	0.0918	
0.2319	0.2226	0.1963	0.1995	0.1704	0.1429	0.1111	0.1016	0.2303	0.2286	0.1914	0.1824	0.1647	0.1399	0.1063	0.1040	0.2112	0.2186	0.1968	0.1816	0.1522	0.1276	0.1046	0.0975	0.2123	0.1991	0.1855	0.1623	0.1439	0.1154	0.1035	0.0969	0.1349	0.1697	0.1554	0.1547	0.1272	0.1094	0.0960	0.0910	0.1152	0.1614	0.1497	0.1487	0.1188	0.1045	0.0906	0.0883	0.1011	0.1528	0.1433	0.1402	0.1101	0.0995	0.0898	0.0872	0.0976	0.1445	0.1382	0.1323	0.1080	0.0987	0.0901	0.0873	
0.2473	0.2359	0.2084	0.2122	0.1781	0.1481	0.1132	0.1016	0.2460	0.2439	0.2037	0.1908	0.1720	0.1445	0.1068	0.1044	0.2243	0.2315	0.2092	0.1924	0.1593	0.1314	0.1063	0.0974	0.2221	0.2102	0.1943	0.1728	0.1500	0.1182	0.1043	0.0974	0.1465	0.1874	0.1711	0.1701	0.1370	0.1162	0.0982	0.0960	0.1224	0.1766	0.1651	0.1618	0.1275	0.1113	0.0953	0.0931	0.1061	0.1676	0.1560	0.1531	0.1165	0.1058	0.0941	0.0912	0.1018	0.1561	0.1516	0.1438	0.1140	0.1055	0.0938	0.0909	
0.2667	0.2567	0.2227	0.2264	0.1892	0.1562	0.1156	0.1015	0.2680	0.2660	0.2197	0.2041	0.1828	0.1497	0.1079	0.1042	0.2430	0.2482	0.2237	0.2049	0.1664	0.1360	0.1065	0.0974	0.2230	0.2259	0.2086	0.1825	0.1556	0.1204	0.1051	0.0974	0.1543	0.2021	0.1805	0.1824	0.1452	0.1218	0.1005	0.1053	0.1261	0.1890	0.1728	0.1731	0.1348	0.1164	0.0970	0.0932	0.1088	0.1776	0.1646	0.1628	0.1210	0.1098	0.0958	0.0924	0.1047	0.1687	0.1571	0.1530	0.1201	0.1093	0.0964	0.0988	
0.2869	0.2733	0.2377	0.2406	0.1997	0.1628	0.1162	0.1025	0.2874	0.2821	0.2325	0.2174	0.1929	0.1580	0.1086	0.1063	0.2590	0.2664	0.2391	0.2183	0.1763	0.1409	0.1068	0.0982	0.2492	0.2425	0.2216	0.1927	0.1639	0.1232	0.1062	0.0976	0.1570	0.2061	0.1871	0.1858	0.1455	0.1198	0.0969	0.0925	0.1249	0.1947	0.1779	0.1785	0.1345	0.1136	0.0936	0.0887	0.1052	0.1808	0.1676	0.1659	0.1206	0.1058	0.0931	0.0877	0.1007	0.1691	0.1590	0.1545	0.1197	0.1047	0.0928	0.0882	
0.3110	0.2952	0.2570	0.2605	0.2140	0.1703	0.1190	0.1026	0.3123	0.3084	0.2508	0.2333	0.2056	0.1653	0.1105	0.1072	0.2820	0.2876	0.2557	0.2336	0.1869	0.1471	0.1087	0.0985	0.2544	0.2595	0.2388	0.2040	0.1720	0.1268	0.1076	0.0984	0.1696	0.2273	0.2054	0.2024	0.1570	0.1277	0.1028	0.0980	0.1342	0.2116	0.1956	0.1912	0.1452	0.1204	0.0990	0.0951	0.1114	0.1987	0.1843	0.1789	0.1291	0.1118	0.0969	0.0934	0.1060	0.1851	0.1736	0.1660	0.1275	0.1109	0.0977	0.0944	
0.3345	0.3188	0.2760	0.2775	0.2280	0.1775	0.1211	0.1028	0.3360	0.3276	0.2704	0.2480	0.2194	0.1718	0.1115	0.1066	0.3026	0.3062	0.2742	0.2495	0.1956	0.1524	0.1096	0.0978	0.2893	0.2761	0.2566	0.2170	0.1809	0.1300	0.1081	0.0986	0.1731	0.2372	0.2138	0.2117	0.1640	0.1321	0.1066	0.1009	0.1357	0.2220	0.2014	0.2007	0.1487	0.1254	0.0990	0.0966	0.1133	0.2042	0.1908	0.1863	0.1312	0.1163	0.0981	0.0947	0.1066	0.1886	0.1803	0.1720	0.1300	0.1145	0.0979	0.0956	
0.3592	0.3441	0.2970	0.3038	0.2435	0.1907	0.1247	0.1026	0.3641	0.3595	0.2930	0.2710	0.2361	0.1827	0.1130	0.1077	0.3297	0.3324	0.2952	0.2705	0.2080	0.1601	0.1119	0.0983	0.2940	0.2998	0.2748	0.2326	0.1902	0.1349	0.1102	0.0990	0.1827	0.2533	0.2290	0.2267	0.1712	0.1318	0.1022	0.0971	0.1398	0.2329	0.2171	0.2114	0.1560	0.1237	0.0988	0.0930	0.1143	0.2152	0.2021	0.1977	0.1356	0.1135	0.0971	0.0903	0.1076	0.1998	0.1921	0.1793	0.1352	0.1119	0.0981	0.0915	
0.3826	0.3673	0.3231	0.3259	0.2617	0.2022	0.1272	0.1033	0.3888	0.3810	0.3153	0.2855	0.2507	0.1935	0.1149	0.1099	0.3494	0.3619	0.3149	0.2876	0.2217	0.1655	0.1127	0.0998	0.3331	0.3224	0.2936	0.2439	0.2016	0.1388	0.1118	0.0992	0.1965	0.2769	0.2495	0.2444	0.1845	0.1409	0.1068	0.1013	0.1475	0.2532	0.2345	0.2308	0.1660	0.1303	0.1004	0.0959	0.1185	0.2328	0.2176	0.2127	0.1426	0.1209	0.0989	0.0948	0.1105	0.2170	0.2059	0.1946	0.1410	0.1196	0.1006	0.0958	
0.4116	0.3966	0.3457	0.3495	0.2830	0.2157	0.1316	0.1041	0.4166	0.4078	0.3402	0.3108	0.2714	0.2035	0.1175	0.1102	0.3763	0.3802	0.3407	0.3129	0.2377	0.1740	0.1162	0.0990	0.3370	0.3437	0.3168	0.2665	0.2154	0.1447	0.1130	0.1000	0.2000	0.2857	0.2567	0.2536	0.1892	0.1379	0.1018	0.0945	0.1456	0.2598	0.2419	0.2396	0.1688	0.1284	0.0973	0.0892	0.1148	0.2370	0.2248	0.2197	0.1434	0.1172	0.0951	0.0874	0.1068	0.2171	0.2123	0.1979	0.1418	0.1141	0.0968	0.0892	
0.4431	0.4239	0.3784	0.3760	0.3031	0.2297	0.1343	0.1054	0.4480	0.4371	0.3692	0.3368	0.2886	0.2176	0.1206	0.1118	0.4059	0.4097	0.3664	0.3351	0.2523	0.1829	0.1179	0.0999	0.3701	0.3702	0.3461	0.2837	0.2269	0.1509	0.1159	0.1004	0.2220	0.3161	0.2874	0.2814	0.2095	0.1537	0.1103	0.1026	0.1570	0.2868	0.2668	0.2640	0.1846	0.1415	0.1023	0.0971	0.1217	0.2628	0.2485	0.2385	0.1568	0.1284	0.1009	0.0955	0.1135	0.2411	0.2328	0.2185	0.1545	0.1258	0.1034	0.0977	
0.4749	0.4595	0.4071	0.4080	0.3275	0.2437	0.1392	0.1060	0.4791	0.4697	0.3993	0.3650	0.3145	0.2348	0.1222	0.1136	0.4346	0.4405	0.3959	0.3599	0.2717	0.1956	0.1198	0.1008	0.3888	0.3992	0.3732	0.3090	0.2437	0.1591	0.1184	0.1016	0.2302	0.3329	0.3024	0.2956	0.2164	0.1561	0.1130	0.1045	0.1612	0.2999	0.2803	0.2770	0.1920	0.1447	0.1045	0.0998	0.1242	0.2744	0.2577	0.2523	0.1615	0.1326	0.1029	0.0969	0.1143	0.2477	0.2416	0.2271	0.1598	0.1297	0.1038	0.0980	
0.5067	0.4888	0.4400	0.4331	0.3564	0.2653	0.1443	0.1074	0.5090	0.5003	0.4347	0.3973	0.3393	0.2510	0.1249	0.1168	0.4618	0.4710	0.4253	0.3879	0.2903	0.2066	0.1231	0.1018	0.4057	0.4315	0.4015	0.3350	0.2627	0.1678	0.1222	0.1024	0.2424	0.3582	0.3240	0.3168	0.2309	0.1622	0.1115	0.1009	0.1659	0.3194	0.3005	0.2948	0.2041	0.1485	0.1038	0.0957	0.1242	0.2905	0.2787	0.2683	0.1684	0.1311	0.1015	0.0933	0.1146	0.2625	0.2588	0.2425	0.1670	0.1283	0.1036	0.0929	
0.5361	0.5142	0.4705	0.4614	0.3832	0.2856	0.1505	0.1074	0.5428	0.5276	0.4643	0.4250	0.3680	0.2666	0.1290	0.1182	0.4918	0.4977	0.4534	0.4129	0.3140	0.2207	0.1270	0.1022	0.4458	0.4628	0.4345	0.3590	0.2810	0.1760	0.1252	0.1041	0.2583	0.3817	0.3452	0.3377	0.2501	0.1701	0.1149	0.1034	0.1728	0.3400	0.3227	0.3170	0.2152	0.1544	0.1047	0.0969	0.1269	0.3076	0.2986	0.2884	0.1750	0.1385	0.1026	0.0950	0.1169	0.2807	0.2756	0.2564	0.1729	0.1355	0.1049	0.0952	
0.5650	0.5444	0.5027	0.4918	0.4078	0.3070	0.1573	0.1090	0.5727	0.5559	0.4953	0.4599	0.3916	0.2880	0.1318	0.1196	0.5198	0.5273	0.4812	0.4399	0.3329	0.2333	0.1303	0.1023	0.4688	0.4916	0.4634	0.3868	0.3034	0.1860	0.1288	0.1060	0.2763	0.4122	0.3713	0.3656	0.2666	0.1784	0.1148	0.1039	0.1803	0.3643	0.3460	0.3422	0.2276	0.1603	0.1049	0.0958	0.1307	0.3310	0.3204	0.3107	0.1862	0.1416	0.1029	0.0938	0.1169	0.2991	0.2957	0.2757	0.1840	0.1392	0.1053	0.0957	
0.5886	0.5707	0.5325	0.5209	0.4362	0.3299	0.1639	0.1091	0.5942	0.5812	0.5262	0.4935	0.4223	0.3098	0.1365	0.1221	0.5514	0.5596	0.5131	0.4718	0.3596	0.2521	0.1347	0.1042	0.4974	0.5198	0.4971	0.4199	0.3285	0.1958	0.1324	0.1066	0.2911	0.4325	0.3931	0.3906	0.2819	0.1886	0.1214	0.1089	0.1872	0.3831	0.3650	0.3623	0.2423	0.1700	0.1097	0.1001	0.1350	0.3476	0.3369	0.3262	0.1937	0.1503	0.1071	0.0983	0.1211	0.3119	0.3111	0.2933	0.1921	0.1480	0.1099	0.1010	
0.6093	0.5979	0.5607	0.5514	0.4661	0.3593	0.1743	0.1111	0.6175	0.6104	0.5592	0.5256	0.4494	0.3346	0.1419	0.1257	0.5799	0.5902	0.5405	0.4977	0.3823	0.2653	0.1400	0.1047	0.5295	0.5523	0.5270	0.4498	0.3513	0.2066	0.1381	0.1080	0.3182	0.4662	0.4208	0.4220	0.3056	0.2029	0.1238	0.1078	0.1984	0.4143	0.3934	0.3880	0.2616	0.1812	0.1104	0.0987	0.1378	0.3736	0.3621	0.3481	0.2102	0.1555	0.1084	0.0967	0.1223	0.3343	0.3349	0.3114	0.2084	0.1528	0.1128	0.0991	
0.6248	0.6177	0.5873	0.5795	0.4948	0.3817	0.1804	0.1111	0.6364	0.6312	0.5882	0.5587	0.4776	0.3594	0.1454	0.1286	0.6017	0.6137	0.5698	0.5280	0.4107	0.2841	0.1450	0.1062	0.5565	0.5778	0.5580	0.4759	0.3747	0.2211	0.1422	0.1091	0.3336	0.4872	0.4431	0.4452	0.3253	0.2101	0.1222	0.1074	0.2026	0.4283	0.4107	0.4096	0.2764	0.1853	0.1097	0.0971	0.1383	0.3853	0.3802	0.3697	0.2195	0.1583	0.1081	0.0934	0.1218	0.3467	0.3508	0.3295	0.2166	0.1540	0.1131	0.0962	
0.6533	0.6440	0.6172	0.6064	0.5279	0.4092	0.1897	0.1130	0.6624	0.6577	0.6158	0.5886	0.5074	0.3808	0.1517	0.1309	0.6305	0.6428	0.5965	0.5573	0.4387	0.3064	0.1511	0.1074	0.6001	0.6119	0.5891	0.5060	0.4039	0.2362	0.1464	0.1114	0.3556	0.5154	0.4725	0.4701	0.3504	0.2263	0.1297	0.1123	0.2131	0.4541	0.4405	0.4404	0.2966	0.1990	0.1118	0.1013	0.1422	0.4097	0.4111	0.3966	0.2369	0.1683	0.1105	0.0983	0.1256	0.3662	0.3730	0.3529	0.2293	0.1620	0.1144	0.1011	
0.6752	0.6663	0.6413	0.6334	0.5547	0.4368	0.2046	0.1143	0.6825	0.6784	0.6415	0.6181	0.5359	0.4060	0.1565	0.1356	0.6520	0.6638	0.6248	0.5869	0.4657	0.3267	0.1568	0.1081	0.6033	0.6390	0.6176	0.5344	0.4341	0.2542	0.1542	0.1136	0.3789	0.5410	0.4969	0.5051	0.3783	0.2413	0.1330	0.1140	0.2238	0.4811	0.4689	0.4726	0.3193	0.2144	0.1161	0.1007	0.1493	0.4326	0.4358	0.4279	0.2553	0.1805	0.1134	0.0976	0.1291	0.3874	0.3984	0.3761	0.2481	0.1759	0.1187	0.1017	
0.6965	0.6878	0.6686	0.6594	0.5816	0.4656	0.2166	0.1175	0.7012	0.6999	0.6675	0.6434	0.5662	0.4404	0.1647	0.1383	0.6783	0.6891	0.6492	0.6143	0.4896	0.3438	0.1638	0.1112	0.6342	0.6676	0.6445	0.5702	0.4606	0.2683	0.1591	0.1175	0.3960	0.5595	0.5224	0.5238	0.3967	0.2451	0.1297	0.1083	0.2259	0.4981	0.4935	0.4921	0.3326	0.2102	0.1103	0.0956	0.1452	0.4502	0.4596	0.4435	0.2623	0.1806	0.1096	0.0920	0.1247	0.4016	0.4131	0.3885	0.2517	0.1728	0.1146	0.0968	
0.7104	0.7107	0.6907	0.6838	0.6131	0.4934	0.2307	0.1190	0.7056	0.7237	0.6930	0.6719	0.5977	0.4737	0.1745	0.1445	0.6991	0.7121	0.6750	0.6399	0.5269	0.3740	0.1700	0.1131	0.6612	0.6905	0.6721	0.5985	0.4946	0.2904	0.1688	0.1194	0.4273	0.5908	0.5500	0.5578	0.4250	0.2690	0.1397	0.1148	0.2433	0.5243	0.5205	0.5296	0.3610	0.2328	0.1187	0.1000	0.1544	0.4724	0.4913	0.4811	0.2829	0.1931	0.1154	0.0953	0.1317	0.4270	0.4447	0.4217	0.2759	0.1887	0.1221	0.1023	
0.7197	0.7293	0.7113	0.7028	0.6361	0.5206	0.2462	0.1211	0.7153	0.7388	0.7140	0.6982	0.6182	0.5045	0.1819	0.1498	0.7093	0.7310	0.7019	0.6687	0.5521	0.3995	0.1796	0.1152	0.7021	0.7102	0.6958	0.6276	0.5169	0.3127	0.1759	0.1214	0.4562	0.6273	0.5907	0.5834	0.4576	0.2908	0.1483	0.1209	0.2580	0.5642	0.5587	0.5548	0.3943	0.2503	0.1257	0.1041	0.1604	0.5139	0.5207	0.5063	0.3112	0.2068	0.1213	0.0997	0.1368	0.4603	0.4719	0.4480	0.2963	0.2014	0.1287	0.1058	
0.7278	0.7439	0.7270	0.7290	0.6552	0.5527	0.2637	0.1234	0.7242	0.7503	0.7256	0.7210	0.6442	0.5338	0.1923	0.1553	0.7200	0.7479	0.7187	0.6887	0.5717	0.4303	0.1904	0.1174	0.7021	0.7247	0.7151	0.6578	0.5399	0.3295	0.1867	0.1263	0.4775	0.6456	0.6094	0.6103	0.4794	0.3057	0.1514	0.1210	0.2642	0.5847	0.5746	0.5769	0.4107	0.2588	0.1238	0.1041	0.1617	0.5285	0.5361	0.5297	0.3290	0.2157	0.1227	0.1000	0.1360	0.4694	0.4903	0.4686	0.3123	0.2045	0.1292	0.1071	
0.7260	0.7557	0.7377	0.7492	0.6810	0.5812	0.2822	0.1255	0.7182	0.7554	0.7329	0.7439	0.6710	0.5623	0.2017	0.1631	0.7213	0.7546	0.7346	0.7151	0.5992	0.4524	0.2011	0.1190	0.7210	0.7359	0.7301	0.6848	0.5635	0.3582	0.1950	0.1281	0.5180	0.6717	0.6416	0.6342	0.5074	0.3270	0.1588	0.1228	0.2834	0.6153	0.6060	0.6019	0.4405	0.2796	0.1295	0.1028	0.1694	0.5589	0.5685	0.5536	0.3546	0.2316	0.1273	0.0975	0.1396	0.5044	0.5206	0.4975	0.3373	0.2246	0.1365	0.1069	
0.7287	0.7596	0.7439	0.7633	0.7024	0.6101	0.3030	0.1297	0.7218	0.7602	0.7408	0.7537	0.6946	0.5891	0.2152	0.1727	0.7231	0.7536	0.7421	0.7348	0.6210	0.4777	0.2105	0.1218	0.7112	0.7476	0.7435	0.7062	0.5908	0.3855	0.2069	0.1324	0.5465	0.6849	0.6542	0.6530	0.5340	0.3526	0.1680	0.1300	0.2981	0.6313	0.6238	0.6254	0.4669	0.3004	0.1349	0.1059	0.1758	0.5809	0.5865	0.5747	0.3754	0.2474	0.1309	0.1016	0.1433	0.5280	0.5379	0.5206	0.3578	0.2393	0.1445	0.1099	
0.7279	0.7618	0.7467	0.7686	0.7271	0.6356	0.3270	0.1325	0.7234	0.7604	0.7438	0.7613	0.7188	0.6126	0.2284	0.1794	0.7207	0.7576	0.7465	0.7490	0.6524	0.5161	0.2263	0.1258	0.7304	0.7449	0.7522	0.7251	0.6221	0.4121	0.2218	0.1374	0.5562	0.6826	0.6549	0.6548	0.5541	0.3719	0.1723	0.1297	0.3028	0.6448	0.6352	0.6341	0.4883	0.3113	0.1338	0.1052	0.1731	0.5878	0.6043	0.5907	0.3990	0.2520	0.1308	0.1000	0.1431	0.5369	0.5514	0.5350	0.3725	0.2452	0.1427	0.1105	
0.7372	0.7659	0.7467	0.7800	0.7456	0.6576	0.3482	0.1379	0.7306	0.7641	0.7470	0.7685	0.7363	0.6279	0.2436	0.1903	0.7301	0.7622	0.7495	0.7595	0.6630	0.5372	0.2431	0.1287	0.7217	0.7454	0.7536	0.7434	0.6526	0.4285	0.2344	0.1441	0.5868	0.6957	0.6761	0.6913	0.5843	0.3969	0.1800	0.1345	0.3252	0.6777	0.6627	0.6731	0.5174	0.3349	0.1401	0.1054	0.1829	0.6298	0.6400	0.6268	0.4280	0.2711	0.1368	0.0998	0.1490	0.5714	0.5807	0.5691	0.3982	0.2605	0.1514	0.1107	
0.7355	0.7684	0.7520	0.7804	0.7484	0.6902	0.3688	0.1398	0.7284	0.7695	0.7452	0.7726	0.7484	0.6570	0.2591	0.1994	0.7310	0.7679	0.7525	0.7681	0.6773	0.5659	0.2589	0.1320	0.7257	0.7484	0.7541	0.7437	0.6715	0.4554	0.2489	0.1482	0.6103	0.6987	0.6839	0.6890	0.6104	0.4282	0.1929	0.1412	0.3454	0.6925	0.6685	0.6845	0.5399	0.3594	0.1464	0.1087	0.1918	0.6495	0.6557	0.6484	0.4485	0.2922	0.1426	0.1014	0.1533	0.5927	0.6007	0.5872	0.4215	0.2780	0.1576	0.1156	
0.7390	0.7723	0.7533	0.7879	0.7610	0.7155	0.3962	0.1475	0.7347	0.7743	0.7492	0.7713	0.7583	0.6874	0.2771	0.2118	0.7341	0.7669	0.7526	0.7644	0.7207	0.5942	0.2732	0.1365	0.7363	0.7538	0.7575	0.7551	0.7002	0.5018	0.2612	0.1523	0.6272	0.7029	0.6888	0.6928	0.6347	0.4599	0.2040	0.1479	0.3619	0.6992	0.6786	0.6928	0.5676	0.3879	0.1534	0.1124	0.1992	0.6664	0.6676	0.6697	0.4726	0.3134	0.1499	0.1050	0.1576	0.6132	0.6290	0.6141	0.4425	0.2996	0.1648	0.1208	
0.7406	0.7729	0.7535	0.7865	0.7628	0.7351	0.4292	0.1525	0.7323	0.7702	0.7509	0.7738	0.7562	0.7139	0.3011	0.2231	0.7338	0.7706	0.7576	0.7666	0.7471	0.6200	0.2967	0.1427	0.7285	0.7497	0.7566	0.7569	0.7165	0.5319	0.2771	0.1593	0.6394	0.7053	0.6939	0.7078	0.6541	0.4886	0.2166	0.1529	0.3818	0.7025	0.6856	0.6903	0.5907	0.4109	0.1577	0.1142	0.2058	0.6860	0.6724	0.6835	0.5016	0.3300	0.1552	0.1051	0.1612	0.6374	0.6484	0.6380	0.4677	0.3161	0.1734	0.1233	
0.7438	0.7724	0.7574	0.7946	0.7668	0.7616	0.4560	0.1588	0.7350	0.7737	0.7543	0.7773	0.7627	0.7420	0.3195	0.2372	0.7369	0.7701	0.7584	0.7704	0.7560	0.6445	0.3143	0.1470	0.7287	0.7561	0.7640	0.7592	0.7481	0.5732	0.2961	0.1649	0.6376	0.7006	0.6870	0.7047	0.6654	0.5065	0.2203	0.1494	0.3943	0.7000	0.6778	0.6945	0.6095	0.4270	0.1596	0.1087	0.2048	0.6936	0.6729	0.6814	0.5270	0.3456	0.1546	0.0997	0.1565	0.6466	0.6594	0.6471	0.4903	0.3279	0.1766	0.1188	
0.7499	0.7786	0.7595	0.7963	0.7688	0.7711	0.4900	0.1652	0.7417	0.7753	0.7557	0.7807	0.7614	0.7594	0.3478	0.2485	0.7393	0.7737	0.7622	0.7729	0.7631	0.6718	0.3381	0.1525	0.7352	0.7559	0.7648	0.7613	0.7527	0.6106	0.3214	0.1727	0.6544	0.7101	0.7011	0.7165	0.6780	0.5443	0.2384	0.1643	0.4254	0.7104	0.6891	0.7110	0.6405	0.4600	0.1708	0.1157	0.2182	0.7083	0.6851	0.6952	0.5637	0.3740	0.1700	0.1068	0.1660	0.6753	0.6727	0.6751	0.5254	0.3572	0.1930	0.1276	
0.7467	0.7780	0.7617	0.7920	0.7666	0.7764	0.5230	0.1726	0.7399	0.7778	0.7575	0.7776	0.7654	0.7693	0.3720	0.2674	0.7402	0.7745	0.7620	0.7740	0.7604	0.6888	0.3644	0.1602	0.7335	0.7549	0.7625	0.7664	0.7609	0.6407	0.3467	0.1811	0.6561	0.7087	0.6962	0.7143	0.6754	0.5622	0.2566	0.1724	0.4444	0.7098	0.6868	0.7070	0.6535	0.4850	0.1786	0.1206	0.2236	0.7107	0.6837	0.6873	0.5880	0.3955	0.1784	0.1103	0.1698	0.6912	0.6734	0.6881	0.5496	0.3772	0.2032	0.1319	
0.7517	0.7799	0.7596	0.7965	0.7700	0.7858	0.5477	0.1802	0.7439	0.7813	0.7590	0.7798	0.7689	0.7802	0.3960	0.2844	0.7458	0.7777	0.7649	0.7775	0.7653	0.6994	0.3882	0.1658	0.7408	0.7622	0.7632	0.7638	0.7641	0.6698	0.3703	0.1923	0.6552	0.7152	0.7030	0.7222	0.6808	0.5979	0.2700	0.1750	0.4656	0.7102	0.6896	0.7121	0.6641	0.5106	0.1844	0.1198	0.2305	0.7113	0.6865	0.6975	0.6066	0.4212	0.1820	0.1075	0.1707	0.6960	0.6817	0.6967	0.5698	0.3992	0.2097	0.1321	
0.7520	0.7830	0.7650	0.7953	0.7747	0.7824	0.5807	0.1905	0.7457	0.7807	0.7598	0.7822	0.7711	0.7794	0.4261	0.3039	0.7421	0.7781	0.7622	0.7775	0.7679	0.7426	0.4156	0.1733	0.7367	0.7605	0.7690	0.7716	0.7702	0.6871	0.4007	0.1981	0.6503	0.7126	0.7019	0.7201	0.6822	0.6190	0.2890	0.1892	0.4891	0.7127	0.6928	0.7125	0.6657	0.5388	0.1972	0.1269	0.2427	0.7119	0.6904	0.7019	0.6333	0.4473	0.1929	0.1131	0.1800	0.7043	0.6885	0.6982	0.5919	0.4268	0.2215	0.1413	
0.7522	0.7836	0.7655	0.7972	0.7718	0.7841	0.5996	0.2006	0.7494	0.7830	0.7638	0.7848	0.7699	0.7818	0.4509	0.3238	0.7483	0.7814	0.7669	0.7794	0.7669	0.7562	0.4464	0.1834	0.7426	0.7654	0.7694	0.7699	0.7725	0.7055	0.4307	0.2094	0.6559	0.7164	0.7063	0.7226	0.6914	0.6433	0.3116	0.1954	0.5079	0.7147	0.6923	0.7169	0.6598	0.5648	0.2090	0.1313	0.2503	0.7123	0.6922	0.7026	0.6398	0.4708	0.2007	0.1152	0.1827	0.7066	0.6889	0.7005	0.6049	0.4471	0.2323	0.1469	
0.7573	0.7852	0.7666	0.7988	0.7765	0.7884	0.6283	0.2125	0.7500	0.7860	0.7642	0.7836	0.7740	0.7837	0.4849	0.3479	0.7512	0.7792	0.7718	0.7761	0.7735	0.7627	0.4833	0.1912	0.7420	0.7698	0.7738	0.7757	0.7736	0.7028	0.4543	0.2239	0.6580	0.7218	0.7089	0.7261	0.6910	0.6646	0.3306	0.2030	0.5342	0.7225	0.6993	0.7181	0.6594	0.5912	0.2224	0.1309	0.2600	0.7213	0.6966	0.7062	0.6489	0.5002	0.2161	0.1136	0.1868	0.7125	0.6969	0.6917	0.6226	0.4717	0.2490	0.1479	
0.7610	0.7876	0.7705	0.8010	0.7763	0.7902	0.6542	0.2264	0.7589	0.7897	0.7662	0.7891	0.7746	0.7858	0.5131	0.3717	0.7553	0.7881	0.7732	0.7851	0.7728	0.7657	0.5123	0.2045	0.7464	0.7735	0.7760	0.7799	0.7719	0.7089	0.4957	0.2411	0.6648	0.7303	0.7160	0.7292	0.6989	0.6817	0.3597	0.2215	0.5630	0.7267	0.7033	0.7229	0.6789	0.6113	0.2387	0.1376	0.2747	0.7279	0.7000	0.7134	0.6612	0.5207	0.2304	0.1201	0.1963	0.7202	0.6963	0.7016	0.6455	0.4974	0.2644	0.1589	
0.7654	0.7915	0.7740	0.8063	0.7799	0.7937	0.6816	0.2382	0.7574	0.7919	0.7698	0.7900	0.7788	0.7912	0.5391	0.3960	0.7574	0.7870	0.7752	0.7871	0.7754	0.7679	0.5344	0.2137	0.7467	0.7758	0.7781	0.7796	0.7775	0.7450	0.5267	0.2589	0.6611	0.7274	0.7143	0.7282	0.6973	0.6941	0.3784	0.2301	0.5809	0.7212	0.7004	0.7194	0.6728	0.6332	0.2532	0.1429	0.2826	0.7200	0.6972	0.7064	0.6558	0.5432	0.2436	0.1223	0.2003	0.7133	0.6978	0.6910	0.6487	0.5172	0.2834	0.1645	
0.7680	0.7929	0.7777	0.8086	0.7894	0.7960	0.7095	0.2523	0.7622	0.7913	0.7748	0.7927	0.7807	0.7888	0.5744	0.4245	0.7606	0.7907	0.7794	0.7932	0.7803	0.7724	0.5588	0.2253	0.7544	0.7755	0.7794	0.7825	0.7809	0.7507	0.5594	0.2802	0.6768	0.7345	0.7191	0.7372	0.7099	0.7017	0.4076	0.2458	0.6109	0.7324	0.7098	0.7277	0.6874	0.6626	0.2670	0.1459	0.2972	0.7294	0.7044	0.7192	0.6646	0.5745	0.2611	0.1230	0.2049	0.7215	0.6995	0.7056	0.6657	0.5455	0.2991	0.1708	
0.7687	0.7951	0.7766	0.8048	0.7827	0.7969	0.7277	0.2686	0.7599	0.7984	0.7736	0.7948	0.7828	0.7946	0.5927	0.4556	0.7627	0.7950	0.7821	0.7871	0.7820	0.7725	0.5961	0.2372	0.7594	0.7766	0.7857	0.7834	0.7813	0.7553	0.5933	0.2967	0.6764	0.7328	0.7190	0.7381	0.7109	0.6884	0.4326	0.2598	0.6214	0.7281	0.7093	0.7287	0.6906	0.6749	0.2857	0.1552	0.3092	0.7285	0.7029	0.7173	0.6612	0.5990	0.2794	0.1328	0.2127	0.7186	0.6991	0.7117	0.6602	0.5688	0.3251	0.1822	
0.7735	0.7957	0.7793	0.8074	0.7863	0.7943	0.7460	0.2852	0.7687	0.7996	0.7726	0.7966	0.7839	0.7921	0.6135	0.4821	0.7668	0.7953	0.7793	0.7903	0.7818	0.7759	0.6219	0.2533	0.7634	0.7831	0.7836	0.7862	0.7834	0.7573	0.6240	0.3162	0.6705	0.7253	0.7079	0.7326	0.7005	0.6863	0.4466	0.2638	0.6198	0.7214	0.7008	0.7231	0.6824	0.6777	0.2901	0.1515	0.3136	0.7200	0.6973	0.7115	0.6506	0.6119	0.2855	0.1254	0.2110	0.7114	0.6954	0.7024	0.6555	0.5841	0.3324	0.1785	
0.7771	0.8013	0.7820	0.8138	0.7901	0.7972	0.7624	0.3057	0.7707	0.7998	0.7797	0.7994	0.7844	0.7992	0.6434	0.5140	0.7706	0.8015	0.7862	0.7931	0.7882	0.7780	0.6523	0.2706	0.7623	0.7853	0.7884	0.7921	0.7840	0.7634	0.6563	0.3417	0.6761	0.7368	0.7200	0.7346	0.7051	0.6903	0.4808	0.2935	0.6321	0.7319	0.7094	0.7295	0.6868	0.6909	0.3174	0.1663	0.3363	0.7322	0.7078	0.7187	0.6611	0.6386	0.3100	0.1366	0.2260	0.7216	0.7065	0.7101	0.6571	0.6132	0.3577	0.1952	
0.7786	0.8026	0.7823	0.8124	0.7887	0.7982	0.7638	0.3295	0.7730	0.8030	0.7791	0.8018	0.7863	0.7972	0.6741	0.5376	0.7741	0.8032	0.7867	0.7945	0.7848	0.7810	0.6766	0.2875	0.7726	0.7889	0.7907	0.7942	0.7853	0.7621	0.6805	0.3660	0.6756	0.7393	0.7229	0.7396	0.7106	0.7001	0.5034	0.2998	0.6382	0.7338	0.7150	0.7312	0.6869	0.6956	0.3340	0.1721	0.3515	0.7309	0.7084	0.7198	0.6625	0.6583	0.3294	0.1396	0.2323	0.7237	0.7043	0.7107	0.6546	0.6368	0.3803	0.2029	
