0.0931	0.0932	0.0934	0.0922	0.0931	0.0951	0.1038	0.1044	0.0976	0.0948	0.0963	0.0950	0.0981	0.1037	0.1057	0.1083	0.0950	0.0952	0.0945	0.0936	0.0955	0.0967	0.1006	0.1019	0.1188	0.1011	0.0957	0.0976	0.0987	0.1016	0.0999	0.1049	0.0927	0.0943	0.0937	0.0941	0.0936	0.0964	0.0971	0.1013	0.0982	0.1150	0.0987	0.1009	0.1031	0.1094	0.1175	0.1128	0.0925	0.0957	0.0939	0.0942	0.0962	0.0970	0.1004	0.1025	0.1091	0.1086	0.1053	0.1115	0.1289	0.1277	0.1111	0.1111	
0.0936	0.0937	0.0930	0.0926	0.0930	0.0922	0.0948	0.0942	0.0941	0.0929	0.0925	0.0932	0.0944	0.0940	0.0935	0.0952	0.0942	0.0938	0.0936	0.0925	0.0925	0.0927	0.0960	0.0952	0.0930	0.0953	0.0940	0.0936	0.0931	0.0951	0.0943	0.0969	0.0920	0.0937	0.0938	0.0928	0.0933	0.0927	0.0923	0.0960	0.0941	0.0940	0.0934	0.0944	0.0938	0.0929	0.0939	0.0951	0.0923	0.0949	0.0934	0.0931	0.0927	0.0929	0.0936	0.0966	0.0941	0.0942	0.0939	0.0938	0.0924	0.0932	0.0959	0.0952	
0.0940	0.0928	0.0930	0.0928	0.0928	0.0925	0.0951	0.0946	0.0938	0.0924	0.0935	0.0929	0.0939	0.0941	0.0933	0.0960	0.0925	0.0949	0.0920	0.0929	0.0934	0.0923	0.0945	0.0963	0.0935	0.0937	0.0951	0.0951	0.0944	0.0967	0.0951	0.0960	0.0941	0.0954	0.0951	0.0957	0.0955	0.0950	0.0970	0.0965	0.0951	0.0973	0.0953	0.0942	0.0948	0.0944	0.0958	0.0960	0.0955	0.0966	0.0938	0.0951	0.0939	0.0933	0.0967	0.0979	0.0957	0.0943	0.0957	0.0960	0.0948	0.0966	0.0965	0.0967	
0.0955	0.0957	0.0943	0.0940	0.0931	0.0925	0.0956	0.0970	0.0939	0.0943	0.0931	0.0933	0.0956	0.0958	0.0956	0.0964	0.0950	0.0941	0.0935	0.0949	0.0935	0.0952	0.0958	0.0987	0.0940	0.0938	0.0973	0.0961	0.0948	0.0967	0.0977	0.0996	0.0941	0.0937	0.0947	0.0961	0.0944	0.0947	0.0959	0.0991	0.0946	0.0978	0.0957	0.0939	0.0951	0.0960	0.0960	0.0962	0.0918	0.0944	0.0956	0.0942	0.0944	0.0952	0.0950	0.0989	0.0964	0.0955	0.0963	0.0949	0.0964	0.0964	0.0963	0.0987	
0.0912	0.0915	0.0903	0.0902	0.0919	0.0910	0.0929	0.0927	0.0932	0.0905	0.0934	0.0910	0.0897	0.0944	0.0924	0.0949	0.0933	0.0910	0.0899	0.0929	0.0932	0.0936	0.0923	0.0960	0.0926	0.0941	0.0933	0.0942	0.0916	0.0927	0.0930	0.0945	0.0911	0.0944	0.0918	0.0934	0.0935	0.0915	0.0932	0.0971	0.0936	0.0930	0.0938	0.0932	0.0934	0.0936	0.0937	0.0965	0.0924	0.0938	0.0932	0.0930	0.0919	0.0924	0.0922	0.0967	0.0922	0.0937	0.0930	0.0919	0.0912	0.0920	0.0958	0.0946	
0.0949	0.0929	0.0934	0.0920	0.0926	0.0915	0.0939	0.0941	0.0926	0.0942	0.0923	0.0936	0.0927	0.0940	0.0940	0.0974	0.0944	0.0937	0.0925	0.0921	0.0921	0.0927	0.0957	0.0960	0.0942	0.0950	0.0930	0.0943	0.0922	0.0926	0.0962	0.0975	0.0944	0.0942	0.0929	0.0945	0.0938	0.0935	0.0937	0.0971	0.0949	0.0941	0.0951	0.0964	0.0925	0.0937	0.0948	0.0963	0.0924	0.0935	0.0938	0.0928	0.0931	0.0924	0.0922	0.0960	0.0949	0.0953	0.0938	0.0950	0.0929	0.0928	0.0967	0.0973	
0.0955	0.0950	0.0940	0.0936	0.0938	0.0935	0.0959	0.0962	0.0950	0.0938	0.0944	0.0939	0.0947	0.0951	0.0945	0.0987	0.0938	0.0943	0.0934	0.0939	0.0952	0.0930	0.0961	0.0977	0.0956	0.0945	0.0946	0.0949	0.0950	0.0960	0.0961	0.0981	0.0935	0.0945	0.0946	0.0947	0.0957	0.0954	0.0962	0.0985	0.0950	0.0959	0.0935	0.0958	0.0947	0.0954	0.0957	0.0981	0.0933	0.0951	0.0958	0.0950	0.0947	0.0959	0.0947	0.0984	0.0954	0.0958	0.0949	0.0954	0.0941	0.0945	0.0964	0.0988	
0.0943	0.0966	0.0929	0.0943	0.0932	0.0938	0.0962	0.0959	0.0944	0.0930	0.0948	0.0938	0.0937	0.0952	0.0957	0.0969	0.0938	0.0949	0.0937	0.0929	0.0937	0.0937	0.0957	0.0977	0.0949	0.0953	0.0950	0.0950	0.0942	0.0953	0.0964	0.0969	0.0939	0.0953	0.0942	0.0953	0.0942	0.0938	0.0968	0.0990	0.0949	0.0952	0.0943	0.0948	0.0943	0.0946	0.0950	0.0973	0.0935	0.0953	0.0946	0.0942	0.0938	0.0937	0.0953	0.0990	0.0952	0.0949	0.0942	0.0966	0.0955	0.0943	0.0962	0.0970	
0.0950	0.0954	0.0953	0.0942	0.0936	0.0939	0.0964	0.0966	0.0944	0.0939	0.0941	0.0940	0.0955	0.0960	0.0952	0.0972	0.0940	0.0953	0.0937	0.0944	0.0949	0.0936	0.0971	0.0978	0.0957	0.0998	0.0970	0.0954	0.0931	0.0950	0.0953	0.0974	0.0932	0.0975	0.1000	0.0949	0.0970	0.0946	0.0955	0.1007	0.0958	0.0955	0.0948	0.0961	0.0954	0.0942	0.0956	0.0971	0.0922	0.0956	0.0956	0.0959	0.0940	0.0948	0.0952	0.0991	0.0963	0.0956	0.0961	0.0968	0.0951	0.0944	0.0953	0.0990	
0.0953	0.0948	0.0933	0.0930	0.0938	0.0933	0.0960	0.0959	0.0941	0.0925	0.0931	0.0952	0.0973	0.0955	0.0975	0.0964	0.0987	0.0967	0.0950	0.0929	0.0951	0.0975	0.0984	0.0978	0.0943	0.0957	0.0949	0.0950	0.0955	0.0955	0.0978	0.0990	0.0926	0.0937	0.0947	0.0946	0.0929	0.0947	0.0952	0.0989	0.0961	0.0952	0.0948	0.0947	0.0951	0.0943	0.0977	0.0970	0.0929	0.0961	0.0951	0.0956	0.0933	0.0943	0.0946	0.0989	0.0947	0.0958	0.0944	0.0977	0.0939	0.0940	0.0968	0.1000	
0.0951	0.0949	0.0953	0.0939	0.0942	0.0932	0.0960	0.0966	0.0957	0.0935	0.0939	0.0943	0.0945	0.0957	0.0962	0.0982	0.0947	0.0941	0.0940	0.0946	0.0937	0.0942	0.0959	0.0978	0.0952	0.0957	0.0944	0.0948	0.0940	0.0956	0.0961	0.0985	0.0941	0.0952	0.0950	0.0947	0.0949	0.0948	0.0964	0.0976	0.0949	0.0961	0.0941	0.0955	0.0940	0.0955	0.0953	0.0966	0.0937	0.0955	0.0964	0.0950	0.0944	0.0945	0.0969	0.0991	0.0955	0.0956	0.0954	0.0961	0.0946	0.0946	0.0959	0.0973	
0.0939	0.0941	0.0941	0.0940	0.0943	0.0928	0.0954	0.0963	0.0948	0.0936	0.0938	0.0936	0.0947	0.0959	0.0947	0.0967	0.0937	0.0949	0.0936	0.0948	0.0938	0.0949	0.0962	0.0981	0.0950	0.0947	0.0951	0.0950	0.0937	0.0955	0.0962	0.0977	0.0947	0.0944	0.0951	0.0963	0.0953	0.0941	0.0968	0.0989	0.0947	0.0962	0.0942	0.0942	0.0946	0.0949	0.0957	0.0976	0.0947	0.0970	0.0958	0.0952	0.0939	0.0939	0.0956	0.0987	0.0970	0.0945	0.0957	0.0962	0.0950	0.0948	0.0976	0.0987	
0.0952	0.0953	0.0982	0.0941	0.0954	0.0938	0.0960	0.0963	0.0944	0.0938	0.0943	0.0939	0.0948	0.0954	0.0948	0.0970	0.0945	0.0943	0.0935	0.0941	0.0945	0.0943	0.0958	0.0973	0.0951	0.0958	0.0957	0.0966	0.0943	0.0949	0.0961	0.0977	0.0944	0.0953	0.0950	0.0939	0.0954	0.0947	0.0955	0.0974	0.0947	0.0962	0.0950	0.0946	0.0966	0.0940	0.0959	0.0969	0.0948	0.0959	0.0967	0.0952	0.0951	0.0943	0.0956	0.0993	0.0966	0.0954	0.0946	0.0977	0.0942	0.0953	0.0960	0.0986	
0.0944	0.0950	0.0942	0.0950	0.0941	0.0941	0.0979	0.0964	0.0945	0.0948	0.0954	0.0949	0.0962	0.0965	0.0955	0.0971	0.0950	0.0953	0.0939	0.0943	0.0965	0.0936	0.0961	0.0970	0.0951	0.0961	0.0947	0.0953	0.0949	0.0958	0.0964	0.0988	0.0944	0.0949	0.0956	0.0954	0.0956	0.0946	0.0952	0.0986	0.0957	0.0960	0.0948	0.0958	0.0960	0.0948	0.0960	0.0971	0.0944	0.0960	0.0967	0.0954	0.0946	0.0952	0.0959	0.0995	0.0977	0.0964	0.0950	0.1012	0.0956	0.0950	0.0967	0.0993	
0.0955	0.0958	0.0951	0.0940	0.0951	0.0941	0.0961	0.0957	0.0951	0.0946	0.0949	0.0941	0.0949	0.0962	0.0949	0.0972	0.0946	0.0951	0.0936	0.0960	0.0954	0.0948	0.0962	0.0978	0.0964	0.0967	0.0958	0.0962	0.0950	0.0960	0.0961	0.0977	0.0958	0.0957	0.0954	0.0948	0.0964	0.0954	0.0969	0.0994	0.0957	0.0965	0.0950	0.0963	0.0965	0.0947	0.0960	0.0988	0.0945	0.0959	0.0957	0.0959	0.0951	0.0948	0.0957	0.1000	0.0958	0.0965	0.0958	0.0955	0.0947	0.0948	0.0963	0.0989	
0.0942	0.0945	0.0939	0.0932	0.0941	0.0936	0.0956	0.0953	0.0942	0.0937	0.0943	0.0934	0.0939	0.0956	0.0951	0.0974	0.0936	0.0940	0.0927	0.0939	0.0943	0.0938	0.0949	0.0962	0.0956	0.0951	0.0953	0.0944	0.0950	0.0952	0.0955	0.0985	0.0929	0.0941	0.0941	0.0935	0.0957	0.0958	0.0957	0.0983	0.0959	0.0953	0.0940	0.0956	0.0952	0.0948	0.0955	0.0972	0.0933	0.0959	0.0944	0.0970	0.0945	0.0971	0.0953	0.0981	0.0955	0.0962	0.0941	0.0949	0.0942	0.0954	0.0949	0.0987	
0.0951	0.0955	0.0947	0.0932	0.0941	0.0933	0.0966	0.0964	0.0949	0.0944	0.0943	0.0979	0.0949	0.0949	0.0949	0.0968	0.0939	0.0946	0.0939	0.0946	0.0944	0.0951	0.0970	0.0985	0.0963	0.0959	0.0945	0.0943	0.0970	0.0954	0.0964	0.0979	0.0935	0.0941	0.0953	0.0951	0.0958	0.0946	0.0968	0.0982	0.0960	0.0960	0.0950	0.0955	0.0947	0.0951	0.0952	0.0980	0.0953	0.0970	0.0952	0.0953	0.0940	0.0941	0.0951	0.0986	0.0947	0.0963	0.0954	0.0999	0.0953	0.0952	0.0958	0.0986	
0.0967	0.0950	0.0949	0.0945	0.0941	0.0940	0.0971	0.0957	0.0956	0.0936	0.0938	0.0943	0.0957	0.0960	0.0952	0.0971	0.0945	0.0945	0.0944	0.0949	0.0952	0.0938	0.0961	0.0965	0.0952	0.0963	0.0954	0.0949	0.0955	0.0967	0.0958	0.0976	0.0951	0.0961	0.0941	0.0961	0.0954	0.0955	0.0965	0.0980	0.0949	0.0963	0.0957	0.0953	0.0943	0.0942	0.0962	0.0975	0.0937	0.0977	0.0955	0.0946	0.0955	0.0950	0.0964	0.1001	0.0987	0.0961	0.0951	0.0955	0.0952	0.0954	0.0955	0.0982	
0.0975	0.0962	0.0971	0.0956	0.0958	0.0949	0.0973	0.0967	0.0964	0.0963	0.0956	0.0988	0.0950	0.0973	0.0962	0.1017	0.0970	0.0958	0.0963	0.0963	0.0965	0.0953	0.0974	0.0977	0.0963	0.0972	0.0964	0.0978	0.0963	0.0977	0.0974	0.0998	0.0949	0.0959	0.0969	0.0967	0.1005	0.0956	0.0971	0.0998	0.0976	0.0974	0.0958	0.0963	0.0968	0.0961	0.0968	0.0989	0.0955	0.0991	0.0969	0.0967	0.0966	0.0961	0.0972	0.1007	0.0964	0.0980	0.0971	0.0985	0.0954	0.0960	0.0965	0.0996	
0.0971	0.0969	0.0961	0.0965	0.0960	0.0957	0.0973	0.0974	0.0962	0.0954	0.0956	0.0958	0.0967	0.0967	0.0965	0.0985	0.0967	0.0960	0.0949	0.0964	0.0960	0.0955	0.0977	0.0987	0.0976	0.0965	0.0967	0.0975	0.0965	0.0968	0.0971	0.0986	0.0956	0.0955	0.0963	0.0956	0.0977	0.0971	0.0971	0.0996	0.0962	0.0972	0.0952	0.0967	0.0954	0.0967	0.0973	0.0992	0.0951	0.0966	0.0975	0.0987	0.0953	0.0961	0.0962	0.1001	0.0971	0.0971	0.0970	0.0978	0.0959	0.0971	0.0972	0.1007	
0.0971	0.0972	0.0967	0.0962	0.0963	0.0956	0.0975	0.0976	0.0970	0.0965	0.0958	0.0962	0.0974	0.0975	0.0960	0.0982	0.0967	0.0962	0.0953	0.0962	0.0957	0.0952	0.0977	0.0990	0.0977	0.0967	0.0969	0.0974	0.0951	0.0964	0.0979	0.0998	0.0952	0.0974	0.0959	0.0967	0.0968	0.0958	0.0977	0.1004	0.0966	0.0979	0.0963	0.0961	0.0964	0.0957	0.0965	0.0987	0.0963	0.0971	0.0966	0.0966	0.0964	0.0955	0.0963	0.1006	0.0969	0.0987	0.0964	0.0973	0.0954	0.0961	0.0967	0.0996	
0.0986	0.0971	0.0970	0.0968	0.0965	0.0958	0.0988	0.0986	0.0965	0.0970	0.0959	0.0962	0.0970	0.0969	0.0966	0.0984	0.0966	0.0974	0.0964	0.0964	0.0967	0.0963	0.0976	0.0985	0.0976	0.0977	0.0971	0.0973	0.0965	0.0980	0.0980	0.0993	0.0957	0.0969	0.0973	0.0973	0.0962	0.0967	0.0977	0.1005	0.0967	0.0972	0.0963	0.0971	0.0968	0.0960	0.0980	0.0984	0.0966	0.0969	0.0966	0.0975	0.0973	0.0968	0.0971	0.0993	0.0973	0.0984	0.0968	0.0977	0.0968	0.0972	0.0972	0.0992	
0.0973	0.0976	0.0973	0.0964	0.0962	0.0949	0.0972	0.0967	0.0977	0.0965	0.0963	0.0958	0.0964	0.0972	0.0962	0.0981	0.0973	0.0966	0.0965	0.0963	0.0956	0.0962	0.0966	0.0983	0.0979	0.0972	0.0959	0.0969	0.0960	0.0974	0.0974	0.0984	0.0955	0.0975	0.0972	0.0964	0.0965	0.0956	0.0975	0.0996	0.0978	0.0975	0.0966	0.0966	0.0976	0.0964	0.0961	0.0990	0.0965	0.0984	0.0980	0.0968	0.0963	0.0954	0.0971	0.0998	0.0965	0.0978	0.0971	0.0967	0.0960	0.0952	0.0973	0.0991	
0.0982	0.0975	0.0976	0.0967	0.0969	0.0962	0.0983	0.0971	0.0976	0.0974	0.0970	0.0969	0.0971	0.0974	0.0969	0.0980	0.0981	0.0966	0.0953	0.0962	0.0957	0.0959	0.0976	0.0983	0.0977	0.0972	0.0965	0.0963	0.0967	0.0969	0.0981	0.0986	0.0968	0.0962	0.0960	0.0976	0.0969	0.0965	0.0968	0.1003	0.0965	0.0973	0.0967	0.0974	0.0963	0.0955	0.0969	0.0988	0.0956	0.0967	0.0973	0.0969	0.0965	0.0963	0.0981	0.0994	0.0979	0.0972	0.0959	0.0991	0.0960	0.0955	0.0967	0.0995	
0.0995	0.0987	0.0982	0.0973	0.0969	0.0965	0.0981	0.0980	0.0982	0.0970	0.0972	0.0971	0.0977	0.0978	0.0958	0.0982	0.0982	0.0975	0.0967	0.0965	0.0975	0.0960	0.0978	0.0987	0.0986	0.0975	0.0974	0.0977	0.0964	0.0969	0.0977	0.0994	0.0956	0.0972	0.0972	0.0969	0.0973	0.0966	0.0970	0.0994	0.0982	0.0969	0.0949	0.0967	0.0978	0.0970	0.0967	0.0984	0.0980	0.0980	0.0976	0.0971	0.0965	0.0952	0.0973	0.0998	0.0967	0.0973	0.0971	0.0972	0.0971	0.0959	0.0976	0.0992	
0.1003	0.0999	0.0983	0.0982	0.0986	0.0971	0.0997	0.0986	0.1004	0.0993	0.0993	0.0987	0.0976	0.0983	0.0986	0.0984	0.0992	0.0982	0.0966	0.0985	0.0982	0.0975	0.0985	0.0986	0.0986	0.0985	0.0986	0.0981	0.0969	0.0976	0.0974	0.0992	0.0982	0.0979	0.0968	0.0983	0.0982	0.0982	0.0977	0.1003	0.0992	0.0986	0.0958	0.0996	0.0970	0.0970	0.1029	0.0995	0.0991	0.0984	0.0972	0.0978	0.0970	0.0969	0.0972	0.1003	0.0999	0.0989	0.0972	0.0979	0.0950	0.0995	0.1017	0.1013	
0.1030	0.1030	0.0988	0.1011	0.0982	0.0980	0.0985	0.0995	0.0999	0.0990	0.0986	0.0979	0.0992	0.0997	0.0967	0.0998	0.0983	0.0980	0.0960	0.0976	0.0973	0.0969	0.0987	0.1005	0.1013	0.0998	0.0982	0.0992	0.0980	0.0978	0.0988	0.1001	0.0980	0.0982	0.0981	0.0975	0.0966	0.0978	0.0983	0.1008	0.0996	0.0995	0.0977	0.0983	0.0974	0.0982	0.0985	0.0996	0.0976	0.1002	0.0975	0.0977	0.0977	0.0977	0.0969	0.1022	0.1005	0.0982	0.0982	0.0985	0.0974	0.1019	0.0965	0.1010	
0.1000	0.0987	0.0989	0.0977	0.0976	0.0969	0.0978	0.0981	0.0991	0.0983	0.0979	0.0970	0.0986	0.0962	0.0971	0.0982	0.0987	0.0984	0.0969	0.0974	0.0974	0.0956	0.0979	0.0986	0.0989	0.0989	0.0979	0.0982	0.0949	0.0971	0.0972	0.0986	0.0976	0.0978	0.0968	0.0969	0.0963	0.0961	0.0962	0.0992	0.0983	0.0974	0.0967	0.0960	0.0967	0.0959	0.0980	0.0972	0.0957	0.0976	0.0990	0.0983	0.0975	0.0956	0.0972	0.0996	0.0984	0.0972	0.0973	0.0965	0.0953	0.0968	0.0964	0.0994	
0.1032	0.1012	0.1031	0.1002	0.0989	0.0976	0.1004	0.0998	0.1015	0.1003	0.1000	0.0992	0.0990	0.1004	0.0978	0.1000	0.1006	0.0999	0.0991	0.0990	0.1002	0.0979	0.0995	0.0997	0.1029	0.1009	0.0987	0.0991	0.0981	0.0989	0.0981	0.1005	0.0992	0.0991	0.0985	0.0976	0.0978	0.0989	0.0992	0.1018	0.1003	0.0987	0.0978	0.0985	0.0980	0.0980	0.0980	0.0998	0.1017	0.0987	0.0981	0.0988	0.0979	0.0978	0.0983	0.0996	0.1016	0.0986	0.0983	0.1018	0.0974	0.0981	0.0984	0.1000	
0.1037	0.1021	0.1014	0.1004	0.0992	0.0988	0.0999	0.0999	0.1024	0.1014	0.1014	0.1001	0.0999	0.1007	0.0995	0.0999	0.1022	0.1006	0.0995	0.1000	0.0986	0.0988	0.0999	0.0998	0.1019	0.1013	0.1001	0.0996	0.0990	0.0985	0.0986	0.1017	0.1002	0.0993	0.0990	0.0975	0.0990	0.0971	0.0991	0.1019	0.1013	0.1008	0.0989	0.0969	0.0979	0.0983	0.0983	0.0997	0.0983	0.0997	0.1004	0.0990	0.0978	0.0985	0.0991	0.1011	0.0986	0.0996	0.0985	0.0979	0.0969	0.0980	0.0984	0.0998	
0.1035	0.1025	0.1020	0.1016	0.1005	0.0986	0.1017	0.1006	0.1031	0.1026	0.1006	0.1005	0.1002	0.1000	0.0993	0.1002	0.1028	0.1014	0.0998	0.0991	0.0982	0.0980	0.0999	0.1005	0.1026	0.1013	0.0999	0.1003	0.0983	0.0985	0.0987	0.1007	0.1002	0.1001	0.0994	0.0977	0.0991	0.0986	0.0993	0.1006	0.1018	0.1002	0.0984	0.0986	0.0984	0.0966	0.0971	0.0993	0.0995	0.0997	0.0994	0.0972	0.0984	0.0977	0.0987	0.1002	0.0993	0.0988	0.0990	0.1024	0.0981	0.0981	0.0988	0.1007	
0.1045	0.1029	0.1017	0.1014	0.1007	0.0990	0.1007	0.0999	0.1038	0.1022	0.1014	0.1010	0.0995	0.1004	0.0994	0.1000	0.1030	0.1019	0.0995	0.1005	0.0996	0.0979	0.0997	0.1000	0.1025	0.1010	0.0993	0.0986	0.0974	0.0988	0.0986	0.1008	0.0994	0.0998	0.0985	0.0985	0.0986	0.0980	0.0988	0.1001	0.1004	0.1006	0.0985	0.0993	0.0974	0.0975	0.0977	0.0995	0.0984	0.0995	0.0978	0.0974	0.0981	0.0972	0.0974	0.1007	0.0986	0.0987	0.0974	0.1010	0.0971	0.0969	0.0971	0.0992	
0.1064	0.1041	0.1037	0.1022	0.1016	0.1002	0.1012	0.0996	0.1054	0.1044	0.1033	0.1009	0.1007	0.1010	0.0995	0.1008	0.1044	0.1043	0.0996	0.1007	0.1005	0.0993	0.1001	0.1006	0.1035	0.1021	0.1006	0.0999	0.0988	0.0989	0.0989	0.1007	0.1018	0.1013	0.1000	0.0993	0.0996	0.0980	0.0991	0.1007	0.1008	0.1001	0.0982	0.0980	0.0976	0.0972	0.0982	0.0999	0.0999	0.0994	0.0991	0.0991	0.0968	0.0977	0.0979	0.0998	0.1005	0.1003	0.0987	0.0982	0.0986	0.0968	0.0973	0.0996	
0.1088	0.1052	0.1052	0.1034	0.1022	0.1008	0.1015	0.1009	0.1074	0.1035	0.1032	0.1032	0.1013	0.1016	0.0994	0.1017	0.1050	0.1049	0.1017	0.1012	0.1003	0.0987	0.1002	0.1004	0.1060	0.1034	0.1008	0.1007	0.0985	0.0991	0.1002	0.1016	0.1033	0.1010	0.1007	0.0984	0.1002	0.0989	0.0991	0.1010	0.1032	0.1019	0.0993	0.0997	0.0994	0.0984	0.0984	0.1005	0.1011	0.1013	0.1000	0.0985	0.0991	0.0980	0.0988	0.1017	0.1004	0.1001	0.0980	0.0985	0.0978	0.0982	0.0987	0.0997	
0.1107	0.1069	0.1053	0.1045	0.1025	0.1005	0.1031	0.1008	0.1087	0.1059	0.1045	0.1037	0.1018	0.1028	0.0999	0.1020	0.1068	0.1048	0.1018	0.1008	0.1002	0.0991	0.1009	0.1006	0.1077	0.1044	0.0998	0.1014	0.0991	0.0997	0.0997	0.1007	0.1043	0.1024	0.1011	0.0998	0.0983	0.0994	0.0997	0.1020	0.1041	0.1020	0.0992	0.0999	0.0982	0.0989	0.0985	0.1010	0.1011	0.1005	0.0996	0.0989	0.0976	0.0983	0.0991	0.1011	0.1005	0.0999	0.0987	0.0995	0.0978	0.0961	0.0977	0.1000	
0.1114	0.1077	0.1065	0.1055	0.1034	0.0999	0.1020	0.1005	0.1100	0.1065	0.1054	0.1036	0.1020	0.1034	0.0998	0.1018	0.1084	0.1051	0.1019	0.1011	0.1009	0.0988	0.0997	0.1010	0.1080	0.1045	0.1017	0.1008	0.1009	0.0992	0.1003	0.1006	0.1052	0.1035	0.1013	0.0990	0.0990	0.0990	0.0998	0.1012	0.1040	0.1017	0.0997	0.0995	0.0982	0.0974	0.0983	0.1004	0.1023	0.1011	0.0994	0.0992	0.0996	0.0961	0.0983	0.1005	0.1001	0.1006	0.0977	0.1025	0.0973	0.0971	0.0995	0.1001	
0.1135	0.1093	0.1075	0.1061	0.1045	0.1025	0.1028	0.1014	0.1109	0.1085	0.1056	0.1043	0.1028	0.1028	0.1004	0.1018	0.1091	0.1067	0.1019	0.1023	0.1008	0.0989	0.1003	0.1007	0.1088	0.1052	0.1020	0.1017	0.0993	0.0994	0.0995	0.1003	0.1054	0.1035	0.1011	0.0990	0.0998	0.0993	0.0980	0.1013	0.1040	0.1011	0.0985	0.0995	0.0992	0.0983	0.0969	0.0999	0.1024	0.1023	0.0993	0.0991	0.0982	0.0974	0.0976	0.1008	0.1001	0.1001	0.0977	0.0990	0.0979	0.0959	0.0973	0.0993	
0.1156	0.1107	0.1095	0.1059	0.1048	0.1022	0.1034	0.1011	0.1129	0.1101	0.1075	0.1054	0.1037	0.1022	0.1006	0.1017	0.1117	0.1080	0.1025	0.1034	0.1008	0.1001	0.1032	0.0998	0.1109	0.1062	0.1022	0.1017	0.1007	0.0996	0.1000	0.1001	0.1072	0.1045	0.1016	0.0984	0.0996	0.0978	0.0993	0.1022	0.1060	0.1027	0.0998	0.1002	0.0979	0.0971	0.0978	0.0998	0.1030	0.1016	0.0993	0.0999	0.0983	0.0972	0.0985	0.0998	0.1014	0.1016	0.0984	0.1025	0.0976	0.0961	0.0972	0.0986	
0.1187	0.1130	0.1100	0.1080	0.1063	0.1040	0.1046	0.1033	0.1160	0.1117	0.1089	0.1074	0.1050	0.1040	0.1015	0.1028	0.1142	0.1094	0.1047	0.1047	0.1027	0.1010	0.1027	0.1016	0.1134	0.1093	0.1041	0.1029	0.1011	0.1016	0.1009	0.1019	0.1096	0.1053	0.1031	0.1009	0.1014	0.0996	0.1006	0.1025	0.1079	0.1036	0.1007	0.1004	0.1001	0.0980	0.0982	0.0999	0.1052	0.1012	0.1012	0.0995	0.0998	0.0976	0.0982	0.1005	0.1016	0.1020	0.0997	0.0990	0.0989	0.0972	0.0987	0.0996	
0.1213	0.1153	0.1118	0.1095	0.1070	0.1040	0.1050	0.1036	0.1191	0.1151	0.1104	0.1073	0.1051	0.1051	0.1026	0.1025	0.1155	0.1101	0.1047	0.1045	0.1027	0.1011	0.1017	0.1017	0.1158	0.1094	0.1045	0.1036	0.1011	0.1010	0.1016	0.1020	0.1106	0.1072	0.1030	0.1014	0.1013	0.1000	0.1000	0.1019	0.1074	0.1037	0.0996	0.1003	0.1025	0.1003	0.0976	0.1007	0.1044	0.1025	0.1005	0.0988	0.1016	0.0982	0.0972	0.1011	0.1022	0.1018	0.1001	0.0994	0.0983	0.0979	0.0973	0.1008	
0.1256	0.1172	0.1141	0.1111	0.1087	0.1053	0.1061	0.1040	0.1217	0.1163	0.1129	0.1090	0.1061	0.1051	0.1024	0.1024	0.1189	0.1131	0.1080	0.1054	0.1041	0.1012	0.1032	0.1021	0.1182	0.1113	0.1048	0.1045	0.1019	0.1012	0.1004	0.1015	0.1131	0.1069	0.1036	0.1012	0.1016	0.0994	0.0994	0.1024	0.1103	0.1049	0.1027	0.1016	0.1006	0.0993	0.0987	0.1009	0.1069	0.1037	0.1012	0.1003	0.0994	0.0986	0.0978	0.1018	0.1035	0.1022	0.1004	0.0998	0.0978	0.0981	0.0990	0.0998	
0.1264	0.1199	0.1163	0.1120	0.1090	0.1055	0.1075	0.1054	0.1251	0.1168	0.1136	0.1102	0.1081	0.1059	0.1029	0.1045	0.1213	0.1141	0.1076	0.1060	0.1046	0.1023	0.1033	0.1023	0.1215	0.1116	0.1063	0.1042	0.1027	0.1020	0.1004	0.1025	0.1163	0.1093	0.1044	0.1025	0.1019	0.1001	0.1005	0.1017	0.1125	0.1059	0.1015	0.1017	0.0998	0.0985	0.0981	0.0992	0.1061	0.1031	0.1019	0.1010	0.0984	0.0984	0.0986	0.0993	0.1024	0.1023	0.0990	0.1026	0.0978	0.0951	0.0988	0.1002	
0.1325	0.1235	0.1174	0.1138	0.1101	0.1072	0.1079	0.1058	0.1282	0.1200	0.1165	0.1114	0.1082	0.1075	0.1049	0.1049	0.1248	0.1177	0.1093	0.1075	0.1051	0.1024	0.1048	0.1038	0.1244	0.1150	0.1077	0.1055	0.1028	0.1014	0.1016	0.1027	0.1171	0.1116	0.1053	0.1028	0.1029	0.1028	0.1005	0.1029	0.1142	0.1069	0.1034	0.1020	0.1009	0.0996	0.0991	0.1004	0.1085	0.1085	0.1082	0.1023	0.1022	0.0987	0.1015	0.1017	0.1050	0.1029	0.0999	0.1006	0.0977	0.0981	0.0986	0.1009	
0.1394	0.1272	0.1195	0.1146	0.1129	0.1080	0.1080	0.1067	0.1340	0.1243	0.1174	0.1133	0.1085	0.1076	0.1054	0.1068	0.1301	0.1188	0.1116	0.1072	0.1066	0.1033	0.1064	0.1038	0.1278	0.1160	0.1084	0.1070	0.1043	0.1029	0.1014	0.1028	0.1212	0.1120	0.1062	0.1029	0.1035	0.1016	0.1019	0.1027	0.1162	0.1084	0.1017	0.1024	0.1020	0.1004	0.0988	0.1015	0.1112	0.1057	0.1022	0.1025	0.0999	0.1002	0.1002	0.1022	0.1054	0.1043	0.1016	0.1045	0.0990	0.0980	0.0981	0.0998	
0.1399	0.1295	0.1216	0.1172	0.1131	0.1084	0.1094	0.1077	0.1366	0.1266	0.1184	0.1143	0.1106	0.1087	0.1041	0.1057	0.1341	0.1214	0.1123	0.1095	0.1072	0.1036	0.1043	0.1036	0.1309	0.1187	0.1098	0.1066	0.1043	0.1030	0.1048	0.1037	0.1232	0.1138	0.1077	0.1034	0.1033	0.1018	0.1011	0.1035	0.1180	0.1099	0.1038	0.1035	0.1003	0.0998	0.0994	0.1001	0.1107	0.1055	0.1040	0.1023	0.1014	0.0997	0.1004	0.1018	0.1077	0.1044	0.1022	0.1023	0.1000	0.0986	0.0988	0.1005	
0.1472	0.1327	0.1226	0.1180	0.1133	0.1079	0.1094	0.1067	0.1416	0.1277	0.1199	0.1146	0.1116	0.1079	0.1041	0.1057	0.1364	0.1230	0.1134	0.1089	0.1059	0.1030	0.1044	0.1036	0.1349	0.1210	0.1093	0.1053	0.1038	0.1023	0.1010	0.1025	0.1254	0.1145	0.1073	0.1029	0.1025	0.1016	0.1012	0.1016	0.1210	0.1107	0.1035	0.1031	0.1016	0.0997	0.0992	0.1010	0.1128	0.1046	0.1034	0.1020	0.1003	0.0983	0.0991	0.0999	0.1065	0.1037	0.1006	0.1050	0.0980	0.0974	0.0976	0.0996	
0.1541	0.1369	0.1264	0.1204	0.1140	0.1102	0.1103	0.1077	0.1481	0.1334	0.1220	0.1152	0.1115	0.1094	0.1057	0.1059	0.1429	0.1269	0.1146	0.1114	0.1076	0.1038	0.1059	0.1030	0.1406	0.1232	0.1111	0.1087	0.1045	0.1034	0.1022	0.1025	0.1295	0.1169	0.1079	0.1038	0.1034	0.1014	0.1014	0.1023	0.1216	0.1104	0.1049	0.1043	0.1010	0.0988	0.0987	0.0997	0.1128	0.1078	0.1043	0.1004	0.1011	0.0984	0.0995	0.1010	0.1062	0.1047	0.1024	0.1015	0.0994	0.0978	0.0999	0.1005	
0.1604	0.1415	0.1295	0.1209	0.1135	0.1108	0.1113	0.1078	0.1533	0.1373	0.1264	0.1170	0.1123	0.1098	0.1061	0.1067	0.1494	0.1277	0.1164	0.1117	0.1076	0.1038	0.1057	0.1030	0.1436	0.1250	0.1120	0.1079	0.1042	0.1036	0.1019	0.1028	0.1320	0.1179	0.1091	0.1037	0.1025	0.1009	0.1008	0.1013	0.1243	0.1112	0.1052	0.1037	0.1010	0.0987	0.0976	0.1001	0.1144	0.1066	0.1028	0.1013	0.1012	0.0971	0.0975	0.1000	0.1077	0.1055	0.1011	0.0996	0.0981	0.0963	0.0978	0.0989	
0.1700	0.1474	0.1351	0.1261	0.1176	0.1137	0.1143	0.1112	0.1626	0.1439	0.1284	0.1194	0.1154	0.1117	0.1090	0.1100	0.1558	0.1339	0.1206	0.1153	0.1108	0.1065	0.1086	0.1052	0.1508	0.1282	0.1163	0.1095	0.1072	0.1051	0.1054	0.1046	0.1382	0.1234	0.1117	0.1064	0.1048	0.1027	0.1014	0.1024	0.1292	0.1154	0.1066	0.1047	0.1025	0.1005	0.0992	0.1007	0.1185	0.1087	0.1072	0.1038	0.1025	0.0995	0.0988	0.1013	0.1079	0.1070	0.1034	0.1018	0.1007	0.0989	0.0996	0.1006	
0.1742	0.1537	0.1378	0.1271	0.1194	0.1146	0.1133	0.1123	0.1690	0.1465	0.1321	0.1223	0.1168	0.1124	0.1083	0.1098	0.1637	0.1375	0.1220	0.1159	0.1112	0.1066	0.1081	0.1054	0.1562	0.1319	0.1165	0.1090	0.1072	0.1048	0.1043	0.1043	0.1433	0.1239	0.1128	0.1055	0.1056	0.1032	0.1027	0.1039	0.1321	0.1156	0.1070	0.1054	0.1021	0.1019	0.0996	0.1001	0.1189	0.1097	0.1051	0.1036	0.1009	0.0995	0.0995	0.1014	0.1102	0.1068	0.1035	0.1059	0.1003	0.0982	0.0984	0.1013	
0.1870	0.1610	0.1432	0.1307	0.1222	0.1163	0.1168	0.1143	0.1815	0.1541	0.1367	0.1254	0.1178	0.1143	0.1102	0.1161	0.1723	0.1415	0.1242	0.1183	0.1128	0.1090	0.1098	0.1066	0.1669	0.1360	0.1198	0.1125	0.1093	0.1059	0.1049	0.1046	0.1485	0.1285	0.1158	0.1078	0.1055	0.1024	0.1029	0.1036	0.1369	0.1184	0.1084	0.1061	0.1046	0.1012	0.0998	0.1007	0.1227	0.1115	0.1072	0.1052	0.1027	0.1010	0.1013	0.1017	0.1109	0.1081	0.1036	0.1024	0.1002	0.0995	0.1010	0.1021	
0.2010	0.1673	0.1468	0.1336	0.1229	0.1170	0.1176	0.1151	0.1898	0.1590	0.1408	0.1268	0.1208	0.1149	0.1114	0.1119	0.1805	0.1490	0.1276	0.1197	0.1143	0.1084	0.1091	0.1070	0.1747	0.1400	0.1211	0.1125	0.1081	0.1063	0.1049	0.1058	0.1559	0.1314	0.1154	0.1082	0.1067	0.1053	0.1030	0.1036	0.1417	0.1196	0.1096	0.1062	0.1046	0.1009	0.1005	0.1022	0.1237	0.1118	0.1071	0.1049	0.1035	0.1016	0.0994	0.1015	0.1118	0.1078	0.1035	0.1034	0.1021	0.0990	0.0988	0.0999	
0.2043	0.1716	0.1497	0.1350	0.1250	0.1174	0.1171	0.1139	0.1994	0.1651	0.1434	0.1281	0.1202	0.1153	0.1102	0.1115	0.1892	0.1495	0.1269	0.1198	0.1122	0.1090	0.1092	0.1060	0.1815	0.1441	0.1222	0.1135	0.1087	0.1075	0.1051	0.1064	0.1623	0.1312	0.1146	0.1093	0.1062	0.1045	0.1044	0.1036	0.1454	0.1204	0.1096	0.1070	0.1035	0.1007	0.0988	0.1014	0.1266	0.1126	0.1088	0.1047	0.1034	0.0995	0.1008	0.1010	0.1121	0.1077	0.1037	0.1025	0.1004	0.1002	0.0981	0.1001	
0.2194	0.1794	0.1543	0.1387	0.1257	0.1183	0.1191	0.1156	0.2148	0.1727	0.1471	0.1303	0.1234	0.1151	0.1102	0.1117	0.2025	0.1558	0.1311	0.1215	0.1143	0.1097	0.1101	0.1067	0.1919	0.1470	0.1248	0.1142	0.1088	0.1068	0.1050	0.1056	0.1688	0.1363	0.1178	0.1078	0.1077	0.1038	0.1031	0.1037	0.1479	0.1223	0.1092	0.1069	0.1041	0.1020	0.0987	0.0995	0.1273	0.1125	0.1081	0.1032	0.1032	0.1004	0.1004	0.0994	0.1147	0.1090	0.1051	0.1025	0.1003	0.0993	0.0985	0.1000	
0.2382	0.1878	0.1585	0.1403	0.1280	0.1186	0.1189	0.1157	0.2267	0.1787	0.1496	0.1309	0.1235	0.1158	0.1116	0.1119	0.2129	0.1605	0.1339	0.1232	0.1150	0.1080	0.1101	0.1065	0.2019	0.1522	0.1260	0.1141	0.1112	0.1064	0.1047	0.1060	0.1760	0.1411	0.1191	0.1085	0.1069	0.1028	0.1015	0.1037	0.1527	0.1235	0.1107	0.1089	0.1046	0.1014	0.0998	0.1005	0.1307	0.1146	0.1098	0.1041	0.1041	0.1005	0.0995	0.1004	0.1135	0.1100	0.1034	0.1056	0.1013	0.0984	0.0992	0.1008	
0.2504	0.1961	0.1635	0.1432	0.1297	0.1213	0.1201	0.1167	0.2431	0.1868	0.1551	0.1335	0.1240	0.1160	0.1113	0.1125	0.2236	0.1660	0.1378	0.1234	0.1173	0.1098	0.1096	0.1060	0.2139	0.1573	0.1291	0.1144	0.1116	0.1072	0.1051	0.1042	0.1846	0.1426	0.1203	0.1099	0.1064	0.1044	0.1028	0.1033	0.1595	0.1269	0.1099	0.1083	0.1064	0.1013	0.0979	0.0998	0.1341	0.1148	0.1083	0.1049	0.1033	0.0988	0.1010	0.1008	0.1156	0.1099	0.1039	0.1029	0.1006	0.0977	0.0982	0.0989	
0.2648	0.2071	0.1692	0.1472	0.1331	0.1207	0.1204	0.1171	0.2602	0.1961	0.1607	0.1370	0.1270	0.1192	0.1133	0.1127	0.2413	0.1738	0.1392	0.1253	0.1178	0.1109	0.1109	0.1072	0.2311	0.1634	0.1308	0.1167	0.1121	0.1075	0.1074	0.1052	0.1937	0.1476	0.1214	0.1109	0.1097	0.1054	0.1036	0.1039	0.1671	0.1286	0.1127	0.1101	0.1049	0.1021	0.1004	0.1014	0.1374	0.1170	0.1095	0.1065	0.1039	0.0999	0.0996	0.1008	0.1180	0.1101	0.1051	0.1031	0.1012	0.1004	0.0985	0.1002	
0.2837	0.2163	0.1755	0.1503	0.1344	0.1222	0.1209	0.1170	0.2763	0.2054	0.1650	0.1386	0.1285	0.1191	0.1122	0.1127	0.2541	0.1791	0.1424	0.1277	0.1187	0.1114	0.1109	0.1077	0.2430	0.1686	0.1335	0.1183	0.1127	0.1096	0.1054	0.1042	0.2045	0.1524	0.1220	0.1111	0.1080	0.1056	0.1034	0.1045	0.1730	0.1307	0.1146	0.1091	0.1050	0.1027	0.0995	0.1002	0.1394	0.1182	0.1124	0.1042	0.1048	0.0994	0.1005	0.1016	0.1185	0.1110	0.1044	0.1021	0.1006	0.0998	0.0973	0.0995	
0.3081	0.2286	0.1817	0.1558	0.1372	0.1235	0.1223	0.1190	0.2977	0.2184	0.1702	0.1416	0.1312	0.1211	0.1142	0.1134	0.2773	0.1896	0.1473	0.1307	0.1211	0.1123	0.1134	0.1081	0.2615	0.1767	0.1390	0.1208	0.1145	0.1093	0.1069	0.1061	0.2193	0.1574	0.1278	0.1126	0.1096	0.1052	0.1049	0.1048	0.1796	0.1339	0.1140	0.1107	0.1065	0.1028	0.0994	0.1016	0.1450	0.1197	0.1112	0.1066	0.1052	0.1004	0.1011	0.1014	0.1216	0.1124	0.1059	0.1044	0.1016	0.0997	0.0987	0.1004	
0.3300	0.2433	0.1904	0.1601	0.1393	0.1246	0.1240	0.1194	0.3187	0.2305	0.1798	0.1458	0.1328	0.1229	0.1158	0.1150	0.2994	0.1988	0.1524	0.1339	0.1223	0.1151	0.1129	0.1088	0.2748	0.1835	0.1417	0.1210	0.1140	0.1087	0.1070	0.1069	0.2310	0.1646	0.1284	0.1133	0.1100	0.1074	0.1060	0.1036	0.1884	0.1359	0.1147	0.1107	0.1071	0.1025	0.0992	0.1006	0.1487	0.1213	0.1142	0.1065	0.1047	0.1014	0.0995	0.1005	0.1209	0.1144	0.1058	0.1037	0.1011	0.0989	0.0979	0.0994	
0.3514	0.2571	0.1956	0.1644	0.1409	0.1282	0.1248	0.1210	0.3463	0.2454	0.1884	0.1506	0.1356	0.1233	0.1177	0.1164	0.3214	0.2112	0.1593	0.1384	0.1232	0.1153	0.1179	0.1101	0.2911	0.1911	0.1427	0.1223	0.1158	0.1130	0.1094	0.1086	0.2463	0.1713	0.1315	0.1148	0.1109	0.1073	0.1044	0.1046	0.1959	0.1404	0.1175	0.1113	0.1065	0.1031	0.1011	0.1008	0.1533	0.1239	0.1152	0.1072	0.1064	0.1021	0.1014	0.1022	0.1241	0.1159	0.1070	0.1063	0.1031	0.0982	0.0981	0.0999	
0.3852	0.2730	0.2045	0.1714	0.1450	0.1304	0.1267	0.1216	0.3734	0.2569	0.1932	0.1530	0.1375	0.1264	0.1179	0.1176	0.3507	0.2175	0.1632	0.1400	0.1251	0.1157	0.1154	0.1093	0.3137	0.2012	0.1476	0.1235	0.1155	0.1120	0.1094	0.1067	0.2640	0.1768	0.1329	0.1151	0.1127	0.1075	0.1057	0.1049	0.2076	0.1453	0.1195	0.1134	0.1081	0.1035	0.1005	0.1001	0.1595	0.1253	0.1162	0.1080	0.1081	0.1017	0.1007	0.1009	0.1272	0.1158	0.1078	0.1048	0.1027	0.0990	0.0994	0.1004	
0.4018	0.2846	0.2113	0.1734	0.1472	0.1298	0.1277	0.1223	0.3956	0.2699	0.1985	0.1557	0.1384	0.1255	0.1187	0.1162	0.3700	0.2266	0.1659	0.1410	0.1265	0.1171	0.1158	0.1089	0.3347	0.2088	0.1512	0.1248	0.1171	0.1104	0.1092	0.1078	0.2758	0.1850	0.1344	0.1166	0.1122	0.1082	0.1046	0.1047	0.2155	0.1464	0.1197	0.1134	0.1083	0.1028	0.1002	0.1004	0.1635	0.1247	0.1148	0.1084	0.1062	0.1024	0.1005	0.1005	0.1280	0.1170	0.1075	0.1069	0.1015	0.1002	0.0986	0.1000	
0.4325	0.3036	0.2214	0.1806	0.1498	0.1336	0.1309	0.1244	0.4280	0.2854	0.2071	0.1619	0.1429	0.1281	0.1201	0.1197	0.3960	0.2412	0.1728	0.1441	0.1285	0.1182	0.1162	0.1107	0.3603	0.2194	0.1552	0.1271	0.1196	0.1118	0.1096	0.1081	0.2943	0.1901	0.1371	0.1166	0.1142	0.1089	0.1069	0.1063	0.2261	0.1521	0.1205	0.1156	0.1103	0.1041	0.1004	0.1017	0.1714	0.1278	0.1167	0.1091	0.1071	0.1023	0.1011	0.1013	0.1305	0.1181	0.1094	0.1088	0.1028	0.0992	0.0989	0.1001	
0.4572	0.3193	0.2315	0.1841	0.1532	0.1332	0.1297	0.1251	0.4547	0.3016	0.2152	0.1638	0.1447	0.1287	0.1209	0.1204	0.4265	0.2515	0.1769	0.1491	0.1299	0.1197	0.1191	0.1107	0.3818	0.2290	0.1574	0.1289	0.1206	0.1132	0.1109	0.1097	0.3109	0.2002	0.1414	0.1192	0.1141	0.1108	0.1069	0.1054	0.2391	0.1564	0.1225	0.1162	0.1088	0.1034	0.1002	0.1004	0.1748	0.1307	0.1186	0.1091	0.1092	0.1032	0.1013	0.1017	0.1317	0.1202	0.1106	0.1048	0.1031	0.1001	0.0996	0.1013	
0.4829	0.3332	0.2372	0.1891	0.1557	0.1356	0.1316	0.1243	0.4803	0.3141	0.2197	0.1662	0.1454	0.1297	0.1210	0.1203	0.4553	0.2613	0.1834	0.1488	0.1311	0.1197	0.1183	0.1115	0.4076	0.2388	0.1621	0.1295	0.1207	0.1122	0.1100	0.1081	0.3300	0.2033	0.1402	0.1195	0.1134	0.1096	0.1061	0.1052	0.2488	0.1588	0.1232	0.1162	0.1095	0.1053	0.1010	0.1014	0.1821	0.1311	0.1192	0.1101	0.1093	0.1022	0.1013	0.1003	0.1335	0.1206	0.1092	0.1063	0.1034	0.1002	0.0985	0.1006	
0.5191	0.3530	0.2461	0.1923	0.1586	0.1356	0.1308	0.1253	0.5093	0.3327	0.2296	0.1697	0.1484	0.1287	0.1197	0.1182	0.4806	0.2717	0.1840	0.1505	0.1317	0.1195	0.1170	0.1094	0.4335	0.2490	0.1648	0.1302	0.1207	0.1121	0.1103	0.1080	0.3483	0.2113	0.1434	0.1211	0.1152	0.1098	0.1063	0.1049	0.2597	0.1636	0.1228	0.1173	0.1095	0.1042	0.0983	0.1010	0.1865	0.1333	0.1169	0.1094	0.1074	0.1025	0.1000	0.1001	0.1345	0.1205	0.1095	0.1059	0.1020	0.0996	0.0977	0.0992	
0.5501	0.3725	0.2595	0.2016	0.1612	0.1377	0.1331	0.1259	0.5428	0.3523	0.2407	0.1748	0.1523	0.1309	0.1215	0.1198	0.5111	0.2901	0.1935	0.1552	0.1337	0.1217	0.1200	0.1115	0.4710	0.2650	0.1724	0.1330	0.1233	0.1140	0.1120	0.1077	0.3796	0.2232	0.1472	0.1221	0.1147	0.1111	0.1073	0.1052	0.2795	0.1698	0.1261	0.1186	0.1114	0.1045	0.1010	0.1004	0.1954	0.1361	0.1213	0.1093	0.1094	0.1028	0.1016	0.1001	0.1385	0.1244	0.1117	0.1078	0.1044	0.0997	0.0991	0.0996	
0.5693	0.3932	0.2676	0.2054	0.1639	0.1389	0.1337	0.1266	0.5676	0.3681	0.2495	0.1800	0.1527	0.1327	0.1229	0.1206	0.5372	0.3025	0.2004	0.1590	0.1366	0.1212	0.1193	0.1110	0.4902	0.2734	0.1772	0.1353	0.1234	0.1142	0.1115	0.1087	0.4032	0.2297	0.1504	0.1220	0.1161	0.1119	0.1063	0.1049	0.2892	0.1737	0.1269	0.1175	0.1107	0.1044	0.1009	0.1012	0.2044	0.1375	0.1210	0.1109	0.1100	0.1023	0.1008	0.1005	0.1418	0.1242	0.1114	0.1067	0.1025	0.0994	0.0985	0.0994	
0.5864	0.4119	0.2784	0.2123	0.1658	0.1406	0.1349	0.1284	0.5964	0.3881	0.2587	0.1841	0.1562	0.1352	0.1252	0.1230	0.5743	0.3195	0.2091	0.1619	0.1364	0.1233	0.1213	0.1117	0.5214	0.2856	0.1804	0.1354	0.1252	0.1146	0.1120	0.1086	0.4253	0.2411	0.1534	0.1238	0.1174	0.1106	0.1071	0.1054	0.3045	0.1779	0.1286	0.1195	0.1106	0.1056	0.1000	0.1006	0.2129	0.1406	0.1219	0.1100	0.1086	0.1023	0.1006	0.0999	0.1433	0.1252	0.1112	0.1094	0.1014	0.0988	0.0974	0.0973	
0.6099	0.4353	0.2914	0.2178	0.1712	0.1436	0.1377	0.1295	0.6220	0.4101	0.2719	0.1892	0.1585	0.1367	0.1248	0.1237	0.5949	0.3389	0.2168	0.1643	0.1406	0.1253	0.1218	0.1141	0.5519	0.3022	0.1869	0.1399	0.1262	0.1155	0.1133	0.1106	0.4599	0.2512	0.1569	0.1274	0.1178	0.1138	0.1082	0.1073	0.3255	0.1846	0.1313	0.1218	0.1130	0.1062	0.1010	0.1018	0.2194	0.1444	0.1256	0.1108	0.1101	0.1032	0.1026	0.1014	0.1488	0.1269	0.1131	0.1065	0.1051	0.1002	0.0995	0.0996	
0.6343	0.4546	0.2981	0.2240	0.1749	0.1443	0.1378	0.1306	0.6483	0.4282	0.2817	0.1929	0.1617	0.1365	0.1260	0.1235	0.6219	0.3503	0.2221	0.1695	0.1399	0.1251	0.1247	0.1142	0.5836	0.3139	0.1940	0.1418	0.1283	0.1187	0.1158	0.1120	0.4791	0.2606	0.1614	0.1262	0.1194	0.1131	0.1097	0.1077	0.3430	0.1930	0.1326	0.1232	0.1116	0.1070	0.1008	0.1022	0.2292	0.1469	0.1260	0.1132	0.1107	0.1025	0.1032	0.1026	0.1510	0.1304	0.1147	0.1091	0.1057	0.1011	0.0991	0.1005	
0.6605	0.4755	0.3119	0.2301	0.1769	0.1471	0.1397	0.1298	0.6713	0.4498	0.2941	0.1986	0.1640	0.1392	0.1280	0.1254	0.6505	0.3667	0.2315	0.1726	0.1440	0.1278	0.1248	0.1147	0.6051	0.3277	0.1973	0.1432	0.1299	0.1187	0.1146	0.1116	0.5039	0.2718	0.1637	0.1291	0.1207	0.1134	0.1096	0.1076	0.3622	0.1975	0.1362	0.1229	0.1134	0.1050	0.0994	0.1017	0.2407	0.1495	0.1275	0.1110	0.1103	0.1035	0.1013	0.1008	0.1542	0.1307	0.1129	0.1068	0.1036	0.0998	0.0981	0.0991	
0.6818	0.4937	0.3244	0.2390	0.1801	0.1492	0.1419	0.1334	0.6950	0.4723	0.3063	0.2045	0.1654	0.1432	0.1289	0.1271	0.6779	0.3889	0.2414	0.1753	0.1454	0.1292	0.1258	0.1148	0.6374	0.3469	0.2021	0.1463	0.1305	0.1185	0.1150	0.1125	0.5435	0.2891	0.1680	0.1325	0.1211	0.1144	0.1093	0.1069	0.3859	0.2042	0.1374	0.1257	0.1158	0.1062	0.1008	0.1012	0.2495	0.1539	0.1288	0.1135	0.1119	0.1041	0.1012	0.1003	0.1558	0.1318	0.1154	0.1074	0.1063	0.0997	0.0987	0.0991	
0.6968	0.5146	0.3356	0.2437	0.1837	0.1520	0.1428	0.1335	0.7109	0.4875	0.3150	0.2099	0.1704	0.1432	0.1293	0.1285	0.6968	0.4002	0.2465	0.1794	0.1468	0.1284	0.1256	0.1164	0.6601	0.3596	0.2077	0.1471	0.1310	0.1196	0.1160	0.1123	0.5649	0.3000	0.1709	0.1299	0.1228	0.1146	0.1099	0.1082	0.3972	0.2076	0.1384	0.1249	0.1151	0.1073	0.1007	0.1011	0.2569	0.1554	0.1285	0.1138	0.1104	0.1047	0.1020	0.1004	0.1602	0.1345	0.1165	0.1079	0.1051	0.0993	0.0991	0.1002	
0.7065	0.5319	0.3444	0.2498	0.1857	0.1512	0.1432	0.1338	0.7227	0.5134	0.3268	0.2125	0.1708	0.1442	0.1284	0.1258	0.7163	0.4174	0.2548	0.1824	0.1477	0.1276	0.1255	0.1146	0.6864	0.3755	0.2135	0.1482	0.1305	0.1193	0.1145	0.1115	0.5935	0.3088	0.1741	0.1340	0.1218	0.1138	0.1093	0.1075	0.4201	0.2146	0.1401	0.1245	0.1139	0.1040	0.1013	0.1014	0.2694	0.1567	0.1305	0.1135	0.1120	0.1030	0.1010	0.0991	0.1629	0.1327	0.1149	0.1078	0.1035	0.0998	0.0974	0.0985	
0.7080	0.5522	0.3562	0.2574	0.1895	0.1524	0.1448	0.1332	0.7322	0.5328	0.3373	0.2168	0.1750	0.1451	0.1308	0.1260	0.7219	0.4365	0.2603	0.1845	0.1485	0.1317	0.1271	0.1151	0.7113	0.3952	0.2206	0.1522	0.1339	0.1206	0.1175	0.1132	0.6215	0.3197	0.1771	0.1344	0.1232	0.1170	0.1104	0.1080	0.4468	0.2223	0.1432	0.1278	0.1169	0.1073	0.1015	0.1019	0.2855	0.1604	0.1311	0.1154	0.1134	0.1043	0.1020	0.1005	0.1677	0.1370	0.1176	0.1096	0.1055	0.1020	0.1000	0.0991	
0.7280	0.5746	0.3676	0.2640	0.1911	0.1535	0.1460	0.1334	0.7326	0.5514	0.3457	0.2218	0.1769	0.1457	0.1302	0.1269	0.7258	0.4535	0.2685	0.1887	0.1510	0.1316	0.1265	0.1166	0.7206	0.4079	0.2254	0.1539	0.1338	0.1209	0.1167	0.1132	0.6475	0.3311	0.1814	0.1349	0.1242	0.1158	0.1095	0.1067	0.4714	0.2282	0.1446	0.1278	0.1151	0.1064	0.1009	0.1012	0.2977	0.1629	0.1332	0.1164	0.1120	0.1034	0.1015	0.1008	0.1716	0.1377	0.1170	0.1090	0.1046	0.1002	0.0975	0.0998	
0.7147	0.5956	0.3835	0.2701	0.1971	0.1570	0.1478	0.1358	0.7346	0.5744	0.3624	0.2264	0.1834	0.1479	0.1321	0.1273	0.7372	0.4740	0.2797	0.1945	0.1525	0.1328	0.1285	0.1171	0.7375	0.4298	0.2350	0.1580	0.1366	0.1229	0.1193	0.1135	0.6738	0.3471	0.1861	0.1365	0.1263	0.1193	0.1102	0.1085	0.4977	0.2399	0.1481	0.1293	0.1179	0.1072	0.1022	0.1025	0.3125	0.1662	0.1352	0.1164	0.1130	0.1051	0.1040	0.1019	0.1790	0.1440	0.1193	0.1137	0.1057	0.1009	0.0999	0.1012	
0.7317	0.6202	0.3947	0.2775	0.2007	0.1590	0.1501	0.1383	0.7429	0.5967	0.3766	0.2342	0.1867	0.1517	0.1345	0.1313	0.7439	0.4970	0.2903	0.2000	0.1563	0.1348	0.1303	0.1185	0.7405	0.4522	0.2396	0.1604	0.1390	0.1246	0.1206	0.1157	0.7022	0.3645	0.1911	0.1412	0.1277	0.1182	0.1111	0.1077	0.5235	0.2479	0.1500	0.1312	0.1181	0.1073	0.1013	0.1016	0.3292	0.1703	0.1363	0.1186	0.1166	0.1048	0.1034	0.1016	0.1832	0.1441	0.1200	0.1114	0.1063	0.1001	0.0979	0.0994	
0.7262	0.6331	0.4036	0.2858	0.2033	0.1602	0.1502	0.1389	0.7431	0.6130	0.3878	0.2374	0.1864	0.1519	0.1364	0.1303	0.7424	0.5105	0.2990	0.2028	0.1584	0.1362	0.1330	0.1189	0.7425	0.4665	0.2450	0.1612	0.1407	0.1251	0.1200	0.1157	0.7196	0.3813	0.1932	0.1408	0.1278	0.1190	0.1111	0.1091	0.5478	0.2550	0.1528	0.1328	0.1187	0.1087	0.1027	0.1025	0.3417	0.1739	0.1379	0.1183	0.1157	0.1039	0.1045	0.1018	0.1879	0.1465	0.1208	0.1116	0.1079	0.1000	0.0985	0.0991	
0.7264	0.6546	0.4154	0.2908	0.2047	0.1601	0.1501	0.1377	0.7381	0.6313	0.3987	0.2403	0.1889	0.1516	0.1334	0.1301	0.7388	0.5269	0.3022	0.2028	0.1573	0.1357	0.1315	0.1181	0.7440	0.4829	0.2506	0.1613	0.1392	0.1228	0.1184	0.1145	0.7284	0.3936	0.1972	0.1422	0.1276	0.1188	0.1132	0.1082	0.5701	0.2619	0.1535	0.1320	0.1179	0.1082	0.1012	0.1007	0.3564	0.1771	0.1377	0.1172	0.1143	0.1056	0.1017	0.1008	0.1904	0.1480	0.1204	0.1101	0.1057	0.1000	0.0999	0.0986	
0.7281	0.6711	0.4301	0.2947	0.2093	0.1631	0.1520	0.1418	0.7481	0.6491	0.4117	0.2442	0.1930	0.1523	0.1358	0.1303	0.7407	0.5434	0.3139	0.2084	0.1602	0.1384	0.1319	0.1197	0.7510	0.5048	0.2598	0.1649	0.1411	0.1247	0.1200	0.1153	0.7371	0.4131	0.2035	0.1412	0.1292	0.1197	0.1125	0.1085	0.6015	0.2708	0.1571	0.1335	0.1196	0.1089	0.1015	0.1009	0.3735	0.1820	0.1403	0.1190	0.1149	0.1043	0.1025	0.1002	0.1953	0.1506	0.1222	0.1114	0.1068	0.1013	0.0980	0.0998	
0.7313	0.6818	0.4415	0.3045	0.2126	0.1645	0.1541	0.1423	0.7490	0.6653	0.4238	0.2513	0.1945	0.1538	0.1378	0.1316	0.7487	0.5618	0.3213	0.2120	0.1620	0.1400	0.1337	0.1198	0.7494	0.5225	0.2641	0.1674	0.1419	0.1262	0.1212	0.1147	0.7435	0.4251	0.2045	0.1438	0.1317	0.1208	0.1134	0.1072	0.6296	0.2833	0.1587	0.1358	0.1215	0.1093	0.1022	0.1004	0.3981	0.1875	0.1415	0.1195	0.1157	0.1040	0.1029	0.1009	0.2034	0.1511	0.1227	0.1122	0.1064	0.1016	0.0975	0.0989	
0.7292	0.6934	0.4566	0.3085	0.2157	0.1688	0.1560	0.1440	0.7548	0.6812	0.4355	0.2560	0.1969	0.1587	0.1386	0.1344	0.7438	0.5808	0.3333	0.2173	0.1645	0.1398	0.1349	0.1216	0.7555	0.5417	0.2719	0.1684	0.1435	0.1281	0.1217	0.1160	0.7386	0.4445	0.2111	0.1455	0.1330	0.1231	0.1131	0.1096	0.6522	0.2919	0.1617	0.1377	0.1205	0.1103	0.1019	0.1017	0.4105	0.1872	0.1441	0.1203	0.1169	0.1063	0.1042	0.1016	0.2084	0.1533	0.1247	0.1130	0.1085	0.1021	0.0988	0.1001	
0.7379	0.6998	0.4703	0.3172	0.2191	0.1700	0.1607	0.1452	0.7561	0.6908	0.4489	0.2637	0.2008	0.1583	0.1410	0.1368	0.7604	0.5963	0.3433	0.2222	0.1669	0.1441	0.1373	0.1232	0.7530	0.5556	0.2779	0.1735	0.1464	0.1289	0.1242	0.1176	0.7402	0.4543	0.2150	0.1495	0.1323	0.1222	0.1138	0.1100	0.6730	0.2998	0.1659	0.1385	0.1230	0.1106	0.1014	0.1028	0.4257	0.1927	0.1473	0.1224	0.1184	0.1069	0.1048	0.1011	0.2178	0.1590	0.1257	0.1138	0.1088	0.1016	0.0986	0.0988	
0.7365	0.7015	0.4788	0.3207	0.2197	0.1701	0.1582	0.1448	0.7530	0.6949	0.4587	0.2613	0.2016	0.1589	0.1427	0.1359	0.7523	0.6183	0.3523	0.2237	0.1664	0.1444	0.1367	0.1228	0.7547	0.5760	0.2824	0.1738	0.1447	0.1291	0.1216	0.1175	0.7435	0.4748	0.2177	0.1498	0.1332	0.1226	0.1155	0.1092	0.7000	0.3103	0.1654	0.1388	0.1217	0.1089	0.1018	0.1014	0.4421	0.1949	0.1460	0.1208	0.1178	0.1061	0.1026	0.1004	0.2183	0.1588	0.1241	0.1107	0.1058	0.1013	0.0981	0.0995	
0.7485	0.7017	0.4899	0.3267	0.2202	0.1696	0.1582	0.1452	0.7558	0.6942	0.4699	0.2649	0.2035	0.1617	0.1419	0.1351	0.7519	0.6283	0.3575	0.2251	0.1676	0.1433	0.1367	0.1227	0.7566	0.5850	0.2867	0.1745	0.1456	0.1285	0.1237	0.1179	0.7381	0.4793	0.2189	0.1480	0.1326	0.1212	0.1146	0.1098	0.7128	0.3163	0.1672	0.1375	0.1219	0.1102	0.1030	0.1008	0.4652	0.1961	0.1433	0.1200	0.1155	0.1036	0.1025	0.1007	0.2259	0.1587	0.1249	0.1144	0.1056	0.0997	0.0972	0.0990	
0.7446	0.7067	0.5071	0.3377	0.2272	0.1733	0.1614	0.1478	0.7599	0.7019	0.4858	0.2711	0.2100	0.1642	0.1435	0.1384	0.7543	0.6468	0.3692	0.2321	0.1703	0.1461	0.1385	0.1258	0.7605	0.6083	0.2997	0.1784	0.1489	0.1320	0.1245	0.1198	0.7561	0.5105	0.2304	0.1532	0.1363	0.1253	0.1151	0.1123	0.7218	0.3318	0.1730	0.1436	0.1221	0.1126	0.1017	0.1030	0.4983	0.2056	0.1492	0.1221	0.1187	0.1067	0.1050	0.1023	0.2339	0.1633	0.1276	0.1150	0.1085	0.1019	0.1001	0.1004	
0.7426	0.7124	0.5184	0.3448	0.2290	0.1754	0.1643	0.1511	0.7650	0.7040	0.4987	0.2775	0.2092	0.1632	0.1447	0.1390	0.7677	0.6507	0.3753	0.2340	0.1730	0.1473	0.1408	0.1260	0.7663	0.6177	0.2999	0.1789	0.1525	0.1324	0.1259	0.1193	0.7564	0.5215	0.2329	0.1535	0.1382	0.1264	0.1166	0.1119	0.7289	0.3414	0.1715	0.1415	0.1252	0.1122	0.1030	0.1009	0.5189	0.2093	0.1517	0.1232	0.1175	0.1074	0.1041	0.1020	0.2418	0.1663	0.1305	0.1153	0.1093	0.1035	0.0995	0.0991	
0.7384	0.7062	0.5225	0.3462	0.2279	0.1730	0.1607	0.1471	0.7592	0.7030	0.5069	0.2772	0.2102	0.1619	0.1416	0.1366	0.7568	0.6487	0.3806	0.2340	0.1717	0.1443	0.1377	0.1246	0.7602	0.6367	0.3063	0.1776	0.1496	0.1307	0.1243	0.1185	0.7459	0.5367	0.2331	0.1543	0.1357	0.1233	0.1140	0.1101	0.7235	0.3497	0.1717	0.1397	0.1224	0.1103	0.1018	0.1006	0.5365	0.2124	0.1507	0.1217	0.1188	0.1055	0.1036	0.1003	0.2446	0.1651	0.1272	0.1150	0.1083	0.1023	0.0996	0.0995	
0.7399	0.7103	0.5354	0.3520	0.2318	0.1763	0.1634	0.1491	0.7627	0.7078	0.5186	0.2816	0.2126	0.1639	0.1425	0.1369	0.7610	0.6576	0.3917	0.2401	0.1758	0.1463	0.1377	0.1270	0.7695	0.6532	0.3150	0.1823	0.1520	0.1326	0.1258	0.1181	0.7576	0.5600	0.2373	0.1559	0.1383	0.1267	0.1174	0.1115	0.7304	0.3604	0.1760	0.1447	0.1248	0.1110	0.1037	0.1017	0.5673	0.2186	0.1521	0.1244	0.1198	0.1062	0.1046	0.1016	0.2590	0.1691	0.1294	0.1166	0.1098	0.1016	0.1005	0.0994	
0.7509	0.7125	0.5504	0.3617	0.2357	0.1763	0.1653	0.1500	0.7718	0.7085	0.5306	0.2859	0.2169	0.1726	0.1463	0.1416	0.7724	0.6554	0.4010	0.2434	0.1774	0.1485	0.1424	0.1276	0.7734	0.6566	0.3240	0.1869	0.1541	0.1338	0.1268	0.1213	0.7563	0.5680	0.2435	0.1589	0.1396	0.1272	0.1177	0.1127	0.7334	0.3712	0.1777	0.1451	0.1253	0.1140	0.1035	0.1028	0.5969	0.2211	0.1541	0.1242	0.1229	0.1074	0.1058	0.1022	0.2674	0.1738	0.1294	0.1162	0.1119	0.1018	0.0983	0.0989	
0.7554	0.7123	0.5595	0.3674	0.2380	0.1793	0.1667	0.1527	0.7698	0.7129	0.5469	0.2910	0.2164	0.1679	0.1475	0.1415	0.7626	0.6569	0.4144	0.2463	0.1783	0.1490	0.1428	0.1287	0.7690	0.6632	0.3276	0.1879	0.1531	0.1353	0.1281	0.1212	0.7579	0.5848	0.2461	0.1586	0.1384	0.1272	0.1166	0.1119	0.7344	0.3734	0.1799	0.1459	0.1257	0.1134	0.1029	0.1026	0.6127	0.2261	0.1557	0.1249	0.1228	0.1073	0.1042	0.0996	0.2732	0.1731	0.1314	0.1160	0.1088	0.1033	0.0997	0.1007	
0.7528	0.7117	0.5712	0.3745	0.2400	0.1797	0.1650	0.1515	0.7724	0.7112	0.5585	0.2948	0.2176	0.1698	0.1451	0.1387	0.7774	0.6587	0.4223	0.2494	0.1783	0.1497	0.1427	0.1272	0.7734	0.6597	0.3338	0.1875	0.1545	0.1347	0.1267	0.1204	0.7662	0.6035	0.2512	0.1581	0.1409	0.1266	0.1173	0.1112	0.7364	0.3807	0.1818	0.1473	0.1262	0.1121	0.1030	0.1001	0.6370	0.2307	0.1558	0.1236	0.1205	0.1063	0.1038	0.1001	0.2794	0.1753	0.1308	0.1149	0.1095	0.1030	0.0983	0.0991	
0.7531	0.7151	0.5780	0.3823	0.2425	0.1797	0.1667	0.1521	0.7727	0.7072	0.5652	0.2971	0.2197	0.1670	0.1467	0.1411	0.7713	0.6578	0.4286	0.2512	0.1804	0.1498	0.1431	0.1278	0.7733	0.6549	0.3386	0.1895	0.1543	0.1319	0.1290	0.1202	0.7598	0.6109	0.2503	0.1605	0.1397	0.1285	0.1188	0.1126	0.7329	0.3906	0.1807	0.1465	0.1262	0.1124	0.1036	0.1038	0.6618	0.2314	0.1559	0.1252	0.1213	0.1063	0.1034	0.1004	0.2922	0.1758	0.1319	0.1168	0.1094	0.1025	0.0983	0.0984	
