0.0896	0.0897	0.0901	0.0892	0.0891	0.0899	0.0899	0.0908	0.0812	0.0819	0.0819	0.0816	0.0806	0.0817	0.0829	0.0877	0.0886	0.0883	0.0897	0.0885	0.0886	0.0892	0.0882	0.0886	0.0814	0.0822	0.0823	0.0831	0.0830	0.0831	0.0825	0.0873	0.0893	0.0893	0.0887	0.0890	0.0895	0.0899	0.0896	0.0906	0.0884	0.0855	0.0858	0.0852	0.0880	0.0860	0.0890	0.0895	0.0960	0.0942	0.0923	0.0968	0.0987	0.0995	0.0951	0.0939	0.0998	0.0928	0.0946	0.0952	0.0972	0.0904	0.0924	0.0927	
0.0872	0.0880	0.0883	0.0869	0.0870	0.0868	0.0874	0.0882	0.0871	0.0879	0.0881	0.0867	0.0862	0.0873	0.0881	0.0865	0.0867	0.0880	0.0876	0.0876	0.0880	0.0873	0.0868	0.0869	0.0873	0.0873	0.0874	0.0880	0.0872	0.0882	0.0877	0.0860	0.0871	0.0873	0.0883	0.0880	0.0877	0.0871	0.0871	0.0866	0.0878	0.0868	0.0873	0.0870	0.0872	0.0882	0.0868	0.0862	0.0884	0.0890	0.0888	0.0893	0.0883	0.0857	0.0869	0.0859	0.0899	0.0883	0.0885	0.0895	0.0875	0.0877	0.0881	0.0868	
0.0888	0.0899	0.0896	0.0888	0.0887	0.0883	0.0889	0.0891	0.0889	0.0902	0.0893	0.0886	0.0881	0.0894	0.0899	0.0886	0.0884	0.0893	0.0891	0.0881	0.0897	0.0885	0.0884	0.0883	0.0884	0.0888	0.0890	0.0894	0.0890	0.0889	0.0891	0.0887	0.0892	0.0888	0.0889	0.0893	0.0891	0.0884	0.0881	0.0877	0.0890	0.0895	0.0889	0.0893	0.0890	0.0895	0.0892	0.0883	0.0896	0.0898	0.0892	0.0908	0.0888	0.0880	0.0889	0.0881	0.0913	0.0891	0.0892	0.0900	0.0895	0.0892	0.0898	0.0884	
0.0885	0.0893	0.0894	0.0890	0.0884	0.0882	0.0889	0.0892	0.0905	0.0912	0.0911	0.0903	0.0901	0.0909	0.0923	0.0904	0.0881	0.0889	0.0889	0.0886	0.0891	0.0895	0.0887	0.0888	0.0893	0.0899	0.0903	0.0907	0.0901	0.0909	0.0908	0.0898	0.0886	0.0883	0.0888	0.0888	0.0883	0.0880	0.0885	0.0883	0.0900	0.0891	0.0893	0.0892	0.0899	0.0901	0.0908	0.0896	0.0889	0.0892	0.0887	0.0901	0.0883	0.0880	0.0879	0.0884	0.0915	0.0898	0.0897	0.0895	0.0902	0.0889	0.0892	0.0890	
0.0906	0.0915	0.0914	0.0909	0.0903	0.0905	0.0912	0.0912	0.0922	0.0937	0.0931	0.0921	0.0922	0.0929	0.0942	0.0936	0.0901	0.0912	0.0911	0.0906	0.0916	0.0917	0.0906	0.0908	0.0919	0.0924	0.0923	0.0923	0.0925	0.0935	0.0936	0.0931	0.0904	0.0902	0.0906	0.0909	0.0898	0.0909	0.0902	0.0901	0.0926	0.0919	0.0922	0.0924	0.0928	0.0925	0.0931	0.0926	0.0908	0.0909	0.0906	0.0918	0.0906	0.0898	0.0901	0.0904	0.0946	0.0924	0.0924	0.0922	0.0924	0.0920	0.0921	0.0920	
0.0886	0.0892	0.0891	0.0882	0.0880	0.0883	0.0886	0.0889	0.0877	0.0890	0.0887	0.0880	0.0873	0.0883	0.0884	0.0907	0.0874	0.0877	0.0879	0.0873	0.0883	0.0884	0.0878	0.0885	0.0880	0.0875	0.0881	0.0880	0.0877	0.0889	0.0885	0.0905	0.0873	0.0874	0.0880	0.0882	0.0872	0.0881	0.0870	0.0875	0.0890	0.0877	0.0878	0.0880	0.0876	0.0883	0.0880	0.0891	0.0881	0.0888	0.0876	0.0892	0.0873	0.0868	0.0868	0.0871	0.0911	0.0888	0.0882	0.0884	0.0887	0.0881	0.0888	0.0895	
0.0841	0.0849	0.0853	0.0842	0.0840	0.0843	0.0849	0.0852	0.0834	0.0836	0.0837	0.0835	0.0824	0.0828	0.0832	0.0855	0.0833	0.0839	0.0840	0.0834	0.0842	0.0838	0.0831	0.0840	0.0836	0.0833	0.0839	0.0833	0.0834	0.0846	0.0820	0.0844	0.0841	0.0833	0.0837	0.0835	0.0840	0.0834	0.0838	0.0837	0.0847	0.0838	0.0833	0.0836	0.0838	0.0828	0.0834	0.0830	0.0840	0.0848	0.0837	0.0856	0.0840	0.0817	0.0838	0.0827	0.0863	0.0838	0.0836	0.0837	0.0842	0.0834	0.0837	0.0846	
0.0868	0.0869	0.0871	0.0863	0.0866	0.0868	0.0874	0.0874	0.0861	0.0868	0.0867	0.0858	0.0856	0.0861	0.0862	0.0883	0.0855	0.0856	0.0859	0.0856	0.0869	0.0857	0.0856	0.0858	0.0863	0.0863	0.0861	0.0862	0.0864	0.0869	0.0861	0.0877	0.0859	0.0853	0.0862	0.0857	0.0855	0.0846	0.0849	0.0856	0.0862	0.0850	0.0854	0.0852	0.0861	0.0843	0.0854	0.0868	0.0855	0.0856	0.0863	0.0875	0.0853	0.0846	0.0853	0.0842	0.0877	0.0854	0.0862	0.0854	0.0857	0.0854	0.0860	0.0871	
0.0857	0.0860	0.0866	0.0851	0.0855	0.0853	0.0855	0.0858	0.0837	0.0834	0.0839	0.0829	0.0823	0.0829	0.0836	0.0836	0.0851	0.0850	0.0857	0.0853	0.0859	0.0849	0.0844	0.0852	0.0832	0.0836	0.0836	0.0843	0.0830	0.0840	0.0833	0.0829	0.0860	0.0849	0.0854	0.0855	0.0855	0.0851	0.0847	0.0847	0.0835	0.0831	0.0832	0.0832	0.0831	0.0832	0.0826	0.0836	0.0854	0.0858	0.0854	0.0872	0.0849	0.0842	0.0845	0.0838	0.0858	0.0841	0.0840	0.0846	0.0835	0.0836	0.0832	0.0818	
0.0893	0.0902	0.0907	0.0893	0.0894	0.0888	0.0897	0.0898	0.0897	0.0901	0.0896	0.0894	0.0882	0.0892	0.0901	0.0887	0.0889	0.0901	0.0895	0.0898	0.0905	0.0893	0.0889	0.0896	0.0891	0.0895	0.0892	0.0900	0.0891	0.0900	0.0896	0.0889	0.0895	0.0893	0.0905	0.0892	0.0884	0.0884	0.0891	0.0889	0.0896	0.0894	0.0893	0.0894	0.0893	0.0895	0.0891	0.0894	0.0906	0.0912	0.0899	0.0917	0.0892	0.0884	0.0892	0.0886	0.0918	0.0903	0.0896	0.0906	0.0900	0.0901	0.0898	0.0883	
0.0896	0.0903	0.0907	0.0897	0.0897	0.0895	0.0897	0.0900	0.0907	0.0914	0.0907	0.0901	0.0892	0.0909	0.0911	0.0897	0.0895	0.0897	0.0900	0.0897	0.0904	0.0895	0.0891	0.0895	0.0893	0.0898	0.0907	0.0905	0.0900	0.0906	0.0897	0.0896	0.0898	0.0899	0.0902	0.0892	0.0898	0.0888	0.0892	0.0890	0.0901	0.0899	0.0901	0.0896	0.0898	0.0890	0.0896	0.0891	0.0901	0.0907	0.0899	0.0909	0.0895	0.0895	0.0888	0.0887	0.0916	0.0901	0.0905	0.0910	0.0899	0.0900	0.0900	0.0888	
0.0911	0.0916	0.0922	0.0915	0.0914	0.0913	0.0921	0.0920	0.0932	0.0947	0.0945	0.0936	0.0931	0.0946	0.0948	0.0943	0.0904	0.0916	0.0924	0.0912	0.0918	0.0923	0.0919	0.0918	0.0925	0.0927	0.0939	0.0926	0.0931	0.0942	0.0934	0.0933	0.0919	0.0911	0.0914	0.0920	0.0903	0.0911	0.0915	0.0907	0.0941	0.0925	0.0926	0.0936	0.0929	0.0940	0.0934	0.0931	0.0919	0.0912	0.0918	0.0929	0.0905	0.0905	0.0906	0.0897	0.0934	0.0920	0.0922	0.0922	0.0918	0.0912	0.0931	0.0911	
0.0876	0.0880	0.0889	0.0871	0.0874	0.0872	0.0881	0.0885	0.0856	0.0858	0.0862	0.0854	0.0850	0.0850	0.0860	0.0855	0.0868	0.0877	0.0874	0.0872	0.0880	0.0875	0.0864	0.0873	0.0861	0.0856	0.0847	0.0857	0.0845	0.0852	0.0845	0.0845	0.0877	0.0871	0.0881	0.0874	0.0871	0.0863	0.0865	0.0873	0.0854	0.0851	0.0845	0.0850	0.0841	0.0845	0.0846	0.0839	0.0880	0.0879	0.0872	0.0889	0.0875	0.0867	0.0864	0.0861	0.0879	0.0858	0.0852	0.0864	0.0852	0.0850	0.0850	0.0845	
0.0895	0.0907	0.0909	0.0900	0.0897	0.0900	0.0897	0.0896	0.0902	0.0911	0.0902	0.0900	0.0893	0.0899	0.0906	0.0894	0.0895	0.0902	0.0905	0.0892	0.0906	0.0902	0.0904	0.0898	0.0896	0.0904	0.0900	0.0899	0.0889	0.0906	0.0897	0.0887	0.0895	0.0900	0.0909	0.0901	0.0891	0.0896	0.0892	0.0888	0.0902	0.0895	0.0897	0.0897	0.0898	0.0892	0.0884	0.0890	0.0913	0.0905	0.0901	0.0914	0.0900	0.0891	0.0889	0.0881	0.0918	0.0902	0.0905	0.0900	0.0899	0.0897	0.0895	0.0885	
0.0907	0.0912	0.0925	0.0914	0.0914	0.0915	0.0915	0.0916	0.0923	0.0932	0.0931	0.0920	0.0915	0.0925	0.0925	0.0926	0.0904	0.0912	0.0916	0.0908	0.0913	0.0914	0.0900	0.0907	0.0906	0.0915	0.0928	0.0917	0.0917	0.0916	0.0911	0.0919	0.0912	0.0904	0.0910	0.0909	0.0908	0.0907	0.0902	0.0908	0.0917	0.0912	0.0909	0.0909	0.0924	0.0911	0.0916	0.0922	0.0907	0.0916	0.0918	0.0915	0.0897	0.0900	0.0891	0.0890	0.0931	0.0913	0.0916	0.0922	0.0911	0.0902	0.0913	0.0920	
0.0896	0.0900	0.0907	0.0896	0.0893	0.0884	0.0894	0.0894	0.0883	0.0889	0.0886	0.0879	0.0870	0.0874	0.0883	0.0883	0.0890	0.0904	0.0900	0.0887	0.0898	0.0892	0.0884	0.0892	0.0881	0.0882	0.0884	0.0878	0.0872	0.0882	0.0875	0.0869	0.0890	0.0889	0.0888	0.0886	0.0877	0.0885	0.0879	0.0877	0.0892	0.0878	0.0882	0.0872	0.0876	0.0874	0.0873	0.0873	0.0897	0.0894	0.0890	0.0906	0.0887	0.0880	0.0881	0.0877	0.0903	0.0892	0.0880	0.0888	0.0881	0.0879	0.0878	0.0872	
0.0910	0.0909	0.0922	0.0910	0.0902	0.0902	0.0905	0.0900	0.0918	0.0921	0.0922	0.0912	0.0900	0.0906	0.0914	0.0904	0.0900	0.0910	0.0911	0.0899	0.0906	0.0900	0.0896	0.0899	0.0907	0.0911	0.0914	0.0909	0.0904	0.0906	0.0902	0.0902	0.0904	0.0907	0.0914	0.0897	0.0892	0.0898	0.0885	0.0893	0.0912	0.0911	0.0905	0.0909	0.0903	0.0899	0.0902	0.0897	0.0910	0.0910	0.0900	0.0922	0.0898	0.0892	0.0895	0.0895	0.0929	0.0917	0.0904	0.0912	0.0901	0.0897	0.0901	0.0903	
0.0900	0.0906	0.0908	0.0896	0.0895	0.0896	0.0894	0.0893	0.0894	0.0906	0.0903	0.0893	0.0883	0.0887	0.0880	0.0907	0.0888	0.0890	0.0891	0.0882	0.0891	0.0880	0.0879	0.0881	0.0887	0.0886	0.0888	0.0889	0.0881	0.0889	0.0886	0.0901	0.0893	0.0881	0.0891	0.0884	0.0871	0.0878	0.0874	0.0883	0.0894	0.0886	0.0879	0.0871	0.0876	0.0870	0.0877	0.0884	0.0886	0.0879	0.0885	0.0896	0.0878	0.0870	0.0869	0.0869	0.0908	0.0893	0.0882	0.0887	0.0881	0.0870	0.0882	0.0896	
0.0899	0.0903	0.0910	0.0896	0.0895	0.0888	0.0892	0.0890	0.0889	0.0888	0.0884	0.0875	0.0863	0.0864	0.0870	0.0869	0.0892	0.0893	0.0893	0.0885	0.0900	0.0889	0.0877	0.0881	0.0881	0.0882	0.0875	0.0871	0.0865	0.0868	0.0859	0.0858	0.0900	0.0891	0.0899	0.0885	0.0883	0.0910	0.0870	0.0878	0.0884	0.0871	0.0873	0.0872	0.0868	0.0863	0.0863	0.0854	0.0901	0.0894	0.0892	0.0895	0.0891	0.0872	0.0869	0.0865	0.0894	0.0878	0.0875	0.0879	0.0871	0.0868	0.0856	0.0849	
0.0922	0.0927	0.0928	0.0912	0.0909	0.0901	0.0908	0.0908	0.0938	0.0948	0.0927	0.0912	0.0908	0.0910	0.0915	0.0907	0.0918	0.0923	0.0915	0.0903	0.0910	0.0907	0.0905	0.0907	0.0922	0.0919	0.0917	0.0916	0.0900	0.0909	0.0908	0.0906	0.0914	0.0918	0.0913	0.0907	0.0898	0.0897	0.0900	0.0902	0.0915	0.0922	0.0908	0.0908	0.0906	0.0912	0.0904	0.0905	0.0921	0.0918	0.0915	0.0917	0.0898	0.0899	0.0901	0.0891	0.0936	0.0931	0.0909	0.0919	0.0907	0.0916	0.0911	0.0893	
0.0919	0.0929	0.0932	0.0913	0.0911	0.0909	0.0910	0.0908	0.0922	0.0932	0.0918	0.0909	0.0899	0.0906	0.0904	0.0926	0.0911	0.0916	0.0908	0.0900	0.0905	0.0898	0.0898	0.0901	0.0906	0.0916	0.0910	0.0907	0.0903	0.0910	0.0898	0.0914	0.0910	0.0902	0.0898	0.0899	0.0887	0.0893	0.0902	0.0898	0.0920	0.0912	0.0894	0.0895	0.0900	0.0894	0.0900	0.0921	0.0900	0.0900	0.0886	0.0906	0.0886	0.0883	0.0882	0.0886	0.0935	0.0904	0.0901	0.0908	0.0893	0.0894	0.0897	0.0913	
0.0923	0.0928	0.0925	0.0905	0.0895	0.0893	0.0893	0.0895	0.0917	0.0916	0.0907	0.0885	0.0881	0.0876	0.0883	0.0878	0.0911	0.0912	0.0896	0.0884	0.0899	0.0894	0.0891	0.0889	0.0900	0.0899	0.0890	0.0890	0.0880	0.0884	0.0873	0.0868	0.0906	0.0902	0.0902	0.0893	0.0888	0.0884	0.0883	0.0884	0.0898	0.0891	0.0884	0.0882	0.0880	0.0868	0.0880	0.0867	0.0908	0.0903	0.0890	0.0906	0.0884	0.0875	0.0886	0.0874	0.0904	0.0889	0.0882	0.0887	0.0875	0.0875	0.0875	0.0865	
0.0931	0.0943	0.0942	0.0922	0.0910	0.0904	0.0904	0.0904	0.0945	0.0950	0.0936	0.0918	0.0901	0.0911	0.0921	0.0908	0.0925	0.0931	0.0916	0.0903	0.0912	0.0909	0.0904	0.0902	0.0925	0.0927	0.0921	0.0917	0.0914	0.0908	0.0907	0.0905	0.0931	0.0922	0.0916	0.0913	0.0897	0.0902	0.0898	0.0898	0.0925	0.0922	0.0903	0.0904	0.0902	0.0906	0.0897	0.0901	0.0924	0.0917	0.0908	0.0918	0.0907	0.0901	0.0893	0.0896	0.0939	0.0922	0.0908	0.0919	0.0902	0.0907	0.0904	0.0895	
0.0929	0.0930	0.0932	0.0909	0.0900	0.0895	0.0896	0.0899	0.0929	0.0932	0.0911	0.0893	0.0887	0.0890	0.0885	0.0903	0.0905	0.0902	0.0902	0.0885	0.0884	0.0881	0.0876	0.0891	0.0917	0.0902	0.0894	0.0893	0.0875	0.0890	0.0878	0.0906	0.0904	0.0894	0.0891	0.0878	0.0875	0.0872	0.0881	0.0882	0.0908	0.0895	0.0881	0.0877	0.0876	0.0876	0.0880	0.0885	0.0902	0.0902	0.0889	0.0900	0.0872	0.0869	0.0868	0.0863	0.0916	0.0898	0.0879	0.0871	0.0880	0.0868	0.0878	0.0891	
0.0903	0.0905	0.0903	0.0881	0.0871	0.0867	0.0860	0.0861	0.0896	0.0900	0.0882	0.0858	0.0848	0.0844	0.0845	0.0859	0.0881	0.0877	0.0863	0.0847	0.0860	0.0847	0.0842	0.0844	0.0882	0.0870	0.0857	0.0848	0.0848	0.0849	0.0849	0.0849	0.0877	0.0865	0.0847	0.0857	0.0842	0.0835	0.0846	0.0845	0.0871	0.0856	0.0848	0.0842	0.0839	0.0838	0.0838	0.0847	0.0871	0.0868	0.0858	0.0865	0.0838	0.0840	0.0837	0.0829	0.0873	0.0860	0.0854	0.0848	0.0843	0.0841	0.0842	0.0842	
0.0926	0.0931	0.0922	0.0892	0.0888	0.0876	0.0873	0.0873	0.0911	0.0914	0.0891	0.0862	0.0842	0.0847	0.0847	0.0845	0.0902	0.0897	0.0881	0.0864	0.0875	0.0864	0.0854	0.0861	0.0894	0.0887	0.0860	0.0856	0.0849	0.0853	0.0848	0.0840	0.0895	0.0888	0.0869	0.0869	0.0863	0.0850	0.0861	0.0862	0.0883	0.0872	0.0848	0.0854	0.0848	0.0847	0.0840	0.0833	0.0899	0.0890	0.0871	0.0887	0.0870	0.0857	0.0855	0.0851	0.0899	0.0866	0.0854	0.0853	0.0850	0.0850	0.0845	0.0834	
0.0929	0.0935	0.0934	0.0893	0.0882	0.0869	0.0871	0.0873	0.0920	0.0911	0.0888	0.0857	0.0840	0.0841	0.0839	0.0843	0.0905	0.0901	0.0877	0.0861	0.0867	0.0859	0.0852	0.0864	0.0891	0.0882	0.0855	0.0848	0.0844	0.0850	0.0840	0.0832	0.0900	0.0888	0.0876	0.0863	0.0861	0.0856	0.0848	0.0856	0.0880	0.0873	0.0842	0.0841	0.0842	0.0840	0.0840	0.0835	0.0899	0.0884	0.0863	0.0879	0.0859	0.0848	0.0851	0.0840	0.0887	0.0861	0.0846	0.0841	0.0846	0.0840	0.0840	0.0823	
0.0946	0.0945	0.0942	0.0896	0.0886	0.0872	0.0873	0.0871	0.0932	0.0928	0.0898	0.0863	0.0850	0.0844	0.0846	0.0853	0.0918	0.0919	0.0881	0.0874	0.0880	0.0862	0.0862	0.0867	0.0906	0.0891	0.0865	0.0856	0.0847	0.0850	0.0851	0.0843	0.0913	0.0896	0.0883	0.0866	0.0864	0.0857	0.0865	0.0868	0.0898	0.0878	0.0853	0.0847	0.0847	0.0842	0.0839	0.0842	0.0898	0.0891	0.0873	0.0884	0.0866	0.0853	0.0864	0.0847	0.0910	0.0867	0.0857	0.0856	0.0852	0.0848	0.0846	0.0838	
0.0960	0.0967	0.0966	0.0914	0.0893	0.0885	0.0881	0.0883	0.0957	0.0957	0.0916	0.0870	0.0852	0.0857	0.0856	0.0860	0.0941	0.0938	0.0896	0.0879	0.0880	0.0874	0.0873	0.0877	0.0916	0.0906	0.0872	0.0863	0.0854	0.0861	0.0856	0.0848	0.0918	0.0910	0.0893	0.0878	0.0875	0.0869	0.0873	0.0868	0.0914	0.0893	0.0862	0.0854	0.0853	0.0850	0.0854	0.0855	0.0920	0.0902	0.0888	0.0892	0.0881	0.0864	0.0864	0.0865	0.0907	0.0878	0.0861	0.0854	0.0859	0.0861	0.0850	0.0843	
0.0989	0.0991	0.0987	0.0928	0.0910	0.0896	0.0893	0.0889	0.0983	0.0986	0.0937	0.0887	0.0872	0.0871	0.0878	0.0870	0.0958	0.0952	0.0911	0.0892	0.0893	0.0882	0.0877	0.0880	0.0948	0.0928	0.0887	0.0881	0.0867	0.0882	0.0872	0.0862	0.0942	0.0937	0.0898	0.0884	0.0873	0.0875	0.0868	0.0877	0.0927	0.0910	0.0883	0.0880	0.0877	0.0867	0.0872	0.0872	0.0927	0.0920	0.0892	0.0900	0.0881	0.0867	0.0875	0.0862	0.0936	0.0905	0.0881	0.0885	0.0873	0.0878	0.0872	0.0858	
0.1016	0.1022	0.1012	0.0951	0.0925	0.0916	0.0903	0.0906	0.1020	0.1024	0.0966	0.0918	0.0896	0.0897	0.0909	0.0891	0.0973	0.0976	0.0925	0.0900	0.0902	0.0898	0.0893	0.0900	0.0974	0.0961	0.0919	0.0908	0.0897	0.0899	0.0900	0.0890	0.0959	0.0949	0.0910	0.0903	0.0896	0.0910	0.0890	0.0892	0.0949	0.0939	0.0906	0.0898	0.0893	0.0888	0.0898	0.0900	0.0955	0.0936	0.0911	0.0921	0.0899	0.0895	0.0897	0.0879	0.0961	0.0932	0.0901	0.0904	0.0897	0.0894	0.0896	0.0890	
0.1035	0.1043	0.1028	0.0959	0.0931	0.0919	0.0912	0.0907	0.1056	0.1049	0.0978	0.0927	0.0904	0.0904	0.0914	0.0905	0.0986	0.0982	0.0926	0.0904	0.0908	0.0905	0.0898	0.0898	0.0991	0.0969	0.0918	0.0903	0.0900	0.0908	0.0897	0.0898	0.0976	0.0958	0.0920	0.0901	0.0898	0.0890	0.0892	0.0900	0.0962	0.0947	0.0910	0.0907	0.0901	0.0909	0.0897	0.0901	0.0951	0.0939	0.0908	0.0920	0.0894	0.0896	0.0897	0.0891	0.0961	0.0933	0.0901	0.0904	0.0905	0.0892	0.0900	0.0892	
0.1059	0.1066	0.1045	0.0969	0.0935	0.0918	0.0909	0.0904	0.1074	0.1059	0.0984	0.0923	0.0906	0.0907	0.0916	0.0908	0.1004	0.0999	0.0934	0.0899	0.0905	0.0896	0.0899	0.0905	0.1000	0.0981	0.0926	0.0909	0.0898	0.0905	0.0908	0.0902	0.0980	0.0962	0.0913	0.0902	0.0893	0.0895	0.0896	0.0898	0.0967	0.0943	0.0907	0.0906	0.0908	0.0900	0.0904	0.0905	0.0963	0.0945	0.0911	0.0918	0.0901	0.0894	0.0896	0.0886	0.0965	0.0935	0.0912	0.0908	0.0904	0.0899	0.0896	0.0900	
0.1059	0.1085	0.1051	0.0960	0.0923	0.0911	0.0901	0.0896	0.1086	0.1074	0.0987	0.0926	0.0903	0.0914	0.0918	0.0903	0.1000	0.0994	0.0920	0.0893	0.0896	0.0892	0.0891	0.0898	0.1003	0.0980	0.0917	0.0906	0.0906	0.0896	0.0904	0.0891	0.0971	0.0949	0.0900	0.0889	0.0877	0.0878	0.0885	0.0885	0.0968	0.0943	0.0906	0.0899	0.0895	0.0891	0.0898	0.0895	0.0951	0.0934	0.0895	0.0904	0.0883	0.0881	0.0878	0.0866	0.0958	0.0925	0.0897	0.0887	0.0885	0.0880	0.0885	0.0883	
0.1071	0.1085	0.1058	0.0963	0.0930	0.0912	0.0901	0.0897	0.1075	0.1068	0.0973	0.0908	0.0891	0.0890	0.0885	0.0915	0.0996	0.0989	0.0919	0.0882	0.0895	0.0886	0.0880	0.0890	0.1000	0.0962	0.0915	0.0893	0.0883	0.0888	0.0890	0.0911	0.0970	0.0937	0.0895	0.0890	0.0883	0.0877	0.0874	0.0880	0.0957	0.0942	0.0886	0.0886	0.0887	0.0882	0.0889	0.0903	0.0942	0.0925	0.0888	0.0894	0.0871	0.0873	0.0872	0.0866	0.0958	0.0911	0.0889	0.0884	0.0876	0.0875	0.0889	0.0894	
0.1108	0.1118	0.1084	0.0970	0.0931	0.0909	0.0901	0.0892	0.1109	0.1094	0.0982	0.0894	0.0866	0.0866	0.0873	0.0869	0.1036	0.1009	0.0928	0.0896	0.0895	0.0886	0.0874	0.0891	0.1007	0.0969	0.0890	0.0876	0.0867	0.0868	0.0867	0.0862	0.0984	0.0949	0.0896	0.0890	0.0891	0.0876	0.0881	0.0879	0.0953	0.0930	0.0874	0.0865	0.0863	0.0865	0.0864	0.0859	0.0967	0.0929	0.0897	0.0911	0.0882	0.0880	0.0882	0.0873	0.0950	0.0899	0.0875	0.0882	0.0870	0.0860	0.0863	0.0850	
0.1155	0.1166	0.1135	0.0996	0.0946	0.0919	0.0912	0.0901	0.1159	0.1146	0.1017	0.0923	0.0896	0.0898	0.0905	0.0898	0.1057	0.1044	0.0939	0.0904	0.0902	0.0898	0.0903	0.0898	0.1043	0.0992	0.0917	0.0900	0.0898	0.0905	0.0893	0.0888	0.1009	0.0973	0.0913	0.0898	0.0890	0.0888	0.0891	0.0887	0.0993	0.0963	0.0905	0.0903	0.0905	0.0902	0.0900	0.0898	0.0979	0.0945	0.0911	0.0917	0.0889	0.0895	0.0882	0.0880	0.0987	0.0932	0.0902	0.0895	0.0896	0.0903	0.0893	0.0886	
0.1192	0.1210	0.1173	0.1022	0.0966	0.0948	0.0934	0.0927	0.1211	0.1197	0.1059	0.0964	0.0941	0.0950	0.0954	0.0947	0.1086	0.1068	0.0964	0.0923	0.0930	0.0922	0.0924	0.0923	0.1079	0.1041	0.0958	0.0946	0.0939	0.0939	0.0941	0.0924	0.1041	0.0992	0.0935	0.0925	0.0912	0.0919	0.0914	0.0913	0.1028	0.1000	0.0949	0.0939	0.0935	0.0935	0.0943	0.0939	0.1001	0.0969	0.0924	0.0934	0.0911	0.0916	0.0916	0.0903	0.1016	0.0959	0.0934	0.0928	0.0921	0.0922	0.0924	0.0929	
0.1202	0.1212	0.1168	0.0986	0.0928	0.0906	0.0886	0.0888	0.1168	0.1149	0.0992	0.0873	0.0855	0.0857	0.0859	0.0858	0.1073	0.1051	0.0916	0.0877	0.0883	0.0872	0.0863	0.0877	0.1032	0.0978	0.0876	0.0864	0.0850	0.0854	0.0849	0.0853	0.1018	0.0965	0.0894	0.0879	0.0877	0.0870	0.0875	0.0873	0.0963	0.0919	0.0865	0.0862	0.0856	0.0852	0.0848	0.0857	0.0963	0.0920	0.0884	0.0895	0.0878	0.0862	0.0870	0.0855	0.0958	0.0890	0.0863	0.0862	0.0857	0.0855	0.0847	0.0853	
0.1273	0.1290	0.1226	0.1024	0.0955	0.0930	0.0909	0.0905	0.1257	0.1238	0.1053	0.0920	0.0894	0.0899	0.0904	0.0898	0.1125	0.1096	0.0938	0.0895	0.0906	0.0890	0.0893	0.0898	0.1098	0.1033	0.0917	0.0897	0.0894	0.0901	0.0895	0.0894	0.1052	0.0992	0.0911	0.0902	0.0885	0.0890	0.0895	0.0893	0.1013	0.0971	0.0909	0.0902	0.0892	0.0893	0.0890	0.0901	0.0994	0.0946	0.0905	0.0922	0.0894	0.0890	0.0888	0.0877	0.1001	0.0935	0.0904	0.0897	0.0900	0.0902	0.0896	0.0886	
0.1327	0.1340	0.1279	0.1063	0.0983	0.0958	0.0942	0.0930	0.1311	0.1290	0.1103	0.0968	0.0943	0.0946	0.0951	0.0948	0.1165	0.1123	0.0967	0.0926	0.0930	0.0929	0.0926	0.0926	0.1137	0.1066	0.0960	0.0939	0.0931	0.0939	0.0943	0.0933	0.1069	0.1014	0.0938	0.0931	0.0919	0.0921	0.0919	0.0921	0.1048	0.1012	0.0940	0.0942	0.0933	0.0942	0.0937	0.0945	0.1011	0.0977	0.0927	0.0939	0.0910	0.0919	0.0911	0.0906	0.1033	0.0965	0.0937	0.0935	0.0923	0.0925	0.0934	0.0925	
0.1347	0.1355	0.1275	0.1012	0.0933	0.0890	0.0870	0.0867	0.1292	0.1249	0.1021	0.0860	0.0835	0.0834	0.0837	0.0835	0.1130	0.1088	0.0907	0.0857	0.0865	0.0852	0.0848	0.0853	0.1081	0.0989	0.0857	0.0839	0.0831	0.0834	0.0825	0.0819	0.1023	0.0953	0.0862	0.0857	0.0846	0.0853	0.0843	0.0844	0.0974	0.0921	0.0848	0.0830	0.0830	0.0827	0.0828	0.0821	0.0964	0.0907	0.0861	0.0870	0.0853	0.0837	0.0845	0.0841	0.0942	0.0877	0.0844	0.0842	0.0840	0.0831	0.0826	0.0817	
0.1439	0.1448	0.1352	0.1063	0.0961	0.0925	0.0897	0.0890	0.1404	0.1357	0.1091	0.0912	0.0879	0.0884	0.0886	0.0874	0.1201	0.1144	0.0932	0.0887	0.0893	0.0883	0.0878	0.0887	0.1147	0.1050	0.0907	0.0886	0.0878	0.0885	0.0878	0.0869	0.1081	0.1000	0.0900	0.0890	0.0879	0.0880	0.0878	0.0884	0.1025	0.0964	0.0884	0.0879	0.0882	0.0872	0.0873	0.0870	0.1015	0.0950	0.0896	0.0901	0.0878	0.0881	0.0873	0.0870	0.1000	0.0922	0.0882	0.0884	0.0884	0.0878	0.0873	0.0870	
0.1526	0.1528	0.1421	0.1093	0.0974	0.0930	0.0913	0.0900	0.1469	0.1431	0.1125	0.0922	0.0892	0.0898	0.0904	0.0892	0.1244	0.1180	0.0946	0.0899	0.0898	0.0895	0.0890	0.0896	0.1169	0.1070	0.0914	0.0895	0.0885	0.0891	0.0894	0.0891	0.1102	0.1020	0.0913	0.0895	0.0891	0.0891	0.0888	0.0886	0.1043	0.0989	0.0903	0.0900	0.0897	0.0889	0.0887	0.0889	0.1024	0.0961	0.0898	0.0915	0.0890	0.0891	0.0889	0.0879	0.1015	0.0933	0.0897	0.0904	0.0887	0.0893	0.0891	0.0886	
0.1608	0.1611	0.1489	0.1109	0.0987	0.0939	0.0913	0.0906	0.1561	0.1495	0.1166	0.0942	0.0900	0.0909	0.0912	0.0905	0.1293	0.1222	0.0962	0.0901	0.0905	0.0898	0.0900	0.0906	0.1216	0.1089	0.0923	0.0910	0.0898	0.0901	0.0903	0.0899	0.1120	0.1029	0.0913	0.0898	0.0885	0.0901	0.0895	0.0896	0.1056	0.1005	0.0913	0.0904	0.0901	0.0901	0.0895	0.0898	0.1030	0.0971	0.0906	0.0911	0.0890	0.0890	0.0891	0.0881	0.1027	0.0941	0.0897	0.0907	0.0899	0.0891	0.0893	0.0896	
0.1676	0.1686	0.1545	0.1132	0.0995	0.0958	0.0937	0.0922	0.1612	0.1548	0.1182	0.0963	0.0935	0.0937	0.0946	0.0936	0.1320	0.1237	0.0970	0.0918	0.0918	0.0918	0.0915	0.0919	0.1246	0.1126	0.0958	0.0930	0.0922	0.0933	0.0929	0.0923	0.1134	0.1037	0.0927	0.0913	0.0902	0.0911	0.0906	0.0914	0.1081	0.1017	0.0931	0.0927	0.0926	0.0914	0.0934	0.0932	0.1035	0.0970	0.0907	0.0923	0.0908	0.0905	0.0900	0.0894	0.1048	0.0952	0.0921	0.0920	0.0913	0.0908	0.0924	0.0919	
0.1780	0.1786	0.1616	0.1127	0.0971	0.0910	0.0881	0.0883	0.1652	0.1555	0.1136	0.0879	0.0841	0.0839	0.0843	0.0848	0.1332	0.1251	0.0922	0.0858	0.0873	0.0860	0.0857	0.0862	0.1229	0.1078	0.0870	0.0848	0.0845	0.0845	0.0840	0.0835	0.1124	0.1005	0.0881	0.0867	0.0862	0.0854	0.0853	0.0859	0.1011	0.0952	0.0851	0.0849	0.0852	0.0841	0.0843	0.0841	0.1015	0.0941	0.0875	0.0877	0.0859	0.0858	0.0853	0.0849	0.0984	0.0881	0.0856	0.0852	0.0843	0.0838	0.0845	0.0835	
0.1929	0.1941	0.1750	0.1184	0.0995	0.0934	0.0897	0.0890	0.1771	0.1684	0.1200	0.0906	0.0867	0.0870	0.0875	0.0865	0.1414	0.1308	0.0951	0.0883	0.0889	0.0876	0.0877	0.0880	0.1298	0.1114	0.0895	0.0872	0.0865	0.0872	0.0868	0.0866	0.1169	0.1035	0.0901	0.0882	0.0874	0.0874	0.0872	0.0867	0.1057	0.0978	0.0880	0.0870	0.0871	0.0867	0.0865	0.0863	0.1032	0.0948	0.0888	0.0894	0.0870	0.0866	0.0862	0.0858	0.1024	0.0910	0.0886	0.0875	0.0872	0.0870	0.0862	0.0858	
0.2062	0.2060	0.1838	0.1217	0.1009	0.0948	0.0907	0.0898	0.1886	0.1788	0.1248	0.0926	0.0884	0.0887	0.0897	0.0884	0.1472	0.1364	0.0963	0.0892	0.0899	0.0891	0.0889	0.0891	0.1340	0.1157	0.0916	0.0898	0.0886	0.0890	0.0889	0.0881	0.1207	0.1060	0.0911	0.0891	0.0875	0.0887	0.0885	0.0881	0.1087	0.1006	0.0903	0.0890	0.0895	0.0881	0.0884	0.0880	0.1049	0.0968	0.0904	0.0908	0.0892	0.0881	0.0879	0.0878	0.1047	0.0940	0.0900	0.0902	0.0897	0.0891	0.0890	0.0887	
0.2224	0.2232	0.1981	0.1269	0.1026	0.0953	0.0916	0.0906	0.2030	0.1913	0.1307	0.0945	0.0898	0.0903	0.0911	0.0903	0.1535	0.1428	0.0972	0.0902	0.0903	0.0896	0.0896	0.0889	0.1404	0.1186	0.0931	0.0903	0.0898	0.0902	0.0899	0.0894	0.1239	0.1075	0.0922	0.0894	0.0889	0.0893	0.0886	0.0894	0.1106	0.1029	0.0910	0.0900	0.0906	0.0892	0.0895	0.0895	0.1078	0.0986	0.0911	0.0912	0.0891	0.0890	0.0897	0.0877	0.1060	0.0946	0.0905	0.0914	0.0898	0.0895	0.0894	0.0884	
0.2375	0.2380	0.2096	0.1280	0.1035	0.0950	0.0913	0.0906	0.2116	0.1995	0.1336	0.0956	0.0920	0.0922	0.0920	0.0905	0.1576	0.1447	0.0973	0.0895	0.0899	0.0895	0.0895	0.0898	0.1430	0.1194	0.0934	0.0905	0.0909	0.0907	0.0903	0.0894	0.1246	0.1076	0.0915	0.0890	0.0883	0.0882	0.0887	0.0888	0.1111	0.1024	0.0909	0.0907	0.0900	0.0901	0.0904	0.0903	0.1071	0.0975	0.0891	0.0900	0.0884	0.0886	0.0883	0.0872	0.1063	0.0934	0.0899	0.0905	0.0895	0.0891	0.0892	0.0893	
0.2532	0.2521	0.2207	0.1334	0.1064	0.0986	0.0948	0.0938	0.2266	0.2120	0.1408	0.0981	0.0937	0.0941	0.0945	0.0945	0.1668	0.1510	0.1001	0.0919	0.0931	0.0931	0.0924	0.0924	0.1489	0.1252	0.0967	0.0944	0.0931	0.0941	0.0941	0.0938	0.1293	0.1114	0.0943	0.0925	0.0909	0.0919	0.0917	0.0924	0.1160	0.1062	0.0944	0.0934	0.0936	0.0940	0.0944	0.0947	0.1104	0.0996	0.0937	0.0942	0.0923	0.0918	0.0917	0.0911	0.1092	0.0982	0.0941	0.0937	0.0929	0.0923	0.0933	0.0925	
0.2698	0.2693	0.2311	0.1312	0.1005	0.0909	0.0873	0.0861	0.2317	0.2177	0.1341	0.0875	0.0834	0.0832	0.0830	0.0836	0.1664	0.1501	0.0916	0.0839	0.0846	0.0834	0.0834	0.0839	0.1459	0.1178	0.0861	0.0834	0.0833	0.0833	0.0831	0.0836	0.1257	0.1044	0.0861	0.0847	0.0837	0.0838	0.0842	0.0837	0.1079	0.0963	0.0831	0.0834	0.0837	0.0831	0.0825	0.0823	0.1046	0.0936	0.0858	0.0853	0.0837	0.0825	0.0835	0.0827	0.1012	0.0880	0.0841	0.0839	0.0834	0.0829	0.0827	0.0836	
0.2986	0.2999	0.2581	0.1421	0.1072	0.0954	0.0909	0.0896	0.2560	0.2417	0.1469	0.0933	0.0880	0.0886	0.0889	0.0879	0.1834	0.1635	0.0971	0.0891	0.0894	0.0892	0.0879	0.0889	0.1592	0.1270	0.0916	0.0888	0.0874	0.0887	0.0877	0.0874	0.1342	0.1110	0.0909	0.0892	0.0881	0.0881	0.0887	0.0883	0.1156	0.1028	0.0894	0.0887	0.0881	0.0886	0.0882	0.0881	0.1100	0.0987	0.0904	0.0900	0.0889	0.0880	0.0878	0.0875	0.1075	0.0946	0.0900	0.0889	0.0883	0.0892	0.0879	0.0863	
0.3209	0.3214	0.2797	0.1486	0.1080	0.0960	0.0914	0.0899	0.2676	0.2506	0.1550	0.0953	0.0905	0.0909	0.0912	0.0897	0.1892	0.1686	0.0978	0.0884	0.0896	0.0890	0.0881	0.0898	0.1628	0.1294	0.0929	0.0903	0.0897	0.0892	0.0901	0.0895	0.1346	0.1122	0.0906	0.0882	0.0880	0.0887	0.0888	0.0880	0.1162	0.1043	0.0896	0.0890	0.0895	0.0899	0.0904	0.0900	0.1119	0.0982	0.0896	0.0903	0.0892	0.0890	0.0879	0.0877	0.1080	0.0938	0.0891	0.0900	0.0883	0.0885	0.0884	0.0883	
0.3392	0.3382	0.2913	0.1496	0.1052	0.0927	0.0867	0.0862	0.2780	0.2611	0.1513	0.0876	0.0828	0.0825	0.0828	0.0829	0.1909	0.1695	0.0932	0.0840	0.0853	0.0837	0.0830	0.0843	0.1620	0.1253	0.0855	0.0837	0.0827	0.0822	0.0824	0.0831	0.1347	0.1069	0.0851	0.0839	0.0841	0.0828	0.0828	0.0839	0.1109	0.0983	0.0841	0.0831	0.0831	0.0822	0.0828	0.0824	0.1078	0.0933	0.0848	0.0859	0.0843	0.0829	0.0831	0.0828	0.1024	0.0874	0.0840	0.0846	0.0832	0.0823	0.0833	0.0829	
0.3715	0.3744	0.3211	0.1630	0.1112	0.0968	0.0907	0.0883	0.3068	0.2863	0.1654	0.0922	0.0866	0.0869	0.0879	0.0862	0.2100	0.1849	0.0985	0.0879	0.0883	0.0877	0.0873	0.0879	0.1760	0.1358	0.0893	0.0876	0.0870	0.0871	0.0869	0.0867	0.1441	0.1138	0.0898	0.0882	0.0861	0.0872	0.0873	0.0871	0.1180	0.1021	0.0881	0.0866	0.0867	0.0865	0.0871	0.0863	0.1132	0.0981	0.0886	0.0903	0.0873	0.0875	0.0870	0.0865	0.1083	0.0929	0.0888	0.0882	0.0874	0.0870	0.0872	0.0863	
0.4037	0.4048	0.3512	0.1739	0.1164	0.0990	0.0929	0.0910	0.3322	0.3118	0.1766	0.0960	0.0898	0.0906	0.0909	0.0899	0.2218	0.1951	0.1010	0.0899	0.0902	0.0905	0.0899	0.0903	0.1859	0.1416	0.0930	0.0901	0.0898	0.0906	0.0899	0.0900	0.1516	0.1178	0.0919	0.0905	0.0887	0.0884	0.0893	0.0899	0.1230	0.1067	0.0907	0.0902	0.0900	0.0900	0.0896	0.0902	0.1159	0.0995	0.0911	0.0918	0.0895	0.0892	0.0896	0.0890	0.1126	0.0952	0.0915	0.0910	0.0893	0.0900	0.0891	0.0896	
0.4329	0.4325	0.3749	0.1812	0.1181	0.1007	0.0949	0.0931	0.3502	0.3292	0.1852	0.0987	0.0941	0.0943	0.0946	0.0934	0.2316	0.2043	0.1030	0.0924	0.0927	0.0922	0.0915	0.0927	0.1939	0.1462	0.0961	0.0932	0.0932	0.0940	0.0941	0.0930	0.1538	0.1199	0.0937	0.0924	0.0903	0.0919	0.0916	0.0923	0.1259	0.1098	0.0940	0.0936	0.0933	0.0933	0.0941	0.0930	0.1176	0.1017	0.0917	0.0934	0.0911	0.0918	0.0904	0.0900	0.1140	0.0975	0.0932	0.0923	0.0919	0.0910	0.0930	0.0924	
0.4509	0.4479	0.3909	0.1831	0.1128	0.0942	0.0880	0.0862	0.3645	0.3397	0.1855	0.0890	0.0840	0.0837	0.0840	0.0853	0.2364	0.2038	0.0949	0.0836	0.0853	0.0836	0.0843	0.0842	0.1919	0.1401	0.0859	0.0844	0.0828	0.0840	0.0835	0.0859	0.1515	0.1123	0.0856	0.0840	0.0845	0.0834	0.0839	0.0838	0.1198	0.1006	0.0845	0.0841	0.0832	0.0831	0.0837	0.0833	0.1122	0.0941	0.0852	0.0856	0.0841	0.0832	0.0835	0.0827	0.1069	0.0888	0.0840	0.0837	0.0830	0.0834	0.0840	0.0837	
0.4852	0.4832	0.4241	0.1991	0.1206	0.0984	0.0915	0.0898	0.3939	0.3681	0.2016	0.0921	0.0867	0.0865	0.0867	0.0863	0.2554	0.2214	0.0999	0.0884	0.0888	0.0878	0.0878	0.0881	0.2051	0.1490	0.0892	0.0872	0.0864	0.0867	0.0862	0.0851	0.1632	0.1210	0.0903	0.0885	0.0882	0.0871	0.0876	0.0871	0.1244	0.1044	0.0870	0.0868	0.0868	0.0862	0.0856	0.0852	0.1186	0.0982	0.0889	0.0901	0.0886	0.0873	0.0881	0.0865	0.1107	0.0915	0.0875	0.0872	0.0869	0.0862	0.0856	0.0850	
0.5166	0.5134	0.4532	0.2138	0.1256	0.1007	0.0925	0.0902	0.4189	0.3918	0.2149	0.0944	0.0887	0.0893	0.0894	0.0888	0.2696	0.2319	0.1018	0.0891	0.0901	0.0889	0.0887	0.0889	0.2163	0.1565	0.0918	0.0894	0.0889	0.0891	0.0888	0.0884	0.1701	0.1229	0.0910	0.0887	0.0885	0.0884	0.0883	0.0888	0.1302	0.1084	0.0906	0.0889	0.0894	0.0889	0.0886	0.0888	0.1209	0.1001	0.0900	0.0911	0.0893	0.0879	0.0891	0.0878	0.1139	0.0947	0.0889	0.0900	0.0888	0.0894	0.0888	0.0876	
0.5427	0.5399	0.4848	0.2309	0.1298	0.1019	0.0928	0.0906	0.4422	0.4162	0.2249	0.0958	0.0894	0.0898	0.0903	0.0896	0.2827	0.2437	0.1028	0.0896	0.0898	0.0895	0.0892	0.0890	0.2269	0.1607	0.0925	0.0898	0.0894	0.0897	0.0897	0.0890	0.1740	0.1253	0.0912	0.0896	0.0886	0.0882	0.0879	0.0892	0.1314	0.1090	0.0907	0.0890	0.0897	0.0899	0.0897	0.0894	0.1223	0.1002	0.0900	0.0913	0.0895	0.0887	0.0890	0.0887	0.1151	0.0948	0.0904	0.0903	0.0903	0.0889	0.0898	0.0890	
0.5651	0.5611	0.5084	0.2434	0.1332	0.1031	0.0934	0.0921	0.4662	0.4411	0.2385	0.0989	0.0928	0.0936	0.0936	0.0926	0.2976	0.2548	0.1042	0.0911	0.0915	0.0918	0.0908	0.0919	0.2315	0.1649	0.0951	0.0924	0.0916	0.0927	0.0923	0.0922	0.1773	0.1262	0.0927	0.0911	0.0896	0.0906	0.0905	0.0906	0.1335	0.1108	0.0919	0.0921	0.0920	0.0923	0.0926	0.0928	0.1237	0.1006	0.0914	0.0921	0.0900	0.0902	0.0898	0.0899	0.1167	0.0965	0.0911	0.0918	0.0904	0.0907	0.0910	0.0915	
0.5907	0.5804	0.5304	0.2563	0.1346	0.0991	0.0893	0.0873	0.4860	0.4595	0.2477	0.0901	0.0835	0.0828	0.0838	0.0833	0.3076	0.2629	0.0991	0.0856	0.0860	0.0851	0.0846	0.0856	0.2368	0.1636	0.0861	0.0839	0.0833	0.0834	0.0831	0.0833	0.1804	0.1239	0.0875	0.0861	0.0854	0.0848	0.0848	0.0851	0.1302	0.1038	0.0841	0.0838	0.0839	0.0835	0.0829	0.0831	0.1222	0.0964	0.0863	0.0878	0.0852	0.0847	0.0852	0.0848	0.1116	0.0898	0.0841	0.0835	0.0838	0.0827	0.0821	0.0825	
0.6149	0.6061	0.5577	0.2808	0.1430	0.1038	0.0924	0.0904	0.5183	0.4895	0.2684	0.0959	0.0885	0.0888	0.0893	0.0879	0.3270	0.2832	0.1042	0.0892	0.0890	0.0892	0.0882	0.0890	0.2557	0.1754	0.0922	0.0896	0.0876	0.0894	0.0886	0.0879	0.1906	0.1313	0.0905	0.0892	0.0887	0.0882	0.0884	0.0884	0.1361	0.1102	0.0898	0.0888	0.0889	0.0894	0.0887	0.0881	0.1257	0.1002	0.0905	0.0913	0.0888	0.0884	0.0881	0.0873	0.1172	0.0948	0.0895	0.0899	0.0891	0.0888	0.0892	0.0887	
0.6281	0.6184	0.5739	0.2980	0.1472	0.1047	0.0946	0.0921	0.5399	0.5084	0.2817	0.0995	0.0925	0.0933	0.0941	0.0927	0.3429	0.2941	0.1057	0.0909	0.0912	0.0913	0.0913	0.0915	0.2629	0.1799	0.0948	0.0922	0.0915	0.0924	0.0922	0.0920	0.1968	0.1331	0.0922	0.0902	0.0895	0.0907	0.0906	0.0897	0.1413	0.1118	0.0919	0.0914	0.0924	0.0919	0.0927	0.0923	0.1282	0.1010	0.0909	0.0914	0.0899	0.0906	0.0899	0.0890	0.1186	0.0961	0.0910	0.0907	0.0906	0.0903	0.0903	0.0910	
0.6404	0.6336	0.5962	0.3213	0.1528	0.1037	0.0917	0.0896	0.5685	0.5363	0.3008	0.0939	0.0862	0.0859	0.0862	0.0854	0.3600	0.3108	0.1049	0.0886	0.0891	0.0875	0.0874	0.0880	0.2763	0.1852	0.0894	0.0868	0.0851	0.0860	0.0861	0.0858	0.2035	0.1341	0.0900	0.0882	0.0881	0.0877	0.0875	0.0884	0.1399	0.1089	0.0871	0.0866	0.0867	0.0857	0.0861	0.0851	0.1299	0.0993	0.0889	0.0892	0.0881	0.0871	0.0866	0.0866	0.1167	0.0932	0.0872	0.0871	0.0862	0.0862	0.0863	0.0851	
0.6515	0.6438	0.6157	0.3484	0.1604	0.1068	0.0936	0.0910	0.5895	0.5589	0.3197	0.0967	0.0894	0.0896	0.0900	0.0894	0.3764	0.3256	0.1074	0.0892	0.0898	0.0889	0.0886	0.0894	0.2866	0.1928	0.0919	0.0901	0.0892	0.0891	0.0891	0.0885	0.2118	0.1373	0.0912	0.0907	0.0889	0.0883	0.0890	0.0887	0.1445	0.1121	0.0903	0.0894	0.0896	0.0892	0.0895	0.0896	0.1328	0.1006	0.0907	0.0914	0.0895	0.0892	0.0885	0.0888	0.1216	0.0953	0.0896	0.0899	0.0881	0.0893	0.0891	0.0877	
0.6431	0.6372	0.6180	0.3582	0.1609	0.1042	0.0915	0.0890	0.5992	0.5669	0.3260	0.0939	0.0869	0.0870	0.0865	0.0886	0.3842	0.3326	0.1031	0.0865	0.0870	0.0868	0.0860	0.0868	0.2872	0.1896	0.0896	0.0870	0.0866	0.0870	0.0860	0.0884	0.2086	0.1326	0.0873	0.0875	0.0863	0.0860	0.0858	0.0862	0.1403	0.1083	0.0872	0.0861	0.0863	0.0861	0.0859	0.0876	0.1280	0.0973	0.0868	0.0877	0.0860	0.0853	0.0853	0.0849	0.1180	0.0923	0.0859	0.0865	0.0864	0.0847	0.0861	0.0872	
0.6546	0.6492	0.6334	0.3942	0.1750	0.1066	0.0923	0.0896	0.6337	0.5972	0.3540	0.0953	0.0874	0.0874	0.0883	0.0870	0.4092	0.3570	0.1063	0.0880	0.0885	0.0886	0.0869	0.0878	0.3060	0.2008	0.0908	0.0877	0.0873	0.0875	0.0870	0.0864	0.2235	0.1403	0.0896	0.0886	0.0872	0.0873	0.0872	0.0873	0.1465	0.1108	0.0882	0.0880	0.0878	0.0867	0.0870	0.0875	0.1342	0.1002	0.0884	0.0900	0.0881	0.0879	0.0869	0.0865	0.1223	0.0944	0.0888	0.0881	0.0877	0.0876	0.0878	0.0869	
0.6491	0.6466	0.6329	0.4149	0.1817	0.1087	0.0938	0.0910	0.6381	0.6032	0.3719	0.0995	0.0914	0.0922	0.0924	0.0909	0.4191	0.3677	0.1080	0.0895	0.0899	0.0903	0.0893	0.0902	0.3176	0.2103	0.0937	0.0905	0.0905	0.0909	0.0908	0.0903	0.2257	0.1399	0.0905	0.0896	0.0888	0.0892	0.0887	0.0891	0.1507	0.1133	0.0907	0.0902	0.0908	0.0905	0.0908	0.0904	0.1366	0.1008	0.0901	0.0906	0.0887	0.0897	0.0890	0.0876	0.1238	0.0942	0.0908	0.0900	0.0888	0.0887	0.0890	0.0893	
0.6604	0.6553	0.6439	0.4459	0.1906	0.1075	0.0901	0.0875	0.6578	0.6227	0.3912	0.0918	0.0830	0.0830	0.0835	0.0828	0.4351	0.3846	0.1046	0.0853	0.0859	0.0843	0.0848	0.0848	0.3269	0.2091	0.0866	0.0836	0.0824	0.0833	0.0831	0.0821	0.2303	0.1403	0.0866	0.0852	0.0849	0.0841	0.0842	0.0840	0.1491	0.1075	0.0844	0.0839	0.0833	0.0830	0.0830	0.0823	0.1335	0.0977	0.0871	0.0874	0.0849	0.0843	0.0838	0.0840	0.1192	0.0898	0.0839	0.0837	0.0833	0.0830	0.0823	0.0820	
0.6654	0.6600	0.6509	0.4767	0.2083	0.1123	0.0935	0.0906	0.6762	0.6440	0.4248	0.0974	0.0885	0.0884	0.0892	0.0885	0.4566	0.4081	0.1099	0.0892	0.0894	0.0883	0.0880	0.0888	0.3461	0.2239	0.0916	0.0891	0.0876	0.0886	0.0884	0.0879	0.2440	0.1481	0.0914	0.0891	0.0884	0.0888	0.0884	0.0883	0.1562	0.1138	0.0897	0.0881	0.0893	0.0882	0.0880	0.0882	0.1412	0.1003	0.0893	0.0905	0.0893	0.0880	0.0882	0.0868	0.1272	0.0944	0.0891	0.0899	0.0893	0.0883	0.0887	0.0878	
0.6697	0.6639	0.6517	0.5025	0.2198	0.1144	0.0944	0.0916	0.6849	0.6588	0.4479	0.0988	0.0897	0.0900	0.0903	0.0891	0.4787	0.4261	0.1117	0.0889	0.0897	0.0892	0.0888	0.0895	0.3601	0.2340	0.0922	0.0897	0.0892	0.0898	0.0888	0.0885	0.2518	0.1504	0.0910	0.0896	0.0882	0.0897	0.0887	0.0886	0.1603	0.1154	0.0907	0.0895	0.0894	0.0896	0.0896	0.0896	0.1439	0.1021	0.0901	0.0910	0.0892	0.0885	0.0885	0.0882	0.1284	0.0954	0.0905	0.0902	0.0896	0.0895	0.0893	0.0891	
0.6620	0.6551	0.6453	0.5143	0.2294	0.1152	0.0938	0.0914	0.6833	0.6614	0.4654	0.0993	0.0910	0.0908	0.0921	0.0900	0.4867	0.4345	0.1116	0.0890	0.0888	0.0902	0.0891	0.0892	0.3685	0.2388	0.0928	0.0898	0.0889	0.0891	0.0903	0.0891	0.2596	0.1520	0.0901	0.0884	0.0875	0.0877	0.0883	0.0877	0.1604	0.1146	0.0895	0.0900	0.0904	0.0896	0.0899	0.0891	0.1438	0.1008	0.0895	0.0899	0.0885	0.0872	0.0886	0.0869	0.1281	0.0941	0.0885	0.0897	0.0890	0.0875	0.0888	0.0878	
0.6616	0.6542	0.6456	0.5336	0.2396	0.1143	0.0924	0.0899	0.6815	0.6599	0.4810	0.0963	0.0867	0.0868	0.0864	0.0884	0.4973	0.4446	0.1078	0.0862	0.0858	0.0864	0.0859	0.0860	0.3752	0.2370	0.0892	0.0873	0.0856	0.0867	0.0865	0.0887	0.2621	0.1483	0.0877	0.0874	0.0854	0.0858	0.0857	0.0856	0.1595	0.1115	0.0862	0.0870	0.0856	0.0862	0.0873	0.0869	0.1417	0.0974	0.0865	0.0875	0.0860	0.0857	0.0849	0.0850	0.1262	0.0928	0.0868	0.0861	0.0865	0.0862	0.0869	0.0892	
0.6707	0.6636	0.6564	0.5648	0.2619	0.1202	0.0938	0.0910	0.6871	0.6673	0.5080	0.0979	0.0870	0.0869	0.0875	0.0872	0.5231	0.4678	0.1120	0.0884	0.0899	0.0881	0.0881	0.0882	0.3932	0.2496	0.0897	0.0877	0.0866	0.0867	0.0861	0.0857	0.2738	0.1570	0.0898	0.0884	0.0884	0.0873	0.0873	0.0873	0.1645	0.1148	0.0884	0.0868	0.0866	0.0875	0.0866	0.0861	0.1457	0.0998	0.0895	0.0904	0.0878	0.0866	0.0881	0.0861	0.1288	0.0937	0.0878	0.0882	0.0872	0.0864	0.0871	0.0859	
0.6731	0.6693	0.6584	0.5850	0.2788	0.1233	0.0949	0.0921	0.6875	0.6675	0.5248	0.1006	0.0897	0.0905	0.0908	0.0900	0.5470	0.4885	0.1140	0.0894	0.0901	0.0891	0.0890	0.0894	0.4013	0.2594	0.0923	0.0901	0.0891	0.0894	0.0892	0.0896	0.2814	0.1611	0.0912	0.0892	0.0900	0.0889	0.0892	0.0892	0.1689	0.1171	0.0907	0.0898	0.0902	0.0896	0.0899	0.0896	0.1503	0.1020	0.0905	0.0909	0.0894	0.0885	0.0893	0.0885	0.1324	0.0956	0.0895	0.0906	0.0894	0.0890	0.0896	0.0886	
0.6675	0.6629	0.6522	0.5928	0.2911	0.1199	0.0908	0.0886	0.6815	0.6641	0.5402	0.0949	0.0854	0.0844	0.0843	0.0872	0.5428	0.4933	0.1095	0.0847	0.0850	0.0844	0.0845	0.0851	0.3989	0.2583	0.0874	0.0843	0.0837	0.0840	0.0839	0.0860	0.2776	0.1542	0.0859	0.0847	0.0850	0.0838	0.0844	0.0842	0.1629	0.1107	0.0852	0.0832	0.0840	0.0833	0.0838	0.0850	0.1430	0.0967	0.0858	0.0863	0.0853	0.0838	0.0845	0.0840	0.1271	0.0897	0.0848	0.0851	0.0849	0.0832	0.0847	0.0851	
0.6822	0.6782	0.6676	0.6198	0.3218	0.1283	0.0934	0.0904	0.6964	0.6788	0.5738	0.0986	0.0867	0.0868	0.0869	0.0865	0.5714	0.5226	0.1148	0.0876	0.0884	0.0874	0.0870	0.0873	0.4235	0.2740	0.0894	0.0874	0.0860	0.0866	0.0862	0.0857	0.2983	0.1635	0.0899	0.0870	0.0866	0.0866	0.0876	0.0859	0.1729	0.1144	0.0879	0.0862	0.0865	0.0869	0.0867	0.0859	0.1505	0.1007	0.0877	0.0891	0.0874	0.0866	0.0868	0.0856	0.1308	0.0936	0.0874	0.0877	0.0865	0.0862	0.0873	0.0857	
0.6835	0.6760	0.6671	0.6312	0.3435	0.1325	0.0945	0.0913	0.6981	0.6791	0.5961	0.1019	0.0891	0.0891	0.0896	0.0890	0.5896	0.5419	0.1173	0.0896	0.0891	0.0890	0.0885	0.0889	0.4293	0.2823	0.0913	0.0892	0.0881	0.0894	0.0889	0.0883	0.3034	0.1670	0.0914	0.0893	0.0878	0.0883	0.0884	0.0881	0.1767	0.1175	0.0895	0.0899	0.0886	0.0890	0.0888	0.0887	0.1555	0.1016	0.0904	0.0915	0.0897	0.0888	0.0885	0.0876	0.1364	0.0959	0.0892	0.0901	0.0891	0.0889	0.0892	0.0885	
0.6838	0.6769	0.6693	0.6370	0.3673	0.1356	0.0952	0.0917	0.7043	0.6848	0.6159	0.1029	0.0899	0.0889	0.0897	0.0887	0.6061	0.5592	0.1185	0.0892	0.0900	0.0890	0.0890	0.0891	0.4544	0.2907	0.0916	0.0894	0.0881	0.0884	0.0885	0.0886	0.3197	0.1716	0.0909	0.0892	0.0892	0.0883	0.0888	0.0893	0.1793	0.1192	0.0894	0.0894	0.0893	0.0889	0.0888	0.0891	0.1570	0.1019	0.0891	0.0906	0.0895	0.0890	0.0885	0.0875	0.1375	0.0963	0.0888	0.0899	0.0899	0.0890	0.0895	0.0886	
0.6875	0.6813	0.6710	0.6351	0.3868	0.1388	0.0946	0.0921	0.7036	0.6829	0.6294	0.1026	0.0897	0.0896	0.0903	0.0894	0.6030	0.5670	0.1185	0.0891	0.0892	0.0889	0.0891	0.0887	0.4814	0.2954	0.0921	0.0891	0.0878	0.0890	0.0888	0.0881	0.3317	0.1742	0.0907	0.0889	0.0883	0.0884	0.0889	0.0886	0.1821	0.1183	0.0906	0.0896	0.0889	0.0889	0.0889	0.0891	0.1590	0.1029	0.0904	0.0904	0.0900	0.0885	0.0884	0.0873	0.1379	0.0968	0.0895	0.0896	0.0898	0.0886	0.0883	0.0884	
0.6868	0.6798	0.6697	0.6336	0.4070	0.1425	0.0958	0.0929	0.7024	0.6816	0.6420	0.1043	0.0900	0.0907	0.0912	0.0905	0.5983	0.5840	0.1203	0.0899	0.0899	0.0902	0.0897	0.0897	0.4934	0.3048	0.0926	0.0902	0.0890	0.0896	0.0898	0.0897	0.3430	0.1767	0.0912	0.0893	0.0891	0.0891	0.0893	0.0893	0.1858	0.1195	0.0910	0.0899	0.0896	0.0902	0.0892	0.0896	0.1615	0.1033	0.0908	0.0911	0.0894	0.0894	0.0900	0.0881	0.1405	0.0967	0.0901	0.0895	0.0893	0.0898	0.0892	0.0896	
0.6866	0.6822	0.6704	0.6380	0.4316	0.1461	0.0967	0.0933	0.7012	0.6791	0.6463	0.1048	0.0917	0.0914	0.0917	0.0921	0.5988	0.5847	0.1200	0.0896	0.0909	0.0909	0.0899	0.0911	0.4942	0.3056	0.0936	0.0911	0.0911	0.0917	0.0912	0.0928	0.3421	0.1764	0.0913	0.0902	0.0894	0.0898	0.0896	0.0902	0.1850	0.1195	0.0913	0.0906	0.0920	0.0915	0.0915	0.0925	0.1606	0.1031	0.0913	0.0909	0.0893	0.0892	0.0894	0.0887	0.1401	0.0970	0.0912	0.0913	0.0907	0.0895	0.0907	0.0913	
0.6985	0.6943	0.6840	0.6511	0.4621	0.1532	0.0947	0.0915	0.7079	0.6855	0.6573	0.1018	0.0869	0.0863	0.0868	0.0860	0.6088	0.6030	0.1194	0.0883	0.0892	0.0878	0.0884	0.0884	0.5131	0.3141	0.0898	0.0875	0.0864	0.0865	0.0859	0.0856	0.3562	0.1791	0.0901	0.0885	0.0882	0.0879	0.0882	0.0873	0.1873	0.1184	0.0874	0.0870	0.0870	0.0863	0.0865	0.0857	0.1604	0.1004	0.0888	0.0888	0.0878	0.0873	0.0884	0.0865	0.1407	0.0937	0.0874	0.0880	0.0870	0.0864	0.0867	0.0871	
0.6926	0.6888	0.6775	0.6425	0.4789	0.1580	0.0959	0.0921	0.7048	0.6812	0.6605	0.1048	0.0890	0.0897	0.0902	0.0886	0.6025	0.5981	0.1224	0.0893	0.0894	0.0891	0.0889	0.0884	0.5172	0.3196	0.0914	0.0898	0.0889	0.0892	0.0893	0.0886	0.3626	0.1829	0.0910	0.0892	0.0879	0.0890	0.0886	0.0882	0.1868	0.1198	0.0903	0.0894	0.0902	0.0894	0.0888	0.0895	0.1642	0.1025	0.0901	0.0910	0.0898	0.0890	0.0888	0.0883	0.1434	0.0963	0.0897	0.0898	0.0890	0.0888	0.0881	0.0891	
0.6987	0.6938	0.6822	0.6468	0.5015	0.1641	0.0983	0.0949	0.7067	0.6826	0.6635	0.1082	0.0938	0.0942	0.0946	0.0938	0.6038	0.6013	0.1242	0.0916	0.0922	0.0926	0.0911	0.0921	0.5280	0.3261	0.0960	0.0932	0.0928	0.0930	0.0932	0.0927	0.3645	0.1842	0.0925	0.0915	0.0912	0.0914	0.0911	0.0916	0.1895	0.1232	0.0922	0.0928	0.0925	0.0932	0.0932	0.0925	0.1640	0.1031	0.0922	0.0931	0.0918	0.0912	0.0912	0.0901	0.1437	0.0985	0.0921	0.0924	0.0920	0.0912	0.0920	0.0922	
0.6947	0.6909	0.6783	0.6422	0.5191	0.1635	0.0914	0.0884	0.7019	0.6825	0.6627	0.0997	0.0831	0.0835	0.0835	0.0847	0.6057	0.6012	0.1178	0.0840	0.0838	0.0836	0.0837	0.0835	0.5486	0.3356	0.0866	0.0836	0.0834	0.0835	0.0823	0.0830	0.3723	0.1816	0.0851	0.0836	0.0836	0.0833	0.0830	0.0835	0.1830	0.1137	0.0838	0.0830	0.0834	0.0820	0.0827	0.0828	0.1599	0.0962	0.0844	0.0862	0.0832	0.0827	0.0831	0.0822	0.1379	0.0895	0.0832	0.0828	0.0830	0.0826	0.0832	0.0840	
0.7038	0.6984	0.6870	0.6533	0.5447	0.1752	0.0924	0.0896	0.7072	0.6885	0.6696	0.1017	0.0839	0.0833	0.0841	0.0839	0.6118	0.6088	0.1210	0.0852	0.0857	0.0852	0.0853	0.0844	0.5594	0.3416	0.0866	0.0847	0.0839	0.0843	0.0827	0.0828	0.3811	0.1848	0.0873	0.0860	0.0853	0.0841	0.0843	0.0855	0.1859	0.1156	0.0845	0.0843	0.0839	0.0829	0.0832	0.0822	0.1637	0.0977	0.0867	0.0877	0.0856	0.0854	0.0854	0.0842	0.1405	0.0902	0.0851	0.0846	0.0835	0.0837	0.0832	0.0835	
0.7074	0.7026	0.6887	0.6545	0.5660	0.1858	0.0929	0.0897	0.7127	0.6906	0.6736	0.1019	0.0837	0.0832	0.0835	0.0833	0.6084	0.6074	0.1214	0.0849	0.0858	0.0849	0.0850	0.0850	0.5750	0.3651	0.0860	0.0840	0.0831	0.0839	0.0828	0.0825	0.3935	0.1894	0.0874	0.0853	0.0853	0.0846	0.0848	0.0854	0.1886	0.1157	0.0841	0.0842	0.0837	0.0829	0.0829	0.0829	0.1674	0.0984	0.0862	0.0876	0.0853	0.0841	0.0854	0.0835	0.1411	0.0900	0.0833	0.0841	0.0827	0.0833	0.0830	0.0821	
0.7106	0.7058	0.6923	0.6569	0.5867	0.1960	0.0950	0.0913	0.7128	0.6915	0.6758	0.1076	0.0874	0.0876	0.0879	0.0864	0.5996	0.6046	0.1256	0.0877	0.0884	0.0875	0.0872	0.0871	0.5713	0.3668	0.0899	0.0874	0.0867	0.0870	0.0865	0.0865	0.4093	0.1950	0.0893	0.0880	0.0868	0.0879	0.0868	0.0865	0.1947	0.1187	0.0878	0.0871	0.0877	0.0864	0.0864	0.0860	0.1719	0.1014	0.0890	0.0895	0.0880	0.0869	0.0875	0.0869	0.1469	0.0940	0.0872	0.0879	0.0875	0.0873	0.0870	0.0855	
0.7083	0.7044	0.6954	0.6563	0.5972	0.2070	0.0968	0.0930	0.7152	0.6922	0.6804	0.1096	0.0899	0.0897	0.0899	0.0890	0.6070	0.6110	0.1291	0.0888	0.0889	0.0893	0.0883	0.0892	0.5839	0.3804	0.0918	0.0895	0.0889	0.0895	0.0888	0.0883	0.4129	0.1994	0.0905	0.0906	0.0886	0.0888	0.0881	0.0883	0.1979	0.1235	0.0887	0.0891	0.0891	0.0893	0.0883	0.0886	0.1747	0.1030	0.0903	0.0906	0.0896	0.0888	0.0887	0.0878	0.1475	0.0961	0.0897	0.0899	0.0890	0.0886	0.0892	0.0885	
0.7180	0.7123	0.7026	0.6650	0.6146	0.2195	0.0974	0.0933	0.7147	0.6915	0.6782	0.1113	0.0900	0.0898	0.0905	0.0896	0.6121	0.6157	0.1307	0.0894	0.0893	0.0895	0.0892	0.0889	0.5787	0.3876	0.0924	0.0903	0.0893	0.0895	0.0894	0.0896	0.4243	0.2015	0.0910	0.0888	0.0884	0.0887	0.0891	0.0891	0.1966	0.1233	0.0906	0.0897	0.0893	0.0895	0.0893	0.0895	0.1739	0.1030	0.0897	0.0910	0.0893	0.0894	0.0899	0.0878	0.1488	0.0959	0.0896	0.0896	0.0898	0.0888	0.0896	0.0903	
0.7139	0.7120	0.7017	0.6637	0.6169	0.2312	0.0965	0.0932	0.7156	0.6930	0.6781	0.1109	0.0899	0.0899	0.0907	0.0892	0.6095	0.6120	0.1297	0.0886	0.0884	0.0885	0.0883	0.0893	0.5783	0.3958	0.0917	0.0896	0.0890	0.0889	0.0891	0.0886	0.4238	0.2029	0.0903	0.0894	0.0875	0.0885	0.0880	0.0882	0.1990	0.1226	0.0895	0.0889	0.0896	0.0892	0.0889	0.0897	0.1737	0.1021	0.0895	0.0897	0.0891	0.0876	0.0878	0.0877	0.1499	0.0955	0.0887	0.0894	0.0884	0.0881	0.0880	0.0890	
