0.0901	0.0901	0.0912	0.0909	0.0901	0.0903	0.0902	0.0894	0.0901	0.0918	0.0911	0.0900	0.0898	0.0900	0.0916	0.0912	0.0899	0.0909	0.0905	0.0913	0.0904	0.0898	0.0905	0.0897	0.0910	0.0939	0.0923	0.0911	0.0912	0.0913	0.0922	0.0930	0.0931	0.0934	0.0937	0.0920	0.0916	0.0930	0.0925	0.0917	0.0998	0.0961	0.0945	0.0955	0.0954	0.0986	0.0954	0.0956	0.0917	0.0945	0.0931	0.0922	0.0935	0.0965	0.0946	0.0948	0.1111	0.1008	0.1047	0.0983	0.0964	0.1088	0.1007	0.1043	
0.0921	0.0906	0.0912	0.0897	0.0901	0.0906	0.0905	0.0898	0.0906	0.0900	0.0898	0.0901	0.0896	0.0897	0.0906	0.0895	0.0893	0.0898	0.0895	0.0892	0.0899	0.0899	0.0898	0.0897	0.0887	0.0916	0.0895	0.0899	0.0896	0.0896	0.0896	0.0913	0.0890	0.0889	0.0899	0.0898	0.0895	0.0898	0.0895	0.0894	0.0902	0.0904	0.0892	0.0895	0.0897	0.0899	0.0904	0.0901	0.0898	0.0901	0.0904	0.0897	0.0900	0.0899	0.0903	0.0904	0.0911	0.0908	0.0914	0.0913	0.0908	0.0914	0.0916	0.0924	
0.0908	0.0904	0.0906	0.0901	0.0902	0.0909	0.0907	0.0898	0.0910	0.0898	0.0896	0.0902	0.0897	0.0899	0.0906	0.0896	0.0905	0.0898	0.0895	0.0896	0.0898	0.0901	0.0901	0.0892	0.0890	0.0920	0.0902	0.0905	0.0900	0.0902	0.0898	0.0912	0.0894	0.0895	0.0901	0.0894	0.0895	0.0900	0.0898	0.0896	0.0898	0.0905	0.0891	0.0904	0.0901	0.0896	0.0903	0.0902	0.0903	0.0909	0.0907	0.0901	0.0900	0.0900	0.0904	0.0903	0.0911	0.0911	0.0917	0.0916	0.0914	0.0923	0.0913	0.0929	
0.0907	0.0908	0.0911	0.0902	0.0900	0.0909	0.0907	0.0898	0.0909	0.0898	0.0899	0.0907	0.0893	0.0901	0.0906	0.0899	0.0900	0.0900	0.0894	0.0895	0.0899	0.0901	0.0901	0.0895	0.0893	0.0922	0.0900	0.0901	0.0899	0.0900	0.0900	0.0920	0.0896	0.0891	0.0902	0.0900	0.0893	0.0898	0.0898	0.0896	0.0903	0.0906	0.0895	0.0901	0.0894	0.0900	0.0900	0.0906	0.0904	0.0908	0.0904	0.0902	0.0900	0.0906	0.0908	0.0903	0.0917	0.0912	0.0918	0.0920	0.0914	0.0924	0.0914	0.0929	
0.0910	0.0905	0.0906	0.0898	0.0899	0.0906	0.0905	0.0894	0.0905	0.0899	0.0899	0.0900	0.0894	0.0897	0.0903	0.0896	0.0897	0.0898	0.0898	0.0892	0.0894	0.0901	0.0893	0.0890	0.0891	0.0921	0.0898	0.0896	0.0899	0.0897	0.0897	0.0912	0.0896	0.0897	0.0900	0.0899	0.0894	0.0899	0.0893	0.0892	0.0899	0.0904	0.0896	0.0902	0.0895	0.0898	0.0900	0.0901	0.0904	0.0901	0.0903	0.0901	0.0901	0.0899	0.0900	0.0901	0.0912	0.0909	0.0915	0.0912	0.0914	0.0921	0.0913	0.0925	
0.0916	0.0907	0.0912	0.0902	0.0901	0.0910	0.0906	0.0897	0.0909	0.0903	0.0901	0.0904	0.0899	0.0901	0.0908	0.0894	0.0903	0.0902	0.0902	0.0902	0.0901	0.0904	0.0902	0.0897	0.0900	0.0921	0.0910	0.0904	0.0903	0.0905	0.0903	0.0920	0.0898	0.0902	0.0902	0.0898	0.0898	0.0900	0.0900	0.0894	0.0899	0.0908	0.0898	0.0906	0.0898	0.0901	0.0904	0.0910	0.0903	0.0907	0.0913	0.0903	0.0904	0.0901	0.0910	0.0904	0.0916	0.0914	0.0918	0.0918	0.0913	0.0924	0.0915	0.0933	
0.0927	0.0908	0.0914	0.0906	0.0903	0.0914	0.0908	0.0902	0.0910	0.0904	0.0903	0.0909	0.0901	0.0902	0.0911	0.0902	0.0904	0.0904	0.0903	0.0902	0.0903	0.0907	0.0903	0.0899	0.0898	0.0925	0.0909	0.0904	0.0907	0.0906	0.0903	0.0928	0.0898	0.0900	0.0903	0.0899	0.0903	0.0900	0.0903	0.0898	0.0909	0.0908	0.0902	0.0906	0.0907	0.0902	0.0906	0.0908	0.0906	0.0910	0.0913	0.0904	0.0905	0.0909	0.0908	0.0905	0.0926	0.0919	0.0924	0.0921	0.0918	0.0926	0.0918	0.0930	
0.0915	0.0913	0.0915	0.0906	0.0904	0.0912	0.0909	0.0903	0.0908	0.0905	0.0908	0.0905	0.0900	0.0903	0.0909	0.0902	0.0903	0.0903	0.0901	0.0900	0.0905	0.0908	0.0905	0.0897	0.0904	0.0926	0.0908	0.0905	0.0907	0.0906	0.0901	0.0923	0.0902	0.0899	0.0908	0.0898	0.0901	0.0906	0.0902	0.0897	0.0911	0.0912	0.0902	0.0912	0.0900	0.0904	0.0907	0.0904	0.0907	0.0914	0.0911	0.0907	0.0910	0.0910	0.0912	0.0906	0.0921	0.0923	0.0929	0.0926	0.0921	0.0929	0.0919	0.0934	
0.0922	0.0909	0.0913	0.0906	0.0905	0.0910	0.0910	0.0902	0.0906	0.0903	0.0905	0.0909	0.0902	0.0904	0.0911	0.0901	0.0900	0.0905	0.0903	0.0901	0.0907	0.0908	0.0904	0.0899	0.0902	0.0928	0.0911	0.0901	0.0903	0.0905	0.0902	0.0942	0.0898	0.0901	0.0905	0.0907	0.0902	0.0902	0.0905	0.0901	0.0907	0.0906	0.0903	0.0906	0.0899	0.0904	0.0905	0.0907	0.0905	0.0914	0.0912	0.0909	0.0908	0.0909	0.0912	0.0911	0.0917	0.0920	0.0927	0.0927	0.0920	0.0927	0.0921	0.0934	
0.0927	0.0907	0.0912	0.0905	0.0905	0.0915	0.0910	0.0900	0.0907	0.0902	0.0906	0.0908	0.0900	0.0902	0.0909	0.0903	0.0906	0.0903	0.0904	0.0901	0.0905	0.0907	0.0903	0.0899	0.0906	0.0924	0.0912	0.0908	0.0906	0.0907	0.0903	0.0916	0.0899	0.0906	0.0901	0.0899	0.0903	0.0902	0.0898	0.0898	0.0905	0.0908	0.0906	0.0905	0.0903	0.0901	0.0911	0.0911	0.0903	0.0914	0.0916	0.0905	0.0910	0.0910	0.0908	0.0908	0.0922	0.0923	0.0925	0.0920	0.0920	0.0930	0.0923	0.0930	
0.0938	0.0915	0.0919	0.0910	0.0911	0.0921	0.0912	0.0907	0.0916	0.0910	0.0911	0.0915	0.0909	0.0909	0.0917	0.0909	0.0907	0.0914	0.0906	0.0909	0.0909	0.0910	0.0912	0.0909	0.0906	0.0929	0.0917	0.0908	0.0911	0.0915	0.0909	0.0926	0.0909	0.0909	0.0911	0.0907	0.0903	0.0909	0.0910	0.0907	0.0912	0.0921	0.0909	0.0918	0.0915	0.0908	0.0914	0.0913	0.0916	0.0918	0.0919	0.0912	0.0916	0.0913	0.0913	0.0915	0.0928	0.0928	0.0934	0.0930	0.0925	0.0931	0.0928	0.0936	
0.0922	0.0917	0.0920	0.0913	0.0912	0.0920	0.0916	0.0912	0.0919	0.0913	0.0914	0.0913	0.0913	0.0910	0.0918	0.0909	0.0906	0.0911	0.0910	0.0911	0.0916	0.0916	0.0913	0.0910	0.0914	0.0931	0.0919	0.0924	0.0914	0.0915	0.0910	0.0923	0.0913	0.0907	0.0912	0.0911	0.0910	0.0906	0.0910	0.0906	0.0914	0.0919	0.0912	0.0917	0.0915	0.0906	0.0910	0.0914	0.0908	0.0918	0.0919	0.0914	0.0919	0.0918	0.0917	0.0912	0.0923	0.0926	0.0932	0.0929	0.0928	0.0938	0.0929	0.0936	
0.0918	0.0920	0.0920	0.0912	0.0913	0.0920	0.0915	0.0911	0.0919	0.0911	0.0915	0.0919	0.0914	0.0940	0.0920	0.0913	0.0910	0.0912	0.0909	0.0912	0.0911	0.0911	0.0917	0.0912	0.0914	0.0938	0.0920	0.0913	0.0910	0.0914	0.0914	0.0929	0.0917	0.0913	0.0907	0.0914	0.0910	0.0911	0.0909	0.0908	0.0913	0.0916	0.0908	0.0928	0.0911	0.0912	0.0915	0.0911	0.0910	0.0917	0.0921	0.0919	0.0916	0.0918	0.0917	0.0912	0.0927	0.0928	0.0929	0.0933	0.0927	0.0936	0.0928	0.0939	
0.0923	0.0922	0.0924	0.0916	0.0916	0.0928	0.0922	0.0913	0.0920	0.0914	0.0918	0.0925	0.0916	0.0917	0.0920	0.0918	0.0914	0.0915	0.0915	0.0915	0.0917	0.0916	0.0916	0.0910	0.0917	0.0938	0.0921	0.0918	0.0915	0.0920	0.0916	0.0928	0.0913	0.0916	0.0919	0.0911	0.0914	0.0913	0.0912	0.0908	0.0926	0.0918	0.0912	0.0918	0.0913	0.0911	0.0918	0.0919	0.0918	0.0921	0.0920	0.0917	0.0920	0.0920	0.0929	0.0916	0.0937	0.0925	0.0944	0.0929	0.0931	0.0940	0.0933	0.0942	
0.0945	0.0921	0.0928	0.0920	0.0920	0.0928	0.0925	0.0919	0.0926	0.0920	0.0919	0.0923	0.0919	0.0918	0.0926	0.0918	0.0908	0.0919	0.0918	0.0916	0.0917	0.0918	0.0917	0.0918	0.0919	0.0937	0.0927	0.0918	0.0918	0.0917	0.0915	0.0935	0.0914	0.0911	0.0919	0.0911	0.0919	0.0916	0.0914	0.0911	0.0915	0.0921	0.0915	0.0922	0.0920	0.0916	0.0917	0.0921	0.0919	0.0924	0.0924	0.0915	0.0919	0.0919	0.0917	0.0921	0.0934	0.0930	0.0937	0.0936	0.0930	0.0939	0.0931	0.0940	
0.0937	0.0929	0.0930	0.0927	0.0929	0.0934	0.0931	0.0921	0.0932	0.0928	0.0926	0.0932	0.0925	0.0927	0.0929	0.0922	0.0922	0.0925	0.0922	0.0921	0.0926	0.0924	0.0927	0.0924	0.0925	0.0943	0.0933	0.0926	0.0923	0.0923	0.0922	0.0936	0.0918	0.0921	0.0925	0.0918	0.0926	0.0925	0.0916	0.0916	0.0926	0.0932	0.0920	0.0924	0.0923	0.0925	0.0925	0.0921	0.0926	0.0933	0.0929	0.0924	0.0920	0.0930	0.0927	0.0923	0.0941	0.0937	0.0950	0.0943	0.0939	0.0947	0.0939	0.0948	
0.0945	0.0936	0.0935	0.0929	0.0932	0.0938	0.0930	0.0922	0.0932	0.0927	0.0933	0.0933	0.0931	0.0929	0.0933	0.0923	0.0924	0.0926	0.0923	0.0922	0.0927	0.0927	0.0929	0.0924	0.0930	0.0949	0.0934	0.0924	0.0925	0.0928	0.0922	0.0941	0.0918	0.0922	0.0923	0.0924	0.0920	0.0924	0.0920	0.0917	0.0924	0.0929	0.0923	0.0928	0.0926	0.0920	0.0930	0.0923	0.0927	0.0928	0.0931	0.0925	0.0928	0.0926	0.0936	0.0925	0.0937	0.0934	0.0946	0.0945	0.0942	0.0948	0.0945	0.0957	
0.0952	0.0935	0.0941	0.0932	0.0935	0.0944	0.0936	0.0924	0.0941	0.0931	0.0934	0.0935	0.0935	0.0931	0.0933	0.0923	0.0923	0.0928	0.0929	0.0932	0.0935	0.0929	0.0926	0.0922	0.0933	0.0953	0.0939	0.0928	0.0929	0.0928	0.0925	0.0941	0.0929	0.0926	0.0929	0.0922	0.0922	0.0926	0.0927	0.0925	0.0929	0.0932	0.0923	0.0929	0.0923	0.0925	0.0925	0.0931	0.0925	0.0936	0.0939	0.0928	0.0929	0.0933	0.0932	0.0924	0.0943	0.0939	0.0944	0.0939	0.0937	0.0949	0.0941	0.0950	
0.0956	0.0942	0.0949	0.0946	0.0939	0.0950	0.0941	0.0927	0.0948	0.0939	0.0942	0.0939	0.0938	0.0934	0.0938	0.0933	0.0935	0.0936	0.0930	0.0934	0.0936	0.0936	0.0933	0.0933	0.0939	0.0959	0.0942	0.0933	0.0927	0.0935	0.0929	0.0945	0.0925	0.0929	0.0931	0.0926	0.0928	0.0930	0.0931	0.0920	0.0932	0.0938	0.0927	0.0937	0.0931	0.0927	0.0932	0.0928	0.0927	0.0939	0.0941	0.0936	0.0931	0.0933	0.0937	0.0933	0.0948	0.0946	0.0950	0.0944	0.0945	0.0954	0.0944	0.0952	
0.0953	0.0945	0.0954	0.0949	0.0947	0.0951	0.0942	0.0931	0.0953	0.0943	0.0948	0.0953	0.0945	0.0941	0.0944	0.0933	0.0939	0.0939	0.0941	0.0942	0.0944	0.0938	0.0937	0.0929	0.0944	0.0962	0.0947	0.0938	0.0936	0.0937	0.0930	0.0951	0.0929	0.0931	0.0933	0.0932	0.0931	0.0939	0.0930	0.0929	0.0942	0.0942	0.0936	0.0935	0.0935	0.0931	0.0927	0.0932	0.0938	0.0940	0.0943	0.0935	0.0932	0.0941	0.0938	0.0934	0.0948	0.0944	0.0954	0.0949	0.0946	0.0960	0.0945	0.0954	
0.0962	0.0953	0.0959	0.0956	0.0949	0.0956	0.0944	0.0937	0.0959	0.0952	0.0954	0.0954	0.0948	0.0946	0.0946	0.0939	0.0945	0.0948	0.0953	0.0945	0.0951	0.0944	0.0941	0.0938	0.0952	0.0968	0.0949	0.0940	0.0948	0.0935	0.0941	0.0953	0.0930	0.0939	0.0943	0.0937	0.0939	0.0942	0.0933	0.0928	0.0942	0.0939	0.0935	0.0941	0.0944	0.0930	0.0939	0.0933	0.0937	0.0939	0.0943	0.0935	0.0938	0.0938	0.0939	0.0935	0.0948	0.0952	0.0962	0.0951	0.0951	0.0966	0.0954	0.0959	
0.0964	0.0965	0.0962	0.0964	0.0957	0.0961	0.0948	0.0934	0.0963	0.0954	0.0961	0.0964	0.0956	0.0948	0.0951	0.0940	0.0954	0.0954	0.0952	0.0950	0.0955	0.0944	0.0938	0.0939	0.0952	0.0974	0.0958	0.0945	0.0939	0.0941	0.0945	0.0951	0.0938	0.0940	0.0942	0.0935	0.0941	0.0939	0.0937	0.0925	0.0949	0.0950	0.0937	0.0949	0.0940	0.0933	0.0938	0.0935	0.0942	0.0948	0.0946	0.0939	0.0943	0.0944	0.0938	0.0941	0.0957	0.0954	0.0954	0.0950	0.0950	0.0956	0.0954	0.0957	
0.0991	0.0973	0.0978	0.0973	0.0962	0.0967	0.0954	0.0943	0.0976	0.0970	0.0973	0.0976	0.0969	0.0955	0.0952	0.0941	0.0961	0.0961	0.0961	0.0962	0.0957	0.0954	0.0947	0.0939	0.0962	0.0983	0.0968	0.0958	0.0950	0.0951	0.0944	0.0957	0.0947	0.0953	0.0953	0.0943	0.0944	0.0952	0.0941	0.0938	0.0951	0.0954	0.0951	0.0957	0.0948	0.0942	0.0943	0.0938	0.0941	0.0954	0.0950	0.0949	0.0948	0.0949	0.0948	0.0943	0.0954	0.0961	0.0962	0.0961	0.0957	0.0967	0.0956	0.0970	
0.0998	0.0987	0.0990	0.0986	0.0970	0.0972	0.0962	0.0944	0.0977	0.0983	0.0984	0.0984	0.0969	0.0959	0.0954	0.0941	0.0971	0.0975	0.0967	0.0962	0.0968	0.0956	0.0949	0.0940	0.0964	0.0984	0.0975	0.0957	0.0950	0.0948	0.0947	0.0961	0.0949	0.0955	0.0959	0.0945	0.0945	0.0948	0.0943	0.0939	0.0959	0.0967	0.0953	0.0955	0.0949	0.0943	0.0944	0.0946	0.0948	0.0953	0.0956	0.0949	0.0953	0.0951	0.0948	0.0942	0.0965	0.0961	0.0970	0.0961	0.0957	0.0965	0.0953	0.0972	
0.1002	0.0996	0.1001	0.0994	0.0973	0.0977	0.0959	0.0945	0.0995	0.0991	0.0995	0.0987	0.0974	0.0962	0.0956	0.0940	0.0980	0.0979	0.0980	0.0989	0.0989	0.0967	0.0958	0.0945	0.0975	0.0994	0.0974	0.0962	0.0960	0.0954	0.0944	0.1036	0.0956	0.0961	0.0966	0.0954	0.0955	0.0951	0.0947	0.0939	0.0962	0.0972	0.0957	0.0962	0.0955	0.0943	0.0941	0.0946	0.0954	0.0959	0.0959	0.0957	0.0954	0.0952	0.0952	0.0943	0.0967	0.0967	0.0966	0.0970	0.0963	0.0965	0.0955	0.0968	
0.1008	0.1011	0.1013	0.1000	0.0982	0.0984	0.0963	0.0955	0.0991	0.0999	0.1003	0.0999	0.0981	0.0968	0.0960	0.0944	0.0988	0.0988	0.0986	0.0977	0.0975	0.0964	0.0958	0.0945	0.0983	0.1000	0.0986	0.0971	0.0967	0.0961	0.0954	0.0956	0.0964	0.0963	0.0965	0.0957	0.0956	0.0954	0.0946	0.0938	0.0962	0.0968	0.0952	0.0959	0.0961	0.0940	0.0950	0.0945	0.0961	0.0966	0.0961	0.0956	0.0954	0.0954	0.0950	0.0942	0.0967	0.0973	0.0970	0.0967	0.0968	0.0969	0.0958	0.0975	
0.1021	0.1025	0.1028	0.1012	0.1001	0.0988	0.0972	0.0955	0.1011	0.1010	0.1020	0.1014	0.0990	0.0971	0.0962	0.0952	0.1000	0.1003	0.0997	0.0991	0.0982	0.0965	0.0961	0.0944	0.0998	0.1015	0.0999	0.0973	0.0968	0.0959	0.0951	0.0963	0.0977	0.0969	0.0975	0.0969	0.0960	0.0962	0.0951	0.0939	0.0972	0.0976	0.0963	0.0967	0.0966	0.0953	0.0945	0.0956	0.0967	0.0970	0.0967	0.0965	0.0958	0.0961	0.0957	0.0942	0.0976	0.0976	0.0975	0.0976	0.0970	0.0973	0.0961	0.0964	
0.1045	0.1041	0.1046	0.1030	0.1000	0.0999	0.0973	0.0960	0.1025	0.1028	0.1034	0.1024	0.0996	0.0981	0.0968	0.0956	0.1010	0.1008	0.1009	0.1001	0.0988	0.0971	0.0968	0.0952	0.1007	0.1028	0.1005	0.0985	0.0973	0.0971	0.0961	0.0964	0.0981	0.0976	0.0978	0.0973	0.0966	0.0957	0.0955	0.0945	0.0983	0.0986	0.0971	0.0975	0.0965	0.0952	0.0949	0.0953	0.0970	0.0975	0.0969	0.0964	0.0966	0.0957	0.0962	0.0943	0.0981	0.0984	0.0978	0.0981	0.0969	0.0977	0.0962	0.0970	
0.1058	0.1053	0.1063	0.1038	0.1012	0.1007	0.0984	0.0961	0.1047	0.1045	0.1047	0.1031	0.1004	0.0983	0.0968	0.0959	0.1017	0.1026	0.1021	0.1010	0.1000	0.0971	0.0969	0.0953	0.1014	0.1031	0.1026	0.0984	0.0980	0.0966	0.0957	0.0970	0.0981	0.0989	0.0982	0.0971	0.0966	0.0964	0.0954	0.0940	0.0986	0.0991	0.0974	0.0975	0.0966	0.0961	0.0954	0.0948	0.0978	0.0975	0.0973	0.0970	0.0965	0.0965	0.0956	0.0953	0.0985	0.0978	0.0990	0.0979	0.0979	0.0978	0.0966	0.0968	
0.1086	0.1070	0.1078	0.1050	0.1016	0.1017	0.0987	0.0968	0.1059	0.1068	0.1062	0.1046	0.1014	0.0989	0.0976	0.0964	0.1038	0.1038	0.1038	0.1011	0.0999	0.0978	0.0975	0.0951	0.1022	0.1052	0.1033	0.0992	0.0981	0.0972	0.0962	0.0977	0.0996	0.0996	0.0994	0.0982	0.0972	0.0962	0.0962	0.0944	0.0991	0.1000	0.0979	0.0981	0.0970	0.0959	0.0954	0.0949	0.0979	0.0983	0.0984	0.0976	0.0967	0.0962	0.0965	0.0950	0.0987	0.0991	0.1001	0.0988	0.0981	0.0976	0.0964	0.0972	
0.1116	0.1101	0.1105	0.1067	0.1032	0.1025	0.0990	0.0972	0.1078	0.1085	0.1084	0.1056	0.1019	0.0988	0.0973	0.0961	0.1057	0.1059	0.1049	0.1028	0.1004	0.0987	0.0980	0.0957	0.1036	0.1057	0.1039	0.1003	0.0984	0.0975	0.0967	0.0975	0.1008	0.1006	0.1000	0.0983	0.0979	0.0971	0.0961	0.0944	0.1000	0.1013	0.0991	0.0997	0.0976	0.0965	0.0958	0.0950	0.0993	0.0995	0.0993	0.0985	0.0976	0.0966	0.0966	0.0951	0.0996	0.1004	0.0995	0.0994	0.0983	0.0980	0.0963	0.0975	
0.1149	0.1123	0.1130	0.1080	0.1038	0.1029	0.0998	0.0970	0.1097	0.1109	0.1099	0.1073	0.1024	0.0999	0.0988	0.0963	0.1064	0.1073	0.1063	0.1035	0.1013	0.0991	0.0982	0.0960	0.1060	0.1079	0.1048	0.1005	0.0996	0.0983	0.0963	0.0969	0.1013	0.1015	0.1016	0.0987	0.0980	0.0970	0.0966	0.0949	0.1010	0.1020	0.1000	0.1019	0.0976	0.0963	0.0958	0.0953	0.0995	0.1000	0.0994	0.0989	0.0976	0.0969	0.0967	0.0951	0.1003	0.1007	0.1007	0.0993	0.0980	0.0980	0.0960	0.0969	
0.1160	0.1148	0.1162	0.1108	0.1050	0.1041	0.1013	0.0988	0.1115	0.1140	0.1131	0.1093	0.1041	0.1008	0.0992	0.0973	0.1087	0.1095	0.1089	0.1049	0.1024	0.0995	0.0986	0.0962	0.1072	0.1092	0.1071	0.1021	0.1001	0.0983	0.0969	0.0974	0.1025	0.1027	0.1024	0.1002	0.0984	0.0974	0.0965	0.0954	0.1017	0.1031	0.1003	0.1004	0.0989	0.0971	0.0962	0.0956	0.1009	0.1005	0.1005	0.0999	0.0981	0.0971	0.0967	0.0957	0.1008	0.1015	0.1007	0.1002	0.0990	0.0986	0.0969	0.0973	
0.1196	0.1184	0.1189	0.1134	0.1068	0.1052	0.1014	0.0987	0.1152	0.1167	0.1151	0.1103	0.1049	0.1009	0.0995	0.0972	0.1111	0.1119	0.1102	0.1062	0.1037	0.0999	0.0983	0.0969	0.1087	0.1105	0.1078	0.1027	0.1005	0.0994	0.0972	0.0973	0.1042	0.1043	0.1029	0.1008	0.0989	0.0974	0.0974	0.0959	0.1023	0.1043	0.1013	0.1011	0.0993	0.0978	0.0971	0.0954	0.1014	0.1017	0.1013	0.0999	0.0985	0.0983	0.0971	0.0957	0.1012	0.1019	0.1013	0.1009	0.0993	0.0992	0.0975	0.0977	
0.1237	0.1221	0.1218	0.1143	0.1073	0.1066	0.1026	0.0999	0.1176	0.1201	0.1176	0.1123	0.1060	0.1012	0.0992	0.0976	0.1126	0.1149	0.1119	0.1074	0.1033	0.1002	0.0988	0.0967	0.1102	0.1128	0.1102	0.1039	0.1011	0.0991	0.0971	0.0981	0.1049	0.1055	0.1045	0.1006	0.0991	0.0979	0.0967	0.0958	0.1037	0.1046	0.1027	0.1021	0.0987	0.0974	0.0962	0.0961	0.1012	0.1028	0.1017	0.1006	0.0988	0.0974	0.0967	0.0959	0.1012	0.1027	0.1025	0.1011	0.0999	0.0984	0.0964	0.0979	
0.1277	0.1266	0.1261	0.1173	0.1092	0.1073	0.1028	0.1006	0.1204	0.1235	0.1198	0.1139	0.1071	0.1021	0.0998	0.0976	0.1155	0.1178	0.1150	0.1092	0.1055	0.1009	0.1001	0.0972	0.1127	0.1150	0.1111	0.1048	0.1011	0.0998	0.0977	0.0980	0.1074	0.1064	0.1056	0.1018	0.0991	0.0984	0.0970	0.0956	0.1052	0.1063	0.1030	0.1023	0.1003	0.0976	0.0968	0.0958	0.1033	0.1039	0.1024	0.1008	0.0991	0.0979	0.0968	0.0956	0.1026	0.1035	0.1030	0.1022	0.1004	0.0989	0.0973	0.0980	
0.1320	0.1308	0.1296	0.1190	0.1105	0.1087	0.1031	0.1004	0.1236	0.1275	0.1228	0.1155	0.1077	0.1032	0.1003	0.0988	0.1189	0.1213	0.1168	0.1104	0.1054	0.1009	0.1000	0.0976	0.1139	0.1169	0.1134	0.1060	0.1021	0.0999	0.0985	0.0987	0.1078	0.1084	0.1066	0.1024	0.1002	0.0981	0.0972	0.0957	0.1063	0.1075	0.1038	0.1029	0.1001	0.0983	0.0967	0.0958	0.1037	0.1045	0.1036	0.1012	0.0993	0.0988	0.0969	0.0957	0.1032	0.1042	0.1035	0.1019	0.1005	0.0994	0.0975	0.0980	
0.1394	0.1366	0.1354	0.1230	0.1125	0.1114	0.1047	0.1026	0.1286	0.1325	0.1275	0.1175	0.1088	0.1039	0.1006	0.0978	0.1213	0.1252	0.1199	0.1121	0.1065	0.1019	0.1002	0.0977	0.1171	0.1195	0.1150	0.1055	0.1028	0.0996	0.0980	0.0982	0.1096	0.1101	0.1072	0.1033	0.1003	0.0989	0.0976	0.0949	0.1079	0.1095	0.1048	0.1040	0.1002	0.0978	0.0963	0.0964	0.1053	0.1054	0.1036	0.1016	0.0993	0.0986	0.0975	0.0958	0.1042	0.1052	0.1048	0.1033	0.1011	0.0993	0.0970	0.0974	
0.1438	0.1438	0.1404	0.1258	0.1137	0.1111	0.1053	0.1027	0.1330	0.1385	0.1311	0.1192	0.1100	0.1046	0.1013	0.0984	0.1249	0.1298	0.1226	0.1143	0.1078	0.1027	0.1006	0.0985	0.1194	0.1211	0.1171	0.1060	0.1034	0.1005	0.0982	0.0986	0.1112	0.1117	0.1084	0.1033	0.1004	0.0986	0.0975	0.0952	0.1089	0.1106	0.1055	0.1041	0.1001	0.0978	0.0960	0.0958	0.1055	0.1062	0.1044	0.1019	0.1001	0.0987	0.0973	0.0955	0.1051	0.1058	0.1047	0.1028	0.1005	0.0994	0.0967	0.0982	
0.1508	0.1496	0.1451	0.1293	0.1163	0.1130	0.1078	0.1023	0.1389	0.1429	0.1354	0.1219	0.1126	0.1050	0.1020	0.0989	0.1299	0.1355	0.1253	0.1165	0.1104	0.1033	0.1008	0.0979	0.1223	0.1251	0.1188	0.1066	0.1047	0.0997	0.0989	0.0986	0.1127	0.1133	0.1100	0.1036	0.1007	0.0989	0.0978	0.0960	0.1109	0.1117	0.1058	0.1050	0.1003	0.0989	0.0965	0.0958	0.1068	0.1073	0.1055	0.1031	0.1004	0.0992	0.0971	0.0956	0.1064	0.1067	0.1050	0.1039	0.1019	0.1000	0.0972	0.0978	
0.1598	0.1572	0.1521	0.1335	0.1184	0.1148	0.1078	0.1041	0.1441	0.1505	0.1396	0.1248	0.1136	0.1061	0.1031	0.0991	0.1349	0.1406	0.1294	0.1172	0.1129	0.1038	0.1020	0.0984	0.1260	0.1278	0.1208	0.1083	0.1041	0.1012	0.0988	0.0987	0.1155	0.1166	0.1119	0.1046	0.1010	0.0990	0.0976	0.0963	0.1120	0.1132	0.1078	0.1061	0.1003	0.0988	0.0964	0.0969	0.1076	0.1081	0.1064	0.1035	0.0999	0.0995	0.0976	0.0955	0.1063	0.1079	0.1059	0.1041	0.1015	0.0999	0.0976	0.0973	
0.1669	0.1675	0.1595	0.1363	0.1198	0.1164	0.1083	0.1046	0.1500	0.1574	0.1450	0.1270	0.1140	0.1060	0.1028	0.0998	0.1385	0.1462	0.1328	0.1195	0.1098	0.1033	0.1016	0.0984	0.1288	0.1321	0.1236	0.1079	0.1044	0.1010	0.0992	0.0989	0.1175	0.1170	0.1133	0.1056	0.1018	0.0997	0.0978	0.0958	0.1133	0.1150	0.1078	0.1057	0.1016	0.0990	0.0968	0.0958	0.1079	0.1094	0.1074	0.1038	0.1020	0.0982	0.0973	0.0963	0.1067	0.1101	0.1075	0.1049	0.1010	0.1007	0.0973	0.0979	
0.1765	0.1773	0.1671	0.1400	0.1234	0.1174	0.1099	0.1046	0.1582	0.1661	0.1491	0.1303	0.1165	0.1089	0.1039	0.0998	0.1457	0.1526	0.1349	0.1211	0.1104	0.1041	0.1024	0.0986	0.1333	0.1357	0.1259	0.1100	0.1059	0.1019	0.0991	0.0987	0.1202	0.1203	0.1144	0.1062	0.1017	0.1006	0.0984	0.0964	0.1151	0.1177	0.1098	0.1078	0.1013	0.0993	0.0973	0.0963	0.1095	0.1114	0.1078	0.1047	0.1007	0.0998	0.0971	0.0962	0.1078	0.1095	0.1080	0.1057	0.1019	0.1005	0.0975	0.0974	
0.1893	0.1872	0.1773	0.1451	0.1239	0.1190	0.1111	0.1049	0.1656	0.1769	0.1550	0.1326	0.1176	0.1080	0.1050	0.1004	0.1506	0.1597	0.1400	0.1228	0.1122	0.1047	0.1037	0.0990	0.1364	0.1399	0.1287	0.1100	0.1060	0.1022	0.1000	0.0995	0.1216	0.1237	0.1157	0.1071	0.1026	0.0996	0.0986	0.0960	0.1165	0.1193	0.1105	0.1066	0.1023	0.0989	0.0970	0.0959	0.1113	0.1120	0.1088	0.1049	0.1012	0.1001	0.0974	0.0952	0.1086	0.1109	0.1083	0.1057	0.1030	0.1003	0.0971	0.0972	
0.2028	0.2008	0.1857	0.1508	0.1278	0.1230	0.1140	0.1071	0.1750	0.1871	0.1636	0.1382	0.1200	0.1099	0.1053	0.1010	0.1584	0.1694	0.1455	0.1247	0.1133	0.1056	0.1030	0.0993	0.1423	0.1450	0.1322	0.1115	0.1063	0.1024	0.0994	0.0990	0.1247	0.1253	0.1183	0.1077	0.1021	0.1000	0.0990	0.0963	0.1187	0.1215	0.1111	0.1071	0.1022	0.0994	0.0971	0.0964	0.1119	0.1132	0.1098	0.1053	0.1010	0.0997	0.0979	0.0959	0.1097	0.1120	0.1096	0.1063	0.1025	0.1003	0.0973	0.0976	
0.2199	0.2168	0.1992	0.1589	0.1322	0.1240	0.1160	0.1077	0.1854	0.1987	0.1706	0.1413	0.1210	0.1107	0.1057	0.1016	0.1663	0.1769	0.1514	0.1281	0.1147	0.1059	0.1031	0.0992	0.1477	0.1510	0.1345	0.1123	0.1071	0.1023	0.1004	0.0994	0.1274	0.1291	0.1195	0.1085	0.1023	0.0998	0.0988	0.0962	0.1209	0.1249	0.1124	0.1098	0.1025	0.0994	0.0972	0.0957	0.1139	0.1149	0.1104	0.1063	0.1017	0.0994	0.0980	0.0952	0.1105	0.1127	0.1102	0.1070	0.1025	0.1005	0.0973	0.0977	
0.2330	0.2318	0.2098	0.1641	0.1337	0.1274	0.1159	0.1084	0.1981	0.2122	0.1780	0.1451	0.1227	0.1109	0.1059	0.1015	0.1761	0.1883	0.1556	0.1299	0.1153	0.1065	0.1049	0.0999	0.1516	0.1553	0.1368	0.1127	0.1081	0.1020	0.0998	0.0993	0.1301	0.1321	0.1214	0.1083	0.1030	0.1005	0.0992	0.0963	0.1223	0.1269	0.1132	0.1090	0.1030	0.0993	0.0962	0.0964	0.1150	0.1158	0.1110	0.1068	0.1010	0.0995	0.0985	0.0956	0.1117	0.1140	0.1106	0.1070	0.1037	0.1002	0.0969	0.0977	
0.2522	0.2500	0.2250	0.1716	0.1389	0.1298	0.1197	0.1106	0.2113	0.2255	0.1896	0.1500	0.1256	0.1129	0.1074	0.1017	0.1839	0.1995	0.1638	0.1331	0.1171	0.1072	0.1057	0.1001	0.1583	0.1628	0.1411	0.1134	0.1089	0.1032	0.1004	0.0997	0.1353	0.1362	0.1232	0.1100	0.1031	0.1006	0.0986	0.0961	0.1245	0.1305	0.1145	0.1106	0.1029	0.0997	0.0971	0.0961	0.1169	0.1180	0.1125	0.1073	0.1020	0.0998	0.0978	0.0953	0.1133	0.1147	0.1122	0.1078	0.1029	0.0999	0.0971	0.0981	
0.2714	0.2706	0.2390	0.1815	0.1425	0.1333	0.1210	0.1105	0.2248	0.2417	0.1964	0.1543	0.1280	0.1129	0.1079	0.1019	0.1941	0.2098	0.1692	0.1356	0.1182	0.1071	0.1052	0.1006	0.1654	0.1694	0.1458	0.1144	0.1092	0.1032	0.1010	0.0995	0.1382	0.1411	0.1258	0.1104	0.1030	0.1011	0.0989	0.0969	0.1287	0.1332	0.1150	0.1143	0.1033	0.0997	0.0970	0.0964	0.1184	0.1195	0.1146	0.1087	0.1026	0.0998	0.0984	0.0957	0.1140	0.1165	0.1119	0.1083	0.1036	0.1001	0.0978	0.0977	
0.2913	0.2924	0.2560	0.1864	0.1431	0.1362	0.1240	0.1115	0.2406	0.2596	0.2078	0.1603	0.1288	0.1141	0.1081	0.1025	0.2048	0.2225	0.1763	0.1396	0.1205	0.1084	0.1064	0.1006	0.1710	0.1773	0.1493	0.1161	0.1099	0.1043	0.1001	0.0994	0.1427	0.1445	0.1283	0.1105	0.1032	0.1012	0.0990	0.0964	0.1304	0.1350	0.1168	0.1113	0.1034	0.1000	0.0968	0.0956	0.1193	0.1218	0.1145	0.1081	0.1023	0.1006	0.0974	0.0954	0.1148	0.1174	0.1124	0.1089	0.1030	0.1006	0.0967	0.0977	
0.3167	0.3141	0.2746	0.1969	0.1499	0.1403	0.1250	0.1128	0.2592	0.2777	0.2193	0.1646	0.1315	0.1151	0.1086	0.1025	0.2190	0.2382	0.1851	0.1430	0.1205	0.1093	0.1068	0.1009	0.1816	0.1843	0.1534	0.1170	0.1115	0.1036	0.1005	0.1000	0.1469	0.1497	0.1294	0.1120	0.1039	0.1006	0.0991	0.0962	0.1327	0.1399	0.1177	0.1121	0.1033	0.0996	0.0974	0.0957	0.1210	0.1234	0.1157	0.1090	0.1027	0.1001	0.0977	0.0960	0.1157	0.1177	0.1133	0.1092	0.1040	0.1009	0.0973	0.0982	
0.3407	0.3410	0.2928	0.2081	0.1564	0.1432	0.1273	0.1142	0.2788	0.3020	0.2332	0.1723	0.1340	0.1183	0.1104	0.1028	0.2352	0.2566	0.1931	0.1472	0.1232	0.1101	0.1069	0.1003	0.1899	0.1947	0.1583	0.1186	0.1109	0.1045	0.1009	0.1000	0.1512	0.1570	0.1315	0.1125	0.1039	0.1014	0.0988	0.0963	0.1359	0.1428	0.1182	0.1122	0.1041	0.0992	0.0967	0.0952	0.1240	0.1250	0.1162	0.1098	0.1027	0.1005	0.0975	0.0951	0.1169	0.1195	0.1135	0.1100	0.1037	0.1007	0.0973	0.0975	
0.3672	0.3701	0.3144	0.2244	0.1633	0.1483	0.1313	0.1162	0.3001	0.3225	0.2483	0.1807	0.1363	0.1189	0.1102	0.1045	0.2489	0.2728	0.2061	0.1514	0.1241	0.1106	0.1068	0.1016	0.1985	0.2035	0.1643	0.1196	0.1113	0.1040	0.1012	0.0999	0.1575	0.1609	0.1347	0.1140	0.1048	0.1019	0.0993	0.0959	0.1406	0.1472	0.1200	0.1140	0.1047	0.0993	0.0974	0.0956	0.1253	0.1260	0.1172	0.1090	0.1028	0.1000	0.0982	0.0954	0.1175	0.1223	0.1156	0.1101	0.1047	0.1002	0.0981	0.0975	
0.3976	0.3998	0.3407	0.2352	0.1684	0.1533	0.1339	0.1181	0.3207	0.3467	0.2624	0.1867	0.1405	0.1202	0.1118	0.1035	0.2673	0.2936	0.2159	0.1567	0.1267	0.1126	0.1084	0.1007	0.2086	0.2144	0.1671	0.1194	0.1135	0.1054	0.1020	0.0994	0.1625	0.1664	0.1361	0.1138	0.1043	0.1015	0.0986	0.0958	0.1427	0.1514	0.1221	0.1145	0.1033	0.1000	0.0968	0.0956	0.1268	0.1291	0.1179	0.1099	0.1025	0.1001	0.0975	0.0966	0.1197	0.1218	0.1163	0.1104	0.1037	0.1019	0.0968	0.0974	
0.4287	0.4295	0.3653	0.2501	0.1751	0.1572	0.1381	0.1196	0.3426	0.3693	0.2792	0.1964	0.1435	0.1227	0.1124	0.1051	0.2803	0.3103	0.2278	0.1609	0.1271	0.1122	0.1084	0.1023	0.2196	0.2268	0.1769	0.1217	0.1132	0.1054	0.1011	0.1003	0.1699	0.1725	0.1401	0.1150	0.1051	0.1012	0.0985	0.0968	0.1459	0.1545	0.1231	0.1158	0.1037	0.1004	0.0981	0.0950	0.1292	0.1318	0.1189	0.1109	0.1026	0.1000	0.0973	0.0952	0.1208	0.1235	0.1168	0.1106	0.1034	0.1014	0.0973	0.0971	
0.4627	0.4645	0.3907	0.2667	0.1850	0.1634	0.1431	0.1219	0.3696	0.3971	0.3008	0.2045	0.1481	0.1251	0.1137	0.1050	0.3030	0.3313	0.2396	0.1667	0.1301	0.1135	0.1094	0.1023	0.2308	0.2388	0.1840	0.1229	0.1143	0.1057	0.1017	0.1002	0.1762	0.1789	0.1431	0.1160	0.1044	0.1017	0.1002	0.0963	0.1510	0.1605	0.1240	0.1160	0.1052	0.1006	0.0964	0.0961	0.1321	0.1344	0.1211	0.1113	0.1035	0.1008	0.0977	0.0958	0.1237	0.1250	0.1188	0.1117	0.1043	0.1009	0.0972	0.0970	
0.4960	0.4952	0.4210	0.2885	0.1895	0.1748	0.1480	0.1191	0.3940	0.4205	0.3156	0.2134	0.1457	0.1214	0.1114	0.1009	0.3197	0.3487	0.2514	0.1689	0.1282	0.1093	0.1053	0.0982	0.2390	0.2473	0.1867	0.1204	0.1110	0.1015	0.0983	0.0950	0.1783	0.1830	0.1430	0.1121	0.1009	0.0975	0.0942	0.0920	0.1499	0.1615	0.1216	0.1122	0.1008	0.0954	0.0928	0.0908	0.1293	0.1323	0.1183	0.1071	0.0988	0.0968	0.0939	0.0908	0.1197	0.1222	0.1141	0.1080	0.1008	0.0974	0.0928	0.0929	
0.5248	0.5263	0.4515	0.3033	0.2003	0.1770	0.1488	0.1243	0.4246	0.4544	0.3421	0.2296	0.1569	0.1278	0.1167	0.1063	0.3488	0.3794	0.2701	0.1781	0.1349	0.1152	0.1118	0.1026	0.2561	0.2648	0.1945	0.1251	0.1150	0.1062	0.1025	0.0998	0.1894	0.1940	0.1491	0.1171	0.1053	0.1026	0.0991	0.0959	0.1600	0.1736	0.1268	0.1170	0.1048	0.1007	0.0972	0.0960	0.1374	0.1398	0.1234	0.1121	0.1029	0.1004	0.0976	0.0952	0.1257	0.1274	0.1193	0.1131	0.1042	0.1006	0.0967	0.0977	
0.5558	0.5547	0.4774	0.3210	0.2107	0.1840	0.1543	0.1280	0.4544	0.4848	0.3659	0.2413	0.1604	0.1315	0.1190	0.1062	0.3711	0.4080	0.2901	0.1872	0.1387	0.1168	0.1118	0.1028	0.2701	0.2796	0.2052	0.1268	0.1171	0.1070	0.1023	0.1003	0.1982	0.2049	0.1542	0.1182	0.1059	0.1031	0.1000	0.0962	0.1652	0.1789	0.1306	0.1179	0.1057	0.1010	0.0969	0.0955	0.1401	0.1441	0.1242	0.1130	0.1030	0.1009	0.0971	0.0946	0.1287	0.1286	0.1206	0.1118	0.1044	0.1013	0.0973	0.0976	
0.5855	0.5805	0.5030	0.3472	0.2232	0.1926	0.1619	0.1309	0.4861	0.5055	0.3902	0.2583	0.1642	0.1346	0.1195	0.1074	0.3963	0.4319	0.3088	0.1958	0.1413	0.1191	0.1127	0.1035	0.2858	0.2959	0.2148	0.1287	0.1179	0.1065	0.1028	0.0999	0.2052	0.2159	0.1581	0.1204	0.1054	0.1030	0.0999	0.0959	0.1702	0.1839	0.1310	0.1198	0.1058	0.1006	0.0969	0.0956	0.1428	0.1458	0.1256	0.1144	0.1036	0.1015	0.0969	0.0954	0.1287	0.1311	0.1220	0.1144	0.1045	0.1008	0.0970	0.0973	
0.6102	0.6130	0.5401	0.3728	0.2401	0.1993	0.1708	0.1344	0.5150	0.5402	0.4208	0.2693	0.1735	0.1361	0.1199	0.1073	0.4198	0.4581	0.3309	0.2041	0.1457	0.1201	0.1132	0.1037	0.3033	0.3119	0.2266	0.1303	0.1196	0.1065	0.1022	0.1008	0.2173	0.2243	0.1624	0.1211	0.1069	0.1024	0.0997	0.0966	0.1756	0.1923	0.1328	0.1212	0.1057	0.1007	0.0971	0.0962	0.1465	0.1491	0.1262	0.1143	0.1030	0.1007	0.0980	0.0959	0.1316	0.1326	0.1231	0.1128	0.1049	0.1014	0.0977	0.0975	
0.6316	0.6333	0.5698	0.3983	0.2492	0.2097	0.1711	0.1374	0.5462	0.5645	0.4447	0.2900	0.1759	0.1384	0.1216	0.1065	0.4485	0.4822	0.3504	0.2132	0.1477	0.1212	0.1143	0.1032	0.3187	0.3317	0.2337	0.1325	0.1203	0.1077	0.1028	0.1000	0.2241	0.2327	0.1681	0.1216	0.1070	0.1023	0.1000	0.0962	0.1809	0.1976	0.1349	0.1201	0.1059	0.1006	0.0970	0.0954	0.1492	0.1533	0.1273	0.1132	0.1034	0.0999	0.0977	0.0949	0.1326	0.1342	0.1226	0.1129	0.1048	0.1013	0.0969	0.0975	
0.6592	0.6642	0.6003	0.4288	0.2704	0.2226	0.1836	0.1432	0.5734	0.5948	0.4737	0.3055	0.1859	0.1421	0.1224	0.1086	0.4657	0.5045	0.3733	0.2234	0.1519	0.1228	0.1152	0.1042	0.3345	0.3483	0.2466	0.1353	0.1221	0.1071	0.1038	0.1006	0.2352	0.2448	0.1725	0.1230	0.1065	0.1031	0.0996	0.0969	0.1864	0.2073	0.1365	0.1212	0.1065	0.1008	0.0972	0.0956	0.1536	0.1575	0.1294	0.1146	0.1031	0.1000	0.0972	0.0953	0.1349	0.1369	0.1244	0.1134	0.1046	0.1010	0.0967	0.0971	
0.6810	0.6846	0.6233	0.4526	0.2884	0.2335	0.1910	0.1459	0.6015	0.6219	0.5076	0.3288	0.1948	0.1469	0.1256	0.1087	0.4963	0.5358	0.3966	0.2350	0.1568	0.1239	0.1167	0.1049	0.3513	0.3649	0.2614	0.1373	0.1240	0.1082	0.1039	0.1013	0.2425	0.2546	0.1790	0.1241	0.1079	0.1028	0.0999	0.0965	0.1920	0.2152	0.1387	0.1230	0.1059	0.1007	0.0964	0.0954	0.1564	0.1604	0.1316	0.1154	0.1037	0.1006	0.0978	0.0955	0.1369	0.1393	0.1255	0.1148	0.1052	0.1009	0.0968	0.0974	
0.6987	0.7075	0.6458	0.4842	0.3039	0.2446	0.1966	0.1489	0.6320	0.6477	0.5348	0.3503	0.2001	0.1506	0.1278	0.1094	0.5157	0.5563	0.4246	0.2474	0.1617	0.1261	0.1178	0.1057	0.3671	0.3842	0.2696	0.1395	0.1236	0.1079	0.1038	0.1005	0.2537	0.2690	0.1832	0.1261	0.1074	0.1036	0.1004	0.0960	0.1964	0.2230	0.1416	0.1237	0.1067	0.1002	0.0975	0.0954	0.1603	0.1658	0.1315	0.1153	0.1037	0.1008	0.0977	0.0948	0.1399	0.1399	0.1256	0.1145	0.1045	0.1009	0.0973	0.0974	
0.7193	0.7187	0.6749	0.5151	0.3272	0.2612	0.2107	0.1552	0.6544	0.6685	0.5663	0.3697	0.2130	0.1546	0.1279	0.1108	0.5477	0.5890	0.4513	0.2631	0.1659	0.1284	0.1185	0.1050	0.3888	0.4048	0.2853	0.1422	0.1250	0.1084	0.1034	0.1005	0.2642	0.2802	0.1894	0.1268	0.1082	0.1027	0.0996	0.0962	0.2052	0.2339	0.1430	0.1250	0.1066	0.1007	0.0965	0.0949	0.1646	0.1683	0.1339	0.1169	0.1034	0.1000	0.0969	0.0949	0.1432	0.1428	0.1289	0.1153	0.1057	0.1006	0.0962	0.0968	
0.7275	0.7275	0.6908	0.5484	0.3431	0.2762	0.2153	0.1583	0.6792	0.6868	0.5930	0.3931	0.2183	0.1583	0.1313	0.1103	0.5634	0.6105	0.4782	0.2788	0.1715	0.1292	0.1207	0.1059	0.4040	0.4228	0.2976	0.1461	0.1273	0.1093	0.1035	0.1003	0.2792	0.2946	0.1956	0.1276	0.1078	0.1031	0.1004	0.0962	0.2099	0.2427	0.1457	0.1247	0.1069	0.1001	0.0969	0.0955	0.1668	0.1725	0.1362	0.1164	0.1035	0.1008	0.0970	0.0947	0.1440	0.1440	0.1291	0.1154	0.1050	0.1013	0.0970	0.0971	
0.7290	0.7315	0.7161	0.5813	0.3700	0.2917	0.2286	0.1646	0.6987	0.7108	0.6143	0.4210	0.2317	0.1636	0.1329	0.1126	0.5954	0.6358	0.5065	0.2947	0.1766	0.1333	0.1229	0.1070	0.4248	0.4490	0.3165	0.1497	0.1291	0.1098	0.1040	0.1007	0.2894	0.3102	0.2036	0.1306	0.1087	0.1039	0.1001	0.0960	0.2180	0.2532	0.1491	0.1283	0.1067	0.1011	0.0967	0.0950	0.1748	0.1794	0.1373	0.1188	0.1042	0.1007	0.0969	0.0950	0.1478	0.1483	0.1304	0.1151	0.1041	0.1008	0.0971	0.0968	
0.7385	0.7336	0.7276	0.6106	0.3964	0.3108	0.2455	0.1705	0.7153	0.7301	0.6444	0.4500	0.2475	0.1701	0.1358	0.1133	0.6082	0.6537	0.5307	0.3131	0.1853	0.1346	0.1232	0.1066	0.4407	0.4693	0.3317	0.1499	0.1297	0.1093	0.1047	0.1005	0.2999	0.3234	0.2108	0.1325	0.1085	0.1047	0.0999	0.0961	0.2271	0.2647	0.1505	0.1280	0.1072	0.1009	0.0970	0.0955	0.1785	0.1829	0.1380	0.1189	0.1044	0.1007	0.0974	0.0949	0.1495	0.1519	0.1325	0.1161	0.1039	0.1009	0.0966	0.0970	
0.7371	0.7368	0.7312	0.6305	0.4174	0.3316	0.2564	0.1782	0.7284	0.7425	0.6724	0.4749	0.2531	0.1734	0.1384	0.1132	0.6306	0.6754	0.5578	0.3319	0.1913	0.1361	0.1248	0.1082	0.4592	0.4867	0.3502	0.1543	0.1340	0.1101	0.1037	0.1012	0.3131	0.3372	0.2174	0.1333	0.1090	0.1041	0.0999	0.0962	0.2328	0.2733	0.1529	0.1299	0.1069	0.1009	0.0967	0.0950	0.1828	0.1889	0.1412	0.1185	0.1039	0.1005	0.0971	0.0949	0.1512	0.1523	0.1321	0.1162	0.1054	0.1010	0.0963	0.0967	
0.7448	0.7411	0.7382	0.6569	0.4463	0.3512	0.2656	0.1818	0.7393	0.7511	0.6904	0.5040	0.2727	0.1821	0.1429	0.1144	0.6477	0.6943	0.5852	0.3538	0.2012	0.1394	0.1280	0.1088	0.4749	0.5094	0.3680	0.1589	0.1337	0.1122	0.1045	0.1012	0.3238	0.3513	0.2275	0.1350	0.1106	0.1044	0.1004	0.0969	0.2403	0.2801	0.1553	0.1305	0.1074	0.1012	0.0965	0.0952	0.1862	0.1956	0.1419	0.1197	0.1049	0.1002	0.0967	0.0955	0.1544	0.1546	0.1339	0.1173	0.1051	0.1014	0.0965	0.0968	
0.7414	0.7459	0.7367	0.6801	0.4716	0.3730	0.2844	0.1910	0.7464	0.7536	0.7143	0.5312	0.2865	0.1887	0.1458	0.1171	0.6637	0.7056	0.6069	0.3743	0.2091	0.1445	0.1293	0.1090	0.4918	0.5292	0.3837	0.1632	0.1371	0.1122	0.1053	0.1013	0.3388	0.3676	0.2374	0.1367	0.1101	0.1043	0.1001	0.0965	0.2502	0.2914	0.1579	0.1310	0.1072	0.1010	0.0965	0.0947	0.1919	0.1988	0.1440	0.1200	0.1039	0.1003	0.0969	0.0942	0.1574	0.1582	0.1349	0.1177	0.1049	0.1005	0.0971	0.0974	
0.7453	0.7473	0.7435	0.6993	0.5073	0.4000	0.3042	0.1983	0.7457	0.7639	0.7320	0.5583	0.3049	0.1965	0.1495	0.1174	0.6913	0.7248	0.6314	0.3970	0.2188	0.1470	0.1298	0.1089	0.5084	0.5492	0.4037	0.1658	0.1404	0.1121	0.1056	0.1007	0.3507	0.3820	0.2498	0.1407	0.1117	0.1039	0.1001	0.0961	0.2583	0.3057	0.1617	0.1341	0.1076	0.1005	0.0961	0.0949	0.1952	0.2048	0.1455	0.1199	0.1041	0.1006	0.0969	0.0943	0.1605	0.1594	0.1351	0.1166	0.1047	0.1009	0.0960	0.0967	
0.7488	0.7533	0.7521	0.7193	0.5384	0.4230	0.3256	0.2092	0.7482	0.7598	0.7477	0.5905	0.3259	0.2059	0.1536	0.1208	0.7042	0.7283	0.6551	0.4237	0.2298	0.1512	0.1344	0.1094	0.5299	0.5733	0.4259	0.1724	0.1417	0.1139	0.1060	0.1014	0.3655	0.4018	0.2565	0.1426	0.1125	0.1047	0.1000	0.0963	0.2661	0.3150	0.1635	0.1336	0.1078	0.1011	0.0968	0.0956	0.1997	0.2131	0.1482	0.1211	0.1044	0.1000	0.0970	0.0950	0.1640	0.1636	0.1382	0.1174	0.1055	0.1012	0.0969	0.0971	
0.7540	0.7518	0.7510	0.7243	0.5618	0.4504	0.3425	0.2141	0.7461	0.7641	0.7476	0.6167	0.3428	0.2143	0.1599	0.1205	0.7056	0.7232	0.6797	0.4448	0.2396	0.1552	0.1347	0.1107	0.5465	0.5933	0.4490	0.1769	0.1435	0.1154	0.1064	0.1008	0.3758	0.4152	0.2692	0.1436	0.1122	0.1044	0.0998	0.0962	0.2771	0.3276	0.1692	0.1361	0.1104	0.1017	0.0967	0.0949	0.2064	0.2186	0.1521	0.1239	0.1059	0.1019	0.0983	0.0964	0.1676	0.1651	0.1401	0.1179	0.1068	0.1013	0.0970	0.0968	
0.7532	0.7570	0.7528	0.7360	0.5986	0.4809	0.3690	0.2287	0.7526	0.7671	0.7608	0.6438	0.3617	0.2260	0.1600	0.1226	0.7181	0.7305	0.6979	0.4658	0.2523	0.1610	0.1381	0.1118	0.5585	0.6114	0.4679	0.1832	0.1473	0.1148	0.1063	0.1007	0.3905	0.4327	0.2798	0.1453	0.1121	0.1051	0.1006	0.0958	0.2809	0.3421	0.1697	0.1366	0.1081	0.1012	0.0965	0.0950	0.2108	0.2241	0.1522	0.1224	0.1042	0.1010	0.0969	0.0944	0.1704	0.1695	0.1419	0.1193	0.1049	0.1014	0.0964	0.0971	
0.7584	0.7572	0.7504	0.7324	0.6199	0.5047	0.3849	0.2362	0.7506	0.7723	0.7552	0.6626	0.3861	0.2341	0.1686	0.1231	0.7195	0.7363	0.7141	0.4945	0.2658	0.1655	0.1426	0.1114	0.5815	0.6352	0.4895	0.1870	0.1525	0.1156	0.1059	0.1012	0.4004	0.4455	0.2929	0.1476	0.1128	0.1055	0.0999	0.0954	0.2924	0.3467	0.1754	0.1375	0.1078	0.1005	0.0962	0.0947	0.2143	0.2282	0.1539	0.1228	0.1037	0.1002	0.0965	0.0943	0.1736	0.1717	0.1418	0.1180	0.1048	0.1009	0.0965	0.0967	
0.7611	0.7610	0.7550	0.7401	0.6448	0.5345	0.4116	0.2504	0.7563	0.7733	0.7614	0.6823	0.4057	0.2469	0.1713	0.1259	0.7216	0.7405	0.7236	0.5227	0.2787	0.1715	0.1427	0.1131	0.5984	0.6511	0.5095	0.1946	0.1546	0.1160	0.1066	0.1007	0.4158	0.4649	0.3057	0.1520	0.1136	0.1048	0.1007	0.0953	0.3004	0.3668	0.1786	0.1393	0.1087	0.1009	0.0962	0.0948	0.2211	0.2361	0.1580	0.1249	0.1047	0.1010	0.0963	0.0948	0.1787	0.1789	0.1470	0.1203	0.1063	0.1008	0.0961	0.0966	
0.7645	0.7663	0.7619	0.7400	0.6694	0.5680	0.4359	0.2670	0.7566	0.7745	0.7624	0.7079	0.4361	0.2623	0.1780	0.1279	0.7167	0.7344	0.7204	0.5527	0.2969	0.1768	0.1460	0.1137	0.6117	0.6733	0.5305	0.2015	0.1566	0.1188	0.1066	0.1020	0.4332	0.4824	0.3172	0.1550	0.1138	0.1063	0.1005	0.0958	0.3104	0.3732	0.1813	0.1397	0.1092	0.1011	0.0967	0.0950	0.2257	0.2405	0.1589	0.1250	0.1041	0.1010	0.0973	0.0947	0.1832	0.1788	0.1462	0.1213	0.1054	0.1009	0.0963	0.0974	
0.7630	0.7659	0.7595	0.7377	0.6922	0.5817	0.4596	0.2752	0.7561	0.7738	0.7618	0.7149	0.4518	0.2691	0.1835	0.1291	0.7244	0.7375	0.7255	0.5780	0.3101	0.1822	0.1524	0.1149	0.6247	0.6865	0.5522	0.2080	0.1612	0.1200	0.1066	0.1015	0.4428	0.5001	0.3340	0.1604	0.1148	0.1061	0.1001	0.0960	0.3204	0.3870	0.1869	0.1436	0.1105	0.1012	0.0966	0.0943	0.2285	0.2459	0.1615	0.1255	0.1047	0.1005	0.0970	0.0942	0.1827	0.1797	0.1474	0.1206	0.1056	0.1006	0.0965	0.0967	
0.7695	0.7669	0.7595	0.7389	0.7111	0.6129	0.4868	0.2911	0.7585	0.7772	0.7683	0.7286	0.4836	0.2814	0.1881	0.1321	0.7241	0.7408	0.7222	0.5985	0.3290	0.1880	0.1542	0.1155	0.6474	0.6970	0.5727	0.2174	0.1628	0.1203	0.1066	0.1010	0.4513	0.5147	0.3460	0.1585	0.1154	0.1055	0.1004	0.0960	0.3289	0.3974	0.1896	0.1423	0.1088	0.1009	0.0959	0.0948	0.2344	0.2518	0.1623	0.1265	0.1043	0.1002	0.0965	0.0942	0.1865	0.1853	0.1485	0.1203	0.1057	0.1006	0.0960	0.0964	
0.7661	0.7709	0.7618	0.7437	0.7182	0.6330	0.5197	0.3092	0.7595	0.7803	0.7638	0.7340	0.5123	0.3026	0.1954	0.1346	0.7249	0.7449	0.7332	0.6277	0.3445	0.1942	0.1590	0.1173	0.6629	0.7121	0.5967	0.2227	0.1679	0.1201	0.1078	0.1013	0.4652	0.5318	0.3614	0.1642	0.1166	0.1067	0.0999	0.0962	0.3416	0.4125	0.1964	0.1435	0.1108	0.1005	0.0961	0.0946	0.2388	0.2630	0.1672	0.1286	0.1066	0.1018	0.0977	0.0954	0.1905	0.1894	0.1512	0.1213	0.1050	0.1005	0.0968	0.0971	
0.7765	0.7719	0.7653	0.7455	0.7306	0.6541	0.5485	0.3281	0.7633	0.7819	0.7710	0.7360	0.5414	0.3173	0.2077	0.1389	0.7276	0.7482	0.7344	0.6534	0.3681	0.2048	0.1655	0.1178	0.6822	0.7243	0.6208	0.2313	0.1742	0.1236	0.1080	0.1011	0.4819	0.5477	0.3758	0.1686	0.1180	0.1069	0.1008	0.0956	0.3484	0.4243	0.1992	0.1534	0.1104	0.1007	0.0963	0.0953	0.2434	0.2674	0.1683	0.1280	0.1048	0.1009	0.0968	0.0947	0.1948	0.1908	0.1516	0.1215	0.1057	0.1009	0.0963	0.0965	
0.7816	0.7782	0.7725	0.7487	0.7381	0.6803	0.5769	0.3502	0.7666	0.7827	0.7695	0.7406	0.5732	0.3432	0.2162	0.1439	0.7224	0.7453	0.7372	0.6685	0.3923	0.2123	0.1678	0.1190	0.6877	0.7173	0.6378	0.2408	0.1762	0.1245	0.1086	0.1026	0.4993	0.5657	0.3948	0.1719	0.1177	0.1062	0.1007	0.0956	0.3582	0.4351	0.2041	0.1486	0.1095	0.1011	0.0963	0.0948	0.2476	0.2734	0.1684	0.1286	0.1043	0.1006	0.0971	0.0946	0.1995	0.1938	0.1510	0.1218	0.1064	0.1008	0.0963	0.0972	
0.7795	0.7753	0.7694	0.7461	0.7385	0.6954	0.6015	0.3706	0.7613	0.7831	0.7698	0.7468	0.5939	0.3550	0.2269	0.1444	0.7281	0.7479	0.7299	0.6838	0.4096	0.2217	0.1743	0.1201	0.6957	0.7198	0.6555	0.2523	0.1804	0.1259	0.1104	0.1010	0.5092	0.5777	0.4120	0.1765	0.1181	0.1072	0.1010	0.0959	0.3618	0.4460	0.2103	0.1488	0.1099	0.1005	0.0958	0.0946	0.2514	0.2782	0.1730	0.1279	0.1044	0.1007	0.0960	0.0947	0.2006	0.1964	0.1521	0.1216	0.1061	0.1003	0.0959	0.0969	
0.7850	0.7829	0.7756	0.7497	0.7397	0.7098	0.6285	0.3935	0.7682	0.7923	0.7760	0.7466	0.6219	0.3817	0.2367	0.1497	0.7246	0.7504	0.7391	0.7056	0.4334	0.2314	0.1799	0.1222	0.7035	0.7231	0.6746	0.2609	0.1890	0.1266	0.1102	0.1019	0.5224	0.5970	0.4307	0.1824	0.1200	0.1074	0.1008	0.0957	0.3689	0.4633	0.2157	0.1501	0.1114	0.1010	0.0960	0.0946	0.2589	0.2865	0.1750	0.1315	0.1051	0.1000	0.0968	0.0947	0.2022	0.2003	0.1570	0.1215	0.1053	0.1007	0.0966	0.0971	
0.7832	0.7806	0.7714	0.7488	0.7410	0.7146	0.6450	0.4125	0.7664	0.7874	0.7718	0.7482	0.6418	0.4007	0.2485	0.1533	0.7213	0.7478	0.7374	0.7130	0.4533	0.2447	0.1854	0.1243	0.7032	0.7205	0.6916	0.2743	0.1912	0.1286	0.1107	0.1016	0.5241	0.6098	0.4439	0.1832	0.1202	0.1070	0.1007	0.0950	0.3704	0.4713	0.2199	0.1529	0.1098	0.1015	0.0957	0.0941	0.2599	0.2915	0.1763	0.1295	0.1037	0.1005	0.0968	0.0940	0.2048	0.2022	0.1574	0.1213	0.1053	0.1003	0.0959	0.0969	
0.7888	0.7903	0.7763	0.7501	0.7396	0.7195	0.6670	0.4373	0.7657	0.7824	0.7744	0.7500	0.6689	0.4264	0.2631	0.1550	0.7183	0.7471	0.7315	0.7188	0.4820	0.2555	0.1889	0.1258	0.7015	0.7137	0.6987	0.2804	0.1964	0.1294	0.1099	0.1009	0.5342	0.6188	0.4614	0.1867	0.1213	0.1073	0.1001	0.0955	0.3695	0.4857	0.2241	0.1559	0.1096	0.1008	0.0961	0.0947	0.2645	0.2955	0.1814	0.1300	0.1036	0.1005	0.0964	0.0941	0.2096	0.2059	0.1575	0.1218	0.1062	0.1007	0.0957	0.0964	
0.7920	0.7890	0.7836	0.7530	0.7426	0.7247	0.6868	0.4646	0.7693	0.7894	0.7750	0.7494	0.6939	0.4526	0.2778	0.1599	0.7225	0.7492	0.7381	0.7208	0.5066	0.2657	0.2016	0.1278	0.6991	0.7141	0.7028	0.2946	0.2053	0.1329	0.1108	0.1021	0.5407	0.6361	0.4789	0.1929	0.1226	0.1082	0.1016	0.0954	0.3781	0.5006	0.2346	0.1547	0.1110	0.1015	0.0964	0.0943	0.2708	0.3034	0.1866	0.1322	0.1042	0.1013	0.0965	0.0945	0.2104	0.2084	0.1628	0.1234	0.1063	0.1010	0.0960	0.0970	
0.7950	0.7925	0.7823	0.7575	0.7457	0.7274	0.6991	0.4966	0.7700	0.7925	0.7766	0.7540	0.7131	0.4825	0.2911	0.1661	0.7293	0.7546	0.7399	0.7219	0.5346	0.2802	0.2062	0.1298	0.7004	0.7173	0.6966	0.3112	0.2152	0.1337	0.1112	0.1026	0.5557	0.6511	0.4983	0.1985	0.1223	0.1087	0.1007	0.0955	0.3890	0.5160	0.2385	0.1575	0.1117	0.1008	0.0957	0.0943	0.2742	0.3106	0.1865	0.1319	0.1042	0.1004	0.0965	0.0941	0.2134	0.2100	0.1624	0.1213	0.1054	0.1002	0.0959	0.0965	
0.7961	0.7952	0.7852	0.7583	0.7444	0.7256	0.7073	0.5208	0.7735	0.7945	0.7738	0.7537	0.7338	0.5074	0.3068	0.1684	0.7200	0.7532	0.7408	0.7266	0.5550	0.2944	0.2141	0.1310	0.7012	0.7107	0.7016	0.3229	0.2204	0.1360	0.1115	0.1017	0.5602	0.6605	0.5169	0.2042	0.1243	0.1084	0.1008	0.0958	0.4002	0.5256	0.2451	0.1595	0.1117	0.1007	0.0958	0.0947	0.2787	0.3161	0.1915	0.1342	0.1043	0.1001	0.0962	0.0938	0.2153	0.2145	0.1635	0.1229	0.1059	0.1006	0.0960	0.0965	
0.8045	0.8024	0.7945	0.7640	0.7478	0.7319	0.7121	0.5563	0.7723	0.7986	0.7838	0.7555	0.7427	0.5399	0.3239	0.1768	0.7322	0.7595	0.7442	0.7289	0.5854	0.3135	0.2287	0.1327	0.7022	0.7152	0.7041	0.3391	0.2296	0.1389	0.1134	0.1021	0.5673	0.6655	0.5412	0.2125	0.1267	0.1094	0.1007	0.0954	0.4129	0.5448	0.2559	0.1616	0.1113	0.1011	0.0958	0.0942	0.2821	0.3260	0.1942	0.1334	0.1036	0.1000	0.0956	0.0939	0.2167	0.2180	0.1674	0.1215	0.1053	0.1004	0.0958	0.0966	
0.8050	0.8067	0.7928	0.7662	0.7484	0.7313	0.7157	0.5806	0.7730	0.7941	0.7806	0.7544	0.7521	0.5589	0.3422	0.1805	0.7329	0.7576	0.7420	0.7295	0.6083	0.3299	0.2363	0.1360	0.7010	0.7249	0.7059	0.3467	0.2361	0.1417	0.1130	0.1020	0.5825	0.6656	0.5528	0.2166	0.1275	0.1088	0.1012	0.0955	0.4193	0.5552	0.2607	0.1640	0.1130	0.1011	0.0957	0.0949	0.2876	0.3334	0.1971	0.1342	0.1041	0.1010	0.0964	0.0938	0.2212	0.2209	0.1693	0.1221	0.1059	0.1013	0.0960	0.0969	
0.8058	0.8057	0.7945	0.7660	0.7453	0.7293	0.7185	0.6116	0.7757	0.7950	0.7773	0.7547	0.7526	0.5890	0.3577	0.1874	0.7226	0.7545	0.7426	0.7354	0.6333	0.3526	0.2452	0.1383	0.7024	0.7246	0.7081	0.3595	0.2420	0.1453	0.1146	0.1020	0.5937	0.6682	0.5702	0.2232	0.1278	0.1096	0.1008	0.0950	0.4265	0.5729	0.2660	0.1632	0.1115	0.1005	0.0957	0.0941	0.2904	0.3415	0.2029	0.1342	0.1040	0.0997	0.0957	0.0941	0.2227	0.2232	0.1672	0.1219	0.1060	0.1005	0.0959	0.0962	
0.8153	0.8139	0.8033	0.7703	0.7527	0.7350	0.7181	0.6421	0.7805	0.8020	0.7858	0.7556	0.7586	0.6143	0.3855	0.1966	0.7326	0.7627	0.7451	0.7320	0.6557	0.3699	0.2581	0.1419	0.7009	0.7158	0.7070	0.3816	0.2554	0.1479	0.1142	0.1102	0.5993	0.6700	0.5899	0.2341	0.1297	0.1102	0.1003	0.0952	0.4322	0.5885	0.2749	0.1673	0.1123	0.1017	0.0954	0.0945	0.2966	0.3463	0.2072	0.1369	0.1048	0.1000	0.0964	0.0943	0.2265	0.2283	0.1709	0.1216	0.1066	0.1004	0.0960	0.0965	
0.8158	0.8116	0.8028	0.7710	0.7514	0.7329	0.7232	0.6633	0.7802	0.7984	0.7852	0.7563	0.7564	0.6380	0.4063	0.1998	0.7269	0.7556	0.7449	0.7340	0.6775	0.3911	0.2719	0.1450	0.7000	0.7215	0.7080	0.3960	0.2641	0.1509	0.1159	0.1024	0.6090	0.6604	0.6050	0.2388	0.1307	0.1100	0.1011	0.0949	0.4374	0.5897	0.2782	0.1707	0.1122	0.1014	0.0954	0.0941	0.2958	0.3534	0.2091	0.1356	0.1039	0.0999	0.0954	0.0941	0.2290	0.2304	0.1711	0.1224	0.1069	0.1007	0.0955	0.0962	
