0.1332	0.1273	0.1288	0.1172	0.0963	0.1057	0.1086	0.1206	0.1172	0.1392	0.1316	0.1315	0.0957	0.1132	0.1112	0.1319	0.1201	0.1307	0.1187	0.1210	0.0946	0.1004	0.1150	0.1215	0.1235	0.1198	0.1324	0.1142	0.0958	0.1058	0.1100	0.1254	0.1035	0.0996	0.0990	0.1135	0.0925	0.0950	0.1033	0.1194	0.1081	0.1418	0.1261	0.1267	0.0923	0.1002	0.1039	0.1147	0.0966	0.1019	0.1060	0.1182	0.1050	0.1157	0.1114	0.1375	0.0991	0.1309	0.0994	0.1042	0.0983	0.1040	0.1093	0.1205	
0.0910	0.0901	0.0905	0.0907	0.0885	0.0934	0.1045	0.1166	0.1000	0.0907	0.0898	0.0901	0.0880	0.0981	0.1089	0.1247	0.0904	0.0904	0.0900	0.0900	0.0884	0.0958	0.1098	0.1206	0.0938	0.0910	0.0906	0.0896	0.0885	0.0952	0.1064	0.1220	0.0908	0.0908	0.0910	0.0907	0.0889	0.0957	0.1052	0.1195	0.0914	0.0919	0.0912	0.0896	0.0871	0.0953	0.1045	0.1145	0.0901	0.0910	0.0907	0.0904	0.0887	0.0944	0.1023	0.1147	0.0927	0.0927	0.0927	0.0905	0.0878	0.0921	0.0991	0.1164	
0.0910	0.0904	0.0907	0.0910	0.0904	0.0952	0.1058	0.1177	0.0916	0.0912	0.0896	0.0901	0.0902	0.0999	0.1109	0.1278	0.0904	0.0905	0.0902	0.0907	0.0903	0.0985	0.1116	0.1216	0.0912	0.0911	0.0906	0.0895	0.0899	0.0975	0.1087	0.1250	0.0912	0.0910	0.0907	0.0910	0.0904	0.0973	0.1075	0.1214	0.0908	0.0913	0.0909	0.0899	0.0892	0.0967	0.1056	0.1172	0.0909	0.0913	0.0909	0.0909	0.0897	0.0960	0.1018	0.1150	0.0923	0.0922	0.0929	0.0910	0.0898	0.0934	0.1003	0.1159	
0.0911	0.0906	0.0911	0.0909	0.0902	0.0947	0.1053	0.1170	0.0912	0.0912	0.0901	0.0903	0.0919	0.1016	0.1125	0.1279	0.0910	0.0909	0.0902	0.0905	0.0913	0.0974	0.1100	0.1206	0.0912	0.0914	0.0907	0.0898	0.0911	0.0988	0.1096	0.1274	0.0914	0.0909	0.0910	0.0912	0.0905	0.0972	0.1062	0.1202	0.0906	0.0915	0.0911	0.0904	0.0899	0.0981	0.1076	0.1176	0.0906	0.0916	0.0910	0.0911	0.0913	0.0939	0.1028	0.1147	0.0925	0.0925	0.0926	0.0911	0.0904	0.0959	0.1019	0.1166	
0.0912	0.0909	0.0908	0.0910	0.0915	0.0961	0.1067	0.1192	0.0913	0.0914	0.0895	0.0903	0.0933	0.1023	0.1138	0.1291	0.0905	0.0909	0.0899	0.0903	0.0928	0.0979	0.1119	0.1237	0.0911	0.0911	0.0904	0.0900	0.0926	0.1008	0.1099	0.1282	0.0914	0.0908	0.0909	0.0909	0.0928	0.0982	0.1079	0.1216	0.0909	0.0913	0.0914	0.0903	0.0918	0.0999	0.1095	0.1188	0.0904	0.0913	0.0909	0.0904	0.0938	0.0953	0.1039	0.1167	0.0929	0.0924	0.0928	0.0912	0.0931	0.0962	0.1028	0.1197	
0.0912	0.0908	0.0908	0.0915	0.0897	0.0938	0.1036	0.1170	0.0917	0.0913	0.0901	0.0903	0.0886	0.0968	0.1088	0.1255	0.0908	0.0911	0.0902	0.0909	0.0903	0.0948	0.1082	0.1193	0.0912	0.0916	0.0909	0.0899	0.0888	0.0947	0.1057	0.1223	0.0911	0.0916	0.0908	0.0913	0.0909	0.0939	0.1048	0.1189	0.0912	0.0917	0.0911	0.0904	0.0876	0.0954	0.1034	0.1160	0.0909	0.0915	0.0917	0.0915	0.0910	0.0942	0.1001	0.1137	0.0926	0.0927	0.0922	0.0912	0.0890	0.0930	0.0977	0.1144	
0.0913	0.0908	0.0912	0.0914	0.0860	0.0892	0.0982	0.1131	0.0915	0.0916	0.0903	0.0904	0.0839	0.0927	0.1028	0.1190	0.0906	0.0910	0.0906	0.0909	0.0867	0.0905	0.1035	0.1150	0.0912	0.0915	0.0909	0.0904	0.0855	0.0906	0.1006	0.1174	0.0917	0.0914	0.0912	0.0910	0.0867	0.0907	0.1010	0.1127	0.0916	0.0917	0.0909	0.0901	0.0843	0.0911	0.0993	0.1116	0.0908	0.0915	0.0911	0.0911	0.0856	0.0893	0.0963	0.1086	0.0926	0.0925	0.0925	0.0913	0.0837	0.0871	0.0926	0.1089	
0.0914	0.0912	0.0910	0.0917	0.0878	0.0903	0.0995	0.1292	0.0915	0.0917	0.0899	0.0898	0.0867	0.0948	0.1051	0.1214	0.0908	0.0910	0.0903	0.0906	0.0884	0.0918	0.1046	0.1161	0.0911	0.0916	0.0905	0.0904	0.0868	0.0929	0.1054	0.1205	0.0915	0.0917	0.0915	0.0912	0.0889	0.0914	0.1014	0.1132	0.0914	0.0918	0.0910	0.0909	0.0858	0.0930	0.1004	0.1121	0.0908	0.0911	0.0913	0.0910	0.0887	0.0911	0.0967	0.1089	0.0922	0.0927	0.0925	0.0913	0.0859	0.0886	0.0941	0.1096	
0.0913	0.0913	0.0914	0.0914	0.0866	0.0893	0.0984	0.1314	0.0917	0.0916	0.0903	0.0905	0.0844	0.0929	0.1021	0.1179	0.0907	0.0911	0.0904	0.0912	0.0847	0.0919	0.1036	0.1144	0.0914	0.0916	0.0907	0.0905	0.0850	0.0895	0.0986	0.1157	0.0921	0.0918	0.0913	0.0913	0.0855	0.0920	0.1011	0.1129	0.0919	0.0920	0.0913	0.0911	0.0834	0.0953	0.0968	0.1086	0.0907	0.0918	0.0918	0.0917	0.0834	0.0906	0.0971	0.1101	0.0936	0.0926	0.0927	0.0912	0.0840	0.0856	0.0904	0.1071	
0.0915	0.0918	0.0913	0.0917	0.0903	0.0932	0.1027	0.1227	0.0921	0.0918	0.0902	0.0905	0.0898	0.0974	0.1078	0.1239	0.0910	0.0913	0.0909	0.0909	0.0894	0.0958	0.1094	0.1186	0.0915	0.0914	0.0908	0.0909	0.0903	0.0954	0.1034	0.1257	0.0918	0.0915	0.0915	0.0909	0.0909	0.0963	0.1042	0.1155	0.0916	0.0918	0.0914	0.0908	0.0886	0.0944	0.1025	0.1134	0.0911	0.0917	0.0916	0.0911	0.0898	0.0951	0.1019	0.1128	0.0932	0.0929	0.0931	0.0909	0.0889	0.0917	0.0979	0.1125	
0.0921	0.0919	0.0916	0.0918	0.0906	0.0929	0.1028	0.1349	0.0919	0.0917	0.0904	0.0909	0.0910	0.0990	0.1082	0.1252	0.0918	0.0912	0.0907	0.0913	0.0905	0.0961	0.1058	0.1161	0.0918	0.0918	0.0913	0.0907	0.0904	0.0954	0.1039	0.1220	0.0919	0.0920	0.0911	0.0913	0.0909	0.0959	0.1044	0.1157	0.0922	0.0921	0.0914	0.0910	0.0895	0.0956	0.1031	0.1142	0.0911	0.0921	0.0916	0.0913	0.0910	0.0943	0.1012	0.1134	0.0927	0.0928	0.0928	0.0913	0.0902	0.0916	0.0976	0.1135	
0.0913	0.0916	0.0918	0.0917	0.0930	0.0936	0.1027	0.1155	0.0920	0.0917	0.0904	0.0905	0.0939	0.1008	0.1106	0.1257	0.0916	0.0913	0.0905	0.0909	0.0930	0.0970	0.1069	0.1193	0.0917	0.0916	0.0912	0.0905	0.0928	0.0983	0.1054	0.1261	0.0922	0.0919	0.0910	0.0912	0.0930	0.0960	0.1056	0.1156	0.0919	0.0917	0.0911	0.0904	0.0921	0.0984	0.1066	0.1141	0.0909	0.0918	0.0915	0.0913	0.0935	0.0940	0.1012	0.1127	0.0931	0.0928	0.0928	0.0906	0.0933	0.0961	0.1006	0.1174	
0.0924	0.0921	0.0919	0.0920	0.0881	0.0910	0.0989	0.1135	0.0922	0.0922	0.0905	0.0907	0.0863	0.0935	0.1024	0.1170	0.0917	0.0920	0.0910	0.0914	0.0867	0.0926	0.1024	0.1119	0.0917	0.0920	0.0914	0.0911	0.0863	0.0905	0.1027	0.1164	0.0925	0.0920	0.0916	0.0914	0.0869	0.0924	0.1018	0.1114	0.0922	0.0923	0.0918	0.0912	0.0851	0.0899	0.0983	0.1077	0.0913	0.0922	0.0920	0.0913	0.0871	0.0913	0.0985	0.1091	0.0932	0.0929	0.0930	0.0913	0.0856	0.0868	0.0913	0.1070	
0.0929	0.0924	0.0923	0.0922	0.0906	0.0930	0.1009	0.1302	0.0926	0.0924	0.0909	0.0911	0.0903	0.0983	0.1072	0.1216	0.0916	0.0921	0.0912	0.0914	0.0903	0.0951	0.1038	0.1147	0.0926	0.0922	0.0917	0.0907	0.0897	0.0944	0.1012	0.1195	0.0931	0.0924	0.0920	0.0920	0.0908	0.0942	0.1031	0.1138	0.0927	0.0934	0.0917	0.0914	0.0896	0.0943	0.1024	0.1107	0.0919	0.0932	0.0924	0.0925	0.0907	0.0946	0.0998	0.1116	0.0937	0.0941	0.0939	0.0919	0.0895	0.0930	0.0974	0.1105	
0.0930	0.0928	0.0922	0.0928	0.0922	0.0930	0.1018	0.1302	0.0930	0.0928	0.0916	0.0909	0.0919	0.0985	0.1089	0.1269	0.0922	0.0921	0.0914	0.0916	0.0927	0.0955	0.1040	0.1154	0.0927	0.0926	0.0919	0.0911	0.0913	0.0960	0.1029	0.1259	0.0925	0.0923	0.0918	0.0917	0.0928	0.0941	0.1030	0.1119	0.0925	0.0926	0.0915	0.0913	0.0904	0.0956	0.1028	0.1126	0.0921	0.0924	0.0919	0.0919	0.0932	0.0936	0.1004	0.1111	0.0932	0.0935	0.0932	0.0908	0.0918	0.0942	0.0977	0.1142	
0.0935	0.0925	0.0926	0.0927	0.0893	0.0922	0.1004	0.1304	0.0937	0.0930	0.0912	0.0913	0.0876	0.0946	0.1037	0.1191	0.0926	0.0926	0.0910	0.0913	0.0885	0.0945	0.1050	0.1140	0.0929	0.0928	0.0919	0.0910	0.0887	0.0926	0.0984	0.1187	0.0936	0.0924	0.0922	0.0919	0.0891	0.0939	0.1020	0.1106	0.0926	0.0929	0.0919	0.0906	0.0880	0.0923	0.0994	0.1092	0.0926	0.0923	0.0921	0.0919	0.0885	0.0926	0.0996	0.1101	0.0940	0.0939	0.0934	0.0911	0.0882	0.0903	0.0944	0.1093	
0.0937	0.0932	0.0927	0.0930	0.0908	0.0936	0.1015	0.1276	0.0945	0.0932	0.0913	0.0914	0.0912	0.0980	0.1065	0.1210	0.0929	0.0926	0.0918	0.0917	0.0909	0.0959	0.1033	0.1175	0.0931	0.0925	0.0917	0.0909	0.0908	0.0951	0.1007	0.1240	0.0934	0.0931	0.0921	0.0919	0.0907	0.0950	0.1025	0.1113	0.0929	0.0932	0.0925	0.0914	0.0893	0.0946	0.1016	0.1140	0.0924	0.0928	0.0921	0.0919	0.0908	0.0941	0.0995	0.1124	0.0940	0.0945	0.0933	0.0909	0.0903	0.0917	0.0972	0.1105	
0.0941	0.0935	0.0931	0.0933	0.0901	0.0913	0.0985	0.1325	0.0940	0.0937	0.0918	0.0915	0.0883	0.0948	0.1047	0.1181	0.0928	0.0925	0.0916	0.0920	0.0908	0.0917	0.1048	0.1129	0.0934	0.0928	0.0921	0.0912	0.0882	0.0926	0.0993	0.1179	0.0936	0.0927	0.0919	0.0917	0.0909	0.0912	0.0996	0.1086	0.0940	0.0931	0.0922	0.0913	0.0873	0.0913	0.0987	0.1078	0.0925	0.0927	0.0925	0.0918	0.0909	0.0905	0.0972	0.1072	0.0939	0.0941	0.0933	0.0918	0.0874	0.0898	0.0934	0.1095	
0.0946	0.0937	0.0933	0.0937	0.0897	0.0912	0.0986	0.1229	0.0949	0.0940	0.0920	0.0914	0.0872	0.0950	0.1030	0.1172	0.0934	0.0929	0.0917	0.0915	0.0868	0.0930	0.1011	0.1100	0.0938	0.0931	0.0921	0.0916	0.0875	0.0912	0.0963	0.1221	0.0938	0.0933	0.0927	0.0918	0.0880	0.0928	0.1018	0.1104	0.0937	0.0935	0.0928	0.0914	0.0867	0.0894	0.0975	0.1067	0.0929	0.0929	0.0925	0.0919	0.0876	0.0927	0.0991	0.1109	0.0948	0.0941	0.0935	0.0914	0.0866	0.0882	0.0927	0.1055	
0.0952	0.0945	0.0942	0.0937	0.0921	0.0931	0.1005	0.1168	0.0952	0.0940	0.0925	0.0922	0.0921	0.0977	0.1069	0.1213	0.0939	0.0930	0.0922	0.0920	0.0916	0.0940	0.1087	0.1196	0.0944	0.0935	0.0927	0.0918	0.0907	0.0943	0.0995	0.1253	0.0945	0.0938	0.0923	0.0920	0.0917	0.0950	0.1030	0.1112	0.0941	0.0940	0.0928	0.0917	0.0900	0.0947	0.1021	0.1080	0.0934	0.0934	0.0930	0.0923	0.0919	0.0931	0.0993	0.1105	0.0952	0.0943	0.0937	0.0910	0.0913	0.0931	0.0970	0.1104	
0.0953	0.0947	0.0939	0.0944	0.0921	0.0930	0.0995	0.1158	0.0959	0.0946	0.0924	0.0919	0.0902	0.0953	0.1044	0.1196	0.0944	0.0930	0.0922	0.0921	0.0917	0.0931	0.1018	0.1146	0.0946	0.0935	0.0931	0.0914	0.0896	0.0930	0.0997	0.1217	0.0947	0.0937	0.0926	0.0921	0.0917	0.0922	0.1013	0.1089	0.0950	0.0938	0.0928	0.0914	0.0891	0.0971	0.0997	0.1114	0.0935	0.0932	0.0932	0.0917	0.0922	0.0917	0.0972	0.1082	0.0954	0.0947	0.0940	0.0914	0.0902	0.0918	0.0955	0.1109	
0.0955	0.0947	0.0947	0.0943	0.0910	0.0924	0.1000	0.1337	0.0961	0.0947	0.0926	0.0918	0.0891	0.0958	0.1037	0.1423	0.0945	0.0930	0.0925	0.0926	0.0886	0.0939	0.1007	0.1122	0.0947	0.0942	0.0929	0.0914	0.0886	0.0919	0.0984	0.1155	0.0949	0.0941	0.0926	0.0922	0.0889	0.0942	0.1020	0.1149	0.0945	0.0942	0.0924	0.0913	0.0875	0.0939	0.0974	0.1070	0.0936	0.0939	0.0922	0.0919	0.0885	0.0921	0.0977	0.1100	0.0948	0.0946	0.0933	0.0911	0.0882	0.0902	0.0934	0.1085	
0.0971	0.0954	0.0949	0.0949	0.0928	0.0940	0.1007	0.1333	0.0974	0.0953	0.0930	0.0925	0.0914	0.0979	0.1064	0.1214	0.0955	0.0941	0.0934	0.0924	0.0913	0.0948	0.1013	0.1100	0.0958	0.0941	0.0933	0.0916	0.0911	0.0951	0.1008	0.1238	0.0957	0.0944	0.0931	0.0926	0.0923	0.0938	0.1022	0.1102	0.0953	0.0947	0.0932	0.0920	0.0901	0.0936	0.1011	0.1083	0.0944	0.0936	0.0934	0.0923	0.0924	0.0932	0.0993	0.1091	0.0963	0.0946	0.0940	0.0915	0.0909	0.0924	0.0959	0.1120	
0.0980	0.0957	0.0953	0.0954	0.0909	0.0915	0.0991	0.1218	0.0980	0.0959	0.0935	0.0926	0.0894	0.0956	0.1030	0.1169	0.0961	0.0944	0.0933	0.0925	0.0904	0.0912	0.1000	0.1171	0.0964	0.0948	0.0936	0.0918	0.0887	0.0916	0.0975	0.1256	0.0956	0.0948	0.0932	0.0929	0.0909	0.0903	0.0986	0.1057	0.0955	0.0952	0.0930	0.0924	0.0880	0.0910	0.0971	0.1080	0.0947	0.0941	0.0935	0.0921	0.0911	0.0896	0.0953	0.1055	0.0964	0.0948	0.0941	0.0913	0.0882	0.0905	0.0931	0.1073	
0.0986	0.0966	0.0962	0.0962	0.0884	0.0889	0.0965	0.1313	0.0985	0.0963	0.0942	0.0930	0.0861	0.0914	0.1000	0.1125	0.0972	0.0945	0.0934	0.0927	0.0874	0.0872	0.0988	0.1062	0.0965	0.0952	0.0939	0.0918	0.0861	0.0876	0.0943	0.1152	0.0960	0.0951	0.0934	0.0923	0.0860	0.0886	0.0955	0.1027	0.0959	0.0950	0.0934	0.0912	0.0851	0.0868	0.0941	0.1025	0.0946	0.0939	0.0935	0.0923	0.0864	0.0866	0.0933	0.1019	0.0962	0.0951	0.0939	0.0912	0.0840	0.0859	0.0891	0.1030	
0.1000	0.0976	0.0965	0.0964	0.0900	0.0901	0.0977	0.1342	0.1001	0.0967	0.0948	0.0932	0.0862	0.0911	0.0992	0.1134	0.0978	0.0953	0.0936	0.0930	0.0864	0.0903	0.1003	0.1137	0.0979	0.0956	0.0942	0.0920	0.0862	0.0891	0.0938	0.1172	0.0970	0.0952	0.0937	0.0926	0.0869	0.0902	0.0981	0.1057	0.0964	0.0955	0.0936	0.0920	0.0841	0.0876	0.0945	0.1029	0.0952	0.0948	0.0932	0.0925	0.0856	0.0892	0.0955	0.1088	0.0971	0.0956	0.0942	0.0918	0.0850	0.0854	0.0885	0.1029	
0.1007	0.0986	0.0974	0.0971	0.0898	0.0917	0.0974	0.1170	0.1007	0.0974	0.0952	0.0934	0.0857	0.0908	0.0987	0.1104	0.0992	0.0958	0.0942	0.0929	0.0850	0.0897	0.0995	0.1151	0.0988	0.0962	0.0945	0.0919	0.0853	0.0873	0.0928	0.1170	0.0973	0.0956	0.0935	0.0930	0.0855	0.0903	0.0972	0.1049	0.0965	0.0955	0.0938	0.0922	0.0845	0.0874	0.0956	0.1065	0.0959	0.0946	0.0934	0.0924	0.0856	0.0888	0.0949	0.1049	0.0979	0.0962	0.0947	0.0922	0.0837	0.0852	0.0897	0.1019	
0.1024	0.0992	0.0978	0.0976	0.0905	0.0907	0.0975	0.1126	0.1016	0.0982	0.0959	0.0939	0.0860	0.0906	0.0994	0.1118	0.0992	0.0963	0.0947	0.0931	0.0868	0.0898	0.0976	0.1081	0.0993	0.0964	0.0945	0.0918	0.0864	0.0882	0.0938	0.1157	0.0977	0.0957	0.0938	0.0928	0.0860	0.0907	0.0972	0.1053	0.0977	0.0959	0.0937	0.0919	0.0854	0.0886	0.0953	0.1016	0.0959	0.0953	0.0933	0.0922	0.0859	0.0894	0.0945	0.1052	0.0981	0.0958	0.0943	0.0918	0.0861	0.0854	0.0902	0.1038	
0.1034	0.1002	0.0987	0.0984	0.0920	0.0916	0.0982	0.1112	0.1037	0.0988	0.0966	0.0942	0.0867	0.0926	0.1006	0.1129	0.1004	0.0970	0.0949	0.0930	0.0864	0.0906	0.1178	0.1239	0.0997	0.0969	0.0949	0.0919	0.0870	0.0888	0.0966	0.1130	0.0986	0.0959	0.0943	0.0926	0.0882	0.0912	0.0981	0.1082	0.0980	0.0965	0.0940	0.0922	0.0857	0.0888	0.0945	0.1043	0.0962	0.0954	0.0935	0.0924	0.0877	0.0903	0.0967	0.1052	0.0983	0.0965	0.0947	0.0912	0.0851	0.0871	0.0894	0.1038	
0.1050	0.1004	0.0996	0.0993	0.0931	0.0929	0.1000	0.1186	0.1043	0.1003	0.0967	0.0947	0.0888	0.0947	0.1017	0.1142	0.1020	0.0976	0.0950	0.0939	0.0886	0.0921	0.0984	0.1079	0.1009	0.0967	0.0952	0.0920	0.0889	0.0919	0.0949	0.1164	0.1002	0.0963	0.0940	0.0922	0.0895	0.0924	0.0993	0.1073	0.0990	0.0965	0.0942	0.0920	0.0856	0.0892	0.0967	0.1041	0.0968	0.0957	0.0937	0.0922	0.0878	0.0913	0.0968	0.1068	0.0986	0.0966	0.0944	0.0913	0.0884	0.0890	0.0920	0.1066	
0.1068	0.1021	0.1004	0.0998	0.0949	0.0944	0.1022	0.1319	0.1069	0.1010	0.0981	0.0947	0.0910	0.0961	0.1036	0.1160	0.1030	0.0976	0.0959	0.0937	0.0910	0.0932	0.1002	0.1322	0.1016	0.0975	0.0952	0.0922	0.0902	0.0931	0.0973	0.1201	0.1005	0.0969	0.0945	0.0926	0.0914	0.0927	0.1015	0.1076	0.0991	0.0974	0.0944	0.0918	0.0893	0.0927	0.0984	0.1048	0.0971	0.0956	0.0936	0.0918	0.0907	0.0925	0.0980	0.1073	0.0995	0.0963	0.0943	0.0916	0.0899	0.0912	0.0965	0.1080	
0.1084	0.1033	0.1014	0.1009	0.0963	0.0956	0.1019	0.1305	0.1075	0.1019	0.0988	0.0951	0.0926	0.0976	0.1076	0.1170	0.1041	0.0985	0.0961	0.0937	0.0920	0.0932	0.1059	0.1109	0.1033	0.0987	0.0959	0.0920	0.0915	0.0935	0.0979	0.1189	0.1020	0.0972	0.0945	0.0930	0.0920	0.0936	0.1011	0.1078	0.1002	0.0978	0.0944	0.0922	0.0903	0.0928	0.0989	0.1076	0.0977	0.0960	0.0934	0.0921	0.0922	0.0913	0.0972	0.1068	0.0998	0.0970	0.0939	0.0918	0.0907	0.0911	0.0955	0.1080	
0.1115	0.1048	0.1031	0.1017	0.0972	0.0956	0.1024	0.1299	0.1111	0.1031	0.0991	0.0957	0.0927	0.0968	0.1080	0.1161	0.1057	0.0996	0.0964	0.0936	0.0905	0.0930	0.1024	0.1108	0.1049	0.0992	0.0961	0.0921	0.0910	0.0935	0.0979	0.1183	0.1028	0.0979	0.0954	0.0926	0.0917	0.0923	0.1004	0.1075	0.1017	0.0979	0.0942	0.0914	0.0906	0.0934	0.1004	0.1089	0.0993	0.0969	0.0941	0.0921	0.0908	0.0930	0.0986	0.1072	0.1003	0.0979	0.0943	0.0920	0.0895	0.0919	0.0953	0.1135	
0.1137	0.1055	0.1039	0.1021	0.0962	0.0942	0.1004	0.1324	0.1128	0.1040	0.1000	0.0959	0.0922	0.0971	0.1050	0.1162	0.1074	0.0997	0.0973	0.0946	0.0910	0.0919	0.1007	0.1142	0.1056	0.0995	0.0972	0.0924	0.0908	0.0928	0.0986	0.1214	0.1030	0.0984	0.0950	0.0926	0.0908	0.0916	0.0988	0.1073	0.1019	0.0983	0.0946	0.0916	0.0896	0.0936	0.1010	0.1047	0.0990	0.0964	0.0940	0.0924	0.0900	0.0904	0.0955	0.1061	0.1006	0.0971	0.0943	0.0917	0.0904	0.0912	0.0950	0.1083	
0.1170	0.1079	0.1050	0.1038	0.0968	0.0940	0.0999	0.1144	0.1155	0.1060	0.1012	0.0966	0.0893	0.0943	0.1017	0.1138	0.1096	0.1010	0.0984	0.0945	0.0910	0.0897	0.1301	0.1312	0.1074	0.0999	0.0970	0.0923	0.0886	0.0915	0.1013	0.1180	0.1042	0.0985	0.0952	0.0930	0.0905	0.0897	0.0986	0.1028	0.1027	0.0989	0.0947	0.0917	0.0887	0.0914	0.0975	0.1064	0.1001	0.0972	0.0942	0.0925	0.0912	0.0892	0.0949	0.1042	0.1012	0.0980	0.0951	0.0915	0.0883	0.0913	0.0937	0.1069	
0.1201	0.1098	0.1076	0.1055	0.0974	0.0951	0.1003	0.1112	0.1166	0.1070	0.1025	0.0974	0.0889	0.0936	0.1010	0.1133	0.1114	0.1020	0.0991	0.0946	0.0885	0.0919	0.1123	0.1271	0.1088	0.1006	0.0972	0.0928	0.0881	0.0892	0.0955	0.1128	0.1057	0.0994	0.0959	0.0933	0.0891	0.0914	0.0994	0.1060	0.1037	0.0997	0.0948	0.0921	0.0873	0.0890	0.0958	0.1038	0.1005	0.0977	0.0943	0.0920	0.0881	0.0904	0.0965	0.1057	0.1022	0.0978	0.0949	0.0921	0.0873	0.0875	0.0920	0.1051	
0.1244	0.1118	0.1089	0.1071	0.0995	0.0968	0.1028	0.1167	0.1212	0.1095	0.1041	0.0977	0.0917	0.0962	0.1035	0.1167	0.1137	0.1037	0.1000	0.0943	0.0912	0.0924	0.1008	0.1218	0.1115	0.1020	0.0978	0.0928	0.0901	0.0923	0.0953	0.1179	0.1076	0.1002	0.0958	0.0928	0.0904	0.0924	0.0995	0.1103	0.1047	0.1001	0.0946	0.0924	0.0891	0.0924	0.0987	0.1040	0.1012	0.0974	0.0941	0.0919	0.0908	0.0926	0.0977	0.1053	0.1029	0.0979	0.0951	0.0915	0.0897	0.0911	0.0967	0.1099	
0.1286	0.1142	0.1104	0.1074	0.1022	0.0980	0.1042	0.1387	0.1240	0.1107	0.1043	0.0977	0.0955	0.0995	0.1099	0.1217	0.1164	0.1041	0.1001	0.0949	0.0942	0.0941	0.1010	0.1155	0.1126	0.1019	0.0982	0.0919	0.0933	0.0963	0.1054	0.1211	0.1086	0.1009	0.0962	0.0931	0.0952	0.0935	0.1006	0.1086	0.1061	0.1000	0.0952	0.0919	0.0922	0.0956	0.1060	0.1068	0.1026	0.0982	0.0948	0.0920	0.0947	0.0927	0.0999	0.1064	0.1031	0.0981	0.0949	0.0912	0.0932	0.0959	0.0982	0.1118	
0.1321	0.1158	0.1117	0.1095	0.0976	0.0952	0.1008	0.1421	0.1279	0.1128	0.1065	0.0988	0.0872	0.0910	0.0990	0.1114	0.1180	0.1049	0.1000	0.0949	0.0868	0.0905	0.1015	0.1081	0.1139	0.1031	0.0987	0.0921	0.0867	0.0886	0.0951	0.1121	0.1103	0.1011	0.0961	0.0931	0.0870	0.0901	0.0978	0.1050	0.1068	0.1004	0.0951	0.0915	0.0854	0.0885	0.0945	0.1134	0.1029	0.0987	0.0941	0.0923	0.0869	0.0899	0.0955	0.1060	0.1033	0.0987	0.0943	0.0917	0.0865	0.0869	0.0897	0.1037	
0.1388	0.1195	0.1151	0.1119	0.1019	0.0981	0.1045	0.1305	0.1333	0.1154	0.1077	0.0995	0.0919	0.0956	0.1040	0.1146	0.1212	0.1065	0.1015	0.0955	0.0905	0.0924	0.1031	0.1141	0.1172	0.1038	0.0996	0.0923	0.0902	0.0920	0.0969	0.1197	0.1116	0.1020	0.0965	0.0934	0.0909	0.0927	0.0990	0.1083	0.1082	0.1014	0.0952	0.0919	0.0893	0.0913	0.0976	0.1053	0.1046	0.0987	0.0946	0.0921	0.0898	0.0912	0.0961	0.1061	0.1045	0.0992	0.0953	0.0920	0.0901	0.0913	0.0940	0.1065	
0.1430	0.1224	0.1173	0.1144	0.1046	0.0996	0.1063	0.1343	0.1382	0.1174	0.1102	0.1004	0.0964	0.1001	0.1080	0.1192	0.1239	0.1079	0.1025	0.0955	0.0948	0.0943	0.1011	0.1092	0.1198	0.1051	0.0995	0.0934	0.0932	0.0966	0.1003	0.1212	0.1145	0.1033	0.0971	0.0932	0.0949	0.0944	0.1003	0.1107	0.1093	0.1021	0.0954	0.0923	0.0924	0.0957	0.1027	0.1074	0.1048	0.1001	0.0944	0.0923	0.0952	0.0923	0.0981	0.1065	0.1052	0.0990	0.0954	0.0912	0.0938	0.0949	0.0974	0.1089	
0.1508	0.1250	0.1203	0.1153	0.1006	0.0948	0.1012	0.1173	0.1445	0.1193	0.1116	0.1007	0.0862	0.0892	0.0962	0.1070	0.1280	0.1089	0.1033	0.0952	0.0851	0.0880	0.1017	0.1079	0.1218	0.1061	0.1003	0.0938	0.0849	0.0856	0.0909	0.1148	0.1162	0.1036	0.0968	0.0933	0.0859	0.0881	0.0948	0.1027	0.1108	0.1024	0.0955	0.0917	0.0833	0.0855	0.0947	0.0981	0.1051	0.0997	0.0940	0.0922	0.0853	0.0875	0.0925	0.1053	0.1056	0.0998	0.0947	0.0918	0.0841	0.0844	0.0869	0.1008	
0.1597	0.1302	0.1225	0.1184	0.1045	0.0987	0.1039	0.1319	0.1498	0.1229	0.1137	0.1018	0.0909	0.0944	0.1015	0.1155	0.1320	0.1106	0.1045	0.0952	0.0892	0.0909	0.1217	0.1311	0.1253	0.1076	0.1014	0.0931	0.0893	0.0914	0.0954	0.1135	0.1180	0.1037	0.0969	0.0929	0.0897	0.0909	0.0984	0.1051	0.1124	0.1026	0.0961	0.0917	0.0879	0.0897	0.0972	0.1081	0.1064	0.1001	0.0949	0.0920	0.0889	0.0905	0.0964	0.1040	0.1061	0.1000	0.0950	0.0915	0.0884	0.0893	0.0924	0.1052	
0.1682	0.1325	0.1258	0.1213	0.1069	0.1006	0.1049	0.1160	0.1565	0.1261	0.1156	0.1031	0.0920	0.0954	0.1023	0.1135	0.1356	0.1132	0.1055	0.0960	0.0899	0.0920	0.0978	0.1116	0.1284	0.1078	0.1013	0.0928	0.0903	0.0916	0.0956	0.1142	0.1207	0.1051	0.0981	0.0931	0.0910	0.0912	0.0982	0.1041	0.1141	0.1041	0.0962	0.0914	0.0895	0.0950	0.0975	0.1108	0.1075	0.1005	0.0949	0.0923	0.0902	0.0919	0.0964	0.1043	0.1076	0.1008	0.0949	0.0917	0.0893	0.0908	0.0939	0.1064	
0.1761	0.1388	0.1300	0.1236	0.1089	0.1017	0.1058	0.1155	0.1654	0.1301	0.1183	0.1033	0.0938	0.0971	0.1040	0.1144	0.1407	0.1143	0.1067	0.0961	0.0920	0.0921	0.1057	0.1326	0.1321	0.1091	0.1019	0.0926	0.0907	0.0913	0.1128	0.1149	0.1227	0.1060	0.0985	0.0928	0.0913	0.0916	0.0988	0.1044	0.1144	0.1038	0.0961	0.0917	0.0900	0.0923	0.0987	0.1132	0.1088	0.1011	0.0945	0.0921	0.0913	0.0909	0.0974	0.1049	0.1082	0.1003	0.0943	0.0922	0.0908	0.0915	0.0938	0.1064	
0.1884	0.1430	0.1336	0.1277	0.1113	0.1018	0.1075	0.1355	0.1717	0.1332	0.1209	0.1046	0.0952	0.0984	0.1076	0.1228	0.1458	0.1167	0.1083	0.0970	0.0934	0.0930	0.1142	0.1322	0.1365	0.1106	0.1029	0.0928	0.0923	0.0951	0.1047	0.1208	0.1256	0.1069	0.0980	0.0929	0.0932	0.0916	0.0983	0.1055	0.1179	0.1049	0.0962	0.0915	0.0913	0.0947	0.0997	0.1099	0.1108	0.1012	0.0946	0.0920	0.0933	0.0910	0.0967	0.1045	0.1090	0.1004	0.0950	0.0914	0.0924	0.0932	0.0968	0.1101	
0.2015	0.1488	0.1386	0.1303	0.1085	0.1001	0.1050	0.1395	0.1817	0.1375	0.1230	0.1051	0.0888	0.0911	0.0971	0.1089	0.1511	0.1185	0.1089	0.0964	0.0864	0.0882	0.0959	0.1036	0.1392	0.1112	0.1030	0.0927	0.0861	0.0865	0.0920	0.1098	0.1276	0.1076	0.0980	0.0928	0.0873	0.0882	0.0953	0.1021	0.1197	0.1056	0.0957	0.0912	0.0848	0.0862	0.0924	0.0988	0.1101	0.1013	0.0940	0.0923	0.0859	0.0880	0.0935	0.1021	0.1101	0.1008	0.0951	0.0915	0.0844	0.0855	0.0874	0.1004	
0.2149	0.1558	0.1439	0.1355	0.1124	0.1032	0.1084	0.1435	0.1921	0.1429	0.1275	0.1065	0.0902	0.0927	0.1006	0.1178	0.1573	0.1208	0.1105	0.0964	0.0880	0.0909	0.1040	0.1097	0.1447	0.1132	0.1044	0.0930	0.0884	0.0893	0.0935	0.1152	0.1319	0.1086	0.0993	0.0930	0.0887	0.0901	0.0980	0.1084	0.1222	0.1064	0.0967	0.0917	0.0869	0.0889	0.0950	0.1008	0.1119	0.1028	0.0944	0.0922	0.0877	0.0905	0.0950	0.1027	0.1107	0.1011	0.0951	0.0917	0.0873	0.0881	0.0906	0.1034	
0.2330	0.1627	0.1493	0.1388	0.1167	0.1055	0.1095	0.1293	0.2054	0.1474	0.1308	0.1072	0.0920	0.0952	0.1017	0.1136	0.1657	0.1236	0.1121	0.0970	0.0900	0.0914	0.0967	0.1093	0.1485	0.1145	0.1047	0.0925	0.0905	0.0913	0.0949	0.1144	0.1340	0.1089	0.0993	0.0928	0.0902	0.0914	0.1029	0.1072	0.1273	0.1068	0.0967	0.0917	0.0888	0.0898	0.0981	0.1025	0.1129	0.1024	0.0943	0.0922	0.0893	0.0908	0.0962	0.1048	0.1119	0.1016	0.0951	0.0918	0.0892	0.0908	0.0922	0.1041	
0.2527	0.1706	0.1557	0.1450	0.1192	0.1076	0.1119	0.1243	0.2173	0.1534	0.1356	0.1087	0.0936	0.0961	0.1075	0.1252	0.1708	0.1256	0.1138	0.0968	0.0913	0.0919	0.0994	0.1064	0.1546	0.1160	0.1053	0.0931	0.0904	0.0926	0.0949	0.1161	0.1378	0.1104	0.0996	0.0932	0.0915	0.0925	0.0986	0.1053	0.1259	0.1073	0.0965	0.0917	0.0898	0.0912	0.1011	0.1146	0.1143	0.1031	0.0948	0.0919	0.0914	0.0917	0.0968	0.1074	0.1127	0.1017	0.0949	0.0920	0.0896	0.0908	0.0930	0.1076	
0.2729	0.1799	0.1612	0.1482	0.1208	0.1067	0.1109	0.1425	0.2316	0.1597	0.1386	0.1102	0.0948	0.0967	0.1057	0.1183	0.1801	0.1292	0.1155	0.0974	0.0916	0.0915	0.1008	0.1090	0.1612	0.1181	0.1065	0.0932	0.0913	0.0927	0.0976	0.1176	0.1412	0.1113	0.1001	0.0929	0.0918	0.0903	0.0978	0.1042	0.1279	0.1076	0.0972	0.0915	0.0899	0.0925	0.1017	0.1066	0.1171	0.1038	0.0949	0.0919	0.0915	0.0901	0.0944	0.1032	0.1142	0.1014	0.0953	0.0921	0.0906	0.0921	0.0948	0.1064	
0.2940	0.1916	0.1709	0.1563	0.1262	0.1111	0.1138	0.1460	0.2479	0.1662	0.1433	0.1110	0.0969	0.0988	0.1062	0.1174	0.1876	0.1324	0.1177	0.0974	0.0945	0.0942	0.1287	0.1170	0.1672	0.1190	0.1069	0.0931	0.0942	0.0951	0.0999	0.1187	0.1451	0.1128	0.1004	0.0930	0.0946	0.0936	0.1013	0.1054	0.1319	0.1084	0.0975	0.0917	0.0932	0.0952	0.1015	0.1071	0.1186	0.1037	0.0942	0.0922	0.0948	0.0922	0.0973	0.1065	0.1154	0.1023	0.0948	0.0915	0.0932	0.0951	0.0963	0.1095	
0.3180	0.2027	0.1777	0.1623	0.1217	0.1040	0.1068	0.1199	0.2678	0.1744	0.1490	0.1129	0.0869	0.0881	0.0954	0.1053	0.1983	0.1359	0.1197	0.0980	0.0858	0.0850	0.1277	0.1268	0.1742	0.1220	0.1077	0.0932	0.0847	0.0849	0.0957	0.1063	0.1498	0.1145	0.1009	0.0935	0.0874	0.0856	0.0922	0.0975	0.1338	0.1097	0.0975	0.0919	0.0830	0.0841	0.0901	0.0968	0.1197	0.1057	0.0950	0.0917	0.0857	0.0846	0.0899	0.0984	0.1178	0.1024	0.0953	0.0913	0.0837	0.0845	0.0866	0.0973	
0.3480	0.2139	0.1864	0.1687	0.1307	0.1116	0.1142	0.1401	0.2884	0.1843	0.1546	0.1142	0.0924	0.0964	0.1099	0.1238	0.2068	0.1399	0.1207	0.0979	0.0896	0.0913	0.1005	0.1053	0.1794	0.1244	0.1091	0.0932	0.0896	0.0902	0.0942	0.1149	0.1542	0.1144	0.1013	0.0930	0.0897	0.0907	0.0971	0.1028	0.1371	0.1099	0.0974	0.0917	0.0878	0.0915	0.0964	0.1015	0.1218	0.1050	0.0946	0.0918	0.0882	0.0907	0.0953	0.1021	0.1186	0.1036	0.0954	0.0922	0.0891	0.0896	0.0917	0.1059	
0.3812	0.2271	0.1974	0.1756	0.1345	0.1117	0.1145	0.1399	0.3057	0.1910	0.1597	0.1157	0.0938	0.0965	0.1024	0.1134	0.2183	0.1441	0.1228	0.0976	0.0910	0.0908	0.0959	0.1069	0.1877	0.1256	0.1090	0.0930	0.0905	0.0917	0.0956	0.1166	0.1586	0.1160	0.1044	0.0926	0.0903	0.0906	0.0975	0.1032	0.1393	0.1114	0.0975	0.0916	0.0884	0.0918	0.0975	0.1014	0.1238	0.1051	0.0949	0.0917	0.0902	0.0892	0.0946	0.1029	0.1198	0.1026	0.0949	0.0909	0.0899	0.0911	0.0939	0.1092	
0.4152	0.2430	0.2096	0.1842	0.1332	0.1093	0.1120	0.1354	0.3321	0.2041	0.1671	0.1174	0.0877	0.0889	0.0947	0.1047	0.2283	0.1494	0.1272	0.0979	0.0858	0.0853	0.1134	0.1049	0.1968	0.1279	0.1102	0.0928	0.0851	0.0847	0.0921	0.1084	0.1640	0.1172	0.1018	0.0926	0.0860	0.0847	0.0918	0.0988	0.1422	0.1119	0.0977	0.0921	0.0834	0.0841	0.0923	0.0984	0.1242	0.1051	0.0944	0.0922	0.0857	0.0854	0.0900	0.0985	0.1212	0.1038	0.0953	0.0914	0.0838	0.0840	0.0860	0.0974	
0.4475	0.2578	0.2197	0.1962	0.1426	0.1178	0.1192	0.1282	0.3546	0.2136	0.1733	0.1190	0.0909	0.0933	0.0989	0.1101	0.2430	0.1535	0.1284	0.0988	0.0884	0.0901	0.0998	0.1093	0.2050	0.1306	0.1115	0.0926	0.0885	0.0888	0.0924	0.1191	0.1690	0.1191	0.1018	0.0932	0.0888	0.0898	0.0963	0.1031	0.1454	0.1128	0.0978	0.0913	0.0873	0.0883	0.0940	0.1049	0.1266	0.1069	0.0951	0.0926	0.0881	0.0900	0.0932	0.1036	0.1232	0.1031	0.0952	0.0911	0.0877	0.0880	0.0913	0.1023	
0.4850	0.2765	0.2344	0.2063	0.1517	0.1214	0.1227	0.1448	0.3803	0.2277	0.1800	0.1221	0.0953	0.0965	0.1025	0.1149	0.2558	0.1597	0.1319	0.0988	0.0909	0.0930	0.0987	0.1269	0.2135	0.1326	0.1117	0.0930	0.0914	0.0912	0.0966	0.1140	0.1748	0.1214	0.1022	0.0928	0.0919	0.0911	0.1007	0.1041	0.1490	0.1141	0.0973	0.0919	0.0899	0.0909	0.0971	0.1035	0.1279	0.1061	0.0948	0.0917	0.0906	0.0902	0.0953	0.1030	0.1251	0.1035	0.0951	0.0914	0.0912	0.0918	0.0945	0.1050	
0.5178	0.2972	0.2503	0.2170	0.1553	0.1239	0.1252	0.1355	0.4055	0.2405	0.1905	0.1232	0.0972	0.0991	0.1049	0.1148	0.2722	0.1648	0.1353	0.0989	0.0936	0.0925	0.0976	0.1059	0.2263	0.1358	0.1129	0.0932	0.0932	0.0946	0.0973	0.1205	0.1810	0.1225	0.1031	0.0933	0.0946	0.0927	0.0990	0.1058	0.1516	0.1140	0.0986	0.0916	0.0917	0.0954	0.1006	0.1053	0.1311	0.1078	0.0957	0.0920	0.0940	0.0913	0.0961	0.1045	0.1264	0.1033	0.0951	0.0921	0.0937	0.0948	0.0959	0.1086	
0.5520	0.3198	0.2658	0.2319	0.1534	0.1203	0.1191	0.1225	0.4328	0.2552	0.1981	0.1263	0.0874	0.0895	0.0953	0.1044	0.2870	0.1705	0.1368	0.0989	0.0869	0.0855	0.1208	0.1169	0.2340	0.1380	0.1142	0.0927	0.0860	0.0853	0.1001	0.1066	0.1875	0.1235	0.1033	0.0927	0.0871	0.0855	0.0918	0.0964	0.1564	0.1154	0.0981	0.0915	0.0850	0.0849	0.0917	0.0985	0.1336	0.1074	0.0945	0.0919	0.0874	0.0855	0.0902	0.0973	0.1285	0.1039	0.0951	0.0918	0.0851	0.0860	0.0890	0.0980	
0.5787	0.3444	0.2825	0.2439	0.1661	0.1273	0.1264	0.1442	0.4546	0.2712	0.2083	0.1282	0.0913	0.0925	0.0983	0.1088	0.2990	0.1783	0.1405	0.0986	0.0878	0.0902	0.1310	0.1371	0.2454	0.1410	0.1148	0.0928	0.0886	0.0875	0.1019	0.1096	0.1930	0.1261	0.1033	0.0930	0.0883	0.0902	0.0964	0.1067	0.1594	0.1161	0.0981	0.0918	0.0870	0.0879	0.0955	0.1025	0.1353	0.1075	0.0951	0.0915	0.0877	0.0898	0.0947	0.1116	0.1299	0.1033	0.0946	0.0911	0.0872	0.0879	0.0892	0.1065	
0.6108	0.3683	0.3040	0.2590	0.1739	0.1331	0.1300	0.1428	0.4843	0.2878	0.2164	0.1310	0.0941	0.0949	0.1033	0.1285	0.3157	0.1855	0.1447	0.0998	0.0898	0.0915	0.0980	0.1210	0.2568	0.1436	0.1155	0.0925	0.0899	0.0906	0.0972	0.1111	0.2009	0.1268	0.1035	0.0927	0.0903	0.0907	0.0971	0.1057	0.1633	0.1159	0.0977	0.0919	0.0888	0.0903	0.0976	0.1023	0.1366	0.1078	0.0945	0.0914	0.0901	0.0906	0.0947	0.1044	0.1323	0.1043	0.0945	0.0908	0.0893	0.0908	0.0909	0.1082	
0.6386	0.3960	0.3213	0.2723	0.1829	0.1366	0.1332	0.1573	0.5131	0.3056	0.2268	0.1346	0.0955	0.0954	0.1017	0.1102	0.3361	0.1938	0.1481	0.1000	0.0909	0.0917	0.1043	0.1059	0.2695	0.1493	0.1164	0.0929	0.0907	0.0923	0.0958	0.1128	0.2065	0.1295	0.1045	0.0925	0.0908	0.0907	0.0969	0.1070	0.1686	0.1178	0.0987	0.0919	0.0894	0.0905	0.0968	0.1035	0.1411	0.1082	0.0950	0.0918	0.0907	0.0908	0.0957	0.1043	0.1349	0.1047	0.0948	0.0916	0.0900	0.0908	0.0940	0.1061	
0.6633	0.4237	0.3464	0.2934	0.1891	0.1393	0.1423	0.1499	0.5415	0.3246	0.2405	0.1372	0.0978	0.0985	0.1052	0.1169	0.3494	0.2023	0.1532	0.0998	0.0933	0.0924	0.0991	0.1045	0.2820	0.1519	0.1182	0.0932	0.0929	0.0940	0.0961	0.1163	0.2161	0.1310	0.1050	0.0928	0.0927	0.0918	0.0970	0.1062	0.1738	0.1178	0.0988	0.0913	0.0918	0.0943	0.1007	0.1039	0.1437	0.1089	0.0949	0.0918	0.0933	0.0897	0.0963	0.1034	0.1364	0.1042	0.0949	0.0916	0.0930	0.0930	0.0965	0.1070	
0.6870	0.4551	0.3707	0.3108	0.1958	0.1406	0.1355	0.1638	0.5627	0.3434	0.2551	0.1399	0.0891	0.0895	0.0944	0.1043	0.3704	0.2110	0.1565	0.0997	0.0851	0.0868	0.0954	0.1079	0.2926	0.1550	0.1191	0.0929	0.0853	0.0840	0.0897	0.1087	0.2219	0.1341	0.1046	0.0929	0.0852	0.0872	0.0937	0.1028	0.1768	0.1194	0.0987	0.0919	0.0832	0.0839	0.0897	0.0953	0.1448	0.1088	0.0952	0.0922	0.0849	0.0874	0.0909	0.1017	0.1378	0.1051	0.0955	0.0917	0.0830	0.0851	0.0862	0.0978	
0.7070	0.4847	0.3964	0.3330	0.2104	0.1524	0.1443	0.1482	0.5896	0.3688	0.2688	0.1434	0.0943	0.0949	0.1001	0.1091	0.3855	0.2199	0.1616	0.1005	0.0904	0.0908	0.0985	0.1093	0.3061	0.1585	0.1199	0.0933	0.0896	0.0898	0.0932	0.1127	0.2296	0.1351	0.1042	0.0930	0.0903	0.0896	0.0958	0.1096	0.1821	0.1202	0.0986	0.0915	0.0878	0.0896	0.0946	0.1011	0.1472	0.1104	0.0951	0.0915	0.0900	0.0902	0.0959	0.1035	0.1399	0.1049	0.0950	0.0914	0.0888	0.0902	0.0915	0.1007	
0.7243	0.5180	0.4234	0.3567	0.2212	0.1535	0.1482	0.1489	0.6144	0.3910	0.2851	0.1477	0.0984	0.0984	0.1041	0.1220	0.4051	0.2306	0.1672	0.1005	0.0929	0.0920	0.1098	0.1147	0.3189	0.1637	0.1206	0.0929	0.0918	0.0939	0.0960	0.1152	0.2364	0.1369	0.1062	0.0925	0.0925	0.0906	0.0962	0.1028	0.1852	0.1215	0.0985	0.0917	0.0915	0.0948	0.0982	0.1038	0.1493	0.1096	0.0956	0.0916	0.0931	0.0903	0.0941	0.1041	0.1433	0.1044	0.0951	0.0915	0.0917	0.0934	0.0941	0.1068	
0.7379	0.5543	0.4554	0.3804	0.2338	0.1596	0.1499	0.1489	0.6380	0.4159	0.3003	0.1524	0.0930	0.0929	0.0978	0.1074	0.4207	0.2413	0.1719	0.1009	0.0891	0.0901	0.1227	0.1143	0.3329	0.1700	0.1223	0.0931	0.0874	0.0876	0.0974	0.1085	0.2463	0.1412	0.1061	0.0931	0.0884	0.0903	0.0958	0.1009	0.1909	0.1224	0.0989	0.0911	0.0866	0.0875	0.0930	0.0983	0.1529	0.1103	0.0952	0.0918	0.0885	0.0900	0.0951	0.1024	0.1460	0.1050	0.0950	0.0908	0.0869	0.0875	0.0891	0.0996	
0.7413	0.5872	0.4815	0.4031	0.2476	0.1655	0.1549	0.1527	0.6641	0.4402	0.3188	0.1556	0.0958	0.0960	0.1034	0.1171	0.4419	0.2547	0.1768	0.1017	0.0914	0.0912	0.0975	0.1041	0.3477	0.1730	0.1243	0.0933	0.0907	0.0911	0.0942	0.1155	0.2555	0.1430	0.1061	0.0926	0.0913	0.0900	0.0964	0.1017	0.1960	0.1235	0.0993	0.0913	0.0894	0.0908	0.0963	0.1016	0.1553	0.1111	0.0951	0.0916	0.0910	0.0897	0.0942	0.1016	0.1472	0.1054	0.0951	0.0911	0.0892	0.0909	0.0920	0.1022	
0.7482	0.6190	0.5163	0.4354	0.2502	0.1665	0.1550	0.1650	0.6845	0.4667	0.3376	0.1617	0.0925	0.0927	0.0976	0.1059	0.4624	0.2683	0.1833	0.1019	0.0891	0.0872	0.0955	0.1059	0.3599	0.1798	0.1261	0.0933	0.0875	0.0874	0.0913	0.1080	0.2636	0.1451	0.1072	0.0929	0.0899	0.0869	0.0938	0.1020	0.2008	0.1242	0.0992	0.0914	0.0868	0.0872	0.0925	0.0984	0.1587	0.1121	0.0953	0.0919	0.0888	0.0864	0.0916	0.0984	0.1495	0.1065	0.0952	0.0917	0.0867	0.0884	0.0897	0.0997	
0.7490	0.6472	0.5498	0.4628	0.2758	0.1791	0.1648	0.1583	0.7060	0.4942	0.3541	0.1639	0.0947	0.0948	0.0993	0.1090	0.4796	0.2842	0.1903	0.1020	0.0889	0.0903	0.0953	0.1061	0.3763	0.1858	0.1270	0.0957	0.0883	0.0880	0.0933	0.1138	0.2694	0.1489	0.1065	0.0931	0.0892	0.0897	0.0950	0.1067	0.2055	0.1257	0.0991	0.0916	0.0874	0.0879	0.0934	0.0989	0.1597	0.1117	0.0957	0.0917	0.0885	0.0892	0.0944	0.1068	0.1516	0.1061	0.0950	0.0917	0.0886	0.0893	0.0899	0.1004	
0.7527	0.6746	0.5803	0.4889	0.2906	0.1860	0.1707	0.1714	0.7234	0.5182	0.3759	0.1694	0.0983	0.0977	0.1033	0.1161	0.4991	0.2984	0.1976	0.1012	0.0918	0.0912	0.0998	0.1039	0.3903	0.1901	0.1284	0.0936	0.0910	0.0928	0.0962	0.1134	0.2808	0.1517	0.1076	0.0925	0.0909	0.0901	0.0956	0.1006	0.2099	0.1260	0.0992	0.0907	0.0903	0.0922	0.0977	0.1026	0.1632	0.1124	0.0949	0.0915	0.0916	0.0889	0.0934	0.1026	0.1532	0.1056	0.0951	0.0908	0.0917	0.0911	0.0940	0.1074	
0.7575	0.7049	0.6131	0.5161	0.3044	0.1904	0.1728	0.1608	0.7417	0.5443	0.3969	0.1748	0.0903	0.0903	0.0936	0.1038	0.5145	0.3116	0.2030	0.1021	0.0857	0.0870	0.0928	0.1045	0.4031	0.1965	0.1283	0.0935	0.0855	0.0844	0.0894	0.1054	0.2906	0.1538	0.1071	0.0923	0.0859	0.0869	0.0923	0.0984	0.2150	0.1263	0.0988	0.0911	0.0844	0.0841	0.0889	0.0969	0.1655	0.1120	0.0949	0.0918	0.0840	0.0867	0.0910	0.0998	0.1561	0.1055	0.0946	0.0912	0.0827	0.0838	0.0857	0.0954	
0.7582	0.7323	0.6446	0.5529	0.3330	0.2061	0.1854	0.1751	0.7520	0.5716	0.4199	0.1814	0.0962	0.0950	0.0994	0.1081	0.5351	0.3282	0.2132	0.1015	0.0901	0.0908	0.1237	0.1297	0.4180	0.2028	0.1307	0.0931	0.0900	0.0899	0.0929	0.1095	0.2995	0.1582	0.1082	0.0930	0.0900	0.0904	0.0956	0.1073	0.2181	0.1279	0.0991	0.0915	0.0885	0.0888	0.0936	0.1037	0.1686	0.1134	0.0953	0.0918	0.0890	0.0908	0.0941	0.1025	0.1583	0.1059	0.0948	0.0914	0.0892	0.0896	0.0910	0.1024	
0.7615	0.7618	0.6767	0.5788	0.3517	0.2162	0.1942	0.1786	0.7585	0.6006	0.4433	0.1874	0.0977	0.0958	0.1002	0.1101	0.5558	0.3457	0.2208	0.1020	0.0908	0.0911	0.0976	0.1036	0.4287	0.2099	0.1321	0.0932	0.0907	0.0908	0.0939	0.1110	0.3082	0.1605	0.1082	0.0923	0.0909	0.0909	0.0958	0.1035	0.2237	0.1288	0.0996	0.0920	0.0889	0.0888	0.0966	0.1005	0.1707	0.1131	0.0948	0.0914	0.0907	0.0902	0.0933	0.1035	0.1601	0.1061	0.0943	0.0912	0.0895	0.0910	0.0914	0.1025	
0.7634	0.7810	0.7047	0.6123	0.3715	0.2244	0.1970	0.1683	0.7597	0.6292	0.4657	0.1932	0.0984	0.0967	0.1016	0.1104	0.5707	0.3623	0.2280	0.1028	0.0916	0.0902	0.1085	0.1063	0.4447	0.2190	0.1317	0.0930	0.0902	0.0911	0.0968	0.1121	0.3146	0.1637	0.1076	0.0924	0.0912	0.0887	0.0943	0.0994	0.2286	0.1306	0.0992	0.0914	0.0901	0.0913	0.0967	0.1004	0.1732	0.1131	0.0954	0.0909	0.0913	0.0900	0.0930	0.1014	0.1620	0.1069	0.0945	0.0913	0.0902	0.0899	0.0928	0.1055	
0.7646	0.7953	0.7358	0.6469	0.3907	0.2306	0.2008	0.1683	0.7648	0.6500	0.4922	0.2002	0.0932	0.0917	0.0972	0.1063	0.5920	0.3824	0.2380	0.1020	0.0900	0.0872	0.1144	0.1069	0.4629	0.2266	0.1349	0.0928	0.0879	0.0872	0.0933	0.1089	0.3253	0.1682	0.1084	0.0928	0.0889	0.0865	0.0914	0.0967	0.2351	0.1318	0.0994	0.0915	0.0867	0.0867	0.0921	0.0991	0.1770	0.1133	0.0951	0.0914	0.0892	0.0859	0.0906	0.0981	0.1664	0.1066	0.0953	0.0919	0.0878	0.0890	0.0899	0.1013	
0.7702	0.8022	0.7680	0.6800	0.4156	0.2468	0.2158	0.1913	0.7678	0.6808	0.5205	0.2079	0.0960	0.0958	0.0993	0.1084	0.6061	0.4055	0.2484	0.1033	0.0892	0.0900	0.0960	0.1020	0.4742	0.2339	0.1369	0.0940	0.0886	0.0879	0.0988	0.1106	0.3314	0.1718	0.1087	0.0928	0.0892	0.0903	0.0948	0.1021	0.2381	0.1321	0.1002	0.0913	0.0874	0.0906	0.0932	0.1000	0.1806	0.1148	0.0946	0.0915	0.0888	0.0899	0.0951	0.1007	0.1679	0.1060	0.0948	0.0911	0.0877	0.0890	0.0892	0.1005	
0.7686	0.8008	0.7945	0.7113	0.4440	0.2642	0.2274	0.1998	0.7654	0.6991	0.5440	0.2154	0.0996	0.0970	0.1007	0.1102	0.6225	0.4212	0.2601	0.1035	0.0916	0.0908	0.0959	0.1051	0.4895	0.2426	0.1377	0.0932	0.0904	0.0914	0.0933	0.1154	0.3399	0.1759	0.1092	0.0928	0.0922	0.0904	0.0954	0.1069	0.2411	0.1344	0.0995	0.0910	0.0891	0.0904	0.0949	0.1006	0.1823	0.1147	0.0951	0.0917	0.0911	0.0903	0.0935	0.1020	0.1696	0.1066	0.0951	0.0911	0.0897	0.0903	0.0934	0.1030	
0.7726	0.8063	0.8119	0.7407	0.4597	0.2671	0.2296	0.1862	0.7688	0.7274	0.5698	0.2251	0.0940	0.0906	0.0942	0.1044	0.6355	0.4461	0.2700	0.1041	0.0879	0.0858	0.0924	0.1010	0.5054	0.2519	0.1406	0.0933	0.0867	0.0846	0.0898	0.1046	0.3450	0.1807	0.1095	0.0922	0.0891	0.0853	0.0904	0.1026	0.2467	0.1350	0.0994	0.0916	0.0843	0.0849	0.0898	0.0962	0.1853	0.1157	0.0951	0.0920	0.0873	0.0846	0.0881	0.0974	0.1711	0.1078	0.0950	0.0915	0.0848	0.0861	0.0878	0.0967	
0.7750	0.8051	0.8171	0.7752	0.4998	0.2900	0.2504	0.2236	0.7730	0.7487	0.5925	0.2344	0.0964	0.0936	0.0974	0.1086	0.6503	0.4645	0.2817	0.1038	0.0879	0.0896	0.1103	0.1203	0.5170	0.2614	0.1436	0.0932	0.0886	0.0882	0.0929	0.1076	0.3563	0.1870	0.1090	0.0929	0.0890	0.0890	0.0946	0.1053	0.2513	0.1362	0.0996	0.0909	0.0865	0.0870	0.0944	0.0988	0.1878	0.1160	0.0953	0.0918	0.0879	0.0893	0.0916	0.1004	0.1737	0.1071	0.0946	0.0906	0.0874	0.0880	0.0888	0.0981	
0.7777	0.8092	0.8208	0.8052	0.5211	0.3110	0.2643	0.2141	0.7698	0.7705	0.6194	0.2437	0.0987	0.0957	0.0999	0.1096	0.6574	0.4900	0.2957	0.1044	0.0912	0.0909	0.0961	0.1081	0.5298	0.2740	0.1444	0.0931	0.0895	0.0900	0.0954	0.1098	0.3636	0.1903	0.1104	0.0929	0.0905	0.0908	0.0947	0.1009	0.2539	0.1386	0.0997	0.0916	0.0880	0.0902	0.0945	0.1008	0.1899	0.1152	0.0954	0.0916	0.0899	0.0903	0.0926	0.1019	0.1755	0.1078	0.0948	0.0913	0.0893	0.0904	0.0922	0.1036	
0.7816	0.8103	0.8253	0.8269	0.5571	0.3273	0.2766	0.2496	0.7752	0.7866	0.6473	0.2550	0.1000	0.0966	0.1004	0.1185	0.6654	0.5062	0.3087	0.1044	0.0911	0.0910	0.0952	0.1038	0.5471	0.2833	0.1458	0.0928	0.0904	0.0903	0.0944	0.1170	0.3717	0.1947	0.1099	0.0931	0.0907	0.0899	0.0952	0.1073	0.2581	0.1409	0.1001	0.0915	0.0894	0.0895	0.0958	0.0990	0.1943	0.1167	0.0956	0.0920	0.0904	0.0903	0.0942	0.1004	0.1772	0.1070	0.0949	0.0919	0.0891	0.0909	0.0923	0.1013	
0.7834	0.8126	0.8259	0.8314	0.5852	0.3420	0.2883	0.2232	0.7755	0.7967	0.6704	0.2631	0.1011	0.0963	0.1007	0.1105	0.6728	0.5324	0.3221	0.1038	0.0917	0.0900	0.0944	0.1023	0.5553	0.2941	0.1481	0.0931	0.0901	0.0900	0.0941	0.1120	0.3799	0.1999	0.1097	0.0922	0.0913	0.0906	0.0944	0.1038	0.2603	0.1406	0.1000	0.0914	0.0890	0.0893	0.0947	0.1017	0.1949	0.1167	0.0944	0.0909	0.0904	0.0904	0.0927	0.1012	0.1787	0.1077	0.0941	0.0906	0.0893	0.0900	0.0917	0.1013	
0.7834	0.8157	0.8289	0.8351	0.6117	0.3626	0.3048	0.2332	0.7739	0.7972	0.6959	0.2760	0.1023	0.0973	0.1016	0.1096	0.6738	0.5564	0.3356	0.1054	0.0927	0.0909	0.1024	0.1076	0.5645	0.3070	0.1501	0.0932	0.0913	0.0910	0.0957	0.1109	0.3881	0.2073	0.1114	0.0932	0.0921	0.0904	0.0951	0.1012	0.2653	0.1422	0.1005	0.0913	0.0897	0.0903	0.0953	0.1011	0.1981	0.1183	0.0946	0.0911	0.0925	0.0902	0.0933	0.1012	0.1809	0.1071	0.0944	0.0918	0.0905	0.0915	0.0934	0.1034	
0.7873	0.8183	0.8275	0.8392	0.6335	0.3805	0.3151	0.2545	0.7759	0.8041	0.7175	0.2892	0.1013	0.0965	0.1007	0.1092	0.6760	0.5787	0.3522	0.1051	0.0937	0.0912	0.0935	0.1022	0.5751	0.3189	0.1526	0.0934	0.0908	0.0915	0.0943	0.1128	0.4005	0.2116	0.1108	0.0925	0.0931	0.0898	0.0949	0.0997	0.2697	0.1450	0.1001	0.0914	0.0914	0.0925	0.0953	0.1049	0.1999	0.1174	0.0949	0.0920	0.0928	0.0899	0.0926	0.1004	0.1828	0.1081	0.0948	0.0909	0.0918	0.0932	0.0928	0.1040	
0.7883	0.8180	0.8322	0.8389	0.6688	0.4061	0.3388	0.2795	0.7791	0.8055	0.7403	0.3024	0.0983	0.0934	0.0982	0.1050	0.6720	0.5993	0.3662	0.1061	0.0887	0.0911	0.0943	0.1123	0.5943	0.3323	0.1537	0.0936	0.0884	0.0881	0.0911	0.1098	0.4048	0.2172	0.1120	0.0928	0.0889	0.0900	0.0943	0.1035	0.2730	0.1456	0.1007	0.0916	0.0879	0.0879	0.0928	0.0978	0.2018	0.1182	0.0953	0.0915	0.0889	0.0888	0.0925	0.0998	0.1840	0.1078	0.0948	0.0908	0.0876	0.0879	0.0891	0.0976	
0.7902	0.8187	0.8296	0.8411	0.6846	0.4218	0.3515	0.2748	0.7794	0.8053	0.7619	0.3142	0.1013	0.0970	0.1018	0.1087	0.6759	0.6233	0.3801	0.1056	0.0903	0.0907	0.0954	0.1099	0.6033	0.3450	0.1568	0.0931	0.0896	0.0900	0.0939	0.1093	0.4142	0.2211	0.1104	0.0928	0.0908	0.0887	0.0941	0.1085	0.2768	0.1472	0.0997	0.0910	0.0892	0.0892	0.0975	0.0989	0.2030	0.1184	0.0946	0.0914	0.0899	0.0904	0.0938	0.1069	0.1852	0.1082	0.0940	0.0918	0.0895	0.0903	0.0910	0.0999	
0.7918	0.8174	0.8342	0.8469	0.6969	0.4451	0.3717	0.2804	0.7850	0.8092	0.7811	0.3296	0.1056	0.0993	0.1037	0.1163	0.6773	0.6395	0.3981	0.1066	0.0945	0.0929	0.0968	0.1080	0.6143	0.3554	0.1588	0.0939	0.0927	0.0945	0.0991	0.1132	0.4252	0.2288	0.1118	0.0926	0.0940	0.0919	0.0958	0.1029	0.2809	0.1486	0.1004	0.0920	0.0928	0.0942	0.0979	0.1048	0.2055	0.1194	0.0952	0.0916	0.0932	0.0913	0.0942	0.1064	0.1867	0.1081	0.0952	0.0915	0.0937	0.0946	0.0955	0.1047	
0.7990	0.8245	0.8406	0.8536	0.7119	0.4644	0.3842	0.2936	0.7846	0.8075	0.7980	0.3443	0.0967	0.0900	0.0949	0.1077	0.6765	0.6619	0.4164	0.1064	0.0877	0.0844	0.0911	0.1053	0.6305	0.3691	0.1623	0.0930	0.0854	0.0845	0.0871	0.1062	0.4370	0.2367	0.1124	0.0928	0.0872	0.0840	0.0886	0.0996	0.2848	0.1509	0.0997	0.0913	0.0837	0.0826	0.0875	0.0980	0.2092	0.1200	0.0948	0.0916	0.0862	0.0847	0.0873	0.0938	0.1884	0.1087	0.0941	0.0907	0.0837	0.0837	0.0842	0.0946	
0.8009	0.8257	0.8359	0.8524	0.7120	0.4939	0.4089	0.3088	0.7868	0.8102	0.8044	0.3607	0.0981	0.0922	0.0973	0.1022	0.6773	0.6832	0.4331	0.1064	0.0861	0.0866	0.0916	0.1012	0.6360	0.3861	0.1651	0.0932	0.0863	0.0856	0.0879	0.1041	0.4495	0.2421	0.1125	0.0923	0.0872	0.0864	0.0916	0.0968	0.2903	0.1517	0.1000	0.0916	0.0847	0.0840	0.0891	0.0939	0.2099	0.1200	0.0949	0.0912	0.0861	0.0859	0.0890	0.0996	0.1906	0.1080	0.0950	0.0907	0.0834	0.0837	0.0856	0.0957	
0.8026	0.8281	0.8416	0.8547	0.7263	0.5191	0.4304	0.3133	0.7878	0.8059	0.8069	0.3734	0.0985	0.0907	0.0937	0.1027	0.6775	0.7004	0.4510	0.1069	0.0861	0.0871	0.0918	0.1000	0.6409	0.3968	0.1682	0.0931	0.0855	0.0849	0.0879	0.1094	0.4576	0.2498	0.1122	0.0925	0.0849	0.0870	0.0913	0.0959	0.2966	0.1541	0.0994	0.0911	0.0839	0.0830	0.0879	0.0933	0.2134	0.1193	0.0948	0.0913	0.0835	0.0866	0.0906	0.0973	0.1907	0.1080	0.0943	0.0913	0.0836	0.0847	0.0853	0.0944	
0.8055	0.8297	0.8422	0.8568	0.7267	0.5514	0.4544	0.3385	0.7862	0.8114	0.8103	0.3935	0.1028	0.0940	0.0976	0.1057	0.6731	0.7190	0.4688	0.1070	0.0888	0.0898	0.0942	0.1004	0.6368	0.4136	0.1715	0.0930	0.0888	0.0881	0.0912	0.1067	0.4669	0.2594	0.1122	0.0921	0.0892	0.0893	0.0934	0.0991	0.2953	0.1559	0.1000	0.0914	0.0872	0.0873	0.0907	0.0961	0.2137	0.1205	0.0943	0.0912	0.0878	0.0882	0.0912	0.0999	0.1912	0.1083	0.0948	0.0909	0.0881	0.0879	0.0888	0.0990	
0.8070	0.8358	0.8453	0.8571	0.7258	0.5711	0.4723	0.3553	0.7893	0.8156	0.8129	0.4100	0.1057	0.0964	0.1008	0.1120	0.6774	0.7352	0.4867	0.1080	0.0917	0.0904	0.1115	0.1165	0.6438	0.4274	0.1741	0.0934	0.0902	0.0905	0.0931	0.1112	0.4812	0.2653	0.1124	0.0923	0.0907	0.0900	0.0937	0.1074	0.3029	0.1582	0.0998	0.0908	0.0893	0.0897	0.0934	0.0991	0.2174	0.1210	0.0948	0.0916	0.0906	0.0893	0.0927	0.1010	0.1935	0.1083	0.0948	0.0909	0.0895	0.0898	0.0915	0.0985	
0.8127	0.8384	0.8488	0.8619	0.7269	0.5944	0.5005	0.3969	0.7893	0.8154	0.8149	0.4307	0.1057	0.0969	0.0996	0.1078	0.6762	0.7425	0.5075	0.1083	0.0920	0.0906	0.0952	0.1114	0.6407	0.4444	0.1782	0.0935	0.0900	0.0916	0.0935	0.1103	0.4859	0.2727	0.1129	0.0922	0.0914	0.0899	0.0947	0.0998	0.3091	0.1596	0.0995	0.0914	0.0893	0.0902	0.0943	0.0974	0.2200	0.1221	0.0949	0.0915	0.0920	0.0899	0.0929	0.1012	0.1939	0.1086	0.0943	0.0912	0.0899	0.0906	0.0919	0.1006	
0.8183	0.8400	0.8471	0.8645	0.7160	0.6165	0.5172	0.3989	0.7946	0.8199	0.8139	0.4474	0.1067	0.0977	0.0994	0.1079	0.6805	0.7469	0.5253	0.1080	0.0916	0.0899	0.0924	0.1027	0.6456	0.4604	0.1802	0.0933	0.0906	0.0904	0.0943	0.1096	0.5054	0.2832	0.1131	0.0924	0.0908	0.0894	0.0939	0.0991	0.3178	0.1610	0.0994	0.0913	0.0891	0.0901	0.0934	0.0987	0.2218	0.1218	0.0952	0.0913	0.0904	0.0889	0.0915	0.0988	0.1956	0.1097	0.0944	0.0915	0.0896	0.0906	0.0926	0.1011	
