0.1005	0.0969	0.1165	0.0949	0.0971	0.0991	0.1044	0.0983	0.0995	0.1208	0.1232	0.1063	0.1110	0.1007	0.1053	0.1018	0.0975	0.0971	0.1268	0.1309	0.1320	0.1134	0.1101	0.1086	0.0964	0.0991	0.1090	0.1046	0.1014	0.1089	0.1087	0.1036	0.0958	0.1058	0.1097	0.1047	0.1120	0.1125	0.1177	0.1139	0.1075	0.1060	0.1068	0.1201	0.1179	0.1292	0.1232	0.1224	0.1107	0.1118	0.1141	0.1142	0.1193	0.1161	0.1194	0.1155	0.1114	0.1079	0.1134	0.1135	0.1128	0.1154	0.1107	0.1110	
0.0920	0.0930	0.0932	0.0905	0.0920	0.0945	0.0952	0.0948	0.0942	0.0912	0.0922	0.0910	0.0923	0.0942	0.0951	0.0942	0.0924	0.0924	0.0942	0.0946	0.0963	0.0948	0.0947	0.0964	0.0922	0.0921	0.0943	0.0923	0.0933	0.0947	0.0956	0.0944	0.0921	0.0935	0.0938	0.0937	0.0964	0.0954	0.1025	0.0968	0.0926	0.0925	0.0920	0.0954	0.0952	0.0977	0.0972	0.0953	0.0924	0.0937	0.0945	0.0938	0.0947	0.0974	0.0977	0.0997	0.0944	0.0951	0.0958	0.0965	0.0990	0.1000	0.0993	0.0983	
0.0923	0.0929	0.0937	0.0911	0.0926	0.0939	0.0949	0.0948	0.0950	0.0917	0.0937	0.0917	0.0921	0.0944	0.0950	0.0944	0.0930	0.0930	0.0948	0.0953	0.0986	0.0945	0.0954	0.0961	0.0923	0.0924	0.0953	0.0927	0.0933	0.0946	0.0960	0.0947	0.0928	0.0944	0.0944	0.0942	0.0967	0.0953	0.1028	0.0969	0.0933	0.0929	0.0926	0.0951	0.0956	0.0977	0.0975	0.0958	0.0932	0.0939	0.0947	0.0941	0.0950	0.0976	0.0980	0.0997	0.0947	0.0957	0.0966	0.0971	0.0995	0.1005	0.0995	0.0987	
0.0923	0.0932	0.0941	0.0911	0.0928	0.0930	0.0952	0.0945	0.0947	0.0917	0.0932	0.0918	0.0925	0.0936	0.0947	0.0938	0.0929	0.0929	0.0951	0.0954	0.0964	0.0943	0.0946	0.0957	0.0924	0.0922	0.0944	0.0956	0.0930	0.0943	0.0955	0.0951	0.0936	0.0944	0.0943	0.0949	0.0962	0.0952	0.1022	0.0969	0.0930	0.0926	0.0922	0.0951	0.0952	0.0974	0.0973	0.0959	0.0926	0.0937	0.0947	0.0939	0.0946	0.0977	0.0981	0.0996	0.0951	0.0955	0.0955	0.0968	0.0994	0.0999	0.0995	0.0984	
0.0929	0.0936	0.0942	0.0915	0.0935	0.0933	0.0955	0.0948	0.0955	0.0923	0.0935	0.0923	0.0926	0.0935	0.0950	0.0941	0.0935	0.0936	0.0954	0.0961	0.0958	0.0945	0.0956	0.0959	0.0928	0.0929	0.0955	0.0934	0.0930	0.0944	0.0957	0.0951	0.0934	0.0949	0.0948	0.0948	0.0963	0.0956	0.1020	0.0976	0.0935	0.0933	0.0929	0.0957	0.0954	0.0976	0.0974	0.0958	0.0927	0.0943	0.0949	0.0941	0.0949	0.0980	0.0979	0.1001	0.0950	0.0960	0.0964	0.0967	0.0998	0.1006	0.0992	0.0987	
0.0930	0.0933	0.0942	0.0915	0.0934	0.0936	0.0952	0.0951	0.0952	0.0919	0.0935	0.0920	0.0926	0.0934	0.0948	0.0943	0.0924	0.0932	0.0953	0.0954	0.0958	0.0944	0.0951	0.0959	0.0925	0.0928	0.0948	0.0947	0.0932	0.0944	0.0957	0.0948	0.0935	0.0947	0.0949	0.0948	0.0961	0.0955	0.1019	0.0972	0.0932	0.0932	0.0931	0.0955	0.0954	0.0976	0.0973	0.0959	0.0930	0.0943	0.0949	0.0941	0.0946	0.0975	0.0974	0.1000	0.0948	0.0957	0.0960	0.0963	0.0990	0.1000	0.0988	0.0983	
0.0931	0.0939	0.0945	0.0920	0.0936	0.0943	0.0954	0.0955	0.0955	0.0927	0.0941	0.0923	0.0932	0.0937	0.0952	0.0951	0.0947	0.0943	0.0958	0.0965	0.0976	0.0947	0.0955	0.0965	0.0933	0.0935	0.0959	0.0964	0.0937	0.0949	0.0963	0.0956	0.0945	0.0954	0.0956	0.0955	0.0969	0.0961	0.1023	0.0977	0.0938	0.0940	0.0934	0.0959	0.0960	0.0979	0.0979	0.0963	0.0937	0.0950	0.0955	0.0947	0.0955	0.0981	0.0980	0.1004	0.0954	0.0961	0.0962	0.0968	0.0996	0.1006	0.0994	0.0987	
0.0935	0.0941	0.0948	0.0922	0.0937	0.0941	0.0955	0.0948	0.0957	0.0926	0.0942	0.0926	0.0934	0.0936	0.0950	0.0950	0.0943	0.0941	0.0959	0.0961	0.0962	0.0948	0.0955	0.0961	0.0931	0.0937	0.0961	0.0966	0.0937	0.0947	0.0959	0.0955	0.0940	0.0949	0.0954	0.0953	0.0967	0.0960	0.1017	0.0976	0.0937	0.0934	0.0931	0.0959	0.0957	0.0977	0.0975	0.0961	0.0937	0.0948	0.0955	0.0946	0.0954	0.0977	0.0984	0.1004	0.0956	0.0960	0.0959	0.0969	0.0994	0.1001	0.0993	0.0984	
0.0936	0.0938	0.0946	0.0919	0.0937	0.0941	0.0952	0.0945	0.0955	0.0925	0.0942	0.0924	0.0932	0.0934	0.0947	0.0948	0.0932	0.0936	0.0958	0.0959	0.0962	0.0946	0.0954	0.0961	0.0930	0.0929	0.0950	0.0959	0.0936	0.0946	0.0959	0.0954	0.0940	0.0954	0.0953	0.0952	0.0967	0.0961	0.1015	0.0976	0.0938	0.0934	0.0931	0.0960	0.0957	0.0978	0.0972	0.0960	0.0939	0.0947	0.0949	0.0943	0.0953	0.0975	0.0978	0.1001	0.0947	0.0954	0.0957	0.0965	0.0990	0.0994	0.0989	0.0981	
0.0936	0.0943	0.0950	0.0925	0.0938	0.0942	0.0954	0.0952	0.0959	0.0929	0.0943	0.0926	0.0934	0.0936	0.0948	0.0949	0.0943	0.0941	0.0958	0.0962	0.0960	0.0949	0.0957	0.0963	0.0933	0.0938	0.0974	0.0937	0.0936	0.0947	0.0962	0.0955	0.0937	0.0954	0.0958	0.0947	0.0969	0.0961	0.1012	0.0975	0.0938	0.0938	0.0932	0.0961	0.0960	0.0978	0.0977	0.0962	0.0939	0.0951	0.0951	0.0944	0.0954	0.0978	0.0981	0.1002	0.0949	0.0956	0.0958	0.0964	0.0996	0.0998	0.0990	0.0981	
0.0937	0.0944	0.0952	0.0926	0.0943	0.0945	0.0957	0.0955	0.0962	0.0928	0.0945	0.0929	0.0938	0.0938	0.0952	0.0954	0.0947	0.0943	0.0961	0.0966	0.0964	0.0950	0.0958	0.0964	0.0937	0.0938	0.0958	0.0967	0.0937	0.0950	0.0965	0.0958	0.0950	0.0954	0.0961	0.0955	0.0970	0.0960	0.1015	0.0980	0.0941	0.0940	0.0936	0.0963	0.0962	0.0979	0.0981	0.0964	0.0942	0.0955	0.0950	0.0946	0.0953	0.0979	0.0980	0.1004	0.0950	0.0954	0.0962	0.0967	0.0996	0.0999	0.0996	0.0985	
0.0942	0.0944	0.0956	0.0927	0.0942	0.0946	0.0958	0.0951	0.0960	0.0931	0.0947	0.0927	0.0938	0.0938	0.0951	0.0950	0.0948	0.0944	0.0962	0.0964	0.0990	0.0949	0.0959	0.0967	0.0936	0.0935	0.0971	0.0940	0.0939	0.0948	0.0964	0.0957	0.0940	0.0955	0.0961	0.0955	0.0970	0.0962	0.1013	0.0980	0.0939	0.0939	0.0937	0.0962	0.0960	0.0980	0.0977	0.0965	0.0943	0.0958	0.0952	0.0947	0.0958	0.0981	0.0982	0.1003	0.0951	0.0958	0.0962	0.0969	0.0992	0.0999	0.0990	0.0979	
0.0943	0.0945	0.0957	0.0926	0.0943	0.0946	0.0956	0.0951	0.0965	0.0931	0.0941	0.0928	0.0935	0.0937	0.0950	0.0952	0.0946	0.0945	0.0963	0.0962	0.0977	0.0949	0.0956	0.0962	0.0936	0.0937	0.0955	0.0976	0.0938	0.0944	0.0961	0.0954	0.0942	0.0957	0.0957	0.0953	0.0970	0.0961	0.1009	0.0976	0.0940	0.0938	0.0931	0.0959	0.0957	0.0977	0.0978	0.0963	0.0943	0.0950	0.0951	0.0948	0.0953	0.0975	0.0982	0.1003	0.0951	0.0956	0.0958	0.0969	0.0996	0.0996	0.0988	0.0983	
0.0948	0.0955	0.0962	0.0934	0.0949	0.0953	0.0963	0.0966	0.0969	0.0936	0.0950	0.0935	0.0942	0.0946	0.0958	0.0956	0.0957	0.0953	0.0969	0.0969	0.0983	0.0956	0.0964	0.0970	0.0943	0.0943	0.0960	0.0948	0.0946	0.0952	0.0968	0.0963	0.0949	0.0964	0.0966	0.0959	0.0975	0.0969	0.1012	0.0983	0.0949	0.0947	0.0940	0.0967	0.0964	0.0987	0.0986	0.0971	0.0946	0.0960	0.0958	0.0952	0.0961	0.0984	0.0987	0.1011	0.0960	0.0962	0.0963	0.0972	0.1000	0.1000	0.0998	0.0987	
0.0950	0.0955	0.0959	0.0935	0.0949	0.0950	0.0964	0.0957	0.0970	0.0937	0.0951	0.0934	0.0941	0.0942	0.0956	0.0957	0.0959	0.0952	0.0966	0.0970	0.0968	0.0952	0.0961	0.0964	0.0947	0.0942	0.0963	0.0972	0.0942	0.0954	0.0967	0.0960	0.0946	0.0963	0.0966	0.0958	0.0972	0.0965	0.1012	0.0981	0.0946	0.0943	0.0939	0.0966	0.0963	0.0982	0.0983	0.0969	0.0947	0.0958	0.0958	0.0949	0.0959	0.0983	0.0982	0.1007	0.0955	0.0960	0.0959	0.0972	0.0998	0.0998	0.0995	0.0983	
0.0953	0.0951	0.0964	0.0936	0.0951	0.0952	0.0965	0.0958	0.0974	0.0936	0.0951	0.0935	0.0943	0.0944	0.0953	0.0957	0.0958	0.0953	0.0970	0.0971	0.0969	0.0951	0.0963	0.0968	0.0946	0.0944	0.0959	0.0946	0.0943	0.0948	0.0964	0.0962	0.0952	0.0963	0.0965	0.0958	0.0973	0.0964	0.1009	0.0982	0.0951	0.0945	0.0941	0.0965	0.0965	0.0981	0.0983	0.0972	0.0945	0.0961	0.0957	0.0949	0.0960	0.0984	0.0984	0.1007	0.0957	0.0957	0.0963	0.0969	0.0999	0.0997	0.0993	0.0983	
0.0959	0.0957	0.0969	0.0938	0.0954	0.0957	0.0963	0.0960	0.0977	0.0941	0.0955	0.0936	0.0943	0.0945	0.0955	0.0957	0.0961	0.0957	0.0972	0.0972	0.0973	0.0953	0.0963	0.0967	0.0950	0.0947	0.0971	0.0947	0.0945	0.0950	0.0965	0.0959	0.0960	0.0968	0.0965	0.0961	0.0978	0.0968	0.1011	0.0981	0.0951	0.0948	0.0942	0.0968	0.0965	0.0982	0.0984	0.0971	0.0949	0.0961	0.0958	0.0952	0.0961	0.0984	0.0987	0.1006	0.0960	0.0961	0.0961	0.0971	0.1002	0.0998	0.0992	0.0985	
0.0963	0.0961	0.0974	0.0941	0.0956	0.0959	0.0967	0.0963	0.0981	0.0943	0.0960	0.0940	0.0945	0.0948	0.0957	0.0960	0.0964	0.0960	0.0975	0.0971	0.0971	0.0954	0.0967	0.0967	0.0953	0.0948	0.0984	0.0967	0.0944	0.0952	0.0968	0.0961	0.0959	0.0969	0.0970	0.0960	0.0976	0.0968	0.1013	0.0980	0.0952	0.0950	0.0945	0.0968	0.0964	0.0981	0.0985	0.0970	0.0952	0.0965	0.0960	0.0950	0.0964	0.0986	0.0987	0.1007	0.0960	0.0960	0.0962	0.0971	0.0997	0.1001	0.0994	0.0987	
0.0971	0.0964	0.0976	0.0948	0.0959	0.0959	0.0970	0.0966	0.0986	0.0949	0.0960	0.0940	0.0949	0.0950	0.0960	0.0962	0.0973	0.0966	0.0978	0.0976	0.0994	0.0960	0.0967	0.0972	0.0958	0.0951	0.0985	0.0954	0.0947	0.0952	0.0969	0.0963	0.0962	0.0972	0.0971	0.0962	0.0976	0.0968	0.1012	0.0986	0.0954	0.0953	0.0945	0.0966	0.0968	0.0984	0.0984	0.0973	0.0952	0.0967	0.0962	0.0953	0.0963	0.0984	0.0987	0.1006	0.0962	0.0963	0.0963	0.0973	0.0998	0.1000	0.0993	0.0984	
0.0975	0.0970	0.0980	0.0950	0.0960	0.0963	0.0969	0.0969	0.0989	0.0951	0.0962	0.0943	0.0952	0.0950	0.0962	0.0962	0.0971	0.0966	0.0979	0.0977	0.0973	0.0959	0.0964	0.0972	0.0962	0.0955	0.0966	0.0979	0.0948	0.0954	0.0971	0.0964	0.0963	0.0973	0.0971	0.0962	0.0976	0.0965	0.1010	0.0982	0.0958	0.0953	0.0945	0.0971	0.0965	0.0984	0.0985	0.0971	0.0956	0.0965	0.0962	0.0954	0.0965	0.0986	0.0986	0.1008	0.0965	0.0966	0.0967	0.0973	0.1003	0.1000	0.0997	0.0987	
0.0982	0.0973	0.0987	0.0955	0.0966	0.0966	0.0977	0.0969	0.0997	0.0960	0.0969	0.0948	0.0952	0.0948	0.0962	0.0964	0.0983	0.0970	0.0982	0.0979	0.0976	0.0959	0.0968	0.0971	0.0965	0.0957	0.0973	0.0955	0.0950	0.0955	0.0971	0.0963	0.0969	0.0977	0.0973	0.0962	0.0979	0.0971	0.1011	0.0984	0.0960	0.0955	0.0948	0.0972	0.0969	0.0985	0.0988	0.0975	0.0959	0.0969	0.0964	0.0954	0.0963	0.0987	0.0987	0.1011	0.0968	0.0966	0.0967	0.0974	0.1001	0.0999	0.0996	0.0988	
0.0991	0.0978	0.0990	0.0958	0.0970	0.0971	0.0978	0.0973	0.1001	0.0961	0.0972	0.0949	0.0954	0.0953	0.0961	0.0967	0.0988	0.0974	0.0984	0.0981	0.0980	0.0958	0.0969	0.0970	0.0972	0.0960	0.0972	0.0989	0.0952	0.0955	0.0971	0.0966	0.0976	0.0978	0.0977	0.0964	0.0980	0.0967	0.1012	0.0985	0.0966	0.0957	0.0949	0.0970	0.0969	0.0989	0.0987	0.0972	0.0958	0.0972	0.0965	0.0955	0.0965	0.0984	0.0989	0.1011	0.0972	0.0968	0.0967	0.0976	0.1005	0.1003	0.0996	0.0986	
0.1003	0.0988	0.0998	0.0962	0.0977	0.0977	0.0982	0.0983	0.1011	0.0968	0.0975	0.0954	0.0960	0.0956	0.0966	0.0970	0.0992	0.0981	0.0989	0.0985	0.0981	0.0965	0.0972	0.0975	0.0976	0.0968	0.0978	0.0962	0.0955	0.0961	0.0978	0.0966	0.0976	0.0984	0.0978	0.0968	0.0980	0.0970	0.1012	0.0984	0.0971	0.0963	0.0953	0.0974	0.0973	0.0988	0.0989	0.0975	0.0965	0.0974	0.0968	0.0961	0.0968	0.0988	0.0992	0.1009	0.0976	0.0968	0.0971	0.0976	0.1002	0.1002	0.0996	0.0988	
0.1010	0.0998	0.1004	0.0972	0.0976	0.0979	0.0986	0.0978	0.1016	0.0974	0.0977	0.0956	0.0959	0.0954	0.0964	0.0969	0.0996	0.0986	0.0992	0.0985	0.1002	0.0964	0.0970	0.0976	0.0984	0.0970	0.0979	0.0960	0.0953	0.0960	0.0973	0.0969	0.0984	0.0986	0.0980	0.0969	0.0983	0.0972	0.1012	0.0986	0.0976	0.0967	0.0951	0.0978	0.0973	0.0988	0.0990	0.0979	0.0971	0.0974	0.0968	0.0958	0.0964	0.0990	0.0992	0.1009	0.0977	0.0973	0.0973	0.0979	0.1003	0.1002	0.0998	0.0986	
0.1024	0.1006	0.1015	0.0974	0.0982	0.0986	0.0991	0.0983	0.1026	0.0979	0.0987	0.0961	0.0965	0.0962	0.0971	0.0971	0.1005	0.0990	0.0997	0.0988	0.0987	0.0966	0.0973	0.0978	0.0992	0.0979	0.0983	0.0961	0.0956	0.0963	0.0975	0.0968	0.0987	0.0992	0.0985	0.0970	0.0987	0.0976	0.1018	0.0989	0.0985	0.0971	0.0957	0.0974	0.0974	0.0990	0.0990	0.0979	0.0979	0.0980	0.0970	0.0960	0.0968	0.0989	0.0996	0.1012	0.0983	0.0973	0.0973	0.0978	0.1006	0.1005	0.0998	0.0992	
0.1035	0.1015	0.1024	0.0982	0.0990	0.0992	0.0994	0.0998	0.1038	0.0988	0.0993	0.0965	0.0969	0.0965	0.0974	0.0971	0.1018	0.1001	0.1002	0.0990	0.0997	0.0966	0.0975	0.0977	0.1002	0.0977	0.0988	0.0963	0.0956	0.0961	0.0975	0.0969	0.0995	0.0995	0.0986	0.0970	0.0987	0.0975	0.1017	0.0987	0.0988	0.0971	0.0958	0.0979	0.0974	0.0993	0.0992	0.0979	0.0982	0.0983	0.0971	0.0962	0.0969	0.0991	0.0994	0.1012	0.0988	0.0975	0.0977	0.0984	0.1005	0.1009	0.1003	0.0992	
0.1052	0.1030	0.1035	0.0993	0.0997	0.0995	0.1000	0.0997	0.1047	0.0999	0.0997	0.0970	0.0973	0.0967	0.0976	0.0976	0.1027	0.1005	0.1007	0.0996	0.0995	0.0972	0.0977	0.0981	0.1011	0.0985	0.0989	0.0971	0.0959	0.0965	0.0978	0.0969	0.1006	0.0995	0.0991	0.0973	0.0989	0.0979	0.1017	0.0988	0.0993	0.0977	0.0962	0.0983	0.0974	0.0994	0.0994	0.0981	0.0991	0.0988	0.0975	0.0961	0.0974	0.0990	0.0994	0.1017	0.0990	0.0980	0.0975	0.0980	0.1006	0.1009	0.1002	0.0992	
0.1068	0.1038	0.1048	0.0999	0.1002	0.0997	0.1002	0.0997	0.1061	0.1007	0.1006	0.0975	0.0976	0.0966	0.0975	0.0980	0.1040	0.1013	0.1011	0.0998	0.0994	0.0971	0.0980	0.0980	0.1022	0.0992	0.0994	0.0968	0.0959	0.0961	0.0980	0.0971	0.1012	0.1003	0.0992	0.0974	0.0988	0.0976	0.1017	0.0989	0.1003	0.0977	0.0961	0.0982	0.0976	0.0993	0.0993	0.0981	0.0993	0.0987	0.0975	0.0962	0.0972	0.0991	0.0993	0.1013	0.1000	0.0978	0.0978	0.0983	0.1004	0.1008	0.1001	0.0991	
0.1085	0.1054	0.1056	0.1010	0.1008	0.1001	0.1006	0.1004	0.1075	0.1017	0.1010	0.0979	0.0979	0.0969	0.0977	0.0980	0.1051	0.1023	0.1015	0.1001	0.0996	0.0972	0.0982	0.0979	0.1030	0.0993	0.0997	0.0971	0.0961	0.0965	0.0979	0.0971	0.1017	0.1005	0.0995	0.0976	0.0987	0.0979	0.1019	0.0992	0.1010	0.0983	0.0965	0.0981	0.0976	0.0992	0.0993	0.0980	0.1001	0.0992	0.0975	0.0967	0.0973	0.0994	0.0995	0.1013	0.1003	0.0977	0.0978	0.0982	0.1008	0.1006	0.1001	0.0993	
0.1104	0.1069	0.1073	0.1019	0.1018	0.1011	0.1010	0.1006	0.1091	0.1029	0.1017	0.0983	0.0980	0.0975	0.0981	0.0981	0.1071	0.1033	0.1025	0.1004	0.0997	0.0974	0.0980	0.0981	0.1043	0.1003	0.1001	0.0977	0.0963	0.0967	0.0980	0.0973	0.1032	0.1013	0.0999	0.0978	0.0988	0.0981	0.1016	0.0994	0.1015	0.0986	0.0963	0.0981	0.0982	0.0996	0.0996	0.0983	0.1004	0.0993	0.0976	0.0966	0.0974	0.0993	0.0997	0.1015	0.1008	0.0983	0.0979	0.0983	0.1006	0.1005	0.1000	0.0990	
0.1132	0.1089	0.1084	0.1034	0.1025	0.1016	0.1016	0.1009	0.1108	0.1042	0.1030	0.0989	0.0986	0.0974	0.0983	0.0981	0.1082	0.1044	0.1030	0.1006	0.1000	0.0972	0.0980	0.0982	0.1058	0.1008	0.1005	0.0974	0.0959	0.0963	0.0978	0.0977	0.1038	0.1020	0.1002	0.0979	0.0991	0.0980	0.1020	0.0996	0.1023	0.0991	0.0969	0.0982	0.0980	0.0997	0.0995	0.0983	0.1008	0.0997	0.0980	0.0963	0.0973	0.0992	0.0995	0.1013	0.1008	0.0984	0.0983	0.0982	0.1006	0.1007	0.1003	0.0989	
0.1160	0.1119	0.1108	0.1043	0.1036	0.1024	0.1028	0.1025	0.1133	0.1061	0.1037	0.0993	0.0992	0.0983	0.0987	0.0989	0.1104	0.1055	0.1038	0.1011	0.1007	0.0978	0.0983	0.0985	0.1071	0.1019	0.1011	0.0994	0.0967	0.0970	0.0985	0.0975	0.1052	0.1026	0.1006	0.0983	0.0993	0.0985	0.1018	0.0996	0.1035	0.0999	0.0972	0.0987	0.0985	0.0996	0.0996	0.0985	0.1024	0.1002	0.0982	0.0971	0.0983	0.0996	0.1002	0.1017	0.1021	0.0992	0.0981	0.0985	0.1013	0.1010	0.1009	0.0994	
0.1191	0.1136	0.1123	0.1056	0.1042	0.1031	0.1029	0.1026	0.1154	0.1075	0.1050	0.1003	0.0995	0.0981	0.0987	0.0989	0.1123	0.1067	0.1046	0.1015	0.1005	0.0975	0.0984	0.0987	0.1089	0.1026	0.1036	0.0980	0.0967	0.0968	0.0985	0.0977	0.1062	0.1033	0.1011	0.0981	0.0991	0.0983	0.1019	0.0995	0.1045	0.1001	0.0973	0.0985	0.0984	0.0997	0.1002	0.0986	0.1022	0.0998	0.0985	0.0970	0.0980	0.0999	0.1000	0.1022	0.1027	0.0991	0.0983	0.0988	0.1009	0.1011	0.1002	0.0995	
0.1230	0.1165	0.1147	0.1068	0.1053	0.1034	0.1034	0.1025	0.1182	0.1090	0.1062	0.1007	0.0999	0.0981	0.0991	0.0987	0.1146	0.1080	0.1050	0.1016	0.1007	0.0980	0.0986	0.0987	0.1108	0.1034	0.1017	0.0980	0.0968	0.0971	0.0982	0.0977	0.1085	0.1039	0.1009	0.0980	0.0991	0.0984	0.1019	0.0997	0.1054	0.1005	0.0974	0.0985	0.0980	0.0995	0.0996	0.0983	0.1033	0.1007	0.0982	0.0969	0.0978	0.0995	0.1001	0.1018	0.1032	0.0993	0.0980	0.0992	0.1010	0.1012	0.1001	0.0991	
0.1266	0.1190	0.1167	0.1086	0.1065	0.1043	0.1042	0.1035	0.1213	0.1114	0.1072	0.1015	0.1005	0.0981	0.0992	0.0990	0.1176	0.1095	0.1058	0.1022	0.1007	0.0981	0.0984	0.0988	0.1132	0.1045	0.1023	0.0982	0.0969	0.0973	0.0985	0.0975	0.1097	0.1041	0.1015	0.0986	0.0994	0.0983	0.1021	0.0993	0.1061	0.1011	0.0978	0.0983	0.0979	0.0997	0.0995	0.0983	0.1047	0.1011	0.0985	0.0970	0.0977	0.0997	0.1002	0.1018	0.1042	0.0996	0.0984	0.0985	0.1009	0.1010	0.1003	0.0991	
0.1317	0.1228	0.1196	0.1104	0.1075	0.1054	0.1045	0.1035	0.1245	0.1134	0.1087	0.1018	0.1009	0.0985	0.0994	0.0991	0.1201	0.1112	0.1066	0.1025	0.1007	0.0980	0.0989	0.0988	0.1151	0.1055	0.1023	0.0981	0.0968	0.0972	0.0983	0.0976	0.1109	0.1044	0.1013	0.0982	0.0994	0.0981	0.1018	0.0993	0.1074	0.1011	0.0975	0.0986	0.0982	0.0997	0.0994	0.0984	0.1054	0.1015	0.0984	0.0972	0.0977	0.0995	0.1001	0.1014	0.1048	0.0996	0.0984	0.0986	0.1010	0.1007	0.1002	0.0991	
0.1366	0.1269	0.1230	0.1122	0.1085	0.1064	0.1051	0.1039	0.1286	0.1155	0.1098	0.1025	0.1012	0.0990	0.0995	0.0993	0.1233	0.1125	0.1076	0.1027	0.1013	0.0980	0.0989	0.0987	0.1182	0.1064	0.1042	0.0999	0.0969	0.0973	0.0985	0.0979	0.1132	0.1059	0.1019	0.0986	0.0995	0.0986	0.1021	0.0991	0.1089	0.1028	0.0980	0.0988	0.0985	0.0995	0.0995	0.0985	0.1066	0.1012	0.0986	0.0966	0.0974	0.0997	0.1001	0.1015	0.1055	0.0994	0.0986	0.0987	0.1011	0.1008	0.1006	0.0992	
0.1430	0.1315	0.1264	0.1143	0.1100	0.1072	0.1057	0.1048	0.1338	0.1189	0.1121	0.1033	0.1019	0.0993	0.0998	0.0998	0.1282	0.1153	0.1091	0.1033	0.1021	0.0983	0.0990	0.0988	0.1215	0.1080	0.1037	0.1011	0.0969	0.0974	0.0987	0.0981	0.1152	0.1068	0.1025	0.0987	0.0997	0.0987	0.1021	0.0994	0.1104	0.1025	0.0979	0.0988	0.0984	0.0998	0.0996	0.0983	0.1076	0.1023	0.0989	0.0975	0.0979	0.0997	0.1001	0.1019	0.1069	0.1005	0.0990	0.0986	0.1013	0.1008	0.1005	0.0995	
0.1495	0.1372	0.1306	0.1171	0.1116	0.1080	0.1067	0.1063	0.1384	0.1219	0.1134	0.1045	0.1023	0.0995	0.1001	0.1002	0.1321	0.1177	0.1097	0.1035	0.1016	0.0985	0.0991	0.0992	0.1245	0.1094	0.1044	0.1019	0.0970	0.0973	0.0989	0.0979	0.1176	0.1074	0.1029	0.0989	0.1000	0.0990	0.1022	0.0994	0.1123	0.1035	0.0985	0.0989	0.0985	0.0998	0.0997	0.0988	0.1087	0.1026	0.0990	0.0970	0.0978	0.0998	0.0999	0.1019	0.1081	0.1006	0.0985	0.0987	0.1009	0.1009	0.0999	0.0994	
0.1584	0.1425	0.1354	0.1193	0.1131	0.1091	0.1075	0.1068	0.1445	0.1258	0.1155	0.1050	0.1025	0.1002	0.1002	0.1002	0.1371	0.1202	0.1113	0.1038	0.1023	0.0983	0.0992	0.0989	0.1278	0.1108	0.1051	0.0990	0.0972	0.0976	0.0985	0.0980	0.1201	0.1085	0.1031	0.0994	0.0999	0.0984	0.1021	0.0994	0.1140	0.1041	0.0985	0.0993	0.0988	0.0998	0.0997	0.0988	0.1097	0.1029	0.0988	0.0972	0.0980	0.0996	0.1000	0.1018	0.1088	0.1009	0.0988	0.0988	0.1012	0.1012	0.1005	0.0994	
0.1664	0.1493	0.1402	0.1223	0.1145	0.1102	0.1083	0.1067	0.1515	0.1300	0.1173	0.1060	0.1033	0.1000	0.1008	0.1003	0.1427	0.1228	0.1126	0.1045	0.1028	0.0989	0.0996	0.0992	0.1327	0.1127	0.1071	0.1001	0.0976	0.0978	0.0987	0.0983	0.1233	0.1093	0.1033	0.0990	0.0998	0.0989	0.1018	0.0995	0.1161	0.1051	0.0987	0.0991	0.0988	0.1003	0.0998	0.0988	0.1115	0.1030	0.0993	0.0977	0.0981	0.0998	0.1003	0.1020	0.1101	0.1014	0.0990	0.0992	0.1014	0.1010	0.1006	0.0996	
0.1763	0.1575	0.1456	0.1255	0.1165	0.1112	0.1092	0.1070	0.1592	0.1351	0.1201	0.1068	0.1036	0.1003	0.1008	0.1003	0.1490	0.1263	0.1138	0.1049	0.1025	0.0990	0.0996	0.0993	0.1380	0.1143	0.1062	0.1029	0.0977	0.0976	0.0990	0.0983	0.1261	0.1105	0.1037	0.0989	0.1001	0.0986	0.1022	0.0995	0.1180	0.1056	0.0990	0.0992	0.0983	0.1001	0.0996	0.0987	0.1130	0.1035	0.0991	0.0975	0.0981	0.0996	0.1002	0.1018	0.1111	0.1012	0.0989	0.0989	0.1013	0.1011	0.1007	0.0996	
0.1873	0.1649	0.1517	0.1285	0.1183	0.1126	0.1095	0.1082	0.1672	0.1393	0.1225	0.1075	0.1043	0.1006	0.1007	0.1005	0.1562	0.1294	0.1151	0.1050	0.1042	0.0987	0.0992	0.0992	0.1430	0.1162	0.1098	0.0993	0.0977	0.0978	0.0988	0.0980	0.1298	0.1117	0.1040	0.0988	0.0997	0.0986	0.1019	0.0995	0.1201	0.1066	0.0985	0.0992	0.0985	0.0997	0.0996	0.0984	0.1146	0.1042	0.0994	0.0972	0.0979	0.0994	0.1001	0.1018	0.1122	0.1016	0.0989	0.0989	0.1011	0.1008	0.1002	0.0991	
0.2021	0.1757	0.1591	0.1327	0.1208	0.1143	0.1111	0.1088	0.1773	0.1459	0.1251	0.1090	0.1052	0.1010	0.1016	0.1011	0.1639	0.1338	0.1171	0.1062	0.1030	0.0993	0.1000	0.0998	0.1492	0.1184	0.1081	0.1000	0.0980	0.0980	0.0991	0.0986	0.1340	0.1128	0.1048	0.0996	0.1001	0.0991	0.1023	0.1000	0.1228	0.1074	0.0994	0.0996	0.0990	0.1003	0.0996	0.0990	0.1165	0.1048	0.0995	0.0979	0.0982	0.0997	0.1005	0.1020	0.1140	0.1025	0.0991	0.0995	0.1016	0.1009	0.1005	0.0994	
0.2131	0.1862	0.1667	0.1367	0.1225	0.1154	0.1116	0.1093	0.1878	0.1519	0.1280	0.1102	0.1057	0.1013	0.1013	0.1011	0.1727	0.1377	0.1184	0.1064	0.1033	0.0991	0.0995	0.0995	0.1553	0.1206	0.1099	0.1000	0.0977	0.0978	0.0989	0.0982	0.1383	0.1141	0.1046	0.0994	0.1003	0.0986	0.1024	0.0998	0.1256	0.1081	0.0993	0.0993	0.0989	0.0999	0.0995	0.0986	0.1182	0.1047	0.0998	0.0977	0.0982	0.0999	0.1003	0.1020	0.1150	0.1026	0.0991	0.0990	0.1013	0.1008	0.1002	0.0988	
0.2293	0.1994	0.1763	0.1405	0.1255	0.1167	0.1128	0.1106	0.2000	0.1594	0.1314	0.1113	0.1060	0.1015	0.1019	0.1012	0.1826	0.1426	0.1198	0.1067	0.1035	0.0994	0.1001	0.0997	0.1620	0.1231	0.1112	0.1001	0.0979	0.0982	0.0993	0.0985	0.1424	0.1155	0.1054	0.0995	0.1003	0.0990	0.1025	0.1000	0.1282	0.1087	0.0996	0.0996	0.0985	0.1000	0.1001	0.0990	0.1202	0.1052	0.0999	0.0977	0.0983	0.0995	0.1006	0.1020	0.1168	0.1031	0.0996	0.0993	0.1016	0.1010	0.1007	0.0992	
0.2475	0.2114	0.1854	0.1458	0.1271	0.1181	0.1129	0.1105	0.2149	0.1667	0.1343	0.1118	0.1062	0.1011	0.1015	0.1008	0.1931	0.1469	0.1217	0.1069	0.1031	0.0986	0.0991	0.0996	0.1700	0.1256	0.1099	0.1004	0.0979	0.0971	0.0989	0.0981	0.1473	0.1166	0.1047	0.0988	0.0998	0.0983	0.1020	0.0992	0.1313	0.1096	0.0994	0.0987	0.0990	0.0993	0.0991	0.0986	0.1219	0.1051	0.0999	0.0972	0.0978	0.0992	0.0997	0.1016	0.1178	0.1017	0.0990	0.0983	0.1008	0.1003	0.0997	0.0990	
0.2677	0.2266	0.1974	0.1517	0.1307	0.1192	0.1146	0.1120	0.2288	0.1764	0.1389	0.1139	0.1075	0.1020	0.1023	0.1014	0.2040	0.1533	0.1239	0.1076	0.1038	0.0991	0.1000	0.0993	0.1786	0.1285	0.1121	0.1031	0.0980	0.0977	0.0995	0.0984	0.1534	0.1188	0.1062	0.1006	0.1000	0.0989	0.1020	0.0996	0.1352	0.1113	0.0997	0.0993	0.0988	0.1000	0.0997	0.0990	0.1246	0.1058	0.0999	0.0975	0.0981	0.0996	0.1003	0.1018	0.1201	0.1028	0.0991	0.0992	0.1014	0.1006	0.1004	0.0996	
0.2887	0.2430	0.2093	0.1572	0.1337	0.1206	0.1152	0.1126	0.2469	0.1859	0.1426	0.1150	0.1079	0.1031	0.1025	0.1015	0.2178	0.1592	0.1264	0.1084	0.1046	0.0994	0.1001	0.0997	0.1888	0.1315	0.1119	0.1014	0.0982	0.0979	0.0993	0.0984	0.1592	0.1198	0.1063	0.0996	0.1003	0.0995	0.1022	0.0997	0.1393	0.1115	0.1002	0.0992	0.0991	0.1002	0.1000	0.0989	0.1273	0.1067	0.1001	0.0979	0.0984	0.0995	0.1007	0.1022	0.1218	0.1032	0.0996	0.0990	0.1012	0.1009	0.1000	0.0994	
0.3152	0.2623	0.2230	0.1636	0.1363	0.1226	0.1168	0.1133	0.2661	0.1978	0.1478	0.1167	0.1085	0.1028	0.1027	0.1018	0.2326	0.1659	0.1290	0.1088	0.1043	0.0996	0.1004	0.1001	0.1994	0.1358	0.1133	0.1010	0.0984	0.0985	0.0994	0.0990	0.1660	0.1222	0.1071	0.0998	0.1006	0.0991	0.1024	0.0999	0.1434	0.1126	0.1003	0.0997	0.0989	0.1002	0.0998	0.0992	0.1300	0.1069	0.1000	0.0980	0.0984	0.1001	0.1005	0.1021	0.1233	0.1034	0.0991	0.0995	0.1019	0.1012	0.1006	0.0997	
0.3393	0.2823	0.2364	0.1705	0.1398	0.1248	0.1180	0.1142	0.2870	0.2108	0.1531	0.1180	0.1095	0.1030	0.1027	0.1017	0.2499	0.1744	0.1310	0.1093	0.1048	0.0996	0.1005	0.0999	0.2119	0.1392	0.1140	0.1017	0.0984	0.0985	0.0995	0.0987	0.1742	0.1241	0.1073	0.1000	0.1010	0.0991	0.1022	0.0999	0.1478	0.1131	0.1007	0.1000	0.0991	0.1005	0.1000	0.0993	0.1337	0.1079	0.1005	0.0975	0.0989	0.1000	0.1003	0.1019	0.1258	0.1042	0.0995	0.0994	0.1012	0.1008	0.1011	0.0992	
0.3652	0.3048	0.2534	0.1790	0.1433	0.1263	0.1191	0.1150	0.3091	0.2232	0.1585	0.1200	0.1102	0.1034	0.1032	0.1022	0.2669	0.1825	0.1343	0.1101	0.1049	0.1000	0.1006	0.1003	0.2250	0.1436	0.1152	0.1031	0.0985	0.0986	0.0994	0.0992	0.1836	0.1259	0.1078	0.1003	0.1010	0.0994	0.1023	0.0999	0.1531	0.1146	0.1003	0.1003	0.0990	0.1003	0.1001	0.0988	0.1364	0.1078	0.1000	0.0978	0.0984	0.1001	0.1002	0.1018	0.1281	0.1044	0.0998	0.0988	0.1014	0.1012	0.1005	0.0993	
0.3942	0.3296	0.2711	0.1867	0.1473	0.1278	0.1197	0.1169	0.3342	0.2399	0.1636	0.1215	0.1107	0.1041	0.1037	0.1027	0.2858	0.1908	0.1364	0.1100	0.1059	0.0998	0.1004	0.1001	0.2388	0.1481	0.1162	0.1018	0.0986	0.0985	0.0993	0.0989	0.1909	0.1282	0.1077	0.0999	0.1004	0.0990	0.1026	0.0996	0.1580	0.1158	0.1006	0.0997	0.0994	0.1000	0.1000	0.0991	0.1399	0.1088	0.1002	0.0979	0.0987	0.0998	0.1002	0.1019	0.1299	0.1043	0.0993	0.0988	0.1013	0.1009	0.1002	0.0994	
0.4244	0.3556	0.2915	0.1952	0.1515	0.1298	0.1208	0.1162	0.3588	0.2567	0.1697	0.1225	0.1113	0.1038	0.1036	0.1021	0.3049	0.2005	0.1388	0.1105	0.1068	0.1001	0.1004	0.1001	0.2538	0.1526	0.1170	0.1040	0.0984	0.0984	0.0995	0.0986	0.2001	0.1297	0.1083	0.0999	0.1005	0.0989	0.1020	0.0998	0.1640	0.1170	0.1005	0.0997	0.0989	0.1000	0.0998	0.0988	0.1435	0.1085	0.1004	0.0978	0.0985	0.0996	0.1002	0.1016	0.1316	0.1044	0.0995	0.0989	0.1012	0.1011	0.1002	0.0995	
0.4572	0.3827	0.3138	0.2057	0.1556	0.1324	0.1222	0.1177	0.3844	0.2748	0.1775	0.1246	0.1116	0.1042	0.1036	0.1024	0.3279	0.2117	0.1427	0.1111	0.1063	0.0998	0.1005	0.1002	0.2699	0.1574	0.1182	0.1018	0.0985	0.0982	0.0991	0.0985	0.2120	0.1325	0.1088	0.1000	0.1007	0.0989	0.1021	0.1002	0.1704	0.1186	0.1009	0.0998	0.0991	0.1003	0.1002	0.0991	0.1479	0.1090	0.1003	0.0978	0.0985	0.0998	0.1004	0.1021	0.1353	0.1049	0.0998	0.0993	0.1020	0.1011	0.1004	0.0998	
0.4840	0.4136	0.3351	0.2158	0.1609	0.1340	0.1235	0.1184	0.4154	0.2934	0.1851	0.1259	0.1125	0.1044	0.1038	0.1024	0.3521	0.2240	0.1452	0.1114	0.1059	0.1001	0.1005	0.1002	0.2876	0.1625	0.1200	0.1023	0.0985	0.0989	0.0996	0.0992	0.2225	0.1356	0.1090	0.1004	0.1010	0.0990	0.1029	0.1006	0.1776	0.1198	0.1007	0.1002	0.0997	0.1004	0.1003	0.0988	0.1520	0.1095	0.1007	0.0979	0.0983	0.1001	0.1001	0.1023	0.1372	0.1053	0.0998	0.0991	0.1011	0.1009	0.1005	0.0992	
0.5136	0.4417	0.3588	0.2294	0.1647	0.1362	0.1245	0.1194	0.4414	0.3160	0.1934	0.1276	0.1132	0.1046	0.1041	0.1029	0.3704	0.2348	0.1496	0.1125	0.1062	0.0999	0.1007	0.1001	0.3046	0.1689	0.1207	0.1051	0.0985	0.0985	0.0996	0.0988	0.2337	0.1385	0.1100	0.1000	0.1006	0.0990	0.1024	0.1002	0.1846	0.1214	0.1012	0.0997	0.0989	0.1000	0.1000	0.0989	0.1561	0.1104	0.1003	0.0977	0.0986	0.0997	0.1001	0.1016	0.1406	0.1057	0.0998	0.0991	0.1016	0.1008	0.1006	0.0994	
0.5475	0.4719	0.3861	0.2411	0.1705	0.1388	0.1261	0.1206	0.4707	0.3386	0.2022	0.1298	0.1144	0.1049	0.1040	0.1029	0.3942	0.2486	0.1534	0.1130	0.1074	0.1000	0.1009	0.1003	0.3252	0.1773	0.1224	0.1024	0.0989	0.0989	0.0997	0.0990	0.2464	0.1411	0.1100	0.1005	0.1008	0.0994	0.1024	0.1002	0.1918	0.1228	0.1019	0.1000	0.0992	0.1006	0.0999	0.0989	0.1618	0.1110	0.1007	0.0978	0.0981	0.1002	0.1005	0.1024	0.1436	0.1053	0.0994	0.0990	0.1009	0.1007	0.1006	0.0992	
0.5765	0.5034	0.4140	0.2554	0.1756	0.1412	0.1267	0.1216	0.5028	0.3631	0.2115	0.1319	0.1149	0.1057	0.1044	0.1028	0.4266	0.2644	0.1569	0.1131	0.1063	0.1002	0.1009	0.1004	0.3446	0.1828	0.1233	0.1064	0.0992	0.0988	0.0997	0.0990	0.2600	0.1440	0.1105	0.1003	0.1009	0.0990	0.1026	0.1000	0.2009	0.1246	0.1016	0.0998	0.0991	0.1002	0.0999	0.0992	0.1669	0.1109	0.1010	0.0977	0.0983	0.0999	0.1003	0.1020	0.1468	0.1059	0.0996	0.0994	0.1015	0.1007	0.1007	0.0994	
0.6035	0.5324	0.4429	0.2701	0.1815	0.1428	0.1288	0.1226	0.5302	0.3891	0.2220	0.1339	0.1151	0.1054	0.1048	0.1031	0.4454	0.2777	0.1602	0.1139	0.1077	0.1005	0.1010	0.1004	0.3660	0.1911	0.1244	0.1026	0.0990	0.0985	0.0994	0.0990	0.2731	0.1481	0.1108	0.1003	0.1008	0.0991	0.1025	0.1000	0.2094	0.1259	0.1013	0.1003	0.0992	0.1002	0.1001	0.0992	0.1731	0.1114	0.1008	0.0982	0.0986	0.1000	0.1001	0.1022	0.1506	0.1057	0.0998	0.0998	0.1017	0.1010	0.1000	0.0989	
0.6272	0.5625	0.4704	0.2867	0.1878	0.1459	0.1296	0.1234	0.5601	0.4162	0.2336	0.1359	0.1167	0.1061	0.1051	0.1036	0.4717	0.2960	0.1649	0.1151	0.1064	0.1007	0.1012	0.1005	0.3889	0.1999	0.1263	0.1032	0.0991	0.0989	0.0996	0.0988	0.2899	0.1517	0.1114	0.1003	0.1011	0.0996	0.1027	0.1000	0.2192	0.1282	0.1022	0.1003	0.0997	0.1012	0.1006	0.0993	0.1789	0.1118	0.1005	0.0981	0.0986	0.0998	0.1011	0.1021	0.1541	0.1063	0.0999	0.0994	0.1014	0.1012	0.1009	0.0994	
0.6529	0.5878	0.4990	0.3038	0.1951	0.1476	0.1309	0.1239	0.5857	0.4441	0.2455	0.1380	0.1172	0.1061	0.1055	0.1032	0.5148	0.3155	0.1694	0.1155	0.1066	0.1005	0.1014	0.1011	0.4118	0.2085	0.1283	0.1047	0.0988	0.0990	0.0998	0.0994	0.3036	0.1553	0.1123	0.1006	0.1010	0.0991	0.1026	0.1004	0.2292	0.1291	0.1018	0.1002	0.0998	0.1005	0.0998	0.0993	0.1849	0.1122	0.1009	0.0982	0.0988	0.1005	0.1005	0.1025	0.1581	0.1063	0.1005	0.0989	0.1016	0.1010	0.1009	0.0994	
0.6790	0.6110	0.5258	0.3201	0.2012	0.1503	0.1322	0.1248	0.6108	0.4716	0.2572	0.1396	0.1176	0.1063	0.1056	0.1037	0.5316	0.3329	0.1746	0.1154	0.1073	0.1006	0.1007	0.1002	0.4338	0.2181	0.1289	0.1050	0.0991	0.0988	0.0992	0.0990	0.3210	0.1584	0.1117	0.1001	0.1008	0.0989	0.1022	0.1002	0.2398	0.1316	0.1014	0.0997	0.0988	0.1002	0.0999	0.0990	0.1919	0.1126	0.0999	0.0980	0.0981	0.0994	0.1009	0.1017	0.1619	0.1067	0.0999	0.0991	0.1010	0.1007	0.1001	0.0992	
0.7034	0.6371	0.5552	0.3399	0.2082	0.1537	0.1332	0.1253	0.6350	0.5005	0.2710	0.1423	0.1182	0.1064	0.1049	0.1038	0.5714	0.3548	0.1794	0.1163	0.1069	0.1006	0.1015	0.1006	0.4587	0.2287	0.1302	0.1034	0.0987	0.0987	0.0993	0.0990	0.3385	0.1626	0.1126	0.1001	0.1007	0.0989	0.1022	0.0995	0.2498	0.1328	0.1016	0.1001	0.0990	0.1003	0.0995	0.0989	0.1991	0.1132	0.1002	0.0977	0.0983	0.0997	0.1004	0.1016	0.1659	0.1069	0.0994	0.0989	0.1008	0.1005	0.1004	0.0995	
0.7178	0.6607	0.5846	0.3591	0.2169	0.1566	0.1350	0.1270	0.6558	0.5307	0.2855	0.1453	0.1189	0.1075	0.1057	0.1041	0.5768	0.3748	0.1854	0.1163	0.1073	0.1010	0.1010	0.1005	0.4826	0.2405	0.1320	0.1030	0.0992	0.0986	0.0999	0.0992	0.3570	0.1686	0.1125	0.1002	0.1009	0.0993	0.1025	0.0997	0.2620	0.1357	0.1015	0.1002	0.0993	0.1000	0.0998	0.0990	0.2062	0.1138	0.1005	0.0979	0.0977	0.0999	0.1007	0.1018	0.1712	0.1071	0.0992	0.0990	0.1011	0.1005	0.1000	0.0990	
0.7307	0.6857	0.6107	0.3813	0.2250	0.1595	0.1364	0.1282	0.6757	0.5596	0.3018	0.1472	0.1199	0.1074	0.1062	0.1040	0.6101	0.3994	0.1906	0.1172	0.1073	0.1005	0.1011	0.1002	0.5062	0.2513	0.1349	0.1061	0.0988	0.0987	0.0996	0.0990	0.3735	0.1731	0.1137	0.1004	0.1008	0.0993	0.1025	0.0999	0.2740	0.1376	0.1021	0.1001	0.0995	0.1004	0.0999	0.0992	0.2136	0.1143	0.1011	0.0980	0.0982	0.0995	0.1006	0.1019	0.1757	0.1071	0.0995	0.0991	0.1012	0.1005	0.1002	0.0993	
0.7382	0.7070	0.6357	0.4043	0.2327	0.1618	0.1383	0.1282	0.6953	0.5878	0.3155	0.1481	0.1202	0.1069	0.1054	0.1042	0.6297	0.4229	0.1963	0.1175	0.1073	0.1006	0.1010	0.1005	0.5300	0.2627	0.1371	0.1065	0.0988	0.0984	0.0995	0.0987	0.3948	0.1775	0.1141	0.1003	0.1008	0.0989	0.1018	0.0995	0.2862	0.1390	0.1017	0.1001	0.0983	0.1002	0.0993	0.0991	0.2224	0.1147	0.1004	0.0974	0.0977	0.0997	0.0999	0.1015	0.1792	0.1073	0.0990	0.0986	0.1011	0.1003	0.1000	0.0988	
0.7414	0.7240	0.6616	0.4279	0.2419	0.1655	0.1382	0.1298	0.7123	0.6127	0.3342	0.1517	0.1209	0.1071	0.1061	0.1038	0.6426	0.4437	0.2022	0.1184	0.1092	0.1004	0.1010	0.1005	0.5514	0.2765	0.1364	0.1040	0.0988	0.0984	0.0996	0.0986	0.4151	0.1821	0.1141	0.1004	0.1008	0.0987	0.1021	0.0997	0.2987	0.1416	0.1021	0.0997	0.0988	0.1003	0.0996	0.0991	0.2308	0.1144	0.1005	0.0981	0.0981	0.0993	0.1002	0.1018	0.1845	0.1076	0.0997	0.0990	0.1012	0.1004	0.1000	0.0989	
0.7434	0.7308	0.6846	0.4506	0.2519	0.1688	0.1404	0.1303	0.7246	0.6351	0.3524	0.1553	0.1214	0.1075	0.1063	0.1045	0.6697	0.4690	0.2080	0.1182	0.1077	0.1009	0.1010	0.0998	0.5741	0.2913	0.1381	0.1033	0.0988	0.0982	0.0991	0.0987	0.4326	0.1877	0.1140	0.1001	0.1008	0.0983	0.1019	0.0995	0.3117	0.1442	0.1021	0.0996	0.0992	0.0997	0.0994	0.0986	0.2396	0.1148	0.1003	0.0974	0.0978	0.0992	0.0999	0.1015	0.1889	0.1074	0.0994	0.0985	0.1005	0.1003	0.0996	0.0986	
0.7481	0.7362	0.7099	0.4756	0.2624	0.1720	0.1416	0.1311	0.7308	0.6595	0.3720	0.1571	0.1223	0.1079	0.1062	0.1044	0.6846	0.4947	0.2159	0.1190	0.1077	0.1006	0.1011	0.1003	0.5980	0.3056	0.1406	0.1063	0.0990	0.0989	0.0994	0.0991	0.4595	0.1953	0.1153	0.0998	0.1007	0.0986	0.1024	0.0999	0.3262	0.1470	0.1021	0.0999	0.0990	0.0999	0.0998	0.0990	0.2485	0.1158	0.1003	0.0983	0.0984	0.0995	0.1002	0.1015	0.1950	0.1078	0.0994	0.0988	0.1010	0.1004	0.1004	0.0991	
0.7534	0.7403	0.7289	0.4987	0.2733	0.1758	0.1438	0.1331	0.7324	0.6803	0.3929	0.1602	0.1233	0.1086	0.1062	0.1045	0.6976	0.5215	0.2231	0.1198	0.1082	0.1007	0.1014	0.1006	0.6124	0.3220	0.1422	0.1067	0.0996	0.0990	0.0997	0.0992	0.4750	0.2008	0.1159	0.1008	0.1012	0.0989	0.1022	0.1000	0.3393	0.1498	0.1021	0.1002	0.0991	0.1005	0.0998	0.0990	0.2622	0.1163	0.1003	0.0981	0.0983	0.0999	0.1004	0.1017	0.2003	0.1081	0.0996	0.0990	0.1011	0.1004	0.1005	0.0992	
0.7542	0.7442	0.7388	0.5245	0.2845	0.1790	0.1454	0.1333	0.7384	0.7017	0.4120	0.1635	0.1241	0.1086	0.1064	0.1047	0.7150	0.5458	0.2306	0.1199	0.1082	0.1003	0.1012	0.1005	0.6327	0.3384	0.1457	0.1043	0.0991	0.0990	0.0995	0.0991	0.4925	0.2075	0.1158	0.1004	0.1011	0.0990	0.1025	0.0999	0.3547	0.1519	0.1019	0.1000	0.0989	0.1002	0.0997	0.0987	0.2675	0.1168	0.1006	0.0978	0.0981	0.0996	0.1005	0.1019	0.2053	0.1083	0.0995	0.0993	0.1010	0.1004	0.1000	0.0988	
0.7581	0.7460	0.7435	0.5486	0.2968	0.1828	0.1465	0.1340	0.7402	0.7199	0.4347	0.1657	0.1245	0.1088	0.1063	0.1046	0.7167	0.5684	0.2390	0.1209	0.1085	0.1005	0.1011	0.1003	0.6539	0.3560	0.1485	0.1038	0.0994	0.0987	0.0998	0.0987	0.5133	0.2149	0.1163	0.1004	0.1010	0.0989	0.1023	0.0996	0.3714	0.1553	0.1024	0.0996	0.0991	0.1003	0.0996	0.0989	0.2792	0.1174	0.1007	0.0978	0.0980	0.0995	0.1000	0.1014	0.2100	0.1084	0.0995	0.0988	0.1009	0.1004	0.1000	0.0989	
0.7599	0.7502	0.7466	0.5738	0.3092	0.1865	0.1482	0.1355	0.7456	0.7282	0.4569	0.1689	0.1258	0.1091	0.1069	0.1044	0.7342	0.5964	0.2479	0.1221	0.1097	0.1010	0.1017	0.1008	0.6714	0.3735	0.1484	0.1042	0.0992	0.0989	0.0995	0.0993	0.5322	0.2228	0.1173	0.1005	0.1011	0.0994	0.1021	0.1000	0.3864	0.1582	0.1023	0.1000	0.0989	0.1001	0.1000	0.0988	0.2912	0.1180	0.1007	0.0981	0.0984	0.1000	0.1004	0.1018	0.2167	0.1086	0.0991	0.0992	0.1009	0.1005	0.0999	0.0991	
0.7596	0.7505	0.7487	0.5968	0.3199	0.1906	0.1495	0.1364	0.7445	0.7340	0.4789	0.1725	0.1263	0.1089	0.1074	0.1043	0.7295	0.6186	0.2554	0.1221	0.1085	0.1011	0.1012	0.1007	0.6883	0.3928	0.1501	0.1039	0.0993	0.0988	0.0996	0.0994	0.5444	0.2306	0.1171	0.1004	0.1010	0.0990	0.1024	0.1006	0.4017	0.1609	0.1022	0.0997	0.0990	0.1001	0.0995	0.0990	0.2983	0.1183	0.1009	0.0978	0.0981	0.0994	0.0998	0.1015	0.2229	0.1087	0.0991	0.0986	0.1007	0.1008	0.0996	0.0987	
0.7641	0.7557	0.7530	0.6235	0.3341	0.1932	0.1515	0.1368	0.7463	0.7393	0.5019	0.1755	0.1269	0.1089	0.1071	0.1043	0.7282	0.6420	0.2656	0.1224	0.1094	0.1010	0.1015	0.1008	0.7004	0.4134	0.1537	0.1044	0.0993	0.0989	0.0997	0.0988	0.5616	0.2391	0.1178	0.1005	0.1008	0.0989	0.1024	0.0999	0.4139	0.1651	0.1026	0.0997	0.0990	0.1001	0.0997	0.0989	0.3065	0.1196	0.1003	0.0975	0.0981	0.0999	0.0999	0.1020	0.2287	0.1087	0.0991	0.0985	0.1005	0.1002	0.1003	0.0993	
0.7650	0.7575	0.7582	0.6472	0.3494	0.1984	0.1530	0.1386	0.7502	0.7449	0.5258	0.1786	0.1280	0.1102	0.1074	0.1049	0.7481	0.6656	0.2755	0.1231	0.1095	0.1011	0.1014	0.1007	0.7143	0.4335	0.1544	0.1040	0.0993	0.0986	0.0993	0.0991	0.5826	0.2479	0.1181	0.1006	0.1010	0.0988	0.1022	0.0997	0.4306	0.1693	0.1023	0.0998	0.0989	0.1002	0.0998	0.0990	0.3192	0.1198	0.1009	0.0981	0.0980	0.1001	0.1003	0.1018	0.2347	0.1089	0.0995	0.0987	0.1011	0.1005	0.0999	0.0990	
0.7686	0.7603	0.7585	0.6706	0.3627	0.2023	0.1539	0.1394	0.7527	0.7454	0.5478	0.1818	0.1276	0.1096	0.1075	0.1043	0.7401	0.6837	0.2844	0.1235	0.1091	0.1013	0.1018	0.1004	0.7212	0.4543	0.1572	0.1069	0.0995	0.0988	0.0994	0.0990	0.5962	0.2562	0.1190	0.1005	0.1004	0.0990	0.1020	0.0996	0.4459	0.1716	0.1027	0.0996	0.0989	0.1005	0.0996	0.0988	0.3289	0.1201	0.1010	0.0977	0.0983	0.0995	0.1002	0.1024	0.2412	0.1088	0.0992	0.0986	0.1009	0.1004	0.0997	0.0988	
0.7715	0.7630	0.7604	0.6943	0.3773	0.2061	0.1556	0.1403	0.7543	0.7487	0.5721	0.1860	0.1289	0.1103	0.1074	0.1047	0.7395	0.7024	0.2950	0.1243	0.1094	0.1012	0.1018	0.1008	0.7261	0.4754	0.1593	0.1047	0.0995	0.0990	0.0994	0.0990	0.6177	0.2661	0.1189	0.1007	0.1011	0.0988	0.1022	0.1000	0.4606	0.1764	0.1022	0.1000	0.0989	0.1000	0.0995	0.0987	0.3424	0.1214	0.1006	0.0981	0.0984	0.0997	0.1005	0.1017	0.2486	0.1086	0.0994	0.0987	0.1009	0.1006	0.1001	0.0990	
0.7754	0.7644	0.7630	0.7105	0.3938	0.2114	0.1579	0.1417	0.7584	0.7525	0.5958	0.1895	0.1299	0.1104	0.1073	0.1055	0.7378	0.7141	0.3064	0.1245	0.1093	0.1014	0.1012	0.1010	0.7298	0.4971	0.1620	0.1099	0.0992	0.0988	0.0996	0.0992	0.6298	0.2770	0.1189	0.1009	0.1010	0.0989	0.1021	0.0999	0.4773	0.1814	0.1026	0.0996	0.0986	0.0999	0.0994	0.0986	0.3504	0.1217	0.1005	0.0978	0.0981	0.0995	0.0999	0.1018	0.2540	0.1095	0.0995	0.0990	0.1010	0.1003	0.0999	0.0989	
0.7746	0.7687	0.7666	0.7217	0.4098	0.2140	0.1586	0.1418	0.7607	0.7559	0.6186	0.1920	0.1303	0.1101	0.1070	0.1050	0.7433	0.7235	0.3176	0.1250	0.1114	0.1014	0.1013	0.1002	0.7302	0.5178	0.1652	0.1048	0.0988	0.0985	0.0991	0.0987	0.6462	0.2863	0.1195	0.1002	0.1005	0.0984	0.1019	0.0998	0.4934	0.1848	0.1027	0.0996	0.0986	0.0997	0.0995	0.0987	0.3646	0.1216	0.1002	0.0975	0.0978	0.0995	0.1000	0.1012	0.2606	0.1087	0.0988	0.0986	0.1005	0.0998	0.0993	0.0984	
0.7823	0.7731	0.7708	0.7308	0.4288	0.2207	0.1611	0.1436	0.7617	0.7563	0.6441	0.1967	0.1313	0.1105	0.1079	0.1053	0.7586	0.7315	0.3307	0.1260	0.1097	0.1014	0.1018	0.1013	0.7306	0.5415	0.1667	0.1046	0.0994	0.0989	0.0997	0.0995	0.6632	0.2984	0.1204	0.1011	0.1008	0.0991	0.1022	0.1004	0.5108	0.1894	0.1026	0.0998	0.0991	0.1000	0.0998	0.0990	0.3748	0.1231	0.1009	0.0983	0.0982	0.0998	0.1003	0.1019	0.2665	0.1099	0.0997	0.0988	0.1012	0.1004	0.1004	0.0989	
0.7823	0.7737	0.7717	0.7328	0.4457	0.2258	0.1624	0.1457	0.7628	0.7583	0.6646	0.2021	0.1329	0.1107	0.1081	0.1055	0.7468	0.7331	0.3432	0.1264	0.1113	0.1016	0.1018	0.1016	0.7355	0.5605	0.1703	0.1051	0.1000	0.0990	0.0997	0.1001	0.6721	0.3095	0.1212	0.1015	0.1011	0.0994	0.1026	0.1004	0.5280	0.1939	0.1030	0.0998	0.0992	0.1003	0.0999	0.0990	0.3842	0.1239	0.1005	0.0981	0.0981	0.0998	0.1000	0.1018	0.2731	0.1099	0.0998	0.0992	0.1014	0.1002	0.1003	0.0990	
0.7857	0.7772	0.7752	0.7381	0.4625	0.2293	0.1640	0.1454	0.7635	0.7609	0.6835	0.2046	0.1327	0.1107	0.1077	0.1048	0.7452	0.7336	0.3554	0.1265	0.1111	0.1010	0.1016	0.1009	0.7354	0.5807	0.1717	0.1083	0.0996	0.0989	0.0994	0.0989	0.6729	0.3226	0.1207	0.1006	0.1006	0.0984	0.1025	0.1007	0.5432	0.1987	0.1025	0.0998	0.0992	0.1003	0.1001	0.0990	0.3988	0.1239	0.1008	0.0977	0.0982	0.0995	0.0999	0.1016	0.2779	0.1097	0.0995	0.0986	0.1008	0.1004	0.0998	0.0989	
0.7892	0.7803	0.7781	0.7395	0.4800	0.2356	0.1666	0.1473	0.7667	0.7644	0.7002	0.2097	0.1336	0.1115	0.1077	0.1056	0.7504	0.7380	0.3700	0.1279	0.1098	0.1012	0.1014	0.1011	0.7385	0.6038	0.1756	0.1082	0.0995	0.0990	0.0993	0.0992	0.6779	0.3347	0.1215	0.1005	0.1006	0.0985	0.1021	0.0997	0.5573	0.2051	0.1026	0.0999	0.0990	0.1002	0.0995	0.0986	0.4127	0.1251	0.1006	0.0979	0.0981	0.0995	0.1001	0.1018	0.2834	0.1102	0.0991	0.0989	0.1010	0.1001	0.1001	0.0989	
0.7900	0.7834	0.7830	0.7428	0.4988	0.2391	0.1678	0.1470	0.7672	0.7662	0.7105	0.2129	0.1343	0.1106	0.1075	0.1053	0.7520	0.7415	0.3842	0.1278	0.1098	0.1012	0.1017	0.1005	0.7387	0.6236	0.1788	0.1047	0.0994	0.0987	0.0994	0.0990	0.6776	0.3492	0.1215	0.1006	0.1006	0.0986	0.1019	0.0995	0.5718	0.2088	0.1027	0.0997	0.0990	0.0999	0.0996	0.0987	0.4236	0.1254	0.1005	0.0978	0.0978	0.0990	0.0998	0.1015	0.2901	0.1101	0.0993	0.0986	0.1008	0.1000	0.1000	0.0987	
0.7941	0.7845	0.7839	0.7461	0.5168	0.2456	0.1696	0.1482	0.7708	0.7694	0.7186	0.2171	0.1348	0.1112	0.1083	0.1052	0.7424	0.7408	0.3971	0.1280	0.1101	0.1015	0.1016	0.1004	0.7411	0.6423	0.1801	0.1082	0.0994	0.0985	0.0994	0.0994	0.6845	0.3631	0.1218	0.1005	0.1003	0.0983	0.1018	0.0995	0.5873	0.2145	0.1026	0.0995	0.0984	0.0998	0.0993	0.0985	0.4336	0.1256	0.1005	0.0976	0.0980	0.0992	0.0994	0.1015	0.2959	0.1100	0.0991	0.0986	0.1005	0.0999	0.0995	0.0986	
0.8035	0.7908	0.7880	0.7489	0.5371	0.2504	0.1726	0.1509	0.7728	0.7706	0.7224	0.2218	0.1355	0.1114	0.1086	0.1052	0.7673	0.7520	0.4121	0.1284	0.1104	0.1015	0.1020	0.1008	0.7402	0.6636	0.1838	0.1047	0.0999	0.0987	0.0996	0.0991	0.6824	0.3774	0.1223	0.1008	0.1005	0.0983	0.1022	0.0998	0.6014	0.2203	0.1028	0.1000	0.0990	0.0997	0.0997	0.0988	0.4483	0.1267	0.1005	0.0978	0.0981	0.0994	0.0998	0.1015	0.3028	0.1101	0.0991	0.0987	0.1010	0.0998	0.0996	0.0991	
0.8001	0.7920	0.7909	0.7517	0.5535	0.2561	0.1734	0.1512	0.7755	0.7744	0.7280	0.2274	0.1367	0.1120	0.1083	0.1058	0.7537	0.7482	0.4259	0.1300	0.1117	0.1017	0.1022	0.1010	0.7442	0.6794	0.1870	0.1086	0.0994	0.0989	0.0995	0.0994	0.6878	0.3935	0.1228	0.1008	0.1010	0.0986	0.1022	0.0999	0.6187	0.2262	0.1034	0.1000	0.0989	0.1001	0.0994	0.0989	0.4582	0.1274	0.1005	0.0979	0.0980	0.0994	0.0997	0.1016	0.3082	0.1103	0.0992	0.0987	0.1010	0.0999	0.0998	0.0988	
0.8038	0.7968	0.7931	0.7531	0.5716	0.2623	0.1748	0.1511	0.7752	0.7759	0.7301	0.2316	0.1368	0.1117	0.1084	0.1054	0.7515	0.7489	0.4437	0.1292	0.1120	0.1011	0.1013	0.1007	0.7427	0.6969	0.1906	0.1065	0.0989	0.0987	0.0994	0.0988	0.6860	0.4053	0.1235	0.1006	0.1002	0.0981	0.1019	0.0994	0.6286	0.2338	0.1022	0.0997	0.0984	0.0996	0.0990	0.0983	0.4733	0.1281	0.0998	0.0976	0.0977	0.0993	0.0998	0.1015	0.3143	0.1101	0.0988	0.0987	0.1003	0.1000	0.0991	0.0984	
0.8090	0.7997	0.7966	0.7565	0.5901	0.2677	0.1771	0.1521	0.7774	0.7780	0.7346	0.2369	0.1379	0.1122	0.1087	0.1056	0.7535	0.7546	0.4583	0.1307	0.1107	0.1016	0.1019	0.1010	0.7441	0.7077	0.1950	0.1054	0.0996	0.0989	0.0994	0.0993	0.6860	0.4266	0.1240	0.1008	0.1011	0.0985	0.1021	0.0999	0.6384	0.2398	0.1030	0.0998	0.0992	0.1000	0.0991	0.0986	0.4820	0.1289	0.1007	0.0979	0.0979	0.0994	0.1002	0.1017	0.3204	0.1099	0.0993	0.0988	0.1008	0.1002	0.0997	0.0987	
0.8103	0.7997	0.8003	0.7583	0.6085	0.2730	0.1772	0.1538	0.7770	0.7802	0.7372	0.2412	0.1375	0.1123	0.1087	0.1055	0.7572	0.7533	0.4748	0.1309	0.1106	0.1016	0.1018	0.1007	0.7471	0.7185	0.1960	0.1064	0.0992	0.0989	0.0991	0.0990	0.6867	0.4416	0.1242	0.1008	0.1005	0.0987	0.1022	0.0997	0.6481	0.2465	0.1024	0.0995	0.0987	0.1001	0.0991	0.0983	0.4967	0.1296	0.1003	0.0974	0.0976	0.0991	0.0997	0.1015	0.3264	0.1104	0.0992	0.0991	0.1004	0.0998	0.0996	0.0987	
0.8163	0.8048	0.8029	0.7619	0.6264	0.2802	0.1810	0.1539	0.7793	0.7815	0.7393	0.2461	0.1390	0.1126	0.1086	0.1056	0.7546	0.7548	0.4921	0.1308	0.1109	0.1017	0.1019	0.1007	0.7452	0.7224	0.1998	0.1089	0.0994	0.0990	0.0990	0.0991	0.6852	0.4579	0.1245	0.1007	0.1006	0.0986	0.1017	0.0998	0.6563	0.2535	0.1027	0.0997	0.0984	0.0997	0.0986	0.0982	0.5206	0.1301	0.1003	0.0974	0.0978	0.0990	0.0994	0.1014	0.3344	0.1106	0.0989	0.0985	0.1005	0.0997	0.0994	0.0986	
0.8168	0.8082	0.8059	0.7639	0.6446	0.2863	0.1827	0.1557	0.7822	0.7831	0.7421	0.2514	0.1400	0.1127	0.1091	0.1057	0.7547	0.7601	0.5082	0.1321	0.1106	0.1018	0.1022	0.1007	0.7459	0.7259	0.2032	0.1071	0.0995	0.0990	0.0993	0.0991	0.6904	0.4727	0.1251	0.1005	0.1007	0.0986	0.1021	0.0999	0.6571	0.2613	0.1030	0.0997	0.0987	0.0998	0.0990	0.0982	0.5324	0.1313	0.1003	0.0979	0.0981	0.0992	0.0998	0.1015	0.3423	0.1108	0.0992	0.0987	0.1009	0.0999	0.1003	0.0989	
0.8251	0.8111	0.8106	0.7672	0.6609	0.2916	0.1830	0.1564	0.7816	0.7843	0.7452	0.2576	0.1395	0.1129	0.1086	0.1058	0.7580	0.7613	0.5248	0.1323	0.1119	0.1016	0.1017	0.1007	0.7459	0.7301	0.2071	0.1051	0.0993	0.0986	0.0993	0.0990	0.6888	0.4886	0.1252	0.1004	0.1007	0.0984	0.1021	0.0996	0.6560	0.2689	0.1025	0.0999	0.0988	0.0999	0.0992	0.0982	0.5353	0.1314	0.1004	0.0977	0.0978	0.0992	0.0997	0.1014	0.3477	0.1105	0.0989	0.0991	0.1007	0.0993	0.0997	0.0987	
0.8246	0.8130	0.8123	0.7699	0.6764	0.2983	0.1856	0.1571	0.7833	0.7888	0.7473	0.2631	0.1409	0.1125	0.1088	0.1054	0.7689	0.7649	0.5422	0.1330	0.1109	0.1018	0.1019	0.1008	0.7479	0.7323	0.2117	0.1076	0.0996	0.0986	0.0991	0.0990	0.6951	0.5066	0.1257	0.1005	0.1004	0.0984	0.1020	0.0986	0.6586	0.2774	0.1026	0.0993	0.0984	0.0995	0.0989	0.0980	0.5492	0.1323	0.1005	0.0977	0.0982	0.0990	0.0995	0.1014	0.3556	0.1106	0.0987	0.0984	0.1005	0.0988	0.0990	0.0987	
