0.0914	0.0905	0.0903	0.0904	0.0913	0.0900	0.0900	0.0902	0.0912	0.0914	0.0905	0.0913	0.0909	0.0912	0.0912	0.0911	0.0898	0.0908	0.0915	0.0901	0.0903	0.0903	0.0907	0.0900	0.0914	0.0916	0.0919	0.0920	0.0917	0.0920	0.0916	0.0926	0.0917	0.0942	0.0918	0.0909	0.0906	0.0924	0.0910	0.0938	0.0944	0.0935	0.0928	0.0958	0.0926	0.0957	0.0942	0.0956	0.0925	0.0926	0.0943	0.0935	0.0914	0.0917	0.0913	0.0920	0.0941	0.0943	0.0944	0.0956	0.0962	0.1005	0.1023	0.0948	
0.0927	0.0913	0.0915	0.0912	0.0928	0.0917	0.0913	0.0919	0.0916	0.0906	0.0907	0.0915	0.0915	0.0910	0.0918	0.0924	0.0909	0.0910	0.0927	0.0907	0.0913	0.0909	0.0922	0.0908	0.0911	0.0914	0.0915	0.0918	0.0918	0.0914	0.0918	0.0914	0.0910	0.0912	0.0916	0.0914	0.0905	0.0904	0.0910	0.0912	0.0911	0.0914	0.0919	0.0916	0.0915	0.0913	0.0912	0.0922	0.0909	0.0920	0.0923	0.0909	0.0910	0.0906	0.0918	0.0905	0.0920	0.0917	0.0915	0.0916	0.0912	0.0920	0.0917	0.0921	
0.0924	0.0910	0.0910	0.0908	0.0925	0.0913	0.0914	0.0909	0.0916	0.0909	0.0909	0.0915	0.0909	0.0903	0.0911	0.0911	0.0905	0.0905	0.0924	0.0903	0.0907	0.0904	0.0916	0.0903	0.0911	0.0914	0.0910	0.0913	0.0913	0.0912	0.0911	0.0909	0.0909	0.0909	0.0914	0.0913	0.0903	0.0907	0.0910	0.0905	0.0911	0.0909	0.0965	0.0907	0.0911	0.0909	0.0911	0.0917	0.0911	0.0916	0.0916	0.0912	0.0908	0.0905	0.0920	0.0900	0.0917	0.0917	0.0915	0.0917	0.0907	0.0912	0.0912	0.0920	
0.0925	0.0909	0.0911	0.0912	0.0921	0.0908	0.0910	0.0906	0.0910	0.0904	0.0907	0.0915	0.0910	0.0899	0.0909	0.0907	0.0904	0.0906	0.0924	0.0904	0.0910	0.0905	0.0915	0.0905	0.0907	0.0910	0.0911	0.0916	0.0913	0.0909	0.0915	0.0909	0.0908	0.0908	0.0911	0.0912	0.0910	0.0904	0.0907	0.0907	0.0903	0.0910	0.0938	0.0905	0.0905	0.0907	0.0908	0.0916	0.0906	0.0919	0.0915	0.0910	0.0905	0.0901	0.0916	0.0904	0.0917	0.0915	0.0916	0.0914	0.0909	0.0912	0.0909	0.0917	
0.0925	0.0909	0.0909	0.0910	0.0921	0.0910	0.0910	0.0903	0.0913	0.0902	0.0905	0.0913	0.0914	0.0902	0.0907	0.0906	0.0905	0.0910	0.0913	0.0907	0.0908	0.0913	0.0915	0.0903	0.0911	0.0916	0.0909	0.0914	0.0911	0.0910	0.0910	0.0916	0.0908	0.0917	0.0911	0.0915	0.0907	0.0905	0.0904	0.0906	0.0907	0.0916	0.0956	0.0905	0.0911	0.0911	0.0910	0.0915	0.0910	0.0919	0.0916	0.0913	0.0904	0.0900	0.0914	0.0904	0.0916	0.0913	0.0915	0.0917	0.0910	0.0915	0.0908	0.0923	
0.0927	0.0909	0.0912	0.0912	0.0920	0.0911	0.0912	0.0911	0.0913	0.0906	0.0907	0.0915	0.0914	0.0905	0.0909	0.0911	0.0909	0.0909	0.0925	0.0910	0.0910	0.0909	0.0915	0.0908	0.0916	0.0919	0.0916	0.0916	0.0916	0.0911	0.0916	0.0911	0.0911	0.0916	0.0917	0.0918	0.0906	0.0907	0.0908	0.0915	0.0912	0.0917	0.0930	0.0908	0.0915	0.0913	0.0912	0.0915	0.0913	0.0922	0.0919	0.0914	0.0909	0.0906	0.0916	0.0909	0.0920	0.0917	0.0919	0.0917	0.0912	0.0920	0.0915	0.0924	
0.0925	0.0911	0.0914	0.0913	0.0920	0.0911	0.0911	0.0907	0.0910	0.0907	0.0909	0.0915	0.0911	0.0902	0.0907	0.0912	0.0903	0.0910	0.0924	0.0906	0.0910	0.0909	0.0913	0.0910	0.0913	0.0914	0.0912	0.0915	0.0914	0.0909	0.0912	0.0923	0.0908	0.0910	0.0915	0.0914	0.0910	0.0903	0.0910	0.0909	0.0908	0.0911	0.0953	0.0904	0.0911	0.0913	0.0911	0.0917	0.0908	0.0915	0.0920	0.0909	0.0910	0.0908	0.0915	0.0901	0.0918	0.0916	0.0919	0.0922	0.0915	0.0917	0.0913	0.0919	
0.0929	0.0910	0.0913	0.0917	0.0927	0.0911	0.0912	0.0910	0.0915	0.0909	0.0909	0.0916	0.0914	0.0906	0.0911	0.0908	0.0908	0.0914	0.0924	0.0911	0.0912	0.0907	0.0918	0.0907	0.0915	0.0913	0.0912	0.0916	0.0918	0.0914	0.0938	0.0912	0.0916	0.0909	0.0918	0.0915	0.0910	0.0906	0.0907	0.0912	0.0912	0.0916	0.0943	0.0908	0.0910	0.0915	0.0911	0.0915	0.0914	0.0924	0.0918	0.0915	0.0903	0.0904	0.0915	0.0907	0.0921	0.0918	0.0919	0.0912	0.0910	0.0919	0.0914	0.0922	
0.0931	0.0910	0.0913	0.0914	0.0920	0.0912	0.0916	0.0907	0.0915	0.0911	0.0910	0.0918	0.0916	0.0906	0.0913	0.0912	0.0908	0.0912	0.0918	0.0911	0.0914	0.0905	0.0919	0.0909	0.0916	0.0917	0.0916	0.0915	0.0916	0.0910	0.0915	0.0911	0.0913	0.0920	0.0918	0.0917	0.0913	0.0910	0.0912	0.0915	0.0911	0.0917	0.0928	0.0909	0.0916	0.0914	0.0914	0.0919	0.0910	0.0921	0.0919	0.0915	0.0904	0.0909	0.0919	0.0909	0.0924	0.0925	0.0917	0.0916	0.0910	0.0919	0.0918	0.0918	
0.0927	0.0911	0.0917	0.0916	0.0922	0.0914	0.0914	0.0912	0.0918	0.0911	0.0914	0.0917	0.0912	0.0908	0.0922	0.0910	0.0910	0.0912	0.0926	0.0912	0.0918	0.0912	0.0918	0.0910	0.0918	0.0918	0.0917	0.0914	0.0918	0.0913	0.0918	0.0919	0.0913	0.0914	0.0918	0.0912	0.0913	0.0908	0.0910	0.0913	0.0913	0.0916	0.0965	0.0913	0.0913	0.0913	0.0915	0.0915	0.0915	0.0926	0.0923	0.0916	0.0906	0.0920	0.0917	0.0905	0.0922	0.0919	0.0926	0.0922	0.0914	0.0918	0.0919	0.0929	
0.0932	0.0913	0.0917	0.0917	0.0923	0.0918	0.0915	0.0911	0.0916	0.0911	0.0912	0.0920	0.0913	0.0909	0.0920	0.0913	0.0908	0.0911	0.0927	0.0912	0.0917	0.0910	0.0921	0.0909	0.0918	0.0914	0.0917	0.0921	0.0917	0.0914	0.0916	0.0911	0.0907	0.0920	0.0919	0.0916	0.0913	0.0908	0.0907	0.0912	0.0914	0.0912	0.0925	0.0909	0.0918	0.0911	0.0914	0.0913	0.0910	0.0921	0.0919	0.0911	0.0910	0.0909	0.0917	0.0910	0.0920	0.0922	0.0927	0.0921	0.0912	0.0929	0.0913	0.0928	
0.0934	0.0915	0.0916	0.0922	0.0931	0.0918	0.0918	0.0916	0.0918	0.0913	0.0916	0.0927	0.0917	0.0910	0.0917	0.0915	0.0914	0.0916	0.0928	0.0915	0.0918	0.0918	0.0923	0.0914	0.0919	0.0925	0.0924	0.0923	0.0918	0.0918	0.0917	0.0918	0.0916	0.0922	0.0918	0.0921	0.0917	0.0914	0.0914	0.0915	0.0917	0.0922	0.0938	0.0913	0.0917	0.0918	0.0919	0.0925	0.0912	0.0933	0.0921	0.0917	0.0917	0.0908	0.0921	0.0908	0.0927	0.0919	0.0927	0.0927	0.0915	0.0926	0.0915	0.0926	
0.0936	0.0917	0.0919	0.0920	0.0928	0.0921	0.0920	0.0917	0.0920	0.0918	0.0918	0.0925	0.0921	0.0910	0.0922	0.0918	0.0915	0.0915	0.0935	0.0914	0.0920	0.0918	0.0924	0.0914	0.0921	0.0927	0.0923	0.0929	0.0921	0.0918	0.0924	0.0921	0.0919	0.0924	0.0920	0.0923	0.0918	0.0911	0.0917	0.0919	0.0917	0.0921	0.0964	0.0914	0.0923	0.0920	0.0917	0.0922	0.0912	0.0935	0.0925	0.0917	0.0914	0.0913	0.0923	0.0906	0.0928	0.0927	0.0927	0.0928	0.0924	0.0920	0.0921	0.0931	
0.0939	0.0921	0.0924	0.0921	0.0931	0.0922	0.0922	0.0917	0.0924	0.0924	0.0921	0.0925	0.0920	0.0915	0.0924	0.0917	0.0915	0.0918	0.0934	0.0917	0.0920	0.0918	0.0924	0.0915	0.0923	0.0921	0.0925	0.0928	0.0925	0.0922	0.0929	0.0921	0.0922	0.0918	0.0927	0.0921	0.0920	0.0913	0.0914	0.0917	0.0915	0.0925	0.0946	0.0911	0.0918	0.0920	0.0917	0.0923	0.0918	0.0930	0.0923	0.0918	0.0913	0.0913	0.0923	0.0915	0.0925	0.0924	0.0919	0.0921	0.0912	0.0922	0.0920	0.0928	
0.0943	0.0923	0.0922	0.0926	0.0931	0.0922	0.0923	0.0920	0.0925	0.0919	0.0919	0.0927	0.0925	0.0912	0.0929	0.0916	0.0919	0.0919	0.0926	0.0914	0.0923	0.0917	0.0925	0.0920	0.0925	0.0926	0.0922	0.0926	0.0924	0.0918	0.0921	0.0921	0.0925	0.0921	0.0924	0.0920	0.0918	0.0912	0.0921	0.0917	0.0915	0.0917	0.0973	0.0915	0.0917	0.0916	0.0920	0.0920	0.0919	0.0924	0.0925	0.0914	0.0909	0.0910	0.0918	0.0909	0.0924	0.0923	0.0923	0.0924	0.0907	0.0923	0.0917	0.0925	
0.0940	0.0926	0.0922	0.0923	0.0933	0.0924	0.0923	0.0917	0.0924	0.0921	0.0920	0.0929	0.0926	0.0917	0.0918	0.0920	0.0916	0.0917	0.0933	0.0916	0.0921	0.0919	0.0926	0.0916	0.0924	0.0927	0.0928	0.0926	0.0926	0.0918	0.0922	0.0921	0.0921	0.0926	0.0927	0.0924	0.0917	0.0914	0.0918	0.0920	0.0925	0.0925	0.0922	0.0915	0.0922	0.0920	0.0923	0.0926	0.0924	0.0928	0.0923	0.0919	0.0917	0.0911	0.0920	0.0910	0.0927	0.0929	0.0927	0.0929	0.0914	0.0922	0.0919	0.0924	
0.0945	0.0926	0.0928	0.0926	0.0934	0.0928	0.0926	0.0918	0.0929	0.0921	0.0919	0.0930	0.0922	0.0919	0.0922	0.0920	0.0918	0.0922	0.0929	0.0925	0.0925	0.0918	0.0925	0.0918	0.0928	0.0926	0.0926	0.0926	0.0924	0.0922	0.0921	0.0923	0.0921	0.0921	0.0922	0.0920	0.0917	0.0916	0.0915	0.0920	0.0923	0.0926	0.0972	0.0919	0.0922	0.0921	0.0924	0.0924	0.0918	0.0930	0.0925	0.0915	0.0914	0.0912	0.0920	0.0911	0.0931	0.0930	0.0927	0.0924	0.0920	0.0923	0.0923	0.0928	
0.0949	0.0931	0.0929	0.0936	0.0940	0.0930	0.0928	0.0927	0.0934	0.0929	0.0927	0.0936	0.0927	0.0919	0.0928	0.0923	0.0922	0.0925	0.0934	0.0925	0.0927	0.0922	0.0928	0.0919	0.0930	0.0927	0.0927	0.0929	0.0931	0.0922	0.0927	0.0924	0.0927	0.0922	0.0928	0.0925	0.0921	0.0918	0.0919	0.0922	0.0925	0.0923	0.0934	0.0925	0.0926	0.0923	0.0921	0.0925	0.0921	0.0930	0.0925	0.0924	0.0916	0.0911	0.0924	0.0912	0.0928	0.0927	0.0924	0.0932	0.0918	0.0929	0.0925	0.0929	
0.0949	0.0933	0.0932	0.0933	0.0943	0.0931	0.0931	0.0927	0.0940	0.0934	0.0926	0.0935	0.0940	0.0924	0.0928	0.0926	0.0923	0.0931	0.0938	0.0925	0.0927	0.0925	0.0930	0.0920	0.0934	0.0932	0.0928	0.0930	0.0933	0.0924	0.0927	0.0930	0.0930	0.0927	0.0929	0.0924	0.0922	0.0917	0.0920	0.0923	0.0925	0.0929	0.0969	0.0923	0.0923	0.0924	0.0928	0.0925	0.0918	0.0931	0.0927	0.0920	0.0915	0.0913	0.0918	0.0910	0.0926	0.0929	0.0924	0.0929	0.0918	0.0927	0.0918	0.0928	
0.0957	0.0937	0.0938	0.0938	0.0948	0.0933	0.0937	0.0931	0.0946	0.0937	0.0930	0.0941	0.0933	0.0927	0.0942	0.0931	0.0928	0.0932	0.0938	0.0928	0.0936	0.0928	0.0931	0.0926	0.0938	0.0935	0.0932	0.0934	0.0930	0.0924	0.0928	0.0926	0.0935	0.0931	0.0931	0.0929	0.0926	0.0920	0.0920	0.0925	0.0929	0.0929	0.0956	0.0918	0.0927	0.0925	0.0922	0.0930	0.0923	0.0932	0.0929	0.0921	0.0915	0.0916	0.0922	0.0913	0.0934	0.0929	0.0931	0.0931	0.0922	0.0930	0.0927	0.0932	
0.0965	0.0938	0.0941	0.0945	0.0951	0.0938	0.0936	0.0926	0.0946	0.0936	0.0935	0.0939	0.0933	0.0927	0.0935	0.0929	0.0932	0.0935	0.0942	0.0930	0.0939	0.0927	0.0937	0.0927	0.0945	0.0938	0.0936	0.0937	0.0937	0.0931	0.0928	0.0925	0.0934	0.0926	0.0931	0.0931	0.0921	0.0922	0.0927	0.0924	0.0935	0.0934	0.0990	0.0923	0.0928	0.0923	0.0931	0.0926	0.0929	0.0938	0.0927	0.0926	0.0917	0.0918	0.0927	0.0916	0.0935	0.0929	0.0926	0.0927	0.0915	0.0921	0.0927	0.0930	
0.0969	0.0946	0.0946	0.0947	0.0957	0.0947	0.0940	0.0937	0.0947	0.0943	0.0940	0.0947	0.0938	0.0931	0.0934	0.0933	0.0938	0.0937	0.0953	0.0930	0.0934	0.0930	0.0936	0.0930	0.0941	0.0940	0.0937	0.0936	0.0940	0.0929	0.0930	0.0930	0.0936	0.0937	0.0933	0.0935	0.0926	0.0922	0.0924	0.0931	0.0933	0.0933	0.0961	0.0929	0.0929	0.0921	0.0925	0.0931	0.0926	0.0937	0.0931	0.0917	0.0917	0.0915	0.0920	0.0911	0.0936	0.0930	0.0930	0.0931	0.0920	0.0924	0.0920	0.0926	
0.0972	0.0948	0.0949	0.0947	0.0956	0.0942	0.0939	0.0969	0.0949	0.0943	0.0942	0.0946	0.0936	0.0933	0.0939	0.0933	0.0938	0.0935	0.0942	0.0929	0.0933	0.0929	0.0935	0.0931	0.0947	0.0946	0.0936	0.0942	0.0938	0.0933	0.0927	0.0931	0.0940	0.0932	0.0933	0.0934	0.0928	0.0924	0.0922	0.0926	0.0935	0.0935	0.0932	0.0927	0.0930	0.0928	0.0924	0.0925	0.0926	0.0934	0.0930	0.0924	0.0915	0.0918	0.0922	0.0913	0.0938	0.0927	0.0926	0.0928	0.0916	0.0925	0.0921	0.0924	
0.0981	0.0958	0.0955	0.0954	0.0962	0.0947	0.0942	0.0943	0.0962	0.0948	0.0945	0.0955	0.0942	0.0934	0.0939	0.0939	0.0936	0.0940	0.0948	0.0931	0.0937	0.0932	0.0935	0.0929	0.0947	0.0948	0.0944	0.0948	0.0943	0.0932	0.0933	0.0932	0.0939	0.0936	0.0940	0.0936	0.0932	0.0922	0.0926	0.0926	0.0941	0.0941	0.0993	0.0930	0.0925	0.0927	0.0924	0.0930	0.0932	0.0938	0.0933	0.0919	0.0917	0.0915	0.0930	0.0913	0.0940	0.0933	0.0931	0.0930	0.0916	0.0924	0.0927	0.0926	
0.0978	0.0959	0.0957	0.0955	0.0959	0.0949	0.0944	0.0945	0.0959	0.0953	0.0948	0.0954	0.0944	0.0937	0.0945	0.0937	0.0949	0.0944	0.0962	0.0939	0.0945	0.0938	0.0945	0.0933	0.0950	0.0948	0.0943	0.0942	0.0937	0.0934	0.0938	0.0933	0.0943	0.0932	0.0939	0.0934	0.0932	0.0922	0.0925	0.0930	0.0946	0.0937	0.0997	0.0928	0.0930	0.0926	0.0927	0.0933	0.0927	0.0945	0.0933	0.0924	0.0920	0.0915	0.0925	0.0914	0.0941	0.0926	0.0931	0.0926	0.0916	0.0923	0.0927	0.0928	
0.0993	0.0966	0.0968	0.0969	0.0967	0.0957	0.0952	0.0949	0.0975	0.0961	0.0958	0.0967	0.0955	0.0943	0.0947	0.0947	0.0960	0.0957	0.0956	0.0941	0.0949	0.0942	0.0943	0.0935	0.0966	0.0954	0.0952	0.0954	0.0943	0.0943	0.0944	0.0947	0.0957	0.0947	0.0950	0.0946	0.0939	0.0928	0.0929	0.0933	0.0945	0.0951	0.0947	0.0933	0.0931	0.0931	0.0932	0.0932	0.0942	0.0941	0.0937	0.0927	0.0927	0.0922	0.0926	0.0920	0.0945	0.0934	0.0933	0.0932	0.0921	0.0924	0.0922	0.0929	
0.0997	0.0975	0.0972	0.0969	0.0975	0.0963	0.0959	0.0949	0.0981	0.0969	0.0965	0.0964	0.0956	0.0949	0.0950	0.0947	0.0960	0.0956	0.0959	0.0944	0.0950	0.0944	0.0947	0.0939	0.0972	0.0955	0.0961	0.0953	0.0946	0.0941	0.0941	0.0939	0.0953	0.0946	0.0948	0.0946	0.0934	0.0932	0.0929	0.0932	0.0955	0.0949	0.0950	0.0935	0.0938	0.0931	0.0931	0.0934	0.0939	0.0946	0.0935	0.0929	0.0920	0.0917	0.0932	0.0930	0.0943	0.0938	0.0936	0.0932	0.0921	0.0926	0.0920	0.0938	
0.1004	0.0984	0.0976	0.0977	0.0979	0.0966	0.0958	0.0950	0.0987	0.0971	0.0965	0.0973	0.0963	0.0948	0.0954	0.0952	0.0971	0.0961	0.0969	0.0950	0.0952	0.0945	0.0947	0.0942	0.0975	0.0963	0.0960	0.0958	0.0952	0.0940	0.0942	0.0945	0.0965	0.0978	0.0956	0.0945	0.0937	0.0933	0.0934	0.0934	0.0959	0.0953	0.0943	0.0934	0.0937	0.0929	0.0937	0.0935	0.0944	0.0946	0.0939	0.0936	0.0929	0.0921	0.0931	0.0918	0.0947	0.0939	0.0934	0.0931	0.0924	0.0929	0.0930	0.0935	
0.1019	0.0992	0.0984	0.0985	0.0992	0.0971	0.0968	0.0955	0.0994	0.0976	0.0982	0.0981	0.0964	0.0957	0.0950	0.0953	0.0977	0.0968	0.0970	0.0953	0.0954	0.0954	0.0956	0.0950	0.0983	0.0968	0.0962	0.0965	0.0958	0.0950	0.0948	0.0949	0.0974	0.0955	0.0955	0.0947	0.0939	0.0935	0.0937	0.0941	0.0961	0.0955	0.1000	0.0939	0.0943	0.0939	0.0937	0.0935	0.0942	0.0952	0.0943	0.0932	0.0925	0.0918	0.0928	0.0917	0.0947	0.0934	0.0932	0.0935	0.0925	0.0929	0.0925	0.0933	
0.1030	0.1002	0.1000	0.0992	0.0999	0.0977	0.0975	0.0962	0.1007	0.0991	0.0987	0.0992	0.0973	0.0962	0.0967	0.0965	0.0986	0.0979	0.0977	0.0961	0.0962	0.0958	0.0958	0.0953	0.0999	0.0982	0.0977	0.0970	0.0961	0.0954	0.0954	0.0950	0.0975	0.0960	0.0956	0.0952	0.0946	0.0935	0.0939	0.0941	0.0971	0.0961	0.1011	0.0943	0.0941	0.0939	0.0934	0.0939	0.0949	0.0956	0.0946	0.0931	0.0925	0.0921	0.0934	0.0921	0.0951	0.0943	0.0943	0.0934	0.0931	0.0930	0.0927	0.0935	
0.1061	0.1010	0.0999	0.0995	0.1006	0.0988	0.0982	0.0977	0.1015	0.0999	0.0992	0.0993	0.0978	0.0962	0.0968	0.0968	0.0989	0.0986	0.0988	0.0972	0.0965	0.0963	0.0962	0.0950	0.1007	0.0984	0.0978	0.0970	0.0969	0.0954	0.0953	0.0950	0.0978	0.0983	0.0965	0.0956	0.0948	0.0939	0.0939	0.0950	0.0983	0.0962	0.0972	0.0946	0.0947	0.0936	0.0936	0.0946	0.0949	0.0958	0.0945	0.0930	0.0931	0.0925	0.0936	0.0921	0.0958	0.0940	0.0942	0.0935	0.0927	0.0927	0.0926	0.0931	
0.1055	0.1028	0.1012	0.1007	0.1013	0.0994	0.0981	0.0972	0.1029	0.1007	0.0998	0.0998	0.0981	0.0966	0.0973	0.0962	0.1004	0.0990	0.0989	0.0965	0.0973	0.0962	0.0963	0.0951	0.1012	0.0994	0.0976	0.0972	0.0965	0.0954	0.0986	0.0959	0.0995	0.0970	0.0969	0.0961	0.0946	0.0940	0.0943	0.0945	0.0984	0.0964	0.0974	0.0945	0.0946	0.0938	0.0943	0.0940	0.0956	0.0955	0.0948	0.0935	0.0930	0.0925	0.0932	0.0918	0.0951	0.0944	0.0942	0.0935	0.0923	0.0925	0.0929	0.0935	
0.1080	0.1039	0.1027	0.1023	0.1024	0.0997	0.0996	0.0987	0.1043	0.1029	0.1017	0.1013	0.0991	0.0976	0.0977	0.0972	0.1015	0.1001	0.1002	0.0978	0.0979	0.0963	0.0969	0.0960	0.1020	0.1002	0.0994	0.0980	0.0967	0.0957	0.0964	0.0959	0.1008	0.0978	0.0973	0.0966	0.0956	0.0946	0.0948	0.0953	0.0991	0.0979	0.0975	0.0951	0.0956	0.0940	0.0941	0.0945	0.0968	0.0960	0.0949	0.0939	0.0934	0.0925	0.0936	0.0923	0.0968	0.0945	0.0948	0.0940	0.0928	0.0932	0.0930	0.0936	
0.1097	0.1056	0.1045	0.1043	0.1032	0.1016	0.1003	0.0986	0.1062	0.1042	0.1023	0.1020	0.1011	0.0990	0.0978	0.0979	0.1034	0.1023	0.1017	0.0992	0.0983	0.0977	0.0974	0.0966	0.1038	0.1015	0.1003	0.0993	0.0981	0.0972	0.0966	0.0961	0.1020	0.0989	0.0980	0.0970	0.0966	0.0949	0.0952	0.0951	0.1006	0.0983	0.0975	0.0954	0.0957	0.0943	0.0947	0.0950	0.0968	0.0969	0.0956	0.0952	0.0937	0.0927	0.0939	0.0923	0.0965	0.0952	0.0951	0.0942	0.0932	0.0936	0.0933	0.0936	
0.1107	0.1068	0.1054	0.1041	0.1042	0.1022	0.1004	0.0996	0.1076	0.1048	0.1030	0.1033	0.1005	0.0982	0.0980	0.0976	0.1037	0.1020	0.1021	0.0993	0.0987	0.0979	0.0973	0.0967	0.1057	0.1016	0.1005	0.0988	0.0988	0.0964	0.0970	0.0959	0.1029	0.0987	0.0983	0.0974	0.0957	0.0950	0.0951	0.0947	0.1004	0.0985	0.0991	0.0951	0.0947	0.0950	0.0945	0.0946	0.0968	0.0967	0.0952	0.0940	0.0939	0.0922	0.0937	0.0926	0.0965	0.0945	0.0944	0.0943	0.0932	0.0936	0.0937	0.0939	
0.1133	0.1087	0.1071	0.1061	0.1065	0.1032	0.1014	0.1006	0.1090	0.1062	0.1049	0.1038	0.1024	0.0999	0.0992	0.0987	0.1061	0.1037	0.1033	0.1000	0.0989	0.0984	0.0988	0.0970	0.1068	0.1040	0.1020	0.1005	0.0990	0.0974	0.0970	0.0976	0.1042	0.1002	0.0992	0.0979	0.0970	0.0954	0.0958	0.0953	0.1019	0.0999	0.0981	0.0965	0.0962	0.0947	0.0951	0.0956	0.0979	0.0985	0.0962	0.0944	0.0939	0.0929	0.0934	0.0929	0.0975	0.0958	0.0951	0.0947	0.0934	0.0936	0.0929	0.0936	
0.1165	0.1109	0.1076	0.1071	0.1079	0.1040	0.1026	0.1005	0.1116	0.1079	0.1059	0.1058	0.1027	0.1000	0.0998	0.0989	0.1074	0.1045	0.1037	0.1011	0.1008	0.0989	0.0979	0.0986	0.1085	0.1046	0.1026	0.1009	0.0997	0.0982	0.0977	0.0970	0.1047	0.1011	0.1003	0.0988	0.0971	0.0957	0.0959	0.0951	0.1033	0.1004	0.1022	0.0970	0.0965	0.0954	0.0956	0.0958	0.0983	0.0977	0.0967	0.0950	0.0937	0.0933	0.0942	0.0933	0.0977	0.0954	0.0954	0.0949	0.0931	0.0933	0.0936	0.0943	
0.1188	0.1131	0.1094	0.1079	0.1086	0.1047	0.1027	0.1012	0.1148	0.1091	0.1075	0.1078	0.1034	0.1006	0.1007	0.0993	0.1091	0.1060	0.1055	0.1017	0.1007	0.0997	0.0992	0.0970	0.1109	0.1061	0.1033	0.1019	0.1008	0.0980	0.0978	0.0975	0.1069	0.1016	0.1010	0.0992	0.0982	0.0958	0.0958	0.0962	0.1045	0.1015	0.0992	0.0976	0.0975	0.0974	0.0960	0.0950	0.0986	0.0986	0.0971	0.0953	0.0944	0.0933	0.0941	0.0950	0.0982	0.0959	0.0949	0.0948	0.0934	0.0940	0.0939	0.0951	
0.1216	0.1146	0.1117	0.1103	0.1103	0.1068	0.1046	0.1032	0.1171	0.1130	0.1093	0.1077	0.1056	0.1020	0.1013	0.1001	0.1113	0.1073	0.1068	0.1032	0.1024	0.1004	0.0987	0.0978	0.1127	0.1075	0.1054	0.1026	0.1010	0.0987	0.0980	0.0974	0.1092	0.1028	0.1017	0.0999	0.0985	0.0965	0.0958	0.0958	0.1060	0.1017	0.1031	0.0976	0.0976	0.0961	0.0957	0.0951	0.0993	0.0991	0.0969	0.0956	0.0944	0.0934	0.0940	0.0931	0.0988	0.0955	0.0956	0.0953	0.0937	0.0942	0.0937	0.0941	
0.1260	0.1179	0.1143	0.1113	0.1119	0.1074	0.1052	0.1042	0.1207	0.1146	0.1112	0.1101	0.1060	0.1027	0.1017	0.1006	0.1143	0.1097	0.1086	0.1045	0.1028	0.1014	0.0997	0.0986	0.1152	0.1090	0.1063	0.1038	0.1019	0.0999	0.0990	0.0981	0.1106	0.1055	0.1022	0.1003	0.0983	0.0971	0.0966	0.0965	0.1070	0.1024	0.1008	0.0978	0.0981	0.0963	0.0958	0.0961	0.0998	0.0994	0.0979	0.0959	0.0951	0.0939	0.0946	0.0934	0.0987	0.0965	0.0957	0.0956	0.0933	0.0942	0.0939	0.0939	
0.1300	0.1214	0.1160	0.1135	0.1134	0.1089	0.1066	0.1044	0.1223	0.1177	0.1130	0.1119	0.1070	0.1033	0.1029	0.1017	0.1166	0.1113	0.1102	0.1052	0.1036	0.1015	0.1011	0.0995	0.1182	0.1116	0.1075	0.1052	0.1028	0.1009	0.0994	0.0994	0.1131	0.1053	0.1042	0.1011	0.0990	0.0979	0.0970	0.0970	0.1090	0.1039	0.1009	0.0987	0.0979	0.0972	0.0966	0.0963	0.1005	0.0998	0.0975	0.0964	0.0957	0.0943	0.0945	0.0936	0.0995	0.0969	0.0961	0.0954	0.0938	0.0942	0.0939	0.0943	
0.1329	0.1234	0.1189	0.1159	0.1150	0.1099	0.1063	0.1042	0.1266	0.1206	0.1151	0.1123	0.1083	0.1039	0.1029	0.1033	0.1203	0.1136	0.1118	0.1058	0.1049	0.1028	0.1000	0.0997	0.1212	0.1125	0.1086	0.1056	0.1039	0.1005	0.0997	0.0985	0.1152	0.1072	0.1052	0.1020	0.0992	0.0976	0.0973	0.0973	0.1119	0.1051	0.1016	0.1000	0.0991	0.0979	0.0965	0.0966	0.1023	0.1004	0.0984	0.0968	0.0953	0.0939	0.0943	0.0938	0.1003	0.0967	0.0964	0.0954	0.0941	0.0942	0.0938	0.0943	
0.1392	0.1280	0.1214	0.1181	0.1155	0.1102	0.1077	0.1058	0.1324	0.1248	0.1186	0.1143	0.1095	0.1053	0.1033	0.1025	0.1237	0.1158	0.1138	0.1067	0.1059	0.1030	0.1016	0.1006	0.1243	0.1152	0.1102	0.1072	0.1045	0.1014	0.1000	0.0999	0.1171	0.1077	0.1059	0.1024	0.0995	0.0986	0.0977	0.0971	0.1134	0.1070	0.1026	0.1004	0.0992	0.0977	0.0972	0.0977	0.1024	0.1014	0.0991	0.0974	0.0959	0.0943	0.0946	0.0943	0.1004	0.0974	0.0976	0.0961	0.0941	0.0943	0.0942	0.0945	
0.1441	0.1328	0.1248	0.1201	0.1175	0.1118	0.1103	0.1070	0.1359	0.1270	0.1197	0.1152	0.1108	0.1050	0.1036	0.1034	0.1275	0.1193	0.1156	0.1085	0.1070	0.1033	0.1034	0.1004	0.1283	0.1180	0.1121	0.1079	0.1053	0.1024	0.1016	0.1000	0.1210	0.1099	0.1070	0.1044	0.1015	0.0995	0.0990	0.0977	0.1156	0.1075	0.1054	0.1009	0.0999	0.0978	0.0974	0.0974	0.1029	0.1025	0.0991	0.0975	0.0958	0.0949	0.0951	0.0937	0.1011	0.0982	0.0969	0.0964	0.0945	0.0953	0.0946	0.0949	
0.1512	0.1373	0.1272	0.1243	0.1205	0.1145	0.1110	0.1080	0.1426	0.1304	0.1228	0.1176	0.1115	0.1072	0.1049	0.1042	0.1324	0.1213	0.1173	0.1092	0.1066	0.1047	0.1027	0.1018	0.1324	0.1205	0.1131	0.1092	0.1065	0.1035	0.1021	0.1003	0.1236	0.1123	0.1086	0.1049	0.1022	0.1005	0.0986	0.0977	0.1178	0.1087	0.1085	0.1022	0.1001	0.0988	0.0980	0.0975	0.1039	0.1027	0.1000	0.0983	0.0968	0.0953	0.0958	0.0946	0.1024	0.0991	0.0973	0.0967	0.0948	0.0949	0.0946	0.0945	
0.1597	0.1438	0.1328	0.1270	0.1232	0.1157	0.1114	0.1080	0.1489	0.1367	0.1268	0.1200	0.1141	0.1088	0.1055	0.1051	0.1381	0.1259	0.1198	0.1111	0.1083	0.1050	0.1043	0.1019	0.1386	0.1232	0.1150	0.1102	0.1075	0.1039	0.1019	0.1017	0.1275	0.1137	0.1098	0.1073	0.1045	0.1004	0.1000	0.0992	0.1207	0.1108	0.1059	0.1027	0.1011	0.1001	0.0986	0.0975	0.1055	0.1046	0.1010	0.0992	0.0972	0.0962	0.0959	0.0955	0.1033	0.0992	0.0981	0.0976	0.0953	0.0955	0.0949	0.0955	
0.1654	0.1486	0.1367	0.1287	0.1250	0.1167	0.1118	0.1101	0.1555	0.1401	0.1288	0.1216	0.1141	0.1097	0.1069	0.1056	0.1437	0.1288	0.1220	0.1125	0.1106	0.1061	0.1042	0.1028	0.1446	0.1273	0.1167	0.1118	0.1080	0.1041	0.1037	0.1014	0.1325	0.1159	0.1110	0.1066	0.1041	0.1011	0.1001	0.0993	0.1236	0.1130	0.1057	0.1038	0.1020	0.1008	0.0989	0.0988	0.1056	0.1048	0.1015	0.0995	0.0978	0.0959	0.0959	0.0950	0.1032	0.1002	0.0989	0.0971	0.0952	0.0958	0.0957	0.0953	
0.1755	0.1553	0.1420	0.1325	0.1280	0.1198	0.1153	0.1105	0.1643	0.1459	0.1315	0.1236	0.1154	0.1102	0.1076	0.1062	0.1512	0.1326	0.1243	0.1141	0.1103	0.1068	0.1066	0.1023	0.1509	0.1293	0.1183	0.1133	0.1086	0.1054	0.1027	0.1023	0.1382	0.1185	0.1130	0.1095	0.1037	0.1016	0.1000	0.0995	0.1271	0.1142	0.1108	0.1036	0.1019	0.1002	0.0986	0.0987	0.1076	0.1063	0.1011	0.0999	0.0976	0.0960	0.0961	0.0954	0.1037	0.1001	0.0987	0.0977	0.0954	0.0951	0.0949	0.0959	
0.1859	0.1621	0.1457	0.1358	0.1297	0.1206	0.1158	0.1118	0.1722	0.1528	0.1354	0.1263	0.1163	0.1122	0.1078	0.1063	0.1573	0.1376	0.1258	0.1153	0.1115	0.1062	0.1058	0.1042	0.1579	0.1327	0.1197	0.1142	0.1098	0.1057	0.1041	0.1028	0.1432	0.1202	0.1138	0.1095	0.1048	0.1018	0.1009	0.1004	0.1306	0.1170	0.1090	0.1050	0.1023	0.1006	0.0996	0.0992	0.1081	0.1077	0.1022	0.1008	0.0986	0.0961	0.0965	0.0952	0.1050	0.1010	0.0992	0.0978	0.0957	0.0958	0.0948	0.0961	
0.1983	0.1689	0.1513	0.1391	0.1322	0.1227	0.1161	0.1140	0.1848	0.1586	0.1425	0.1303	0.1187	0.1122	0.1087	0.1081	0.1682	0.1409	0.1306	0.1175	0.1119	0.1079	0.1067	0.1043	0.1663	0.1373	0.1221	0.1142	0.1118	0.1062	0.1048	0.1040	0.1480	0.1235	0.1156	0.1105	0.1063	0.1028	0.1021	0.1015	0.1346	0.1183	0.1154	0.1068	0.1036	0.1014	0.0994	0.1001	0.1094	0.1084	0.1040	0.1008	0.0990	0.0966	0.0968	0.0955	0.1051	0.1019	0.1000	0.0994	0.0968	0.0964	0.0973	0.0964	
0.2080	0.1783	0.1555	0.1446	0.1351	0.1253	0.1186	0.1156	0.1966	0.1648	0.1445	0.1320	0.1198	0.1119	0.1107	0.1093	0.1785	0.1482	0.1326	0.1180	0.1139	0.1098	0.1072	0.1058	0.1751	0.1427	0.1249	0.1170	0.1117	0.1073	0.1050	0.1052	0.1558	0.1259	0.1172	0.1101	0.1066	0.1037	0.1020	0.1017	0.1406	0.1207	0.1182	0.1057	0.1044	0.1020	0.1003	0.1006	0.1109	0.1100	0.1044	0.1023	0.0991	0.0972	0.0970	0.0961	0.1062	0.1024	0.1006	0.0994	0.0959	0.0968	0.0962	0.0961	
0.2248	0.1872	0.1623	0.1483	0.1392	0.1281	0.1192	0.1151	0.2087	0.1719	0.1479	0.1365	0.1222	0.1144	0.1122	0.1089	0.1896	0.1514	0.1351	0.1213	0.1148	0.1087	0.1070	0.1053	0.1871	0.1467	0.1278	0.1191	0.1122	0.1089	0.1065	0.1048	0.1628	0.1290	0.1193	0.1119	0.1071	0.1055	0.1021	0.1017	0.1452	0.1237	0.1155	0.1069	0.1049	0.1016	0.1014	0.1007	0.1141	0.1107	0.1049	0.1015	0.0999	0.0975	0.0967	0.0967	0.1071	0.1028	0.1014	0.0990	0.0964	0.0960	0.0965	0.0956	
0.2417	0.1986	0.1710	0.1531	0.1439	0.1309	0.1216	0.1170	0.2225	0.1850	0.1553	0.1392	0.1233	0.1156	0.1134	0.1116	0.2033	0.1613	0.1393	0.1234	0.1165	0.1115	0.1089	0.1060	0.1998	0.1536	0.1306	0.1206	0.1146	0.1094	0.1102	0.1057	0.1727	0.1335	0.1211	0.1140	0.1092	0.1055	0.1026	0.1018	0.1527	0.1268	0.1163	0.1088	0.1062	0.1038	0.1023	0.1021	0.1145	0.1133	0.1058	0.1031	0.1004	0.0990	0.0981	0.0985	0.1084	0.1036	0.1027	0.1005	0.0973	0.0967	0.0963	0.0972	
0.2568	0.2097	0.1790	0.1586	0.1473	0.1321	0.1241	0.1191	0.2403	0.1921	0.1616	0.1407	0.1248	0.1175	0.1121	0.1114	0.2188	0.1677	0.1440	0.1249	0.1176	0.1125	0.1094	0.1067	0.2124	0.1605	0.1338	0.1226	0.1149	0.1097	0.1062	0.1056	0.1833	0.1370	0.1231	0.1154	0.1088	0.1046	0.1041	0.1020	0.1592	0.1311	0.1158	0.1094	0.1077	0.1042	0.1016	0.1018	0.1167	0.1140	0.1062	0.1032	0.1011	0.0982	0.0987	0.0970	0.1088	0.1047	0.1020	0.1002	0.0975	0.0972	0.0981	0.0963	
0.2757	0.2239	0.1850	0.1641	0.1508	0.1353	0.1242	0.1189	0.2590	0.2049	0.1673	0.1463	0.1301	0.1182	0.1139	0.1123	0.2377	0.1764	0.1477	0.1270	0.1200	0.1153	0.1102	0.1067	0.2263	0.1663	0.1365	0.1244	0.1157	0.1100	0.1089	0.1064	0.1929	0.1421	0.1256	0.1168	0.1110	0.1062	0.1040	0.1028	0.1664	0.1342	0.1174	0.1099	0.1073	0.1045	0.1025	0.1013	0.1177	0.1156	0.1076	0.1039	0.1017	0.0994	0.0982	0.0974	0.1093	0.1052	0.1031	0.1004	0.0977	0.0972	0.0976	0.0966	
0.2923	0.2358	0.1931	0.1679	0.1534	0.1385	0.1275	0.1212	0.2786	0.2147	0.1724	0.1498	0.1297	0.1198	0.1151	0.1120	0.2527	0.1801	0.1508	0.1281	0.1205	0.1142	0.1112	0.1073	0.2410	0.1730	0.1401	0.1255	0.1180	0.1110	0.1083	0.1063	0.2064	0.1458	0.1272	0.1175	0.1106	0.1066	0.1039	0.1033	0.1753	0.1352	0.1244	0.1115	0.1083	0.1055	0.1024	0.1026	0.1201	0.1172	0.1083	0.1044	0.1015	0.1002	0.0989	0.0975	0.1109	0.1057	0.1035	0.1016	0.0982	0.0972	0.0979	0.0976	
0.3208	0.2536	0.2036	0.1760	0.1602	0.1409	0.1291	0.1228	0.3009	0.2281	0.1799	0.1531	0.1315	0.1231	0.1159	0.1133	0.2741	0.1918	0.1575	0.1328	0.1231	0.1158	0.1119	0.1085	0.2592	0.1816	0.1446	0.1268	0.1194	0.1126	0.1095	0.1079	0.2216	0.1500	0.1314	0.1186	0.1118	0.1082	0.1046	0.1046	0.1863	0.1393	0.1218	0.1124	0.1100	0.1053	0.1043	0.1035	0.1230	0.1196	0.1099	0.1052	0.1025	0.0998	0.0987	0.0980	0.1118	0.1080	0.1042	0.1019	0.0980	0.0981	0.0971	0.0979	
0.3417	0.2688	0.2143	0.1800	0.1618	0.1425	0.1302	0.1229	0.3221	0.2407	0.1874	0.1568	0.1343	0.1234	0.1167	0.1141	0.2951	0.2003	0.1613	0.1342	0.1235	0.1163	0.1118	0.1087	0.2786	0.1887	0.1473	0.1305	0.1200	0.1128	0.1091	0.1058	0.2343	0.1579	0.1316	0.1202	0.1123	0.1077	0.1059	0.1047	0.1958	0.1448	0.1222	0.1125	0.1094	0.1069	0.1024	0.1031	0.1254	0.1221	0.1111	0.1053	0.1023	0.0999	0.0986	0.0988	0.1121	0.1091	0.1045	0.1018	0.0990	0.0980	0.0979	0.0980	
0.3723	0.2906	0.2291	0.1935	0.1684	0.1490	0.1338	0.1265	0.3536	0.2580	0.1973	0.1642	0.1388	0.1266	0.1190	0.1167	0.3171	0.2103	0.1671	0.1388	0.1260	0.1176	0.1142	0.1097	0.3044	0.1977	0.1529	0.1339	0.1218	0.1149	0.1108	0.1083	0.2517	0.1663	0.1362	0.1232	0.1142	0.1082	0.1062	0.1047	0.2097	0.1483	0.1277	0.1144	0.1099	0.1073	0.1041	0.1039	0.1291	0.1242	0.1115	0.1066	0.1030	0.1004	0.0998	0.0987	0.1135	0.1091	0.1056	0.1020	0.0988	0.0980	0.0983	0.0973	
0.3964	0.3109	0.2424	0.2004	0.1742	0.1514	0.1354	0.1269	0.3807	0.2749	0.2054	0.1669	0.1408	0.1269	0.1188	0.1157	0.3429	0.2224	0.1720	0.1422	0.1285	0.1181	0.1144	0.1106	0.3250	0.2083	0.1557	0.1363	0.1218	0.1164	0.1135	0.1085	0.2719	0.1692	0.1379	0.1250	0.1164	0.1101	0.1072	0.1051	0.2244	0.1546	0.1278	0.1159	0.1118	0.1067	0.1048	0.1046	0.1326	0.1275	0.1135	0.1078	0.1031	0.1010	0.1004	0.0984	0.1150	0.1110	0.1059	0.1023	0.0997	0.0988	0.0988	0.0979	
0.4258	0.3290	0.2538	0.2058	0.1774	0.1552	0.1377	0.1288	0.4082	0.2912	0.2095	0.1729	0.1426	0.1287	0.1192	0.1170	0.3696	0.2302	0.1759	0.1437	0.1289	0.1208	0.1153	0.1111	0.3560	0.2160	0.1617	0.1390	0.1238	0.1157	0.1113	0.1090	0.2928	0.1761	0.1423	0.1270	0.1147	0.1103	0.1065	0.1056	0.2392	0.1604	0.1302	0.1164	0.1126	0.1082	0.1051	0.1035	0.1380	0.1299	0.1147	0.1081	0.1037	0.1012	0.1002	0.0990	0.1165	0.1111	0.1067	0.1029	0.0990	0.0990	0.0988	0.0976	
0.4572	0.3536	0.2690	0.2176	0.1841	0.1601	0.1412	0.1319	0.4397	0.3114	0.2217	0.1781	0.1461	0.1310	0.1215	0.1195	0.4004	0.2458	0.1831	0.1479	0.1321	0.1216	0.1159	0.1120	0.3826	0.2267	0.1678	0.1427	0.1263	0.1178	0.1133	0.1109	0.3170	0.1847	0.1462	0.1292	0.1163	0.1113	0.1089	0.1062	0.2574	0.1658	0.1318	0.1187	0.1125	0.1068	0.1058	0.1046	0.1414	0.1333	0.1153	0.1090	0.1044	0.1012	0.1004	0.1000	0.1185	0.1128	0.1070	0.1038	0.0991	0.0991	0.0988	0.0986	
0.4884	0.3788	0.2869	0.2283	0.1883	0.1668	0.1451	0.1350	0.4769	0.3328	0.2367	0.1848	0.1509	0.1355	0.1244	0.1209	0.4334	0.2595	0.1918	0.1524	0.1340	0.1240	0.1174	0.1135	0.4179	0.2434	0.1726	0.1452	0.1294	0.1198	0.1139	0.1109	0.3436	0.1929	0.1494	0.1313	0.1198	0.1128	0.1091	0.1062	0.2754	0.1715	0.1359	0.1205	0.1140	0.1099	0.1050	0.1054	0.1471	0.1364	0.1173	0.1107	0.1054	0.1024	0.1016	0.0997	0.1219	0.1151	0.1082	0.1042	0.1000	0.1003	0.0990	0.0984	
0.5184	0.4050	0.3050	0.2395	0.1967	0.1715	0.1480	0.1372	0.5114	0.3578	0.2491	0.1949	0.1547	0.1383	0.1291	0.1235	0.4669	0.2774	0.2022	0.1580	0.1378	0.1256	0.1180	0.1135	0.4507	0.2561	0.1790	0.1497	0.1304	0.1217	0.1143	0.1134	0.3707	0.2026	0.1544	0.1330	0.1210	0.1135	0.1092	0.1066	0.2980	0.1800	0.1389	0.1223	0.1158	0.1099	0.1063	0.1060	0.1533	0.1410	0.1188	0.1116	0.1063	0.1027	0.1015	0.1012	0.1237	0.1169	0.1092	0.1054	0.1013	0.1002	0.0986	0.0988	
0.5484	0.4285	0.3216	0.2492	0.2031	0.1744	0.1507	0.1411	0.5433	0.3814	0.2564	0.2017	0.1589	0.1399	0.1282	0.1234	0.4981	0.2908	0.2050	0.1627	0.1406	0.1278	0.1198	0.1158	0.4838	0.2694	0.1830	0.1526	0.1327	0.1231	0.1158	0.1124	0.4017	0.2134	0.1582	0.1379	0.1216	0.1141	0.1101	0.1080	0.3233	0.1865	0.1418	0.1239	0.1172	0.1113	0.1086	0.1058	0.1604	0.1452	0.1212	0.1132	0.1066	0.1041	0.1014	0.1005	0.1266	0.1177	0.1109	0.1045	0.1005	0.1004	0.0995	0.0999	
0.5825	0.4576	0.3410	0.2642	0.2107	0.1804	0.1542	0.1425	0.5770	0.4069	0.2726	0.2089	0.1620	0.1419	0.1313	0.1268	0.5344	0.3114	0.2138	0.1656	0.1421	0.1281	0.1207	0.1158	0.5175	0.2836	0.1893	0.1571	0.1356	0.1226	0.1172	0.1137	0.4289	0.2228	0.1635	0.1396	0.1233	0.1155	0.1112	0.1094	0.3473	0.1939	0.1480	0.1270	0.1186	0.1107	0.1076	0.1068	0.1662	0.1492	0.1217	0.1128	0.1083	0.1029	0.1015	0.1009	0.1294	0.1204	0.1119	0.1064	0.1014	0.0998	0.1001	0.0994	
0.6118	0.4861	0.3608	0.2746	0.2173	0.1844	0.1555	0.1448	0.6122	0.4308	0.2851	0.2166	0.1644	0.1442	0.1302	0.1279	0.5652	0.3246	0.2236	0.1699	0.1448	0.1295	0.1225	0.1190	0.5502	0.3008	0.1966	0.1617	0.1378	0.1254	0.1176	0.1149	0.4697	0.2356	0.1662	0.1406	0.1271	0.1172	0.1119	0.1092	0.3738	0.2017	0.1483	0.1280	0.1194	0.1113	0.1099	0.1064	0.1736	0.1526	0.1236	0.1146	0.1077	0.1034	0.1030	0.1014	0.1330	0.1232	0.1131	0.1065	0.1007	0.1011	0.1008	0.0993	
0.6363	0.5161	0.3823	0.2846	0.2264	0.1886	0.1614	0.1468	0.6388	0.4595	0.2992	0.2263	0.1724	0.1524	0.1346	0.1301	0.6000	0.3484	0.2327	0.1775	0.1497	0.1330	0.1238	0.1191	0.5835	0.3187	0.2055	0.1647	0.1392	0.1287	0.1194	0.1164	0.5086	0.2476	0.1722	0.1459	0.1284	0.1176	0.1132	0.1108	0.4046	0.2125	0.1565	0.1309	0.1203	0.1127	0.1093	0.1083	0.1848	0.1610	0.1267	0.1163	0.1092	0.1044	0.1032	0.1006	0.1384	0.1254	0.1150	0.1081	0.1023	0.1019	0.1004	0.1003	
0.6596	0.5449	0.4069	0.3022	0.2324	0.1950	0.1635	0.1485	0.6698	0.4876	0.3229	0.2366	0.1744	0.1545	0.1373	0.1309	0.6305	0.3708	0.2425	0.1821	0.1523	0.1351	0.1253	0.1197	0.6158	0.3349	0.2134	0.1709	0.1419	0.1295	0.1323	0.1168	0.5327	0.2623	0.1795	0.1485	0.1298	0.1196	0.1130	0.1093	0.4309	0.2220	0.1590	0.1317	0.1214	0.1146	0.1102	0.1076	0.1948	0.1644	0.1282	0.1180	0.1093	0.1049	0.1028	0.1020	0.1407	0.1277	0.1152	0.1083	0.1020	0.1016	0.1020	0.0998	
0.6884	0.5727	0.4295	0.3133	0.2383	0.1984	0.1671	0.1519	0.6930	0.5119	0.3298	0.2380	0.1781	0.1553	0.1375	0.1334	0.6637	0.3879	0.2513	0.1847	0.1551	0.1380	0.1270	0.1205	0.6487	0.3522	0.2214	0.1740	0.1453	0.1322	0.1223	0.1172	0.5781	0.2738	0.1831	0.1522	0.1321	0.1210	0.1146	0.1112	0.4660	0.2299	0.1633	0.1339	0.1232	0.1146	0.1104	0.1087	0.2051	0.1683	0.1301	0.1205	0.1101	0.1052	0.1040	0.1017	0.1470	0.1295	0.1162	0.1094	0.1029	0.1011	0.1007	0.0995	
0.7106	0.6011	0.4533	0.3333	0.2517	0.2077	0.1719	0.1581	0.7176	0.5424	0.3498	0.2517	0.1856	0.1598	0.1404	0.1363	0.6796	0.4057	0.2633	0.1935	0.1603	0.1383	0.1289	0.1231	0.6790	0.3707	0.2275	0.1798	0.1485	0.1329	0.1235	0.1187	0.6007	0.2879	0.1909	0.1557	0.1346	0.1209	0.1150	0.1119	0.4978	0.2444	0.1700	0.1376	0.1258	0.1157	0.1118	0.1088	0.2214	0.1770	0.1327	0.1211	0.1116	0.1061	0.1028	0.1025	0.1514	0.1339	0.1181	0.1098	0.1032	0.1020	0.1021	0.1000	
0.7280	0.6308	0.4798	0.3499	0.2620	0.2167	0.1782	0.1603	0.7416	0.5744	0.3666	0.2645	0.1928	0.1645	0.1437	0.1374	0.7031	0.4366	0.2737	0.2017	0.1648	0.1403	0.1305	0.1227	0.7026	0.3876	0.2365	0.1856	0.1518	0.1359	0.1248	0.1192	0.6361	0.3051	0.1973	0.1577	0.1372	0.1231	0.1168	0.1125	0.5303	0.2586	0.1708	0.1380	0.1265	0.1167	0.1108	0.1080	0.2352	0.1833	0.1363	0.1226	0.1138	0.1082	0.1045	0.1031	0.1574	0.1365	0.1190	0.1109	0.1041	0.1022	0.1024	0.1002	
0.7476	0.6543	0.5041	0.3601	0.2724	0.2232	0.1793	0.1624	0.7636	0.6024	0.3869	0.2689	0.1954	0.1684	0.1460	0.1412	0.7294	0.4578	0.2841	0.2029	0.1679	0.1453	0.1323	0.1237	0.7335	0.4119	0.2475	0.1900	0.1557	0.1392	0.1272	0.1217	0.6653	0.3185	0.2010	0.1635	0.1400	0.1260	0.1174	0.1138	0.5692	0.2670	0.1772	0.1429	0.1292	0.1180	0.1132	0.1113	0.2508	0.1891	0.1395	0.1241	0.1141	0.1069	0.1053	0.1031	0.1662	0.1405	0.1216	0.1124	0.1040	0.1040	0.1025	0.0998	
0.7553	0.6836	0.5339	0.3787	0.2821	0.2298	0.1859	0.1658	0.7799	0.6337	0.4060	0.2859	0.2047	0.1720	0.1481	0.1402	0.7519	0.4781	0.2960	0.2121	0.1715	0.1456	0.1337	0.1279	0.7601	0.4316	0.2559	0.1961	0.1580	0.1397	0.1272	0.1210	0.6936	0.3320	0.2074	0.1673	0.1418	0.1269	0.1191	0.1158	0.5955	0.2799	0.1841	0.1486	0.1316	0.1195	0.1147	0.1098	0.2687	0.1974	0.1422	0.1270	0.1158	0.1081	0.1055	0.1046	0.1718	0.1426	0.1232	0.1134	0.1048	0.1045	0.1016	0.1010	
0.7620	0.7008	0.5603	0.3970	0.2917	0.2390	0.1892	0.1728	0.7883	0.6549	0.4203	0.2931	0.2114	0.1726	0.1507	0.1448	0.7647	0.5020	0.3114	0.2170	0.1768	0.1509	0.1362	0.1277	0.7802	0.4503	0.2659	0.1995	0.1601	0.1429	0.1288	0.1217	0.7205	0.3457	0.2164	0.1713	0.1433	0.1281	0.1204	0.1165	0.6231	0.2912	0.1867	0.1482	0.1325	0.1209	0.1139	0.1119	0.2850	0.2054	0.1451	0.1276	0.1170	0.1091	0.1056	0.1051	0.1801	0.1480	0.1245	0.1133	0.1059	0.1041	0.1037	0.1010	
0.7617	0.7214	0.5844	0.4106	0.3013	0.2459	0.1930	0.1752	0.7889	0.6806	0.4471	0.3073	0.2177	0.1781	0.1542	0.1470	0.7737	0.5227	0.3221	0.2243	0.1779	0.1506	0.1377	0.1292	0.7981	0.4716	0.2746	0.2067	0.1646	0.1444	0.1334	0.1252	0.7457	0.3627	0.2251	0.1747	0.1479	0.1307	0.1210	0.1162	0.6535	0.3068	0.1933	0.1518	0.1342	0.1218	0.1153	0.1123	0.3043	0.2106	0.1488	0.1301	0.1163	0.1087	0.1065	0.1054	0.1897	0.1523	0.1270	0.1154	0.1062	0.1044	0.1032	0.1006	
0.7671	0.7501	0.6119	0.4310	0.3140	0.2572	0.2002	0.1808	0.7978	0.7110	0.4671	0.3217	0.2240	0.1849	0.1568	0.1502	0.7844	0.5569	0.3340	0.2336	0.1878	0.1547	0.1407	0.1306	0.8126	0.4962	0.2857	0.2134	0.1700	0.1482	0.1324	0.1247	0.7647	0.3789	0.2309	0.1788	0.1510	0.1335	0.1222	0.1165	0.6831	0.3240	0.2012	0.1545	0.1390	0.1236	0.1164	0.1134	0.3284	0.2219	0.1516	0.1321	0.1192	0.1107	0.1072	0.1052	0.2007	0.1563	0.1286	0.1164	0.1070	0.1050	0.1050	0.1018	
0.7654	0.8142	0.6383	0.4477	0.3222	0.2612	0.2019	0.1833	0.7931	0.7250	0.4802	0.3321	0.2265	0.1879	0.1605	0.1499	0.7855	0.5744	0.3468	0.2392	0.1890	0.1591	0.1407	0.1319	0.8178	0.5220	0.2963	0.2209	0.1727	0.1504	0.1356	0.1268	0.7873	0.3970	0.2397	0.1839	0.1517	0.1338	0.1238	0.1170	0.7171	0.3359	0.2064	0.1591	0.1406	0.1245	0.1181	0.1131	0.3510	0.2306	0.1563	0.1362	0.1206	0.1116	0.1078	0.1055	0.2122	0.1605	0.1306	0.1167	0.1070	0.1050	0.1039	0.1013	
0.7721	0.7833	0.6607	0.4701	0.3357	0.2739	0.2087	0.1875	0.8010	0.7494	0.5072	0.3426	0.2365	0.1929	0.1615	0.1541	0.7881	0.6062	0.3644	0.2511	0.1955	0.1615	0.1450	0.1339	0.8233	0.5414	0.3095	0.2283	0.1747	0.1510	0.1360	0.1258	0.8091	0.4194	0.2506	0.1896	0.1576	0.1359	0.1253	0.1192	0.7401	0.3515	0.2149	0.1640	0.1414	0.1259	0.1176	0.1143	0.3780	0.2400	0.1592	0.1371	0.1199	0.1115	0.1084	0.1053	0.2250	0.1655	0.1324	0.1182	0.1068	0.1051	0.1049	0.1023	
0.7706	0.8311	0.6834	0.4844	0.3465	0.2809	0.2134	0.1897	0.7972	0.7695	0.5254	0.3562	0.2388	0.1967	0.1640	0.1557	0.7849	0.6220	0.3764	0.2538	0.1982	0.1612	0.1464	0.1362	0.8219	0.5647	0.3174	0.2343	0.1799	0.1533	0.1379	0.1298	0.8147	0.4369	0.2585	0.1937	0.1602	0.1370	0.1262	0.1187	0.7640	0.3682	0.2193	0.1672	0.1427	0.1279	0.1195	0.1158	0.4060	0.2479	0.1607	0.1385	0.1224	0.1131	0.1082	0.1058	0.2359	0.1695	0.1345	0.1196	0.1086	0.1058	0.1040	0.1031	
0.7776	0.8527	0.7128	0.5038	0.3605	0.2941	0.2226	0.1970	0.8070	0.7974	0.5584	0.3737	0.2525	0.2048	0.1690	0.1589	0.7960	0.6559	0.3934	0.2662	0.2064	0.1680	0.1473	0.1372	0.8271	0.5903	0.3253	0.2408	0.1833	0.1558	0.1396	0.1310	0.8159	0.4551	0.2667	0.1996	0.1620	0.1394	0.1275	0.1205	0.7889	0.3829	0.2311	0.1703	0.1470	0.1301	0.1201	0.1176	0.4326	0.2577	0.1646	0.1424	0.1237	0.1127	0.1084	0.1067	0.2526	0.1759	0.1375	0.1221	0.1100	0.1071	0.1058	0.1028	
0.7722	0.8536	0.7770	0.5259	0.3711	0.3016	0.2266	0.2025	0.8069	0.8103	0.5720	0.3886	0.2590	0.2114	0.1725	0.1636	0.7902	0.6752	0.4111	0.2754	0.2110	0.1711	0.1512	0.1382	0.8299	0.6145	0.3442	0.2486	0.1841	0.1592	0.1412	0.1327	0.8144	0.4732	0.2779	0.2047	0.1655	0.1408	0.1276	0.1231	0.8071	0.3965	0.2374	0.1753	0.1492	0.1325	0.1224	0.1158	0.4711	0.2729	0.1721	0.1442	0.1276	0.1145	0.1086	0.1075	0.2671	0.1812	0.1390	0.1223	0.1110	0.1074	0.1059	0.1033	
0.7828	0.8588	0.7588	0.5489	0.3850	0.3119	0.2320	0.2057	0.8093	0.8194	0.6003	0.4041	0.2666	0.2139	0.1765	0.1667	0.7949	0.7077	0.4232	0.2850	0.2143	0.1739	0.1519	0.1409	0.8312	0.6396	0.3559	0.2596	0.1895	0.1616	0.1436	0.1324	0.8198	0.5066	0.2885	0.2130	0.1682	0.1436	0.1305	0.1214	0.8266	0.4269	0.2408	0.1764	0.1491	0.1327	0.1228	0.1169	0.4999	0.2866	0.1715	0.1458	0.1267	0.1155	0.1101	0.1075	0.2870	0.1880	0.1416	0.1216	0.1102	0.1083	0.1067	0.1029	
0.7823	0.8533	0.7712	0.5698	0.3992	0.3237	0.2421	0.2140	0.8087	0.8244	0.6208	0.4165	0.2723	0.2215	0.1775	0.1678	0.8050	0.7284	0.4453	0.2942	0.2195	0.1782	0.1560	0.1400	0.8314	0.6574	0.3666	0.2655	0.1947	0.1662	0.1455	0.1347	0.8288	0.5323	0.2922	0.2175	0.1726	0.1453	0.1319	0.1244	0.8314	0.4372	0.2428	0.1804	0.1549	0.1332	0.1245	0.1174	0.5332	0.3022	0.1786	0.1488	0.1285	0.1167	0.1110	0.1084	0.3043	0.1938	0.1437	0.1257	0.1117	0.1095	0.1074	0.1033	
0.7796	0.8094	0.7849	0.5853	0.4120	0.3326	0.2457	0.2143	0.8120	0.8293	0.6414	0.4344	0.2774	0.2259	0.1813	0.1706	0.8008	0.7481	0.4568	0.3040	0.2264	0.1832	0.1551	0.1454	0.8325	0.6749	0.3785	0.2728	0.1993	0.1669	0.1477	0.1333	0.8228	0.5420	0.2997	0.2226	0.1749	0.1468	0.1305	0.1246	0.8283	0.4556	0.2527	0.1852	0.1567	0.1354	0.1232	0.1175	0.5588	0.3126	0.1822	0.1499	0.1299	0.1172	0.1116	0.1093	0.3220	0.1981	0.1492	0.1264	0.1131	0.1108	0.1077	0.1041	
0.7810	0.8091	0.8049	0.6101	0.4279	0.3462	0.2519	0.2201	0.8126	0.8344	0.6607	0.4487	0.2873	0.2287	0.1862	0.1733	0.8009	0.7621	0.4747	0.3110	0.2337	0.1857	0.1595	0.1451	0.8336	0.7000	0.3937	0.2845	0.2069	0.1695	0.1487	0.1368	0.8380	0.5665	0.3114	0.2304	0.1789	0.1489	0.1349	0.1252	0.8324	0.4747	0.2557	0.1896	0.1598	0.1368	0.1260	0.1205	0.5914	0.3227	0.1870	0.1550	0.1314	0.1181	0.1108	0.1085	0.3486	0.2071	0.1506	0.1273	0.1129	0.1109	0.1083	0.1035	
0.7882	0.8181	0.8209	0.6255	0.4454	0.3589	0.2598	0.2266	0.8164	0.8343	0.6836	0.4668	0.2991	0.2383	0.1882	0.1723	0.8100	0.7877	0.4909	0.3232	0.2425	0.1930	0.1622	0.1468	0.8362	0.7167	0.4080	0.2947	0.2096	0.1750	0.1519	0.1393	0.8381	0.5850	0.3213	0.2320	0.1873	0.1530	0.1378	0.1283	0.8323	0.4852	0.2676	0.1953	0.1656	0.1403	0.1269	0.1201	0.6184	0.3353	0.1958	0.1590	0.1342	0.1194	0.1123	0.1102	0.3791	0.2133	0.1513	0.1313	0.1155	0.1119	0.1093	0.1037	
0.7906	0.8126	0.8193	0.6471	0.4601	0.3694	0.2689	0.2332	0.8160	0.8366	0.7103	0.4859	0.3083	0.2417	0.1936	0.1796	0.8046	0.7979	0.5063	0.3358	0.2524	0.1951	0.1641	0.1470	0.8397	0.7394	0.4211	0.3033	0.2130	0.1774	0.1537	0.1401	0.8339	0.6107	0.3352	0.2381	0.1884	0.1568	0.1381	0.1286	0.8319	0.5081	0.2836	0.2011	0.1692	0.1432	0.1291	0.1219	0.6537	0.3487	0.2022	0.1622	0.1371	0.1197	0.1145	0.1099	0.4025	0.2204	0.1529	0.1319	0.1162	0.1118	0.1090	0.1039	
0.7911	0.8154	0.8198	0.6678	0.4749	0.3814	0.2726	0.2387	0.8170	0.8381	0.7310	0.5106	0.3186	0.2482	0.1976	0.1758	0.8041	0.8110	0.5266	0.3453	0.2560	0.2005	0.1681	0.1486	0.8407	0.7596	0.4341	0.3130	0.2200	0.1832	0.1551	0.1409	0.8315	0.6299	0.3446	0.2448	0.1913	0.1585	0.1417	0.1294	0.8377	0.5208	0.2866	0.2067	0.1693	0.1443	0.1307	0.1228	0.6891	0.3631	0.2046	0.1658	0.1380	0.1217	0.1145	0.1112	0.4319	0.2300	0.1530	0.1346	0.1156	0.1131	0.1088	0.1052	
0.7944	0.8161	0.8737	0.6916	0.4941	0.3965	0.2844	0.2482	0.8164	0.8386	0.7469	0.5175	0.3272	0.2535	0.1964	0.1853	0.7998	0.8143	0.5408	0.3582	0.2608	0.2034	0.1721	0.1499	0.8413	0.7753	0.4467	0.3221	0.2231	0.1802	0.1588	0.1422	0.8378	0.6522	0.3592	0.2521	0.1970	0.1602	0.1414	0.1303	0.8404	0.5445	0.2977	0.2090	0.1730	0.1453	0.1291	0.1232	0.7140	0.3853	0.2071	0.1685	0.1408	0.1226	0.1143	0.1112	0.4600	0.2414	0.1602	0.1377	0.1177	0.1136	0.1100	0.1047	
0.7939	0.8221	0.8231	0.7071	0.5091	0.4094	0.2877	0.2498	0.8209	0.8367	0.7758	0.5423	0.3400	0.2593	0.2021	0.1859	0.8078	0.8185	0.5667	0.3709	0.2701	0.2102	0.1730	0.1522	0.8438	0.7921	0.4637	0.3380	0.2329	0.1892	0.1615	0.1434	0.8321	0.6719	0.3666	0.2580	0.2023	0.1616	0.1432	0.1320	0.8409	0.5652	0.3051	0.2121	0.1748	0.1457	0.1303	0.1241	0.7411	0.4002	0.2150	0.1720	0.1406	0.1246	0.1157	0.1116	0.4872	0.2485	0.1615	0.1362	0.1188	0.1130	0.1100	0.1048	
0.8015	0.8283	0.8275	0.7309	0.5259	0.4246	0.3005	0.2604	0.8269	0.8476	0.7920	0.5580	0.3500	0.2714	0.2045	0.1878	0.8101	0.8227	0.5816	0.3890	0.2835	0.2200	0.1818	0.1560	0.8483	0.8110	0.4774	0.3455	0.2346	0.1899	0.1627	0.1470	0.8346	0.6936	0.3809	0.2653	0.2040	0.1662	0.1451	0.1331	0.8406	0.5919	0.3121	0.2182	0.1774	0.1479	0.1315	0.1246	0.7662	0.4117	0.2255	0.1755	0.1451	0.1260	0.1149	0.1131	0.5191	0.2580	0.1651	0.1384	0.1203	0.1134	0.1124	0.1068	
0.8048	0.8225	0.8270	0.7478	0.5406	0.4390	0.3102	0.2677	0.8250	0.8449	0.8120	0.5694	0.3557	0.2763	0.2126	0.1943	0.8128	0.8222	0.6042	0.3955	0.2805	0.2169	0.1799	0.1577	0.8462	0.8156	0.4936	0.3627	0.2393	0.1933	0.1661	0.1476	0.8379	0.7133	0.3948	0.2787	0.2042	0.1686	0.1462	0.1332	0.8423	0.6156	0.3167	0.2247	0.1832	0.1511	0.1337	0.1258	0.7939	0.4258	0.2276	0.1780	0.1457	0.1272	0.1185	0.1125	0.5490	0.2659	0.1685	0.1415	0.1203	0.1155	0.1112	0.1055	
0.8054	0.8289	0.8292	0.8064	0.5601	0.4633	0.3156	0.2732	0.8279	0.8463	0.8238	0.5912	0.3721	0.2821	0.2178	0.1954	0.8168	0.8206	0.6158	0.4074	0.2912	0.2229	0.1844	0.1587	0.8463	0.8247	0.5075	0.3684	0.2445	0.1951	0.1677	0.1488	0.8372	0.7318	0.4053	0.2818	0.2097	0.1681	0.1453	0.1358	0.8394	0.6454	0.3374	0.2326	0.1854	0.1521	0.1361	0.1285	0.8211	0.4443	0.2356	0.1801	0.1473	0.1279	0.1181	0.1131	0.5799	0.2762	0.1701	0.1435	0.1233	0.1169	0.1127	0.1060	
0.8106	0.8335	0.8350	0.8340	0.5758	0.4767	0.3257	0.2845	0.8324	0.8526	0.8413	0.6132	0.3814	0.2954	0.2233	0.2028	0.8192	0.8220	0.6423	0.4266	0.2981	0.2283	0.1901	0.1565	0.8529	0.8251	0.5316	0.3820	0.2495	0.2009	0.1697	0.1515	0.8459	0.7559	0.4233	0.2900	0.2176	0.1731	0.1508	0.1338	0.8441	0.6674	0.3508	0.2397	0.1906	0.1547	0.1379	0.1264	0.8287	0.4643	0.2427	0.1859	0.1490	0.1304	0.1187	0.1146	0.6133	0.2881	0.1760	0.1461	0.1220	0.1170	0.1135	0.1073	
0.8124	0.8328	0.8343	0.8394	0.5928	0.4861	0.3367	0.2896	0.8645	0.8541	0.8849	0.6334	0.3997	0.2978	0.2299	0.2074	0.8230	0.8235	0.6589	0.4386	0.3109	0.2355	0.1923	0.1610	0.8499	0.8302	0.5432	0.3894	0.2539	0.2024	0.1745	0.1526	0.8418	0.7715	0.4339	0.3001	0.2174	0.1732	0.1523	0.1379	0.8448	0.6854	0.3511	0.2410	0.1927	0.1554	0.1389	0.1294	0.8378	0.4833	0.2496	0.1874	0.1517	0.1307	0.1198	0.1151	0.6455	0.2972	0.1771	0.1481	0.1237	0.1176	0.1122	0.1087	
