0.0972	0.1008	0.1051	0.1063	0.0950	0.0949	0.0940	0.0974	0.1036	0.1045	0.1165	0.1097	0.0954	0.0978	0.0951	0.0958	0.1014	0.1041	0.1070	0.1029	0.0942	0.0969	0.0946	0.0947	0.1009	0.1048	0.1085	0.1033	0.1029	0.0990	0.1104	0.1203	0.0989	0.1033	0.1079	0.0993	0.0935	0.0950	0.0938	0.0939	0.1048	0.1068	0.1095	0.0998	0.1008	0.0986	0.0997	0.1103	0.0981	0.0988	0.0982	0.1038	0.0925	0.0963	0.0935	0.0928	0.1281	0.1253	0.1280	0.1128	0.0969	0.0979	0.0971	0.0983	
0.0899	0.0879	0.0862	0.0889	0.0918	0.0896	0.0908	0.0915	0.0970	0.0949	0.0886	0.0887	0.0913	0.0925	0.0918	0.0928	0.0884	0.0874	0.0878	0.0884	0.0921	0.0919	0.0909	0.0917	0.0885	0.0889	0.0871	0.0864	0.0935	0.0921	0.0923	0.0919	0.0895	0.0885	0.0896	0.0890	0.0921	0.0921	0.0927	0.0924	0.0895	0.0883	0.0901	0.0879	0.0923	0.0923	0.0931	0.0922	0.0897	0.0904	0.0895	0.0896	0.0907	0.0939	0.0924	0.0918	0.0898	0.0891	0.0904	0.0904	0.0926	0.0925	0.0932	0.0927	
0.0894	0.0886	0.0864	0.0887	0.0921	0.0895	0.0925	0.0925	0.0895	0.0912	0.0877	0.0882	0.0912	0.0917	0.0900	0.0915	0.0893	0.0886	0.0892	0.0893	0.0929	0.0915	0.0915	0.0912	0.0889	0.0889	0.0875	0.0873	0.0917	0.0916	0.0914	0.0927	0.0899	0.0891	0.0906	0.0885	0.0912	0.0920	0.0919	0.0939	0.0908	0.0886	0.0889	0.0880	0.0932	0.0918	0.0924	0.0923	0.0905	0.0910	0.0895	0.0891	0.0917	0.0937	0.0922	0.0931	0.0901	0.0888	0.0892	0.0904	0.0930	0.0922	0.0931	0.0918	
0.0891	0.0882	0.0866	0.0890	0.0918	0.0897	0.0925	0.0908	0.0896	0.0910	0.0877	0.0876	0.0923	0.0918	0.0916	0.0917	0.0888	0.0879	0.0883	0.0882	0.0915	0.0911	0.0924	0.0923	0.0887	0.0883	0.0874	0.0880	0.0919	0.0920	0.0915	0.0926	0.0896	0.0892	0.0900	0.0885	0.0922	0.0936	0.0914	0.0929	0.0893	0.0891	0.0889	0.0883	0.0924	0.0918	0.0914	0.0916	0.0903	0.0896	0.0887	0.0895	0.0918	0.0932	0.0924	0.0930	0.0896	0.0893	0.0889	0.0910	0.0929	0.0930	0.0932	0.0925	
0.0898	0.0887	0.0869	0.0893	0.0919	0.0912	0.0924	0.0916	0.0892	0.0915	0.0885	0.0880	0.0927	0.0929	0.0906	0.0922	0.0892	0.0889	0.0887	0.0891	0.0924	0.0926	0.0920	0.0927	0.0891	0.0892	0.0878	0.0875	0.0934	0.0915	0.0918	0.0941	0.0906	0.0899	0.0899	0.0889	0.0913	0.0941	0.0932	0.0932	0.0897	0.0894	0.0892	0.0888	0.0965	0.0915	0.0922	0.0918	0.0910	0.0913	0.0903	0.0920	0.0912	0.0934	0.0928	0.0924	0.0911	0.0895	0.0898	0.0905	0.0927	0.0918	0.0937	0.0921	
0.0889	0.0884	0.0859	0.0887	0.0907	0.0901	0.0914	0.0906	0.0890	0.0901	0.0881	0.0877	0.0896	0.0914	0.0897	0.0915	0.0892	0.0881	0.0881	0.0878	0.0909	0.0907	0.0915	0.0941	0.0894	0.0891	0.0869	0.0870	0.0921	0.0914	0.0910	0.0921	0.0901	0.0896	0.0899	0.0884	0.0906	0.0931	0.0917	0.0920	0.0897	0.0890	0.0890	0.0888	0.0928	0.0911	0.0915	0.0909	0.0910	0.0900	0.0902	0.0896	0.0911	0.0932	0.0924	0.0914	0.0921	0.0898	0.0891	0.0903	0.0917	0.0920	0.0925	0.0922	
0.0885	0.0884	0.0865	0.0885	0.0916	0.0899	0.0918	0.0918	0.0893	0.0905	0.0878	0.0878	0.0904	0.0921	0.0914	0.0914	0.0897	0.0880	0.0888	0.0878	0.0913	0.0920	0.0919	0.0916	0.0891	0.0898	0.0886	0.0870	0.0925	0.0921	0.0917	0.0924	0.0896	0.0894	0.0895	0.0892	0.0901	0.0917	0.0920	0.0931	0.0894	0.0889	0.0897	0.0886	0.0920	0.0916	0.0925	0.0925	0.0905	0.0898	0.0890	0.0915	0.0916	0.0938	0.0925	0.0923	0.0909	0.0887	0.0995	0.0899	0.0931	0.0923	0.0925	0.0921	
0.0904	0.0893	0.0876	0.0893	0.0915	0.0904	0.0920	0.0921	0.0903	0.0911	0.0883	0.0891	0.0902	0.0914	0.0909	0.0927	0.0892	0.0880	0.0895	0.0893	0.0922	0.0918	0.0919	0.0921	0.0895	0.0897	0.0880	0.0871	0.0924	0.0921	0.0924	0.0923	0.0901	0.0906	0.0906	0.0900	0.0928	0.0915	0.0915	0.0933	0.0901	0.0898	0.0900	0.0888	0.0932	0.0925	0.0923	0.0927	0.0904	0.0911	0.0903	0.0900	0.0915	0.0937	0.0932	0.0925	0.0904	0.0904	0.0894	0.0898	0.0928	0.0922	0.0932	0.0926	
0.0892	0.0892	0.0878	0.0896	0.0922	0.0908	0.0913	0.0918	0.0897	0.0921	0.0882	0.0888	0.0906	0.0922	0.0915	0.0927	0.0904	0.0883	0.0898	0.0889	0.0917	0.0920	0.0924	0.0925	0.0901	0.0892	0.0882	0.0900	0.0928	0.0923	0.0921	0.0938	0.0907	0.0893	0.0902	0.0886	0.0919	0.0927	0.0922	0.0931	0.0906	0.0902	0.0896	0.0887	0.0928	0.0924	0.0928	0.0923	0.0920	0.0909	0.0902	0.0899	0.0917	0.0935	0.0939	0.0927	0.0906	0.0904	0.1025	0.0898	0.0921	0.0926	0.0948	0.0934	
0.0897	0.0900	0.0878	0.0898	0.0920	0.0911	0.0920	0.0924	0.0895	0.0905	0.0890	0.0881	0.0909	0.0917	0.0922	0.0921	0.0891	0.0891	0.0887	0.0896	0.0931	0.0914	0.0924	0.0916	0.0897	0.0891	0.0872	0.0882	0.0929	0.0922	0.0930	0.0937	0.0908	0.0902	0.0914	0.0895	0.0917	0.0929	0.0925	0.0932	0.0903	0.0905	0.0909	0.0891	0.0935	0.0915	0.0934	0.0928	0.0911	0.0907	0.0910	0.0915	0.0922	0.0946	0.0938	0.0927	0.0905	0.0893	0.0900	0.0906	0.0927	0.0932	0.0944	0.0941	
0.0904	0.0908	0.0884	0.0901	0.0920	0.0914	0.0927	0.0926	0.0907	0.0911	0.0893	0.0897	0.0911	0.0924	0.0918	0.0931	0.0907	0.0891	0.0894	0.0895	0.0932	0.0922	0.0929	0.0917	0.0897	0.0909	0.0879	0.0878	0.0929	0.0922	0.0926	0.0939	0.0907	0.0903	0.0909	0.0895	0.0918	0.0926	0.0915	0.0927	0.0908	0.0898	0.0902	0.0891	0.0936	0.0926	0.0935	0.0923	0.0913	0.0910	0.0912	0.0904	0.0928	0.0939	0.0934	0.0930	0.0917	0.0911	0.0901	0.0911	0.0930	0.0936	0.0941	0.0933	
0.0903	0.0901	0.0882	0.0903	0.0913	0.0907	0.0926	0.0923	0.0897	0.0911	0.0891	0.0891	0.0907	0.0920	0.0912	0.0923	0.0903	0.0890	0.0896	0.0889	0.0929	0.0921	0.0921	0.0931	0.0910	0.0917	0.0888	0.0888	0.0928	0.0925	0.0932	0.0937	0.0909	0.0898	0.0927	0.0905	0.0916	0.0934	0.0936	0.0925	0.0919	0.0908	0.0906	0.0897	0.0930	0.0929	0.0930	0.0925	0.0915	0.0904	0.0905	0.0911	0.0909	0.0934	0.0929	0.0924	0.0912	0.0907	0.0905	0.0917	0.0936	0.0931	0.0937	0.0939	
0.0901	0.0898	0.0879	0.0903	0.0928	0.0914	0.0935	0.0932	0.0900	0.0916	0.0892	0.0886	0.0914	0.0924	0.0917	0.0938	0.0903	0.0886	0.0891	0.0895	0.0919	0.0926	0.0927	0.0927	0.0899	0.0902	0.0878	0.0909	0.0933	0.0921	0.0928	0.0933	0.0916	0.0905	0.0914	0.0893	0.0917	0.0941	0.0931	0.0944	0.0917	0.0905	0.0899	0.0897	0.0942	0.0926	0.0932	0.0920	0.0916	0.0911	0.0902	0.0906	0.0925	0.0948	0.0935	0.0930	0.0916	0.0898	0.0944	0.0891	0.0936	0.0926	0.0932	0.0935	
0.0909	0.0901	0.0896	0.0914	0.0919	0.0904	0.0915	0.0919	0.0904	0.0925	0.0905	0.0900	0.0906	0.0920	0.0913	0.0928	0.0909	0.0909	0.0902	0.0908	0.0917	0.0920	0.0918	0.0920	0.0907	0.0908	0.0897	0.0912	0.0923	0.0920	0.0921	0.0931	0.0921	0.0917	0.0921	0.0905	0.0918	0.0929	0.0923	0.0929	0.0915	0.0916	0.0915	0.0902	0.0932	0.0925	0.0926	0.0922	0.0929	0.0923	0.0910	0.0918	0.0908	0.0931	0.0928	0.0926	0.0924	0.0922	0.0907	0.0916	0.0913	0.0923	0.0916	0.0912	
0.0910	0.0909	0.0898	0.0911	0.0929	0.0920	0.0936	0.0925	0.0917	0.0926	0.0897	0.0894	0.0917	0.0919	0.0923	0.0930	0.0914	0.0896	0.0898	0.0898	0.0922	0.0924	0.0925	0.0930	0.0914	0.0905	0.0897	0.0923	0.0945	0.0938	0.0946	0.0952	0.0916	0.0918	0.0920	0.0903	0.0937	0.0944	0.0945	0.0952	0.0923	0.0904	0.0907	0.0906	0.0951	0.0938	0.0940	0.0937	0.0921	0.0915	0.0910	0.0913	0.0929	0.0954	0.0942	0.0933	0.0922	0.0917	0.0906	0.0909	0.0948	0.0943	0.0947	0.0944	
0.0918	0.0911	0.0901	0.0927	0.0928	0.0911	0.0927	0.0927	0.0914	0.0941	0.0905	0.0911	0.0920	0.0925	0.0917	0.0926	0.0917	0.0901	0.0906	0.0909	0.0929	0.0922	0.0922	0.0919	0.0915	0.0908	0.0920	0.0897	0.0935	0.0924	0.0928	0.0935	0.0927	0.0921	0.0922	0.0915	0.0918	0.0944	0.0924	0.0931	0.0924	0.0914	0.0914	0.0900	0.0932	0.0919	0.0928	0.0918	0.0946	0.0916	0.0917	0.0920	0.0920	0.0941	0.0932	0.0929	0.0919	0.0917	0.0911	0.0920	0.0931	0.0927	0.0934	0.0920	
0.0914	0.0912	0.0905	0.0919	0.0936	0.0921	0.0935	0.0936	0.0921	0.0930	0.0906	0.0901	0.0922	0.0931	0.0927	0.0939	0.0919	0.0902	0.0907	0.0905	0.0927	0.0932	0.0925	0.0933	0.0910	0.0919	0.0896	0.0911	0.0936	0.0934	0.0930	0.0934	0.0921	0.0920	0.0916	0.0907	0.0945	0.0992	0.0921	0.0936	0.0918	0.0914	0.0914	0.0894	0.0928	0.0929	0.0941	0.0931	0.0933	0.0915	0.0919	0.0927	0.0927	0.0942	0.0940	0.0935	0.0913	0.0913	0.0906	0.0910	0.0946	0.0946	0.0939	0.0927	
0.0925	0.0923	0.0911	0.0927	0.0927	0.0917	0.0929	0.0930	0.0940	0.0938	0.0909	0.0904	0.0911	0.0935	0.0920	0.0936	0.0917	0.0907	0.0907	0.0908	0.0974	0.0936	0.0915	0.0909	0.0922	0.0917	0.0900	0.0913	0.0941	0.0930	0.0932	0.0945	0.0937	0.0924	0.0926	0.0909	0.0929	0.0933	0.0929	0.0950	0.0923	0.0911	0.0916	0.0900	0.0951	0.0934	0.0933	0.0934	0.0929	0.0921	0.0928	0.0919	0.0937	0.0955	0.0951	0.0935	0.0921	0.0921	0.0912	0.0908	0.0943	0.0940	0.0940	0.0940	
0.0931	0.0923	0.0919	0.0924	0.0937	0.0917	0.0929	0.0935	0.0946	0.0937	0.0916	0.0909	0.0922	0.0927	0.0922	0.0930	0.0920	0.0905	0.0920	0.0910	0.0943	0.0923	0.0917	0.0924	0.0937	0.0933	0.0918	0.0899	0.0938	0.0936	0.0932	0.0935	0.0942	0.0940	0.0933	0.0928	0.0944	0.0941	0.0939	0.0940	0.0924	0.0926	0.0927	0.0908	0.0940	0.0932	0.0941	0.0943	0.0938	0.0937	0.0927	0.0927	0.0920	0.0948	0.0940	0.0934	0.0926	0.0925	0.0926	0.0925	0.0943	0.0936	0.0943	0.0934	
0.0926	0.0926	0.0931	0.0931	0.0940	0.0927	0.0930	0.0941	0.0937	0.0940	0.0912	0.0917	0.0926	0.0935	0.0934	0.0942	0.0934	0.0915	0.0910	0.0920	0.0932	0.0935	0.0931	0.0933	0.0928	0.0925	0.0908	0.0902	0.0953	0.0947	0.0936	0.0940	0.0951	0.0925	0.0941	0.0921	0.0931	0.0939	0.0938	0.0941	0.0934	0.0927	0.0925	0.0919	0.0958	0.0932	0.0932	0.0947	0.0938	0.0936	0.0925	0.0926	0.0930	0.0948	0.0947	0.0943	0.0927	0.0942	0.0917	0.0925	0.0948	0.0952	0.0945	0.0952	
0.0949	0.0943	0.0927	0.0936	0.0936	0.0907	0.0920	0.0922	0.0943	0.0960	0.0925	0.0921	0.0933	0.0925	0.0918	0.0932	0.0939	0.0920	0.0919	0.0930	0.0940	0.0930	0.0928	0.0917	0.0947	0.0942	0.0925	0.0933	0.0944	0.0930	0.0930	0.0946	0.0950	0.0949	0.0942	0.0925	0.0929	0.1006	0.0943	0.0935	0.0948	0.0927	0.0932	0.0914	0.0951	0.0925	0.0934	0.0936	0.0942	0.0947	0.0931	0.0939	0.0932	0.0957	0.0949	0.0939	0.0944	0.0930	0.0934	0.0921	0.0943	0.0944	0.0937	0.0936	
0.0942	0.0948	0.0950	0.0934	0.0952	0.0934	0.0937	0.0935	0.0951	0.0963	0.0934	0.0926	0.0934	0.0934	0.0930	0.0939	0.0938	0.0917	0.0935	0.0914	0.0946	0.0935	0.0935	0.0942	0.0941	0.0934	0.0932	0.0923	0.0964	0.0939	0.0941	0.0950	0.0948	0.0937	0.0948	0.0929	0.0946	0.0955	0.0942	0.0947	0.0953	0.0929	0.0932	0.0920	0.0968	0.0942	0.0949	0.0949	0.0942	0.0945	0.0935	0.0938	0.0952	0.0966	0.0947	0.0940	0.0943	0.0949	0.0929	0.0927	0.0957	0.0955	0.0953	0.0943	
0.0966	0.0950	0.0960	0.0952	0.0938	0.0922	0.0926	0.0929	0.0968	0.0966	0.0946	0.0934	0.0932	0.0929	0.0915	0.0927	0.0954	0.0941	0.0943	0.0925	0.0955	0.0928	0.0928	0.0925	0.0957	0.0957	0.0924	0.0963	0.0942	0.0919	0.0929	0.0935	0.0975	0.0955	0.0982	0.0935	0.0932	0.0937	0.0919	0.0939	0.0957	0.0940	0.0945	0.0923	0.0946	0.0934	0.0939	0.0929	0.0957	0.0949	0.0944	0.0939	0.0930	0.0946	0.0933	0.0935	0.0946	0.0952	0.0946	0.0936	0.0943	0.0944	0.0950	0.0953	
0.0973	0.0978	0.0969	0.0971	0.0961	0.0932	0.0943	0.0938	0.0986	0.0988	0.0956	0.0946	0.0950	0.0945	0.0926	0.0947	0.0973	0.0951	0.0952	0.0945	0.0969	0.0940	0.0945	0.0945	0.0973	0.0975	0.0953	0.0933	0.0984	0.0952	0.0936	0.0950	0.0981	0.0966	0.0976	0.0943	0.0955	0.0960	0.0943	0.0951	0.0981	0.0966	0.0951	0.0940	0.0995	0.0944	0.0947	0.0959	0.0976	0.0962	0.0956	0.0978	0.0942	0.0961	0.0954	0.0952	0.0963	0.0956	0.0964	0.0947	0.0964	0.0951	0.0954	0.0956	
0.0966	0.0948	0.0949	0.0944	0.0958	0.0933	0.0948	0.0942	0.0961	0.0974	0.0947	0.0922	0.0945	0.0941	0.0930	0.0937	0.0952	0.0936	0.0931	0.0932	0.0959	0.0950	0.0940	0.0943	0.0959	0.0949	0.0930	0.0951	0.0961	0.0949	0.0942	0.0944	0.0971	0.0952	0.0969	0.0932	0.0954	0.1017	0.0949	0.0946	0.0955	0.0950	0.0939	0.0913	0.0966	0.0950	0.0944	0.0937	0.0945	0.0947	0.0939	0.0936	0.0945	0.0963	0.0951	0.0949	0.0934	0.0927	0.0936	0.0915	0.0967	0.0957	0.0952	0.0947	
0.1000	0.0994	0.0988	0.0970	0.0962	0.0924	0.0935	0.0930	0.0996	0.1012	0.0974	0.0960	0.0939	0.0945	0.0929	0.0936	0.0985	0.0966	0.0965	0.0960	0.0961	0.0939	0.0931	0.0925	0.0991	0.0983	0.0951	0.0941	0.0977	0.0938	0.0945	0.0939	0.0995	0.0986	0.0990	0.0954	0.0950	0.0945	0.0941	0.0934	0.0975	0.0978	0.0970	0.0939	0.0959	0.0932	0.0940	0.0933	0.0971	0.0976	0.0978	0.0969	0.0949	0.0968	0.0933	0.0934	0.0954	0.0957	0.0953	0.0959	0.0951	0.0950	0.0956	0.0942	
0.1020	0.1013	0.1012	0.0991	0.0974	0.0941	0.0949	0.0938	0.1022	0.1021	0.0996	0.0964	0.0955	0.0953	0.0940	0.0948	0.0999	0.0975	0.0966	0.0970	0.0977	0.0947	0.0951	0.0950	0.1004	0.0989	0.0983	0.0990	0.0975	0.0953	0.0948	0.0949	0.1011	0.0992	0.1009	0.0976	0.0972	0.0954	0.0945	0.0954	0.1000	0.0984	0.0980	0.0955	0.0978	0.0956	0.0957	0.0962	0.0981	0.0975	0.0985	0.0977	0.0978	0.0966	0.0956	0.0962	0.0968	0.0987	0.0972	0.0964	0.0980	0.0960	0.0969	0.0948	
0.1025	0.1030	0.1023	0.1001	0.0986	0.0942	0.0947	0.0936	0.1035	0.1035	0.0999	0.0965	0.0961	0.0952	0.0943	0.0945	0.1004	0.0984	0.0976	0.0976	0.0987	0.0958	0.0945	0.0942	0.1006	0.1003	0.0974	0.0962	0.0981	0.0950	0.0961	0.0954	0.1016	0.1008	0.1005	0.0974	0.0976	0.0973	0.0965	0.0959	0.1002	0.0997	0.0977	0.0944	0.0991	0.0966	0.0965	0.0948	0.0983	0.0993	0.0984	0.0983	0.0979	0.0973	0.0969	0.0956	0.0969	0.0994	0.0962	0.0963	0.0987	0.0975	0.0972	0.0960	
0.1041	0.1040	0.1039	0.1009	0.0975	0.0930	0.0931	0.0933	0.1037	0.1051	0.1010	0.0975	0.0962	0.0936	0.0942	0.0931	0.1014	0.0996	0.1003	0.0977	0.0982	0.0948	0.0942	0.0932	0.1023	0.1006	0.1004	0.0980	0.0975	0.0957	0.0943	0.0947	0.1018	0.1015	0.1014	0.0988	0.0971	0.0966	0.0947	0.0946	0.1018	0.1003	0.0991	0.0963	0.0982	0.0954	0.0953	0.0942	0.0994	0.0985	0.0987	0.0983	0.0960	0.0970	0.0957	0.0952	0.0973	0.0983	0.0978	0.0959	0.0965	0.0946	0.0950	0.0932	
0.1074	0.1071	0.1073	0.1022	0.0990	0.0936	0.0938	0.0934	0.1069	0.1073	0.1035	0.0992	0.0969	0.0952	0.0939	0.0940	0.1040	0.1017	0.1012	0.0989	0.0998	0.0958	0.0947	0.0937	0.1048	0.1039	0.1022	0.0996	0.0981	0.0957	0.0949	0.0950	0.1061	0.1039	0.1036	0.1004	0.0984	0.0974	0.0951	0.0948	0.1022	0.1020	0.1002	0.0975	0.0981	0.0958	0.0952	0.0941	0.1023	0.0999	0.1006	0.0990	0.0976	0.0985	0.0957	0.0950	0.0994	0.0995	0.0997	0.0979	0.0982	0.0960	0.0961	0.0955	
0.1089	0.1084	0.1094	0.1040	0.1007	0.0945	0.0944	0.0939	0.1097	0.1096	0.1059	0.1007	0.0979	0.0962	0.0940	0.0945	0.1054	0.1035	0.1026	0.0999	0.0982	0.0982	0.0948	0.0945	0.1071	0.1051	0.1024	0.1007	0.1003	0.1025	0.0952	0.0952	0.1062	0.1053	0.1054	0.1020	0.0992	0.0972	0.0967	0.0951	0.1052	0.1034	0.1028	0.0979	0.0997	0.0962	0.0955	0.0940	0.1025	0.1006	0.1029	0.1017	0.0974	0.0976	0.0967	0.0951	0.1006	0.1008	0.0982	0.0992	0.0993	0.0978	0.0967	0.0951	
0.1119	0.1114	0.1100	0.1066	0.1007	0.0947	0.0945	0.0943	0.1121	0.1120	0.1069	0.1013	0.0989	0.0959	0.0939	0.0946	0.1065	0.1040	0.1042	0.1013	0.1016	0.0964	0.0951	0.0944	0.1088	0.1069	0.1047	0.0999	0.1003	0.0972	0.0947	0.0958	0.1073	0.1060	0.1060	0.1025	0.0993	0.0976	0.0957	0.0952	0.1042	0.1035	0.1031	0.0995	0.1005	0.0959	0.0960	0.0951	0.1024	0.1020	0.1040	0.1037	0.0985	0.0980	0.0968	0.0961	0.1008	0.1020	0.0998	0.1136	0.0994	0.0974	0.0961	0.0959	
0.1147	0.1155	0.1155	0.1096	0.1023	0.0952	0.0951	0.0938	0.1149	0.1165	0.1116	0.1048	0.1008	0.0971	0.0950	0.0949	0.1090	0.1071	0.1050	0.1025	0.1003	0.0974	0.0956	0.0944	0.1105	0.1095	0.1063	0.1015	0.1008	0.0981	0.0954	0.0958	0.1110	0.1096	0.1098	0.1036	0.1004	0.0989	0.0959	0.0990	0.1069	0.1054	0.1054	0.1020	0.1023	0.0975	0.0970	0.0949	0.1055	0.1043	0.1055	0.1050	0.0998	0.0995	0.0973	0.0962	0.1024	0.1046	0.1021	0.1010	0.1006	0.0979	0.0966	0.0960	
0.1182	0.1184	0.1178	0.1090	0.1012	0.0936	0.0921	0.0920	0.1176	0.1184	0.1137	0.1065	0.0991	0.0953	0.0930	0.0931	0.1110	0.1094	0.1083	0.1042	0.1001	0.0955	0.0935	0.0925	0.1134	0.1106	0.1086	0.1036	0.1005	0.0958	0.0943	0.0943	0.1133	0.1121	0.1117	0.1069	0.0987	0.0974	0.0942	0.0937	0.1088	0.1069	0.1068	0.1028	0.0998	0.0958	0.0953	0.0924	0.1059	0.1055	0.1072	0.1055	0.0972	0.0977	0.0956	0.0943	0.1034	0.1052	0.1037	0.1014	0.0989	0.0962	0.0965	0.0937	
0.1228	0.1219	0.1211	0.1113	0.1046	0.0965	0.0953	0.0944	0.1201	0.1186	0.1141	0.1070	0.1025	0.0987	0.0956	0.0939	0.1120	0.1100	0.1079	0.1047	0.1036	0.0985	0.0959	0.0944	0.1134	0.1144	0.1106	0.1066	0.1043	0.0989	0.0957	0.0957	0.1130	0.1129	0.1129	0.1073	0.1033	0.0986	0.0965	0.0962	0.1103	0.1079	0.1076	0.1023	0.1040	0.0984	0.0977	0.0954	0.1067	0.1062	0.1094	0.1088	0.1012	0.1007	0.0988	0.0966	0.1040	0.1048	0.1033	0.1037	0.1025	0.1006	0.0981	0.0958	
0.1265	0.1270	0.1247	0.1144	0.1062	0.0963	0.0949	0.0946	0.1241	0.1249	0.1204	0.1096	0.1035	0.0979	0.0953	0.0939	0.1158	0.1136	0.1135	0.1070	0.1038	0.0994	0.0954	0.0957	0.1181	0.1168	0.1133	0.1082	0.1039	0.0994	0.0963	0.0965	0.1168	0.1159	0.1159	0.1109	0.1034	0.1002	0.0959	0.0971	0.1132	0.1118	0.1108	0.1052	0.1034	0.0978	0.0973	0.0958	0.1105	0.1101	0.1121	0.1089	0.1026	0.1012	0.0978	0.0970	0.1056	0.1089	0.1073	0.1049	0.1036	0.1003	0.0969	0.0968	
0.1330	0.1324	0.1315	0.1180	0.1079	0.0964	0.0954	0.0946	0.1293	0.1296	0.1234	0.1127	0.1051	0.0986	0.0965	0.0948	0.1206	0.1163	0.1145	0.1108	0.1047	0.0988	0.0963	0.0954	0.1211	0.1192	0.1170	0.1089	0.1042	0.1006	0.0974	0.0972	0.1213	0.1201	0.1184	0.1124	0.1041	0.1011	0.0976	0.0965	0.1151	0.1141	0.1124	0.1083	0.1060	0.1004	0.0984	0.0958	0.1109	0.1123	0.1132	0.1102	0.1022	0.1005	0.0977	0.0958	0.1090	0.1093	0.1067	0.1054	0.1041	0.1012	0.0979	0.0970	
0.1377	0.1369	0.1376	0.1218	0.1110	0.0968	0.0958	0.0949	0.1345	0.1336	0.1265	0.1152	0.1067	0.1005	0.0955	0.0949	0.1223	0.1200	0.1176	0.1114	0.1064	0.0995	0.0968	0.0950	0.1230	0.1218	0.1199	0.1123	0.1068	0.1009	0.0974	0.0963	0.1222	0.1211	0.1232	0.1139	0.1071	0.1015	0.0979	0.0971	0.1183	0.1164	0.1141	0.1082	0.1094	0.1002	0.0971	0.0960	0.1129	0.1153	0.1166	0.1130	0.1031	0.1028	0.0990	0.0968	0.1083	0.1115	0.1091	0.1080	0.1064	0.1018	0.0985	0.0974	
0.1451	0.1441	0.1419	0.1255	0.1117	0.0980	0.0959	0.0951	0.1391	0.1393	0.1322	0.1179	0.1091	0.1010	0.0970	0.0946	0.1275	0.1235	0.1214	0.1137	0.1081	0.1003	0.0973	0.0961	0.1276	0.1253	0.1224	0.1128	0.1083	0.1003	0.0979	0.0963	0.1261	0.1239	0.1244	0.1172	0.1072	0.1011	0.0977	0.0972	0.1198	0.1189	0.1175	0.1101	0.1064	0.1010	0.0981	0.0967	0.1149	0.1160	0.1179	0.1142	0.1047	0.1032	0.0988	0.0980	0.1102	0.1139	0.1126	0.1099	0.1058	0.1017	0.0990	0.0970	
0.1530	0.1513	0.1489	0.1315	0.1129	0.0993	0.0960	0.0945	0.1457	0.1461	0.1367	0.1210	0.1115	0.1018	0.0972	0.0968	0.1319	0.1278	0.1257	0.1188	0.1112	0.1031	0.0982	0.0985	0.1301	0.1293	0.1257	0.1159	0.1109	0.1025	0.0980	0.0979	0.1312	0.1281	0.1268	0.1196	0.1092	0.1025	0.0992	0.0981	0.1229	0.1212	0.1194	0.1120	0.1086	0.1013	0.0984	0.0969	0.1173	0.1179	0.1206	0.1185	0.1050	0.1029	0.0995	0.0978	0.1126	0.1169	0.1134	0.1118	0.1085	0.1024	0.0998	0.0978	
0.1588	0.1597	0.1582	0.1344	0.1171	0.0988	0.0971	0.0945	0.1513	0.1516	0.1451	0.1259	0.1124	0.1020	0.0976	0.0962	0.1355	0.1307	0.1300	0.1195	0.1125	0.1034	0.0978	0.0952	0.1354	0.1341	0.1301	0.1209	0.1116	0.1029	0.0986	0.0977	0.1300	0.1319	0.1317	0.1219	0.1098	0.1044	0.0992	0.0975	0.1242	0.1225	0.1207	0.1124	0.1091	0.1019	0.0994	0.0964	0.1205	0.1195	0.1236	0.1178	0.1060	0.1032	0.0997	0.0981	0.1132	0.1175	0.1137	0.1121	0.1090	0.1018	0.0994	0.0967	
0.1714	0.1680	0.1671	0.1398	0.1200	0.0997	0.0964	0.0954	0.1591	0.1582	0.1498	0.1295	0.1158	0.1029	0.0985	0.0960	0.1435	0.1366	0.1329	0.1243	0.1139	0.1052	0.0991	0.0972	0.1379	0.1372	0.1328	0.1211	0.1141	0.1030	0.0985	0.0982	0.1361	0.1329	0.1319	0.1235	0.1119	0.1053	0.0999	0.0976	0.1265	0.1245	0.1226	0.1141	0.1126	0.1031	0.1012	0.0967	0.1203	0.1210	0.1228	0.1198	0.1089	0.1055	0.1007	0.0991	0.1145	0.1179	0.1150	0.1131	0.1113	0.1045	0.1003	0.0987	
0.1821	0.1798	0.1778	0.1475	0.1237	0.1004	0.0970	0.0948	0.1688	0.1682	0.1599	0.1337	0.1182	0.1037	0.0982	0.0962	0.1481	0.1431	0.1405	0.1280	0.1165	0.1055	0.0992	0.0962	0.1445	0.1428	0.1383	0.1262	0.1164	0.1049	0.0999	0.0984	0.1400	0.1390	0.1382	0.1277	0.1131	0.1051	0.1005	0.0981	0.1310	0.1288	0.1270	0.1186	0.1137	0.1039	0.1012	0.0981	0.1242	0.1248	0.1254	0.1224	0.1107	0.1062	0.1012	0.0990	0.1172	0.1208	0.1175	0.1157	0.1111	0.1057	0.1004	0.1012	
0.1911	0.1899	0.1879	0.1536	0.1265	0.1015	0.0968	0.0940	0.1777	0.1772	0.1647	0.1387	0.1196	0.1049	0.0987	0.0989	0.1531	0.1468	0.1443	0.1310	0.1182	0.1074	0.1000	0.0964	0.1483	0.1473	0.1412	0.1282	0.1178	0.1066	0.1007	0.0986	0.1442	0.1441	0.1423	0.1303	0.1164	0.1069	0.1012	0.0990	0.1316	0.1326	0.1288	0.1197	0.1150	0.1045	0.1012	0.0965	0.1257	0.1254	0.1299	0.1233	0.1095	0.1058	0.1008	0.0999	0.1169	0.1226	0.1234	0.1160	0.1151	0.1063	0.1022	0.0983	
0.2070	0.2053	0.2010	0.1625	0.1314	0.1030	0.0971	0.0951	0.1878	0.1878	0.1767	0.1449	0.1227	0.1059	0.0996	0.0966	0.1617	0.1547	0.1503	0.1366	0.1196	0.1070	0.1008	0.0967	0.1550	0.1549	0.1488	0.1338	0.1195	0.1059	0.0998	0.0984	0.1517	0.1504	0.1477	0.1375	0.1180	0.1079	0.1022	0.0991	0.1367	0.1353	0.1325	0.1229	0.1158	0.1059	0.1019	0.0983	0.1286	0.1284	0.1325	0.1269	0.1117	0.1069	0.1022	0.0998	0.1204	0.1257	0.1228	0.1194	0.1151	0.1083	0.1026	0.1002	
0.2182	0.2185	0.2131	0.1704	0.1373	0.1046	0.0980	0.0948	0.2000	0.1982	0.1865	0.1492	0.1260	0.1100	0.1003	0.0976	0.1668	0.1605	0.1571	0.1412	0.1249	0.1089	0.1009	0.0986	0.1597	0.1596	0.1521	0.1375	0.1222	0.1082	0.1009	0.0997	0.1551	0.1511	0.1500	0.1367	0.1200	0.1095	0.1027	0.0998	0.1384	0.1376	0.1346	0.1237	0.1165	0.1066	0.1017	0.0982	0.1300	0.1304	0.1330	0.1281	0.1136	0.1074	0.1025	0.0993	0.1221	0.1254	0.1232	0.1199	0.1176	0.1079	0.1042	0.1012	
0.2355	0.2336	0.2258	0.1790	0.1407	0.1037	0.0972	0.0950	0.2104	0.2082	0.1962	0.1573	0.1319	0.1088	0.1011	0.0961	0.1762	0.1696	0.1649	0.1461	0.1259	0.1108	0.1004	0.0970	0.1674	0.1650	0.1595	0.1421	0.1248	0.1078	0.1007	0.0987	0.1604	0.1590	0.1564	0.1412	0.1231	0.1090	0.1028	0.0990	0.1392	0.1419	0.1373	0.1266	0.1215	0.1070	0.1016	0.0982	0.1308	0.1332	0.1385	0.1314	0.1140	0.1084	0.1026	0.0991	0.1242	0.1283	0.1248	0.1225	0.1172	0.1090	0.1028	0.1003	
0.2567	0.2550	0.2424	0.1939	0.1483	0.1059	0.0982	0.0960	0.2254	0.2207	0.2078	0.1644	0.1361	0.1107	0.1018	0.0972	0.1822	0.1791	0.1726	0.1516	0.1321	0.1121	0.1016	0.0983	0.1738	0.1716	0.1652	0.1504	0.1280	0.1101	0.1018	0.0995	0.1649	0.1633	0.1619	0.1472	0.1247	0.1116	0.1045	0.1006	0.1453	0.1460	0.1422	0.1288	0.1219	0.1082	0.1032	0.0988	0.1364	0.1351	0.1411	0.1371	0.1163	0.1115	0.1042	0.1000	0.1227	0.1309	0.1321	0.1298	0.1195	0.1091	0.1039	0.1000	
0.2731	0.2719	0.2601	0.2037	0.1553	0.1073	0.0988	0.0958	0.2417	0.2414	0.2231	0.1741	0.1417	0.1129	0.1021	0.0983	0.1943	0.1874	0.1832	0.1575	0.1355	0.1147	0.1027	0.0989	0.1835	0.1812	0.1726	0.1530	0.1333	0.1114	0.1029	0.0999	0.1706	0.1703	0.1672	0.1504	0.1302	0.1155	0.1057	0.1012	0.1495	0.1478	0.1461	0.1310	0.1237	0.1088	0.1044	0.0987	0.1394	0.1415	0.1458	0.1373	0.1188	0.1107	0.1053	0.1016	0.1260	0.1328	0.1323	0.1275	0.1204	0.1120	0.1055	0.1013	
0.3043	0.2965	0.2850	0.2214	0.1628	0.1099	0.0992	0.0962	0.2592	0.2546	0.2407	0.1830	0.1481	0.1145	0.1041	0.0991	0.2101	0.2003	0.1928	0.1681	0.1393	0.1167	0.1044	0.0992	0.1914	0.1922	0.1840	0.1629	0.1362	0.1136	0.1043	0.1013	0.1820	0.1778	0.1742	0.1599	0.1330	0.1163	0.1071	0.1019	0.1549	0.1527	0.1495	0.1348	0.1255	0.1116	0.1046	0.1003	0.1407	0.1429	0.1479	0.1392	0.1197	0.1146	0.1061	0.1015	0.1296	0.1354	0.1342	0.1285	0.1220	0.1119	0.1063	0.1021	
0.3154	0.3182	0.2971	0.2317	0.1717	0.1134	0.0982	0.0958	0.2785	0.2724	0.2541	0.1964	0.1512	0.1172	0.1040	0.0979	0.2180	0.2106	0.2027	0.1754	0.1449	0.1180	0.1038	0.0995	0.1997	0.1985	0.1873	0.1675	0.1388	0.1141	0.1025	0.1000	0.1854	0.1818	0.1827	0.1632	0.1356	0.1158	0.1063	0.1003	0.1576	0.1561	0.1541	0.1386	0.1281	0.1103	0.1056	0.0989	0.1459	0.1466	0.1507	0.1429	0.1225	0.1137	0.1057	0.0998	0.1301	0.1376	0.1339	0.1278	0.1232	0.1123	0.1068	0.1015	
0.3542	0.3502	0.3327	0.2556	0.1786	0.1120	0.1001	0.0957	0.2994	0.2933	0.2753	0.2101	0.1602	0.1186	0.1051	0.0981	0.2320	0.2265	0.2168	0.1856	0.1512	0.1211	0.1056	0.1009	0.2102	0.2136	0.2009	0.1765	0.1444	0.1184	0.1056	0.1026	0.1977	0.1966	0.1904	0.1740	0.1404	0.1205	0.1078	0.1019	0.1658	0.1623	0.1587	0.1418	0.1317	0.1141	0.1065	0.1005	0.1490	0.1522	0.1562	0.1466	0.1232	0.1148	0.1060	0.1010	0.1334	0.1416	0.1383	0.1325	0.1271	0.1144	0.1076	0.1015	
0.3906	0.3775	0.3629	0.2741	0.1916	0.1152	0.1004	0.0968	0.3261	0.3141	0.2986	0.2207	0.1670	0.1228	0.1072	0.0999	0.2455	0.2425	0.2301	0.1982	0.1589	0.1264	0.1073	0.1007	0.2241	0.2241	0.2116	0.1873	0.1487	0.1193	0.1067	0.1016	0.2053	0.2057	0.2014	0.1799	0.1448	0.1215	0.1093	0.1033	0.1698	0.1687	0.1664	0.1494	0.1330	0.1141	0.1071	0.1012	0.1535	0.1572	0.1594	0.1492	0.1266	0.1164	0.1081	0.1027	0.1335	0.1429	0.1406	0.1337	0.1312	0.1147	0.1080	0.1024	
0.4147	0.4063	0.3851	0.2910	0.2023	0.1174	0.1007	0.0969	0.3490	0.3359	0.3168	0.2367	0.1746	0.1246	0.1080	0.1000	0.2599	0.2534	0.2414	0.2048	0.1647	0.1268	0.1073	0.1012	0.2326	0.2329	0.2214	0.1922	0.1523	0.1214	0.1063	0.1011	0.2128	0.2147	0.2055	0.1853	0.1474	0.1240	0.1106	0.1034	0.1776	0.1708	0.1705	0.1514	0.1352	0.1144	0.1093	0.1008	0.1585	0.1593	0.1667	0.1539	0.1293	0.1160	0.1076	0.1019	0.1382	0.1491	0.1437	0.1369	0.1306	0.1171	0.1092	0.1031	
0.4476	0.4357	0.4151	0.3124	0.2153	0.1181	0.1007	0.0969	0.3713	0.3610	0.3382	0.2501	0.1855	0.1289	0.1089	0.0996	0.2741	0.2701	0.2571	0.2194	0.1710	0.1303	0.1092	0.1011	0.2431	0.2469	0.2331	0.2024	0.1583	0.1237	0.1082	0.1021	0.2232	0.2235	0.2145	0.1948	0.1532	0.1277	0.1119	0.1029	0.1786	0.1783	0.1761	0.1552	0.1393	0.1166	0.1093	0.1004	0.1586	0.1632	0.1704	0.1560	0.1309	0.1197	0.1095	0.1049	0.1401	0.1517	0.1468	0.1439	0.1331	0.1173	0.1086	0.1024	
0.4814	0.4797	0.4566	0.3422	0.2277	0.1210	0.1009	0.0964	0.4087	0.3933	0.3650	0.2688	0.1930	0.1312	0.1105	0.1002	0.2918	0.2896	0.2756	0.2315	0.1806	0.1336	0.1093	0.1019	0.2603	0.2662	0.2491	0.2162	0.1644	0.1264	0.1077	0.1022	0.2366	0.2363	0.2299	0.2067	0.1576	0.1282	0.1130	0.1048	0.1887	0.1863	0.1808	0.1622	0.1442	0.1183	0.1093	0.1018	0.1646	0.1686	0.1758	0.1635	0.1325	0.1201	0.1094	0.1038	0.1429	0.1554	0.1498	0.1451	0.1360	0.1203	0.1115	0.1044	
0.5153	0.5105	0.4880	0.3672	0.2430	0.1249	0.1016	0.0974	0.4321	0.4163	0.3862	0.2913	0.2049	0.1357	0.1132	0.1004	0.3117	0.3062	0.2894	0.2428	0.1885	0.1388	0.1120	0.1034	0.2671	0.2781	0.2618	0.2267	0.1720	0.1305	0.1095	0.1047	0.2449	0.2441	0.2350	0.2163	0.1652	0.1318	0.1136	0.1050	0.1923	0.1893	0.1871	0.1636	0.1498	0.1211	0.1116	0.1030	0.1698	0.1712	0.1800	0.1680	0.1358	0.1214	0.1105	0.1042	0.1465	0.1573	0.1529	0.1458	0.1391	0.1226	0.1124	0.1051	
0.5470	0.5403	0.5194	0.3980	0.2548	0.1233	0.0989	0.0927	0.4637	0.4500	0.4192	0.3109	0.2120	0.1343	0.1091	0.0964	0.3312	0.3308	0.3123	0.2627	0.1946	0.1361	0.1083	0.0994	0.2903	0.2935	0.2810	0.2417	0.1750	0.1276	0.1052	0.0993	0.2589	0.2630	0.2510	0.2264	0.1650	0.1301	0.1105	0.1000	0.2009	0.2003	0.1970	0.1737	0.1475	0.1185	0.1075	0.0978	0.1771	0.1813	0.1886	0.1755	0.1359	0.1215	0.1078	0.1007	0.1509	0.1652	0.1587	0.1557	0.1365	0.1190	0.1070	0.1003	
0.5754	0.5611	0.5446	0.4204	0.2760	0.1319	0.1029	0.0968	0.4898	0.4731	0.4453	0.3298	0.2288	0.1442	0.1144	0.1016	0.3474	0.3470	0.3306	0.2766	0.2071	0.1447	0.1141	0.1045	0.3008	0.3067	0.2893	0.2496	0.1863	0.1370	0.1121	0.1059	0.2682	0.2675	0.2574	0.2331	0.1738	0.1385	0.1164	0.1060	0.2066	0.2061	0.2016	0.1755	0.1590	0.1237	0.1123	0.1028	0.1815	0.1838	0.1970	0.1799	0.1412	0.1265	0.1132	0.1030	0.1513	0.1688	0.1628	0.1564	0.1434	0.1253	0.1125	0.1049	
0.6039	0.5995	0.5771	0.4543	0.2969	0.1376	0.1046	0.0979	0.5326	0.5066	0.4745	0.3584	0.2447	0.1505	0.1177	0.1029	0.3721	0.3728	0.3555	0.2922	0.2224	0.1513	0.1172	0.1045	0.3176	0.3300	0.3098	0.2643	0.1963	0.1409	0.1141	0.1057	0.2814	0.2824	0.2707	0.2491	0.1827	0.1436	0.1178	0.1073	0.2126	0.2128	0.2078	0.1815	0.1617	0.1264	0.1143	0.1040	0.1866	0.1884	0.1978	0.1835	0.1470	0.1309	0.1140	0.1054	0.1549	0.1727	0.1654	0.1584	0.1492	0.1281	0.1160	0.1058	
0.6289	0.6200	0.5955	0.4903	0.3250	0.1423	0.1048	0.0975	0.5589	0.5348	0.5068	0.3850	0.2648	0.1554	0.1204	0.1032	0.3932	0.3964	0.3725	0.3105	0.2343	0.1563	0.1179	0.1055	0.3309	0.3455	0.3276	0.2807	0.2040	0.1446	0.1156	0.1062	0.2904	0.2915	0.2827	0.2620	0.1896	0.1455	0.1209	0.1078	0.2199	0.2185	0.2162	0.1894	0.1660	0.1292	0.1162	0.1050	0.1878	0.1923	0.2061	0.1889	0.1490	0.1317	0.1149	0.1070	0.1605	0.1735	0.1676	0.1637	0.1520	0.1300	0.1156	0.1069	
0.6585	0.6455	0.6219	0.5168	0.3449	0.1458	0.1054	0.0980	0.5915	0.5706	0.5394	0.4105	0.2798	0.1620	0.1220	0.1035	0.4201	0.4209	0.4001	0.3307	0.2473	0.1640	0.1215	0.1055	0.3526	0.3658	0.3421	0.2971	0.2133	0.1491	0.1161	0.1065	0.3113	0.3071	0.2921	0.2731	0.1971	0.1515	0.1237	0.1086	0.2281	0.2294	0.2253	0.1919	0.1703	0.1315	0.1179	0.1048	0.1981	0.2023	0.2119	0.1955	0.1539	0.1336	0.1169	0.1065	0.1637	0.1826	0.1742	0.1683	0.1541	0.1325	0.1162	0.1072	
0.6797	0.6628	0.6388	0.5537	0.3723	0.1544	0.1069	0.0989	0.6255	0.6030	0.5670	0.4475	0.3016	0.1682	0.1237	0.1041	0.4502	0.4545	0.4315	0.3564	0.2596	0.1675	0.1221	0.1065	0.3724	0.3891	0.3685	0.3224	0.2241	0.1542	0.1175	0.1077	0.3288	0.3235	0.3133	0.2919	0.2089	0.1552	0.1238	0.1114	0.2384	0.2401	0.2342	0.2052	0.1745	0.1354	0.1188	0.1067	0.2031	0.2051	0.2155	0.2050	0.1575	0.1371	0.1186	0.1078	0.1667	0.1876	0.1776	0.1736	0.1582	0.1349	0.1179	0.1082	
0.7102	0.6898	0.6641	0.5757	0.3947	0.1589	0.1081	0.0987	0.6527	0.6246	0.6010	0.4709	0.3186	0.1747	0.1253	0.1049	0.4700	0.4771	0.4534	0.3769	0.2780	0.1773	0.1249	0.1079	0.3877	0.4065	0.3850	0.3359	0.2343	0.1588	0.1211	0.1086	0.3351	0.3355	0.3238	0.2999	0.2167	0.1615	0.1271	0.1101	0.2467	0.2471	0.2384	0.2072	0.1828	0.1378	0.1222	0.1067	0.2081	0.2103	0.2266	0.2073	0.1620	0.1396	0.1203	0.1074	0.1708	0.1918	0.1826	0.1734	0.1631	0.1357	0.1200	0.1088	
0.7236	0.7019	0.6794	0.6026	0.4169	0.1644	0.1077	0.0987	0.6804	0.6542	0.6250	0.5131	0.3451	0.1829	0.1281	0.1052	0.4990	0.5019	0.4817	0.4068	0.2945	0.1813	0.1266	0.1076	0.4040	0.4243	0.4086	0.3598	0.2472	0.1625	0.1221	0.1105	0.3549	0.3482	0.3394	0.3217	0.2219	0.1637	0.1286	0.1113	0.2579	0.2540	0.2523	0.2172	0.1877	0.1400	0.1247	0.1085	0.2134	0.2155	0.2342	0.2137	0.1658	0.1425	0.1212	0.1080	0.1770	0.1967	0.2002	0.1794	0.1684	0.1389	0.1218	0.1093	
0.7466	0.7314	0.7027	0.6288	0.4505	0.1753	0.1094	0.0980	0.7091	0.6811	0.6488	0.5458	0.3669	0.1934	0.1338	0.1067	0.5309	0.5390	0.5155	0.4344	0.3088	0.1900	0.1290	0.1091	0.4291	0.4593	0.4340	0.3803	0.2597	0.1718	0.1242	0.1113	0.3753	0.3713	0.3547	0.3380	0.2322	0.1707	0.1330	0.1132	0.2709	0.2715	0.2644	0.2273	0.1965	0.1435	0.1270	0.1098	0.2258	0.2298	0.2428	0.2256	0.1709	0.1446	0.1239	0.1098	0.1812	0.2047	0.1933	0.1888	0.1711	0.1435	0.1232	0.1112	
0.7708	0.7515	0.7280	0.6466	0.4780	0.1844	0.1109	0.0993	0.7333	0.7047	0.6780	0.5666	0.3889	0.2043	0.1357	0.1084	0.5533	0.5614	0.5373	0.4514	0.3305	0.2034	0.1330	0.1099	0.4524	0.4837	0.4505	0.4012	0.2749	0.1760	0.1267	0.1125	0.3928	0.3875	0.3725	0.3553	0.2441	0.1755	0.1356	0.1140	0.2763	0.2746	0.2721	0.2340	0.2016	0.1473	0.1277	0.1092	0.2317	0.2355	0.2548	0.2323	0.1771	0.1495	0.1261	0.1113	0.1850	0.2122	0.2009	0.1927	0.1772	0.1466	0.1241	0.1123	
0.7722	0.7603	0.7436	0.6706	0.5038	0.1966	0.1116	0.1005	0.7473	0.7236	0.6990	0.6036	0.4227	0.2186	0.1420	0.1078	0.5817	0.5807	0.5610	0.4855	0.3517	0.2145	0.1348	0.1114	0.4651	0.4936	0.4737	0.4224	0.2888	0.1842	0.1304	0.1152	0.4027	0.3999	0.3790	0.3714	0.2546	0.1829	0.1383	0.1162	0.2819	0.2819	0.2840	0.2416	0.2099	0.1503	0.1311	0.1115	0.2341	0.2325	0.2587	0.2341	0.1792	0.1522	0.1292	0.1113	0.1907	0.2103	0.2043	0.1964	0.1820	0.1479	0.1275	0.1129	
0.7805	0.7730	0.7639	0.6928	0.5271	0.2079	0.1135	0.1000	0.7783	0.7466	0.7168	0.6357	0.4498	0.2299	0.1474	0.1083	0.6130	0.6218	0.5995	0.5140	0.3709	0.2217	0.1396	0.1130	0.5028	0.5339	0.5077	0.4502	0.3034	0.1898	0.1322	0.1162	0.4311	0.4269	0.4047	0.3938	0.2658	0.1879	0.1420	0.1169	0.3025	0.3017	0.2929	0.2532	0.2174	0.1561	0.1423	0.1136	0.2478	0.2449	0.2729	0.2519	0.1884	0.1542	0.1294	0.1140	0.1955	0.2221	0.2161	0.2026	0.1878	0.1514	0.1287	0.1138	
0.7836	0.7708	0.7684	0.7107	0.5503	0.2170	0.1135	0.0996	0.7988	0.7710	0.7420	0.6546	0.4714	0.2411	0.1479	0.1071	0.6376	0.6429	0.6174	0.5362	0.3942	0.2313	0.1424	0.1127	0.5159	0.5544	0.5272	0.4724	0.3155	0.1979	0.1331	0.1151	0.4358	0.4321	0.4174	0.3987	0.2785	0.1945	0.1414	0.1167	0.3043	0.3041	0.3049	0.2584	0.2235	0.1548	0.1328	0.1112	0.2531	0.2567	0.2841	0.2537	0.1893	0.1569	0.1313	0.1141	0.1988	0.2249	0.2187	0.2086	0.1882	0.1553	0.1307	0.1126	
0.7781	0.7758	0.7709	0.7253	0.5798	0.2322	0.1153	0.1004	0.8164	0.7874	0.7617	0.6793	0.4989	0.2592	0.1549	0.1092	0.6601	0.6722	0.6516	0.5767	0.4186	0.2469	0.1455	0.1136	0.5348	0.5797	0.5449	0.5046	0.3345	0.2059	0.1370	0.1168	0.4537	0.4456	0.4234	0.4314	0.2908	0.2007	0.1475	0.1179	0.3127	0.3165	0.3141	0.2761	0.2288	0.1629	0.1361	0.1138	0.2580	0.2598	0.2858	0.2695	0.1995	0.1599	0.1324	0.1135	0.2023	0.2323	0.2227	0.2172	0.1934	0.1572	0.1326	0.1145	
0.7863	0.7790	0.7804	0.7492	0.5994	0.2435	0.1177	0.1010	0.8741	0.8145	0.7839	0.7122	0.5297	0.2720	0.1603	0.1103	0.6986	0.7033	0.6806	0.6001	0.4515	0.2637	0.1501	0.1158	0.5663	0.6108	0.5883	0.5278	0.3575	0.2168	0.1409	0.1197	0.4740	0.4814	0.4595	0.4444	0.3057	0.2094	0.1521	0.1214	0.3271	0.3264	0.3299	0.2840	0.2405	0.1656	0.1409	0.1148	0.2706	0.2766	0.3016	0.2780	0.2021	0.1656	0.1370	0.1161	0.2112	0.2427	0.2331	0.2203	0.2002	0.1623	0.1364	0.1176	
0.7885	0.7801	0.7790	0.7554	0.6222	0.2635	0.1210	0.1009	0.8892	0.8195	0.8077	0.7194	0.5580	0.2914	0.1671	0.1113	0.7156	0.7122	0.6925	0.6241	0.4714	0.2713	0.1557	0.1156	0.5849	0.6247	0.6030	0.5575	0.3736	0.2236	0.1437	0.1211	0.4993	0.4895	0.4634	0.4618	0.3186	0.2179	0.1545	0.1235	0.3314	0.3340	0.3331	0.2893	0.2431	0.1702	0.1414	0.1165	0.2739	0.2745	0.2987	0.2791	0.2090	0.1698	0.1381	0.1193	0.2125	0.2435	0.2388	0.2376	0.2093	0.1642	0.1378	0.1175	
0.7958	0.7848	0.7867	0.7786	0.6485	0.2798	0.1234	0.1030	0.8943	0.8299	0.8220	0.7596	0.5855	0.3088	0.1736	0.1144	0.7389	0.7905	0.7260	0.6555	0.4993	0.2913	0.1616	0.1186	0.5956	0.6607	0.6328	0.5861	0.3916	0.2348	0.1480	0.1231	0.5192	0.5099	0.4837	0.4893	0.3357	0.2271	0.1607	0.1258	0.3474	0.3542	0.3488	0.3073	0.2554	0.1773	0.1455	0.1195	0.2860	0.2855	0.3181	0.2999	0.2176	0.1761	0.1438	0.1182	0.2178	0.2575	0.2508	0.2359	0.2125	0.1710	0.1411	0.1209	
0.7962	0.7857	0.7867	0.7808	0.6696	0.3003	0.1262	0.1031	0.8890	0.8341	0.8231	0.7802	0.6105	0.3284	0.1803	0.1150	0.7642	0.7591	0.7431	0.6785	0.5280	0.3093	0.1690	0.1204	0.6404	0.6837	0.6615	0.6117	0.4104	0.2456	0.1538	0.1264	0.5459	0.5306	0.5009	0.5090	0.3578	0.2389	0.1687	0.1307	0.3568	0.3644	0.3626	0.3093	0.2651	0.1807	0.1513	0.1193	0.2906	0.2886	0.3224	0.3006	0.2266	0.1808	0.1463	0.1206	0.2274	0.2574	0.2556	0.2378	0.2214	0.1737	0.1431	0.1215	
0.7998	0.7878	0.7854	0.7793	0.6922	0.3228	0.1292	0.1030	0.8967	0.8753	0.8242	0.7887	0.6374	0.3507	0.1913	0.1170	0.7728	0.7719	0.7518	0.6973	0.5533	0.3318	0.1751	0.1232	0.6537	0.7435	0.6803	0.6243	0.4279	0.2571	0.1568	0.1274	0.6193	0.5935	0.5806	0.5271	0.3700	0.2486	0.1673	0.1293	0.3667	0.3730	0.3726	0.3189	0.2750	0.1883	0.1553	0.1214	0.2922	0.2983	0.3268	0.3055	0.2319	0.1863	0.1483	0.1214	0.2297	0.2643	0.2544	0.2554	0.2295	0.1782	0.1464	0.1226	
0.8010	0.7920	0.7940	0.7852	0.7121	0.3444	0.1336	0.1027	0.9002	0.8368	0.8292	0.8142	0.6629	0.3747	0.2046	0.1165	0.8084	0.8027	0.7882	0.7231	0.5889	0.3461	0.1837	0.1269	0.6898	0.7873	0.7148	0.6686	0.4579	0.2712	0.1599	0.1274	0.5900	0.6175	0.5488	0.5578	0.3892	0.2564	0.1719	0.1310	0.3867	0.3940	0.3894	0.3362	0.2857	0.1936	0.1581	0.1217	0.3123	0.3115	0.3451	0.3199	0.2363	0.1890	0.1513	0.1217	0.2353	0.2738	0.2679	0.2554	0.2307	0.1813	0.1491	0.1210	
0.8051	0.7932	0.7925	0.7881	0.7267	0.3652	0.1348	0.1042	0.9002	0.8391	0.8338	0.8225	0.6817	0.3980	0.2109	0.1189	0.8212	0.8134	0.8332	0.7467	0.6141	0.3700	0.1923	0.1262	0.7122	0.7633	0.7373	0.6891	0.4786	0.2869	0.1648	0.1331	0.6110	0.6355	0.5789	0.5884	0.4109	0.2704	0.1809	0.1355	0.3992	0.4103	0.4035	0.3478	0.2978	0.1976	0.1616	0.1242	0.3201	0.3179	0.3595	0.3271	0.2537	0.1930	0.1554	0.1252	0.2395	0.2817	0.2772	0.2669	0.2381	0.1881	0.1511	0.1263	
0.8061	0.7976	0.7958	0.7889	0.7282	0.3969	0.1409	0.1051	0.9069	0.8755	0.8303	0.8220	0.7050	0.4250	0.2234	0.1217	0.8802	0.8232	0.8634	0.7638	0.6360	0.3955	0.1964	0.1284	0.7811	0.7749	0.8171	0.7707	0.5028	0.2999	0.1717	0.1345	0.6515	0.6674	0.6292	0.6659	0.4269	0.2883	0.1882	0.1361	0.3993	0.4168	0.4160	0.3556	0.3082	0.2049	0.1663	0.1249	0.3326	0.3300	0.3748	0.3329	0.2570	0.1989	0.1586	0.1262	0.2439	0.2899	0.2797	0.2735	0.2455	0.1937	0.1523	0.1251	
0.8104	0.8000	0.7978	0.7921	0.7405	0.4186	0.1440	0.1055	0.9056	0.8736	0.8339	0.8324	0.7236	0.4457	0.2351	0.1217	0.8429	0.8302	0.8707	0.7833	0.6622	0.4127	0.2083	0.1326	0.8188	0.8022	0.8418	0.7358	0.5242	0.3114	0.1766	0.1396	0.7109	0.6440	0.6742	0.6971	0.4512	0.2886	0.1939	0.1397	0.4162	0.4310	0.4277	0.3671	0.3172	0.2106	0.1700	0.1275	0.3382	0.3385	0.3797	0.3466	0.2615	0.2066	0.1614	0.1291	0.2520	0.2934	0.2874	0.2718	0.2505	0.1942	0.1559	0.1266	
0.8102	0.8043	0.8050	0.8000	0.7420	0.4464	0.1473	0.1047	0.9136	0.8825	0.8415	0.8312	0.7463	0.4717	0.2460	0.1226	0.8451	0.8320	0.8838	0.7988	0.6861	0.4398	0.2148	0.1322	0.7683	0.8508	0.8630	0.7600	0.5458	0.3278	0.1831	0.1401	0.7193	0.7092	0.6669	0.7079	0.4660	0.3061	0.1972	0.1394	0.4357	0.4470	0.4504	0.3897	0.3267	0.2177	0.1717	0.1268	0.3459	0.3444	0.3891	0.3598	0.2696	0.2101	0.1640	0.1309	0.2565	0.3035	0.2971	0.2884	0.2570	0.2016	0.1580	0.1302	
0.8030	0.8009	0.7987	0.7870	0.7404	0.4683	0.1531	0.1064	0.9109	0.8751	0.8375	0.8204	0.7577	0.4985	0.2613	0.1260	0.8423	0.8277	0.8761	0.8080	0.6964	0.4678	0.2271	0.1359	0.8009	0.8689	0.8698	0.7803	0.5741	0.3468	0.1910	0.1443	0.7536	0.7203	0.6941	0.6640	0.4847	0.3200	0.2066	0.1467	0.4568	0.4543	0.4559	0.3889	0.3381	0.2267	0.1802	0.1303	0.3543	0.3474	0.4012	0.3617	0.2768	0.2209	0.1704	0.1339	0.2619	0.3093	0.2960	0.2892	0.2651	0.2065	0.1636	0.1322	
0.8176	0.8050	0.8090	0.8003	0.7339	0.4896	0.1570	0.1062	0.8658	0.8854	0.8445	0.8315	0.7652	0.5230	0.2744	0.1285	0.8537	0.8775	0.8371	0.8230	0.7111	0.4769	0.2367	0.1397	0.8306	0.8898	0.8377	0.8020	0.6010	0.3580	0.1991	0.1488	0.7792	0.7369	0.7330	0.7043	0.5048	0.3305	0.2135	0.1478	0.4706	0.4629	0.4745	0.4141	0.3479	0.2306	0.1844	0.1327	0.3646	0.3737	0.4124	0.3736	0.2843	0.2238	0.1746	0.1335	0.2695	0.3123	0.3087	0.2936	0.2758	0.2122	0.1668	0.1352	
0.8216	0.8656	0.8138	0.8058	0.7427	0.5162	0.1621	0.1083	0.8667	0.8946	0.8778	0.8799	0.7688	0.5487	0.2927	0.1311	0.8523	0.8774	0.8304	0.8310	0.7295	0.5021	0.2486	0.1418	0.8896	0.9003	0.8524	0.8276	0.6253	0.3737	0.2054	0.1525	0.7904	0.7603	0.7465	0.7609	0.5205	0.3445	0.2251	0.1513	0.4761	0.4728	0.4834	0.4218	0.3664	0.2381	0.1909	0.1366	0.3764	0.3808	0.4225	0.3858	0.2924	0.2297	0.1790	0.1353	0.2762	0.3233	0.3108	0.3013	0.2797	0.2193	0.1718	0.1373	
0.8247	0.8114	0.8115	0.8042	0.7464	0.5444	0.1685	0.1081	0.8652	0.8841	0.8478	0.8371	0.7709	0.5732	0.3094	0.1338	0.8554	0.8696	0.8327	0.8346	0.7477	0.5282	0.2616	0.1467	0.8888	0.9078	0.8688	0.8919	0.6527	0.3975	0.2127	0.1551	0.7805	0.7848	0.7771	0.7955	0.5448	0.3597	0.2293	0.1558	0.4983	0.5097	0.5040	0.4348	0.3791	0.2475	0.1970	0.1374	0.3883	0.3970	0.4351	0.3956	0.3041	0.2393	0.1849	0.1393	0.2800	0.3321	0.3209	0.3120	0.2908	0.2268	0.1745	0.1390	
0.8273	0.8640	0.8164	0.8089	0.7469	0.5699	0.1771	0.1082	0.8669	0.8890	0.8479	0.8812	0.7748	0.5958	0.3280	0.1340	0.8936	0.8374	0.8340	0.8414	0.7702	0.5626	0.2774	0.1502	0.9258	0.8803	0.8701	0.8771	0.6658	0.4183	0.2206	0.1599	0.8402	0.7981	0.7703	0.8235	0.5699	0.3732	0.2387	0.1590	0.5165	0.5180	0.5196	0.4564	0.3915	0.2561	0.2017	0.1414	0.4043	0.4031	0.4580	0.4165	0.3119	0.2486	0.1879	0.1417	0.2877	0.3469	0.3291	0.3187	0.3038	0.2315	0.1787	0.1413	
0.8302	0.8171	0.8159	0.8090	0.7593	0.6032	0.1868	0.1112	0.8717	0.8907	0.8519	0.8808	0.7791	0.6220	0.3503	0.1393	0.8970	0.8494	0.8466	0.8456	0.7867	0.5968	0.2954	0.1569	0.9250	0.8815	0.8805	0.8933	0.6960	0.4371	0.2293	0.1649	0.8515	0.8171	0.7674	0.8528	0.6016	0.4028	0.2509	0.1656	0.5406	0.5476	0.5390	0.4715	0.4115	0.2716	0.2126	0.1452	0.4186	0.4126	0.4722	0.4460	0.3314	0.2579	0.1949	0.1465	0.2988	0.3590	0.3372	0.3260	0.3146	0.2425	0.1865	0.1474	
0.8335	0.8703	0.8203	0.8165	0.7577	0.6215	0.1941	0.1113	0.8680	0.8996	0.8525	0.8840	0.7850	0.6460	0.3758	0.1436	0.8987	0.8445	0.8380	0.8436	0.7897	0.6102	0.3119	0.1584	0.9380	0.8977	0.8819	0.9060	0.7123	0.4565	0.2402	0.1700	0.8642	0.8357	0.7897	0.8705	0.6119	0.4172	0.2626	0.1679	0.5464	0.5551	0.5500	0.4912	0.4204	0.2771	0.2143	0.1446	0.4202	0.4318	0.4807	0.4400	0.3354	0.2634	0.2014	0.1485	0.3054	0.3591	0.3393	0.3417	0.3198	0.2448	0.1880	0.1471	
0.8366	0.8226	0.8292	0.8183	0.7490	0.6443	0.2058	0.1121	0.9216	0.8998	0.8615	0.8868	0.7799	0.6590	0.3974	0.1473	0.8997	0.8500	0.8426	0.8461	0.7984	0.6295	0.3293	0.1624	0.9006	0.8810	0.9270	0.9310	0.7246	0.4779	0.2499	0.1727	0.8949	0.8585	0.8550	0.8475	0.6307	0.4194	0.2718	0.1723	0.5727	0.5753	0.5754	0.5104	0.4306	0.2842	0.2198	0.1468	0.4430	0.4404	0.4959	0.4586	0.3444	0.2714	0.2055	0.1492	0.3115	0.3716	0.3499	0.3542	0.3245	0.2477	0.1920	0.1480	
0.8362	0.8222	0.8219	0.8150	0.7548	0.6559	0.2111	0.1134	0.8729	0.9102	0.8619	0.8908	0.7863	0.6817	0.4163	0.1522	0.8579	0.8536	0.8372	0.8513	0.7949	0.6482	0.3470	0.1690	0.9356	0.8827	0.9232	0.9348	0.7533	0.4932	0.2597	0.1788	0.8975	0.8721	0.8404	0.8567	0.6595	0.4411	0.2768	0.1795	0.5930	0.5916	0.5760	0.5166	0.4502	0.2921	0.2284	0.1509	0.4494	0.4527	0.5150	0.4831	0.3587	0.2802	0.2107	0.1532	0.3150	0.3744	0.3654	0.3468	0.3345	0.2576	0.1982	0.1504	
0.8413	0.8276	0.8284	0.8190	0.7539	0.6760	0.2211	0.1134	0.8824	0.8707	0.8626	0.8554	0.7857	0.7010	0.4416	0.1547	0.8977	0.8509	0.8515	0.8496	0.8015	0.6747	0.3635	0.1711	0.9036	0.8849	0.9178	0.9222	0.7660	0.5212	0.2729	0.1846	0.9316	0.8917	0.8522	0.9011	0.6797	0.4582	0.2893	0.1850	0.6039	0.6044	0.5940	0.5278	0.4646	0.3058	0.2363	0.1555	0.4585	0.4626	0.5275	0.4918	0.3666	0.2902	0.2175	0.1555	0.3223	0.3984	0.3793	0.3611	0.3469	0.2642	0.2033	0.1549	
0.8487	0.8361	0.8325	0.8259	0.7583	0.6961	0.2338	0.1150	0.9409	0.9129	0.8711	0.8954	0.7894	0.7245	0.4691	0.1608	0.9117	0.8549	0.8435	0.8454	0.7861	0.7010	0.3779	0.1770	0.9347	0.8905	0.9242	0.9102	0.7898	0.5410	0.2835	0.1899	0.8993	0.8912	0.9072	0.9394	0.6913	0.4747	0.3021	0.1881	0.6281	0.6398	0.6153	0.5682	0.4806	0.3158	0.2404	0.1590	0.4844	0.4698	0.5990	0.5092	0.3793	0.2968	0.2222	0.1588	0.3277	0.4084	0.3971	0.3749	0.3504	0.2724	0.2096	0.1588	
0.8492	0.8385	0.8371	0.8275	0.7658	0.7042	0.2477	0.1175	0.9352	0.8802	0.8734	0.9021	0.7882	0.7341	0.4905	0.1667	0.9138	0.8560	0.8533	0.8512	0.7922	0.7084	0.4038	0.1826	0.8949	0.8947	0.9416	0.9126	0.8018	0.5600	0.3003	0.1990	0.9434	0.9122	0.9442	0.9482	0.7084	0.4939	0.3139	0.1953	0.6795	0.6486	0.6404	0.5882	0.4876	0.3237	0.2511	0.1623	0.4931	0.4846	0.6083	0.5288	0.3877	0.3077	0.2301	0.1666	0.3516	0.4176	0.4048	0.3985	0.3670	0.2810	0.2184	0.1630	
0.8456	0.8378	0.8358	0.8269	0.7614	0.7103	0.2646	0.1190	0.9386	0.8831	0.8755	0.9004	0.7961	0.7418	0.5185	0.1734	0.9103	0.8530	0.8531	0.8518	0.8002	0.7272	0.4292	0.1936	0.8890	0.8840	0.9353	0.9255	0.8111	0.5860	0.3140	0.2066	0.9414	0.9248	0.9053	0.9456	0.7508	0.5140	0.3260	0.2013	0.6908	0.6565	0.6486	0.6004	0.5061	0.3359	0.2630	0.1679	0.4978	0.4973	0.5872	0.5572	0.4019	0.3144	0.2370	0.1681	0.3514	0.4181	0.4103	0.4250	0.3701	0.2898	0.2239	0.1688	
0.8579	0.8388	0.9059	0.8358	0.7652	0.7096	0.2768	0.1175	0.9428	0.8897	0.8803	0.9103	0.7954	0.7459	0.5381	0.1794	0.9217	0.8580	0.8503	0.8640	0.7976	0.7417	0.4472	0.2050	0.8978	0.9013	0.9257	0.8991	0.8093	0.6024	0.3261	0.2110	0.9304	0.9191	0.8935	0.9476	0.7592	0.5383	0.3419	0.2073	0.7167	0.6782	0.6739	0.6068	0.5224	0.3450	0.2695	0.1735	0.5148	0.5248	0.5856	0.5749	0.4054	0.3213	0.2450	0.1737	0.3548	0.4279	0.4047	0.4254	0.3830	0.2974	0.2278	0.1711	
0.8644	0.8481	0.8502	0.8408	0.7714	0.7185	0.2926	0.1222	0.9419	0.8989	0.8857	0.9147	0.7975	0.7477	0.5637	0.1868	0.9174	0.8568	0.8532	0.8561	0.8011	0.7590	0.4720	0.2082	0.9074	0.8956	0.9321	0.9120	0.8126	0.6310	0.3447	0.2214	0.9173	0.8976	0.9328	0.9538	0.7659	0.5519	0.3525	0.2135	0.6895	0.6850	0.6919	0.6329	0.5434	0.3611	0.2799	0.1791	0.5306	0.5446	0.6240	0.5780	0.4242	0.3333	0.2491	0.1765	0.3614	0.4405	0.4285	0.4344	0.3983	0.3067	0.2359	0.1768	
