0.0928	0.0910	0.0892	0.0908	0.0915	0.0894	0.0956	0.0997	0.0921	0.0929	0.0923	0.0936	0.0954	0.0918	0.1027	0.1001	0.0935	0.0941	0.0922	0.0915	0.0922	0.0936	0.0960	0.1013	0.1130	0.0970	0.0934	0.0921	0.0933	0.0939	0.0978	0.1038	0.0930	0.0916	0.0898	0.0948	0.0903	0.0932	0.0963	0.1019	0.1073	0.0956	0.0940	0.0921	0.0952	0.0974	0.0971	0.1005	0.0959	0.0917	0.0938	0.0924	0.0908	0.0932	0.0959	0.0980	0.0931	0.0919	0.0934	0.0943	0.0959	0.0931	0.1010	0.0935	
0.0885	0.0881	0.0875	0.0899	0.0893	0.0880	0.0955	0.0995	0.0884	0.0917	0.0898	0.0886	0.0885	0.0869	0.0968	0.0989	0.0894	0.0907	0.0875	0.0892	0.0871	0.0917	0.0957	0.1051	0.0911	0.0905	0.0921	0.0940	0.0896	0.0904	0.0977	0.1038	0.0889	0.0883	0.0921	0.0941	0.0893	0.0906	0.0946	0.1015	0.0881	0.0921	0.0907	0.0891	0.0929	0.0891	0.0952	0.1001	0.0897	0.0907	0.0884	0.0900	0.0906	0.0911	0.0922	0.0925	0.0894	0.0892	0.0905	0.0922	0.0902	0.0914	0.0949	0.0923	
0.0919	0.0924	0.0929	0.0934	0.0916	0.0935	0.0961	0.1022	0.0922	0.0927	0.0926	0.0903	0.0894	0.0925	0.1012	0.1060	0.0910	0.0926	0.0905	0.0904	0.0930	0.0945	0.1024	0.1087	0.0958	0.0937	0.0932	0.0928	0.0907	0.0947	0.1008	0.1116	0.0943	0.0937	0.0909	0.0918	0.0919	0.0924	0.0955	0.1051	0.0927	0.0917	0.0915	0.0923	0.0929	0.0954	0.0987	0.1031	0.0934	0.0913	0.0910	0.0937	0.0932	0.0943	0.0960	0.0975	0.0913	0.0933	0.0938	0.0930	0.0928	0.0928	0.0966	0.0957	
0.0901	0.0866	0.0897	0.0903	0.0888	0.0917	0.0926	0.1045	0.0897	0.0872	0.0887	0.0895	0.0904	0.0918	0.1002	0.1021	0.0884	0.0874	0.0899	0.0878	0.0881	0.0926	0.0978	0.1081	0.0883	0.0923	0.0886	0.0889	0.0886	0.0907	0.0976	0.1058	0.0888	0.0898	0.0871	0.0911	0.0901	0.0912	0.0937	0.1036	0.0907	0.0909	0.0929	0.0995	0.0898	0.0919	0.0977	0.1010	0.0908	0.0921	0.0912	0.0909	0.0909	0.0929	0.0919	0.0942	0.0919	0.0884	0.0935	0.0923	0.0894	0.0926	0.0937	0.0953	
0.0917	0.0919	0.0883	0.0917	0.0929	0.0883	0.0947	0.1027	0.0925	0.0916	0.0890	0.0887	0.0910	0.0924	0.1030	0.1022	0.0958	0.0902	0.0908	0.0914	0.0899	0.0934	0.0992	0.1118	0.0937	0.0921	0.0918	0.0906	0.0883	0.0968	0.0983	0.1105	0.0900	0.0890	0.0895	0.0922	0.0904	0.0908	0.0953	0.1069	0.0915	0.0908	0.0910	0.0930	0.0930	0.0918	0.0990	0.1019	0.0920	0.0908	0.0924	0.0927	0.0910	0.0935	0.0973	0.0945	0.0903	0.0892	0.0927	0.0942	0.0936	0.0932	0.0949	0.0914	
0.0894	0.0872	0.0876	0.0880	0.0894	0.0893	0.0914	0.1025	0.0889	0.0896	0.0889	0.0892	0.0897	0.0883	0.0997	0.0998	0.0888	0.0881	0.0879	0.0881	0.0882	0.0924	0.0971	0.1066	0.0891	0.0887	0.0906	0.0916	0.0889	0.0889	0.1005	0.1053	0.0882	0.0885	0.0883	0.0916	0.0960	0.0886	0.0930	0.1045	0.0905	0.0887	0.0897	0.0911	0.0891	0.0916	0.0939	0.1012	0.0905	0.0896	0.0911	0.0881	0.0903	0.0908	0.0934	0.0961	0.0897	0.0887	0.0923	0.0898	0.0911	0.0911	0.0947	0.0908	
0.0904	0.0903	0.0876	0.0919	0.0954	0.0893	0.0934	0.1011	0.0911	0.0904	0.0894	0.0904	0.0896	0.0922	0.1005	0.1017	0.0915	0.0911	0.0892	0.0914	0.0923	0.0927	0.0985	0.1078	0.0908	0.0916	0.0922	0.0902	0.0921	0.0948	0.0975	0.1085	0.0921	0.0908	0.0897	0.0908	0.0904	0.0917	0.0964	0.1053	0.0915	0.0908	0.0901	0.0928	0.0902	0.0936	0.0966	0.1034	0.0900	0.0926	0.0921	0.0903	0.0915	0.0954	0.0949	0.0954	0.1038	0.0927	0.0934	0.0934	0.0946	0.0954	0.0948	0.0946	
0.0892	0.0904	0.0897	0.0918	0.0898	0.0904	0.0959	0.1023	0.0915	0.0923	0.0907	0.0914	0.0908	0.0924	0.1004	0.1035	0.0921	0.0905	0.0911	0.0911	0.0926	0.0926	0.1010	0.1116	0.0899	0.0911	0.0927	0.0913	0.0903	0.0934	0.0981	0.1077	0.0917	0.0897	0.0903	0.0914	0.0916	0.0927	0.0956	0.1062	0.0912	0.0913	0.0932	0.0927	0.0922	0.0944	0.0980	0.1030	0.0907	0.0934	0.0905	0.0928	0.0911	0.0917	0.0968	0.0984	0.0927	0.0919	0.0938	0.0943	0.0940	0.0932	0.0969	0.0959	
0.0893	0.0896	0.0900	0.0903	0.0904	0.0920	0.0948	0.0998	0.0915	0.0908	0.0904	0.0908	0.0911	0.0927	0.0997	0.1003	0.0887	0.0881	0.0909	0.0891	0.0900	0.0913	0.0977	0.1070	0.0888	0.0897	0.0898	0.0887	0.0875	0.0908	0.0968	0.1069	0.0916	0.0887	0.0900	0.0912	0.0901	0.0916	0.0952	0.1065	0.0901	0.0905	0.0908	0.0902	0.0913	0.0903	0.0952	0.1003	0.0912	0.0922	0.0916	0.0890	0.0890	0.0914	0.0939	0.0977	0.0921	0.0890	0.0919	0.0951	0.0912	0.0914	0.0926	0.0937	
0.0920	0.0905	0.0922	0.0908	0.0950	0.0908	0.0935	0.1035	0.0925	0.0898	0.0909	0.0893	0.0954	0.0949	0.1020	0.1034	0.0951	0.0901	0.0947	0.0920	0.0903	0.0932	0.0977	0.1088	0.0917	0.0913	0.0896	0.0911	0.0892	0.0936	0.0988	0.1089	0.0912	0.0908	0.0911	0.0906	0.0937	0.0927	0.0964	0.1057	0.0903	0.0941	0.0913	0.0925	0.0913	0.0969	0.0974	0.1011	0.0915	0.0925	0.0905	0.0908	0.0944	0.0926	0.0949	0.0947	0.0932	0.0922	0.0954	0.0915	0.0939	0.0968	0.0942	0.0966	
0.0905	0.0895	0.0892	0.0910	0.0920	0.0933	0.0959	0.1013	0.0892	0.0893	0.0892	0.0895	0.0897	0.0913	0.0999	0.1072	0.0922	0.0890	0.0905	0.0924	0.0902	0.0916	0.0961	0.1058	0.0907	0.0918	0.0920	0.0926	0.0906	0.0912	0.0974	0.1089	0.0905	0.0895	0.0877	0.0910	0.0906	0.0904	0.0937	0.1066	0.0899	0.0903	0.0920	0.0901	0.0940	0.0924	0.0983	0.1006	0.0919	0.0916	0.0930	0.0930	0.0920	0.0928	0.0928	0.0966	0.0911	0.0924	0.0950	0.0926	0.0913	0.0914	0.0931	0.0925	
0.0915	0.0897	0.0906	0.0933	0.0927	0.0930	0.0951	0.1044	0.0926	0.0908	0.0916	0.0920	0.0931	0.0942	0.0985	0.1019	0.0927	0.0917	0.0919	0.0929	0.0902	0.0947	0.0957	0.1096	0.0922	0.0934	0.0941	0.0917	0.0908	0.0944	0.0977	0.1084	0.0918	0.0899	0.0920	0.0929	0.0929	0.0907	0.0959	0.1064	0.0945	0.0927	0.0935	0.0935	0.0940	0.0943	0.0976	0.1029	0.0928	0.0936	0.0917	0.0920	0.0926	0.0926	0.0969	0.0992	0.0935	0.0917	0.0977	0.0928	0.0923	0.0935	0.0973	0.0938	
0.0911	0.0896	0.0896	0.0922	0.0905	0.0922	0.0970	0.1034	0.0900	0.0920	0.0917	0.0900	0.0900	0.0909	0.1004	0.1012	0.0912	0.0904	0.0904	0.0896	0.0902	0.0917	0.0994	0.1105	0.0933	0.0916	0.0900	0.0931	0.0919	0.0930	0.0983	0.1103	0.0936	0.0897	0.0902	0.0930	0.0918	0.0920	0.0958	0.1038	0.0910	0.0922	0.0912	0.0927	0.0914	0.0927	0.0982	0.1020	0.0902	0.0930	0.0905	0.0927	0.0929	0.0916	0.0956	0.0969	0.0930	0.0918	0.0946	0.0918	0.0930	0.0933	0.0947	0.0953	
0.0901	0.0910	0.0886	0.0906	0.0924	0.0906	0.0942	0.1009	0.0923	0.0910	0.0900	0.0909	0.0913	0.0916	0.1004	0.0989	0.0925	0.0925	0.0912	0.0913	0.0905	0.0923	0.0962	0.1080	0.0920	0.0910	0.0917	0.0928	0.0916	0.0918	0.0975	0.1066	0.0911	0.0907	0.0904	0.0919	0.0900	0.0916	0.0949	0.1045	0.0916	0.0916	0.0908	0.0917	0.0915	0.0932	0.0951	0.1020	0.0920	0.0915	0.0929	0.0937	0.0920	0.0926	0.0963	0.0977	0.0940	0.0914	0.0952	0.0928	0.0923	0.0950	0.0941	0.0941	
0.0920	0.0899	0.0923	0.0911	0.0924	0.0915	0.0938	0.1017	0.0926	0.0911	0.0910	0.0901	0.0914	0.0926	0.0981	0.1014	0.0930	0.0893	0.0916	0.0917	0.0905	0.0941	0.0965	0.1070	0.0910	0.0913	0.0910	0.0905	0.0912	0.0923	0.0980	0.1066	0.0928	0.0910	0.0904	0.0924	0.0908	0.0904	0.0953	0.1028	0.0903	0.0926	0.0918	0.0934	0.0921	0.0929	0.0963	0.0999	0.0929	0.0929	0.0921	0.0918	0.0921	0.0938	0.0954	0.0953	0.0936	0.0924	0.0925	0.0910	0.0926	0.0924	0.0959	0.0926	
0.0918	0.0935	0.0900	0.0933	0.0941	0.0932	0.0957	0.1014	0.0931	0.0935	0.0914	0.0930	0.0924	0.0927	0.0987	0.1003	0.0930	0.0934	0.0926	0.0940	0.0923	0.0931	0.0989	0.1076	0.0928	0.0921	0.0930	0.0934	0.0922	0.0931	0.0997	0.1085	0.0944	0.0919	0.0924	0.0929	0.0935	0.0940	0.0973	0.1053	0.0935	0.0928	0.0934	0.0925	0.0931	0.0933	0.0966	0.1029	0.0942	0.0922	0.1042	0.0936	0.0945	0.0933	0.0963	0.0971	0.0936	0.0921	0.0953	0.0965	0.0943	0.0938	0.0972	0.0944	
0.0921	0.0897	0.0890	0.0900	0.0911	0.0908	0.0925	0.1003	0.0913	0.0907	0.0893	0.0926	0.0889	0.0903	0.0960	0.0987	0.0908	0.0896	0.0895	0.0911	0.0893	0.0910	0.0952	0.1076	0.0895	0.0902	0.0929	0.0915	0.0898	0.0931	0.0962	0.1070	0.0914	0.0917	0.0886	0.0906	0.0887	0.0909	0.0960	0.1044	0.0907	0.0921	0.0919	0.0913	0.0916	0.0923	0.0938	0.1006	0.0899	0.0929	0.0902	0.0915	0.0900	0.0935	0.0939	0.0942	0.0913	0.0926	0.0920	0.0914	0.0918	0.0915	0.0929	0.0948	
0.0955	0.0858	0.0875	0.0911	0.0906	0.0928	0.0910	0.0994	0.0911	0.0888	0.0918	0.0858	0.0896	0.0924	0.0968	0.1003	0.0875	0.0881	0.0864	0.0884	0.0866	0.0908	0.0950	0.1033	0.0914	0.0885	0.0890	0.0869	0.0874	0.0869	0.0971	0.1069	0.0870	0.0858	0.0899	0.0895	0.0872	0.0890	0.0904	0.0984	0.0934	0.1012	0.0894	0.0872	0.0862	0.0907	0.0917	0.0954	0.0901	0.0891	0.0896	0.0878	0.0905	0.0882	0.0902	0.0911	0.0899	0.0869	0.0896	0.0893	0.0898	0.0896	0.0918	0.0897	
0.0930	0.0927	0.0913	0.0933	0.0945	0.0946	0.0949	0.1051	0.0928	0.0939	0.0919	0.0930	0.0920	0.0929	0.0991	0.1013	0.0940	0.0919	0.0956	0.0921	0.0913	0.0941	0.0985	0.1088	0.0951	0.0942	0.0930	0.0929	0.0936	0.0944	0.0997	0.1088	0.0933	0.0934	0.0935	0.0947	0.0916	0.0928	0.0968	0.1053	0.0951	0.0937	0.0938	0.0947	0.0944	0.0933	0.0970	0.1033	0.0948	0.0950	0.0929	0.0933	0.0947	0.0947	0.0957	0.0983	0.0938	0.0949	0.0982	0.0945	0.0974	0.0954	0.0972	0.0959	
0.0955	0.0918	0.0938	0.0950	0.0992	0.0973	0.0963	0.1029	0.0945	0.0926	0.0932	0.0944	0.0923	0.0948	0.1003	0.1028	0.0954	0.0933	0.0944	0.0949	0.0921	0.0954	0.0982	0.1111	0.0950	0.0950	0.0940	0.0946	0.0945	0.0955	0.1022	0.1070	0.0943	0.0930	0.0929	0.0952	0.0951	0.0972	0.0972	0.1065	0.0981	0.0965	0.0943	0.0971	0.0968	0.0994	0.0991	0.1018	0.0943	0.0949	0.0949	0.0936	0.0946	0.0960	0.0946	0.0978	0.0949	0.0936	0.0975	0.0969	0.0977	0.0972	0.0985	0.0964	
0.0937	0.0944	0.0914	0.0927	0.0929	0.0928	0.0943	0.1070	0.0939	0.0935	0.0930	0.0922	0.0921	0.0933	0.0978	0.1015	0.0945	0.0913	0.0921	0.0935	0.0911	0.0940	0.0964	0.1069	0.0958	0.0920	0.0934	0.0921	0.0912	0.0949	0.0981	0.1071	0.0925	0.0917	0.0923	0.0940	0.0956	0.0913	0.0957	0.1062	0.0940	0.0953	0.0926	0.0930	0.0930	0.0943	0.0964	0.1009	0.0930	0.0921	0.0934	0.0935	0.0943	0.0938	0.0941	0.0965	0.0971	0.0940	0.0969	0.0949	0.0963	0.0933	0.0942	0.0946	
0.0953	0.0922	0.0916	0.0926	0.0960	0.0932	0.0941	0.1013	0.0956	0.0929	0.0930	0.0927	0.0933	0.0939	0.0982	0.0996	0.0968	0.0935	0.0933	0.0924	0.0945	0.0927	0.0970	0.1082	0.0943	0.0941	0.0928	0.0943	0.0929	0.0939	0.0982	0.1092	0.0950	0.0946	0.0948	0.0948	0.0918	0.0939	0.0973	0.1065	0.0950	0.0982	0.0950	0.0953	0.0936	0.0948	0.0973	0.1028	0.0936	0.0954	0.0949	0.0936	0.0941	0.0939	0.0944	0.1006	0.0996	0.0998	0.1019	0.1035	0.1007	0.1019	0.1025	0.1020	
0.0969	0.0945	0.0913	0.0968	0.0962	0.0962	0.0960	0.1041	0.0979	0.0956	0.0937	0.0947	0.0922	0.0944	0.0997	0.1010	0.0970	0.0938	0.0946	0.0926	0.0938	0.0966	0.0979	0.1078	0.0970	0.0971	0.0931	0.0924	0.0942	0.0952	0.1016	0.1079	0.0970	0.0958	0.0946	0.0941	0.0942	0.0930	0.0987	0.1022	0.0977	0.0975	0.0944	0.0983	0.0931	0.1001	0.0977	0.1018	0.0977	0.0975	0.0960	0.0963	0.0973	0.0945	0.0970	0.0998	0.0964	0.0952	0.0987	0.0954	0.0986	0.0942	0.0949	0.0942	
0.0964	0.0962	0.0951	0.0949	0.0975	0.0954	0.0937	0.1013	0.0964	0.0949	0.0958	0.0944	0.0939	0.0956	0.1008	0.1016	0.0947	0.0982	0.0951	0.0943	0.0936	0.0940	0.0979	0.1061	0.0980	0.0933	0.0961	0.0943	0.0928	0.0927	0.0988	0.1103	0.0961	0.0945	0.0934	0.0949	0.0925	0.0923	0.0972	0.1086	0.0969	0.0955	0.0944	0.0948	0.0934	0.0974	0.0961	0.0999	0.0941	0.0933	0.0957	0.0951	0.0950	0.0970	0.0975	0.0963	0.0938	0.0964	0.0951	0.0951	0.0956	0.0973	0.0989	0.0937	
0.0959	0.0938	0.0923	0.0939	0.0943	0.0945	0.0970	0.1020	0.0966	0.0939	0.0944	0.0934	0.0934	0.0943	0.0978	0.1003	0.0965	0.0938	0.0948	0.0946	0.0940	0.0955	0.0962	0.1102	0.0971	0.0957	0.0948	0.0971	0.0939	0.0952	0.0983	0.1073	0.0989	0.0942	0.0950	0.0956	0.0924	0.0932	0.0951	0.1039	0.0957	0.0965	0.0948	0.0954	0.0945	0.0964	0.0974	0.1011	0.0948	0.0949	0.0948	0.0965	0.0954	0.0944	0.0955	0.0980	0.0944	0.0944	0.0981	0.0951	0.0964	0.0978	0.0965	0.0945	
0.0982	0.0976	0.0954	0.0944	0.0982	0.0978	0.0969	0.1020	0.0981	0.0962	0.0954	0.0940	0.0957	0.0952	0.1000	0.1003	0.0990	0.0957	0.0967	0.0958	0.0960	0.0952	0.0989	0.1083	0.0975	0.0973	0.0960	0.0969	0.0946	0.0964	0.0994	0.1068	0.0968	0.0959	0.0980	0.0963	0.0946	0.0949	0.0981	0.1039	0.0962	0.0988	0.0978	0.0964	0.0956	0.0979	0.0976	0.1027	0.0966	0.0957	0.0950	0.0955	0.0962	0.0937	0.0960	0.0980	0.0956	0.0985	0.0983	0.0992	0.0960	0.0968	0.0970	0.0957	
0.1006	0.0974	0.0941	0.0968	0.0950	0.0962	0.0954	0.1053	0.0991	0.0959	0.0960	0.0944	0.1028	0.0957	0.0978	0.0998	0.0982	0.0962	0.0965	0.0975	0.0963	0.0951	0.0969	0.1067	0.0992	0.0972	0.0976	0.0968	0.0940	0.0995	0.0972	0.1066	0.0977	0.0974	0.0958	0.0970	0.0946	0.0935	0.0953	0.1048	0.0964	0.0983	0.0965	0.0943	0.0958	0.0965	0.0986	0.1035	0.0941	0.0996	0.0965	0.0951	0.0965	0.0945	0.0958	0.0965	0.0944	0.0961	0.0987	0.0959	0.0963	0.0954	0.0974	0.0955	
0.0996	0.0976	0.0980	0.0955	0.0957	0.0946	0.0962	0.1040	0.1000	0.0963	0.0961	0.0968	0.0945	0.0943	0.0992	0.1011	0.1023	0.0967	0.0974	0.0965	0.0939	0.0955	0.0973	0.1068	0.1003	0.0974	0.0979	0.0968	0.0948	0.0951	0.0981	0.1062	0.0987	0.0977	0.0958	0.0981	0.0956	0.0931	0.0961	0.1041	0.0976	0.0971	0.0979	0.0968	0.0963	0.0959	0.0990	0.1018	0.0933	0.0974	0.0972	0.0971	0.0974	0.0958	0.0960	0.0988	0.0969	0.0988	0.1008	0.0986	0.0974	0.0982	0.0962	0.0965	
0.1019	0.0978	0.0971	0.0981	0.0954	0.0952	0.0946	0.1017	0.0993	0.0953	0.0981	0.0959	0.0948	0.0973	0.0972	0.1008	0.0997	0.0969	0.0971	0.0963	0.0934	0.0945	0.0970	0.1068	0.0993	0.0956	0.0954	0.0955	0.0945	0.0932	0.0989	0.1072	0.0987	0.0959	0.0952	0.0979	0.0969	0.0914	0.0950	0.1049	0.0974	0.1098	0.0941	0.0947	0.0943	0.0948	0.0963	0.1013	0.0954	0.0969	0.0969	0.0976	0.0954	0.0967	0.0972	0.0955	0.0950	0.0956	0.0992	0.0956	0.0973	0.0975	0.0972	0.0929	
0.1019	0.0984	0.0974	0.0960	0.0977	0.1009	0.0957	0.1027	0.1024	0.0965	0.0965	0.0964	0.0956	0.0939	0.1007	0.1029	0.0999	0.0976	0.0976	0.0964	0.0949	0.0967	0.0965	0.1047	0.1008	0.1027	0.0984	0.0977	0.0966	0.0948	0.0978	0.1075	0.0996	0.0982	0.0948	0.0991	0.0934	0.0955	0.0940	0.1048	0.0972	0.0995	0.0986	0.0965	0.0976	0.0941	0.0950	0.1014	0.0985	0.0977	0.0974	0.0978	0.0969	0.0958	0.0954	0.0952	0.0958	0.0963	0.0995	0.0966	0.0984	0.0968	0.0949	0.0956	
0.1060	0.1015	0.0988	0.0981	0.1006	0.0971	0.0975	0.1032	0.1045	0.0987	0.0975	0.0991	0.0977	0.0946	0.1039	0.1009	0.1041	0.1016	0.0993	0.0982	0.0961	0.0960	0.0988	0.1062	0.1039	0.1001	0.0987	0.0976	0.0965	0.0953	0.0991	0.1086	0.1032	0.0994	0.0989	0.0995	0.0973	0.0944	0.0959	0.1056	0.1005	0.1022	0.0981	0.0997	0.0966	0.0980	0.0999	0.1011	0.0948	0.1003	0.0986	0.0976	0.0998	0.0974	0.0993	0.0969	0.0983	0.0970	0.1001	0.0994	0.1020	0.0983	0.0948	0.0950	
0.1108	0.1041	0.1003	0.1006	0.1002	0.0983	0.0948	0.1009	0.1067	0.1012	0.1006	0.0984	0.1006	0.0999	0.1012	0.1009	0.1075	0.1031	0.0994	0.0993	0.0991	0.0961	0.0973	0.1083	0.1052	0.1041	0.0996	0.1036	0.0977	0.0976	0.0996	0.1054	0.1037	0.1008	0.0986	0.1005	0.0998	0.0943	0.0977	0.1044	0.0995	0.1027	0.1004	0.0988	0.0998	0.0967	0.0982	0.1020	0.0974	0.1008	0.1015	0.0992	0.0970	0.0973	0.0960	0.0976	0.0993	0.0976	0.1031	0.0997	0.1002	0.0985	0.0974	0.0979	
0.1119	0.1070	0.1028	0.1028	0.1047	0.1005	0.0973	0.1037	0.1080	0.1049	0.1024	0.1031	0.1021	0.0978	0.0996	0.1018	0.1098	0.1030	0.1037	0.1025	0.1001	0.0990	0.1004	0.1125	0.1079	0.1009	0.1026	0.1027	0.0991	0.0987	0.0995	0.1111	0.1061	0.1038	0.1001	0.1039	0.1004	0.0954	0.0978	0.1061	0.1013	0.1024	0.1021	0.1016	0.1003	0.0981	0.0997	0.1026	0.0960	0.1012	0.1024	0.1010	0.1017	0.0970	0.0960	0.0993	0.0980	0.0992	0.1086	0.1067	0.1008	0.1004	0.0993	0.0949	
0.1142	0.1070	0.1039	0.1037	0.1048	0.1029	0.0960	0.1020	0.1111	0.1053	0.1023	0.1023	0.1010	0.0995	0.1027	0.1020	0.1139	0.1045	0.1037	0.1045	0.1015	0.0987	0.0988	0.1087	0.1114	0.1054	0.1030	0.1029	0.1015	0.0972	0.0982	0.1094	0.1071	0.1055	0.1027	0.1051	0.0995	0.0978	0.0972	0.1052	0.1025	0.1073	0.1044	0.1037	0.1014	0.0983	0.1004	0.1019	0.0987	0.1013	0.1007	0.1012	0.1020	0.1023	0.0973	0.0999	0.1083	0.1004	0.1073	0.1036	0.1032	0.1006	0.0985	0.0962	
0.1186	0.1072	0.1040	0.1060	0.1040	0.1017	0.0958	0.1031	0.1126	0.1068	0.1054	0.1033	0.1047	0.1001	0.0992	0.1029	0.1135	0.1056	0.1075	0.1094	0.1001	0.1007	0.0995	0.1089	0.1122	0.1060	0.1071	0.1075	0.1017	0.0997	0.1020	0.1073	0.1085	0.1031	0.1024	0.1037	0.1010	0.0974	0.0984	0.1056	0.1035	0.1040	0.1044	0.1056	0.1011	0.0970	0.1007	0.1014	0.1000	0.1027	0.1035	0.1040	0.1014	0.1001	0.0986	0.0983	0.0968	0.0989	0.1052	0.1038	0.1038	0.1026	0.1005	0.0964	
0.1223	0.1105	0.1083	0.1103	0.1061	0.1023	0.0985	0.1031	0.1198	0.1084	0.1063	0.1051	0.1045	0.1042	0.1035	0.1009	0.1179	0.1089	0.1108	0.1070	0.1044	0.1003	0.0989	0.1094	0.1181	0.1075	0.1067	0.1051	0.1045	0.0991	0.1011	0.1102	0.1102	0.1077	0.1060	0.1062	0.1059	0.0978	0.0989	0.1066	0.1057	0.1097	0.1049	0.1070	0.1032	0.1005	0.0987	0.1009	0.0970	0.1071	0.1076	0.1066	0.1039	0.0999	0.0974	0.1006	0.0991	0.1019	0.1068	0.1062	0.1043	0.1040	0.1012	0.0976	
0.1273	0.1144	0.1088	0.1119	0.1089	0.1047	0.0992	0.1037	0.1240	0.1152	0.1114	0.1086	0.1079	0.1044	0.1066	0.1013	0.1244	0.1110	0.1102	0.1088	0.1051	0.1026	0.1013	0.1097	0.1237	0.1119	0.1096	0.1085	0.1064	0.0995	0.1030	0.1088	0.1155	0.1109	0.1096	0.1104	0.1067	0.0997	0.1004	0.1078	0.1073	0.1113	0.1117	0.1088	0.1050	0.1007	0.1006	0.1059	0.1006	0.1060	0.1071	0.1074	0.1060	0.1031	0.0994	0.0991	0.1012	0.1015	0.1093	0.1084	0.1074	0.1054	0.0994	0.0992	
0.1321	0.1173	0.1167	0.1126	0.1119	0.1060	0.1009	0.1052	0.1308	0.1165	0.1123	0.1108	0.1114	0.1037	0.1013	0.1036	0.1275	0.1165	0.1152	0.1116	0.1081	0.1015	0.1008	0.1106	0.1258	0.1147	0.1115	0.1139	0.1096	0.1005	0.1029	0.1091	0.1185	0.1117	0.1136	0.1111	0.1061	0.1021	0.0996	0.1077	0.1092	0.1128	0.1129	0.1098	0.1076	0.1023	0.1026	0.1025	0.0998	0.1093	0.1105	0.1092	0.1084	0.1019	0.0998	0.1008	0.1012	0.1071	0.1111	0.1093	0.1094	0.1103	0.1015	0.1017	
0.1367	0.1194	0.1148	0.1124	0.1099	0.1075	0.1017	0.1038	0.1327	0.1162	0.1126	0.1127	0.1092	0.1034	0.1010	0.1018	0.1313	0.1156	0.1163	0.1115	0.1070	0.1027	0.1003	0.1082	0.1305	0.1168	0.1135	0.1144	0.1068	0.1012	0.1008	0.1091	0.1218	0.1142	0.1110	0.1100	0.1082	0.0992	0.1000	0.1067	0.1088	0.1122	0.1135	0.1133	0.1063	0.1012	0.1015	0.1021	0.0989	0.1080	0.1115	0.1106	0.1086	0.1047	0.1004	0.1013	0.1001	0.1051	0.1109	0.1132	0.1115	0.1098	0.0992	0.0990	
0.1431	0.1229	0.1175	0.1164	0.1130	0.1068	0.1016	0.1040	0.1383	0.1224	0.1162	0.1126	0.1098	0.1058	0.1036	0.1030	0.1363	0.1197	0.1176	0.1138	0.1098	0.1051	0.1010	0.1202	0.1329	0.1196	0.1162	0.1148	0.1101	0.1012	0.1042	0.1077	0.1236	0.1176	0.1133	0.1155	0.1079	0.1031	0.0999	0.1050	0.1085	0.1153	0.1134	0.1135	0.1094	0.1015	0.1013	0.1026	0.1033	0.1101	0.1132	0.1137	0.1121	0.1048	0.1037	0.1014	0.1054	0.1047	0.1154	0.1157	0.1124	0.1091	0.1006	0.1019	
0.1512	0.1282	0.1225	0.1219	0.1155	0.1115	0.1027	0.1047	0.1459	0.1273	0.1230	0.1170	0.1153	0.1073	0.1059	0.1050	0.1441	0.1257	0.1198	0.1182	0.1143	0.1029	0.1035	0.1099	0.1432	0.1224	0.1204	0.1172	0.1133	0.1062	0.1045	0.1091	0.1281	0.1207	0.1191	0.1184	0.1133	0.1065	0.1019	0.1082	0.1149	0.1195	0.1171	0.1172	0.1137	0.1049	0.1015	0.1047	0.1033	0.1112	0.1173	0.1153	0.1115	0.1051	0.1020	0.1073	0.1043	0.1060	0.1171	0.1159	0.1165	0.1096	0.1036	0.0995	
0.1559	0.1292	0.1259	0.1218	0.1194	0.1105	0.1006	0.1036	0.1504	0.1263	0.1226	0.1207	0.1158	0.1077	0.1027	0.1028	0.1483	0.1252	0.1227	0.1192	0.1144	0.1044	0.1020	0.1097	0.1443	0.1268	0.1215	0.1194	0.1136	0.1027	0.1027	0.1070	0.1297	0.1224	0.1200	0.1201	0.1118	0.1025	0.0998	0.1082	0.1126	0.1332	0.1211	0.1185	0.1148	0.1044	0.1013	0.1021	0.1032	0.1124	0.1163	0.1169	0.1159	0.1059	0.1016	0.1049	0.1053	0.1066	0.1148	0.1192	0.1164	0.1137	0.1031	0.0991	
0.1677	0.1355	0.1286	0.1252	0.1225	0.1134	0.1023	0.1047	0.1613	0.1336	0.1271	0.1219	0.1208	0.1091	0.1049	0.1056	0.1568	0.1342	0.1271	0.1221	0.1172	0.1166	0.1011	0.1127	0.1520	0.1315	0.1279	0.1258	0.1149	0.1053	0.1077	0.1118	0.1329	0.1286	0.1246	0.1249	0.1151	0.1021	0.1009	0.1057	0.1157	0.1228	0.1249	0.1214	0.1162	0.1065	0.1042	0.1042	0.1024	0.1146	0.1214	0.1208	0.1150	0.1076	0.1011	0.1014	0.1037	0.1084	0.1168	0.1224	0.1176	0.1166	0.1054	0.1015	
0.1769	0.1444	0.1351	0.1303	0.1247	0.1168	0.1036	0.1067	0.1718	0.1380	0.1336	0.1268	0.1240	0.1120	0.1059	0.1052	0.1650	0.1385	0.1316	0.1251	0.1182	0.1079	0.1040	0.1097	0.1640	0.1355	0.1310	0.1286	0.1207	0.1064	0.1058	0.1083	0.1399	0.1340	0.1274	0.1269	0.1193	0.1083	0.1027	0.1083	0.1184	0.1262	0.1284	0.1262	0.1185	0.1078	0.1045	0.1066	0.1031	0.1162	0.1246	0.1255	0.1202	0.1105	0.1032	0.1041	0.1063	0.1081	0.1193	0.1238	0.1209	0.1201	0.1034	0.1036	
0.1916	0.1502	0.1381	0.1335	0.1299	0.1177	0.1048	0.1059	0.1813	0.1446	0.1364	0.1312	0.1264	0.1136	0.1060	0.1049	0.1765	0.1437	0.1374	0.1296	0.1238	0.1071	0.1032	0.1094	0.1744	0.1427	0.1379	0.1313	0.1204	0.1078	0.1072	0.1102	0.1534	0.1395	0.1302	0.1315	0.1206	0.1082	0.1012	0.1076	0.1197	0.1277	0.1311	0.1304	0.1227	0.1090	0.1051	0.1044	0.1037	0.1188	0.1264	0.1285	0.1219	0.1101	0.1073	0.1032	0.1053	0.1095	0.1217	0.1311	0.1244	0.1194	0.1080	0.1011	
0.2036	0.1551	0.1437	0.1382	0.1327	0.1212	0.1045	0.1063	0.1949	0.1620	0.1446	0.1362	0.1325	0.1178	0.1082	0.1035	0.1869	0.1524	0.1416	0.1351	0.1263	0.1133	0.1048	0.1132	0.1834	0.1443	0.1381	0.1350	0.1282	0.1125	0.1068	0.1117	0.1534	0.1425	0.1347	0.1341	0.1237	0.1069	0.1017	0.1097	0.1224	0.1330	0.1400	0.1383	0.1209	0.1097	0.1055	0.1040	0.1047	0.1188	0.1297	0.1358	0.1289	0.1128	0.1068	0.1071	0.1025	0.1103	0.1220	0.1294	0.1238	0.1190	0.1068	0.1024	
0.2145	0.1644	0.1481	0.1416	0.1346	0.1231	0.1041	0.1087	0.2074	0.1547	0.1439	0.1400	0.1343	0.1193	0.1051	0.1038	0.1983	0.1530	0.1429	0.1343	0.1275	0.1090	0.1012	0.1103	0.1943	0.1535	0.1444	0.1381	0.1261	0.1103	0.1062	0.1081	0.1568	0.1458	0.1391	0.1396	0.1232	0.1067	0.1024	0.1059	0.1228	0.1393	0.1377	0.1368	0.1266	0.1072	0.1053	0.1026	0.1053	0.1196	0.1305	0.1328	0.1269	0.1092	0.1039	0.1047	0.1047	0.1079	0.1247	0.1322	0.1317	0.1185	0.1061	0.1018	
0.2329	0.1697	0.1519	0.1448	0.1394	0.1218	0.1030	0.1034	0.2200	0.1646	0.1452	0.1404	0.1337	0.1142	0.1025	0.1045	0.2117	0.1607	0.1444	0.1381	0.1297	0.1106	0.1017	0.1087	0.2056	0.1578	0.1458	0.1379	0.1288	0.1069	0.1043	0.1051	0.1653	0.1506	0.1425	0.1411	0.1274	0.1070	0.1011	0.1046	0.1221	0.1392	0.1412	0.1398	0.1291	0.1069	0.1053	0.1006	0.1016	0.1201	0.1329	0.1326	0.1332	0.1110	0.1018	0.1029	0.1016	0.1078	0.1291	0.1316	0.1297	0.1200	0.1022	0.0960	
0.2497	0.1819	0.1619	0.1567	0.1465	0.1282	0.1080	0.1089	0.2324	0.1729	0.1549	0.1501	0.1449	0.1209	0.1101	0.1065	0.2274	0.1709	0.1572	0.1502	0.1370	0.1153	0.1055	0.1112	0.2177	0.1642	0.1577	0.1513	0.1358	0.1142	0.1070	0.1098	0.1785	0.1628	0.1512	0.1469	0.1338	0.1116	0.1016	0.1073	0.1280	0.1415	0.1494	0.1500	0.1336	0.1130	0.1070	0.1052	0.1063	0.1273	0.1414	0.1460	0.1381	0.1145	0.1074	0.1070	0.1076	0.1121	0.1288	0.1410	0.1344	0.1227	0.1065	0.1034	
0.2746	0.1928	0.1760	0.1644	0.1544	0.1328	0.1089	0.1092	0.2516	0.1823	0.1640	0.1576	0.1492	0.1221	0.1088	0.1061	0.2497	0.1786	0.1621	0.1555	0.1428	0.1162	0.1071	0.1128	0.2370	0.1756	0.1643	0.1557	0.1412	0.1146	0.1078	0.1112	0.1866	0.1704	0.1585	0.1584	0.1393	0.1132	0.1059	0.1109	0.1327	0.1472	0.1564	0.1537	0.1393	0.1151	0.1093	0.1067	0.1073	0.1319	0.1438	0.1472	0.1401	0.1179	0.1087	0.1066	0.1062	0.1128	0.1320	0.1455	0.1381	0.1242	0.1062	0.1027	
0.2908	0.2030	0.1774	0.1673	0.1584	0.1352	0.1092	0.1075	0.2722	0.1898	0.1744	0.1610	0.1518	0.1257	0.1076	0.1055	0.2618	0.1872	0.1716	0.1592	0.1456	0.1169	0.1041	0.1128	0.2531	0.1808	0.1709	0.1602	0.1447	0.1133	0.1069	0.1083	0.1951	0.1747	0.1649	0.1611	0.1395	0.1143	0.1021	0.1064	0.1312	0.1546	0.1624	0.1573	0.1384	0.1234	0.1049	0.1041	0.1066	0.1317	0.1482	0.1540	0.1469	0.1163	0.1108	0.1052	0.1045	0.1118	0.1303	0.1445	0.1425	0.1280	0.1057	0.1024	
0.3137	0.2165	0.1883	0.1800	0.1650	0.1398	0.1094	0.1095	0.2951	0.2044	0.1808	0.1685	0.1613	0.1276	0.1099	0.1070	0.2813	0.2018	0.1762	0.1675	0.1495	0.1195	0.1032	0.1114	0.2688	0.1921	0.1797	0.1662	0.1496	0.1155	0.1091	0.1106	0.2113	0.1819	0.1705	0.1689	0.1476	0.1144	0.1059	0.1105	0.1381	0.1565	0.1693	0.1648	0.1455	0.1178	0.1049	0.1043	0.1084	0.1338	0.1517	0.1567	0.1522	0.1209	0.1088	0.1059	0.1102	0.1157	0.1369	0.1507	0.1468	0.1338	0.1074	0.1038	
0.3334	0.2311	0.1987	0.1873	0.1716	0.1455	0.1117	0.1069	0.3165	0.2177	0.1932	0.1762	0.1686	0.1324	0.1093	0.1066	0.3034	0.2119	0.1883	0.1744	0.1567	0.1237	0.1088	0.1139	0.2903	0.2027	0.1897	0.1764	0.1536	0.1203	0.1087	0.1101	0.2243	0.1942	0.1768	0.1731	0.1483	0.1157	0.1032	0.1067	0.1380	0.1579	0.1738	0.1698	0.1485	0.1191	0.1065	0.1033	0.1096	0.1327	0.1567	0.1622	0.1524	0.1217	0.1071	0.1045	0.1062	0.1139	0.1349	0.1536	0.1485	0.1312	0.1061	0.1028	
0.3603	0.2441	0.2094	0.1958	0.1789	0.1487	0.1115	0.1087	0.3432	0.2326	0.2014	0.1861	0.1751	0.1371	0.1120	0.1071	0.3277	0.2233	0.1995	0.1835	0.1607	0.1240	0.1085	0.1110	0.3120	0.2169	0.1989	0.1857	0.1644	0.1222	0.1106	0.1106	0.2272	0.2076	0.1908	0.1843	0.1581	0.1187	0.1081	0.1106	0.1459	0.1679	0.1863	0.1856	0.1552	0.1232	0.1099	0.1082	0.1090	0.1383	0.1626	0.1724	0.1610	0.1263	0.1114	0.1070	0.1113	0.1173	0.1428	0.1604	0.1555	0.1386	0.1135	0.1053	
0.3817	0.2574	0.2263	0.2049	0.1879	0.1511	0.1126	0.1067	0.3685	0.2472	0.2115	0.1966	0.1819	0.1393	0.1116	0.1081	0.3461	0.2415	0.2068	0.1915	0.1654	0.1254	0.1071	0.1093	0.3282	0.2292	0.2112	0.1941	0.1721	0.1226	0.1085	0.1086	0.2464	0.2206	0.2018	0.1925	0.1606	0.1206	0.1060	0.1088	0.1475	0.1716	0.1938	0.1897	0.1609	0.1234	0.1086	0.1046	0.1085	0.1405	0.1709	0.1778	0.1682	0.1293	0.1100	0.1084	0.1088	0.1164	0.1405	0.1643	0.1629	0.1441	0.1112	0.1057	
0.4120	0.2770	0.2334	0.2187	0.1979	0.1600	0.1150	0.1082	0.3935	0.2640	0.2268	0.2064	0.1933	0.1464	0.1140	0.1092	0.3833	0.2559	0.2219	0.2019	0.1793	0.1310	0.1073	0.1135	0.3636	0.2468	0.2199	0.2042	0.1802	0.1283	0.1124	0.1137	0.2620	0.2340	0.2119	0.2051	0.1725	0.1259	0.1085	0.1114	0.1538	0.1816	0.2056	0.2029	0.1738	0.1298	0.1120	0.1078	0.1111	0.1453	0.1768	0.1880	0.1783	0.1333	0.1123	0.1110	0.1101	0.1187	0.1463	0.1722	0.1698	0.1500	0.1145	0.1065	
0.4349	0.2992	0.2543	0.2348	0.2106	0.1700	0.1173	0.1093	0.4192	0.2823	0.2399	0.2198	0.2033	0.1532	0.1153	0.1083	0.4027	0.2707	0.2371	0.2177	0.1879	0.1330	0.1095	0.1133	0.3851	0.2600	0.2359	0.2168	0.1897	0.1323	0.1133	0.1128	0.2853	0.2547	0.2242	0.2181	0.1808	0.1284	0.1085	0.1109	0.1592	0.1859	0.2153	0.2117	0.1802	0.1336	0.1152	0.1070	0.1137	0.1518	0.1853	0.1934	0.1864	0.1371	0.1153	0.1128	0.1166	0.1207	0.1481	0.1786	0.1765	0.1514	0.1187	0.1091	
0.4654	0.3205	0.2692	0.2494	0.2235	0.1768	0.1196	0.1095	0.4509	0.3014	0.2540	0.2323	0.2169	0.1547	0.1182	0.1118	0.4335	0.2925	0.2514	0.2303	0.1983	0.1371	0.1140	0.1130	0.4129	0.2763	0.2483	0.2327	0.1949	0.1332	0.1125	0.1127	0.2971	0.2652	0.2348	0.2313	0.1864	0.1334	0.1092	0.1126	0.1634	0.1931	0.2303	0.2237	0.1875	0.1375	0.1138	0.1064	0.1120	0.1523	0.1912	0.2105	0.1967	0.1450	0.1209	0.1176	0.1161	0.1231	0.1535	0.1863	0.1854	0.1547	0.1224	0.1122	
0.4899	0.3416	0.2837	0.2614	0.2299	0.1847	0.1203	0.1119	0.4774	0.3164	0.2701	0.2474	0.2279	0.1624	0.1154	0.1080	0.4557	0.3118	0.2639	0.2413	0.2040	0.1402	0.1075	0.1094	0.4352	0.2897	0.2628	0.2362	0.2016	0.1351	0.1127	0.1090	0.3157	0.2739	0.2446	0.2391	0.1955	0.1310	0.1078	0.1094	0.1624	0.1964	0.2359	0.2318	0.1914	0.1367	0.1105	0.1082	0.1120	0.1509	0.1956	0.2098	0.1965	0.1417	0.1125	0.1100	0.1132	0.1185	0.1494	0.1865	0.1872	0.1529	0.1160	0.1099	
0.5212	0.3658	0.3036	0.2814	0.2504	0.1928	0.1224	0.1141	0.5026	0.3442	0.2939	0.2623	0.2377	0.1723	0.1206	0.1124	0.4886	0.3314	0.2824	0.2577	0.2166	0.1455	0.1182	0.1209	0.4664	0.3239	0.2802	0.2574	0.2179	0.1436	0.1230	0.1154	0.3426	0.3033	0.2661	0.2574	0.2089	0.1421	0.1128	0.1169	0.1786	0.2111	0.2595	0.2567	0.2141	0.1548	0.1183	0.1131	0.1187	0.1634	0.2107	0.2276	0.2166	0.1506	0.1221	0.1200	0.1183	0.1296	0.1572	0.2044	0.1977	0.1670	0.1221	0.1177	
0.5345	0.3908	0.3236	0.2971	0.2568	0.2010	0.1207	0.1100	0.5250	0.3654	0.3081	0.2734	0.2530	0.1733	0.1183	0.1091	0.5062	0.3480	0.2989	0.2679	0.2237	0.1468	0.1128	0.1130	0.4783	0.3344	0.2947	0.2709	0.2254	0.1406	0.1136	0.1142	0.3584	0.3126	0.2751	0.2693	0.2165	0.1386	0.1105	0.1092	0.1759	0.2162	0.2628	0.2618	0.2129	0.1482	0.1124	0.1095	0.1138	0.1605	0.2098	0.2346	0.2201	0.1506	0.1222	0.1139	0.1112	0.1217	0.1575	0.2035	0.2049	0.1660	0.1212	0.1109	
0.5586	0.4154	0.3437	0.3126	0.2763	0.2062	0.1228	0.1133	0.5473	0.3889	0.3314	0.2887	0.2697	0.1862	0.1207	0.1126	0.5340	0.3710	0.3195	0.2856	0.2428	0.1506	0.1109	0.1133	0.5053	0.3508	0.3164	0.2863	0.2404	0.1499	0.1176	0.1142	0.3726	0.3373	0.2955	0.2806	0.2206	0.1443	0.1124	0.1093	0.1863	0.2223	0.2852	0.2796	0.2264	0.1518	0.1167	0.1090	0.1118	0.1647	0.2183	0.2458	0.2288	0.1546	0.1178	0.1161	0.1136	0.1226	0.1586	0.2052	0.2106	0.1685	0.1214	0.1128	
0.5790	0.4381	0.3629	0.3355	0.2945	0.2220	0.1299	0.1173	0.5715	0.4131	0.3464	0.3061	0.2847	0.1907	0.1269	0.1133	0.5557	0.3961	0.3316	0.3028	0.2521	0.1564	0.1155	0.1158	0.5343	0.3803	0.3345	0.3036	0.2492	0.1538	0.1197	0.1137	0.3970	0.3592	0.3120	0.3015	0.2380	0.1497	0.1137	0.1118	0.1948	0.2322	0.2980	0.2975	0.2399	0.1573	0.1204	0.1112	0.1161	0.1700	0.2272	0.2617	0.2419	0.1632	0.1246	0.1188	0.1172	0.1258	0.1672	0.2260	0.2267	0.1857	0.1272	0.1154	
0.6044	0.4625	0.3919	0.3638	0.3142	0.2352	0.1333	0.1175	0.5941	0.4334	0.3713	0.3311	0.3026	0.2026	0.1285	0.1133	0.5788	0.4231	0.3598	0.3289	0.2702	0.1648	0.1169	0.1172	0.5590	0.4082	0.3562	0.3254	0.2649	0.1593	0.1239	0.1177	0.4251	0.3756	0.3305	0.3176	0.2515	0.1544	0.1205	0.1151	0.1984	0.2467	0.3200	0.3175	0.2516	0.1630	0.1227	0.1131	0.1207	0.1773	0.2418	0.2823	0.2581	0.1697	0.1269	0.1231	0.1187	0.1299	0.1715	0.2281	0.2360	0.1905	0.1296	0.1162	
0.6198	0.4892	0.4137	0.3749	0.3327	0.2450	0.1339	0.1141	0.6168	0.4616	0.3958	0.3475	0.3289	0.2100	0.1269	0.1151	0.5999	0.4452	0.3807	0.3423	0.2856	0.1694	0.1159	0.1147	0.5824	0.4283	0.3743	0.3446	0.2822	0.1603	0.1220	0.1141	0.4484	0.4013	0.3481	0.3357	0.2597	0.1662	0.1197	0.1136	0.2064	0.2603	0.3317	0.3366	0.2692	0.1690	0.1239	0.1108	0.1180	0.1805	0.2539	0.2903	0.2746	0.1746	0.1294	0.1219	0.1166	0.1314	0.1741	0.2325	0.2431	0.1928	0.1307	0.1148	
0.6469	0.5098	0.4393	0.4007	0.3570	0.2603	0.1372	0.1168	0.6394	0.4891	0.4164	0.3677	0.3400	0.2186	0.1306	0.1146	0.6313	0.4736	0.4051	0.3663	0.3020	0.1741	0.1187	0.1168	0.6073	0.4526	0.3983	0.3630	0.2951	0.1690	0.1267	0.1145	0.4710	0.4233	0.3722	0.3568	0.2797	0.1633	0.1214	0.1120	0.2186	0.2667	0.3566	0.3574	0.2892	0.1755	0.1262	0.1127	0.1199	0.1823	0.2607	0.3099	0.2926	0.1813	0.1301	0.1219	0.1186	0.1310	0.1789	0.2485	0.2599	0.2044	0.1334	0.1179	
0.6708	0.5421	0.4677	0.4244	0.3796	0.2745	0.1408	0.1177	0.6680	0.5138	0.4443	0.3989	0.3613	0.2343	0.1311	0.1179	0.6527	0.5036	0.4304	0.3888	0.3197	0.1842	0.1190	0.1195	0.6400	0.4811	0.4241	0.3892	0.3203	0.1759	0.1260	0.1168	0.4994	0.4489	0.3955	0.3752	0.2969	0.1728	0.1204	0.1133	0.2287	0.2806	0.3764	0.3792	0.3069	0.1828	0.1261	0.1126	0.1213	0.1909	0.2722	0.3279	0.3051	0.1934	0.1315	0.1245	0.1205	0.1317	0.1803	0.2550	0.2689	0.2101	0.1345	0.1213	
0.6813	0.5657	0.4928	0.4511	0.4005	0.2926	0.1467	0.1217	0.6848	0.5400	0.4731	0.4194	0.3863	0.2490	0.1357	0.1184	0.6806	0.5259	0.4557	0.4144	0.3406	0.1918	0.1232	0.1194	0.6590	0.5092	0.4481	0.4145	0.3398	0.1882	0.1327	0.1212	0.5193	0.4785	0.4172	0.4031	0.3190	0.1813	0.1278	0.1179	0.2407	0.2870	0.3991	0.4056	0.3303	0.1938	0.1317	0.1164	0.1264	0.1984	0.2912	0.3456	0.3284	0.2040	0.1395	0.1303	0.1261	0.1361	0.1893	0.2677	0.2847	0.2217	0.1377	0.1245	
0.6929	0.5915	0.5162	0.4785	0.4281	0.3110	0.1455	0.1193	0.6911	0.5659	0.4922	0.4447	0.4050	0.2596	0.1377	0.1177	0.6851	0.5413	0.4784	0.4396	0.3592	0.2006	0.1222	0.1208	0.6814	0.5310	0.4750	0.4316	0.3559	0.1944	0.1316	0.1184	0.5373	0.4943	0.4447	0.4232	0.3327	0.1874	0.1244	0.1141	0.2449	0.3063	0.4216	0.4279	0.3452	0.2000	0.1282	0.1132	0.1255	0.1992	0.2980	0.3663	0.3398	0.2077	0.1380	0.1291	0.1218	0.1373	0.1869	0.2748	0.2958	0.2286	0.1403	0.1324	
0.6973	0.6235	0.5447	0.5083	0.4520	0.3341	0.1540	0.1229	0.6953	0.5973	0.5263	0.4857	0.4363	0.2764	0.1399	0.1206	0.6942	0.5710	0.5039	0.4673	0.3824	0.2107	0.1237	0.1215	0.6978	0.5557	0.5051	0.4619	0.3772	0.2041	0.1330	0.1186	0.5699	0.5256	0.4669	0.4535	0.3603	0.1947	0.1273	0.1165	0.2601	0.3191	0.4475	0.4490	0.3668	0.2076	0.1324	0.1158	0.1251	0.2102	0.3118	0.3887	0.3634	0.2164	0.1415	0.1314	0.1254	0.1386	0.1960	0.2906	0.3112	0.2401	0.1429	0.1284	
0.7127	0.6543	0.5730	0.5365	0.4917	0.3543	0.1587	0.1287	0.7060	0.6269	0.5514	0.4989	0.4615	0.2942	0.1451	0.1239	0.7078	0.6146	0.5325	0.4903	0.4102	0.2232	0.1290	0.1260	0.7067	0.5902	0.5317	0.4859	0.4084	0.2129	0.1416	0.1211	0.5881	0.5460	0.4979	0.4838	0.3804	0.2070	0.1349	0.1213	0.2729	0.3354	0.4834	0.4774	0.3897	0.2202	0.1384	0.1204	0.1308	0.2139	0.3333	0.4129	0.3893	0.2295	0.1434	0.1351	0.1271	0.1404	0.1996	0.3083	0.3375	0.2519	0.1467	0.1307	
0.7042	0.6860	0.6076	0.5623	0.5135	0.3792	0.1671	0.1254	0.7035	0.6517	0.5777	0.5258	0.4892	0.3132	0.1494	0.1212	0.7033	0.6346	0.5642	0.5188	0.4321	0.2310	0.1277	0.1201	0.7136	0.6112	0.5567	0.5185	0.4358	0.2250	0.1409	0.1219	0.6160	0.5726	0.5226	0.5091	0.4003	0.2168	0.1340	0.1231	0.2847	0.3479	0.4961	0.4978	0.4113	0.2291	0.1420	0.1179	0.1290	0.2222	0.3422	0.4320	0.4066	0.2450	0.1469	0.1365	0.1284	0.1387	0.2027	0.3136	0.3460	0.2640	0.1521	0.1338	
0.7052	0.7047	0.6291	0.5897	0.5421	0.3921	0.1649	0.1246	0.7023	0.6795	0.6042	0.5470	0.5082	0.3240	0.1490	0.1234	0.7007	0.6552	0.5860	0.5459	0.4588	0.2431	0.1280	0.1244	0.7118	0.6404	0.5794	0.5371	0.4513	0.2305	0.1398	0.1192	0.6290	0.5979	0.5471	0.5239	0.4162	0.2205	0.1341	0.1154	0.2937	0.3564	0.5135	0.5284	0.4364	0.2461	0.1389	0.1156	0.1272	0.2253	0.3575	0.4487	0.4222	0.2546	0.1516	0.1330	0.1260	0.1371	0.1978	0.3247	0.3608	0.2737	0.1514	0.1314	
0.7127	0.7233	0.6599	0.6139	0.5671	0.4199	0.1797	0.1336	0.7080	0.7000	0.6328	0.5759	0.5403	0.3464	0.1516	0.1260	0.7006	0.6818	0.6154	0.5662	0.4832	0.2645	0.1331	0.1236	0.7222	0.6729	0.6114	0.5664	0.4762	0.2426	0.1446	0.1216	0.6647	0.6239	0.5743	0.5549	0.4508	0.2315	0.1361	0.1223	0.3110	0.3751	0.5447	0.5564	0.4627	0.2534	0.1465	0.1222	0.1302	0.2336	0.3778	0.4785	0.4486	0.2607	0.1555	0.1392	0.1299	0.1410	0.2117	0.3509	0.3811	0.2932	0.1588	0.1380	
0.7085	0.7310	0.6837	0.6389	0.6061	0.4526	0.1822	0.1326	0.7115	0.7170	0.6631	0.6038	0.5727	0.3738	0.1663	0.1347	0.7155	0.7070	0.6407	0.5892	0.5099	0.2771	0.1364	0.1256	0.7208	0.6930	0.6392	0.5928	0.5086	0.2608	0.1514	0.1231	0.6827	0.6496	0.5988	0.5840	0.4857	0.2496	0.1455	0.1224	0.3243	0.3947	0.5759	0.5831	0.4927	0.2717	0.1546	0.1222	0.1353	0.2416	0.3898	0.5018	0.4736	0.2801	0.1633	0.1425	0.1341	0.1430	0.2121	0.3604	0.4026	0.3056	0.1651	0.1390	
0.7047	0.7293	0.7127	0.6711	0.6226	0.4775	0.1909	0.1339	0.7125	0.7184	0.6890	0.6361	0.5919	0.3928	0.1656	0.1337	0.7082	0.7148	0.6716	0.6266	0.5314	0.2898	0.1420	0.1271	0.7144	0.7061	0.6691	0.6141	0.5250	0.2707	0.1554	0.1249	0.6943	0.6726	0.6183	0.6069	0.4985	0.2564	0.1432	0.1282	0.3399	0.4113	0.5959	0.6000	0.5134	0.2832	0.1561	0.1222	0.1375	0.2522	0.4083	0.5204	0.5022	0.2949	0.1644	0.1483	0.1338	0.1430	0.2205	0.3704	0.4173	0.3200	0.1676	0.1429	
0.7153	0.7308	0.7259	0.7012	0.6526	0.4952	0.1995	0.1393	0.7151	0.7254	0.7158	0.6600	0.6121	0.4130	0.1710	0.1352	0.7163	0.7163	0.6918	0.6512	0.5594	0.3026	0.1438	0.1319	0.7176	0.7160	0.6944	0.6550	0.5582	0.2876	0.1612	0.1288	0.7033	0.6962	0.6566	0.6357	0.5271	0.2734	0.1491	0.1269	0.3538	0.4278	0.6232	0.6409	0.5469	0.2969	0.1659	0.1265	0.1402	0.2554	0.4337	0.5513	0.5330	0.3095	0.1807	0.1568	0.1386	0.1534	0.2323	0.4001	0.4476	0.3338	0.1774	0.1534	
0.7079	0.7350	0.7343	0.7138	0.6834	0.5187	0.2045	0.1389	0.7138	0.7267	0.7229	0.6837	0.6476	0.4366	0.1764	0.1347	0.7145	0.7228	0.7139	0.6758	0.5792	0.3216	0.1452	0.1309	0.7165	0.7234	0.7103	0.6750	0.5828	0.3030	0.1634	0.1330	0.7090	0.7132	0.6845	0.6664	0.5513	0.2876	0.1532	0.1280	0.3697	0.4387	0.6470	0.6667	0.5705	0.3082	0.1680	0.1287	0.1413	0.2674	0.4481	0.5665	0.5517	0.3251	0.1819	0.1539	0.1371	0.1523	0.2355	0.4106	0.4643	0.3481	0.1831	0.1573	
0.7047	0.7318	0.7409	0.7283	0.7042	0.5449	0.2149	0.1421	0.7170	0.7297	0.7301	0.7157	0.6800	0.4657	0.1842	0.1388	0.7117	0.7239	0.7253	0.7022	0.6112	0.3357	0.1471	0.1325	0.7167	0.7222	0.7180	0.6952	0.6134	0.3253	0.1684	0.1317	0.7143	0.7155	0.6939	0.6848	0.5834	0.3067	0.1596	0.1286	0.3825	0.4553	0.6717	0.6878	0.5948	0.3282	0.1730	0.1301	0.1427	0.2757	0.4662	0.5997	0.5814	0.3471	0.1934	0.1607	0.1421	0.1539	0.2412	0.4291	0.4855	0.3692	0.1928	0.1626	
0.7077	0.7306	0.7396	0.7402	0.7227	0.5738	0.2239	0.1480	0.7149	0.7337	0.7352	0.7341	0.7063	0.4892	0.1867	0.1425	0.7191	0.7239	0.7231	0.7227	0.6455	0.3526	0.1524	0.1335	0.7270	0.7359	0.7356	0.7264	0.6406	0.3376	0.1738	0.1368	0.7201	0.7234	0.7156	0.7141	0.6122	0.3285	0.1676	0.1310	0.4050	0.4770	0.6971	0.7238	0.6314	0.3554	0.1835	0.1368	0.1467	0.2856	0.4944	0.6263	0.6183	0.3726	0.1967	0.1656	0.1432	0.1574	0.2505	0.4431	0.5179	0.3933	0.1992	0.1564	
0.7094	0.7342	0.7403	0.7370	0.7383	0.6006	0.2326	0.1419	0.7211	0.7343	0.7343	0.7365	0.7306	0.5171	0.1921	0.1433	0.7162	0.7316	0.7254	0.7267	0.6646	0.3763	0.1521	0.1339	0.7254	0.7312	0.7307	0.7326	0.6729	0.3593	0.1792	0.1336	0.7178	0.7211	0.7146	0.7238	0.6389	0.3410	0.1686	0.1324	0.4138	0.4900	0.7229	0.7343	0.6565	0.3691	0.1818	0.1331	0.1444	0.2864	0.5103	0.6447	0.6315	0.3839	0.1997	0.1655	0.1426	0.1578	0.2548	0.4629	0.5346	0.4103	0.1979	0.1612	
0.7189	0.7329	0.7469	0.7494	0.7426	0.6315	0.2453	0.1482	0.7161	0.7322	0.7384	0.7511	0.7392	0.5413	0.2020	0.1482	0.7213	0.7295	0.7374	0.7385	0.6976	0.3946	0.1584	0.1357	0.7268	0.7442	0.7391	0.7416	0.6970	0.3768	0.1823	0.1376	0.7240	0.7262	0.7123	0.7280	0.6654	0.3650	0.1721	0.1321	0.4389	0.5109	0.7248	0.7362	0.6845	0.3905	0.1915	0.1316	0.1456	0.3031	0.5237	0.6785	0.6702	0.4094	0.2078	0.1724	0.1420	0.1574	0.2559	0.4769	0.5548	0.4257	0.2097	0.1679	
0.7251	0.7437	0.7525	0.7590	0.7538	0.6606	0.2662	0.1595	0.7294	0.7385	0.7480	0.7469	0.7491	0.5718	0.2091	0.1501	0.7268	0.7378	0.7353	0.7428	0.7266	0.4227	0.1645	0.1395	0.7405	0.7380	0.7392	0.7481	0.7300	0.4026	0.1892	0.1407	0.7223	0.7317	0.7250	0.7380	0.6947	0.3786	0.1829	0.1362	0.4631	0.5384	0.7407	0.7532	0.7256	0.4158	0.1958	0.1385	0.1565	0.3185	0.5607	0.6973	0.6969	0.4372	0.2233	0.1826	0.1474	0.1650	0.2660	0.4998	0.5852	0.4515	0.2205	0.1839	
0.7253	0.7368	0.7497	0.7588	0.7497	0.6963	0.2741	0.1603	0.7186	0.7420	0.7412	0.7509	0.7513	0.5960	0.2213	0.1517	0.7253	0.7342	0.7367	0.7454	0.7400	0.4435	0.1698	0.1425	0.7401	0.7394	0.7398	0.7404	0.7348	0.4239	0.2016	0.1385	0.7274	0.7327	0.7323	0.7324	0.7173	0.4054	0.1871	0.1377	0.4693	0.5533	0.7381	0.7505	0.7400	0.4364	0.2058	0.1400	0.1530	0.3184	0.5730	0.7188	0.7159	0.4545	0.2260	0.1827	0.1492	0.1628	0.2749	0.5154	0.6049	0.4694	0.2311	0.1813	
0.7306	0.7478	0.7555	0.7590	0.7533	0.7208	0.2927	0.1636	0.7323	0.7476	0.7487	0.7501	0.7564	0.6274	0.2331	0.1649	0.7341	0.7419	0.7421	0.7491	0.7452	0.4721	0.1759	0.1457	0.7453	0.7429	0.7462	0.7475	0.7476	0.4470	0.2086	0.1441	0.7318	0.7330	0.7371	0.7398	0.7410	0.4297	0.1983	0.1426	0.4888	0.5706	0.7407	0.7578	0.7553	0.4583	0.2134	0.1463	0.1594	0.3347	0.5985	0.7287	0.7358	0.4822	0.2466	0.1927	0.1551	0.1685	0.2790	0.5339	0.6355	0.4942	0.2380	0.1938	
0.7273	0.7501	0.7566	0.7556	0.7563	0.7370	0.3004	0.1684	0.7289	0.7402	0.7445	0.7504	0.7534	0.6519	0.2380	0.1704	0.7317	0.7391	0.7398	0.7428	0.7494	0.4929	0.1843	0.1481	0.7395	0.7417	0.7470	0.7481	0.7537	0.4722	0.2145	0.1474	0.7309	0.7330	0.7360	0.7432	0.7403	0.4508	0.1999	0.1453	0.5063	0.5978	0.7438	0.7517	0.7563	0.4784	0.2275	0.1466	0.1553	0.3407	0.6119	0.7366	0.7410	0.4997	0.2548	0.1979	0.1545	0.1656	0.2851	0.5532	0.6617	0.5211	0.2537	0.1933	
0.7266	0.7483	0.7623	0.7610	0.7570	0.7506	0.3190	0.1725	0.7336	0.7496	0.7530	0.7545	0.7557	0.6816	0.2443	0.1711	0.7374	0.7427	0.7418	0.7497	0.7537	0.5157	0.1895	0.1513	0.7470	0.7499	0.7492	0.7527	0.7568	0.4990	0.2274	0.1527	0.7350	0.7416	0.7348	0.7465	0.7461	0.4739	0.2087	0.1470	0.5319	0.6198	0.7472	0.7535	0.7619	0.5094	0.2394	0.1524	0.1615	0.3621	0.6376	0.7356	0.7481	0.5309	0.2631	0.2069	0.1577	0.1691	0.2918	0.5668	0.6851	0.5482	0.2677	0.2032	
0.7346	0.7544	0.7643	0.7667	0.7586	0.7541	0.3415	0.1961	0.7377	0.7504	0.7557	0.7567	0.7597	0.7097	0.2628	0.1733	0.7393	0.7396	0.7468	0.7544	0.7486	0.5367	0.1986	0.1548	0.7392	0.7542	0.7515	0.7540	0.7490	0.5214	0.2356	0.1568	0.7323	0.7410	0.7391	0.7522	0.7533	0.5044	0.2205	0.1466	0.5484	0.6280	0.7472	0.7576	0.7665	0.5342	0.2451	0.1534	0.1661	0.3703	0.6531	0.7361	0.7485	0.5579	0.2772	0.2167	0.1657	0.1742	0.3059	0.5950	0.7069	0.5695	0.2723	0.2211	
0.7413	0.7556	0.7634	0.7642	0.7603	0.7595	0.3543	0.1902	0.7356	0.7468	0.7498	0.7569	0.7674	0.7331	0.2768	0.1846	0.7360	0.7487	0.7532	0.7543	0.7537	0.5730	0.2072	0.1596	0.7468	0.7451	0.7507	0.7588	0.7642	0.5516	0.2479	0.1615	0.7381	0.7375	0.7432	0.7504	0.7430	0.5258	0.2333	0.1558	0.5670	0.6694	0.7595	0.7649	0.7591	0.5603	0.2567	0.1594	0.1720	0.3771	0.6768	0.7457	0.7522	0.5798	0.2956	0.2257	0.1643	0.1765	0.3176	0.6147	0.7309	0.5943	0.2882	0.2291	
0.7378	0.7576	0.7647	0.7690	0.7660	0.7592	0.3736	0.1894	0.7348	0.7454	0.7548	0.7634	0.7641	0.7474	0.2864	0.1822	0.7391	0.7451	0.7510	0.7588	0.7504	0.5940	0.2094	0.1597	0.7500	0.7583	0.7534	0.7543	0.7560	0.5695	0.2568	0.1648	0.7392	0.7386	0.7369	0.7506	0.7488	0.5496	0.2361	0.1575	0.5854	0.6779	0.7488	0.7582	0.7601	0.5809	0.2655	0.1627	0.1730	0.3935	0.6898	0.7431	0.7492	0.6030	0.3000	0.2296	0.1693	0.1750	0.3158	0.6286	0.7468	0.6212	0.2995	0.2276	
0.7368	0.7538	0.7627	0.7576	0.7600	0.7531	0.3924	0.2003	0.7406	0.7491	0.7514	0.7592	0.7603	0.7554	0.2997	0.1905	0.7350	0.7457	0.7514	0.7474	0.7507	0.6164	0.2223	0.1663	0.7463	0.7489	0.7453	0.7569	0.7571	0.5967	0.2676	0.1612	0.7270	0.7424	0.7442	0.7490	0.7430	0.5690	0.2544	0.1613	0.5971	0.7014	0.7610	0.7590	0.7574	0.6065	0.2770	0.1678	0.1763	0.4002	0.6994	0.7376	0.7518	0.6239	0.3188	0.2447	0.1658	0.1826	0.3245	0.6450	0.7475	0.6386	0.3139	0.2487	
0.7347	0.7463	0.7596	0.7599	0.7518	0.7509	0.4097	0.2006	0.7345	0.7508	0.7595	0.7589	0.7649	0.7522	0.3178	0.1921	0.7376	0.7413	0.7487	0.7499	0.7486	0.6422	0.2306	0.1652	0.7429	0.7532	0.7492	0.7500	0.7500	0.6223	0.2853	0.1711	0.7360	0.7470	0.7369	0.7436	0.7529	0.5963	0.2581	0.1623	0.6195	0.7122	0.7463	0.7565	0.7659	0.6384	0.2909	0.1711	0.1773	0.4162	0.7120	0.7353	0.7522	0.6580	0.3325	0.2503	0.1693	0.1810	0.3326	0.6696	0.7588	0.6755	0.3355	0.2524	
0.7491	0.7596	0.7726	0.7718	0.7684	0.7607	0.4423	0.2221	0.7540	0.7614	0.7622	0.7629	0.7757	0.7690	0.3346	0.2138	0.7545	0.7548	0.7525	0.7575	0.7617	0.6779	0.2468	0.1797	0.7561	0.7620	0.7637	0.7613	0.7622	0.6618	0.3008	0.1825	0.7446	0.7571	0.7551	0.7562	0.7596	0.6343	0.2819	0.1760	0.6390	0.7238	0.7603	0.7709	0.7764	0.6771	0.3142	0.1793	0.1853	0.4351	0.7210	0.7517	0.7608	0.6922	0.3631	0.2656	0.1796	0.1945	0.3499	0.7009	0.7664	0.6985	0.3527	0.2705	
0.7478	0.7681	0.7714	0.7673	0.7713	0.7658	0.4573	0.2235	0.7440	0.7569	0.7591	0.7636	0.7769	0.7622	0.3500	0.2134	0.7534	0.7550	0.7600	0.7519	0.7606	0.7071	0.2571	0.1800	0.7501	0.7569	0.7669	0.7652	0.7656	0.6801	0.3112	0.1880	0.7409	0.7495	0.7527	0.7589	0.7590	0.6549	0.2931	0.1762	0.6577	0.7290	0.7641	0.7701	0.7719	0.7029	0.3308	0.1838	0.1896	0.4407	0.7187	0.7532	0.7698	0.7107	0.3709	0.2844	0.1825	0.1937	0.3558	0.7176	0.7752	0.7303	0.3757	0.2825	
0.7412	0.7583	0.7640	0.7700	0.7628	0.7587	0.4804	0.2264	0.7421	0.7501	0.7616	0.7668	0.7674	0.7613	0.3582	0.2223	0.7501	0.7559	0.7602	0.7572	0.7521	0.7198	0.2713	0.1842	0.7515	0.7560	0.7597	0.7678	0.7655	0.7077	0.3232	0.1879	0.7414	0.7511	0.7450	0.7568	0.7544	0.6868	0.3011	0.1726	0.6748	0.7342	0.7605	0.7649	0.7687	0.7201	0.3402	0.1873	0.1900	0.4560	0.7145	0.7485	0.7644	0.7277	0.3894	0.2889	0.1820	0.1906	0.3645	0.7227	0.7644	0.7511	0.3888	0.2952	
0.7491	0.7648	0.7744	0.7681	0.7666	0.7670	0.5070	0.2438	0.7562	0.7568	0.7667	0.7753	0.7825	0.7667	0.3818	0.2315	0.7589	0.7584	0.7692	0.7658	0.7594	0.7432	0.2845	0.1881	0.7501	0.7623	0.7691	0.7699	0.7664	0.7311	0.3432	0.1931	0.7479	0.7529	0.7567	0.7617	0.7571	0.7056	0.3185	0.1816	0.6924	0.7373	0.7672	0.7678	0.7738	0.7366	0.3609	0.1966	0.1963	0.4686	0.7193	0.7539	0.7732	0.7376	0.4107	0.3048	0.1876	0.1937	0.3762	0.7348	0.7706	0.7604	0.4068	0.3104	
