0.0905	0.0901	0.0897	0.0895	0.0906	0.0928	0.0922	0.0921	0.0935	0.1078	0.0981	0.1203	0.0906	0.0937	0.1076	0.0965	0.0908	0.0905	0.0913	0.0917	0.0948	0.0900	0.0927	0.0919	0.0921	0.0956	0.0945	0.0946	0.0898	0.0956	0.0964	0.0956	0.0892	0.0913	0.0933	0.0940	0.0925	0.0933	0.0930	0.0935	0.0904	0.0998	0.0980	0.1115	0.0907	0.1021	0.1021	0.0970	0.0888	0.0933	0.0923	0.0920	0.0933	0.0935	0.0936	0.0932	0.1152	0.1263	0.1284	0.1126	0.0932	0.0999	0.0981	0.1225	
0.0906	0.0897	0.0902	0.0903	0.0899	0.0937	0.0896	0.0907	0.0894	0.0888	0.0899	0.0900	0.0900	0.0896	0.0903	0.0925	0.0887	0.0889	0.0894	0.0911	0.0918	0.0901	0.0887	0.0926	0.0892	0.0899	0.0904	0.0917	0.0893	0.0890	0.0895	0.0902	0.0878	0.0900	0.0905	0.0922	0.0908	0.0886	0.0885	0.0889	0.0895	0.0900	0.0909	0.0909	0.0903	0.0890	0.0896	0.0886	0.0878	0.0903	0.0908	0.0904	0.0919	0.0892	0.0914	0.0889	0.0909	0.0915	0.0910	0.0907	0.0915	0.0909	0.0897	0.0896	
0.0903	0.0893	0.0902	0.0901	0.0903	0.0909	0.0922	0.0915	0.0895	0.0894	0.0906	0.0903	0.0896	0.0925	0.0912	0.0936	0.0892	0.0895	0.0896	0.0903	0.0918	0.0903	0.0907	0.0920	0.0902	0.0899	0.0909	0.0909	0.0894	0.0910	0.0922	0.0944	0.0882	0.0895	0.0914	0.0920	0.0917	0.0901	0.0910	0.0906	0.0916	0.0901	0.0916	0.0913	0.0905	0.0929	0.0917	0.0931	0.0887	0.0910	0.0905	0.0930	0.0913	0.0926	0.0913	0.0912	0.0907	0.0909	0.0914	0.0911	0.0912	0.0934	0.0911	0.0931	
0.0899	0.0895	0.0895	0.0898	0.0895	0.0915	0.0926	0.0924	0.0887	0.0895	0.0902	0.0900	0.0894	0.0912	0.0938	0.0920	0.0886	0.0891	0.0888	0.0901	0.0909	0.0904	0.0928	0.0921	0.0899	0.0890	0.0902	0.0909	0.0891	0.0929	0.0923	0.0958	0.0880	0.0897	0.0909	0.0906	0.0859	0.0918	0.0962	0.0944	0.0884	0.0900	0.0911	0.0923	0.0899	0.0918	0.0936	0.0954	0.0877	0.0899	0.0897	0.0910	0.0924	0.0948	0.0921	0.0932	0.0897	0.0918	0.0912	0.0910	0.0909	0.0908	0.0921	0.0948	
0.0902	0.0894	0.0895	0.0900	0.0892	0.0924	0.0898	0.0900	0.0888	0.0892	0.0902	0.0896	0.0892	0.0915	0.0907	0.0915	0.0891	0.0894	0.0899	0.0907	0.0915	0.0901	0.0887	0.0902	0.0900	0.0894	0.0904	0.0920	0.0898	0.0924	0.0901	0.0935	0.0881	0.0897	0.0906	0.0906	0.0903	0.0908	0.0915	0.0906	0.0899	0.0904	0.0921	0.0913	0.0906	0.0927	0.0919	0.0925	0.0882	0.0910	0.0909	0.0909	0.0919	0.0903	0.0905	0.0918	0.0907	0.0914	0.0907	0.0915	0.0907	0.0926	0.0910	0.0908	
0.0903	0.0904	0.0904	0.0912	0.0909	0.0929	0.0922	0.0935	0.0900	0.0904	0.0911	0.0909	0.0905	0.0993	0.0998	0.1003	0.0907	0.0894	0.0903	0.0908	0.0914	0.0976	0.0988	0.0997	0.0918	0.0900	0.0911	0.0920	0.0897	0.0959	0.0945	0.0953	0.0898	0.0904	0.0920	0.0910	0.0956	0.0938	0.0945	0.0936	0.0901	0.0901	0.0911	0.0912	0.0905	0.0941	0.0936	0.0933	0.0884	0.0927	0.0922	0.0917	0.0922	0.0937	0.0954	0.0929	0.0903	0.0928	0.0931	0.0914	0.0934	0.0931	0.0939	0.0962	
0.0898	0.0896	0.0899	0.0897	0.0896	0.0909	0.0919	0.0915	0.0900	0.0897	0.0902	0.0897	0.0896	0.0898	0.0890	0.0893	0.0896	0.0889	0.0901	0.0900	0.0910	0.0883	0.0883	0.0900	0.0893	0.0891	0.0898	0.0913	0.0898	0.0895	0.0900	0.0929	0.0879	0.0891	0.0907	0.0903	0.0924	0.0888	0.0910	0.0909	0.0903	0.0917	0.0921	0.0907	0.0900	0.0914	0.0918	0.0919	0.0879	0.0903	0.0910	0.0913	0.0912	0.0899	0.0928	0.0913	0.0907	0.0919	0.0921	0.0907	0.0910	0.0919	0.0889	0.0919	
0.0903	0.0894	0.0897	0.0896	0.0897	0.0919	0.0925	0.0922	0.0899	0.0899	0.0909	0.0903	0.0906	0.0912	0.0911	0.0929	0.0902	0.0891	0.0897	0.0900	0.0906	0.0909	0.0919	0.0918	0.0896	0.0889	0.0902	0.0914	0.0893	0.0927	0.0919	0.0929	0.0886	0.0912	0.0915	0.0911	0.0898	0.0923	0.0933	0.0914	0.0902	0.0897	0.0909	0.0906	0.0901	0.0923	0.0924	0.0950	0.0889	0.0924	0.0904	0.0913	0.0915	0.0926	0.0925	0.0914	0.0903	0.0910	0.0924	0.0914	0.0923	0.0942	0.0939	0.0931	
0.0904	0.0902	0.0900	0.0901	0.0898	0.0917	0.0906	0.0924	0.0899	0.0895	0.0904	0.0905	0.0902	0.0915	0.0918	0.0920	0.0892	0.0901	0.0897	0.0906	0.0912	0.0901	0.0908	0.0906	0.0897	0.0903	0.0906	0.0917	0.0901	0.0910	0.0906	0.0917	0.0887	0.0906	0.0915	0.0923	0.0974	0.0899	0.0902	0.0898	0.0902	0.0907	0.0914	0.0915	0.0906	0.0904	0.0909	0.0905	0.0882	0.0914	0.0896	0.0899	0.0906	0.0912	0.0906	0.0904	0.0901	0.0911	0.0918	0.0913	0.0912	0.0925	0.0910	0.0912	
0.0913	0.0898	0.0902	0.0903	0.0903	0.0927	0.0924	0.0917	0.0894	0.0899	0.0909	0.0903	0.0903	0.0921	0.0916	0.0937	0.0892	0.0895	0.0894	0.0912	0.0912	0.0906	0.0918	0.0911	0.0899	0.0896	0.0904	0.0912	0.0899	0.0925	0.0933	0.0929	0.0882	0.0901	0.0911	0.0909	0.0971	0.0926	0.0917	0.0916	0.0906	0.0906	0.0918	0.0905	0.0906	0.0910	0.0934	0.0924	0.0880	0.0912	0.0903	0.0909	0.0909	0.0933	0.0947	0.0918	0.0903	0.0907	0.0918	0.0917	0.0919	0.0937	0.0923	0.0940	
0.0911	0.0902	0.0908	0.0910	0.0906	0.0921	0.0923	0.0952	0.0896	0.0899	0.0908	0.0914	0.0906	0.0925	0.0906	0.0923	0.0895	0.0901	0.0901	0.0906	0.0915	0.0904	0.0911	0.0917	0.0906	0.0913	0.0913	0.0920	0.0912	0.0941	0.0936	0.0931	0.0897	0.0899	0.0907	0.0910	0.0922	0.0905	0.0936	0.0942	0.0902	0.0909	0.0909	0.0912	0.0914	0.0925	0.0946	0.0913	0.0888	0.0923	0.0911	0.0909	0.0907	0.0931	0.0934	0.0935	0.0908	0.0922	0.0916	0.0915	0.0912	0.0923	0.0929	0.0941	
0.0916	0.0911	0.0907	0.0909	0.0921	0.0936	0.0925	0.0929	0.0901	0.0898	0.0909	0.0906	0.0908	0.0917	0.0908	0.0918	0.0898	0.0900	0.0909	0.0912	0.0920	0.0915	0.0912	0.0914	0.0907	0.0899	0.0915	0.0922	0.0913	0.0915	0.0923	0.0933	0.0893	0.0920	0.0918	0.0931	0.0923	0.0918	0.0908	0.0905	0.0907	0.0909	0.0930	0.0919	0.0909	0.0918	0.0936	0.0922	0.0892	0.0921	0.0909	0.0908	0.0920	0.0933	0.0936	0.0943	0.0921	0.0912	0.0922	0.0919	0.0914	0.0927	0.0911	0.0947	
0.0918	0.0911	0.0910	0.0914	0.0911	0.0931	0.0918	0.0936	0.0903	0.0905	0.0916	0.0912	0.0908	0.0915	0.0925	0.0928	0.0899	0.0903	0.0902	0.0910	0.0912	0.0927	0.0931	0.0924	0.0910	0.0906	0.0911	0.0933	0.0903	0.0917	0.0915	0.0922	0.0893	0.0908	0.0917	0.0918	0.0933	0.0911	0.0934	0.0918	0.0907	0.0914	0.0923	0.0923	0.0915	0.0932	0.0922	0.0924	0.0891	0.0914	0.0909	0.0920	0.0915	0.0925	0.0924	0.0925	0.0915	0.0919	0.0922	0.0920	0.0924	0.0932	0.0928	0.0917	
0.0927	0.0904	0.0912	0.0911	0.0904	0.0918	0.0931	0.0923	0.0901	0.0908	0.0915	0.0914	0.0907	0.0930	0.0932	0.0926	0.0899	0.0904	0.0914	0.0911	0.0916	0.0905	0.0930	0.0946	0.0901	0.0901	0.0911	0.0918	0.0908	0.0934	0.0949	0.0965	0.0897	0.0911	0.0911	0.0915	0.0933	0.0925	0.0933	0.0906	0.0922	0.0916	0.0922	0.0924	0.0907	0.0936	0.0911	0.0908	0.0897	0.0913	0.0905	0.0908	0.0912	0.0943	0.0963	0.0919	0.0914	0.0915	0.0918	0.0916	0.0916	0.0948	0.0917	0.0911	
0.0925	0.0912	0.0914	0.0919	0.0909	0.0935	0.0942	0.0941	0.0918	0.0909	0.0921	0.0919	0.0911	0.0937	0.0949	0.0938	0.0904	0.0906	0.0913	0.0910	0.0918	0.0941	0.0937	0.0939	0.0916	0.0913	0.0921	0.0925	0.0911	0.0961	0.0955	0.0953	0.0904	0.0917	0.0921	0.0918	0.0968	0.0936	0.0944	0.0933	0.0929	0.0920	0.0923	0.0937	0.0923	0.0944	0.0949	0.0946	0.0906	0.0925	0.0914	0.0913	0.0918	0.0963	0.0952	0.0947	0.0916	0.0920	0.0929	0.0919	0.0916	0.0984	0.0948	0.0942	
0.0923	0.0913	0.0912	0.0923	0.0919	0.0924	0.0938	0.0932	0.0913	0.0925	0.0919	0.0918	0.0911	0.0930	0.0939	0.0951	0.0910	0.0910	0.0910	0.0919	0.0912	0.0933	0.0928	0.0938	0.0909	0.0912	0.0918	0.0930	0.0915	0.0940	0.0944	0.0940	0.0907	0.0916	0.0928	0.0921	0.0927	0.0908	0.0936	0.0935	0.0925	0.0918	0.0921	0.0916	0.0911	0.0959	0.0933	0.0929	0.0904	0.0920	0.0924	0.0925	0.0919	0.0926	0.0936	0.0911	0.0914	0.0922	0.0933	0.0928	0.0918	0.0947	0.0920	0.0940	
0.0938	0.0921	0.0921	0.0928	0.0918	0.0924	0.0937	0.0932	0.0914	0.0923	0.0928	0.0919	0.0910	0.0934	0.0929	0.0920	0.0914	0.0917	0.0920	0.0924	0.0922	0.0909	0.0932	0.0920	0.0927	0.0929	0.0926	0.0931	0.0914	0.0928	0.0954	0.0953	0.0917	0.0918	0.0940	0.0929	0.0978	0.0914	0.0943	0.0945	0.0929	0.0926	0.0928	0.0929	0.0913	0.0949	0.0936	0.0957	0.0909	0.0926	0.0920	0.0918	0.0922	0.0978	0.0945	0.0944	0.0929	0.0935	0.0936	0.0924	0.0923	0.0957	0.0935	0.0929	
0.0942	0.0927	0.0927	0.0930	0.0918	0.0942	0.0948	0.0934	0.0921	0.0929	0.0936	0.0929	0.0917	0.0954	0.0954	0.0948	0.0927	0.0930	0.0930	0.0936	0.0932	0.0946	0.0938	0.0948	0.0929	0.0938	0.0940	0.0948	0.0926	0.0952	0.0971	0.0956	0.0928	0.0936	0.0942	0.0938	0.0958	0.0940	0.0938	0.0935	0.0940	0.0930	0.0939	0.0941	0.0924	0.0951	0.0959	0.0935	0.0917	0.0932	0.0934	0.0939	0.0933	0.0950	0.0946	0.0954	0.0933	0.0930	0.0943	0.0926	0.0929	0.0977	0.0967	0.0971	
0.0958	0.0938	0.0934	0.0939	0.0923	0.0954	0.0951	0.0941	0.0931	0.0945	0.0941	0.0933	0.0917	0.0944	0.0946	0.0934	0.0930	0.0933	0.0927	0.0927	0.0925	0.0935	0.0947	0.0945	0.0933	0.0934	0.0938	0.0932	0.0918	0.0958	0.0949	0.0953	0.0920	0.0933	0.0942	0.0930	0.0992	0.0938	0.0949	0.0941	0.0938	0.0931	0.0937	0.0937	0.0917	0.0993	0.0952	0.0946	0.0916	0.0934	0.0935	0.0916	0.0921	0.0943	0.0945	0.0943	0.0926	0.0927	0.0934	0.0928	0.0920	0.0940	0.0936	0.0939	
0.0960	0.0942	0.0940	0.0935	0.0920	0.0955	0.0941	0.0991	0.0938	0.0942	0.0950	0.0936	0.0919	0.0941	0.0941	0.0934	0.0931	0.0938	0.0937	0.0929	0.0923	0.0929	0.0934	0.0932	0.0944	0.0942	0.0948	0.0937	0.0914	0.0949	0.0941	0.0947	0.0933	0.0938	0.0945	0.0924	0.0947	0.0928	0.0938	0.0930	0.0943	0.0927	0.0936	0.0938	0.0919	0.0947	0.0946	0.0935	0.0920	0.0931	0.0928	0.0918	0.0935	0.0948	0.0948	0.0942	0.0938	0.0928	0.0939	0.0920	0.0920	0.0942	0.0935	0.0942	
0.0965	0.0946	0.0944	0.0942	0.0925	0.0958	0.0958	0.0964	0.0939	0.0950	0.0961	0.0940	0.0919	0.0949	0.0960	0.0951	0.0934	0.0943	0.0944	0.0944	0.0923	0.0951	0.0950	0.0950	0.0953	0.0943	0.0950	0.0941	0.0925	0.0959	0.0955	0.0968	0.0933	0.0945	0.0942	0.0935	0.0928	0.0962	0.0940	0.0951	0.0940	0.0941	0.0944	0.0929	0.0915	0.0951	0.0959	0.0969	0.0920	0.0942	0.0927	0.0927	0.0921	0.0960	0.0964	0.0977	0.0944	0.0932	0.0932	0.0926	0.0929	0.0961	0.0956	0.0960	
0.0976	0.0953	0.0959	0.0949	0.0929	0.0950	0.0965	0.0961	0.0947	0.0969	0.0962	0.0944	0.0928	0.0940	0.0940	0.0938	0.0949	0.0953	0.0950	0.0938	0.0927	0.0929	0.0927	0.0947	0.0956	0.0960	0.0961	0.0955	0.0923	0.0939	0.0951	0.0947	0.0948	0.0952	0.0957	0.0950	0.0964	0.0928	0.0946	0.0918	0.0948	0.0944	0.0944	0.0940	0.0923	0.0973	0.0987	0.0961	0.0927	0.0939	0.0930	0.0922	0.0915	0.0949	0.0944	0.0945	0.0940	0.0935	0.0935	0.0923	0.0918	0.0990	0.0976	0.0926	
0.0989	0.0969	0.0969	0.0956	0.0934	0.1016	0.0935	0.0962	0.0962	0.0976	0.0977	0.0954	0.0930	0.0954	0.0956	0.0955	0.0969	0.0969	0.0959	0.0948	0.0929	0.0927	0.0952	0.0927	0.0976	0.0968	0.0964	0.0950	0.0918	0.0966	0.0964	0.0962	0.0951	0.0956	0.0954	0.0941	0.0950	0.0962	0.0973	0.0931	0.0954	0.0948	0.0944	0.0931	0.0919	0.0963	0.0944	0.0933	0.0930	0.0952	0.0935	0.0932	0.0932	0.0957	0.0955	0.0930	0.0950	0.0943	0.0948	0.0936	0.0927	0.0954	0.0997	0.0946	
0.1008	0.0983	0.0976	0.0964	0.0936	0.0973	0.0959	0.0973	0.0974	0.0989	0.0983	0.0962	0.0936	0.0966	0.0955	0.0950	0.0975	0.0995	0.0969	0.0957	0.0937	0.0979	0.0936	0.0987	0.0969	0.0977	0.0973	0.0947	0.0916	0.0943	0.0946	0.0944	0.0957	0.0957	0.0959	0.0950	0.0936	0.0936	0.0934	0.0930	0.0962	0.0967	0.0950	0.0928	0.0924	0.0957	0.0974	0.0977	0.0936	0.0945	0.0931	0.0924	0.0916	0.0958	0.0965	0.0946	0.0940	0.0939	0.0937	0.0927	0.0918	0.0952	0.0961	0.0974	
0.1011	0.0991	0.0994	0.0975	0.0936	0.0944	0.0942	0.0946	0.0991	0.1004	0.1006	0.0971	0.0932	0.0951	0.0939	0.0938	0.0989	0.0986	0.0980	0.0951	0.0929	0.0931	0.0931	0.0931	0.0993	0.0978	0.0981	0.0956	0.0916	0.0938	0.0940	0.0950	0.0968	0.0968	0.0977	0.0946	0.0950	0.0931	0.0940	0.0922	0.0979	0.0954	0.0948	0.0929	0.0916	0.0958	0.0963	0.0931	0.0938	0.0951	0.0934	0.0924	0.0918	0.0922	0.0943	0.0938	0.0949	0.0946	0.0932	0.0921	0.0915	0.0956	0.0966	0.0957	
0.1038	0.1007	0.1016	0.0978	0.0951	0.0944	0.0947	0.0937	0.0999	0.1028	0.1013	0.0975	0.0936	0.0954	0.0957	0.0952	0.0994	0.1005	0.0988	0.0960	0.0934	0.0939	0.0942	0.0943	0.1007	0.0997	0.0995	0.0958	0.0921	0.0943	0.0936	0.0952	0.0977	0.0976	0.0975	0.0943	0.0955	0.0929	0.0949	0.0942	0.0987	0.0963	0.0956	0.0938	0.0916	0.0959	0.0943	0.0948	0.0938	0.0951	0.0930	0.0925	0.0926	0.0942	0.0964	0.0949	0.0953	0.0946	0.0937	0.0928	0.0925	0.0965	0.0942	0.0941	
0.1061	0.1027	0.1024	0.0995	0.0951	0.0980	0.0952	0.0957	0.1030	0.1042	0.1036	0.0993	0.0948	0.0955	0.0950	0.0936	0.1020	0.1037	0.1008	0.0969	0.0937	0.0940	0.0943	0.0946	0.1027	0.1023	0.1016	0.0970	0.0925	0.0954	0.0970	0.0955	0.0996	0.0987	0.0985	0.0944	0.0966	0.0935	0.0942	0.0946	0.1002	0.0972	0.0971	0.0931	0.0918	0.0953	0.0955	0.0942	0.0948	0.0956	0.0936	0.0929	0.0933	0.0942	0.0945	0.0958	0.0959	0.0948	0.0934	0.0928	0.0938	0.0915	0.0916	0.0908	
0.1095	0.1040	0.1039	0.1002	0.0958	0.0959	0.0953	0.0956	0.1046	0.1064	0.1050	0.1005	0.0952	0.0949	0.0956	0.0968	0.1047	0.1057	0.1023	0.0972	0.0933	0.0937	0.0927	0.0937	0.1046	0.1032	0.1034	0.0975	0.0927	0.0944	0.0952	0.0946	0.1005	0.0996	0.0988	0.0955	0.0980	0.0945	0.0942	0.0934	0.1012	0.0974	0.0959	0.0931	0.0921	0.0926	0.0940	0.0937	0.0962	0.0957	0.0943	0.0945	0.0929	0.0940	0.0929	0.0944	0.0965	0.0964	0.0962	0.0942	0.0938	0.0945	0.0942	0.0933	
0.1107	0.1069	0.1075	0.1023	0.0965	0.0987	0.0952	0.0954	0.1055	0.1067	0.1062	0.1012	0.0954	0.0962	0.0958	0.0944	0.1052	0.1045	0.1034	0.0992	0.0930	0.0930	0.0939	0.0944	0.1066	0.1062	0.1050	0.0982	0.0925	0.0953	0.0942	0.0960	0.1014	0.1019	0.0999	0.0965	0.0976	0.0921	0.0921	0.0931	0.1025	0.0977	0.0972	0.0936	0.0921	0.0940	0.0954	0.0932	0.0965	0.0977	0.0938	0.0935	0.0919	0.0928	0.0970	0.0953	0.0976	0.0956	0.0940	0.0928	0.0924	0.0941	0.0957	0.0941	
0.1135	0.1087	0.1082	0.1033	0.0962	0.0975	0.0962	0.0939	0.1080	0.1101	0.1126	0.1022	0.0958	0.0963	0.0961	0.0940	0.1077	0.1092	0.1061	0.0988	0.0937	0.0944	0.0960	0.0960	0.1095	0.1068	0.1055	0.0980	0.0920	0.0953	0.0953	0.0937	0.1029	0.1026	0.1009	0.0961	0.0957	0.0938	0.0940	0.0916	0.1007	0.0988	0.0969	0.0942	0.0924	0.0930	0.0950	0.0946	0.0955	0.0968	0.0942	0.0929	0.0927	0.0948	0.0944	0.0942	0.0965	0.0951	0.0944	0.0924	0.0924	0.0932	0.0944	0.0960	
0.1163	0.1121	0.1108	0.1047	0.0971	0.1001	0.0970	0.0957	0.1119	0.1144	0.1115	0.1046	0.0958	0.0971	0.0962	0.0960	0.1111	0.1103	0.1070	0.0996	0.0930	0.0958	0.0948	0.0947	0.1107	0.1092	0.1076	0.0989	0.0927	0.0941	0.0952	0.0969	0.1042	0.1035	0.1021	0.0960	0.0968	0.0954	0.0937	0.0964	0.1029	0.0991	0.0983	0.0939	0.0923	0.0950	0.0952	0.0970	0.0966	0.0967	0.0942	0.0922	0.0915	0.0948	0.1022	0.0939	0.0968	0.0960	0.0951	0.0931	0.0929	0.0953	0.0971	0.0947	
0.1208	0.1139	0.1140	0.1072	0.0974	0.1035	0.0990	0.0987	0.1157	0.1163	0.1145	0.1054	0.0961	0.0969	0.0980	0.0955	0.1133	0.1139	0.1105	0.1009	0.0944	0.0972	0.0959	0.0963	0.1136	0.1138	0.1111	0.0998	0.0927	0.0988	0.0975	0.0954	0.1062	0.1039	0.1030	0.0954	0.0967	0.0962	0.0981	0.0945	0.1041	0.0998	0.0977	0.0937	0.0921	0.0981	0.0960	0.0967	0.0970	0.0972	0.0944	0.0922	0.0920	0.0951	0.0973	0.0962	0.0976	0.0962	0.0941	0.0931	0.0923	0.0984	0.0976	0.0973	
0.1247	0.1187	0.1174	0.1094	0.0989	0.0990	0.0945	0.0967	0.1181	0.1212	0.1174	0.1076	0.0971	0.0963	0.0939	0.0946	0.1178	0.1181	0.1126	0.1021	0.0940	0.0938	0.0940	0.0913	0.1168	0.1148	0.1113	0.1004	0.0924	0.0949	0.0946	0.0962	0.1082	0.1057	0.1042	0.0959	0.0938	0.0936	0.0936	0.0926	0.1050	0.1002	0.0980	0.0929	0.0915	0.0920	0.0946	0.0911	0.0974	0.0984	0.0943	0.0915	0.0924	0.0964	0.0929	0.0934	0.0978	0.0959	0.0945	0.0929	0.0918	0.0927	0.0945	0.0969	
0.1311	0.1237	0.1220	0.1119	0.0993	0.0976	0.0960	0.0958	0.1226	0.1257	0.1230	0.1095	0.0974	0.0965	0.0962	0.0954	0.1205	0.1224	0.1162	0.1033	0.0945	0.0962	0.0929	0.0927	0.1216	0.1194	0.1157	0.1017	0.0930	0.0971	0.0946	0.0922	0.1111	0.1083	0.1053	0.0960	0.0952	0.0939	0.0970	0.0923	0.1068	0.1003	0.0982	0.0935	0.0932	0.0952	0.0949	0.0938	0.0991	0.0982	0.0943	0.0922	0.0921	0.0936	0.0965	0.0951	0.0986	0.0958	0.0939	0.0931	0.0926	0.0951	0.0959	0.0924	
0.1357	0.1287	0.1266	0.1147	0.1003	0.1014	0.0968	0.0987	0.1288	0.1312	0.1267	0.1129	0.0986	0.0986	0.0951	0.0968	0.1262	0.1272	0.1199	0.1041	0.0941	0.0972	0.0973	0.0941	0.1245	0.1227	0.1184	0.1028	0.0928	0.0980	0.0975	0.0971	0.1125	0.1091	0.1064	0.0961	0.0962	0.0964	0.0973	0.0947	0.1084	0.1018	0.0971	0.0930	0.0915	0.0956	0.0970	0.0942	0.0994	0.0986	0.0948	0.0922	0.0918	0.0982	0.1000	0.0989	0.0981	0.0957	0.0936	0.0933	0.0926	0.0998	0.0995	0.0985	
0.1415	0.1332	0.1312	0.1169	0.1006	0.1029	0.0997	0.0991	0.1330	0.1358	0.1309	0.1148	0.0979	0.0984	0.0975	0.0971	0.1311	0.1308	0.1232	0.1054	0.0935	0.0975	0.0953	0.0960	0.1279	0.1262	0.1204	0.1029	0.0923	0.0959	0.0939	0.0956	0.1155	0.1110	0.1082	0.0962	0.0967	0.0954	0.0962	0.0952	0.1090	0.1021	0.0971	0.0928	0.0916	0.0925	0.0944	0.0925	0.0988	0.0991	0.0942	0.0921	0.0911	0.0916	0.0952	0.0905	0.0982	0.0961	0.0937	0.0920	0.0918	0.0922	0.0932	0.0947	
0.1466	0.1397	0.1382	0.1212	0.1027	0.1023	0.0987	0.0963	0.1396	0.1446	0.1394	0.1200	0.1001	0.0987	0.0971	0.0935	0.1370	0.1383	0.1285	0.1081	0.0948	0.0956	0.0951	0.0985	0.1373	0.1320	0.1242	0.1050	0.0938	0.0961	0.0944	0.0975	0.1180	0.1137	0.1102	0.0963	0.1029	0.0942	0.0957	0.0955	0.1106	0.1035	0.0986	0.0930	0.0915	0.0943	0.0960	0.0940	0.1009	0.0994	0.0948	0.0921	0.0919	0.0939	0.0967	0.0941	0.0997	0.0970	0.0937	0.0924	0.0931	0.0949	0.0957	0.0953	
0.1559	0.1441	0.1426	0.1252	0.1033	0.1036	0.0984	0.0984	0.1460	0.1484	0.1434	0.1219	0.1010	0.0987	0.0986	0.0956	0.1439	0.1431	0.1326	0.1108	0.0948	0.0967	0.0975	0.0950	0.1419	0.1395	0.1319	0.1074	0.0925	0.0966	0.0967	0.0959	0.1207	0.1160	0.1110	0.0966	0.1002	0.0933	0.0925	0.0952	0.1122	0.1025	0.0976	0.0922	0.0916	0.0940	0.0962	0.0938	0.1009	0.1002	0.0940	0.0925	0.0914	0.0956	0.0952	0.0957	0.1005	0.0967	0.0945	0.0923	0.0920	0.0959	0.0968	0.0943	
0.1638	0.1554	0.1510	0.1295	0.1053	0.1053	0.0998	0.0970	0.1547	0.1593	0.1525	0.1266	0.1016	0.0991	0.0966	0.0951	0.1512	0.1545	0.1425	0.1143	0.0952	0.0961	0.0950	0.0954	0.1496	0.1440	0.1363	0.1080	0.0928	0.0967	0.0965	0.0966	0.1248	0.1183	0.1146	0.0971	0.0997	0.0965	0.0949	0.0943	0.1141	0.1039	0.0995	0.0932	0.0919	0.0948	0.0952	0.0937	0.1011	0.1004	0.0947	0.0928	0.0922	0.0948	0.0962	0.0928	0.1007	0.0977	0.0942	0.0931	0.0921	0.0954	0.0933	0.0956	
0.1726	0.1627	0.1577	0.1338	0.1068	0.1037	0.0986	0.0979	0.1631	0.1670	0.1594	0.1307	0.1025	0.0999	0.0974	0.0948	0.1589	0.1597	0.1467	0.1160	0.0952	0.0960	0.0956	0.0933	0.1559	0.1508	0.1413	0.1097	0.0926	0.0955	0.0957	0.0962	0.1265	0.1206	0.1164	0.0976	0.0981	0.0940	0.0943	0.0942	0.1176	0.1046	0.0994	0.0930	0.0918	0.0947	0.0949	0.0930	0.1020	0.1008	0.0946	0.0925	0.0915	0.0938	0.0917	0.0929	0.0999	0.0971	0.0941	0.0926	0.0917	0.0943	0.0949	0.0934	
0.1829	0.1712	0.1679	0.1404	0.1076	0.1076	0.1019	0.0997	0.1718	0.1771	0.1670	0.1353	0.1040	0.1030	0.0998	0.0984	0.1682	0.1688	0.1549	0.1190	0.0954	0.0999	0.0954	0.0938	0.1648	0.1587	0.1477	0.1120	0.0930	0.0984	0.0959	0.0953	0.1335	0.1240	0.1198	0.0986	0.0994	0.0957	0.0970	0.0958	0.1191	0.1059	0.1001	0.0930	0.0921	0.0966	0.0951	0.0955	0.1025	0.1015	0.0951	0.0921	0.0922	0.0955	0.0969	0.0948	0.1011	0.0978	0.0939	0.0924	0.0924	0.0968	0.0957	0.0950	
0.1991	0.1892	0.1814	0.1490	0.1113	0.1087	0.1011	0.0984	0.1871	0.1909	0.1814	0.1429	0.1065	0.1008	0.0972	0.0967	0.1813	0.1816	0.1619	0.1212	0.0955	0.0982	0.0978	0.0947	0.1757	0.1673	0.1533	0.1140	0.0928	0.0974	0.0958	0.0943	0.1370	0.1271	0.1234	0.0980	0.0970	0.0929	0.0946	0.0940	0.1202	0.1067	0.0993	0.0930	0.0919	0.0930	0.0937	0.0941	0.1042	0.1014	0.0945	0.0922	0.0914	0.0930	0.0936	0.0923	0.1013	0.0976	0.0938	0.0921	0.0922	0.0935	0.0939	0.0927	
0.2121	0.2009	0.1951	0.1572	0.1131	0.1080	0.1016	0.0984	0.1982	0.2077	0.1940	0.1499	0.1067	0.1003	0.0973	0.0942	0.1962	0.1947	0.1735	0.1267	0.0962	0.0979	0.0958	0.0936	0.1904	0.1761	0.1627	0.1163	0.0931	0.0967	0.0950	0.0943	0.1423	0.1316	0.1259	0.0991	0.0980	0.0932	0.0946	0.0937	0.1228	0.1084	0.0998	0.0934	0.0913	0.0938	0.0929	0.0934	0.1049	0.1020	0.0945	0.0928	0.0918	0.0927	0.0943	0.0924	0.1025	0.0980	0.0940	0.0916	0.0915	0.0937	0.0941	0.0941	
0.2243	0.2109	0.2051	0.1647	0.1145	0.1101	0.1003	0.0952	0.2103	0.2165	0.2045	0.1570	0.1083	0.1016	0.0959	0.0944	0.2054	0.2053	0.1808	0.1310	0.0961	0.0971	0.0946	0.0944	0.1980	0.1892	0.1720	0.1197	0.0926	0.0963	0.0954	0.0958	0.1456	0.1351	0.1285	0.0992	0.0985	0.0936	0.0931	0.0919	0.1265	0.1083	0.1009	0.0931	0.0918	0.0931	0.0933	0.0921	0.1051	0.1019	0.0954	0.0921	0.0922	0.0922	0.0950	0.0913	0.1027	0.0983	0.0945	0.0926	0.0920	0.0940	0.0933	0.0936	
0.2448	0.2304	0.2226	0.1746	0.1194	0.1134	0.1015	0.0990	0.2282	0.2357	0.2174	0.1639	0.1110	0.1044	0.0973	0.0968	0.2224	0.2234	0.1949	0.1356	0.0964	0.0999	0.0971	0.0951	0.2134	0.2013	0.1824	0.1236	0.0927	0.0979	0.0957	0.0968	0.1523	0.1380	0.1338	0.0999	0.0981	0.0957	0.0961	0.0955	0.1281	0.1111	0.1003	0.0935	0.0911	0.0962	0.0934	0.0952	0.1054	0.1025	0.0946	0.0920	0.0913	0.0936	0.0953	0.0938	0.1041	0.0988	0.0937	0.0923	0.0916	0.0963	0.0931	0.0945	
0.2676	0.2507	0.2408	0.1849	0.1221	0.1139	0.1016	0.0986	0.2470	0.2536	0.2372	0.1754	0.1149	0.1037	0.0982	0.0921	0.2418	0.2402	0.2112	0.1409	0.0973	0.0994	0.0950	0.0952	0.2300	0.2139	0.1922	0.1261	0.0932	0.0955	0.0955	0.0943	0.1602	0.1422	0.1379	0.0996	0.1062	0.0934	0.0947	0.0927	0.1323	0.1115	0.1020	0.0933	0.0919	0.0946	0.0943	0.0932	0.1081	0.1042	0.0956	0.0922	0.0919	0.0922	0.0946	0.0939	0.1048	0.1003	0.0951	0.0956	0.0930	0.0939	0.0936	0.0920	
0.2825	0.2646	0.2541	0.1957	0.1234	0.1156	0.1025	0.0982	0.2641	0.2710	0.2515	0.1852	0.1147	0.1034	0.0982	0.0957	0.2557	0.2585	0.2226	0.1479	0.0972	0.0997	0.0940	0.0947	0.2451	0.2296	0.2070	0.1286	0.0935	0.0985	0.0945	0.0958	0.1664	0.1487	0.1429	0.1005	0.0971	0.0952	0.0966	0.0917	0.1336	0.1115	0.1014	0.0928	0.0915	0.0945	0.0950	0.0929	0.1078	0.1047	0.0947	0.0918	0.0921	0.0953	0.0955	0.0936	0.1080	0.0989	0.0939	0.0921	0.0914	0.0947	0.0934	0.0947	
0.3066	0.2899	0.2757	0.2103	0.1291	0.1209	0.1045	0.0997	0.2843	0.2949	0.2740	0.2001	0.1188	0.1056	0.0980	0.0948	0.2761	0.2803	0.2431	0.1558	0.0982	0.1012	0.0971	0.0957	0.2601	0.2437	0.2179	0.1344	0.0940	0.0984	0.0969	0.0962	0.1718	0.1534	0.1491	0.1012	0.0971	0.0975	0.0961	0.0944	0.1369	0.1133	0.1016	0.0929	0.0915	0.0958	0.0958	0.0940	0.1105	0.1048	0.0956	0.0925	0.0932	0.0943	0.0952	0.0949	0.1052	0.1011	0.0963	0.0924	0.0920	0.0968	0.0937	0.0943	
0.3291	0.3135	0.2994	0.2271	0.1316	0.1244	0.1050	0.0988	0.3082	0.3209	0.2959	0.2144	0.1229	0.1042	0.0991	0.0934	0.3053	0.3042	0.2615	0.1643	0.0995	0.0991	0.0927	0.0947	0.2852	0.2647	0.2355	0.1413	0.0935	0.1027	0.0957	0.0952	0.1818	0.1600	0.1569	0.1020	0.0993	0.0958	0.0955	0.0923	0.1433	0.1152	0.1030	0.0937	0.0920	0.0950	0.0938	0.0942	0.1103	0.1056	0.0958	0.0927	0.0924	0.0936	0.0944	0.0930	0.1072	0.1004	0.0941	0.0924	0.0917	0.0944	0.0940	0.0951	
0.3595	0.3396	0.3220	0.2410	0.1390	0.1263	0.1054	0.0991	0.3348	0.3416	0.3177	0.2273	0.1245	0.1075	0.0989	0.0965	0.3251	0.3236	0.2839	0.1733	0.0983	0.1014	0.0969	0.0946	0.3013	0.2826	0.2519	0.1429	0.0948	0.1002	0.0956	0.0959	0.1921	0.1659	0.1613	0.1051	0.0979	0.0942	0.0956	0.0935	0.1491	0.1168	0.1030	0.0935	0.0914	0.0945	0.0960	0.0923	0.1128	0.1078	0.0961	0.0931	0.0935	0.0935	0.0956	0.0939	0.1075	0.1011	0.0960	0.0929	0.0933	0.0939	0.0939	0.0956	
0.3843	0.3646	0.3398	0.2621	0.1440	0.1290	0.1057	0.1000	0.3593	0.3700	0.3395	0.2433	0.1295	0.1095	0.0993	0.0966	0.3549	0.3513	0.3048	0.1852	0.0995	0.1029	0.0955	0.0957	0.3295	0.3018	0.2659	0.1484	0.0946	0.1000	0.0962	0.0970	0.2022	0.1724	0.1700	0.1047	0.0976	0.0959	0.0948	0.0950	0.1481	0.1196	0.1041	0.0936	0.0931	0.0959	0.0958	0.0948	0.1141	0.1080	0.0966	0.0935	0.0934	0.0942	0.0950	0.0945	0.1083	0.1015	0.0958	0.0933	0.0918	0.0938	0.0955	0.0937	
0.4157	0.3959	0.3728	0.2806	0.1514	0.1340	0.1073	0.1001	0.3894	0.4005	0.3679	0.2625	0.1347	0.1132	0.1014	0.0979	0.3831	0.3802	0.3302	0.1961	0.1004	0.1072	0.0985	0.0977	0.3590	0.3231	0.2852	0.1574	0.0946	0.1009	0.0992	0.0964	0.2141	0.1826	0.1790	0.1023	0.0984	0.0981	0.0983	0.0977	0.1550	0.1193	0.1030	0.0932	0.0916	0.0979	0.0988	0.0963	0.1149	0.1079	0.0954	0.0926	0.0912	0.0962	0.1000	0.0975	0.1093	0.1008	0.0944	0.0926	0.0920	0.0972	0.0970	0.0975	
0.4382	0.4170	0.3969	0.3049	0.1552	0.1376	0.1095	0.1015	0.4235	0.4245	0.3966	0.2834	0.1381	0.1131	0.1020	0.0988	0.4111	0.4034	0.3450	0.2078	0.1003	0.1057	0.0994	0.0987	0.3831	0.3506	0.3104	0.1658	0.0943	0.1044	0.1007	0.0983	0.2234	0.1869	0.1848	0.1033	0.1032	0.0993	0.0983	0.0981	0.1593	0.1185	0.1046	0.0937	0.0918	0.0981	0.0995	0.0971	0.1152	0.1080	0.0955	0.0919	0.0908	0.0989	0.0967	0.0977	0.1101	0.1015	0.0945	0.0919	0.0915	0.0948	0.0975	0.0975	
0.4700	0.4454	0.4221	0.3233	0.1632	0.1429	0.1102	0.1019	0.4486	0.4475	0.4232	0.3065	0.1439	0.1148	0.1016	0.0966	0.4416	0.4302	0.3752	0.2242	0.1009	0.1035	0.0977	0.0961	0.4024	0.3698	0.3295	0.1745	0.0949	0.0990	0.0971	0.0972	0.2360	0.1951	0.1987	0.1042	0.1006	0.0935	0.0959	0.0955	0.1649	0.1220	0.1041	0.0934	0.0919	0.0960	0.0952	0.0933	0.1168	0.1090	0.0965	0.0929	0.0913	0.0928	0.0959	0.0944	0.1117	0.1016	0.0945	0.0918	0.0916	0.0946	0.0942	0.0950	
0.4989	0.4735	0.4510	0.3531	0.1694	0.1477	0.1109	0.1019	0.4785	0.4865	0.4583	0.3350	0.1501	0.1141	0.0989	0.0947	0.4642	0.4543	0.3995	0.2401	0.1014	0.1050	0.0965	0.0950	0.4367	0.3963	0.3539	0.1836	0.0947	0.0987	0.0955	0.0952	0.2482	0.2037	0.2074	0.1041	0.0993	0.0946	0.0951	0.0936	0.1682	0.1239	0.1051	0.0930	0.0920	0.0934	0.0933	0.0930	0.1184	0.1099	0.0958	0.0918	0.0915	0.0941	0.0937	0.0930	0.1112	0.1025	0.0948	0.0929	0.0929	0.0931	0.0922	0.0920	
0.5283	0.5040	0.4780	0.3753	0.1812	0.1542	0.1132	0.1002	0.5120	0.5035	0.4752	0.3481	0.1586	0.1161	0.1000	0.0971	0.4917	0.4810	0.4234	0.2536	0.1028	0.1067	0.0984	0.0965	0.4590	0.4264	0.3810	0.1957	0.0949	0.1021	0.0986	0.0967	0.2654	0.2135	0.2196	0.1065	0.1057	0.0977	0.0935	0.0949	0.1771	0.1263	0.1056	0.0940	0.0921	0.0952	0.0964	0.0933	0.1203	0.1108	0.0978	0.0927	0.0920	0.0928	0.0926	0.0935	0.1127	0.1034	0.0953	0.0923	0.0929	0.0934	0.0980	0.1009	
0.5578	0.5240	0.5063	0.3988	0.1953	0.1600	0.1137	0.1024	0.5385	0.5331	0.5016	0.3787	0.1662	0.1182	0.1037	0.0960	0.5327	0.5149	0.4585	0.2737	0.1041	0.1059	0.0964	0.0945	0.4838	0.4485	0.4022	0.2083	0.0960	0.0993	0.0943	0.0959	0.2737	0.2256	0.2345	0.1068	0.1008	0.0968	0.0917	0.0909	0.1823	0.1293	0.1058	0.0940	0.0927	0.0946	0.0941	0.0914	0.1230	0.1141	0.0973	0.0931	0.0928	0.0906	0.0933	0.0914	0.1137	0.1046	0.0959	0.0935	0.0923	0.0924	0.0913	0.0921	
0.5737	0.5463	0.5231	0.4234	0.2022	0.1647	0.1115	0.0978	0.5663	0.5569	0.5263	0.4042	0.1736	0.1156	0.0985	0.0932	0.5586	0.5451	0.4821	0.2936	0.1039	0.1055	0.0966	0.0902	0.5119	0.4792	0.4291	0.2186	0.0959	0.0985	0.0933	0.0947	0.2987	0.2367	0.2475	0.1080	0.0987	0.0911	0.0898	0.0901	0.1875	0.1296	0.1080	0.0943	0.0926	0.0912	0.0908	0.0890	0.1236	0.1124	0.0973	0.0928	0.0917	0.0902	0.0904	0.0901	0.1136	0.1041	0.0954	0.0919	0.0927	0.0905	0.0902	0.0911	
0.6011	0.5739	0.5523	0.4575	0.2181	0.1725	0.1164	0.1007	0.5905	0.5875	0.5581	0.4343	0.1840	0.1231	0.1026	0.0956	0.5747	0.5714	0.5163	0.3186	0.1052	0.1087	0.0961	0.0957	0.5482	0.5102	0.4602	0.2369	0.0969	0.1016	0.0976	0.0969	0.3172	0.2507	0.2644	0.1091	0.1010	0.0952	0.0949	0.0946	0.1969	0.1316	0.1070	0.0930	0.0923	0.0948	0.0937	0.0935	0.1253	0.1132	0.0971	0.0938	0.0928	0.0913	0.0922	0.0919	0.1152	0.1044	0.0961	0.0916	0.0920	0.0938	0.0919	0.0925	
0.6280	0.5940	0.5717	0.4789	0.2328	0.1835	0.1208	0.1027	0.6156	0.6166	0.5788	0.4594	0.1958	0.1274	0.1040	0.0985	0.5982	0.5878	0.5295	0.3386	0.1069	0.1120	0.0984	0.0945	0.5824	0.5299	0.4792	0.2466	0.0959	0.1039	0.0983	0.0975	0.3319	0.2578	0.2801	0.1099	0.1069	0.0978	0.0977	0.0931	0.2018	0.1350	0.1091	0.0943	0.0925	0.0957	0.0972	0.0947	0.1263	0.1133	0.0961	0.0926	0.0916	0.0955	0.0955	0.0942	0.1177	0.1046	0.0950	0.0929	0.0917	0.0928	0.0935	0.0926	
0.6469	0.6056	0.5904	0.4993	0.2478	0.1968	0.1190	0.1023	0.6398	0.6347	0.6003	0.4827	0.2065	0.1310	0.1058	0.0980	0.6351	0.6175	0.5639	0.3629	0.1075	0.1141	0.1000	0.0977	0.6038	0.5601	0.5043	0.2665	0.0968	0.1073	0.0999	0.0983	0.3533	0.2738	0.2989	0.1118	0.1006	0.0972	0.0991	0.0970	0.2126	0.1355	0.1096	0.0937	0.0926	0.0985	0.0999	0.0974	0.1309	0.1171	0.0979	0.0936	0.0924	0.0983	0.0962	0.0952	0.1167	0.1062	0.0956	0.0927	0.0922	0.0969	0.0963	0.0959	
0.6746	0.6417	0.6181	0.5267	0.2727	0.2041	0.1217	0.1018	0.6696	0.6671	0.6227	0.5149	0.2199	0.1320	0.1044	0.0969	0.6685	0.6418	0.5852	0.3921	0.1097	0.1130	0.0954	0.0946	0.6242	0.5821	0.5335	0.2826	0.0975	0.1071	0.0980	0.0946	0.3753	0.2869	0.3164	0.1115	0.1037	0.0950	0.0961	0.0906	0.2222	0.1387	0.1107	0.0947	0.0925	0.0944	0.0943	0.0924	0.1328	0.1183	0.0977	0.0928	0.0928	0.0932	0.0933	0.0917	0.1191	0.1062	0.0956	0.0928	0.0924	0.0912	0.0897	0.0906	
0.6910	0.6616	0.6380	0.5519	0.2885	0.2177	0.1253	0.1052	0.6909	0.6846	0.6496	0.5432	0.2360	0.1383	0.1039	0.0968	0.6905	0.6745	0.6134	0.4176	0.1110	0.1205	0.0994	0.0965	0.6578	0.6175	0.5678	0.3062	0.0979	0.1039	0.0955	0.0957	0.3977	0.3013	0.3353	0.1131	0.1015	0.0953	0.0948	0.0940	0.2277	0.1412	0.1099	0.0936	0.0922	0.0936	0.0959	0.0952	0.1326	0.1179	0.0984	0.0934	0.0930	0.0942	0.0943	0.0928	0.1215	0.1065	0.0958	0.0929	0.0923	0.0956	0.0947	0.0951	
0.7095	0.6808	0.6622	0.5740	0.3072	0.2336	0.1273	0.1015	0.7142	0.7057	0.6761	0.5660	0.2542	0.1421	0.1050	0.0982	0.7073	0.6851	0.6278	0.4424	0.1123	0.1185	0.0984	0.0965	0.6763	0.6320	0.5879	0.3270	0.0979	0.1062	0.0975	0.0974	0.4141	0.3156	0.3538	0.1144	0.0968	0.0963	0.0960	0.0910	0.2393	0.1431	0.1116	0.0939	0.0923	0.0956	0.0940	0.0925	0.1357	0.1189	0.0979	0.0930	0.0928	0.0935	0.0951	0.0933	0.1212	0.1087	0.0952	0.0927	0.0916	0.0925	0.0926	0.0926	
0.7324	0.7052	0.6922	0.5994	0.3363	0.2474	0.1303	0.1031	0.7372	0.7303	0.7032	0.5907	0.2704	0.1465	0.1044	0.0976	0.7427	0.7131	0.6484	0.4727	0.1137	0.1199	0.0985	0.0968	0.7045	0.6546	0.6073	0.3404	0.0982	0.1068	0.0984	0.0947	0.4372	0.3310	0.3766	0.1166	0.1024	0.0970	0.0961	0.0952	0.2494	0.1466	0.1121	0.0941	0.0920	0.0968	0.0962	0.0950	0.1387	0.1198	0.0980	0.0936	0.0923	0.0950	0.0946	0.0932	0.1227	0.1076	0.0963	0.0924	0.0916	0.0937	0.0941	0.0949	
0.7426	0.7061	0.7022	0.6161	0.3597	0.2641	0.1351	0.1052	0.7512	0.7334	0.7162	0.6092	0.2880	0.1536	0.1058	0.0968	0.7487	0.7249	0.6676	0.4953	0.1155	0.1227	0.0975	0.0965	0.7301	0.6785	0.6347	0.3664	0.0983	0.1073	0.0972	0.0955	0.4627	0.3516	0.4029	0.1185	0.1013	0.0971	0.0967	0.0934	0.2654	0.1491	0.1135	0.0939	0.0929	0.0954	0.0959	0.0931	0.1405	0.1230	0.0990	0.0933	0.0922	0.0932	0.0946	0.0932	0.1230	0.1086	0.0961	0.0927	0.0924	0.0948	0.0922	0.0930	
0.7562	0.7214	0.7152	0.6418	0.3911	0.2841	0.1384	0.1057	0.7573	0.7436	0.7335	0.6307	0.3110	0.1618	0.1076	0.0974	0.7610	0.7290	0.6933	0.5248	0.1176	0.1265	0.0998	0.0960	0.7558	0.6976	0.6625	0.3887	0.0992	0.1077	0.0980	0.0953	0.4881	0.3669	0.4263	0.1201	0.1036	0.0978	0.0977	0.0949	0.2732	0.1517	0.1141	0.0943	0.0922	0.0953	0.0926	0.0929	0.1441	0.1241	0.0999	0.0941	0.0925	0.0929	0.0926	0.0889	0.1270	0.1088	0.0967	0.0930	0.0920	0.0944	0.0942	0.0943	
0.7497	0.7138	0.7139	0.6566	0.4033	0.3068	0.1456	0.1074	0.7557	0.7429	0.7277	0.6570	0.3328	0.1689	0.1098	0.0989	0.7570	0.7287	0.7099	0.5466	0.1208	0.1298	0.1008	0.0976	0.7604	0.7178	0.6843	0.4198	0.0991	0.1108	0.0992	0.0983	0.5140	0.3836	0.4439	0.1222	0.1027	0.0990	0.0970	0.0950	0.2809	0.1540	0.1151	0.0949	0.0934	0.0978	0.0972	0.0949	0.1435	0.1263	0.0987	0.0930	0.0920	0.0951	0.0939	0.0926	0.1267	0.1094	0.0957	0.0921	0.0915	0.0929	0.0944	0.0931	
0.7531	0.7177	0.7134	0.6726	0.4295	0.3273	0.1480	0.1058	0.7583	0.7401	0.7315	0.6751	0.3518	0.1758	0.1059	0.0974	0.7620	0.7339	0.7125	0.5679	0.1215	0.1321	0.0980	0.0955	0.7658	0.7281	0.6984	0.4460	0.0996	0.1107	0.0995	0.0959	0.5315	0.4011	0.4671	0.1243	0.0875	0.0985	0.0971	0.0936	0.3006	0.1591	0.1169	0.0950	0.0923	0.0950	0.0944	0.0927	0.1468	0.1257	0.0998	0.0932	0.0918	0.0950	0.0945	0.0927	0.1264	0.1094	0.0954	0.0928	0.0920	0.0944	0.0932	0.0911	
0.7613	0.7282	0.7314	0.7008	0.4718	0.3479	0.1535	0.1090	0.7714	0.7595	0.7446	0.7041	0.3810	0.1845	0.1088	0.0996	0.7606	0.7456	0.7240	0.5988	0.1258	0.1356	0.1005	0.0981	0.7790	0.7499	0.7213	0.4788	0.1003	0.1116	0.1003	0.0985	0.5615	0.4162	0.4929	0.1255	0.1115	0.0985	0.0969	0.0955	0.3087	0.1614	0.1173	0.0942	0.0930	0.0961	0.0954	0.0938	0.1512	0.1265	0.0998	0.0932	0.0920	0.0963	0.0958	0.0955	0.1301	0.1105	0.0962	0.0928	0.0928	0.0939	0.0946	0.0950	
0.7636	0.7262	0.7304	0.7105	0.4962	0.3695	0.1591	0.1091	0.7688	0.7548	0.7407	0.7239	0.4035	0.1953	0.1122	0.0967	0.7652	0.7420	0.7239	0.6180	0.1308	0.1371	0.1006	0.0970	0.7774	0.7574	0.7364	0.5018	0.1020	0.1133	0.0994	0.0954	0.5756	0.4422	0.5190	0.1308	0.1089	0.0962	0.0936	0.0903	0.3265	0.1665	0.1197	0.0950	0.0923	0.0973	0.0985	0.0947	0.1544	0.1316	0.1005	0.0936	0.0923	0.0972	0.0949	0.0921	0.1320	0.1117	0.0955	0.0925	0.0930	0.0924	0.0930	0.0906	
0.7630	0.7210	0.7209	0.7131	0.5081	0.3914	0.1644	0.1083	0.7685	0.7469	0.7390	0.7286	0.4287	0.2030	0.1104	0.0959	0.7667	0.7388	0.7245	0.6449	0.1328	0.1428	0.0980	0.0939	0.7808	0.7581	0.7423	0.5268	0.1015	0.1109	0.0982	0.0947	0.5915	0.4567	0.5383	0.1324	0.1052	0.0980	0.0951	0.0914	0.3345	0.1689	0.1201	0.0943	0.0924	0.0967	0.0943	0.0933	0.1567	0.1318	0.0984	0.0934	0.0929	0.0912	0.0926	0.0911	0.1343	0.1108	0.0955	0.0919	0.0924	0.0931	0.0920	0.0911	
0.7621	0.7307	0.7244	0.7201	0.5355	0.4176	0.1717	0.1107	0.7627	0.7486	0.7407	0.7387	0.4523	0.2143	0.1125	0.0983	0.7694	0.7409	0.7235	0.6653	0.1381	0.1494	0.1010	0.0966	0.7831	0.7658	0.7507	0.5501	0.1030	0.1130	0.0995	0.0977	0.6130	0.4652	0.5530	0.1355	0.1064	0.0976	0.0971	0.0953	0.3503	0.1740	0.1212	0.0948	0.0933	0.0969	0.0959	0.0950	0.1586	0.1311	0.0996	0.0933	0.0922	0.0943	0.0942	0.0934	0.1322	0.1130	0.0967	0.0922	0.0927	0.0950	0.0916	0.0937	
0.7654	0.7294	0.7287	0.7223	0.5569	0.4328	0.1805	0.1093	0.7701	0.7487	0.7407	0.7432	0.4745	0.2247	0.1137	0.0983	0.7697	0.7477	0.7367	0.6953	0.1423	0.1534	0.1001	0.0974	0.7763	0.7617	0.7556	0.5793	0.1036	0.1164	0.0980	0.0980	0.6514	0.4950	0.5874	0.1389	0.1042	0.0986	0.0984	0.0952	0.3640	0.1786	0.1239	0.0951	0.0928	0.0960	0.0952	0.0939	0.1644	0.1335	0.1002	0.0944	0.0930	0.0937	0.0949	0.0910	0.1355	0.1113	0.0966	0.0924	0.0919	0.0941	0.0931	0.0939	
0.7728	0.7347	0.7336	0.7303	0.5836	0.4612	0.1879	0.1142	0.7774	0.7612	0.7471	0.7457	0.5122	0.2418	0.1168	0.0977	0.7793	0.7431	0.7284	0.7016	0.1451	0.1628	0.1028	0.0967	0.7890	0.7674	0.7567	0.5989	0.1041	0.1181	0.0989	0.0978	0.6730	0.5127	0.6019	0.1419	0.1071	0.0978	0.0985	0.0935	0.3846	0.1808	0.1237	0.0943	0.0940	0.0965	0.0948	0.0923	0.1692	0.1349	0.0995	0.0932	0.0924	0.0945	0.0964	0.0930	0.1366	0.1140	0.0961	0.0931	0.0920	0.0933	0.0935	0.0925	
0.7636	0.7304	0.7318	0.7269	0.6018	0.4866	0.1958	0.1147	0.7689	0.7572	0.7428	0.7494	0.5277	0.2576	0.1191	0.0974	0.7729	0.7531	0.7360	0.7151	0.1530	0.1638	0.1015	0.0965	0.7871	0.7772	0.7631	0.6275	0.1049	0.1180	0.0994	0.0968	0.6938	0.5248	0.6307	0.1470	0.1057	0.0977	0.0958	0.0936	0.4042	0.1858	0.1256	0.0939	0.0926	0.0948	0.0950	0.0935	0.1709	0.1376	0.1005	0.0934	0.0919	0.0936	0.0956	0.0921	0.1404	0.1140	0.0960	0.0920	0.0920	0.0934	0.0929	0.0927	
0.7681	0.7379	0.7371	0.7342	0.6249	0.5037	0.2077	0.1141	0.7811	0.7606	0.7480	0.7519	0.5546	0.2746	0.1207	0.1005	0.7711	0.7590	0.7417	0.7335	0.1577	0.1743	0.1038	0.0975	0.7924	0.7701	0.7594	0.6625	0.1047	0.1228	0.1025	0.0986	0.7247	0.5520	0.6392	0.1510	0.1068	0.1003	0.0977	0.0952	0.4251	0.1929	0.1274	0.0954	0.0938	0.0967	0.0969	0.0937	0.1756	0.1403	0.1020	0.0939	0.0926	0.0961	0.0972	0.0939	0.1441	0.1148	0.0968	0.0925	0.0918	0.0940	0.0931	0.0934	
0.7711	0.7309	0.7322	0.7320	0.6404	0.5238	0.2235	0.1178	0.7759	0.7598	0.7494	0.7497	0.5852	0.2914	0.1241	0.1029	0.7716	0.7519	0.7399	0.7256	0.1633	0.1836	0.1065	0.1004	0.7877	0.7662	0.7615	0.6867	0.1061	0.1262	0.1034	0.1010	0.7397	0.5717	0.6591	0.1570	0.1104	0.1016	0.1023	0.0964	0.4351	0.1938	0.1293	0.0946	0.0925	0.0985	0.1001	0.0978	0.1773	0.1403	0.1008	0.0939	0.0924	0.0971	0.0988	0.0960	0.1437	0.1142	0.0968	0.0918	0.0921	0.0982	0.0960	0.0967	
0.7765	0.7425	0.7400	0.7360	0.6711	0.5394	0.2281	0.1161	0.7825	0.7679	0.7552	0.7530	0.6096	0.3075	0.1242	0.0998	0.7776	0.7633	0.7426	0.7360	0.1710	0.1920	0.1040	0.0955	0.7970	0.7794	0.7671	0.7103	0.1078	0.1254	0.1006	0.0977	0.7619	0.5847	0.6767	0.1614	0.1109	0.1001	0.0981	0.0941	0.4522	0.2001	0.1320	0.0942	0.0930	0.0943	0.0952	0.0936	0.1862	0.1427	0.1010	0.0943	0.0920	0.0938	0.0984	0.0935	0.1456	0.1161	0.0961	0.0925	0.0921	0.0940	0.0934	0.0927	
0.7766	0.7371	0.7380	0.7424	0.6903	0.5630	0.2436	0.1189	0.7782	0.7714	0.7580	0.7592	0.6383	0.3310	0.1286	0.0993	0.7702	0.7540	0.7392	0.7297	0.1784	0.2001	0.1058	0.0994	0.7993	0.7762	0.7646	0.7240	0.1081	0.1294	0.1029	0.1001	0.7714	0.6017	0.6885	0.1681	0.1071	0.1019	0.0995	0.0956	0.4769	0.2060	0.1336	0.0948	0.0936	0.0968	0.0972	0.0925	0.1866	0.1452	0.1018	0.0939	0.0925	0.0947	0.0991	0.0939	0.1474	0.1185	0.0976	0.0929	0.0926	0.0954	0.0950	0.0942	
0.7776	0.7342	0.7382	0.7344	0.7052	0.5886	0.2656	0.1222	0.7809	0.7662	0.7532	0.7526	0.6546	0.3540	0.1309	0.1020	0.7837	0.7663	0.7484	0.7364	0.1876	0.2142	0.1090	0.0999	0.7936	0.7796	0.7679	0.7433	0.1098	0.1319	0.1045	0.1006	0.7830	0.6154	0.7084	0.1718	0.1115	0.1024	0.1003	0.0981	0.4931	0.2108	0.1360	0.0954	0.0941	0.0973	0.0977	0.0952	0.1945	0.1467	0.1015	0.0942	0.0929	0.0958	0.1006	0.0947	0.1488	0.1177	0.0968	0.0923	0.0925	0.0941	0.0923	0.0931	
0.7771	0.7419	0.7399	0.7387	0.7170	0.6116	0.2820	0.1245	0.7812	0.7676	0.7542	0.7534	0.6722	0.3747	0.1320	0.1005	0.7905	0.7650	0.7484	0.7384	0.1991	0.2246	0.1058	0.0988	0.7980	0.7795	0.7737	0.7499	0.1115	0.1341	0.1017	0.0986	0.7885	0.6384	0.7093	0.1793	0.1130	0.0995	0.0973	0.0936	0.5131	0.2157	0.1376	0.0957	0.0931	0.0959	0.0978	0.0960	0.1936	0.1488	0.1019	0.0936	0.0924	0.0977	0.1014	0.0941	0.1528	0.1192	0.0973	0.0930	0.0920	0.0959	0.0927	0.0942	
0.7833	0.7457	0.7458	0.7402	0.7284	0.6349	0.3011	0.1244	0.7872	0.7732	0.7645	0.7591	0.7023	0.4010	0.1363	0.1032	0.7803	0.7636	0.7460	0.7343	0.2048	0.2427	0.1078	0.0995	0.8029	0.7830	0.7758	0.7507	0.1122	0.1379	0.1028	0.1005	0.7869	0.6517	0.7216	0.1893	0.1103	0.1032	0.0980	0.0946	0.5246	0.2249	0.1410	0.0968	0.0930	0.0973	0.0983	0.0944	0.2034	0.1523	0.1018	0.0951	0.0928	0.0940	0.1011	0.0932	0.1531	0.1201	0.0959	0.0924	0.0922	0.0958	0.0976	0.1025	
0.7772	0.7441	0.7456	0.7364	0.7249	0.6469	0.3139	0.1247	0.7816	0.7702	0.7609	0.7586	0.7139	0.4234	0.1393	0.1025	0.7808	0.7626	0.7498	0.7370	0.2159	0.2520	0.1069	0.0994	0.7989	0.7810	0.7716	0.7469	0.1144	0.1421	0.1038	0.0996	0.7918	0.6732	0.7270	0.1979	0.1108	0.1012	0.0993	0.0967	0.5452	0.2311	0.1434	0.0954	0.0934	0.0980	0.0976	0.0951	0.2087	0.1562	0.1027	0.0941	0.0922	0.0941	0.1023	0.0940	0.1558	0.1213	0.0973	0.0928	0.0918	0.0945	0.0940	0.0941	
0.7836	0.7543	0.7538	0.7424	0.7311	0.6652	0.3337	0.1276	0.7818	0.7773	0.7661	0.7634	0.7271	0.4479	0.1421	0.1014	0.7892	0.7658	0.7510	0.7328	0.2269	0.2672	0.1104	0.1002	0.8014	0.7799	0.7729	0.7548	0.1158	0.1469	0.1048	0.0986	0.7945	0.6916	0.7318	0.2075	0.1151	0.1037	0.1011	0.0982	0.5580	0.2395	0.1491	0.0952	0.0943	0.0983	0.0978	0.0944	0.2143	0.1596	0.1028	0.0953	0.0929	0.0945	0.1072	0.0967	0.1585	0.1228	0.0977	0.0932	0.0924	0.0951	0.0927	0.0939	
0.7897	0.7548	0.7559	0.7488	0.7400	0.6790	0.3595	0.1312	0.7952	0.7892	0.7716	0.7701	0.7370	0.4731	0.1521	0.1053	0.7954	0.7772	0.7576	0.7452	0.2432	0.2852	0.1108	0.1010	0.8100	0.7911	0.7827	0.7587	0.1188	0.1508	0.1054	0.0996	0.7923	0.7030	0.7224	0.2144	0.1152	0.1034	0.1016	0.0980	0.5859	0.2475	0.1500	0.0960	0.0939	0.0992	0.0974	0.0952	0.2231	0.1629	0.1031	0.0952	0.0922	0.0965	0.1077	0.0934	0.1615	0.1235	0.0979	0.0934	0.0919	0.0953	0.0941	0.0944	
0.7860	0.7552	0.7538	0.7502	0.7334	0.6800	0.3820	0.1338	0.7898	0.7788	0.7708	0.7705	0.7318	0.4981	0.1517	0.1041	0.7937	0.7749	0.7582	0.7481	0.2580	0.3012	0.1121	0.1013	0.8112	0.7915	0.7802	0.7607	0.1205	0.1569	0.1062	0.1025	0.8004	0.7250	0.7294	0.2295	0.1150	0.1040	0.1027	0.0984	0.6019	0.2508	0.1551	0.0957	0.0946	0.0986	0.1004	0.0960	0.2257	0.1651	0.1038	0.0942	0.0924	0.0957	0.1110	0.0949	0.1662	0.1247	0.0975	0.0934	0.0924	0.0967	0.0938	0.0946	
0.7891	0.7582	0.7613	0.7527	0.7416	0.6850	0.4019	0.1355	0.7957	0.7849	0.7721	0.7735	0.7429	0.5232	0.1579	0.1053	0.7965	0.7795	0.7665	0.7476	0.2748	0.3184	0.1136	0.1011	0.8104	0.7919	0.7851	0.7637	0.1230	0.1600	0.1057	0.1010	0.7963	0.7342	0.7284	0.2387	0.1162	0.1049	0.1009	0.0969	0.6250	0.2646	0.1573	0.0971	0.0937	0.1009	0.0993	0.0955	0.2352	0.1699	0.1046	0.0950	0.0926	0.0987	0.1138	0.0932	0.1686	0.1266	0.0978	0.0928	0.0919	0.0941	0.0947	0.0935	
0.7988	0.7635	0.7619	0.7543	0.7423	0.6913	0.4275	0.1388	0.8034	0.7923	0.7788	0.7766	0.7432	0.5394	0.1600	0.1037	0.7942	0.7826	0.7639	0.7512	0.2953	0.3436	0.1127	0.0994	0.8185	0.7944	0.7877	0.7647	0.1264	0.1652	0.1052	0.1013	0.8037	0.7438	0.7317	0.2519	0.1211	0.1046	0.1000	0.0959	0.6440	0.2746	0.1613	0.0970	0.0943	0.0971	0.0973	0.0943	0.2450	0.1719	0.1049	0.0955	0.0927	0.0945	0.1180	0.0932	0.1721	0.1288	0.0988	0.0927	0.0932	0.0938	0.0929	0.0931	
0.7969	0.7581	0.7615	0.7511	0.7401	0.6922	0.4431	0.1436	0.8028	0.7820	0.7781	0.7763	0.7398	0.5621	0.1701	0.1046	0.7913	0.7821	0.7679	0.7535	0.3138	0.3610	0.1146	0.1015	0.8141	0.7950	0.7891	0.7642	0.1273	0.1724	0.1065	0.1015	0.8068	0.7445	0.7356	0.2669	0.1196	0.1052	0.1020	0.0973	0.6578	0.2802	0.1665	0.0969	0.0944	0.0980	0.0983	0.0946	0.2444	0.1752	0.1050	0.0961	0.0936	0.0959	0.1241	0.0941	0.1738	0.1283	0.0994	0.0938	0.0925	0.0941	0.0934	0.0943	
0.7971	0.7653	0.7637	0.7598	0.7386	0.6954	0.4683	0.1492	0.7999	0.7882	0.7803	0.7763	0.7370	0.5861	0.1766	0.1062	0.7955	0.7849	0.7688	0.7543	0.3356	0.3825	0.1163	0.1012	0.8165	0.7976	0.7875	0.7705	0.1307	0.1830	0.1087	0.1018	0.8069	0.7403	0.7337	0.2830	0.1240	0.1066	0.1033	0.0980	0.6813	0.2854	0.1698	0.0974	0.0948	0.0987	0.0995	0.0959	0.2539	0.1770	0.1054	0.0965	0.0936	0.0959	0.1320	0.0944	0.1767	0.1296	0.0989	0.0931	0.0927	0.0949	0.0942	0.0954	
0.7976	0.7708	0.7684	0.7607	0.7438	0.6943	0.4948	0.1519	0.7982	0.7893	0.7820	0.7807	0.7422	0.6028	0.1848	0.1066	0.8108	0.7845	0.7670	0.7514	0.3497	0.4039	0.1179	0.1039	0.8205	0.7975	0.7859	0.7682	0.1319	0.1875	0.1082	0.1040	0.8104	0.7446	0.7334	0.2984	0.1222	0.1069	0.1033	0.0991	0.7054	0.2938	0.1756	0.0954	0.0933	0.1004	0.0997	0.0959	0.2595	0.1788	0.1067	0.0948	0.0926	0.0965	0.1392	0.0962	0.1804	0.1302	0.0975	0.0922	0.0918	0.0958	0.0936	0.0942	
0.7987	0.7649	0.7624	0.7570	0.7354	0.6936	0.5078	0.1553	0.8025	0.7917	0.7778	0.7773	0.7352	0.6227	0.1897	0.1094	0.8095	0.7888	0.7753	0.7629	0.3813	0.4239	0.1165	0.1011	0.8191	0.8007	0.7911	0.7761	0.1388	0.1964	0.1087	0.1021	0.8061	0.7406	0.7318	0.3163	0.1221	0.1060	0.1017	0.0979	0.7215	0.3023	0.1811	0.0970	0.0938	0.1003	0.0979	0.0943	0.2676	0.1841	0.1064	0.0954	0.0942	0.0967	0.1457	0.0919	0.1859	0.1317	0.0994	0.0944	0.0934	0.0974	0.1002	0.1003	
0.8049	0.7746	0.7709	0.7590	0.7464	0.7051	0.5438	0.1612	0.8106	0.7958	0.7858	0.7856	0.7486	0.6450	0.1947	0.1038	0.8125	0.7945	0.7751	0.7608	0.3984	0.4542	0.1168	0.0981	0.8214	0.8089	0.7977	0.7743	0.1415	0.1979	0.1055	0.0998	0.8104	0.7478	0.7397	0.3421	0.1278	0.1032	0.0989	0.0943	0.7433	0.3209	0.1904	0.0976	0.0943	0.0950	0.0959	0.0914	0.2823	0.1884	0.1075	0.0962	0.0936	0.0923	0.1550	0.0893	0.1903	0.1342	0.0995	0.0929	0.0925	0.0899	0.0897	0.0901	
0.8015	0.7682	0.7679	0.7620	0.7430	0.6959	0.5494	0.1678	0.8080	0.7889	0.7842	0.7822	0.7481	0.6662	0.2122	0.1084	0.8072	0.7878	0.7760	0.7612	0.4264	0.4833	0.1221	0.1040	0.8210	0.7997	0.7971	0.7770	0.1443	0.2151	0.1113	0.1040	0.8118	0.7502	0.7411	0.3589	0.1374	0.1108	0.1043	0.0996	0.7557	0.3257	0.1951	0.0966	0.0941	0.1000	0.1012	0.0963	0.2809	0.1930	0.1066	0.0961	0.0951	0.0979	0.1773	0.0958	0.1890	0.1351	0.0989	0.0938	0.0924	0.0976	0.0949	0.0940	
0.7991	0.7689	0.7714	0.7665	0.7437	0.6955	0.5656	0.1715	0.8095	0.7942	0.7829	0.7856	0.7502	0.6772	0.2217	0.1095	0.8118	0.7895	0.7783	0.7671	0.4499	0.4984	0.1235	0.1034	0.8183	0.8040	0.7981	0.7869	0.1489	0.2264	0.1115	0.1042	0.8091	0.7526	0.7365	0.3756	0.1326	0.1093	0.1050	0.0990	0.7654	0.3336	0.1986	0.0969	0.0940	0.1002	0.1006	0.0965	0.2919	0.1941	0.1077	0.0956	0.0921	0.0978	0.1916	0.0954	0.1942	0.1341	0.0988	0.0933	0.0923	0.0956	0.0949	0.0946	
