0.0861	0.0887	0.0889	0.0916	0.0922	0.0888	0.0952	0.1098	0.0881	0.0881	0.0880	0.0894	0.0967	0.0925	0.0968	0.0957	0.0889	0.0878	0.0909	0.0892	0.1060	0.0901	0.0962	0.0989	0.0940	0.0898	0.0885	0.0972	0.1042	0.0912	0.0946	0.1003	0.0872	0.0898	0.0912	0.0927	0.0930	0.0905	0.0963	0.0914	0.0881	0.0909	0.0883	0.0937	0.0898	0.0913	0.0962	0.1089	0.0875	0.0922	0.0891	0.0940	0.0889	0.0921	0.1015	0.0996	0.0887	0.0971	0.0897	0.0914	0.0900	0.0914	0.0899	0.1046	
0.0887	0.0886	0.0887	0.0928	0.0904	0.0877	0.0929	0.1019	0.0882	0.0880	0.0893	0.0888	0.0962	0.0934	0.0991	0.0891	0.0881	0.0889	0.0901	0.0893	0.1059	0.0889	0.0963	0.1039	0.0945	0.0888	0.0888	0.0953	0.1064	0.0882	0.0917	0.1009	0.0872	0.0887	0.0884	0.0937	0.0948	0.0885	0.0950	0.0895	0.0882	0.0891	0.0872	0.0943	0.0894	0.0883	0.0927	0.1061	0.0885	0.0896	0.0892	0.0948	0.0882	0.0894	0.0979	0.0989	0.0894	0.0896	0.0901	0.0903	0.0895	0.0890	0.0887	0.0967	
0.0883	0.0889	0.0888	0.1086	0.0907	0.0882	0.0948	0.1044	0.1128	0.0892	0.0892	0.0894	0.0974	0.0957	0.0986	0.0908	0.0894	0.0888	0.0903	0.0892	0.1067	0.0906	0.0973	0.1017	0.0945	0.0886	0.0894	0.0953	0.1076	0.0895	0.0934	0.1028	0.0881	0.0896	0.0890	0.0937	0.0952	0.0896	0.0969	0.0907	0.0888	0.0896	0.0882	0.0941	0.0905	0.0891	0.0946	0.1093	0.0887	0.0901	0.0895	0.0963	0.0895	0.0899	0.1016	0.1015	0.0905	0.0904	0.0901	0.0911	0.0904	0.0906	0.0905	0.0988	
0.0877	0.0889	0.0882	0.1108	0.0908	0.0886	0.0958	0.1045	0.1111	0.0884	0.0888	0.0893	0.0978	0.0894	0.1034	0.0905	0.0896	0.0890	0.0915	0.0895	0.1061	0.0908	0.1096	0.1066	0.0948	0.0886	0.0887	0.0952	0.1084	0.0900	0.0953	0.1043	0.0884	0.0897	0.0890	0.0941	0.0959	0.0910	0.0972	0.0912	0.0883	0.0897	0.0883	0.0944	0.0909	0.0902	0.0963	0.1287	0.0887	0.0908	0.0897	0.0971	0.0893	0.0904	0.1028	0.1015	0.0907	0.0897	0.0898	0.0906	0.0901	0.0906	0.0895	0.0993	
0.0874	0.0885	0.0886	0.1077	0.0913	0.0888	0.0993	0.1053	0.1035	0.0886	0.0887	0.0896	0.0980	0.0904	0.1014	0.0897	0.0892	0.0886	0.0905	0.0900	0.1066	0.0902	0.1001	0.1053	0.0943	0.0883	0.0889	0.0950	0.1082	0.0899	0.0943	0.1082	0.0881	0.0891	0.0895	0.0934	0.0966	0.0903	0.0989	0.0886	0.0886	0.0897	0.0881	0.0943	0.0924	0.0930	0.0973	0.1105	0.0885	0.0901	0.0893	0.0963	0.0888	0.0907	0.1024	0.1013	0.0905	0.0896	0.0900	0.0903	0.0898	0.0909	0.0888	0.0996	
0.0881	0.0889	0.0888	0.1073	0.0911	0.0889	0.0978	0.1062	0.1040	0.0889	0.0902	0.0900	0.0980	0.0926	0.0992	0.0921	0.0902	0.0895	0.0908	0.0898	0.1069	0.0908	0.0979	0.1036	0.0945	0.0895	0.0892	0.0954	0.1089	0.0893	0.0962	0.1058	0.0887	0.0894	0.0897	0.0939	0.0964	0.0902	0.0978	0.0936	0.0884	0.0900	0.0886	0.0946	0.0908	0.0920	0.0981	0.1219	0.0886	0.0902	0.0897	0.0984	0.0902	0.0911	0.1019	0.1033	0.0907	0.0900	0.0904	0.0903	0.0905	0.0905	0.0894	0.0991	
0.0887	0.0890	0.0880	0.1135	0.0950	0.0893	0.1001	0.1040	0.1120	0.0893	0.0899	0.0902	0.0994	0.0899	0.1162	0.0925	0.0900	0.0900	0.0912	0.0900	0.1079	0.0915	0.0984	0.1052	0.0951	0.0903	0.0899	0.0968	0.1106	0.0905	0.0962	0.1052	0.0889	0.0898	0.0893	0.0943	0.0973	0.0902	0.0986	0.0918	0.0887	0.0898	0.0883	0.0950	0.0916	0.0972	0.0970	0.1107	0.0892	0.0909	0.0896	0.0989	0.0902	0.0910	0.1024	0.1046	0.0914	0.0899	0.0899	0.0913	0.0912	0.0912	0.0912	0.0988	
0.0890	0.0892	0.0881	0.0943	0.0915	0.0901	0.1045	0.1051	0.0909	0.0898	0.0902	0.0900	0.0984	0.0903	0.1080	0.0904	0.0902	0.0902	0.0915	0.0906	0.1078	0.0910	0.0998	0.1074	0.0955	0.0899	0.0899	0.0958	0.1098	0.0910	0.1025	0.1086	0.0893	0.0904	0.0898	0.0942	0.0971	0.0938	0.0983	0.0904	0.0891	0.0904	0.0890	0.0955	0.0913	0.1048	0.0994	0.1158	0.0899	0.0907	0.0900	0.0994	0.0899	0.0904	0.1056	0.1014	0.0919	0.0907	0.0904	0.0910	0.0908	0.0936	0.0899	0.0986	
0.0895	0.0888	0.0898	0.0951	0.0912	0.0891	0.1072	0.1141	0.0979	0.0894	0.0894	0.0901	0.0985	0.0977	0.0995	0.0911	0.0898	0.0897	0.0913	0.0901	0.1073	0.0906	0.1101	0.1224	0.0950	0.0895	0.0892	0.0957	0.1097	0.0901	0.1032	0.1033	0.0890	0.0900	0.0895	0.0943	0.0970	0.0902	0.0972	0.0919	0.0894	0.0896	0.0886	0.0949	0.0905	0.0957	0.0984	0.1171	0.0895	0.0907	0.0896	0.0985	0.0893	0.0901	0.1089	0.1021	0.0917	0.0903	0.0902	0.0900	0.0906	0.0913	0.0906	0.0978	
0.0896	0.0894	0.0887	0.0974	0.0916	0.0896	0.0977	0.1098	0.0899	0.0897	0.0903	0.0909	0.0989	0.1013	0.1132	0.0938	0.0904	0.0901	0.0914	0.0907	0.1082	0.0917	0.1286	0.1040	0.0958	0.0892	0.0901	0.0967	0.1099	0.0906	0.0984	0.1141	0.0894	0.0902	0.0902	0.0950	0.0982	0.0926	0.0989	0.0924	0.0897	0.0908	0.0888	0.0949	0.0910	0.0955	0.0979	0.1110	0.0902	0.0911	0.0900	0.0993	0.0906	0.0909	0.1139	0.1014	0.0920	0.0907	0.0902	0.0906	0.0912	0.0916	0.0920	0.1126	
0.0893	0.0898	0.0907	0.1067	0.0923	0.0901	0.0965	0.1208	0.0903	0.0903	0.0903	0.0905	0.0993	0.1042	0.1004	0.0907	0.0910	0.0905	0.0921	0.0909	0.1085	0.0914	0.1075	0.1053	0.0959	0.0901	0.0907	0.0966	0.1117	0.0980	0.0955	0.1099	0.0899	0.0903	0.0900	0.0946	0.0979	0.0905	0.0980	0.0923	0.0899	0.0907	0.0893	0.0956	0.0910	0.0911	0.0983	0.1104	0.0902	0.0916	0.0901	0.0996	0.0904	0.0906	0.1129	0.1020	0.0926	0.0910	0.0907	0.0911	0.0907	0.0912	0.0900	0.0985	
0.0894	0.0896	0.0894	0.1106	0.0921	0.0899	0.0983	0.1048	0.0905	0.0906	0.0908	0.0966	0.0990	0.0960	0.1232	0.0921	0.0908	0.0903	0.0921	0.0935	0.1094	0.0914	0.0999	0.1034	0.0959	0.0902	0.0905	0.1010	0.1102	0.0971	0.0948	0.1123	0.0902	0.0906	0.0904	0.1003	0.0968	0.0956	0.0988	0.0907	0.0901	0.0908	0.0892	0.1014	0.0910	0.0909	0.0980	0.1100	0.0907	0.0915	0.0900	0.1053	0.0919	0.0908	0.0995	0.1009	0.0921	0.0910	0.0904	0.0972	0.0907	0.0910	0.0903	0.0984	
0.0899	0.0899	0.0905	0.1032	0.0927	0.0901	0.0953	0.1043	0.0910	0.0900	0.0907	0.0917	0.0996	0.0901	0.0988	0.0904	0.0912	0.0904	0.0918	0.0908	0.1088	0.0910	0.1072	0.1073	0.0962	0.0904	0.0904	0.0966	0.1149	0.0911	0.0959	0.1318	0.0903	0.0911	0.0907	0.0958	0.0980	0.0906	0.0985	0.0929	0.0901	0.0904	0.0898	0.0955	0.0917	0.0987	0.0972	0.1104	0.0907	0.0917	0.0904	0.0993	0.0905	0.0906	0.1184	0.1023	0.0924	0.0913	0.0910	0.0912	0.0911	0.0911	0.0915	0.0980	
0.0920	0.0907	0.0903	0.1051	0.0921	0.0902	0.0957	0.1165	0.0977	0.0905	0.0909	0.0907	0.0990	0.0989	0.0995	0.0927	0.0915	0.0905	0.0922	0.0911	0.1092	0.0918	0.1018	0.1117	0.0968	0.0902	0.0907	0.0970	0.1107	0.0910	0.0939	0.1046	0.0905	0.0909	0.0904	0.0953	0.0977	0.0915	0.0972	0.0938	0.0904	0.0908	0.0896	0.0956	0.0918	0.0936	0.1026	0.1280	0.0911	0.0916	0.0904	0.0995	0.0908	0.0915	0.1084	0.1011	0.0931	0.0909	0.0911	0.0920	0.0915	0.0908	0.0927	0.1044	
0.0908	0.0907	0.0905	0.1070	0.0933	0.0905	0.1272	0.1021	0.1062	0.0902	0.0914	0.0917	0.0993	0.0903	0.1049	0.0896	0.0922	0.0907	0.0923	0.0913	0.1092	0.0919	0.1052	0.1074	0.0977	0.0904	0.0910	0.0963	0.1111	0.0915	0.0979	0.1049	0.0908	0.0908	0.0906	0.0953	0.0980	0.0914	0.0996	0.0919	0.0909	0.0913	0.0894	0.0960	0.0918	0.0929	0.0975	0.1132	0.0913	0.0920	0.0907	0.0996	0.0907	0.0909	0.1135	0.1009	0.0931	0.0916	0.0913	0.0918	0.0913	0.0919	0.0910	0.1003	
0.0911	0.0913	0.0924	0.1013	0.0935	0.0915	0.0971	0.1050	0.1057	0.0911	0.0915	0.0912	0.1000	0.0912	0.1145	0.0921	0.0925	0.0911	0.0924	0.0911	0.1091	0.0918	0.1015	0.1039	0.0987	0.0909	0.0911	0.0962	0.1102	0.0910	0.1086	0.1020	0.0911	0.0915	0.0907	0.0963	0.0979	0.0911	0.1003	0.0935	0.0909	0.0910	0.0895	0.0958	0.0917	0.0961	0.0991	0.1121	0.0914	0.0920	0.0907	0.1018	0.0906	0.0912	0.1096	0.1010	0.0931	0.0916	0.0919	0.0917	0.0921	0.0915	0.0913	0.0981	
0.0918	0.0919	0.0911	0.0970	0.0940	0.0916	0.1015	0.1025	0.1050	0.0913	0.0909	0.0917	0.0998	0.1039	0.0995	0.0927	0.0929	0.0908	0.0926	0.0917	0.1090	0.0923	0.0988	0.1098	0.0985	0.0905	0.0909	0.0969	0.1108	0.0916	0.0951	0.1024	0.0913	0.0910	0.0910	0.0953	0.0985	0.0910	0.1000	0.0931	0.0913	0.0911	0.0898	0.0961	0.0915	0.0986	0.0989	0.1124	0.0915	0.0919	0.0908	0.0999	0.0903	0.0920	0.1083	0.1033	0.0933	0.0915	0.0915	0.0919	0.0913	0.0918	0.0922	0.0979	
0.0918	0.0922	0.0910	0.1012	0.0946	0.0909	0.0970	0.1139	0.1107	0.0904	0.0916	0.0915	0.0994	0.1031	0.1031	0.0924	0.0934	0.0905	0.0921	0.0910	0.1107	0.0918	0.1088	0.1075	0.0988	0.0903	0.0910	0.0968	0.1106	0.0907	0.0956	0.1055	0.0911	0.0912	0.0907	0.0958	0.0977	0.0908	0.0973	0.0935	0.0912	0.0910	0.0901	0.0957	0.0911	0.0988	0.0986	0.1208	0.0912	0.0918	0.0905	0.0999	0.0912	0.0909	0.1016	0.1018	0.0941	0.0916	0.0915	0.0916	0.0919	0.0913	0.0913	0.0970	
0.0943	0.0927	0.0924	0.1012	0.0946	0.0919	0.1184	0.1208	0.1068	0.0908	0.0914	0.0912	0.0995	0.1031	0.1030	0.0928	0.0936	0.0907	0.0924	0.0913	0.1089	0.0914	0.0987	0.1040	0.0994	0.0904	0.0906	0.0968	0.1104	0.0908	0.1005	0.1090	0.0915	0.0914	0.0904	0.0954	0.0979	0.0911	0.0971	0.0940	0.0914	0.0913	0.0895	0.0955	0.0922	0.1059	0.0985	0.1176	0.0920	0.0921	0.0905	0.0996	0.0906	0.0912	0.1193	0.1012	0.0938	0.0915	0.0909	0.0919	0.0912	0.0917	0.0916	0.0972	
0.0947	0.0936	0.0936	0.1083	0.0953	0.0919	0.1024	0.1271	0.1056	0.0913	0.0912	0.0917	0.0996	0.0930	0.1141	0.0926	0.0951	0.0911	0.0926	0.0913	0.1100	0.0914	0.0989	0.1041	0.1001	0.0904	0.0910	0.0966	0.1112	0.0924	0.0960	0.1297	0.0924	0.0915	0.0910	0.0955	0.0985	0.0931	0.0988	0.0926	0.0921	0.0912	0.0901	0.0957	0.0916	0.0919	0.0980	0.1092	0.0919	0.0921	0.0911	0.1000	0.0912	0.0911	0.0999	0.1119	0.0929	0.0919	0.0917	0.0916	0.0916	0.0913	0.0909	0.0983	
0.0962	0.0941	0.0931	0.1073	0.0949	0.0924	0.1048	0.1116	0.1082	0.0909	0.0912	0.0916	0.0999	0.0919	0.1007	0.0929	0.0955	0.0907	0.0925	0.0909	0.1091	0.0917	0.0998	0.1034	0.1007	0.0905	0.0905	0.0964	0.1105	0.0905	0.0957	0.1014	0.0925	0.0912	0.0911	0.0956	0.0978	0.0919	0.0967	0.0934	0.0915	0.0914	0.0897	0.0957	0.0915	0.1050	0.0966	0.1119	0.0917	0.0923	0.0906	0.1000	0.0908	0.0916	0.1067	0.0999	0.0935	0.0917	0.0915	0.0918	0.0917	0.0915	0.0919	0.1008	
0.0953	0.0957	0.0948	0.1090	0.0964	0.0928	0.0962	0.1161	0.1108	0.0916	0.0922	0.0919	0.0996	0.1009	0.1053	0.0924	0.0960	0.0910	0.0924	0.0915	0.1093	0.0918	0.0978	0.1256	0.1014	0.0906	0.0914	0.0969	0.1114	0.0908	0.0958	0.1033	0.0934	0.0917	0.0912	0.0958	0.0983	0.0926	0.0967	0.0942	0.0918	0.0916	0.0902	0.0964	0.0915	0.0975	0.0970	0.1124	0.0920	0.0923	0.0911	0.0998	0.0907	0.0912	0.1101	0.1063	0.0939	0.0921	0.0918	0.0920	0.0915	0.0917	0.0917	0.0969	
0.0977	0.0962	0.0946	0.1063	0.0966	0.0933	0.1072	0.1068	0.1222	0.0914	0.0914	0.0915	0.0999	0.0985	0.0996	0.0945	0.0973	0.0911	0.0924	0.0915	0.1092	0.0914	0.1072	0.1031	0.1022	0.0908	0.0911	0.0963	0.1111	0.0908	0.0959	0.1019	0.0936	0.0917	0.0914	0.0954	0.0983	0.0909	0.0999	0.0943	0.0921	0.0915	0.0901	0.0961	0.0916	0.0941	0.0975	0.1117	0.0925	0.0925	0.0912	0.0997	0.0907	0.0911	0.1031	0.1000	0.0934	0.0930	0.0915	0.0923	0.0916	0.0915	0.0920	0.1051	
0.0991	0.0970	0.0959	0.1156	0.0980	0.0940	0.0987	0.1123	0.1138	0.0917	0.0921	0.0925	0.1010	0.1001	0.1031	0.0934	0.0980	0.0909	0.0925	0.0916	0.1096	0.0924	0.0991	0.1069	0.1037	0.0907	0.0912	0.0970	0.1112	0.0919	0.1078	0.1014	0.0936	0.0913	0.0911	0.0962	0.0986	0.0913	0.0988	0.0953	0.0923	0.0913	0.0905	0.0965	0.0930	0.0963	0.1018	0.1118	0.0923	0.0920	0.0911	0.1011	0.0922	0.0920	0.1092	0.1041	0.0944	0.0921	0.0915	0.0930	0.0927	0.0924	0.0921	0.0985	
0.1012	0.0981	0.0972	0.1183	0.0979	0.0936	0.1060	0.1057	0.1142	0.0912	0.0924	0.0913	0.1004	0.0991	0.1039	0.0929	0.1003	0.0908	0.0929	0.0907	0.1097	0.0916	0.0994	0.1128	0.1043	0.0909	0.0913	0.0964	0.1112	0.0910	0.0939	0.1025	0.0946	0.0915	0.0909	0.0956	0.0987	0.0958	0.1021	0.0928	0.0931	0.0915	0.0898	0.0962	0.0918	0.0933	0.1011	0.1092	0.0922	0.0923	0.0910	0.0997	0.0908	0.0908	0.1032	0.1034	0.0943	0.0922	0.0918	0.0914	0.0912	0.0914	0.0911	0.0968	
0.1021	0.0993	0.0975	0.1130	0.0985	0.0952	0.0982	0.1289	0.1219	0.0923	0.0923	0.0916	0.1004	0.1004	0.1045	0.0933	0.1015	0.0910	0.0924	0.0917	0.1089	0.0917	0.1040	0.1084	0.1060	0.0912	0.0914	0.0966	0.1110	0.0908	0.0941	0.1018	0.0950	0.0912	0.0910	0.0960	0.0986	0.0912	0.0967	0.0950	0.0928	0.0916	0.0901	0.0963	0.0919	0.1032	0.1151	0.1107	0.0925	0.0925	0.0911	0.1004	0.0910	0.0908	0.1157	0.0997	0.0944	0.0918	0.0912	0.0920	0.0922	0.0918	0.0920	0.0966	
0.1039	0.1010	0.0989	0.1157	0.0998	0.0951	0.1016	0.1050	0.1175	0.0921	0.0925	0.0917	0.1005	0.0961	0.0993	0.0923	0.1036	0.0909	0.0926	0.0913	0.1094	0.0916	0.0991	0.1046	0.1068	0.0909	0.0911	0.0970	0.1114	0.0911	0.0940	0.1015	0.0954	0.0914	0.0912	0.0954	0.0981	0.0917	0.1080	0.0925	0.0935	0.0917	0.0895	0.0961	0.0925	0.1034	0.1006	0.1103	0.0924	0.0926	0.0911	0.1000	0.0921	0.0920	0.1004	0.0999	0.0965	0.0922	0.0918	0.0917	0.0914	0.0922	0.0912	0.0967	
0.1062	0.1019	0.0993	0.1214	0.1005	0.0969	0.1028	0.1103	0.1172	0.0919	0.0920	0.0915	0.1003	0.0902	0.1011	0.0944	0.1045	0.0905	0.0922	0.0907	0.1091	0.0916	0.1097	0.1182	0.1083	0.0910	0.0910	0.0970	0.1108	0.0923	0.0953	0.1033	0.0964	0.0914	0.0909	0.0958	0.0981	0.0910	0.1015	0.0938	0.0933	0.0912	0.0897	0.0957	0.0919	0.0973	0.0995	0.1151	0.0927	0.0923	0.0916	0.1012	0.0914	0.0907	0.0987	0.1072	0.0934	0.0917	0.0916	0.0918	0.0920	0.0914	0.0921	0.0964	
0.1084	0.1042	0.1017	0.1111	0.1018	0.0961	0.0994	0.1192	0.1181	0.0921	0.0922	0.0922	0.1007	0.0902	0.0977	0.0964	0.1072	0.0903	0.0922	0.0910	0.1085	0.0912	0.0978	0.1142	0.1093	0.0905	0.0909	0.0956	0.1167	0.0908	0.0951	0.1012	0.0962	0.0913	0.0905	0.0957	0.0980	0.0902	0.0997	0.0954	0.0930	0.0913	0.0898	0.0954	0.0918	0.0966	0.0995	0.1107	0.0922	0.0921	0.0907	0.0995	0.0907	0.0908	0.0985	0.0997	0.0970	0.0916	0.0915	0.0917	0.0912	0.0913	0.0922	0.0956	
0.1114	0.1059	0.1028	0.1093	0.1029	0.0983	0.1004	0.1074	0.1349	0.0918	0.0923	0.0920	0.1004	0.0912	0.0987	0.0952	0.1100	0.0908	0.0920	0.0908	0.1084	0.0906	0.1018	0.1080	0.1122	0.0903	0.0911	0.0964	0.1102	0.0909	0.0963	0.1008	0.0972	0.0913	0.0905	0.0956	0.0979	0.0919	0.0958	0.0943	0.0935	0.0913	0.0899	0.0957	0.0919	0.0935	0.1001	0.1095	0.0928	0.0921	0.0912	0.1006	0.0905	0.0906	0.1015	0.0991	0.0934	0.0917	0.0917	0.0916	0.0906	0.0911	0.0923	0.0964	
0.1143	0.1085	0.1049	0.1118	0.1040	0.0989	0.1045	0.1072	0.1242	0.0923	0.0926	0.0920	0.1004	0.0910	0.1021	0.0942	0.1132	0.0906	0.0918	0.0914	0.1106	0.0918	0.1035	0.1338	0.1142	0.0904	0.0909	0.0969	0.1107	0.0918	0.0946	0.1141	0.0987	0.0913	0.0906	0.0958	0.0990	0.0914	0.0974	0.0945	0.0942	0.0908	0.0900	0.0959	0.0919	0.1026	0.1013	0.1093	0.0928	0.0919	0.0908	0.1004	0.0909	0.0913	0.1099	0.0990	0.0966	0.0919	0.0917	0.0920	0.0915	0.0908	0.0927	0.0982	
0.1179	0.1111	0.1072	0.1235	0.1053	0.0993	0.0986	0.1111	0.1335	0.0922	0.0928	0.0925	0.0999	0.0911	0.1054	0.0942	0.1160	0.0905	0.0921	0.0912	0.1087	0.0916	0.1010	0.1026	0.1161	0.0907	0.0906	0.0967	0.1105	0.0909	0.0994	0.1028	0.0989	0.0909	0.0905	0.0955	0.0984	0.0907	0.0970	0.0910	0.0946	0.0914	0.0901	0.0960	0.0916	0.1007	0.1011	0.1109	0.0929	0.0919	0.0913	0.0998	0.0902	0.0907	0.0997	0.1089	0.0964	0.0918	0.0918	0.0919	0.0916	0.0913	0.0912	0.0960	
0.1234	0.1137	0.1086	0.1258	0.1070	0.1019	0.1004	0.1117	0.1389	0.0927	0.0932	0.0929	0.1007	0.0902	0.1022	0.0940	0.1199	0.0907	0.0920	0.0917	0.1084	0.0909	0.1012	0.1003	0.1192	0.0904	0.0911	0.0959	0.1108	0.0903	0.0931	0.1007	0.0999	0.0910	0.0906	0.0959	0.0979	0.0910	0.1061	0.0945	0.0949	0.0913	0.0899	0.0959	0.0917	0.0969	0.1002	0.1087	0.0930	0.0924	0.0908	0.1002	0.0904	0.0917	0.0992	0.0983	0.0963	0.0923	0.0913	0.0913	0.0914	0.0918	0.0922	0.0974	
0.1290	0.1170	0.1114	0.1239	0.1087	0.1019	0.1010	0.1125	0.1429	0.0927	0.0927	0.0924	0.1001	0.0946	0.1036	0.0941	0.1234	0.0904	0.0921	0.0914	0.1092	0.0912	0.1018	0.1009	0.1238	0.0910	0.0908	0.0965	0.1104	0.0908	0.0971	0.1320	0.1014	0.0914	0.0907	0.0959	0.0988	0.0911	0.0966	0.0944	0.0952	0.0910	0.0899	0.0960	0.0915	0.1003	0.0996	0.1088	0.0932	0.0922	0.0912	0.0999	0.0911	0.0908	0.1105	0.1008	0.0933	0.0917	0.0917	0.0917	0.0921	0.0919	0.0922	0.0959	
0.1331	0.1196	0.1132	0.1293	0.1104	0.1035	0.1121	0.1091	0.1424	0.0935	0.0930	0.0925	0.1004	0.0916	0.1120	0.0967	0.1290	0.0907	0.0925	0.0916	0.1090	0.0912	0.0973	0.1053	0.1274	0.0907	0.0905	0.0963	0.1107	0.0918	0.0983	0.1003	0.1025	0.0910	0.0908	0.0955	0.0985	0.0916	0.0950	0.0952	0.0962	0.0916	0.0901	0.0963	0.0921	0.0911	0.0953	0.1120	0.0934	0.0923	0.0909	0.1003	0.0908	0.0913	0.0984	0.0990	0.0937	0.0919	0.0917	0.0923	0.0919	0.0914	0.0937	0.1034	
0.1387	0.1230	0.1169	0.1299	0.1118	0.1039	0.0996	0.1100	0.1419	0.0930	0.0938	0.0917	0.0998	0.1028	0.1032	0.0950	0.1339	0.0905	0.0923	0.0909	0.1083	0.0912	0.1103	0.1047	0.1301	0.0903	0.0903	0.0959	0.1108	0.0936	0.0922	0.1362	0.1039	0.0909	0.0913	0.0954	0.0985	0.0905	0.0959	0.0954	0.0961	0.0912	0.0896	0.0958	0.0912	0.0905	0.0953	0.1097	0.0933	0.0926	0.0906	0.1004	0.0902	0.0910	0.1216	0.1032	0.0928	0.0918	0.0909	0.0914	0.0912	0.0910	0.0923	0.0956	
0.1475	0.1277	0.1201	0.1255	0.1144	0.1053	0.1009	0.1051	0.1544	0.0930	0.0930	0.0924	0.1007	0.1069	0.1083	0.0937	0.1405	0.0910	0.0924	0.0910	0.1081	0.0912	0.1099	0.1041	0.1352	0.0906	0.0909	0.0969	0.1166	0.0903	0.0940	0.0998	0.1057	0.0911	0.0907	0.0954	0.0991	0.0903	0.0953	0.0943	0.0969	0.0913	0.0902	0.0958	0.0914	0.0915	0.0963	0.1076	0.0932	0.0918	0.0907	0.1004	0.0910	0.0910	0.0978	0.1004	0.0929	0.0919	0.0915	0.0915	0.0916	0.0917	0.0927	0.0954	
0.1551	0.1326	0.1230	0.1251	0.1173	0.1073	0.1015	0.1026	0.1723	0.0935	0.0937	0.0927	0.1008	0.1069	0.0983	0.0935	0.1466	0.0906	0.0931	0.0913	0.1082	0.0910	0.0983	0.1090	0.1415	0.0905	0.0907	0.0963	0.1111	0.0909	0.0947	0.1002	0.1078	0.0915	0.0902	0.0955	0.0979	0.0905	0.0948	0.0943	0.0982	0.0915	0.0902	0.0961	0.0917	0.0924	0.1024	0.1099	0.0943	0.0920	0.0909	0.1007	0.0903	0.0907	0.1019	0.1075	0.0927	0.0918	0.0913	0.0915	0.0917	0.0916	0.0917	0.0952	
0.1647	0.1378	0.1276	0.1406	0.1199	0.1079	0.1009	0.1019	0.1700	0.0940	0.0941	0.0931	0.1009	0.1091	0.1081	0.0946	0.1571	0.0902	0.0920	0.0912	0.1102	0.0910	0.0972	0.1142	0.1453	0.0904	0.0906	0.0967	0.1115	0.0906	0.0940	0.1058	0.1099	0.0910	0.0903	0.0959	0.0984	0.0912	0.0949	0.0942	0.0977	0.0912	0.0897	0.0962	0.0911	0.1013	0.0949	0.1118	0.0940	0.0920	0.0907	0.1008	0.0907	0.0906	0.1075	0.0990	0.0945	0.0915	0.0914	0.0914	0.0916	0.0915	0.0915	0.0969	
0.1747	0.1443	0.1313	0.1424	0.1226	0.1101	0.1190	0.1090	0.2044	0.0939	0.0940	0.0929	0.1004	0.1059	0.0987	0.0937	0.1657	0.0907	0.0919	0.0908	0.1085	0.0914	0.1078	0.1089	0.1537	0.0905	0.0908	0.0964	0.1108	0.0909	0.0946	0.1016	0.1117	0.0911	0.0903	0.0957	0.0978	0.0905	0.0956	0.0947	0.0989	0.0912	0.0897	0.0955	0.0916	0.0920	0.0942	0.1167	0.0938	0.0917	0.0907	0.1010	0.0904	0.0907	0.0971	0.1012	0.0958	0.0918	0.0915	0.0918	0.0917	0.0915	0.0919	0.0966	
0.1861	0.1504	0.1371	0.1511	0.1256	0.1117	0.1086	0.1164	0.1924	0.0934	0.0947	0.0928	0.1008	0.1078	0.1012	0.0951	0.1753	0.0906	0.0923	0.0910	0.1086	0.0909	0.1104	0.1104	0.1604	0.0905	0.0911	0.0963	0.1111	0.0916	0.0945	0.1035	0.1141	0.0911	0.0906	0.0953	0.0984	0.0907	0.0956	0.0954	0.0997	0.0913	0.0899	0.0965	0.0917	0.0961	0.0985	0.1106	0.0945	0.0916	0.0916	0.0997	0.0902	0.0907	0.0983	0.1022	0.0961	0.0919	0.0937	0.0918	0.0919	0.0906	0.0926	0.0948	
0.1988	0.1587	0.1433	0.1483	0.1289	0.1136	0.1036	0.1101	0.2142	0.0942	0.0938	0.0931	0.1006	0.1083	0.1004	0.0955	0.1904	0.0906	0.0921	0.0914	0.1087	0.0916	0.1065	0.1095	0.1694	0.0905	0.0904	0.0962	0.1110	0.0909	0.0929	0.1062	0.1172	0.0909	0.0909	0.0954	0.0979	0.0905	0.0980	0.0962	0.1000	0.0911	0.0895	0.0960	0.0920	0.0996	0.0945	0.1074	0.0943	0.0919	0.0904	0.1010	0.0903	0.0919	0.1075	0.0991	0.0972	0.0915	0.0911	0.0914	0.0916	0.0916	0.0936	0.0969	
0.2156	0.1671	0.1498	0.1524	0.1331	0.1162	0.1052	0.1077	0.2227	0.0947	0.0937	0.0936	0.1014	0.1075	0.1034	0.0942	0.2036	0.0912	0.0922	0.0915	0.1092	0.0917	0.1007	0.1060	0.1798	0.0905	0.0905	0.0966	0.1109	0.0925	0.0926	0.1160	0.1214	0.0911	0.0905	0.0956	0.0987	0.0910	0.1016	0.0949	0.1012	0.0916	0.0896	0.0958	0.0918	0.0985	0.0988	0.1094	0.0948	0.0920	0.0909	0.1005	0.0911	0.0920	0.0973	0.1035	0.0957	0.0920	0.0908	0.0917	0.0916	0.0915	0.0921	0.0966	
0.2331	0.1762	0.1560	0.1697	0.1370	0.1190	0.1183	0.1048	0.2491	0.0950	0.0971	0.0931	0.1012	0.0922	0.0976	0.0969	0.2187	0.0904	0.0923	0.0913	0.1087	0.0913	0.1010	0.1038	0.1909	0.0903	0.0909	0.0969	0.1108	0.0907	0.0958	0.1048	0.1240	0.0912	0.0905	0.0955	0.0983	0.0911	0.0959	0.0965	0.1027	0.0910	0.0898	0.0958	0.0919	0.0911	0.0989	0.1095	0.0940	0.0920	0.0912	0.1003	0.0908	0.0907	0.0985	0.1070	0.0950	0.0917	0.0915	0.0919	0.0918	0.0922	0.0933	0.0964	
0.2513	0.1871	0.1614	0.1685	0.1425	0.1217	0.1063	0.1089	0.2598	0.0957	0.0960	0.0942	0.1014	0.1066	0.0980	0.0968	0.2330	0.0906	0.0918	0.0916	0.1087	0.0915	0.0956	0.1063	0.2029	0.0906	0.0912	0.0965	0.1124	0.0924	0.0947	0.1009	0.1271	0.0913	0.0906	0.0954	0.0987	0.0909	0.0944	0.0974	0.1033	0.0915	0.0899	0.0959	0.0917	0.0928	0.0965	0.1080	0.0951	0.0920	0.0910	0.1010	0.0906	0.0904	0.0972	0.1123	0.0957	0.0914	0.0913	0.0921	0.0914	0.0917	0.0922	0.0955	
0.2739	0.1977	0.1736	0.1708	0.1478	0.1229	0.1052	0.1040	0.2987	0.0958	0.0945	0.0933	0.1018	0.1088	0.0982	0.0974	0.2533	0.0906	0.0916	0.0915	0.1088	0.0917	0.0971	0.0984	0.2131	0.0903	0.0906	0.0961	0.1110	0.0901	0.0920	0.1001	0.1324	0.0913	0.0904	0.0950	0.0988	0.0907	0.0944	0.0981	0.1044	0.0912	0.0900	0.0962	0.0913	0.0903	0.0969	0.1073	0.0952	0.0917	0.0906	0.1013	0.0909	0.0922	0.1036	0.1142	0.0967	0.0916	0.0920	0.0920	0.0910	0.0922	0.0943	0.0981	
0.2966	0.2101	0.1824	0.1821	0.1546	0.1262	0.1092	0.1112	0.3111	0.0964	0.0953	0.0942	0.1010	0.1072	0.1091	0.0956	0.2755	0.0905	0.0920	0.0914	0.1087	0.0933	0.0974	0.0993	0.2322	0.0906	0.0906	0.0961	0.1101	0.0912	0.1002	0.1157	0.1389	0.0909	0.0910	0.0957	0.0978	0.0908	0.0948	0.0961	0.1054	0.0914	0.0899	0.0963	0.0926	0.0916	0.0987	0.1126	0.0954	0.0921	0.0910	0.1001	0.0907	0.0914	0.1013	0.1052	0.0942	0.0921	0.0916	0.0915	0.0917	0.0914	0.0921	0.0953	
0.3214	0.2250	0.1904	0.1967	0.1606	0.1298	0.1216	0.1060	0.3193	0.0960	0.0951	0.0939	0.1013	0.1040	0.0971	0.0959	0.2994	0.0904	0.0919	0.0915	0.1085	0.0910	0.0967	0.1000	0.2478	0.0901	0.0908	0.0958	0.1102	0.0914	0.0964	0.1129	0.1432	0.0907	0.0903	0.0953	0.0974	0.0902	0.0942	0.0959	0.1065	0.0911	0.0895	0.0955	0.0920	0.0978	0.0971	0.1082	0.0951	0.0917	0.0907	0.0997	0.0901	0.0910	0.1011	0.1065	0.0971	0.0915	0.0909	0.0915	0.0919	0.0915	0.0929	0.0976	
0.3472	0.2420	0.2061	0.2035	0.1672	0.1337	0.1078	0.1108	0.3527	0.0961	0.0953	0.0942	0.1014	0.1092	0.0993	0.0962	0.3220	0.0900	0.0919	0.0913	0.1083	0.0920	0.0951	0.1034	0.2687	0.0900	0.0903	0.0962	0.1105	0.0908	0.0929	0.0985	0.1482	0.0910	0.0905	0.0955	0.0988	0.0905	0.0943	0.0963	0.1080	0.0912	0.0899	0.0955	0.0916	0.0908	0.0964	0.1084	0.0960	0.0923	0.0902	0.1003	0.0904	0.0909	0.0972	0.1002	0.0950	0.0913	0.0912	0.0925	0.0919	0.0914	0.0939	0.0946	
0.3757	0.2572	0.2130	0.2079	0.1756	0.1365	0.1074	0.1080	0.3743	0.0979	0.0963	0.0948	0.1011	0.0965	0.0993	0.0960	0.3483	0.0904	0.0924	0.0911	0.1088	0.0913	0.0958	0.1381	0.2877	0.0903	0.0904	0.0966	0.1104	0.0900	0.0966	0.1016	0.1562	0.0908	0.0907	0.0955	0.0978	0.0905	0.0942	0.0973	0.1095	0.0910	0.0896	0.0959	0.0915	0.0904	0.0950	0.1125	0.0958	0.0920	0.0907	0.1006	0.0902	0.0906	0.0965	0.1035	0.0941	0.0915	0.0912	0.0917	0.0913	0.0907	0.0920	0.0973	
0.4029	0.2785	0.2262	0.2183	0.1835	0.1401	0.1262	0.1164	0.3988	0.0973	0.0959	0.0942	0.1017	0.1038	0.1253	0.0951	0.3735	0.0899	0.0921	0.0912	0.1087	0.0909	0.0968	0.1039	0.3108	0.0902	0.0905	0.0955	0.1102	0.0906	0.0936	0.1267	0.1639	0.0915	0.0905	0.0960	0.0982	0.0906	0.0968	0.0958	0.1107	0.0909	0.0893	0.0959	0.0921	0.0901	0.0961	0.1083	0.0961	0.0917	0.0906	0.0998	0.0905	0.0908	0.0983	0.1040	0.0948	0.0909	0.0910	0.0916	0.0914	0.0908	0.0926	0.0952	
0.4358	0.2981	0.2447	0.2298	0.1947	0.1452	0.1102	0.1073	0.4288	0.0977	0.0961	0.0948	0.1014	0.1016	0.1218	0.0983	0.3999	0.0907	0.0922	0.0907	0.1084	0.0914	0.0954	0.0988	0.3338	0.0901	0.0904	0.0960	0.1099	0.0902	0.0918	0.0984	0.1737	0.0908	0.0901	0.0950	0.0981	0.0908	0.0961	0.0981	0.1124	0.0905	0.0894	0.0962	0.0910	0.0947	0.0957	0.1103	0.0970	0.0915	0.0908	0.1001	0.0905	0.0909	0.0966	0.1017	0.0949	0.0914	0.0912	0.0914	0.0911	0.0910	0.0950	0.0945	
0.4694	0.3188	0.2636	0.2530	0.2051	0.1506	0.1111	0.1097	0.4580	0.0992	0.0964	0.0955	0.1015	0.0971	0.1106	0.0973	0.4333	0.0902	0.0924	0.0909	0.1094	0.0922	0.0958	0.1100	0.3584	0.0905	0.0909	0.0964	0.1107	0.0909	0.0962	0.0998	0.1828	0.0909	0.0907	0.0954	0.0978	0.0907	0.0963	0.0971	0.1150	0.0913	0.0896	0.0958	0.0916	0.0911	0.0982	0.1093	0.0966	0.0915	0.0909	0.1008	0.0906	0.0917	0.1022	0.1049	0.0948	0.0916	0.0915	0.0917	0.0913	0.0910	0.0930	0.0965	
0.4981	0.3435	0.2823	0.2660	0.2177	0.1563	0.1113	0.1091	0.4875	0.0989	0.0969	0.0955	0.1016	0.0931	0.0992	0.0967	0.4614	0.0904	0.0917	0.0918	0.1090	0.0907	0.0954	0.0980	0.3836	0.0900	0.0902	0.0967	0.1100	0.0906	0.0909	0.0974	0.1948	0.0908	0.0899	0.0955	0.0978	0.0903	0.0938	0.0974	0.1167	0.0911	0.0891	0.0957	0.0912	0.0916	0.1009	0.1084	0.0965	0.0914	0.0908	0.1002	0.0902	0.0918	0.0962	0.1004	0.0944	0.0909	0.0912	0.0916	0.0922	0.0922	0.0928	0.0939	
0.5263	0.3679	0.2969	0.2706	0.2263	0.1622	0.1139	0.1184	0.5161	0.1000	0.0968	0.0959	0.1019	0.0988	0.1062	0.0972	0.4892	0.0910	0.0917	0.0911	0.1088	0.0913	0.1057	0.1164	0.4146	0.0904	0.0907	0.0968	0.1105	0.0903	0.0918	0.0994	0.2083	0.0906	0.0910	0.0952	0.0989	0.0906	0.0940	0.0971	0.1194	0.0912	0.0895	0.0960	0.0917	0.0904	0.0976	0.1061	0.0974	0.0918	0.0906	0.1000	0.0904	0.0907	0.0967	0.1023	0.0952	0.0910	0.0914	0.0918	0.0914	0.0916	0.0935	0.0943	
0.5527	0.3954	0.3180	0.2917	0.2419	0.1679	0.1146	0.1093	0.5437	0.1005	0.0980	0.0958	0.1020	0.0964	0.1298	0.0974	0.5181	0.0906	0.0924	0.0913	0.1086	0.0911	0.0953	0.0988	0.4451	0.0908	0.0902	0.0960	0.1103	0.0901	0.0948	0.0983	0.2202	0.0908	0.0911	0.0949	0.0987	0.0902	0.0947	0.0962	0.1226	0.0907	0.0900	0.0956	0.0921	0.0905	0.0941	0.1076	0.0978	0.0919	0.0905	0.0995	0.0912	0.0907	0.0964	0.1036	0.0969	0.0916	0.0914	0.0916	0.0917	0.0911	0.0921	0.0941	
0.5844	0.4242	0.3395	0.3192	0.2576	0.1755	0.1222	0.1055	0.5650	0.1011	0.0977	0.0964	0.1022	0.1025	0.1094	0.0976	0.5433	0.0905	0.0918	0.0924	0.1098	0.0921	0.0954	0.1131	0.4716	0.0903	0.0902	0.0974	0.1115	0.0914	0.0941	0.1009	0.2367	0.0905	0.0905	0.0962	0.0990	0.0910	0.0961	0.0956	0.1251	0.0913	0.0903	0.0969	0.0922	0.0913	0.0944	0.1068	0.0980	0.0920	0.0929	0.1010	0.0914	0.0921	0.0996	0.1120	0.0955	0.0912	0.0934	0.0928	0.0927	0.0924	0.0910	0.0953	
0.6043	0.4509	0.3681	0.3388	0.2739	0.1839	0.1172	0.1093	0.5879	0.1019	0.0984	0.0962	0.1020	0.0941	0.0971	0.0968	0.5652	0.0903	0.0916	0.0909	0.1077	0.0912	0.0967	0.1069	0.4986	0.0900	0.0902	0.0957	0.1102	0.0907	0.0915	0.1021	0.2536	0.0907	0.0899	0.0951	0.0978	0.0901	0.0939	0.0961	0.1275	0.0910	0.0893	0.0953	0.0911	0.0905	0.0951	0.1065	0.0981	0.0918	0.0902	0.0997	0.0900	0.0905	0.1129	0.1024	0.0969	0.0911	0.0912	0.0915	0.0915	0.0911	0.0932	0.1087	
0.6276	0.4792	0.3972	0.3462	0.2897	0.1919	0.1183	0.1095	0.6124	0.1031	0.0983	0.0969	0.1018	0.0986	0.0991	0.0970	0.5876	0.0902	0.0917	0.0909	0.1086	0.0907	0.0956	0.1073	0.5226	0.0902	0.0905	0.0959	0.1112	0.0905	0.0935	0.1182	0.2697	0.0906	0.0903	0.0950	0.1005	0.0903	0.0934	0.0964	0.1318	0.0910	0.0897	0.0961	0.0915	0.0904	0.0941	0.1080	0.0980	0.0920	0.0904	0.0995	0.0900	0.0907	0.0968	0.1110	0.0952	0.0910	0.0913	0.0914	0.0917	0.0911	0.0926	0.0944	
0.6513	0.5073	0.4169	0.3701	0.3073	0.1974	0.1376	0.1146	0.6348	0.1031	0.0983	0.0963	0.1019	0.0992	0.0964	0.0968	0.6115	0.0900	0.0914	0.0911	0.1080	0.0908	0.0967	0.1039	0.5477	0.0900	0.0901	0.0959	0.1098	0.0900	0.0916	0.1026	0.2923	0.0904	0.0907	0.0949	0.0979	0.0895	0.0928	0.0964	0.1347	0.0904	0.0888	0.0955	0.0913	0.0902	0.0991	0.1097	0.0987	0.0913	0.0899	0.0996	0.0900	0.0904	0.1073	0.1066	0.0942	0.0910	0.0907	0.0909	0.0913	0.0906	0.0932	0.1039	
0.6832	0.5366	0.4459	0.3950	0.3277	0.2130	0.1228	0.1098	0.6615	0.1043	0.0994	0.0971	0.1023	0.0957	0.0974	0.0981	0.6358	0.0910	0.0923	0.0911	0.1088	0.0921	0.0960	0.1009	0.5698	0.0901	0.0907	0.0964	0.1108	0.0916	0.0929	0.1004	0.3134	0.0906	0.0905	0.0952	0.0984	0.0925	0.0984	0.0980	0.1404	0.0906	0.0903	0.0963	0.0924	0.0923	0.0960	0.1094	0.0992	0.0916	0.0911	0.0999	0.0921	0.0921	0.0973	0.1058	0.0960	0.0913	0.0915	0.0917	0.0924	0.0920	0.0929	0.0976	
0.7019	0.5664	0.4607	0.4318	0.3499	0.2219	0.1247	0.1176	0.6848	0.1058	0.1006	0.0982	0.1027	0.1020	0.1006	0.0986	0.6536	0.0902	0.0908	0.0918	0.1091	0.0912	0.1055	0.1113	0.5896	0.0907	0.0911	0.0964	0.1105	0.0916	0.0918	0.1061	0.3365	0.0904	0.0898	0.0956	0.0979	0.0910	0.0986	0.0995	0.1457	0.0902	0.0904	0.0957	0.0910	0.0931	0.0956	0.1061	0.0993	0.0920	0.0915	0.1009	0.0907	0.0913	0.0963	0.1043	0.0964	0.0913	0.0927	0.0927	0.0918	0.0915	0.0945	0.0947	
0.7261	0.5921	0.4993	0.4469	0.3730	0.2345	0.1268	0.1156	0.7089	0.1069	0.1001	0.0983	0.1021	0.0958	0.0979	0.0990	0.6776	0.0909	0.0919	0.0922	0.1079	0.0915	0.0965	0.1029	0.6103	0.0908	0.0907	0.0965	0.1111	0.0900	0.0917	0.0976	0.3645	0.0905	0.0894	0.0961	0.0986	0.0906	0.0941	0.0997	0.1504	0.0913	0.0889	0.0951	0.0921	0.0910	0.0958	0.1078	0.0996	0.0916	0.0901	0.1004	0.0908	0.0901	0.0975	0.1037	0.0952	0.0913	0.0911	0.0914	0.0908	0.0925	0.0950	0.0949	
0.7446	0.6233	0.5273	0.4858	0.3997	0.2484	0.1293	0.1242	0.7275	0.1084	0.1029	0.0995	0.1038	0.0955	0.1047	0.0995	0.6967	0.0913	0.0935	0.0922	0.1101	0.0917	0.1052	0.1090	0.6343	0.0907	0.0921	0.0978	0.1121	0.0919	0.0925	0.0984	0.3898	0.0907	0.0926	0.0962	0.1005	0.0921	0.0986	0.0990	0.1575	0.0919	0.0910	0.0958	0.0924	0.0922	0.0972	0.1089	0.1002	0.0926	0.0916	0.1016	0.0925	0.0915	0.0966	0.1021	0.0996	0.0926	0.0918	0.0926	0.0919	0.0921	0.0941	0.1141	
0.7477	0.6459	0.5402	0.5074	0.4202	0.2604	0.1450	0.1307	0.7359	0.1101	0.1021	0.0976	0.1025	0.0991	0.1238	0.0991	0.7123	0.0900	0.0918	0.0907	0.1076	0.0897	0.0990	0.1003	0.6507	0.0900	0.0901	0.0955	0.1111	0.0898	0.0901	0.1027	0.4136	0.0907	0.0906	0.0957	0.0976	0.0938	0.0923	0.0989	0.1643	0.0904	0.0880	0.0962	0.0910	0.0926	0.0950	0.1104	0.1006	0.0909	0.0893	0.0996	0.0909	0.0908	0.0991	0.1032	0.0952	0.0905	0.0899	0.0916	0.0906	0.0918	0.0937	0.1006	
0.7580	0.6778	0.5845	0.5301	0.4491	0.2746	0.1330	0.1132	0.7419	0.1101	0.1028	0.0992	0.1030	0.1109	0.1078	0.0990	0.7213	0.0898	0.0908	0.0912	0.1088	0.0911	0.0964	0.1308	0.6800	0.0902	0.0906	0.0956	0.1111	0.0896	0.0919	0.0972	0.4450	0.0915	0.0910	0.0942	0.0980	0.0906	0.0931	0.0976	0.1695	0.0904	0.0894	0.0952	0.0903	0.0899	0.0940	0.1081	0.0999	0.0919	0.0913	0.0990	0.0899	0.0915	0.0982	0.1019	0.0958	0.0914	0.0913	0.0911	0.0919	0.0914	0.0928	0.0926	
0.7593	0.7081	0.6150	0.5696	0.4751	0.2917	0.1347	0.1166	0.7434	0.1129	0.1039	0.1002	0.1042	0.1004	0.0972	0.0984	0.7283	0.0908	0.0919	0.0914	0.1096	0.0904	0.0964	0.1031	0.7003	0.0903	0.0908	0.0960	0.1107	0.0906	0.0912	0.1011	0.4721	0.0909	0.0899	0.0953	0.0990	0.0905	0.0924	0.0991	0.1798	0.0907	0.0895	0.0968	0.0913	0.0912	0.0945	0.1066	0.1018	0.0915	0.0922	0.1005	0.0908	0.0909	0.0976	0.1012	0.0962	0.0911	0.0913	0.0920	0.0916	0.0913	0.0927	0.0957	
0.7628	0.7404	0.6402	0.5972	0.5033	0.3054	0.1370	0.1191	0.7491	0.1133	0.1031	0.0989	0.1025	0.1023	0.0989	0.0998	0.7310	0.0900	0.0911	0.0905	0.1083	0.0903	0.0935	0.0975	0.7148	0.0899	0.0896	0.0954	0.1097	0.0894	0.0907	0.0967	0.5000	0.0898	0.0912	0.0947	0.0972	0.0926	0.0928	0.1001	0.1890	0.0902	0.0888	0.0948	0.0909	0.0898	0.0940	0.1056	0.1022	0.0909	0.0904	0.0988	0.0897	0.0903	0.1008	0.1047	0.0957	0.0907	0.0907	0.0905	0.0906	0.0909	0.0948	0.0932	
0.7626	0.7684	0.6708	0.6250	0.5332	0.3253	0.1511	0.1286	0.7480	0.1163	0.1047	0.1010	0.1035	0.0938	0.1169	0.0993	0.7338	0.0903	0.0916	0.0911	0.1082	0.0907	0.1047	0.1096	0.7270	0.0901	0.0908	0.0965	0.1108	0.0897	0.0940	0.1046	0.5236	0.0906	0.0902	0.0952	0.0980	0.0904	0.0927	0.0998	0.1984	0.0908	0.0905	0.0957	0.0914	0.0915	0.0931	0.1130	0.1030	0.0920	0.0912	0.1003	0.0899	0.0912	0.0968	0.1086	0.0965	0.0909	0.0915	0.0920	0.0917	0.0912	0.0915	0.0961	
0.7677	0.7866	0.6955	0.6434	0.5640	0.3446	0.1460	0.1174	0.7664	0.1179	0.1047	0.1014	0.1030	0.1089	0.0970	0.1002	0.7344	0.0905	0.0910	0.0907	0.1084	0.0908	0.0947	0.0967	0.7367	0.0895	0.0906	0.0961	0.1105	0.0899	0.0914	0.1004	0.5474	0.0905	0.0904	0.0947	0.0980	0.0905	0.0941	0.0985	0.2109	0.0904	0.0899	0.0956	0.0912	0.0916	0.0953	0.1060	0.1032	0.0917	0.0904	0.1000	0.0898	0.0903	0.0964	0.1156	0.0965	0.0908	0.0911	0.0914	0.0908	0.0909	0.0951	0.0930	
0.7667	0.7915	0.7175	0.6752	0.5914	0.3672	0.1525	0.1211	0.7561	0.1201	0.1057	0.1025	0.1033	0.0949	0.0991	0.1013	0.7371	0.0902	0.0921	0.0910	0.1083	0.0905	0.0991	0.1167	0.7406	0.0900	0.0913	0.0957	0.1098	0.0904	0.0925	0.0971	0.5689	0.0909	0.0901	0.0949	0.0975	0.0908	0.0929	0.0993	0.2235	0.0903	0.0901	0.0960	0.0919	0.0900	0.0939	0.1072	0.1041	0.0912	0.0909	0.1000	0.0902	0.0897	0.1120	0.1124	0.0960	0.0913	0.0917	0.0923	0.0916	0.0909	0.0929	0.0968	
0.7686	0.7946	0.7612	0.6904	0.6183	0.3860	0.1549	0.1238	0.7556	0.1215	0.1049	0.1017	0.1025	0.0963	0.0961	0.1001	0.7355	0.0894	0.0908	0.0900	0.1074	0.0895	0.0937	0.1167	0.7417	0.0890	0.0906	0.0952	0.1091	0.0893	0.0913	0.0973	0.5893	0.0894	0.0894	0.0941	0.0975	0.0889	0.0922	0.1000	0.2375	0.0896	0.0890	0.0948	0.0903	0.0885	0.0928	0.1056	0.1037	0.0908	0.0897	0.0994	0.0891	0.0902	0.0975	0.1029	0.0959	0.0893	0.0911	0.0904	0.0906	0.0900	0.0944	0.0931	
0.7678	0.8003	0.7881	0.7310	0.6485	0.4125	0.1615	0.1245	0.7619	0.1270	0.1081	0.1030	0.1037	0.0951	0.1005	0.1026	0.7377	0.0906	0.0926	0.0915	0.1082	0.0906	0.0960	0.0982	0.7486	0.0900	0.0906	0.0961	0.1104	0.0902	0.0918	0.1147	0.6137	0.0909	0.0910	0.0951	0.0980	0.0911	0.0928	0.1018	0.2546	0.0908	0.0900	0.0958	0.0915	0.0913	0.0937	0.1063	0.1059	0.0918	0.0915	0.1005	0.0910	0.0909	0.0971	0.1144	0.0970	0.0914	0.0921	0.0915	0.0921	0.0911	0.0944	0.0934	
0.7739	0.7980	0.7938	0.7548	0.6813	0.4361	0.1621	0.1314	0.7638	0.1279	0.1086	0.1041	0.1042	0.0977	0.0989	0.1018	0.7378	0.0899	0.0919	0.0911	0.1083	0.0907	0.0952	0.1119	0.7455	0.0897	0.0911	0.0961	0.1098	0.0908	0.0908	0.0970	0.6340	0.0908	0.0903	0.0952	0.0980	0.0908	0.0929	0.1013	0.2718	0.0909	0.0897	0.0953	0.0916	0.0898	0.0938	0.1079	0.1067	0.0916	0.0907	0.0996	0.0907	0.0913	0.0962	0.1044	0.0990	0.0915	0.0912	0.0917	0.0914	0.0911	0.0954	0.0945	
0.7716	0.8018	0.7896	0.7857	0.7090	0.4600	0.1660	0.1289	0.7654	0.1311	0.1101	0.1054	0.1039	0.1110	0.0971	0.1017	0.7391	0.0898	0.0918	0.0910	0.1084	0.0908	0.0984	0.1116	0.7458	0.0901	0.0906	0.0955	0.1105	0.0896	0.0916	0.0984	0.6541	0.0905	0.0909	0.0953	0.0979	0.0898	0.0942	0.0995	0.2884	0.0904	0.0900	0.0957	0.0908	0.0900	0.0928	0.1066	0.1070	0.0914	0.0911	0.1002	0.0898	0.0901	0.1073	0.0986	0.0991	0.0907	0.0906	0.0914	0.0917	0.0907	0.0920	0.0997	
0.7720	0.8030	0.8068	0.8024	0.7386	0.4862	0.1779	0.1298	0.7663	0.1356	0.1112	0.1056	0.1056	0.0996	0.1214	0.1010	0.7393	0.0905	0.0917	0.0910	0.1095	0.0916	0.0946	0.1091	0.7470	0.0899	0.0910	0.0959	0.1100	0.0903	0.0918	0.1033	0.6781	0.0902	0.0905	0.0952	0.0978	0.0902	0.0952	0.0972	0.3112	0.0910	0.0900	0.0958	0.0917	0.0905	0.0936	0.1066	0.1079	0.0917	0.0913	0.0997	0.0910	0.0920	0.0954	0.1131	0.1000	0.0913	0.0914	0.0912	0.0918	0.0907	0.0955	0.0996	
0.7746	0.8077	0.8156	0.8061	0.7667	0.5156	0.1778	0.1324	0.7737	0.1396	0.1134	0.1060	0.1046	0.0951	0.1085	0.1026	0.7419	0.0908	0.0916	0.0906	0.1101	0.0907	0.0999	0.1008	0.7497	0.0902	0.0905	0.0953	0.1115	0.0908	0.0923	0.0967	0.7001	0.0905	0.0905	0.0952	0.0983	0.0905	0.0929	0.0996	0.3350	0.0903	0.0896	0.0956	0.0911	0.0907	0.0981	0.1142	0.1090	0.0911	0.0911	0.0998	0.0907	0.0903	0.1008	0.0988	0.0978	0.0911	0.0912	0.0914	0.0914	0.0908	0.0938	0.0945	
0.7747	0.8095	0.8226	0.8092	0.7942	0.5425	0.1886	0.1295	0.7978	0.1437	0.1147	0.1073	0.1053	0.0975	0.1029	0.1005	0.7469	0.0904	0.0913	0.0906	0.1086	0.0909	0.0939	0.0987	0.7536	0.0899	0.0904	0.0956	0.1101	0.0898	0.0912	0.0990	0.7116	0.0904	0.0904	0.0954	0.0979	0.0912	0.0917	0.0981	0.3571	0.0906	0.0899	0.0960	0.0908	0.0903	0.0939	0.1085	0.1102	0.0910	0.0913	0.0993	0.0906	0.0904	0.0947	0.1037	0.0976	0.0906	0.0915	0.0913	0.0911	0.0905	0.0932	0.0928	
0.7816	0.8075	0.8097	0.8208	0.8085	0.5701	0.1919	0.1419	0.7755	0.1485	0.1155	0.1092	0.1059	0.1013	0.0982	0.0999	0.7488	0.0900	0.0918	0.0916	0.1084	0.0906	0.0944	0.0969	0.7522	0.0896	0.0907	0.0961	0.1107	0.0903	0.0910	0.0963	0.7196	0.0901	0.0911	0.0953	0.0975	0.0899	0.0921	0.0999	0.3840	0.0905	0.0892	0.0952	0.0912	0.0904	0.0925	0.1064	0.1121	0.0916	0.0910	0.0997	0.0905	0.0919	0.1135	0.1049	0.1001	0.0904	0.0922	0.0908	0.0910	0.0909	0.0948	0.0961	
0.7850	0.8098	0.8170	0.8238	0.8189	0.5967	0.2073	0.1326	0.7775	0.1515	0.1171	0.1095	0.1057	0.1058	0.1250	0.0979	0.7521	0.0897	0.0919	0.0905	0.1087	0.0921	0.0950	0.0981	0.7529	0.0897	0.0903	0.0959	0.1101	0.0904	0.0922	0.0968	0.7282	0.0905	0.0905	0.0951	0.0977	0.0905	0.0949	0.0973	0.4065	0.0902	0.0898	0.0956	0.0913	0.0909	0.0978	0.1082	0.1123	0.0917	0.0908	0.0998	0.0900	0.0910	0.0958	0.1100	0.0975	0.0907	0.0913	0.0917	0.0914	0.0912	0.0928	0.1016	
0.7812	0.8090	0.8066	0.8167	0.8202	0.6301	0.2094	0.1389	0.7941	0.1584	0.1201	0.1107	0.1057	0.1008	0.1030	0.1017	0.7539	0.0906	0.0918	0.0916	0.1084	0.0916	0.1055	0.1027	0.7573	0.0902	0.0908	0.0953	0.1106	0.0899	0.0911	0.0969	0.7290	0.0903	0.0904	0.0953	0.0987	0.0905	0.0983	0.1003	0.4344	0.0901	0.0900	0.0955	0.0912	0.0914	0.1050	0.1128	0.1138	0.0916	0.0913	0.0992	0.0902	0.0905	0.0962	0.1059	0.0982	0.0910	0.0915	0.0919	0.0917	0.0910	0.0954	0.1056	
0.7849	0.8113	0.8071	0.8166	0.8173	0.6559	0.2136	0.1625	0.7802	0.1660	0.1209	0.1123	0.1060	0.1010	0.1013	0.1026	0.7535	0.0898	0.0920	0.0911	0.1092	0.0912	0.0970	0.1019	0.7573	0.0895	0.0906	0.0957	0.1143	0.0900	0.0917	0.0973	0.7324	0.0900	0.0905	0.0955	0.0977	0.0896	0.0932	0.1030	0.4595	0.0905	0.0891	0.0948	0.0910	0.0902	0.1008	0.1078	0.1136	0.0907	0.0908	0.0987	0.0898	0.0908	0.1086	0.1006	0.1012	0.0910	0.0911	0.0915	0.0905	0.0906	0.0955	0.0939	
0.7918	0.8143	0.8145	0.8280	0.8156	0.6874	0.2239	0.1491	0.7838	0.1728	0.1231	0.1125	0.1060	0.1011	0.1136	0.1037	0.7568	0.0899	0.0918	0.0902	0.1079	0.0899	0.0996	0.0956	0.7604	0.0894	0.0912	0.0956	0.1097	0.0896	0.0917	0.0970	0.7324	0.0899	0.0901	0.0949	0.0970	0.0913	0.0931	0.1027	0.4879	0.0905	0.0892	0.0953	0.0913	0.0900	0.0951	0.1055	0.1174	0.0912	0.0901	0.0996	0.0897	0.0899	0.0949	0.1085	0.1028	0.0902	0.0904	0.0913	0.0907	0.0907	0.0948	0.0925	
0.7885	0.8164	0.8159	0.8260	0.8159	0.7147	0.2378	0.1480	0.7850	0.1794	0.1259	0.1148	0.1056	0.1016	0.1014	0.1050	0.7581	0.0894	0.0920	0.0908	0.1085	0.0906	0.0941	0.0960	0.7606	0.0895	0.0905	0.0956	0.1102	0.0906	0.0931	0.1202	0.7327	0.0902	0.0900	0.0946	0.0976	0.0909	0.0947	0.1019	0.5112	0.0903	0.0902	0.0959	0.0912	0.0911	0.1091	0.1057	0.1173	0.0911	0.0912	0.0986	0.0903	0.0899	0.0961	0.0967	0.0990	0.0906	0.0905	0.0912	0.0912	0.0908	0.0950	0.0932	
0.7940	0.8193	0.8060	0.8330	0.8231	0.7451	0.2488	0.1536	0.7860	0.1879	0.1286	0.1177	0.1070	0.1028	0.1208	0.1045	0.7612	0.0901	0.0916	0.0904	0.1087	0.0907	0.0939	0.1212	0.7599	0.0901	0.0902	0.0961	0.1103	0.0903	0.0919	0.1048	0.7366	0.0902	0.0907	0.0951	0.0980	0.0921	0.0922	0.1041	0.5352	0.0906	0.0896	0.0954	0.0912	0.0907	0.0924	0.1069	0.1193	0.0914	0.0905	0.0993	0.0906	0.0918	0.0959	0.1063	0.1008	0.0906	0.0918	0.0913	0.0912	0.0909	0.0952	0.0944	
0.7994	0.8206	0.8221	0.8358	0.8247	0.7754	0.2592	0.1609	0.7893	0.1950	0.1323	0.1194	0.1072	0.1021	0.0989	0.1053	0.7688	0.0909	0.0924	0.0922	0.1091	0.0909	0.0969	0.0964	0.7653	0.0905	0.0909	0.0962	0.1105	0.0901	0.0926	0.0976	0.7425	0.0905	0.0901	0.0953	0.0975	0.0901	0.0924	0.1025	0.5572	0.0907	0.0904	0.0963	0.0919	0.0900	0.0974	0.1074	0.1219	0.0914	0.0910	0.0997	0.0908	0.0907	0.0953	0.0989	0.0998	0.0907	0.0924	0.0918	0.0917	0.0912	0.0950	0.1064	
0.8001	0.8223	0.8292	0.8269	0.8243	0.8018	0.2766	0.1612	0.7928	0.2044	0.1359	0.1194	0.1070	0.1033	0.0997	0.1038	0.7691	0.0896	0.0915	0.0919	0.1074	0.0904	0.0949	0.1046	0.7668	0.0890	0.0904	0.0962	0.1094	0.0897	0.0907	0.1169	0.7425	0.0897	0.0899	0.0942	0.0975	0.0922	0.0964	0.1028	0.5802	0.0893	0.0889	0.0946	0.0908	0.0902	0.1108	0.1069	0.1216	0.0907	0.0907	0.0988	0.0898	0.0907	0.0965	0.0952	0.0999	0.0899	0.0906	0.0909	0.0904	0.0895	0.0952	0.0975	
0.8008	0.8227	0.8209	0.8305	0.8221	0.8238	0.2873	0.1639	0.7921	0.2160	0.1390	0.1228	0.1078	0.1046	0.0977	0.1030	0.7712	0.0896	0.0909	0.0914	0.1078	0.0906	0.0933	0.1204	0.7700	0.0895	0.0897	0.0953	0.1103	0.0896	0.0911	0.1016	0.7422	0.0899	0.0904	0.0943	0.0980	0.0913	0.0949	0.1019	0.6067	0.0898	0.0893	0.0951	0.0909	0.0898	0.1119	0.1059	0.1241	0.0909	0.0907	0.0986	0.0898	0.0894	0.0955	0.1112	0.1006	0.0902	0.0911	0.0907	0.0901	0.0908	0.0956	0.0926	
0.8050	0.8269	0.8360	0.8396	0.8287	0.8339	0.3204	0.1771	0.7955	0.2259	0.1429	0.1247	0.1085	0.1054	0.1013	0.1040	0.7758	0.0902	0.0917	0.0922	0.1081	0.0906	0.0933	0.0968	0.7707	0.0897	0.0910	0.0954	0.1097	0.0900	0.0916	0.0961	0.7441	0.0900	0.0900	0.0951	0.0978	0.0896	0.0920	0.1026	0.6286	0.0899	0.0900	0.0952	0.0913	0.0907	0.1062	0.1053	0.1275	0.0908	0.0902	0.0981	0.0903	0.0907	0.0959	0.0959	0.1012	0.0903	0.0906	0.0908	0.0910	0.0905	0.0954	0.0949	
0.8085	0.8298	0.8380	0.8356	0.8337	0.8371	0.3389	0.1713	0.7961	0.2400	0.1479	0.1277	0.1094	0.1121	0.1003	0.1040	0.7793	0.0900	0.0922	0.0917	0.1086	0.0906	0.0944	0.1175	0.7764	0.0897	0.0906	0.0953	0.1106	0.0902	0.0917	0.0995	0.7463	0.0901	0.0906	0.0953	0.0986	0.0904	0.0934	0.1028	0.6554	0.0904	0.0890	0.0959	0.0914	0.0905	0.1079	0.1070	0.1294	0.0911	0.0908	0.0993	0.0905	0.0901	0.0954	0.0968	0.1010	0.0905	0.0916	0.0915	0.0914	0.0914	0.0960	0.1156	
0.8048	0.8317	0.8375	0.8363	0.8284	0.8307	0.3360	0.1753	0.7945	0.2531	0.1529	0.1314	0.1091	0.1056	0.1056	0.1035	0.7790	0.0898	0.0917	0.0920	0.1079	0.0908	0.0958	0.1020	0.7748	0.0894	0.0904	0.0953	0.1095	0.0896	0.0920	0.0997	0.7424	0.0902	0.0896	0.0956	0.0982	0.0894	0.0925	0.1012	0.6735	0.0899	0.0886	0.0948	0.0909	0.0895	0.0937	0.1047	0.1317	0.0907	0.0898	0.0986	0.0897	0.0900	0.1144	0.0970	0.1036	0.0902	0.0910	0.0909	0.0907	0.0907	0.0935	0.1013	
0.8101	0.8340	0.8314	0.8389	0.8338	0.8312	0.3545	0.1897	0.7959	0.2655	0.1586	0.1322	0.1096	0.1100	0.1101	0.1065	0.7846	0.0898	0.0915	0.0924	0.1079	0.0910	0.0946	0.1156	0.7780	0.0895	0.0898	0.0952	0.1102	0.0895	0.0952	0.0999	0.7514	0.0902	0.0896	0.0958	0.0985	0.0891	0.0961	0.1037	0.6921	0.0900	0.0891	0.0950	0.0905	0.0895	0.1001	0.1038	0.1367	0.0909	0.0900	0.0981	0.0897	0.0897	0.0969	0.0968	0.1032	0.0904	0.0908	0.0911	0.0908	0.0905	0.0969	0.0958	
0.8114	0.8363	0.8268	0.8388	0.8397	0.8345	0.3910	0.1920	0.8020	0.2892	0.1660	0.1379	0.1112	0.1174	0.1172	0.1056	0.7897	0.0903	0.0914	0.0917	0.1081	0.0910	0.0938	0.0985	0.7814	0.0895	0.0902	0.0961	0.1106	0.0904	0.0919	0.1015	0.7568	0.0901	0.0894	0.0954	0.0975	0.0907	0.0964	0.1041	0.7093	0.0902	0.0893	0.0960	0.0910	0.0900	0.1186	0.1037	0.1404	0.0907	0.0902	0.0988	0.0904	0.0907	0.0945	0.0982	0.1026	0.0905	0.0910	0.0915	0.0907	0.0913	0.0962	0.1121	
0.8146	0.8366	0.8191	0.8478	0.8386	0.8348	0.3963	0.1961	0.8013	0.3043	0.1716	0.1405	0.1111	0.1159	0.1018	0.1058	0.7901	0.0901	0.0914	0.0926	0.1085	0.0915	0.0948	0.1117	0.7833	0.0896	0.0896	0.0960	0.1102	0.0900	0.0909	0.0971	0.7536	0.0904	0.0906	0.0954	0.0985	0.0907	0.0925	0.1039	0.7096	0.0903	0.0902	0.0956	0.0914	0.0903	0.0945	0.1065	0.1429	0.0910	0.0907	0.0989	0.0905	0.0894	0.0976	0.0962	0.1026	0.0911	0.0912	0.0916	0.0910	0.0904	0.0955	0.0939	
0.8183	0.8420	0.8322	0.8483	0.8427	0.8334	0.4162	0.2065	0.8012	0.3246	0.1781	0.1452	0.1123	0.1097	0.1057	0.1059	0.7930	0.0907	0.0917	0.0928	0.1084	0.0909	0.1021	0.0973	0.7880	0.0897	0.0905	0.0960	0.1098	0.0898	0.0917	0.0968	0.7590	0.0901	0.0901	0.0956	0.0986	0.0913	0.0929	0.1032	0.7159	0.0903	0.0889	0.0957	0.0907	0.0908	0.0996	0.1050	0.1473	0.0918	0.0909	0.1002	0.0899	0.0908	0.0944	0.0960	0.1039	0.0916	0.0911	0.0913	0.0914	0.0910	0.0958	0.1044	
0.8161	0.8451	0.8391	0.8558	0.8446	0.8354	0.4398	0.2120	0.8047	0.3441	0.1887	0.1495	0.1131	0.1111	0.1004	0.1048	0.7951	0.0900	0.0918	0.0919	0.1095	0.0911	0.0959	0.0959	0.7859	0.0893	0.0906	0.0957	0.1096	0.0905	0.0918	0.0956	0.7601	0.0901	0.0900	0.0953	0.0975	0.0898	0.0932	0.1026	0.7190	0.0901	0.0891	0.0957	0.0911	0.0905	0.1032	0.1045	0.1510	0.0909	0.0903	0.0983	0.0902	0.0898	0.0980	0.0965	0.1031	0.0908	0.0924	0.0913	0.0904	0.0905	0.0960	0.1007	
