0.0900	0.0874	0.0878	0.0899	0.0908	0.0912	0.0946	0.0909	0.0996	0.0969	0.0889	0.0914	0.0914	0.1010	0.1005	0.0906	0.0927	0.0904	0.0891	0.0910	0.0893	0.0917	0.0861	0.0998	0.1013	0.0932	0.0895	0.0904	0.0902	0.0914	0.0959	0.0862	0.0893	0.0909	0.0913	0.0890	0.0881	0.0868	0.0923	0.0872	0.0895	0.0937	0.0906	0.0962	0.0884	0.0903	0.0951	0.0903	0.0889	0.0885	0.0894	0.0917	0.0923	0.0907	0.0911	0.0893	0.0934	0.0998	0.1134	0.1128	0.0942	0.1028	0.0872	0.0895	
0.0913	0.0929	0.0930	0.0916	0.0923	0.0927	0.0933	0.0954	0.0899	0.0939	0.0918	0.0928	0.0904	0.0920	0.0934	0.0919	0.0960	0.0926	0.0928	0.0914	0.0909	0.0962	0.0882	0.1000	0.0929	0.0936	0.0915	0.0927	0.0922	0.0939	0.0933	0.0896	0.0904	0.0924	0.0956	0.0918	0.0925	0.0930	0.0939	0.0932	0.0904	0.0934	0.0922	0.0930	0.0918	0.0934	0.0961	0.0920	0.0923	0.0936	0.0933	0.0928	0.0939	0.0952	0.0919	0.0932	0.0914	0.0918	0.0945	0.0933	0.0945	0.0953	0.0935	0.0926	
0.0900	0.0927	0.0962	0.0912	0.0929	0.0928	0.0941	0.0954	0.0942	0.0922	0.0935	0.0927	0.0922	0.0912	0.0927	0.0911	0.0949	0.0934	0.0931	0.0931	0.0934	0.0976	0.0866	0.1002	0.0914	0.0926	0.0915	0.0925	0.0934	0.0932	0.0938	0.0943	0.0927	0.0926	0.0934	0.0933	0.0925	0.0917	0.0953	0.1000	0.0918	0.0932	0.0944	0.0925	0.0920	0.0912	0.0969	0.0923	0.0913	0.0919	0.0922	0.0936	0.0945	0.0933	0.0940	0.0940	0.0921	0.0943	0.0961	0.0938	0.0934	0.0965	0.0923	0.0919	
0.0911	0.0928	0.0944	0.0921	0.0912	0.0911	0.0940	0.0933	0.0931	0.0936	0.0927	0.0910	0.0909	0.0908	0.0911	0.0907	0.0926	0.0898	0.0889	0.0914	0.0907	0.0977	0.0869	0.0987	0.0907	0.0915	0.0900	0.0883	0.0893	0.0882	0.0922	0.0897	0.0911	0.0914	0.0922	0.0887	0.0889	0.0897	0.0964	0.0902	0.0910	0.0921	0.0895	0.0916	0.0904	0.0911	0.0956	0.0906	0.0913	0.0902	0.0898	0.0907	0.0950	0.0917	0.0909	0.0956	0.0916	0.0923	0.0902	0.0921	0.0914	0.0925	0.0926	0.0921	
0.0904	0.0902	0.0919	0.0915	0.0934	0.0918	0.0925	0.0951	0.0890	0.0913	0.0935	0.0931	0.0902	0.0895	0.0932	0.0919	0.0959	0.0938	0.0909	0.0943	0.0922	0.0926	0.0863	0.1003	0.0910	0.0933	0.0914	0.0917	0.0930	0.0916	0.0924	0.0934	0.0916	0.0919	0.0918	0.0897	0.0918	0.0907	0.0924	0.0917	0.0919	0.0898	0.0907	0.0926	0.0909	0.0895	0.0946	0.0923	0.0901	0.0911	0.0900	0.0920	0.0929	0.0898	0.0928	0.0909	0.0911	0.0942	0.0936	0.0911	0.0946	0.0927	0.0902	0.0894	
0.0919	0.0893	0.0917	0.0902	0.0912	0.0912	0.0911	0.0907	0.0894	0.0910	0.0915	0.0925	0.0934	0.0908	0.0915	0.0885	0.0947	0.0928	0.0923	0.0920	0.0924	0.0934	0.0859	0.0971	0.0904	0.0906	0.0933	0.0931	0.0904	0.0913	0.0930	0.0884	0.0917	0.0933	0.0909	0.0892	0.0886	0.0897	0.0948	0.0902	0.0892	0.0897	0.0889	0.0931	0.0882	0.0909	0.0961	0.0895	0.0908	0.0902	0.0928	0.0896	0.0933	0.0945	0.0900	0.0894	0.0893	0.0921	0.0913	0.0914	0.0933	0.0938	0.0929	0.0907	
0.0917	0.0897	0.0927	0.0912	0.0949	0.0930	0.0927	0.0948	0.0892	0.0935	0.0926	0.0913	0.0916	0.0929	0.0903	0.0910	0.0908	0.0896	0.0905	0.0903	0.0934	0.0942	0.0855	0.0972	0.0988	0.0894	0.0920	0.0925	0.0908	0.0909	0.0930	0.0900	0.0889	0.0903	0.0936	0.0899	0.0923	0.0908	0.0945	0.0905	0.0918	0.0898	0.0914	0.0909	0.0897	0.0896	0.0974	0.0889	0.0904	0.0899	0.0906	0.0932	0.0907	0.0895	0.0925	0.0943	0.0930	0.0929	0.0922	0.0907	0.0923	0.0935	0.0923	0.0907	
0.0946	0.0943	0.0961	0.0937	0.0968	0.0949	0.0964	0.0948	0.0951	0.0952	0.0924	0.0966	0.0953	0.0968	0.0942	0.0923	0.0929	0.0936	0.0942	0.0951	0.0945	0.0955	0.0850	0.1027	0.0942	0.0915	0.0918	0.0970	0.0940	0.0944	0.0960	0.0914	0.0926	0.0964	0.0956	0.0969	0.0929	0.0932	0.0965	0.0915	0.0953	0.0934	0.0932	0.0924	0.0924	0.0909	0.1006	0.0939	0.0910	0.0925	0.0931	0.0938	0.0941	0.0931	0.0952	0.0917	0.0948	0.0926	0.0919	0.0937	0.0954	0.0952	0.0944	0.0956	
0.0898	0.0893	0.0899	0.0908	0.0911	0.0883	0.0904	0.0915	0.0887	0.0928	0.0903	0.0931	0.0903	0.0919	0.0903	0.0895	0.0881	0.0903	0.0899	0.0930	0.0909	0.0957	0.0845	0.0967	0.0907	0.0903	0.0886	0.0896	0.0900	0.0904	0.0916	0.0880	0.0906	0.0902	0.0905	0.0914	0.0916	0.0888	0.0934	0.0909	0.0898	0.0908	0.0907	0.0911	0.0913	0.0908	0.0937	0.0912	0.0878	0.0913	0.0908	0.0919	0.0907	0.0926	0.0897	0.0893	0.0893	0.0926	0.0931	0.0928	0.0922	0.0920	0.0919	0.0906	
0.0892	0.0903	0.0935	0.0908	0.0917	0.0898	0.0913	0.0900	0.0880	0.0902	0.0932	0.0943	0.0903	0.0913	0.0891	0.0910	0.0890	0.0921	0.0892	0.0920	0.0919	0.0924	0.0842	0.0981	0.0900	0.0922	0.0922	0.0922	0.0897	0.0914	0.0914	0.0905	0.0911	0.0909	0.0938	0.0931	0.0924	0.0906	0.0938	0.0919	0.0892	0.0922	0.0912	0.0909	0.0921	0.0915	0.0948	0.0906	0.0884	0.0904	0.0936	0.0945	0.0900	0.0931	0.0908	0.0925	0.0905	0.0911	0.0937	0.0929	0.0942	0.0930	0.0910	0.0902	
0.0911	0.0899	0.0897	0.0913	0.0936	0.0929	0.0909	0.0918	0.0925	0.0937	0.0911	0.0914	0.0898	0.0918	0.0908	0.0898	0.0886	0.0887	0.0913	0.0903	0.0925	0.0962	0.0831	0.0962	0.0887	0.0904	0.0889	0.0910	0.0917	0.0911	0.0906	0.0889	0.0893	0.0935	0.0917	0.0896	0.0923	0.0898	0.0934	0.0916	0.0892	0.0888	0.0935	0.0920	0.0899	0.0920	0.0963	0.0922	0.0888	0.0914	0.0891	0.0917	0.0917	0.0899	0.0934	0.0928	0.0935	0.0939	0.0917	0.0893	0.0921	0.0942	0.0907	0.0910	
0.0910	0.0901	0.0927	0.0892	0.0919	0.0918	0.0912	0.0925	0.0922	0.0918	0.0887	0.0886	0.0902	0.0878	0.0905	0.0896	0.0912	0.0907	0.0924	0.0912	0.0908	0.0926	0.0824	0.0965	0.0904	0.0900	0.0916	0.0909	0.0922	0.0967	0.0907	0.0874	0.0887	0.0912	0.0918	0.0886	0.0904	0.0903	0.0920	0.0925	0.0890	0.0884	0.0892	0.0906	0.0916	0.0893	0.0956	0.0909	0.0900	0.0917	0.0915	0.0925	0.0921	0.0920	0.0905	0.0900	0.0917	0.0932	0.0921	0.0912	0.0919	0.0950	0.0911	0.0909	
0.0875	0.0863	0.0904	0.0870	0.0873	0.0903	0.0908	0.0911	0.0872	0.0875	0.0891	0.0879	0.0848	0.0887	0.0898	0.0852	0.0852	0.0878	0.0858	0.0848	0.0874	0.0900	0.0841	0.0930	0.0869	0.0884	0.0882	0.0899	0.0879	0.0890	0.0868	0.0853	0.0887	0.0886	0.0869	0.0878	0.0857	0.0854	0.0898	0.0888	0.0864	0.0873	0.0881	0.0871	0.0856	0.0864	0.0928	0.0863	0.0870	0.0886	0.0878	0.0879	0.0872	0.0884	0.0892	0.0857	0.0884	0.0892	0.0886	0.0877	0.0870	0.0890	0.0887	0.0864	
0.0913	0.0908	0.0932	0.0915	0.0907	0.0927	0.0930	0.0927	0.0903	0.0911	0.0901	0.0925	0.0924	0.0910	0.0933	0.0904	0.0884	0.0935	0.0885	0.0904	0.0888	0.0943	0.0827	0.0977	0.0908	0.0880	0.0957	0.0909	0.0927	0.0927	0.0949	0.0906	0.0923	0.0903	0.0934	0.0909	0.0887	0.0900	0.0927	0.0899	0.0898	0.0903	0.0909	0.0927	0.0916	0.0914	0.0954	0.0902	0.0885	0.0912	0.0923	0.0920	0.0915	0.0922	0.0917	0.0904	0.0904	0.0918	0.0905	0.0908	0.0922	0.0933	0.0914	0.0900	
0.0927	0.0931	0.0955	0.0943	0.0951	0.0916	0.0984	0.0951	0.0921	0.0932	0.0942	0.0964	0.0939	0.0935	0.0938	0.0943	0.0917	0.0942	0.0926	0.0906	0.0927	0.0989	0.0832	0.0975	0.0935	0.0935	0.0921	0.0926	0.0953	0.0938	0.0926	0.0945	0.0938	0.0951	0.0945	0.0925	0.0915	0.0931	0.0978	0.0938	0.0912	0.0929	0.0935	0.0984	0.0941	0.0947	0.0992	0.0967	0.0929	0.0949	0.0950	0.0945	0.0957	0.0939	0.0949	0.0948	0.0943	0.0937	0.0934	0.0941	0.0954	0.0969	0.0934	0.0964	
0.0928	0.0917	0.0947	0.0919	0.0923	0.0945	0.0990	0.0967	0.0938	0.0919	0.0914	0.0922	0.0964	0.0957	0.0923	0.0915	0.0903	0.0903	0.0902	0.0922	0.0949	0.0969	0.0825	0.0995	0.0925	0.0939	0.0946	0.0935	0.0922	0.0946	0.0957	0.0942	0.0946	0.0963	0.0962	0.0925	0.0921	0.0915	0.0943	0.0925	0.0926	0.0941	0.0921	0.0928	0.0936	0.0934	0.0967	0.0935	0.0924	0.0907	0.0925	0.0948	0.0936	0.0945	0.0941	0.0930	0.0946	0.0947	0.0957	0.0945	0.0956	0.0972	0.0940	0.0955	
0.0926	0.0922	0.0944	0.0933	0.0931	0.0952	0.0962	0.0941	0.0912	0.0942	0.0940	0.0941	0.0916	0.0936	0.0914	0.0912	0.0934	0.0932	0.0929	0.0912	0.0937	0.0961	0.0829	0.1010	0.0933	0.0933	0.0938	0.0929	0.0920	0.0927	0.0945	0.0923	0.0918	0.0948	0.0956	0.0945	0.0938	0.0944	0.0930	0.0925	0.0911	0.0911	0.0926	0.0936	0.0910	0.0928	0.1004	0.0922	0.0911	0.0927	0.0945	0.0920	0.0930	0.0939	0.0934	0.0941	0.0945	0.0920	0.0950	0.0938	0.0929	0.1014	0.0931	0.0903	
0.0938	0.0929	0.0963	0.0903	0.0934	0.0950	0.0948	0.0946	0.0911	0.0936	0.0917	0.0944	0.0926	0.0944	0.0913	0.0929	0.0912	0.0941	0.0935	0.0910	0.0929	0.0981	0.0831	0.1002	0.0937	0.0920	0.0929	0.0935	0.0927	0.0947	0.0938	0.0902	0.0936	0.0924	0.0949	0.0937	0.0921	0.0929	0.0943	0.0940	0.0924	0.0986	0.0925	0.0938	0.0931	0.0943	0.0979	0.0955	0.0950	0.0943	0.0923	0.0917	0.0941	0.0932	0.0928	0.0902	0.0921	0.0948	0.0947	0.0954	0.0948	0.0947	0.0925	0.0944	
0.0928	0.0947	0.0933	0.0912	0.0931	0.0922	0.0909	0.0926	0.0982	0.0964	0.0941	0.0930	0.0901	0.0929	0.0914	0.0908	0.0939	0.0925	0.0892	0.0903	0.0906	0.0949	0.0823	0.0985	0.0908	0.0922	0.0905	0.0915	0.0927	0.0920	0.0932	0.0901	0.0911	0.0933	0.0924	0.0999	0.0917	0.0923	0.0935	0.0909	0.0901	0.0915	0.0930	0.0912	0.0899	0.0938	0.0970	0.0912	0.0908	0.0919	0.0905	0.0935	0.0927	0.0911	0.0914	0.0919	0.0914	0.0909	0.0921	0.0902	0.0928	0.0935	0.0915	0.0938	
0.0923	0.0934	0.0945	0.0951	0.0927	0.0911	0.0936	0.0952	0.0924	0.0952	0.0934	0.0932	0.0930	0.0930	0.0901	0.0904	0.0939	0.0911	0.0919	0.0936	0.0942	0.0947	0.0836	0.1005	0.0936	0.0928	0.0923	0.0938	0.0935	0.0932	0.0942	0.0906	0.0941	0.0947	0.0929	0.0925	0.0923	0.0919	0.0940	0.0928	0.0889	0.0907	0.0917	0.0920	0.0921	0.0906	0.0967	0.0913	0.0909	0.0924	0.0915	0.0929	0.0932	0.0916	0.0916	0.0925	0.0918	0.0937	0.0917	0.0952	0.0924	0.0945	0.0925	0.0942	
0.0941	0.0952	0.0964	0.0928	0.0939	0.0933	0.0950	0.0937	0.0933	0.0961	0.0935	0.0953	0.0929	0.0924	0.0924	0.0923	0.0947	0.0940	0.0905	0.0917	0.0923	0.0979	0.0834	0.0992	0.0915	0.0898	0.0926	0.0908	0.0917	0.0928	0.0922	0.0933	0.0920	0.0938	0.0918	0.0906	0.0919	0.0929	0.0961	0.0933	0.0924	0.0918	0.0939	0.0924	0.0910	0.0942	0.0971	0.0913	0.0945	0.0910	0.0915	0.0938	0.0948	0.0932	0.0909	0.0942	0.0918	0.0935	0.0940	0.0957	0.0947	0.0943	0.0931	0.0919	
0.0990	0.0958	0.0994	0.0975	0.0981	0.0968	0.0963	0.0979	0.0981	0.0956	0.0954	0.0984	0.0932	0.0969	0.0933	0.0917	0.0950	0.0982	0.0940	0.0962	0.0939	0.0978	0.0832	0.1026	0.0945	0.0938	0.0923	0.0953	0.0950	0.0969	0.0954	0.0972	0.0939	0.0954	0.0961	0.1002	0.0943	0.0932	0.0965	0.0926	0.0944	0.0957	0.0952	0.0971	0.0946	0.0951	0.1004	0.0927	0.0932	0.0934	0.0949	0.0986	0.0985	0.0945	0.0931	0.0976	0.0956	0.0959	0.0944	0.0943	0.0961	0.0965	0.0954	0.0978	
0.0974	0.0986	0.0971	0.0932	0.0953	0.0941	0.0957	0.0950	0.0962	0.0958	0.0947	0.0928	0.0939	0.0948	0.0921	0.0934	0.0959	0.0936	0.0953	0.0928	0.0942	0.0963	0.0826	0.1011	0.0954	0.0942	0.0950	0.0918	0.0927	0.0963	0.0957	0.0940	0.0946	0.0946	0.0931	0.0931	0.0949	0.0937	0.0959	0.0941	0.0932	0.0945	0.0930	0.0936	0.0927	0.0939	0.1002	0.0924	0.0928	0.0929	0.0935	0.0928	0.0968	0.0938	0.0955	0.0937	0.0956	0.0945	0.0955	0.0928	0.0936	0.0965	0.0947	0.0950	
0.0978	0.0956	0.0983	0.0920	0.0950	0.0931	0.0952	0.0933	0.0956	0.0957	0.0963	0.0930	0.0924	0.0947	0.0927	0.0925	0.0951	0.0956	0.0928	0.0943	0.0943	0.0949	0.0824	0.0989	0.0949	0.0940	0.0925	0.0930	0.0924	0.0934	0.0941	0.0935	0.0926	0.0948	0.0937	0.0924	0.0914	0.0941	0.0956	0.0943	0.0939	0.0914	0.0931	0.0928	0.0935	0.0924	0.0967	0.0920	0.0937	0.0930	0.0940	0.0954	0.0950	0.0949	0.0928	0.0944	0.0951	0.0938	0.0925	0.0946	0.0946	0.0984	0.0951	0.0952	
0.0963	0.0987	0.0973	0.0920	0.0936	0.0942	0.0931	0.0948	0.0983	0.0969	0.0957	0.0938	0.0905	0.0930	0.0907	0.0912	0.0967	0.0933	0.0923	0.0910	0.0907	0.0954	0.0827	0.0997	0.0960	0.0922	0.0949	0.0920	0.0928	0.0910	0.0936	0.0909	0.0923	0.0950	0.0941	0.0915	0.0911	0.0913	0.0942	0.0928	0.0925	0.0938	0.0917	0.0939	0.0915	0.0923	0.0962	0.0921	0.0919	0.0916	0.0951	0.0942	0.0941	0.0996	0.0960	0.0964	0.0935	0.0953	0.0946	0.0954	0.0998	0.0962	0.0924	0.0940	
0.1020	0.0996	0.1018	0.0965	0.1015	0.0946	0.0953	0.0946	0.0995	0.0977	0.0972	0.0945	0.0944	0.0974	0.0938	0.0935	0.0986	0.1006	0.0939	0.0982	0.0947	0.0970	0.0830	0.1007	0.0987	0.0992	0.0950	0.0949	0.0930	0.0933	0.0937	0.0948	0.0958	0.0948	0.0953	0.0941	0.0922	0.0967	0.0952	0.0933	0.0948	0.0943	0.0940	0.0971	0.0941	0.0928	0.0988	0.0961	0.0941	0.0929	0.0955	0.0938	0.0934	0.0958	0.0927	0.0935	0.0940	0.0951	0.0948	0.0957	0.0951	0.0978	0.0992	0.0943	
0.0929	0.0946	0.0947	0.0910	0.0880	0.0884	0.0910	0.0883	0.0933	0.0942	0.0925	0.0898	0.0887	0.0887	0.0879	0.0849	0.0934	0.0907	0.0879	0.0863	0.0891	0.0901	0.0845	0.0951	0.0899	0.0899	0.0884	0.0893	0.0879	0.0900	0.0897	0.0893	0.0895	0.0892	0.0888	0.0863	0.0870	0.0868	0.0901	0.0888	0.0882	0.0879	0.0888	0.0865	0.0879	0.0884	0.0907	0.0863	0.0876	0.0858	0.0861	0.0882	0.0901	0.0891	0.0876	0.0867	0.0893	0.0910	0.0895	0.0884	0.0911	0.0919	0.0889	0.0890	
0.1013	0.1020	0.1032	0.0986	0.0988	0.0966	0.0951	0.0950	0.1022	0.1016	0.0974	0.0945	0.0947	0.0941	0.0932	0.0942	0.1005	0.0994	0.0956	0.0941	0.0955	0.0970	0.0839	0.1026	0.0984	0.0960	0.0945	0.0958	0.0932	0.0968	0.0955	0.0931	0.0977	0.0964	0.0949	0.0950	0.0929	0.0924	0.0993	0.0945	0.0961	0.0958	0.0935	0.0964	0.0945	0.0974	0.1003	0.0945	0.0964	0.1014	0.0995	0.0999	0.1000	0.1012	0.1008	0.1005	0.1017	0.1018	0.1019	0.1029	0.1009	0.1022	0.0997	0.0990	
0.1006	0.1012	0.1047	0.0958	0.0935	0.0935	0.0915	0.0895	0.1000	0.0970	0.0971	0.0950	0.0907	0.0904	0.0904	0.0917	0.0965	0.0970	0.0922	0.0893	0.0883	0.0953	0.0844	0.0962	0.0932	0.0911	0.0924	0.0926	0.0923	0.0926	0.0894	0.0895	0.0949	0.0902	0.0910	0.0895	0.0886	0.0861	0.0924	0.0900	0.0894	0.0883	0.0874	0.0906	0.0888	0.0921	0.0931	0.0881	0.0875	0.0891	0.0879	0.0878	0.0934	0.0864	0.0899	0.0895	0.0932	0.0895	0.0900	0.0917	0.0904	0.0941	0.0903	0.0919	
0.1016	0.1023	0.1029	0.0962	0.0943	0.0926	0.0901	0.0943	0.0997	0.1003	0.0941	0.0926	0.0925	0.0909	0.0931	0.0890	0.1009	0.0948	0.0915	0.0905	0.0913	0.0961	0.0820	0.0976	0.0954	0.0924	0.0912	0.0912	0.0908	0.0903	0.0892	0.0897	0.0951	0.0945	0.0958	0.0913	0.0887	0.0885	0.0940	0.0904	0.0932	0.0922	0.0918	0.0904	0.0886	0.0919	0.0967	0.0916	0.0917	0.0904	0.0932	0.0937	0.0919	0.0921	0.0928	0.0928	0.0959	0.0982	0.0945	0.0935	0.0948	0.0981	0.0950	0.0949	
0.1056	0.1048	0.1060	0.1013	0.0958	0.0961	0.0949	0.0948	0.1047	0.1009	0.0998	0.0956	0.0910	0.0936	0.0917	0.0906	0.0996	0.0978	0.0929	0.0943	0.0926	0.0956	0.0840	0.0980	0.0973	0.0924	0.0932	0.0917	0.0886	0.0909	0.0937	0.0949	0.0945	0.0899	0.0937	0.0885	0.0905	0.0885	0.0907	0.0903	0.0897	0.0902	0.0921	0.0888	0.0900	0.0908	0.0943	0.0878	0.0866	0.0885	0.0882	0.0917	0.0902	0.0902	0.0892	0.0902	0.0913	0.0904	0.0907	0.0903	0.0909	0.0912	0.0904	0.0885	
0.1081	0.1127	0.1096	0.1024	0.0978	0.0948	0.0965	0.0950	0.1085	0.1050	0.0998	0.0989	0.0939	0.0941	0.0944	0.0952	0.1058	0.0995	0.0941	0.0968	0.0953	0.0960	0.0834	0.1024	0.1025	0.0987	0.0947	0.0978	0.0944	0.0942	0.0928	0.0924	0.0967	0.0948	0.0957	0.0963	0.0931	0.0939	0.0961	0.0933	0.0949	0.0948	0.0950	0.0944	0.0954	0.0958	0.1009	0.0948	0.0956	0.0950	0.0939	0.0941	0.0955	0.0944	0.0955	0.0974	0.0956	0.0950	0.0943	0.0956	0.0947	0.0968	0.0973	0.0949	
0.1122	0.1128	0.1102	0.1070	0.0982	0.0965	0.1006	0.0965	0.1120	0.1104	0.1030	0.0980	0.0960	0.0952	0.0960	0.0920	0.1098	0.1013	0.0962	0.0962	0.0968	0.0969	0.0837	0.1034	0.1045	0.0986	0.0963	0.0959	0.0959	0.0948	0.0950	0.0937	0.0990	0.0977	0.0976	0.0961	0.0939	0.0960	0.0978	0.0962	0.0972	0.0977	0.0955	0.0947	0.0971	0.0946	0.0998	0.0970	0.0951	0.0954	0.0989	0.0967	0.0968	0.1015	0.0965	0.0951	0.0966	0.0970	0.0977	0.0964	0.0953	0.0985	0.0974	0.0975	
0.1141	0.1146	0.1156	0.1075	0.1012	0.0964	0.0945	0.0939	0.1113	0.1107	0.1030	0.0973	0.0935	0.0937	0.0930	0.0934	0.1085	0.1072	0.0951	0.0986	0.0969	0.0971	0.0845	0.1010	0.1040	0.0984	0.0948	0.0965	0.0937	0.0929	0.0939	0.0956	0.0980	0.1012	0.0988	0.0929	0.0920	0.0914	0.0961	0.0952	0.0969	0.0941	0.0960	0.0962	0.0931	0.0940	0.0995	0.0951	0.0933	0.0953	0.0978	0.0933	0.0981	0.0951	0.0978	0.0962	0.0936	0.0952	0.0983	0.0956	0.0952	0.1045	0.0958	0.0954	
0.1107	0.1139	0.1109	0.1020	0.0935	0.0969	0.0898	0.0885	0.1097	0.1073	0.1021	0.0918	0.0912	0.0880	0.0906	0.0876	0.1044	0.0997	0.0965	0.0904	0.0896	0.0909	0.0834	0.0970	0.1006	0.0914	0.0902	0.0889	0.0977	0.0878	0.0873	0.0872	0.0986	0.0997	0.0946	0.0930	0.0920	0.0939	0.0975	0.0960	0.0982	0.0953	0.0939	0.0959	0.0942	0.0945	0.0997	0.0920	0.0965	0.0923	0.0933	0.0934	0.0950	0.0935	0.0953	0.0933	0.0955	0.0949	0.0957	0.0992	0.0966	0.0969	0.0947	0.0977	
0.1219	0.1216	0.1190	0.1096	0.0999	0.0975	0.0990	0.0965	0.1222	0.1194	0.1101	0.1028	0.0951	0.0965	0.0942	0.0938	0.1165	0.1072	0.0981	0.0972	0.0948	0.1002	0.0833	0.1046	0.1093	0.1000	0.0960	0.0979	0.0983	0.0954	0.0962	0.0931	0.1017	0.0958	0.0988	0.0953	0.0947	0.0960	0.0986	0.0931	0.0971	0.0967	0.0971	0.0972	0.0956	0.0948	0.0994	0.0947	0.0979	0.0964	0.0942	0.1000	0.0961	0.0998	0.0999	0.0952	0.0957	0.0972	0.0970	0.0984	0.1008	0.0987	0.0956	0.0965	
0.1285	0.1254	0.1209	0.1092	0.1000	0.0998	0.0953	0.0971	0.1226	0.1190	0.1070	0.1010	0.0961	0.0944	0.0952	0.0911	0.1189	0.1051	0.0987	0.0978	0.0941	0.0964	0.0840	0.1000	0.1102	0.0984	0.0952	0.0958	0.0970	0.0954	0.0938	0.0937	0.1003	0.0990	0.0952	0.1006	0.0929	0.0934	0.0993	0.0950	0.0986	0.0949	0.0987	0.0933	0.0941	0.0972	0.0979	0.0967	0.0927	0.0940	0.0946	0.0945	0.0948	0.0943	0.0943	0.0938	0.0946	0.0979	0.0951	0.0954	0.0948	0.0979	0.0953	0.0946	
0.1275	0.1281	0.1233	0.1105	0.0983	0.0971	0.0946	0.0947	0.1260	0.1243	0.1094	0.0987	0.0937	0.0944	0.0925	0.0932	0.1216	0.1077	0.0966	0.0949	0.0952	0.0976	0.0826	0.0991	0.1119	0.0989	0.0954	0.0941	0.0932	0.0953	0.0933	0.0927	0.1038	0.0998	0.0983	0.0966	0.0953	0.0948	0.0949	0.0943	0.0985	0.0962	0.0950	0.0934	0.0980	0.0984	0.0973	0.0946	0.0943	0.0970	0.0930	0.0988	0.0965	0.0937	0.0930	0.0939	0.0923	0.0928	0.0944	0.0967	0.0957	0.0970	0.0939	0.0915	
0.1317	0.1359	0.1281	0.1124	0.0986	0.0980	0.0951	0.0959	0.1312	0.1265	0.1110	0.0987	0.0950	0.0936	0.0923	0.0930	0.1248	0.1073	0.0977	0.0940	0.0899	0.0965	0.0825	0.0982	0.1128	0.1000	0.0942	0.0941	0.0918	0.0942	0.0936	0.0914	0.1016	0.0944	0.0956	0.0921	0.0921	0.0912	0.0955	0.0918	0.0953	0.0940	0.0941	0.0941	0.0919	0.0895	0.0994	0.0922	0.0940	0.0931	0.0911	0.0939	0.0937	0.0927	0.0934	0.0967	0.0928	0.0947	0.0928	0.0943	0.0969	0.0954	0.0958	0.0912	
0.1360	0.1393	0.1300	0.1191	0.0996	0.1014	0.0967	0.0944	0.1369	0.1297	0.1110	0.0999	0.0938	0.0942	0.0913	0.0925	0.1296	0.1106	0.0976	0.0955	0.0945	0.0964	0.0824	0.1003	0.1174	0.1031	0.0967	0.0953	0.0953	0.0944	0.0937	0.0956	0.1031	0.0996	0.0964	0.0969	0.0940	0.0969	0.0988	0.0941	0.0982	0.0953	0.0981	0.0966	0.0966	0.0962	0.0980	0.0921	0.0976	0.0950	0.0963	0.0942	0.0947	0.0947	0.0946	0.0940	0.0952	0.0971	0.0966	0.0952	0.0956	0.0978	0.0945	0.0949	
0.1446	0.1558	0.1367	0.1216	0.1000	0.0970	0.0949	0.0964	0.1420	0.1356	0.1142	0.1023	0.0940	0.0940	0.0942	0.0927	0.1345	0.1138	0.1012	0.0976	0.0956	0.0976	0.0835	0.1016	0.1201	0.1025	0.0967	0.0937	0.0928	0.0943	0.0932	0.0915	0.1063	0.0963	0.0957	0.0929	0.0930	0.0929	0.0977	0.0938	0.1038	0.0957	0.0953	0.0954	0.0944	0.0939	0.0993	0.0951	0.0941	0.0938	0.0940	0.0962	0.0951	0.0942	0.0996	0.0946	0.0912	0.0934	0.0949	0.0942	0.0949	0.0994	0.0930	0.0946	
0.1563	0.1564	0.1453	0.1260	0.1048	0.1001	0.0989	0.0974	0.1536	0.1438	0.1190	0.1045	0.0974	0.0962	0.0942	0.0939	0.1418	0.1173	0.1032	0.0967	0.0956	0.0970	0.0835	0.1008	0.1270	0.1039	0.0950	0.0958	0.0958	0.0949	0.0944	0.0937	0.1065	0.0993	0.0961	0.0941	0.0934	0.0942	0.0963	0.0947	0.0982	0.0955	0.0946	0.0973	0.0934	0.0942	0.1002	0.0932	0.0970	0.0958	0.0946	0.0957	0.0953	0.0941	0.0949	0.0944	0.0939	0.0963	0.0960	0.0979	0.0965	0.0979	0.0973	0.0941	
0.1619	0.1643	0.1497	0.1268	0.1069	0.0970	0.0946	0.0952	0.1584	0.1487	0.1195	0.1021	0.0951	0.0938	0.0918	0.0922	0.1473	0.1230	0.0997	0.0966	0.0929	0.0965	0.0851	0.0982	0.1310	0.1041	0.0959	0.0948	0.0942	0.0931	0.0940	0.0912	0.1064	0.0975	0.0956	0.0942	0.0928	0.0924	0.0949	0.0915	0.0985	0.0944	0.0938	0.0930	0.0922	0.0931	0.0932	0.0934	0.0925	0.0928	0.0912	0.0919	0.0943	0.0922	0.0921	0.0924	0.0932	0.0938	0.0933	0.0929	0.0936	0.0966	0.0932	0.0922	
0.1722	0.1761	0.1604	0.1329	0.1052	0.0992	0.0965	0.0955	0.1678	0.1578	0.1225	0.1039	0.0977	0.0956	0.0941	0.0916	0.1567	0.1238	0.1011	0.0970	0.0960	0.0979	0.0866	0.0997	0.1350	0.1051	0.0963	0.0946	0.0932	0.0954	0.0939	0.0932	0.1099	0.0995	0.0958	0.0957	0.0934	0.0918	0.0962	0.0939	0.0996	0.0973	0.0933	0.0938	0.0928	0.0922	0.0964	0.0935	0.0948	0.0974	0.0944	0.0950	0.0958	0.0946	0.0927	0.0939	0.0949	0.0964	0.0953	0.0956	0.0934	0.0944	0.0953	0.0939	
0.1840	0.1866	0.1705	0.1430	0.1078	0.1016	0.0985	0.0972	0.1788	0.1660	0.1310	0.1063	0.1013	0.0973	0.0973	0.0947	0.1656	0.1288	0.1048	0.0979	0.0970	0.0997	0.0880	0.1019	0.1417	0.1078	0.0973	0.0966	0.0956	0.0965	0.0978	0.0958	0.1143	0.1014	0.0988	0.0982	0.0953	0.0953	0.0974	0.0955	0.1023	0.0966	0.0969	0.0957	0.0943	0.0941	0.0993	0.0946	0.0976	0.0957	0.0966	0.0972	0.0965	0.0958	0.0956	0.0959	0.0966	0.0970	0.0968	0.0979	0.0974	0.0990	0.0956	0.0972	
0.1968	0.1965	0.1794	0.1453	0.1087	0.1017	0.0977	0.0958	0.1936	0.1745	0.1313	0.1057	0.0979	0.0975	0.0965	0.0939	0.1763	0.1311	0.1037	0.0966	0.0967	0.0968	0.0889	0.1016	0.1468	0.1089	0.0962	0.0953	0.0941	0.0949	0.0933	0.0932	0.1137	0.0979	0.0981	0.0943	0.0940	0.0941	0.0959	0.0941	0.1013	0.0951	0.0945	0.0952	0.0926	0.0935	0.0991	0.0952	0.0960	0.0960	0.0944	0.0943	0.0953	0.0935	0.0937	0.0933	0.0972	0.0972	0.0959	0.0944	0.0951	0.0978	0.0965	0.0935	
0.2082	0.2110	0.1915	0.1472	0.1073	0.0990	0.0943	0.0936	0.2017	0.1842	0.1333	0.1076	0.0972	0.0931	0.0938	0.0921	0.1842	0.1336	0.1115	0.0951	0.0920	0.0948	0.0885	0.0970	0.1506	0.1063	0.0950	0.0933	0.0918	0.0913	0.0914	0.0903	0.1132	0.0978	0.0954	0.0959	0.0903	0.0916	0.0947	0.0933	0.0989	0.0954	0.0929	0.0942	0.0917	0.0913	0.0972	0.0918	0.0942	0.0913	0.0930	0.0932	0.0932	0.0920	0.0936	0.0918	0.0939	0.0935	0.0939	0.0930	0.0926	0.0941	0.0929	0.0917	
0.2236	0.2286	0.2038	0.1604	0.1103	0.1020	0.0971	0.0967	0.2146	0.1981	0.1419	0.1111	0.0982	0.0975	0.0951	0.0926	0.1980	0.1414	0.1083	0.0963	0.0950	0.0989	0.0907	0.1000	0.1584	0.1118	0.1001	0.0970	0.0935	0.0963	0.0947	0.0929	0.1183	0.1025	0.0961	0.0963	0.0950	0.0940	0.0990	0.0932	0.1028	0.0960	0.0960	0.0965	0.0946	0.0946	0.0988	0.0944	0.0997	0.0944	0.0941	0.0954	0.0953	0.0963	0.0949	0.0936	0.0959	0.0945	0.0968	0.0963	0.0951	0.0982	0.0962	0.0950	
0.2389	0.2455	0.2177	0.1655	0.1127	0.1033	0.0973	0.0958	0.2343	0.2118	0.1479	0.1124	0.0985	0.0966	0.0939	0.0927	0.2112	0.1488	0.1083	0.0985	0.0957	0.0967	0.0903	0.1016	0.1692	0.1116	0.0979	0.0949	0.0955	0.0938	0.0936	0.0944	0.1237	0.1001	0.0958	0.0940	0.0932	0.0943	0.0954	0.0939	0.1039	0.0970	0.0969	0.0970	0.0933	0.0932	0.0987	0.0943	0.0966	0.0954	0.0938	0.0948	0.0954	0.0942	0.0945	0.0939	0.0952	0.0959	0.0958	0.0967	0.0949	0.0971	0.0957	0.0946	
0.2543	0.2606	0.2324	0.1738	0.1128	0.1026	0.0985	0.0927	0.2449	0.2262	0.1580	0.1130	0.0974	0.0957	0.0921	0.0908	0.2243	0.1542	0.1084	0.0975	0.0928	0.0959	0.0913	0.0986	0.1815	0.1133	0.0983	0.0931	0.0947	0.0925	0.0922	0.0918	0.1248	0.0980	0.0948	0.0932	0.0917	0.0939	0.0941	0.0925	0.1026	0.0939	0.0951	0.0939	0.0913	0.0915	0.0974	0.0916	0.0950	0.0920	0.0927	0.0937	0.0937	0.0932	0.0921	0.0913	0.0942	0.0948	0.0939	0.0941	0.0945	0.0958	0.0943	0.0931	
0.2730	0.2818	0.2517	0.1844	0.1158	0.1046	0.0956	0.0956	0.2671	0.2391	0.1632	0.1149	0.0985	0.0954	0.0915	0.0914	0.2429	0.1601	0.1122	0.0988	0.0935	0.0971	0.0909	0.1003	0.1877	0.1163	0.0985	0.0946	0.0946	0.0939	0.0923	0.0921	0.1304	0.1005	0.0969	0.0946	0.0924	0.0931	0.0961	0.0916	0.1042	0.0964	0.0927	0.0942	0.0933	0.0923	0.0974	0.0922	0.0975	0.0949	0.0937	0.0964	0.0954	0.0939	0.0950	0.0926	0.0944	0.0961	0.0946	0.0958	0.0937	0.0953	0.0931	0.0952	
0.2975	0.3005	0.2703	0.1983	0.1168	0.1047	0.0945	0.0946	0.2866	0.2573	0.1720	0.1167	0.0998	0.0958	0.0938	0.0928	0.2616	0.1692	0.1129	0.0979	0.0971	0.0974	0.0915	0.1003	0.2018	0.1192	0.0994	0.0958	0.0959	0.0930	0.0944	0.0934	0.1332	0.1003	0.0955	0.0952	0.0938	0.0915	0.0981	0.0954	0.1077	0.0978	0.0974	0.0961	0.0944	0.0951	0.1014	0.0964	0.1012	0.0969	0.0969	0.0972	0.0967	0.0967	0.0966	0.0955	0.0965	0.0969	0.0967	0.0974	0.0993	0.0986	0.0956	0.0962	
0.3197	0.3246	0.2897	0.2082	0.1190	0.1046	0.0953	0.0940	0.3096	0.2755	0.1827	0.1195	0.0986	0.0946	0.0924	0.0908	0.2814	0.1769	0.1150	0.0978	0.0944	0.0960	0.0910	0.1018	0.2156	0.1218	0.0981	0.0946	0.0929	0.0930	0.0930	0.0917	0.1401	0.1006	0.0958	0.0940	0.0951	0.0925	0.0951	0.0929	0.1094	0.1014	0.0945	0.0932	0.0930	0.0952	0.0968	0.0922	0.1003	0.0946	0.0961	0.0965	0.0971	0.0940	0.0923	0.0927	0.0943	0.0937	0.0943	0.0935	0.0959	0.0959	0.0941	0.0930	
0.3420	0.3485	0.3140	0.2255	0.1222	0.1072	0.0990	0.0955	0.3366	0.3001	0.1951	0.1210	0.1000	0.0949	0.0938	0.0928	0.3009	0.1893	0.1200	0.0998	0.0946	0.0976	0.0919	0.1020	0.2263	0.1282	0.1020	0.0970	0.0932	0.0934	0.0938	0.0922	0.1447	0.1006	0.0967	0.0980	0.0940	0.0932	0.0938	0.0950	0.1105	0.0975	0.0937	0.0957	0.0957	0.0938	0.0981	0.0926	0.0975	0.0986	0.0976	0.0957	0.0952	0.0950	0.0906	0.0940	0.0973	0.0945	0.0976	0.0947	0.0962	0.0980	0.0954	0.0947	
0.3718	0.3746	0.3371	0.2378	0.1224	0.1076	0.0954	0.0942	0.3581	0.3217	0.2022	0.1276	0.1020	0.0995	0.0945	0.0923	0.3239	0.2032	0.1218	0.1028	0.0957	0.0988	0.0913	0.1016	0.2465	0.1321	0.1001	0.0975	0.0941	0.0936	0.0925	0.0941	0.1520	0.1032	0.1002	0.0913	0.0921	0.0915	0.0933	0.0924	0.1097	0.1017	0.0932	0.0921	0.0935	0.0928	0.0970	0.0914	0.0958	0.0950	0.0919	0.0981	0.0952	0.0987	0.0913	0.0918	0.0998	0.0968	0.0912	0.0938	0.0998	0.0952	0.0989	0.0937	
0.3949	0.4051	0.3661	0.2541	0.1271	0.1109	0.0954	0.0941	0.3849	0.3448	0.2170	0.1287	0.1023	0.0965	0.0928	0.0912	0.3499	0.2148	0.1236	0.1008	0.0957	0.0949	0.0924	0.0990	0.2695	0.1335	0.0999	0.0966	0.0944	0.0929	0.0928	0.0939	0.1536	0.1015	0.0963	0.0929	0.0930	0.0907	0.0950	0.0932	0.1110	0.0950	0.0955	0.0941	0.0916	0.0911	0.0991	0.0962	0.0967	0.0964	0.0931	0.0961	0.0919	0.0946	0.0922	0.0920	0.0958	0.0943	0.0954	0.0971	0.0941	0.0945	0.0958	0.0959	
0.4226	0.4213	0.3897	0.2697	0.1315	0.1172	0.0942	0.0951	0.4076	0.3656	0.2316	0.1324	0.1005	0.0942	0.0909	0.0884	0.3753	0.2259	0.1255	0.0971	0.0938	0.0956	0.0911	0.0966	0.2844	0.1370	0.0985	0.0934	0.0907	0.0932	0.0912	0.0905	0.1602	0.0992	0.0934	0.0932	0.0898	0.0896	0.0993	0.0913	0.1116	0.0962	0.0930	0.0911	0.0915	0.0930	0.0958	0.0900	0.0982	0.0941	0.0919	0.0932	0.0935	0.0926	0.0948	0.0918	0.0913	0.0928	0.0933	0.0919	0.0917	0.0959	0.0921	0.0913	
0.4466	0.4510	0.4213	0.2963	0.1375	0.1339	0.0971	0.0955	0.4341	0.3929	0.2470	0.1386	0.1038	0.0964	0.0951	0.0913	0.3969	0.2452	0.1332	0.1004	0.0943	0.0987	0.0918	0.0996	0.3068	0.1442	0.1004	0.0978	0.0941	0.0963	0.0941	0.0936	0.1703	0.1041	0.0987	0.0944	0.0927	0.0926	0.0946	0.0929	0.1168	0.0976	0.0955	0.0955	0.0934	0.0917	0.0979	0.0943	0.0996	0.0935	0.0933	0.0967	0.0931	0.0955	0.0930	0.0921	0.0955	0.0946	0.0949	0.0953	0.0943	0.0972	0.0943	0.0939	
0.4778	0.4762	0.4513	0.3198	0.1461	0.1152	0.1016	0.0983	0.4643	0.4215	0.2702	0.1443	0.1078	0.1003	0.0978	0.0961	0.4236	0.2671	0.1402	0.1064	0.0991	0.0998	0.0902	0.1011	0.3321	0.1522	0.1046	0.1003	0.0957	0.0974	0.0941	0.0945	0.1846	0.1082	0.1004	0.0956	0.0961	0.0943	0.0981	0.0948	0.1194	0.0994	0.0964	0.0959	0.0971	0.0957	0.0989	0.0946	0.1022	0.0991	0.0955	0.0952	0.0975	0.0951	0.0949	0.0951	0.0983	0.0967	0.0975	0.0968	0.0960	0.0976	0.0976	0.0954	
0.4957	0.4968	0.4707	0.3379	0.1469	0.1144	0.0973	0.0968	0.4815	0.4440	0.2911	0.1497	0.1041	0.0981	0.0937	0.0910	0.4468	0.2790	0.1423	0.1037	0.0972	0.0971	0.0905	0.1003	0.3522	0.1558	0.1025	0.0979	0.0939	0.0934	0.0943	0.0934	0.1945	0.1040	0.0968	0.0949	0.0933	0.0944	0.0950	0.0921	0.1199	0.0977	0.0970	0.0952	0.0924	0.0929	0.0983	0.0913	0.1009	0.0960	0.0935	0.0950	0.0939	0.0939	0.0937	0.0927	0.0954	0.0946	0.0965	0.0947	0.0946	0.0960	0.0934	0.0932	
0.5153	0.5132	0.4930	0.3642	0.1519	0.1305	0.0984	0.0951	0.4973	0.4664	0.3066	0.1522	0.1046	0.0960	0.0916	0.0899	0.4695	0.3043	0.1440	0.1020	0.0952	0.0977	0.0905	0.1001	0.3746	0.1607	0.1026	0.0958	0.0945	0.0931	0.0906	0.0908	0.2003	0.1042	0.0949	0.0940	0.0924	0.0917	0.0950	0.0908	0.1228	0.0966	0.0938	0.0912	0.0922	0.0914	0.0955	0.0939	0.1015	0.0937	0.0922	0.0963	0.0927	0.0920	0.0927	0.0919	0.0951	0.0934	0.0948	0.0920	0.0933	0.0967	0.0920	0.0943	
0.5392	0.5420	0.5218	0.3860	0.1608	0.2592	0.0976	0.0956	0.5242	0.4876	0.3290	0.1618	0.1066	0.0967	0.0949	0.0930	0.4896	0.3228	0.1500	0.1031	0.0957	0.0970	0.0905	0.0993	0.3971	0.1720	0.1016	0.0945	0.0926	0.0941	0.0917	0.0907	0.2126	0.1054	0.0975	0.0948	0.0925	0.0915	0.0955	0.0928	0.1251	0.0980	0.0939	0.0927	0.0907	0.0910	0.0948	0.0898	0.1007	0.0968	0.0912	0.0921	0.0934	0.0935	0.0928	0.0913	0.0946	0.0929	0.0938	0.0933	0.0937	0.0943	0.0931	0.0946	
0.5687	0.5639	0.5480	0.4168	0.1674	0.1296	0.0981	0.0950	0.5566	0.5175	0.3580	0.1706	0.1099	0.0978	0.0929	0.0921	0.5184	0.3475	0.1580	0.1061	0.1000	0.0980	0.0909	0.0987	0.4226	0.1806	0.1042	0.0967	0.0963	0.0952	0.0934	0.0919	0.2322	0.1116	0.0992	0.1036	0.0965	0.0920	0.0979	0.0948	0.1290	0.0983	0.0968	0.0964	0.0948	0.0931	0.0974	0.0941	0.1039	0.0976	0.0941	0.0957	0.0954	0.0925	0.0950	0.0958	0.0961	0.0948	0.0940	0.0953	0.0943	0.0972	0.0949	0.0952	
0.5951	0.5852	0.5650	0.4365	0.1758	0.1283	0.0996	0.0956	0.5777	0.5317	0.3825	0.1791	0.1077	0.0950	0.0957	0.0926	0.5406	0.3741	0.1643	0.1050	0.0956	0.0994	0.0914	0.0995	0.4443	0.1888	0.1054	0.1007	0.0929	0.0953	0.0937	0.0958	0.2434	0.1090	0.0970	0.0944	0.0919	0.0925	0.0951	0.0907	0.1318	0.0968	0.0959	0.0925	0.0916	0.0915	0.0951	0.0936	0.1032	0.0942	0.0942	0.0948	0.0918	0.0920	0.0937	0.0924	0.0948	0.0975	0.0927	0.0927	0.0929	0.0943	0.0929	0.0937	
0.6236	0.6069	0.5918	0.4613	0.1874	0.1466	0.0995	0.0981	0.6087	0.5636	0.4092	0.1866	0.1121	0.0979	0.0943	0.0934	0.5663	0.3982	0.1755	0.1046	0.0984	0.0980	0.0893	0.1009	0.4728	0.2027	0.1051	0.0961	0.0940	0.0954	0.0927	0.0914	0.2605	0.1138	0.0995	0.1004	0.0951	0.0918	0.0982	0.0945	0.1354	0.1011	0.0980	0.0959	0.0948	0.0965	0.1013	0.0949	0.1028	0.0936	0.0932	0.0954	0.0944	0.0943	0.0928	0.0927	0.0958	0.0995	0.0946	0.0941	0.0946	0.0958	0.0934	0.0924	
0.6390	0.6283	0.6199	0.4818	0.1976	0.1378	0.1004	0.0996	0.6344	0.5849	0.4341	0.2015	0.1110	0.1004	0.0960	0.0934	0.5876	0.4250	0.1837	0.1129	0.0981	0.1010	0.0892	0.1000	0.4977	0.2144	0.1108	0.1012	0.0985	0.0964	0.0971	0.0942	0.2819	0.1144	0.1002	0.0978	0.0956	0.0948	0.0967	0.0940	0.1426	0.1014	0.0976	0.0976	0.0944	0.0930	0.1011	0.0931	0.1080	0.0996	0.0990	0.0962	0.0987	0.0958	0.0982	0.0950	0.1002	0.0972	0.0969	0.0951	0.0984	0.1003	0.0955	0.0961	
0.6612	0.6507	0.6403	0.5050	0.2088	0.1752	0.0988	0.0977	0.6514	0.6073	0.4554	0.2091	0.1122	0.0979	0.0921	0.0929	0.6161	0.4517	0.1897	0.1084	0.0967	0.0960	0.0886	0.0982	0.5157	0.2308	0.1074	0.0964	0.0942	0.0931	0.0942	0.0926	0.3009	0.1153	0.0996	0.0957	0.0976	0.0921	0.0952	0.0915	0.1448	0.0964	0.0960	0.0921	0.0939	0.0915	0.0976	0.0915	0.1045	0.0954	0.0936	0.0954	0.0927	0.0917	0.0935	0.0923	0.0964	0.0948	0.0931	0.0945	0.0944	0.0947	0.0949	0.0927	
0.6782	0.6705	0.6641	0.5271	0.2236	0.1433	0.1026	0.0980	0.6734	0.6318	0.4822	0.2236	0.1155	0.1008	0.0944	0.0957	0.6399	0.4730	0.2021	0.1120	0.1010	0.0994	0.0882	0.1019	0.5359	0.2443	0.1106	0.1006	0.0960	0.0979	0.0951	0.0936	0.3228	0.1177	0.1001	0.0985	0.0957	0.0934	0.0959	0.0952	0.1542	0.1006	0.0992	0.0946	0.0936	0.0943	0.1007	0.0957	0.1062	0.0985	0.0948	0.0961	0.0988	0.0937	0.0948	0.0961	0.0975	0.0973	0.0965	0.0978	0.0968	0.0989	0.0970	0.0959	
0.6787	0.6722	0.6761	0.5462	0.2315	0.1511	0.1009	0.0949	0.6884	0.6509	0.4998	0.2345	0.1134	0.0987	0.0926	0.0936	0.6582	0.4900	0.2131	0.1137	0.0981	0.0977	0.0884	0.1008	0.5575	0.2594	0.1106	0.0985	0.0938	0.0937	0.0923	0.0927	0.3445	0.1154	0.0997	0.0952	0.0932	0.0935	0.0943	0.0918	0.1548	0.1002	0.0955	0.0912	0.0926	0.0907	0.0989	0.0911	0.1070	0.0955	0.0932	0.0948	0.0950	0.0923	0.0941	0.0929	0.0955	0.0973	0.0959	0.0964	0.0932	0.0966	0.0944	0.0932	
0.6860	0.6783	0.6889	0.5710	0.2498	0.1530	0.1022	0.0999	0.6876	0.6758	0.5243	0.2556	0.1216	0.0989	0.0986	0.0965	0.6788	0.5232	0.2349	0.1152	0.1001	0.0989	0.0894	0.1024	0.5814	0.2776	0.1136	0.1045	0.0970	0.0988	0.0976	0.0962	0.3668	0.1195	0.1020	0.0977	0.0937	0.0945	0.0965	0.0946	0.1653	0.1030	0.1012	0.0959	0.0961	0.0954	0.1025	0.0936	0.1091	0.0995	0.0953	0.0959	0.0968	0.0973	0.0960	0.0969	0.0994	0.0989	0.0962	0.0964	0.1049	0.0975	0.0968	0.0959	
0.6844	0.6782	0.6857	0.5886	0.2645	0.1570	0.1000	0.0966	0.6905	0.6722	0.5452	0.2674	0.1196	0.0959	0.0929	0.0913	0.6739	0.5326	0.2391	0.1107	0.0987	0.0981	0.0896	0.1007	0.6029	0.2916	0.1148	0.0984	0.0941	0.0950	0.0940	0.0916	0.3830	0.1192	0.0983	0.0958	0.0936	0.0922	0.0952	0.0914	0.1686	0.0994	0.0947	0.0935	0.0936	0.0897	0.0961	0.0921	0.1069	0.0953	0.0919	0.0964	0.0927	0.0939	0.0914	0.0921	0.0969	0.0946	0.0944	0.0928	0.0926	0.0956	0.0929	0.0926	
0.6883	0.6898	0.6879	0.6135	0.2816	0.3806	0.1038	0.1000	0.6979	0.6962	0.5739	0.2846	0.1233	0.1006	0.0952	0.0953	0.6802	0.5660	0.2570	0.1168	0.1013	0.1000	0.0886	0.1004	0.6246	0.3141	0.1161	0.1030	0.0978	0.0984	0.0949	0.0953	0.4117	0.1244	0.1028	0.0988	0.0944	0.0952	0.0969	0.0949	0.1789	0.1025	0.0975	0.0974	0.0947	0.0953	0.0984	0.0946	0.1108	0.0984	0.0962	0.0969	0.0942	0.0936	0.0946	0.0958	0.1000	0.0974	0.0973	0.1001	0.0943	0.0966	0.0960	0.0969	
0.7018	0.6890	0.6937	0.6409	0.3078	0.1795	0.1075	0.1032	0.7024	0.6936	0.5989	0.3126	0.1292	0.1037	0.1000	0.0985	0.6892	0.5890	0.2830	0.1234	0.1049	0.1033	0.0890	0.1048	0.6575	0.3382	0.1204	0.1050	0.0995	0.0998	0.0984	0.0974	0.4385	0.1277	0.1056	0.1007	0.0984	0.0974	0.1001	0.0971	0.1931	0.1053	0.1021	0.0986	0.0987	0.0976	0.1027	0.0965	0.1160	0.1010	0.0986	0.1000	0.1010	0.0993	0.1005	0.0988	0.1018	0.1019	0.1014	0.0991	0.0991	0.0997	0.0990	0.0995	
0.6954	0.6934	0.6925	0.6550	0.3243	0.1958	0.1035	0.0986	0.6994	0.6864	0.6193	0.3237	0.1262	0.1011	0.0958	0.0950	0.6829	0.6093	0.2928	0.1215	0.1006	0.0993	0.0881	0.1005	0.6685	0.3529	0.1185	0.1025	0.0956	0.0959	0.0964	0.0926	0.4545	0.1264	0.1006	0.0965	0.0956	0.0934	0.0957	0.0945	0.1946	0.1028	0.0999	0.0935	0.0953	0.0939	0.0982	0.0924	0.1145	0.0966	0.0935	0.0938	0.0937	0.0945	0.0935	0.0938	0.0998	0.0958	0.0952	0.0963	0.0941	0.0968	0.0939	0.0935	
0.6966	0.6888	0.6919	0.6732	0.3455	0.2183	0.1028	0.0964	0.6991	0.6945	0.6425	0.3457	0.1303	0.0988	0.0959	0.0940	0.6883	0.6341	0.3133	0.1220	0.0988	0.0981	0.0887	0.1030	0.6794	0.3800	0.1211	0.1027	0.0953	0.0940	0.0935	0.0906	0.4772	0.1302	0.1024	0.0955	0.0965	0.0928	0.0979	0.0965	0.2088	0.1043	0.0984	0.0949	0.0944	0.0926	0.0972	0.0946	0.1158	0.0973	0.0951	0.0941	0.0949	0.0956	0.0951	0.0986	0.0987	0.0955	0.0956	0.0956	0.0953	0.0957	0.0938	0.0961	
0.6951	0.6903	0.6983	0.6842	0.3722	0.2547	0.1040	0.1005	0.7051	0.6973	0.6610	0.3687	0.1299	0.0988	0.0920	0.0947	0.6879	0.6564	0.3329	0.1245	0.0996	0.0998	0.0880	0.1018	0.6860	0.4043	0.1221	0.1018	0.0970	0.0945	0.0950	0.0918	0.4973	0.1351	0.1010	0.0951	0.0930	0.0928	0.0938	0.0929	0.2253	0.1020	0.0974	0.0946	0.0923	0.0929	0.0958	0.0902	0.1132	0.0968	0.0957	0.0928	0.0934	0.0955	0.0955	0.0945	0.0971	0.0993	0.0924	0.0951	0.0930	0.0940	0.0951	0.0944	
0.7011	0.6924	0.6979	0.6825	0.3975	0.2818	0.1057	0.0990	0.7059	0.6944	0.6782	0.3916	0.1397	0.1026	0.0954	0.0919	0.6905	0.6593	0.3574	0.1298	0.1040	0.1014	0.0872	0.1005	0.6886	0.4277	0.1253	0.1051	0.0975	0.0945	0.0943	0.0935	0.5175	0.1377	0.1024	0.1033	0.0957	0.0940	0.0980	0.0943	0.2339	0.1057	0.0980	0.0939	0.0940	0.0953	0.0987	0.0930	0.1155	0.0978	0.0947	0.0953	0.0954	0.0925	0.0949	0.0972	0.0975	0.0984	0.0958	0.0953	0.0940	0.0950	0.0954	0.0932	
0.6965	0.6918	0.6977	0.6867	0.4178	0.3072	0.1064	0.1008	0.7029	0.6978	0.6857	0.4191	0.1416	0.1007	0.0958	0.0938	0.6887	0.6706	0.3837	0.1284	0.1143	0.1028	0.0878	0.0994	0.6869	0.4496	0.1246	0.1026	0.0940	0.0961	0.0937	0.0941	0.5346	0.1398	0.1043	0.0971	0.0973	0.0929	0.0967	0.0936	0.2456	0.1038	0.1003	0.0957	0.0930	0.0929	0.0971	0.0912	0.1166	0.0965	0.0933	0.0954	0.0939	0.0938	0.0925	0.0957	0.0968	0.1004	0.0950	0.0974	0.0941	0.0948	0.0941	0.0936	
0.7053	0.6983	0.7031	0.6932	0.4427	0.3412	0.1086	0.1045	0.7088	0.7000	0.6936	0.4427	0.1465	0.1031	0.0984	0.0972	0.6951	0.6773	0.4086	0.1366	0.1030	0.1018	0.0880	0.1042	0.6929	0.4710	0.1311	0.1063	0.0977	0.0962	0.0970	0.0962	0.5618	0.1480	0.1059	0.1008	0.0984	0.0954	0.0984	0.0973	0.2653	0.1086	0.0975	0.0984	0.0943	0.0938	0.0974	0.0931	0.1205	0.0986	0.0964	0.0957	0.0955	0.0951	0.0972	0.0969	0.1001	0.0996	0.0966	0.1011	0.0952	0.0991	0.0950	0.0955	
0.7048	0.7026	0.7038	0.6874	0.4698	0.3518	0.1096	0.1036	0.7098	0.6977	0.7015	0.4648	0.1517	0.1042	0.0961	0.0945	0.6989	0.6804	0.4304	0.1389	0.1051	0.1024	0.0892	0.1023	0.6918	0.4934	0.1379	0.1062	0.0981	0.0979	0.0965	0.0953	0.5843	0.1520	0.1066	0.0991	0.0997	0.0950	0.0977	0.0951	0.2800	0.1090	0.1002	0.0983	0.0965	0.0963	0.1012	0.0932	0.1260	0.1020	0.0968	0.0952	0.0978	0.0945	0.0972	0.1015	0.1036	0.0995	0.0978	0.1029	0.0965	0.0998	0.0973	0.0976	
0.7045	0.6992	0.7058	0.6929	0.4898	0.3758	0.1076	0.1016	0.7087	0.7074	0.6956	0.4850	0.1562	0.1017	0.0939	0.0930	0.6973	0.6760	0.4493	0.1424	0.1046	0.0979	0.0869	0.1007	0.6928	0.5107	0.1365	0.1051	0.0974	0.0965	0.0916	0.0934	0.6046	0.1540	0.1062	0.1032	0.0968	0.0924	0.0954	0.0928	0.2974	0.1075	0.0988	0.0942	0.0941	0.0910	0.0973	0.0930	0.1227	0.0985	0.0935	0.0935	0.0939	0.0931	0.0945	0.0986	0.0991	0.0974	0.0948	0.0990	0.0924	0.0972	0.0938	0.0942	
0.7011	0.6978	0.7059	0.6915	0.5080	0.3975	0.1089	0.1045	0.7139	0.7008	0.6993	0.5045	0.1604	0.0991	0.0945	0.0935	0.6969	0.6798	0.4749	0.1474	0.1027	0.0980	0.0883	0.0981	0.6900	0.5344	0.1398	0.1036	0.0942	0.0943	0.0947	0.0920	0.6235	0.1576	0.1052	0.0969	0.0963	0.0938	0.0948	0.0925	0.3163	0.1083	0.1006	0.0955	0.0920	0.0920	0.0940	0.0917	0.1264	0.0964	0.0948	0.0927	0.0936	0.0916	0.0937	0.1006	0.0997	0.0969	0.0936	0.0986	0.0924	0.0960	0.0935	0.0930	
0.7044	0.7074	0.7071	0.6931	0.5332	0.4294	0.1122	0.1068	0.7115	0.7040	0.7032	0.5281	0.1675	0.1023	0.0975	0.0966	0.6980	0.6798	0.4993	0.1552	0.1079	0.0989	0.0891	0.1016	0.6939	0.5537	0.1448	0.1070	0.0989	0.0953	0.0954	0.0952	0.6473	0.1687	0.1052	0.1001	0.0983	0.0940	0.0954	0.0975	0.3331	0.1090	0.0995	0.0957	0.0931	0.0937	0.0974	0.0933	0.1312	0.1016	0.0963	0.0959	0.0941	0.0959	0.0987	0.1036	0.1023	0.0985	0.0943	0.1017	0.0938	0.0972	0.0952	0.0957	
0.7102	0.7115	0.7178	0.7019	0.5562	0.4384	0.1139	0.1098	0.7215	0.7147	0.7033	0.5461	0.1785	0.1044	0.0974	0.0951	0.7059	0.6852	0.5166	0.1592	0.1086	0.1007	0.0888	0.1033	0.6982	0.5794	0.1515	0.1093	0.0978	0.0979	0.0940	0.0950	0.6588	0.1760	0.1084	0.1013	0.1009	0.0933	0.0975	0.0980	0.3564	0.1115	0.1005	0.0973	0.0990	0.1065	0.0981	0.0939	0.1343	0.1007	0.0952	0.0951	0.0978	0.0952	0.0990	0.1104	0.1022	0.0984	0.0976	0.1048	0.0954	0.1024	0.0951	0.0958	
0.7120	0.7092	0.7175	0.6976	0.5773	0.4615	0.1141	0.1090	0.7206	0.7146	0.7075	0.5695	0.1873	0.1053	0.0981	0.0945	0.7075	0.6843	0.5304	0.1658	0.1085	0.1048	0.0888	0.1021	0.6962	0.6026	0.1568	0.1091	0.0976	0.0961	0.0960	0.0960	0.6662	0.1841	0.1124	0.1006	0.1009	0.0960	0.0961	0.0972	0.3802	0.1120	0.1031	0.0947	0.0968	0.0962	0.1120	0.0922	0.1361	0.1024	0.0981	0.0946	0.0956	0.0960	0.0967	0.1084	0.1006	0.1004	0.0975	0.1060	0.0948	0.1014	0.0964	0.0955	
0.7138	0.7115	0.7218	0.6975	0.6047	0.4804	0.1161	0.1139	0.7239	0.7132	0.7033	0.5890	0.1936	0.1042	0.0970	0.0942	0.7089	0.6878	0.5577	0.1734	0.1100	0.1014	0.0888	0.1002	0.6995	0.6268	0.1619	0.1102	0.0992	0.0965	0.0930	0.0955	0.6667	0.1929	0.1102	0.1018	0.1009	0.0939	0.0947	0.0970	0.4034	0.1146	0.1002	0.0956	0.0950	0.0944	0.0974	0.0932	0.1414	0.1011	0.0970	0.0966	0.0978	0.0954	0.0977	0.1095	0.1018	0.0994	0.0952	0.1084	0.0927	0.0994	0.0956	0.0952	
0.7153	0.7150	0.7273	0.7027	0.6249	0.4986	0.1138	0.1164	0.7250	0.7217	0.7089	0.6073	0.2016	0.1050	0.0967	0.0941	0.7118	0.6908	0.5850	0.1816	0.1114	0.1025	0.0896	0.1020	0.6989	0.6472	0.1670	0.1107	0.0969	0.0959	0.0961	0.0966	0.6743	0.2005	0.1093	0.1022	0.1015	0.0925	0.0972	0.0974	0.4210	0.1131	0.1000	0.0951	0.0943	0.0935	0.0968	0.0914	0.1416	0.1013	0.0947	0.0942	0.0950	0.0950	0.0991	0.1132	0.1011	0.1004	0.0970	0.1097	0.0946	0.1013	0.0948	0.0983	
0.7160	0.7156	0.7305	0.7043	0.6468	0.5171	0.1185	0.1191	0.7274	0.7157	0.7095	0.6374	0.2140	0.1055	0.0982	0.0951	0.7128	0.6909	0.6029	0.1930	0.1134	0.1028	0.0899	0.1015	0.7027	0.6591	0.1750	0.1147	0.0979	0.0988	0.0960	0.0966	0.6696	0.2096	0.1100	0.1042	0.1048	0.0940	0.0965	0.1000	0.4495	0.1158	0.1027	0.0957	0.0958	0.0951	0.0992	0.0926	0.1489	0.1010	0.0975	0.0962	0.0958	0.0948	0.0979	0.1180	0.1041	0.1030	0.0950	0.1120	0.0930	0.1026	0.0943	0.0969	
0.7123	0.7224	0.7302	0.7017	0.6549	0.5350	0.1174	0.1230	0.7325	0.7169	0.7122	0.6541	0.2253	0.1052	0.0960	0.0936	0.7164	0.6900	0.6291	0.2024	0.1117	0.1019	0.0888	0.1008	0.7041	0.6687	0.1818	0.1144	0.0976	0.0952	0.0944	0.0970	0.6723	0.2192	0.1097	0.1042	0.1045	0.0947	0.0961	0.0992	0.4669	0.1161	0.1022	0.0946	0.0943	0.0937	0.0963	0.0930	0.1553	0.1003	0.0942	0.0960	0.0942	0.0949	0.0964	0.1214	0.1034	0.1027	0.0970	0.1153	0.0934	0.1019	0.0956	0.0962	
0.7142	0.7222	0.7416	0.7036	0.6664	0.5526	0.1195	0.1293	0.7359	0.7213	0.7109	0.6723	0.2367	0.1058	0.0950	0.0929	0.7223	0.6966	0.6439	0.2084	0.1134	0.1007	0.0884	0.0999	0.7074	0.6783	0.1908	0.1134	0.0995	0.0958	0.0949	0.0975	0.6750	0.2371	0.1116	0.1067	0.1082	0.0951	0.0964	0.1008	0.4897	0.1179	0.1022	0.0950	0.0947	0.0934	0.0984	0.0929	0.1578	0.1041	0.0959	0.0946	0.0965	0.0950	0.0970	0.1250	0.1033	0.1058	0.0960	0.1203	0.0951	0.1055	0.0969	0.0983	
0.7282	0.7325	0.7489	0.7086	0.6748	0.5776	0.1265	0.1351	0.7406	0.7250	0.7165	0.6789	0.2546	0.1080	0.0991	0.0971	0.7264	0.6978	0.6595	0.2272	0.1173	0.1038	0.0899	0.1034	0.7105	0.6831	0.2047	0.1189	0.1017	0.1007	0.0981	0.1014	0.6782	0.2491	0.1165	0.1079	0.1141	0.0971	0.0980	0.1033	0.5078	0.1226	0.1066	0.0980	0.0967	0.0972	0.1025	0.0938	0.1740	0.1049	0.0972	0.0972	0.0981	0.0949	0.0991	0.1319	0.1049	0.1083	0.0996	0.1274	0.0972	0.1096	0.1010	0.1002	
0.7250	0.7299	0.7502	0.7138	0.6763	0.5944	0.1271	0.1437	0.7506	0.7316	0.7157	0.6843	0.2697	0.1117	0.0998	0.0969	0.7322	0.7002	0.6651	0.2393	0.1214	0.1035	0.0888	0.1050	0.7158	0.6800	0.2148	0.1207	0.1024	0.1000	0.0975	0.1033	0.6809	0.2623	0.1180	0.1113	0.1180	0.0975	0.1004	0.1076	0.5342	0.1263	0.1043	0.1012	0.0971	0.0956	0.1013	0.0940	0.1729	0.1056	0.0986	0.0975	0.0973	0.0979	0.0994	0.1380	0.1077	0.1108	0.0983	0.1342	0.0967	0.1132	0.0988	0.1019	
0.7291	0.7336	0.7559	0.7161	0.6743	0.6123	0.1305	0.1486	0.7492	0.7374	0.7198	0.6897	0.2838	0.1093	0.0970	0.0956	0.7379	0.7029	0.6631	0.2501	0.1210	0.1019	0.0908	0.1010	0.7209	0.6844	0.2251	0.1209	0.1011	0.0988	0.0961	0.1023	0.6784	0.2736	0.1179	0.1088	0.1230	0.0949	0.0963	0.1067	0.5526	0.1263	0.1055	0.0971	0.0942	0.0928	0.0983	0.0930	0.1790	0.1031	0.0948	0.0966	0.0965	0.0931	0.0980	0.1422	0.1061	0.1126	0.0955	0.1401	0.0950	0.1129	0.0966	0.1006	
0.7252	0.7401	0.7640	0.7189	0.6754	0.6387	0.1336	0.1573	0.7559	0.7371	0.7263	0.6887	0.3036	0.1114	0.0981	0.0946	0.7433	0.7079	0.6648	0.2672	0.1232	0.1038	0.0901	0.1030	0.7183	0.6901	0.2385	0.1229	0.1009	0.0983	0.0956	0.1056	0.6807	0.2927	0.1164	0.1107	0.1246	0.0943	0.0976	0.1093	0.5683	0.1290	0.1046	0.0984	0.0956	0.0936	0.0992	0.0940	0.1884	0.1031	0.0964	0.0955	0.0948	0.0951	0.0991	0.1520	0.1144	0.1199	0.1029	0.1557	0.0955	0.1180	0.0985	0.1036	
0.7313	0.7435	0.7688	0.7217	0.6809	0.6467	0.1351	0.1666	0.7541	0.7359	0.7259	0.6919	0.3226	0.1106	0.0968	0.0959	0.7417	0.7084	0.6666	0.2840	0.1246	0.1026	0.0910	0.1009	0.7242	0.6834	0.2503	0.1232	0.0984	0.0982	0.0946	0.1067	0.6766	0.3068	0.1208	0.1125	0.1305	0.0956	0.0951	0.1137	0.5920	0.1302	0.1038	0.0950	0.0939	0.0930	0.0970	0.0922	0.1934	0.1029	0.0958	0.0938	0.0927	0.0938	0.0962	0.1608	0.1079	0.1143	0.0940	0.1589	0.0941	0.1208	0.1008	0.1039	
0.7273	0.7408	0.7707	0.7204	0.6815	0.6645	0.1396	0.1779	0.7644	0.7394	0.7339	0.6988	0.3421	0.1133	0.0985	0.0971	0.7447	0.7134	0.6731	0.2980	0.1295	0.1042	0.0904	0.1029	0.7321	0.6872	0.2666	0.1265	0.1025	0.0989	0.0964	0.1095	0.6825	0.3274	0.1241	0.1170	0.1389	0.0955	0.0976	0.1183	0.6154	0.1335	0.1076	0.0957	0.0972	0.0943	0.0990	0.0930	0.2025	0.1047	0.0966	0.0960	0.1026	0.0932	0.0998	0.1656	0.1083	0.1211	0.0960	0.1672	0.0949	0.1264	0.1007	0.1088	
