0.0931	0.0962	0.0985	0.1025	0.1064	0.1134	0.1266	0.1390	0.0923	0.0951	0.0982	0.1000	0.1072	0.1172	0.1274	0.1370	0.0929	0.0965	0.0990	0.1009	0.1094	0.1299	0.1827	0.1872	0.0937	0.0958	0.0978	0.1021	0.1223	0.1235	0.1573	0.1907	0.0930	0.0964	0.0984	0.1041	0.1177	0.1441	0.1656	0.2063	0.0934	0.0955	0.0987	0.1023	0.1251	0.1374	0.1643	0.2013	0.0921	0.0961	0.0975	0.0981	0.1126	0.1397	0.1751	0.2430	0.0938	0.0953	0.0971	0.0999	0.1098	0.1198	0.1473	0.1615	
0.0945	0.0960	0.0980	0.1003	0.1013	0.1022	0.1041	0.1043	0.0931	0.0947	0.0981	0.0994	0.0998	0.1023	0.1017	0.1042	0.0935	0.0958	0.0988	0.0992	0.1002	0.1026	0.1028	0.1042	0.0941	0.0959	0.0970	0.0986	0.1018	0.1009	0.1022	0.1065	0.0951	0.0964	0.0980	0.0993	0.1009	0.1018	0.1039	0.1056	0.0940	0.0948	0.0977	0.0987	0.1005	0.1014	0.1035	0.1061	0.0928	0.0960	0.0978	0.0977	0.0999	0.1019	0.1036	0.1061	0.0943	0.0954	0.0958	0.0990	0.0999	0.1017	0.1029	0.1042	
0.0946	0.0971	0.0985	0.1007	0.1020	0.1030	0.1055	0.1050	0.0942	0.0952	0.0986	0.1000	0.1009	0.1029	0.1027	0.1050	0.0942	0.0968	0.0990	0.1000	0.1009	0.1033	0.1044	0.1044	0.0948	0.0960	0.0971	0.0992	0.1040	0.1016	0.1034	0.1059	0.0942	0.0970	0.0984	0.1003	0.1019	0.1026	0.1051	0.1055	0.0942	0.0953	0.0981	0.0989	0.1011	0.1024	0.1042	0.1054	0.0931	0.0969	0.0979	0.0987	0.1009	0.1027	0.1047	0.1058	0.0947	0.0957	0.0963	0.0995	0.1002	0.1024	0.1039	0.1048	
0.0953	0.0974	0.0981	0.1012	0.1023	0.1022	0.1058	0.1049	0.0941	0.0954	0.0987	0.0999	0.1009	0.1034	0.1035	0.1056	0.0944	0.0964	0.0992	0.1001	0.1013	0.1038	0.1041	0.1048	0.0944	0.0960	0.0975	0.1017	0.1012	0.1018	0.1039	0.1065	0.0966	0.0973	0.0984	0.1000	0.1011	0.1027	0.1050	0.1062	0.0939	0.0954	0.0981	0.0994	0.1015	0.1029	0.1050	0.1063	0.0927	0.0963	0.0980	0.0986	0.1006	0.1030	0.1057	0.1061	0.0945	0.0961	0.0972	0.0996	0.1002	0.1027	0.1043	0.1053	
0.0954	0.0973	0.0985	0.1014	0.1025	0.1028	0.1055	0.1052	0.0939	0.0953	0.0988	0.0999	0.1009	0.1034	0.1034	0.1054	0.0949	0.0965	0.0991	0.1000	0.1008	0.1042	0.1045	0.1049	0.0946	0.0957	0.0974	0.1030	0.1012	0.1019	0.1042	0.1069	0.0961	0.0973	0.0983	0.1001	0.1012	0.1027	0.1055	0.1058	0.0941	0.0958	0.0980	0.0990	0.1015	0.1026	0.1055	0.1066	0.0946	0.0969	0.0980	0.0985	0.1007	0.1028	0.1057	0.1059	0.0950	0.0957	0.0969	0.0993	0.1003	0.1028	0.1044	0.1055	
0.0948	0.0969	0.0981	0.1005	0.1019	0.1025	0.1055	0.1051	0.0935	0.0951	0.0986	0.0996	0.1007	0.1030	0.1033	0.1056	0.0937	0.0960	0.0987	0.0994	0.1005	0.1036	0.1043	0.1047	0.0943	0.0958	0.0971	0.1024	0.1034	0.1014	0.1041	0.1063	0.0955	0.0968	0.0983	0.0998	0.1010	0.1031	0.1053	0.1062	0.0938	0.0953	0.0981	0.0988	0.1014	0.1025	0.1049	0.1064	0.0945	0.0966	0.0977	0.0984	0.1006	0.1029	0.1052	0.1062	0.0943	0.0956	0.0957	0.0994	0.1004	0.1023	0.1045	0.1055	
0.0955	0.0969	0.0986	0.1007	0.1022	0.1028	0.1059	0.1056	0.0941	0.0955	0.0984	0.1002	0.1009	0.1035	0.1040	0.1057	0.0950	0.0967	0.0988	0.0998	0.1008	0.1039	0.1043	0.1057	0.0946	0.0963	0.0977	0.1022	0.1049	0.1023	0.1044	0.1069	0.0948	0.0970	0.0988	0.1000	0.1016	0.1030	0.1057	0.1066	0.0941	0.0959	0.0981	0.0992	0.1015	0.1032	0.1052	0.1074	0.0930	0.0968	0.0979	0.0984	0.1011	0.1031	0.1059	0.1066	0.0945	0.0957	0.0976	0.0998	0.1008	0.1030	0.1048	0.1059	
0.0959	0.0971	0.0984	0.1006	0.1020	0.1031	0.1060	0.1055	0.0941	0.0956	0.0989	0.1001	0.1014	0.1041	0.1043	0.1062	0.0951	0.0968	0.0989	0.0999	0.1011	0.1038	0.1046	0.1059	0.0944	0.0958	0.0976	0.1011	0.1064	0.1023	0.1044	0.1072	0.0940	0.0969	0.0983	0.1001	0.1016	0.1033	0.1062	0.1063	0.0941	0.0958	0.0983	0.0996	0.1015	0.1030	0.1054	0.1066	0.0947	0.0970	0.0983	0.0983	0.1012	0.1031	0.1061	0.1069	0.0949	0.0960	0.0985	0.0998	0.1010	0.1031	0.1048	0.1063	
0.0953	0.0972	0.0986	0.1008	0.1025	0.1030	0.1060	0.1056	0.0945	0.0956	0.0988	0.1002	0.1011	0.1041	0.1038	0.1061	0.0951	0.0968	0.0990	0.1002	0.1012	0.1041	0.1046	0.1061	0.0949	0.0961	0.0976	0.1015	0.1029	0.1022	0.1044	0.1073	0.0944	0.0966	0.0987	0.1002	0.1018	0.1033	0.1056	0.1068	0.0943	0.0957	0.0983	0.0994	0.1016	0.1027	0.1053	0.1068	0.0948	0.0969	0.0982	0.0985	0.1008	0.1030	0.1057	0.1074	0.0947	0.0958	0.0968	0.0995	0.1007	0.1032	0.1045	0.1063	
0.0959	0.0970	0.0988	0.1010	0.1024	0.1034	0.1060	0.1058	0.0943	0.0957	0.0991	0.1006	0.1016	0.1041	0.1042	0.1066	0.0951	0.0967	0.0990	0.1001	0.1013	0.1041	0.1052	0.1058	0.0949	0.0963	0.0983	0.1029	0.1051	0.1027	0.1045	0.1074	0.0957	0.0973	0.0989	0.1006	0.1019	0.1033	0.1058	0.1068	0.0949	0.0962	0.0986	0.0996	0.1018	0.1031	0.1058	0.1073	0.0951	0.0973	0.0985	0.0987	0.1010	0.1031	0.1057	0.1076	0.0951	0.0963	0.0977	0.1000	0.1008	0.1032	0.1049	0.1064	
0.0958	0.0973	0.0986	0.1011	0.1030	0.1034	0.1059	0.1059	0.0943	0.0962	0.0990	0.1004	0.1015	0.1040	0.1041	0.1063	0.0955	0.0970	0.0993	0.1002	0.1013	0.1041	0.1046	0.1054	0.0949	0.0967	0.0979	0.1035	0.1025	0.1023	0.1051	0.1074	0.0957	0.0976	0.0989	0.1003	0.1018	0.1033	0.1058	0.1069	0.0943	0.0962	0.0989	0.0997	0.1015	0.1033	0.1055	0.1071	0.0949	0.0971	0.0984	0.0987	0.1008	0.1031	0.1058	0.1069	0.0952	0.0963	0.0974	0.0998	0.1008	0.1035	0.1056	0.1059	
0.0961	0.0977	0.0991	0.1014	0.1023	0.1035	0.1061	0.1059	0.0946	0.0961	0.0995	0.1006	0.1012	0.1035	0.1040	0.1064	0.0953	0.0971	0.0997	0.1005	0.1013	0.1042	0.1049	0.1073	0.0953	0.0967	0.0985	0.1023	0.1057	0.1026	0.1047	0.1078	0.0958	0.0978	0.0992	0.1006	0.1018	0.1034	0.1058	0.1067	0.0946	0.0964	0.0991	0.0996	0.1019	0.1034	0.1057	0.1072	0.0938	0.0975	0.0987	0.0985	0.1010	0.1030	0.1058	0.1070	0.0954	0.0964	0.0972	0.1003	0.1013	0.1035	0.1051	0.1064	
0.0957	0.0971	0.0987	0.1008	0.1019	0.1031	0.1064	0.1058	0.0944	0.0957	0.0990	0.1002	0.1013	0.1036	0.1037	0.1062	0.0945	0.0967	0.0993	0.0997	0.1009	0.1039	0.1046	0.1051	0.0950	0.0962	0.0981	0.1030	0.1019	0.1021	0.1048	0.1074	0.0958	0.0974	0.0990	0.1003	0.1017	0.1032	0.1059	0.1062	0.0943	0.0962	0.0988	0.0994	0.1011	0.1030	0.1050	0.1070	0.0935	0.0969	0.0987	0.0984	0.1009	0.1030	0.1055	0.1067	0.0950	0.0966	0.0981	0.0996	0.1012	0.1030	0.1048	0.1061	
0.0964	0.0979	0.0995	0.1012	0.1026	0.1034	0.1065	0.1063	0.0947	0.0961	0.1002	0.1008	0.1016	0.1040	0.1042	0.1068	0.0958	0.0973	0.1004	0.1003	0.1016	0.1040	0.1049	0.1062	0.0956	0.0970	0.0987	0.1004	0.1031	0.1025	0.1047	0.1079	0.0962	0.0982	0.0996	0.1008	0.1019	0.1032	0.1060	0.1069	0.0952	0.0966	0.0991	0.0997	0.1019	0.1033	0.1054	0.1070	0.0948	0.0975	0.0990	0.0990	0.1013	0.1032	0.1058	0.1074	0.0954	0.0965	0.0974	0.1000	0.1010	0.1034	0.1050	0.1067	
0.0965	0.0979	0.0996	0.1014	0.1028	0.1036	0.1064	0.1061	0.0952	0.0966	0.1000	0.1005	0.1019	0.1044	0.1042	0.1068	0.0957	0.0979	0.1005	0.1006	0.1016	0.1045	0.1051	0.1061	0.0956	0.0975	0.0988	0.1002	0.1035	0.1027	0.1049	0.1077	0.0967	0.0986	0.0999	0.1008	0.1021	0.1036	0.1060	0.1071	0.0953	0.0969	0.0995	0.0998	0.1017	0.1036	0.1058	0.1077	0.0942	0.0976	0.0993	0.0993	0.1014	0.1032	0.1056	0.1072	0.0954	0.0975	0.0977	0.1002	0.1016	0.1034	0.1053	0.1069	
0.0971	0.0983	0.1000	0.1011	0.1025	0.1034	0.1064	0.1063	0.0957	0.0968	0.1003	0.1009	0.1018	0.1041	0.1044	0.1068	0.0960	0.0982	0.1008	0.1006	0.1014	0.1044	0.1049	0.1060	0.0956	0.0975	0.0988	0.1001	0.1031	0.1025	0.1047	0.1076	0.0970	0.0983	0.1000	0.1007	0.1020	0.1034	0.1056	0.1066	0.0952	0.0970	0.0997	0.0997	0.1017	0.1034	0.1056	0.1071	0.0946	0.0978	0.0994	0.0987	0.1016	0.1033	0.1057	0.1071	0.0953	0.0968	0.0977	0.0998	0.1012	0.1033	0.1051	0.1063	
0.0976	0.0989	0.1011	0.1017	0.1029	0.1040	0.1068	0.1067	0.0960	0.0975	0.1006	0.1011	0.1025	0.1045	0.1047	0.1069	0.0955	0.0986	0.1009	0.1008	0.1018	0.1047	0.1049	0.1062	0.0965	0.0980	0.0993	0.1006	0.1075	0.1032	0.1050	0.1081	0.0968	0.0990	0.1002	0.1012	0.1025	0.1040	0.1062	0.1070	0.0958	0.0978	0.1001	0.1001	0.1022	0.1036	0.1057	0.1076	0.0958	0.0982	0.0996	0.0996	0.1012	0.1034	0.1061	0.1077	0.0962	0.0975	0.0979	0.1010	0.1016	0.1038	0.1060	0.1067	
0.0972	0.0988	0.1005	0.1017	0.1028	0.1033	0.1064	0.1062	0.0956	0.0979	0.1008	0.1005	0.1016	0.1041	0.1044	0.1066	0.0962	0.0987	0.1010	0.1005	0.1014	0.1041	0.1046	0.1054	0.0958	0.0977	0.0989	0.1001	0.1020	0.1024	0.1049	0.1075	0.0966	0.0987	0.1000	0.1005	0.1016	0.1033	0.1056	0.1064	0.0957	0.0971	0.0994	0.0999	0.1014	0.1031	0.1052	0.1071	0.0950	0.0978	0.0993	0.0990	0.1008	0.1028	0.1056	0.1068	0.0952	0.0969	0.0977	0.1004	0.1011	0.1032	0.1046	0.1057	
0.0982	0.0993	0.1017	0.1013	0.1033	0.1036	0.1066	0.1061	0.0963	0.0979	0.1013	0.1013	0.1021	0.1043	0.1044	0.1069	0.0969	0.0992	0.1020	0.1010	0.1016	0.1044	0.1048	0.1060	0.0968	0.0983	0.0999	0.1008	0.1026	0.1030	0.1050	0.1080	0.0968	0.0990	0.1010	0.1012	0.1023	0.1041	0.1060	0.1068	0.0955	0.0975	0.0997	0.1003	0.1019	0.1035	0.1056	0.1074	0.0956	0.0986	0.0997	0.0995	0.1015	0.1033	0.1060	0.1072	0.0959	0.0975	0.0983	0.1007	0.1016	0.1036	0.1052	0.1066	
0.0987	0.1002	0.1019	0.1019	0.1030	0.1043	0.1069	0.1063	0.0970	0.0988	0.1017	0.1015	0.1023	0.1047	0.1047	0.1069	0.0974	0.1004	0.1025	0.1015	0.1020	0.1048	0.1049	0.1061	0.0971	0.0991	0.1008	0.1010	0.1071	0.1029	0.1051	0.1081	0.0975	0.0997	0.1016	0.1015	0.1025	0.1040	0.1061	0.1071	0.0968	0.0978	0.1002	0.1001	0.1024	0.1037	0.1060	0.1078	0.0946	0.0985	0.1000	0.0998	0.1020	0.1035	0.1058	0.1076	0.0963	0.0975	0.0982	0.1008	0.1015	0.1032	0.1052	0.1064	
0.0992	0.1010	0.1027	0.1019	0.1034	0.1042	0.1067	0.1066	0.0974	0.0990	0.1027	0.1017	0.1026	0.1049	0.1049	0.1073	0.0976	0.1006	0.1028	0.1015	0.1023	0.1047	0.1056	0.1062	0.0976	0.0994	0.1008	0.1014	0.1026	0.1030	0.1051	0.1082	0.0979	0.1002	0.1017	0.1013	0.1027	0.1042	0.1067	0.1074	0.0970	0.0984	0.1004	0.1007	0.1023	0.1039	0.1061	0.1075	0.0961	0.0985	0.1002	0.0995	0.1020	0.1038	0.1062	0.1075	0.0962	0.0977	0.0984	0.1016	0.1014	0.1042	0.1053	0.1069	
0.0997	0.1013	0.1032	0.1020	0.1033	0.1045	0.1069	0.1068	0.0986	0.0997	0.1028	0.1016	0.1025	0.1050	0.1046	0.1072	0.0984	0.1007	0.1037	0.1019	0.1027	0.1048	0.1053	0.1064	0.0983	0.1001	0.1011	0.1016	0.1071	0.1031	0.1052	0.1081	0.0981	0.1002	0.1022	0.1018	0.1024	0.1041	0.1063	0.1071	0.0968	0.0983	0.1008	0.1005	0.1028	0.1039	0.1061	0.1078	0.0965	0.0991	0.1005	0.1000	0.1017	0.1037	0.1062	0.1075	0.0966	0.0980	0.0988	0.1012	0.1019	0.1043	0.1054	0.1075	
0.1000	0.1015	0.1033	0.1020	0.1031	0.1039	0.1064	0.1062	0.0983	0.1000	0.1030	0.1015	0.1021	0.1042	0.1044	0.1068	0.0984	0.1012	0.1036	0.1018	0.1019	0.1045	0.1049	0.1057	0.0985	0.0999	0.1014	0.1013	0.1041	0.1028	0.1048	0.1076	0.0981	0.1002	0.1023	0.1011	0.1021	0.1039	0.1059	0.1070	0.0966	0.0982	0.1005	0.1003	0.1024	0.1033	0.1054	0.1072	0.0952	0.0978	0.1002	0.1000	0.1014	0.1034	0.1061	0.1074	0.0958	0.0976	0.0991	0.1006	0.1017	0.1041	0.1055	0.1064	
0.1010	0.1025	0.1049	0.1022	0.1034	0.1040	0.1064	0.1064	0.0994	0.1009	0.1044	0.1019	0.1026	0.1045	0.1049	0.1071	0.0993	0.1021	0.1049	0.1019	0.1020	0.1051	0.1048	0.1058	0.0987	0.1010	0.1023	0.1015	0.1027	0.1031	0.1051	0.1081	0.0989	0.1010	0.1023	0.1014	0.1026	0.1040	0.1062	0.1069	0.0970	0.0987	0.1008	0.1007	0.1022	0.1038	0.1060	0.1077	0.0956	0.0988	0.1005	0.1001	0.1021	0.1034	0.1060	0.1073	0.0962	0.0979	0.0988	0.1012	0.1021	0.1042	0.1054	0.1065	
0.1023	0.1036	0.1050	0.1022	0.1033	0.1040	0.1068	0.1065	0.1000	0.1016	0.1051	0.1025	0.1026	0.1045	0.1047	0.1067	0.1003	0.1030	0.1060	0.1024	0.1021	0.1049	0.1052	0.1063	0.0995	0.1016	0.1027	0.1017	0.1039	0.1031	0.1052	0.1082	0.0989	0.1014	0.1032	0.1020	0.1024	0.1039	0.1060	0.1071	0.0973	0.0988	0.1009	0.1008	0.1026	0.1037	0.1060	0.1075	0.0969	0.0993	0.1010	0.1005	0.1019	0.1036	0.1063	0.1075	0.0966	0.0981	0.0985	0.1011	0.1022	0.1038	0.1053	0.1070	
0.1025	0.1041	0.1060	0.1022	0.1035	0.1039	0.1064	0.1063	0.1008	0.1022	0.1057	0.1016	0.1022	0.1045	0.1042	0.1068	0.1008	0.1040	0.1063	0.1019	0.1021	0.1045	0.1047	0.1057	0.0999	0.1017	0.1035	0.1019	0.1093	0.1031	0.1050	0.1078	0.0989	0.1017	0.1033	0.1016	0.1023	0.1039	0.1058	0.1068	0.0974	0.0987	0.1011	0.1004	0.1024	0.1036	0.1059	0.1072	0.0963	0.0993	0.1006	0.1002	0.1020	0.1032	0.1060	0.1071	0.0963	0.0973	0.0982	0.1009	0.1019	0.1035	0.1049	0.1064	
0.1041	0.1058	0.1073	0.1031	0.1040	0.1045	0.1071	0.1072	0.1023	0.1038	0.1068	0.1029	0.1027	0.1050	0.1049	0.1078	0.1019	0.1054	0.1074	0.1028	0.1028	0.1056	0.1055	0.1064	0.1011	0.1031	0.1044	0.1022	0.1032	0.1035	0.1055	0.1085	0.0993	0.1027	0.1041	0.1026	0.1031	0.1044	0.1064	0.1075	0.0981	0.0999	0.1020	0.1013	0.1028	0.1043	0.1062	0.1079	0.0962	0.0997	0.1016	0.1005	0.1022	0.1043	0.1065	0.1080	0.0968	0.0983	0.0989	0.1015	0.1025	0.1044	0.1057	0.1075	
0.1053	0.1070	0.1088	0.1030	0.1039	0.1048	0.1071	0.1067	0.1028	0.1047	0.1084	0.1034	0.1032	0.1053	0.1049	0.1076	0.1031	0.1063	0.1090	0.1033	0.1028	0.1053	0.1056	0.1062	0.1019	0.1042	0.1051	0.1024	0.1032	0.1035	0.1052	0.1086	0.1010	0.1036	0.1051	0.1026	0.1032	0.1048	0.1070	0.1074	0.0983	0.1002	0.1022	0.1020	0.1029	0.1042	0.1062	0.1079	0.0963	0.0999	0.1017	0.1008	0.1024	0.1040	0.1067	0.1077	0.0970	0.0985	0.1004	0.1014	0.1022	0.1053	0.1056	0.1067	
0.1070	0.1087	0.1103	0.1031	0.1044	0.1043	0.1074	0.1067	0.1041	0.1057	0.1090	0.1033	0.1027	0.1053	0.1051	0.1075	0.1040	0.1079	0.1105	0.1034	0.1029	0.1051	0.1054	0.1063	0.1032	0.1052	0.1064	0.1028	0.1044	0.1038	0.1055	0.1086	0.1009	0.1039	0.1059	0.1032	0.1033	0.1045	0.1065	0.1075	0.0986	0.1005	0.1023	0.1015	0.1030	0.1044	0.1062	0.1078	0.0966	0.1001	0.1017	0.1010	0.1027	0.1042	0.1066	0.1081	0.0972	0.0982	0.0993	0.1013	0.1030	0.1044	0.1062	0.1076	
0.1080	0.1095	0.1114	0.1035	0.1044	0.1049	0.1072	0.1069	0.1052	0.1070	0.1104	0.1037	0.1036	0.1050	0.1049	0.1076	0.1055	0.1085	0.1121	0.1036	0.1029	0.1049	0.1055	0.1062	0.1040	0.1066	0.1070	0.1032	0.1040	0.1034	0.1061	0.1082	0.1022	0.1049	0.1067	0.1033	0.1033	0.1045	0.1066	0.1073	0.0991	0.1007	0.1023	0.1018	0.1033	0.1044	0.1065	0.1078	0.0978	0.1007	0.1021	0.1012	0.1027	0.1042	0.1064	0.1081	0.0969	0.0986	0.0998	0.1015	0.1022	0.1044	0.1055	0.1070	
0.1105	0.1117	0.1133	0.1041	0.1044	0.1047	0.1072	0.1070	0.1069	0.1086	0.1121	0.1039	0.1036	0.1054	0.1052	0.1075	0.1069	0.1109	0.1133	0.1044	0.1034	0.1055	0.1056	0.1064	0.1055	0.1078	0.1087	0.1034	0.1036	0.1041	0.1057	0.1084	0.1023	0.1061	0.1069	0.1033	0.1038	0.1050	0.1065	0.1075	0.0997	0.1014	0.1029	0.1020	0.1033	0.1045	0.1066	0.1083	0.0979	0.1011	0.1020	0.1014	0.1025	0.1043	0.1064	0.1077	0.0976	0.0985	0.1011	0.1020	0.1024	0.1049	0.1056	0.1072	
0.1121	0.1133	0.1148	0.1040	0.1046	0.1047	0.1071	0.1069	0.1088	0.1103	0.1138	0.1041	0.1035	0.1053	0.1051	0.1075	0.1085	0.1123	0.1149	0.1045	0.1032	0.1051	0.1052	0.1064	0.1068	0.1088	0.1098	0.1037	0.1063	0.1038	0.1055	0.1086	0.1040	0.1066	0.1080	0.1035	0.1034	0.1047	0.1066	0.1073	0.0996	0.1017	0.1029	0.1022	0.1033	0.1043	0.1063	0.1078	0.0977	0.1011	0.1025	0.1013	0.1025	0.1043	0.1066	0.1081	0.0973	0.0984	0.0994	0.1017	0.1026	0.1043	0.1059	0.1073	
0.1135	0.1158	0.1171	0.1046	0.1050	0.1049	0.1072	0.1067	0.1106	0.1122	0.1157	0.1043	0.1036	0.1054	0.1050	0.1076	0.1105	0.1142	0.1166	0.1047	0.1035	0.1056	0.1054	0.1065	0.1083	0.1108	0.1113	0.1044	0.1056	0.1037	0.1055	0.1082	0.1046	0.1076	0.1091	0.1037	0.1035	0.1046	0.1067	0.1076	0.1002	0.1025	0.1032	0.1021	0.1036	0.1044	0.1066	0.1083	0.0987	0.1018	0.1030	0.1017	0.1028	0.1045	0.1069	0.1079	0.0975	0.0989	0.0995	0.1016	0.1025	0.1050	0.1059	0.1076	
0.1159	0.1180	0.1192	0.1049	0.1046	0.1045	0.1071	0.1070	0.1124	0.1146	0.1179	0.1048	0.1038	0.1051	0.1050	0.1072	0.1115	0.1164	0.1187	0.1054	0.1037	0.1058	0.1055	0.1063	0.1095	0.1126	0.1130	0.1045	0.1090	0.1036	0.1055	0.1084	0.1060	0.1091	0.1103	0.1039	0.1039	0.1048	0.1065	0.1073	0.1011	0.1028	0.1037	0.1025	0.1029	0.1043	0.1063	0.1080	0.0990	0.1022	0.1031	0.1019	0.1027	0.1041	0.1068	0.1077	0.0976	0.0991	0.0996	0.1021	0.1024	0.1047	0.1060	0.1071	
0.1194	0.1209	0.1225	0.1051	0.1053	0.1048	0.1073	0.1070	0.1151	0.1172	0.1209	0.1053	0.1043	0.1057	0.1054	0.1078	0.1148	0.1192	0.1218	0.1061	0.1042	0.1060	0.1058	0.1066	0.1120	0.1144	0.1149	0.1050	0.1044	0.1043	0.1060	0.1086	0.1071	0.1099	0.1120	0.1045	0.1039	0.1051	0.1069	0.1075	0.1016	0.1037	0.1042	0.1026	0.1036	0.1046	0.1067	0.1083	0.0991	0.1027	0.1037	0.1023	0.1030	0.1047	0.1070	0.1080	0.0977	0.0991	0.0999	0.1020	0.1028	0.1052	0.1058	0.1079	
0.1226	0.1242	0.1256	0.1054	0.1057	0.1049	0.1072	0.1068	0.1177	0.1198	0.1233	0.1056	0.1045	0.1058	0.1051	0.1075	0.1170	0.1219	0.1246	0.1065	0.1041	0.1058	0.1060	0.1067	0.1142	0.1167	0.1170	0.1056	0.1042	0.1041	0.1060	0.1084	0.1086	0.1114	0.1127	0.1043	0.1040	0.1051	0.1068	0.1075	0.1023	0.1042	0.1046	0.1027	0.1040	0.1047	0.1067	0.1083	0.0997	0.1028	0.1038	0.1025	0.1030	0.1043	0.1069	0.1079	0.0977	0.0993	0.0995	0.1022	0.1030	0.1044	0.1062	0.1072	
0.1249	0.1277	0.1287	0.1064	0.1056	0.1049	0.1074	0.1070	0.1207	0.1235	0.1272	0.1064	0.1049	0.1059	0.1057	0.1077	0.1196	0.1255	0.1277	0.1076	0.1045	0.1061	0.1063	0.1066	0.1170	0.1196	0.1198	0.1062	0.1068	0.1044	0.1061	0.1087	0.1087	0.1131	0.1148	0.1050	0.1043	0.1054	0.1071	0.1077	0.1030	0.1049	0.1048	0.1030	0.1035	0.1045	0.1065	0.1082	0.0992	0.1031	0.1042	0.1029	0.1033	0.1046	0.1072	0.1080	0.0979	0.0995	0.1002	0.1022	0.1029	0.1052	0.1061	0.1076	
0.1298	0.1320	0.1329	0.1067	0.1061	0.1055	0.1075	0.1068	0.1243	0.1271	0.1308	0.1071	0.1051	0.1061	0.1054	0.1077	0.1228	0.1288	0.1317	0.1081	0.1048	0.1064	0.1061	0.1067	0.1199	0.1224	0.1225	0.1067	0.1044	0.1044	0.1061	0.1088	0.1115	0.1155	0.1169	0.1054	0.1045	0.1053	0.1070	0.1078	0.1037	0.1063	0.1058	0.1031	0.1041	0.1049	0.1067	0.1085	0.1003	0.1040	0.1049	0.1032	0.1034	0.1046	0.1073	0.1081	0.0983	0.0995	0.1000	0.1025	0.1033	0.1046	0.1061	0.1076	
0.1333	0.1363	0.1378	0.1075	0.1062	0.1054	0.1077	0.1069	0.1286	0.1307	0.1352	0.1080	0.1054	0.1061	0.1057	0.1077	0.1266	0.1326	0.1357	0.1090	0.1053	0.1066	0.1062	0.1068	0.1229	0.1261	0.1261	0.1074	0.1106	0.1043	0.1063	0.1088	0.1137	0.1173	0.1185	0.1055	0.1044	0.1056	0.1071	0.1080	0.1049	0.1074	0.1065	0.1037	0.1040	0.1049	0.1070	0.1084	0.1011	0.1049	0.1052	0.1035	0.1035	0.1049	0.1073	0.1084	0.0986	0.0996	0.1002	0.1029	0.1029	0.1052	0.1060	0.1077	
0.1395	0.1417	0.1432	0.1080	0.1066	0.1058	0.1077	0.1070	0.1330	0.1356	0.1393	0.1089	0.1058	0.1065	0.1059	0.1080	0.1312	0.1380	0.1411	0.1099	0.1055	0.1067	0.1067	0.1072	0.1265	0.1299	0.1294	0.1083	0.1073	0.1044	0.1063	0.1091	0.1157	0.1202	0.1209	0.1061	0.1047	0.1057	0.1076	0.1079	0.1053	0.1088	0.1073	0.1040	0.1041	0.1054	0.1072	0.1088	0.1007	0.1050	0.1057	0.1037	0.1036	0.1052	0.1072	0.1082	0.0987	0.0999	0.1005	0.1027	0.1032	0.1050	0.1060	0.1079	
0.1450	0.1475	0.1489	0.1088	0.1070	0.1054	0.1076	0.1070	0.1386	0.1410	0.1455	0.1098	0.1063	0.1069	0.1062	0.1082	0.1365	0.1435	0.1463	0.1109	0.1059	0.1069	0.1063	0.1067	0.1301	0.1342	0.1335	0.1093	0.1053	0.1049	0.1070	0.1091	0.1180	0.1223	0.1238	0.1067	0.1053	0.1055	0.1076	0.1082	0.1066	0.1097	0.1080	0.1044	0.1046	0.1053	0.1073	0.1088	0.1019	0.1057	0.1064	0.1042	0.1039	0.1053	0.1074	0.1084	0.0994	0.1000	0.1006	0.1034	0.1036	0.1055	0.1062	0.1082	
0.1513	0.1537	0.1552	0.1095	0.1077	0.1060	0.1079	0.1073	0.1441	0.1470	0.1510	0.1105	0.1066	0.1066	0.1062	0.1080	0.1407	0.1496	0.1519	0.1120	0.1062	0.1070	0.1069	0.1073	0.1354	0.1393	0.1381	0.1096	0.1096	0.1050	0.1065	0.1092	0.1204	0.1253	0.1267	0.1072	0.1051	0.1060	0.1075	0.1083	0.1080	0.1108	0.1087	0.1049	0.1048	0.1056	0.1072	0.1088	0.1026	0.1069	0.1070	0.1048	0.1041	0.1051	0.1078	0.1085	0.0992	0.1004	0.1006	0.1030	0.1035	0.1053	0.1060	0.1080	
0.1587	0.1612	0.1631	0.1104	0.1077	0.1061	0.1083	0.1072	0.1510	0.1539	0.1581	0.1119	0.1072	0.1070	0.1063	0.1082	0.1473	0.1558	0.1589	0.1137	0.1067	0.1077	0.1070	0.1073	0.1402	0.1451	0.1437	0.1106	0.1073	0.1051	0.1069	0.1092	0.1242	0.1290	0.1300	0.1077	0.1057	0.1062	0.1079	0.1081	0.1093	0.1126	0.1100	0.1053	0.1048	0.1054	0.1074	0.1092	0.1040	0.1077	0.1079	0.1052	0.1043	0.1053	0.1074	0.1086	0.0995	0.1003	0.1020	0.1031	0.1036	0.1052	0.1065	0.1075	
0.1673	0.1693	0.1705	0.1114	0.1083	0.1062	0.1081	0.1072	0.1577	0.1605	0.1665	0.1132	0.1076	0.1074	0.1066	0.1083	0.1547	0.1641	0.1655	0.1148	0.1070	0.1080	0.1070	0.1075	0.1453	0.1507	0.1493	0.1123	0.1116	0.1052	0.1070	0.1096	0.1268	0.1324	0.1335	0.1083	0.1056	0.1065	0.1078	0.1086	0.1110	0.1144	0.1111	0.1056	0.1049	0.1055	0.1074	0.1088	0.1043	0.1088	0.1084	0.1057	0.1044	0.1053	0.1075	0.1085	0.0994	0.1007	0.1022	0.1034	0.1037	0.1053	0.1061	0.1083	
0.1767	0.1792	0.1807	0.1122	0.1086	0.1063	0.1079	0.1074	0.1663	0.1692	0.1747	0.1144	0.1080	0.1073	0.1064	0.1084	0.1617	0.1718	0.1753	0.1165	0.1074	0.1078	0.1073	0.1073	0.1519	0.1575	0.1556	0.1130	0.1108	0.1052	0.1066	0.1091	0.1307	0.1370	0.1378	0.1086	0.1059	0.1063	0.1076	0.1085	0.1121	0.1162	0.1117	0.1060	0.1052	0.1055	0.1074	0.1090	0.1051	0.1096	0.1091	0.1058	0.1043	0.1053	0.1079	0.1086	0.1001	0.1006	0.1026	0.1036	0.1035	0.1057	0.1064	0.1081	
0.1862	0.1902	0.1925	0.1133	0.1094	0.1062	0.1083	0.1071	0.1763	0.1788	0.1851	0.1157	0.1085	0.1078	0.1069	0.1085	0.1711	0.1820	0.1853	0.1176	0.1080	0.1083	0.1075	0.1075	0.1595	0.1658	0.1629	0.1147	0.1108	0.1055	0.1072	0.1095	0.1347	0.1409	0.1419	0.1093	0.1061	0.1067	0.1079	0.1085	0.1140	0.1180	0.1126	0.1065	0.1051	0.1056	0.1075	0.1090	0.1058	0.1109	0.1102	0.1065	0.1047	0.1053	0.1076	0.1088	0.1000	0.1009	0.1012	0.1035	0.1037	0.1053	0.1063	0.1079	
0.1973	0.2026	0.2023	0.1154	0.1098	0.1072	0.1086	0.1074	0.1861	0.1904	0.1972	0.1177	0.1098	0.1084	0.1071	0.1088	0.1801	0.1938	0.1956	0.1201	0.1090	0.1088	0.1085	0.1080	0.1681	0.1756	0.1721	0.1172	0.1074	0.1066	0.1079	0.1100	0.1400	0.1478	0.1478	0.1106	0.1068	0.1069	0.1084	0.1089	0.1173	0.1209	0.1148	0.1072	0.1060	0.1062	0.1079	0.1095	0.1075	0.1124	0.1115	0.1071	0.1052	0.1058	0.1079	0.1092	0.1003	0.1013	0.1017	0.1041	0.1037	0.1059	0.1064	0.1083	
0.2107	0.2157	0.2180	0.1162	0.1101	0.1069	0.1087	0.1074	0.1992	0.2019	0.2094	0.1199	0.1102	0.1086	0.1075	0.1091	0.1923	0.2045	0.2080	0.1221	0.1097	0.1094	0.1086	0.1082	0.1772	0.1855	0.1827	0.1185	0.1077	0.1064	0.1082	0.1101	0.1454	0.1525	0.1540	0.1114	0.1066	0.1069	0.1084	0.1089	0.1181	0.1234	0.1163	0.1076	0.1055	0.1060	0.1075	0.1089	0.1078	0.1134	0.1123	0.1075	0.1052	0.1060	0.1078	0.1092	0.1007	0.1012	0.1022	0.1038	0.1040	0.1054	0.1060	0.1081	
0.2257	0.2303	0.2330	0.1181	0.1114	0.1074	0.1090	0.1075	0.2132	0.2154	0.2227	0.1218	0.1112	0.1094	0.1076	0.1090	0.2040	0.2180	0.2204	0.1249	0.1102	0.1098	0.1087	0.1083	0.1879	0.1963	0.1926	0.1204	0.1082	0.1067	0.1080	0.1100	0.1517	0.1598	0.1603	0.1124	0.1073	0.1075	0.1088	0.1090	0.1208	0.1266	0.1181	0.1084	0.1061	0.1062	0.1078	0.1094	0.1094	0.1153	0.1135	0.1084	0.1054	0.1058	0.1082	0.1094	0.1015	0.1014	0.1020	0.1040	0.1040	0.1057	0.1066	0.1082	
0.2407	0.2480	0.2494	0.1197	0.1120	0.1078	0.1091	0.1078	0.2271	0.2290	0.2380	0.1245	0.1122	0.1098	0.1081	0.1093	0.2193	0.2336	0.2366	0.1276	0.1112	0.1105	0.1092	0.1086	0.1995	0.2091	0.2041	0.1228	0.1086	0.1067	0.1083	0.1104	0.1586	0.1671	0.1675	0.1134	0.1074	0.1075	0.1089	0.1094	0.1232	0.1298	0.1202	0.1091	0.1061	0.1065	0.1080	0.1093	0.1101	0.1164	0.1149	0.1087	0.1057	0.1065	0.1085	0.1088	0.1017	0.1019	0.1022	0.1042	0.1041	0.1059	0.1066	0.1078	
0.2595	0.2641	0.2657	0.1221	0.1130	0.1080	0.1095	0.1075	0.2436	0.2457	0.2545	0.1278	0.1133	0.1100	0.1083	0.1094	0.2341	0.2481	0.2513	0.1313	0.1117	0.1105	0.1094	0.1088	0.2129	0.2219	0.2178	0.1254	0.1136	0.1070	0.1087	0.1108	0.1658	0.1757	0.1754	0.1144	0.1077	0.1076	0.1091	0.1096	0.1263	0.1331	0.1222	0.1099	0.1062	0.1061	0.1081	0.1094	0.1112	0.1181	0.1165	0.1098	0.1057	0.1062	0.1083	0.1090	0.1018	0.1021	0.1042	0.1046	0.1040	0.1056	0.1065	0.1084	
0.2781	0.2838	0.2866	0.1242	0.1141	0.1084	0.1097	0.1077	0.2622	0.2635	0.2727	0.1308	0.1145	0.1105	0.1088	0.1097	0.2519	0.2669	0.2681	0.1338	0.1128	0.1113	0.1097	0.1091	0.2276	0.2376	0.2316	0.1283	0.1102	0.1073	0.1090	0.1107	0.1745	0.1850	0.1854	0.1154	0.1083	0.1079	0.1091	0.1097	0.1301	0.1371	0.1248	0.1109	0.1069	0.1067	0.1082	0.1098	0.1135	0.1208	0.1178	0.1107	0.1061	0.1063	0.1083	0.1093	0.1023	0.1024	0.1045	0.1049	0.1041	0.1060	0.1065	0.1085	
0.3007	0.3068	0.3105	0.1265	0.1155	0.1089	0.1103	0.1082	0.2846	0.2839	0.2945	0.1342	0.1160	0.1117	0.1094	0.1103	0.2717	0.2870	0.2912	0.1378	0.1143	0.1120	0.1104	0.1096	0.2442	0.2560	0.2461	0.1315	0.1127	0.1082	0.1093	0.1111	0.1836	0.1940	0.1942	0.1170	0.1090	0.1084	0.1096	0.1100	0.1336	0.1419	0.1271	0.1116	0.1070	0.1068	0.1084	0.1097	0.1143	0.1226	0.1196	0.1116	0.1065	0.1070	0.1089	0.1095	0.1032	0.1028	0.1032	0.1051	0.1044	0.1058	0.1063	0.1086	
0.3248	0.3301	0.3345	0.1293	0.1166	0.1096	0.1107	0.1082	0.3074	0.3044	0.3167	0.1381	0.1177	0.1123	0.1099	0.1103	0.2911	0.3079	0.3112	0.1422	0.1156	0.1130	0.1109	0.1100	0.2618	0.2757	0.2654	0.1354	0.1135	0.1085	0.1097	0.1111	0.1943	0.2062	0.2058	0.1186	0.1095	0.1088	0.1101	0.1103	0.1371	0.1470	0.1301	0.1129	0.1075	0.1069	0.1084	0.1097	0.1166	0.1257	0.1214	0.1126	0.1070	0.1065	0.1089	0.1096	0.1035	0.1030	0.1031	0.1053	0.1048	0.1060	0.1064	0.1085	
0.3507	0.3568	0.3608	0.1327	0.1182	0.1103	0.1111	0.1086	0.3308	0.3273	0.3403	0.1425	0.1194	0.1132	0.1105	0.1107	0.3151	0.3320	0.3347	0.1468	0.1171	0.1136	0.1116	0.1107	0.2826	0.2966	0.2836	0.1396	0.1127	0.1094	0.1102	0.1118	0.2063	0.2195	0.2191	0.1210	0.1103	0.1091	0.1104	0.1106	0.1417	0.1529	0.1339	0.1140	0.1082	0.1074	0.1089	0.1103	0.1185	0.1281	0.1238	0.1137	0.1071	0.1071	0.1091	0.1100	0.1041	0.1038	0.1037	0.1058	0.1051	0.1058	0.1067	0.1091	
0.3767	0.3825	0.3873	0.1367	0.1199	0.1111	0.1114	0.1090	0.3585	0.3544	0.3645	0.1478	0.1214	0.1146	0.1113	0.1108	0.3463	0.3556	0.3588	0.1525	0.1191	0.1149	0.1127	0.1110	0.3044	0.3204	0.3048	0.1439	0.1131	0.1096	0.1106	0.1120	0.2207	0.2344	0.2335	0.1224	0.1107	0.1097	0.1106	0.1108	0.1479	0.1593	0.1372	0.1155	0.1084	0.1075	0.1092	0.1101	0.1204	0.1311	0.1264	0.1149	0.1076	0.1078	0.1093	0.1102	0.1050	0.1037	0.1051	0.1056	0.1048	0.1062	0.1062	0.1086	
0.4068	0.4105	0.4164	0.1403	0.1215	0.1114	0.1116	0.1089	0.3852	0.3784	0.3922	0.1534	0.1239	0.1150	0.1120	0.1113	0.3680	0.3818	0.3847	0.1578	0.1202	0.1152	0.1129	0.1116	0.3280	0.3412	0.3260	0.1493	0.1147	0.1102	0.1108	0.1119	0.2367	0.2490	0.2486	0.1242	0.1114	0.1098	0.1104	0.1107	0.1530	0.1666	0.1416	0.1171	0.1085	0.1075	0.1089	0.1105	0.1233	0.1345	0.1291	0.1161	0.1077	0.1074	0.1093	0.1101	0.1054	0.1044	0.1058	0.1059	0.1050	0.1063	0.1061	0.1093	
0.4362	0.4394	0.4480	0.1450	0.1234	0.1125	0.1122	0.1095	0.4137	0.4066	0.4216	0.1595	0.1258	0.1166	0.1128	0.1118	0.3992	0.4096	0.4116	0.1650	0.1225	0.1169	0.1142	0.1125	0.3533	0.3695	0.3509	0.1547	0.1196	0.1113	0.1114	0.1127	0.2516	0.2663	0.2651	0.1272	0.1123	0.1106	0.1113	0.1115	0.1592	0.1747	0.1464	0.1191	0.1096	0.1082	0.1095	0.1110	0.1257	0.1376	0.1317	0.1177	0.1082	0.1077	0.1097	0.1104	0.1059	0.1051	0.1053	0.1066	0.1053	0.1061	0.1064	0.1090	
0.4692	0.4699	0.4792	0.1495	0.1258	0.1136	0.1130	0.1097	0.4461	0.4352	0.4509	0.1668	0.1291	0.1180	0.1139	0.1125	0.4266	0.4380	0.4425	0.1728	0.1247	0.1182	0.1148	0.1129	0.3810	0.3964	0.3751	0.1619	0.1169	0.1121	0.1122	0.1131	0.2678	0.2829	0.2841	0.1302	0.1131	0.1113	0.1116	0.1116	0.1665	0.1840	0.1515	0.1204	0.1102	0.1083	0.1096	0.1108	0.1297	0.1428	0.1348	0.1193	0.1087	0.1081	0.1095	0.1106	0.1071	0.1057	0.1073	0.1069	0.1058	0.1066	0.1067	0.1091	
0.4990	0.5020	0.5099	0.1558	0.1281	0.1143	0.1133	0.1099	0.4777	0.4884	0.4987	0.1743	0.1320	0.1188	0.1146	0.1131	0.4606	0.4671	0.4680	0.1804	0.1265	0.1192	0.1161	0.1136	0.4109	0.4264	0.4036	0.1687	0.1182	0.1129	0.1129	0.1134	0.2884	0.3039	0.3024	0.1328	0.1137	0.1115	0.1120	0.1118	0.1756	0.1928	0.1571	0.1223	0.1105	0.1084	0.1094	0.1103	0.1328	0.1477	0.1388	0.1207	0.1090	0.1080	0.1098	0.1105	0.1074	0.1059	0.1063	0.1070	0.1054	0.1065	0.1065	0.1090	
0.5319	0.5305	0.5418	0.1621	0.1312	0.1156	0.1142	0.1102	0.5093	0.4944	0.5090	0.1824	0.1359	0.1209	0.1164	0.1140	0.4870	0.4928	0.4974	0.1899	0.1296	0.1209	0.1173	0.1148	0.4391	0.4509	0.4279	0.1760	0.1199	0.1136	0.1140	0.1139	0.3100	0.3236	0.3247	0.1358	0.1150	0.1127	0.1127	0.1125	0.1831	0.2048	0.1635	0.1246	0.1112	0.1087	0.1101	0.1111	0.1365	0.1526	0.1422	0.1228	0.1097	0.1087	0.1100	0.1108	0.1079	0.1062	0.1067	0.1073	0.1058	0.1064	0.1070	0.1092	
0.5622	0.5617	0.5724	0.1694	0.1346	0.1170	0.1151	0.1112	0.5408	0.5251	0.5680	0.1929	0.1397	0.1229	0.1175	0.1146	0.5198	0.5243	0.5244	0.2014	0.1332	0.1228	0.1189	0.1158	0.4697	0.4853	0.4587	0.1863	0.1268	0.1151	0.1149	0.1145	0.3407	0.3483	0.3463	0.1402	0.1167	0.1131	0.1132	0.1130	0.1933	0.2165	0.1701	0.1270	0.1124	0.1097	0.1106	0.1119	0.1408	0.1582	0.1468	0.1253	0.1105	0.1086	0.1109	0.1111	0.1090	0.1075	0.1078	0.1079	0.1062	0.1066	0.1066	0.1095	
0.5929	0.5906	0.6068	0.1779	0.1390	0.1189	0.1159	0.1118	0.5730	0.5527	0.5680	0.2037	0.1440	0.1248	0.1189	0.1157	0.5483	0.5508	0.5569	0.2123	0.1362	0.1253	0.1206	0.1172	0.5025	0.5112	0.4836	0.1949	0.1242	0.1169	0.1158	0.1151	0.3578	0.3703	0.3710	0.1442	0.1182	0.1141	0.1141	0.1136	0.2039	0.2303	0.1787	0.1298	0.1129	0.1099	0.1107	0.1119	0.1452	0.1654	0.1516	0.1276	0.1111	0.1098	0.1111	0.1118	0.1107	0.1082	0.1085	0.1084	0.1067	0.1069	0.1073	0.1100	
0.6214	0.6171	0.6350	0.1849	0.1414	0.1201	0.1166	0.1124	0.6002	0.5806	0.5987	0.2155	0.1486	0.1267	0.1202	0.1164	0.5883	0.5793	0.5832	0.2236	0.1399	0.1270	0.1214	0.1186	0.5287	0.5379	0.5115	0.2064	0.1269	0.1181	0.1169	0.1156	0.3806	0.3939	0.3967	0.1484	0.1191	0.1150	0.1144	0.1138	0.2156	0.2439	0.1871	0.1323	0.1135	0.1103	0.1108	0.1120	0.1493	0.1720	0.1563	0.1290	0.1111	0.1094	0.1108	0.1111	0.1106	0.1079	0.1084	0.1085	0.1070	0.1067	0.1071	0.1091	
0.6464	0.6447	0.6563	0.1956	0.1463	0.1223	0.1181	0.1130	0.6267	0.6063	0.6261	0.2296	0.1544	0.1300	0.1225	0.1181	0.6016	0.6077	0.6105	0.2395	0.1443	0.1297	0.1239	0.1201	0.5566	0.5688	0.5419	0.2201	0.1301	0.1199	0.1184	0.1172	0.4092	0.4228	0.4224	0.1542	0.1209	0.1158	0.1156	0.1147	0.2282	0.2598	0.1977	0.1367	0.1147	0.1108	0.1115	0.1127	0.1558	0.1790	0.1623	0.1327	0.1119	0.1100	0.1113	0.1121	0.1119	0.1095	0.1099	0.1095	0.1071	0.1074	0.1070	0.1101	
0.6696	0.6653	0.6848	0.2061	0.1510	0.1239	0.1192	0.1138	0.6495	0.6341	0.6514	0.2421	0.1600	0.1327	0.1245	0.1187	0.6248	0.6283	0.6354	0.2526	0.1489	0.1326	0.1256	0.1214	0.5827	0.5948	0.5654	0.2316	0.1340	0.1214	0.1193	0.1174	0.4468	0.4501	0.4510	0.1593	0.1226	0.1171	0.1158	0.1150	0.2432	0.2768	0.2060	0.1386	0.1159	0.1110	0.1116	0.1124	0.1606	0.1869	0.1687	0.1349	0.1129	0.1102	0.1116	0.1117	0.1129	0.1102	0.1103	0.1097	0.1072	0.1073	0.1072	0.1097	
0.6940	0.6903	0.7048	0.2180	0.1569	0.1264	0.1207	0.1148	0.6737	0.6573	0.6757	0.2589	0.1671	0.1357	0.1269	0.1205	0.6480	0.6524	0.6603	0.2692	0.1545	0.1358	0.1281	0.1236	0.6079	0.6165	0.6193	0.2481	0.1364	0.1239	0.1209	0.1187	0.4617	0.4723	0.4782	0.1663	0.1250	0.1183	0.1171	0.1159	0.2595	0.2969	0.2198	0.1433	0.1167	0.1122	0.1124	0.1130	0.1671	0.1959	0.1761	0.1383	0.1137	0.1109	0.1122	0.1119	0.1147	0.1111	0.1139	0.1102	0.1078	0.1071	0.1075	0.1100	
0.7092	0.7120	0.7261	0.2312	0.1626	0.1290	0.1220	0.1158	0.6973	0.7110	0.7253	0.2756	0.1753	0.1394	0.1293	0.1220	0.6751	0.6975	0.7106	0.2877	0.1599	0.1397	0.1307	0.1255	0.6375	0.6727	0.6607	0.2649	0.1375	0.1262	0.1229	0.1194	0.4939	0.4987	0.5331	0.1722	0.1268	0.1195	0.1182	0.1165	0.2779	0.3184	0.2334	0.1478	0.1183	0.1126	0.1128	0.1135	0.1764	0.2071	0.1839	0.1427	0.1147	0.1115	0.1126	0.1123	0.1154	0.1117	0.1126	0.1109	0.1081	0.1072	0.1078	0.1102	
0.7230	0.7228	0.7372	0.2442	0.1692	0.1320	0.1237	0.1171	0.7114	0.7256	0.7389	0.2960	0.1836	0.1436	0.1322	0.1240	0.6951	0.7137	0.7245	0.3058	0.1659	0.1432	0.1340	0.1280	0.6592	0.6899	0.6783	0.2809	0.1423	0.1284	0.1243	0.1210	0.5304	0.5272	0.5571	0.1802	0.1299	0.1213	0.1195	0.1171	0.2967	0.3410	0.2482	0.1518	0.1193	0.1136	0.1137	0.1141	0.1852	0.2188	0.1928	0.1466	0.1154	0.1119	0.1132	0.1129	0.1171	0.1127	0.1141	0.1115	0.1085	0.1073	0.1081	0.1104	
0.7277	0.7279	0.7424	0.2612	0.1767	0.1349	0.1258	0.1185	0.7201	0.7105	0.7214	0.3161	0.1929	0.1484	0.1356	0.1266	0.7231	0.7130	0.7141	0.3274	0.1741	0.1471	0.1373	0.1307	0.6845	0.6823	0.6938	0.3017	0.1486	0.1313	0.1269	0.1225	0.5440	0.5507	0.5796	0.1887	0.1322	0.1225	0.1207	0.1186	0.3188	0.3630	0.2630	0.1580	0.1210	0.1142	0.1143	0.1145	0.1950	0.2305	0.2024	0.1514	0.1166	0.1123	0.1134	0.1135	0.1187	0.1140	0.1151	0.1121	0.1089	0.1080	0.1083	0.1110	
0.7320	0.7315	0.7450	0.2772	0.1856	0.1387	0.1279	0.1200	0.7268	0.7196	0.7272	0.3381	0.2038	0.1535	0.1393	0.1288	0.7239	0.7149	0.7205	0.3494	0.1817	0.1525	0.1417	0.1339	0.7044	0.6968	0.6824	0.3227	0.1504	0.1347	0.1289	0.1242	0.5727	0.5741	0.5840	0.1990	0.1359	0.1245	0.1219	0.1196	0.3409	0.3878	0.2808	0.1630	0.1223	0.1150	0.1149	0.1150	0.2018	0.2433	0.2115	0.1564	0.1174	0.1131	0.1141	0.1137	0.1198	0.1149	0.1181	0.1128	0.1095	0.1079	0.1087	0.1107	
0.7345	0.7361	0.7526	0.2954	0.1949	0.1432	0.1300	0.1218	0.7265	0.7228	0.7311	0.3621	0.2155	0.1596	0.1429	0.1312	0.7181	0.7219	0.7241	0.4031	0.1910	0.1571	0.1451	0.1368	0.7125	0.7070	0.7298	0.3455	0.1580	0.1383	0.1311	0.1256	0.5956	0.6038	0.6414	0.2095	0.1399	0.1265	0.1233	0.1215	0.3648	0.4135	0.2994	0.1695	0.1249	0.1161	0.1158	0.1156	0.2141	0.2591	0.2242	0.1624	0.1189	0.1136	0.1145	0.1143	0.1218	0.1158	0.1200	0.1127	0.1103	0.1083	0.1088	0.1111	
0.7420	0.7392	0.7513	0.3168	0.2059	0.1476	0.1328	0.1234	0.7284	0.7264	0.7329	0.3852	0.2279	0.1664	0.1479	0.1336	0.7223	0.7203	0.7274	0.3957	0.2004	0.1637	0.1497	0.1405	0.7242	0.7146	0.7032	0.3691	0.1672	0.1425	0.1345	0.1275	0.6361	0.6278	0.6595	0.2190	0.1432	0.1285	0.1249	0.1217	0.3902	0.4416	0.3177	0.1758	0.1261	0.1171	0.1161	0.1165	0.2279	0.2748	0.2368	0.1676	0.1197	0.1143	0.1149	0.1146	0.1238	0.1172	0.1203	0.1138	0.1098	0.1084	0.1087	0.1110	
0.7401	0.7407	0.7562	0.3364	0.2168	0.1526	0.1355	0.1252	0.7336	0.7299	0.7337	0.4528	0.2430	0.1727	0.1524	0.1371	0.7252	0.7246	0.7300	0.4611	0.2122	0.1706	0.1545	0.1446	0.7230	0.7189	0.7101	0.4223	0.1722	0.1470	0.1374	0.1289	0.6380	0.6448	0.6572	0.2312	0.1473	0.1309	0.1265	0.1234	0.4168	0.4667	0.3411	0.1838	0.1283	0.1182	0.1173	0.1172	0.2426	0.2935	0.2519	0.1744	0.1211	0.1151	0.1153	0.1151	0.1257	0.1183	0.1215	0.1142	0.1109	0.1089	0.1095	0.1114	
0.7428	0.7424	0.7577	0.3595	0.2298	0.1580	0.1388	0.1275	0.7339	0.7308	0.7361	0.4395	0.2592	0.1814	0.1588	0.1406	0.7270	0.7292	0.7324	0.4505	0.2237	0.1781	0.1606	0.1486	0.7296	0.7220	0.7133	0.4230	0.1777	0.1516	0.1408	0.1313	0.6617	0.6664	0.7036	0.2441	0.1522	0.1335	0.1286	0.1250	0.4484	0.4960	0.3659	0.1927	0.1307	0.1196	0.1186	0.1182	0.2540	0.3112	0.2677	0.1818	0.1227	0.1159	0.1159	0.1151	0.1280	0.1202	0.1235	0.1156	0.1111	0.1091	0.1099	0.1116	
0.7453	0.7459	0.7623	0.4171	0.2421	0.1639	0.1426	0.1302	0.7369	0.7329	0.7407	0.5170	0.2756	0.1906	0.1647	0.1444	0.7277	0.7307	0.7350	0.5322	0.2373	0.1867	0.1680	0.1537	0.7312	0.7270	0.7168	0.4942	0.1832	0.1565	0.1451	0.1342	0.6766	0.6790	0.7080	0.2588	0.1557	0.1368	0.1309	0.1267	0.4734	0.5211	0.4001	0.2010	0.1331	0.1207	0.1196	0.1188	0.2726	0.3322	0.2844	0.1902	0.1235	0.1170	0.1169	0.1158	0.1302	0.1217	0.1252	0.1160	0.1121	0.1095	0.1107	0.1117	
0.7465	0.7460	0.7606	0.4347	0.2571	0.1708	0.1468	0.1326	0.7393	0.7338	0.7407	0.5334	0.2935	0.2000	0.1718	0.1494	0.7324	0.7329	0.7377	0.5453	0.2520	0.1955	0.1744	0.1593	0.7319	0.7294	0.7199	0.5086	0.1936	0.1625	0.1494	0.1367	0.6867	0.6888	0.6967	0.2737	0.1621	0.1402	0.1332	0.1285	0.5014	0.5468	0.4169	0.2121	0.1358	0.1220	0.1205	0.1196	0.2890	0.3527	0.3011	0.1995	0.1253	0.1175	0.1171	0.1163	0.1323	0.1229	0.1272	0.1165	0.1124	0.1095	0.1109	0.1117	
0.7481	0.7501	0.7661	0.4935	0.2737	0.1794	0.1520	0.1359	0.7403	0.7399	0.7461	0.6041	0.3145	0.2116	0.1805	0.1548	0.7507	0.7399	0.7397	0.6013	0.2673	0.2060	0.1819	0.1649	0.7407	0.7328	0.7523	0.5826	0.2028	0.1696	0.1553	0.1404	0.7040	0.6965	0.7305	0.2904	0.1688	0.1443	0.1363	0.1311	0.5320	0.5731	0.4452	0.2234	0.1393	0.1240	0.1220	0.1208	0.3052	0.3751	0.3215	0.2084	0.1276	0.1192	0.1185	0.1174	0.1356	0.1245	0.1300	0.1178	0.1133	0.1099	0.1117	0.1123	
0.7534	0.7532	0.7684	0.4980	0.2928	0.1864	0.1569	0.1397	0.7459	0.7419	0.7482	0.6003	0.3358	0.2242	0.1895	0.1606	0.7368	0.7402	0.7423	0.6042	0.2862	0.2183	0.1920	0.1731	0.7428	0.7368	0.7256	0.5822	0.2169	0.1759	0.1609	0.1437	0.7071	0.7002	0.7242	0.3091	0.1757	0.1485	0.1396	0.1331	0.5608	0.5989	0.4736	0.2363	0.1428	0.1259	0.1233	0.1219	0.3299	0.3981	0.3428	0.2208	0.1292	0.1203	0.1194	0.1178	0.1381	0.1262	0.1321	0.1184	0.1144	0.1104	0.1118	0.1122	
0.7546	0.7551	0.7707	0.5318	0.3118	0.1954	0.1621	0.1438	0.7482	0.7412	0.7487	0.6392	0.3595	0.2377	0.2000	0.1669	0.7359	0.7368	0.7435	0.5859	0.3048	0.2302	0.2022	0.1807	0.7399	0.7365	0.7285	0.6171	0.2267	0.1854	0.1673	0.1479	0.7050	0.7040	0.7094	0.3276	0.1830	0.1522	0.1430	0.1359	0.5853	0.6210	0.5233	0.2500	0.1471	0.1283	0.1251	0.1236	0.3474	0.4226	0.3619	0.2308	0.1326	0.1219	0.1204	0.1188	0.1416	0.1286	0.1352	0.1191	0.1152	0.1108	0.1121	0.1129	
0.7590	0.7574	0.7743	0.5585	0.3329	0.2066	0.1689	0.1474	0.7499	0.7425	0.7506	0.6625	0.3833	0.2539	0.2105	0.1738	0.7441	0.7426	0.7475	0.6623	0.3249	0.2440	0.2129	0.1882	0.7475	0.7434	0.7314	0.6446	0.2376	0.1942	0.1744	0.1524	0.7208	0.7090	0.7152	0.3495	0.1909	0.1585	0.1470	0.1389	0.6117	0.6444	0.5548	0.2646	0.1516	0.1305	0.1269	0.1248	0.3754	0.4482	0.3880	0.2428	0.1344	0.1232	0.1215	0.1199	0.1457	0.1308	0.1377	0.1205	0.1156	0.1116	0.1126	0.1130	
0.7613	0.7599	0.7773	0.6110	0.4023	0.2166	0.1759	0.1520	0.7493	0.7449	0.7519	0.7145	0.4581	0.2680	0.2220	0.1816	0.7392	0.7420	0.7466	0.7093	0.3793	0.2586	0.2247	0.1986	0.7434	0.7423	0.7323	0.6911	0.2523	0.2034	0.1816	0.1576	0.7114	0.7081	0.7127	0.4001	0.1999	0.1631	0.1516	0.1419	0.6345	0.6630	0.5897	0.2804	0.1558	0.1320	0.1281	0.1258	0.3978	0.4721	0.4329	0.2570	0.1369	0.1244	0.1222	0.1204	0.1495	0.1325	0.1410	0.1219	0.1166	0.1116	0.1133	0.1131	
0.7637	0.7619	0.7800	0.6191	0.4029	0.2296	0.1841	0.1576	0.7565	0.7462	0.7563	0.7132	0.4370	0.2885	0.2369	0.1911	0.7644	0.7508	0.7494	0.7056	0.3703	0.2766	0.2383	0.2090	0.7489	0.7442	0.7349	0.6888	0.2686	0.2149	0.1917	0.1637	0.7162	0.7107	0.7158	0.3950	0.2105	0.1697	0.1567	0.1461	0.6573	0.6819	0.6104	0.2984	0.1615	0.1354	0.1306	0.1282	0.4360	0.5013	0.4542	0.2715	0.1408	0.1269	0.1241	0.1212	0.1541	0.1353	0.1455	0.1225	0.1172	0.1124	0.1143	0.1136	
0.7674	0.7640	0.7863	0.6906	0.4667	0.2436	0.1926	0.1627	0.7563	0.7526	0.7587	0.7790	0.5380	0.3062	0.2515	0.1998	0.7469	0.7505	0.7527	0.7671	0.4499	0.2932	0.2523	0.2194	0.7497	0.7482	0.7405	0.7466	0.2884	0.2279	0.2004	0.1697	0.7200	0.7159	0.7203	0.4211	0.2208	0.1779	0.1614	0.1507	0.6795	0.7138	0.6705	0.3161	0.1674	0.1390	0.1332	0.1300	0.4535	0.5232	0.4950	0.2870	0.1440	0.1282	0.1255	0.1225	0.1580	0.1387	0.1473	0.1246	0.1181	0.1129	0.1150	0.1139	
0.7657	0.7647	0.7817	0.6870	0.4320	0.2572	0.2024	0.1684	0.7585	0.7507	0.7610	0.7738	0.5640	0.3555	0.2680	0.2116	0.7509	0.7482	0.7557	0.7606	0.4202	0.3369	0.2691	0.2331	0.7472	0.7499	0.7412	0.7413	0.3041	0.2421	0.2111	0.1762	0.7203	0.7173	0.7232	0.4828	0.2320	0.1848	0.1664	0.1544	0.6899	0.6984	0.6716	0.3368	0.1732	0.1418	0.1351	0.1316	0.4959	0.5511	0.5170	0.3036	0.1469	0.1301	0.1266	0.1231	0.1627	0.1406	0.1526	0.1249	0.1191	0.1133	0.1152	0.1142	
0.7721	0.7681	0.7886	0.7192	0.5092	0.2758	0.2135	0.1767	0.7657	0.7546	0.7642	0.7705	0.5722	0.3506	0.2867	0.2245	0.7525	0.7542	0.7582	0.7571	0.4811	0.3346	0.2850	0.2464	0.7557	0.7537	0.7443	0.7388	0.3263	0.2565	0.2232	0.1855	0.7255	0.7189	0.7274	0.4747	0.2465	0.1943	0.1736	0.1607	0.6974	0.7043	0.6917	0.3584	0.1807	0.1453	0.1391	0.1348	0.5051	0.5686	0.5400	0.3239	0.1526	0.1324	0.1293	0.1248	0.1690	0.1442	0.1573	0.1272	0.1208	0.1140	0.1166	0.1148	
0.7749	0.7711	0.7894	0.7595	0.5749	0.2913	0.2254	0.1834	0.7643	0.7601	0.7677	0.7931	0.6313	0.4260	0.3049	0.2363	0.7760	0.7601	0.7635	0.7773	0.5407	0.4012	0.3039	0.2623	0.7533	0.7541	0.7485	0.7616	0.3453	0.2732	0.2370	0.1944	0.7192	0.7233	0.7297	0.5617	0.2592	0.2029	0.1810	0.1661	0.7032	0.7065	0.7195	0.4233	0.1885	0.1495	0.1422	0.1370	0.5349	0.5995	0.5792	0.3425	0.1557	0.1354	0.1311	0.1264	0.1767	0.1480	0.1624	0.1282	0.1210	0.1150	0.1173	0.1147	
0.7773	0.7746	0.7905	0.7580	0.5690	0.3123	0.2375	0.1926	0.7684	0.7575	0.7691	0.7664	0.6253	0.4002	0.3264	0.2522	0.7573	0.7556	0.7605	0.7569	0.5018	0.3794	0.3245	0.2782	0.7565	0.7546	0.7485	0.7411	0.3710	0.2897	0.2511	0.2055	0.7234	0.7229	0.7325	0.5590	0.2760	0.2138	0.1894	0.1725	0.7048	0.7082	0.7180	0.4056	0.1971	0.1542	0.1458	0.1405	0.5758	0.6215	0.5914	0.3643	0.1602	0.1372	0.1330	0.1282	0.1831	0.1518	0.1672	0.1305	0.1225	0.1156	0.1185	0.1155	
0.7802	0.7754	0.7928	0.7601	0.6007	0.3335	0.2530	0.2019	0.7733	0.7608	0.7704	0.7654	0.6639	0.4586	0.3508	0.2675	0.7689	0.7599	0.7617	0.7527	0.5698	0.4326	0.3658	0.2982	0.7558	0.7552	0.7505	0.7436	0.3919	0.3098	0.2671	0.2157	0.7461	0.7304	0.7343	0.5910	0.2934	0.2253	0.1978	0.1804	0.7100	0.7090	0.6981	0.4542	0.2085	0.1592	0.1495	0.1436	0.5863	0.6355	0.6111	0.3840	0.1662	0.1399	0.1360	0.1297	0.1895	0.1560	0.1734	0.1316	0.1234	0.1161	0.1194	0.1157	
0.7824	0.7780	0.8005	0.7648	0.6537	0.4092	0.2680	0.2132	0.7744	0.7690	0.7745	0.7991	0.7155	0.5121	0.3726	0.2840	0.7754	0.7647	0.7664	0.7857	0.5567	0.4903	0.3689	0.3171	0.7624	0.7629	0.7550	0.7710	0.4178	0.3303	0.2841	0.2277	0.7411	0.7321	0.7389	0.6486	0.3113	0.2378	0.2083	0.1882	0.7167	0.7131	0.7422	0.4540	0.2192	0.1647	0.1544	0.1474	0.6318	0.6597	0.6475	0.4094	0.1706	0.1439	0.1377	0.1317	0.1989	0.1615	0.1790	0.1336	0.1255	0.1169	0.1203	0.1168	
0.7891	0.7818	0.8001	0.7718	0.6840	0.3816	0.2871	0.2253	0.7774	0.7679	0.7801	0.7785	0.7246	0.5282	0.4300	0.3046	0.7680	0.7655	0.7688	0.7666	0.6444	0.4998	0.4245	0.3387	0.7645	0.7642	0.7571	0.7576	0.4453	0.3527	0.3033	0.2426	0.7331	0.7343	0.7396	0.6577	0.3291	0.2532	0.2198	0.1978	0.7165	0.7157	0.7368	0.5187	0.2302	0.1712	0.1592	0.1513	0.6466	0.6704	0.6707	0.4333	0.1789	0.1480	0.1401	0.1336	0.2079	0.1660	0.1858	0.1347	0.1264	0.1177	0.1215	0.1165	
0.7907	0.7841	0.8080	0.7695	0.7073	0.4081	0.3052	0.2381	0.7827	0.7710	0.7819	0.7830	0.7478	0.5584	0.4263	0.3254	0.7713	0.7674	0.7709	0.7669	0.6767	0.5314	0.4179	0.3629	0.7694	0.7654	0.7590	0.7575	0.4738	0.3783	0.3224	0.2569	0.7338	0.7360	0.7429	0.6798	0.3523	0.2673	0.2306	0.2073	0.7216	0.7166	0.7407	0.5085	0.2447	0.1783	0.1653	0.1567	0.6529	0.6753	0.6893	0.4575	0.1873	0.1518	0.1439	0.1372	0.2168	0.1710	0.1932	0.1379	0.1287	0.1186	0.1230	0.1171	
0.7931	0.7878	0.8098	0.7726	0.7564	0.4962	0.3654	0.2524	0.7816	0.7762	0.7835	0.8060	0.7870	0.6147	0.5123	0.3893	0.7705	0.7693	0.7726	0.7900	0.7282	0.5852	0.5109	0.4347	0.7684	0.7697	0.7589	0.7777	0.4953	0.4581	0.3454	0.2733	0.7329	0.7345	0.7426	0.7253	0.3720	0.2830	0.2450	0.2173	0.7224	0.7184	0.7472	0.5997	0.2577	0.1861	0.1709	0.1610	0.6752	0.6805	0.7155	0.4815	0.1920	0.1550	0.1461	0.1388	0.2275	0.1767	0.2013	0.1393	0.1295	0.1201	0.1241	0.1175	
0.7997	0.7892	0.8132	0.7681	0.7496	0.4995	0.3477	0.2699	0.7896	0.7757	0.7828	0.7762	0.7564	0.6128	0.5060	0.3723	0.7805	0.7743	0.7736	0.7625	0.7149	0.5840	0.5057	0.4178	0.7743	0.7679	0.7568	0.7509	0.5282	0.4324	0.3690	0.2933	0.7391	0.7376	0.7439	0.7089	0.3970	0.3018	0.2596	0.2312	0.7284	0.7216	0.7387	0.5929	0.2734	0.1939	0.1792	0.1670	0.7082	0.6875	0.7120	0.5078	0.2019	0.1598	0.1508	0.1428	0.2388	0.1848	0.2128	0.1425	0.1319	0.1209	0.1261	0.1179	
0.8015	0.7921	0.8125	0.7751	0.8065	0.5799	0.4131	0.2855	0.7902	0.7804	0.7879	0.8186	0.8034	0.6924	0.5863	0.4576	0.8029	0.7797	0.7783	0.8013	0.7831	0.6647	0.5754	0.5055	0.7743	0.7755	0.7897	0.7898	0.5548	0.5292	0.4392	0.3100	0.7387	0.7395	0.7519	0.7431	0.4676	0.3205	0.2746	0.2434	0.7279	0.7242	0.7599	0.6542	0.2911	0.2032	0.1853	0.1729	0.7011	0.6875	0.7265	0.5641	0.2109	0.1665	0.1546	0.1458	0.2538	0.1913	0.2229	0.1440	0.1342	0.1217	0.1277	0.1194	
0.8050	0.7952	0.8204	0.7739	0.7776	0.5728	0.4267	0.3055	0.7971	0.7810	0.7890	0.7868	0.7643	0.6812	0.5822	0.4257	0.7897	0.7805	0.7787	0.7701	0.7520	0.6508	0.5764	0.5083	0.7797	0.7756	0.7599	0.7592	0.5804	0.5229	0.4182	0.3312	0.7426	0.7419	0.7461	0.7258	0.4479	0.3408	0.2932	0.2584	0.7319	0.7278	0.7535	0.6606	0.3067	0.2133	0.1954	0.1806	0.6917	0.6848	0.7169	0.5579	0.2223	0.1714	0.1590	0.1494	0.2664	0.1986	0.2313	0.1481	0.1360	0.1232	0.1296	0.1194	
