0.0857	0.0861	0.0846	0.0853	0.0853	0.0871	0.0859	0.0965	0.0868	0.0863	0.0862	0.0867	0.0862	0.0872	0.0875	0.0977	0.0873	0.0863	0.0862	0.0869	0.0858	0.0863	0.0884	0.1011	0.0873	0.0865	0.0869	0.0876	0.0849	0.0863	0.0869	0.0941	0.0870	0.0870	0.0872	0.0872	0.0879	0.0909	0.0867	0.0916	0.0861	0.0892	0.0914	0.0927	0.0889	0.0885	0.0914	0.0955	0.0871	0.0886	0.0900	0.0899	0.0901	0.0915	0.0900	0.0928	0.0963	0.1019	0.0997	0.1139	0.0966	0.0927	0.0972	0.0966	
0.0864	0.0878	0.0897	0.0872	0.0866	0.0865	0.0851	0.0881	0.0878	0.0868	0.0873	0.0869	0.0874	0.0884	0.0879	0.0885	0.0882	0.0875	0.0878	0.0886	0.0894	0.0871	0.0896	0.0948	0.0899	0.0867	0.0872	0.0883	0.0864	0.0870	0.0874	0.0920	0.0870	0.0871	0.0880	0.0866	0.0869	0.0895	0.0869	0.0902	0.0877	0.0862	0.0918	0.0915	0.0861	0.0869	0.0897	0.0897	0.0891	0.0901	0.0913	0.0910	0.0909	0.0897	0.0908	0.0895	0.1011	0.1022	0.1018	0.1031	0.1004	0.0941	0.0941	0.0962	
0.0863	0.0851	0.0894	0.0983	0.0851	0.0873	0.0849	0.0892	0.0859	0.0864	0.0850	0.0867	0.0854	0.0856	0.0873	0.0874	0.0855	0.0868	0.0849	0.0868	0.0852	0.0843	0.0883	0.0940	0.0873	0.0863	0.0862	0.0855	0.0848	0.0877	0.0861	0.0881	0.0851	0.0858	0.0854	0.0873	0.0862	0.0957	0.0879	0.0906	0.0873	0.0861	0.0900	0.0907	0.0850	0.0858	0.0904	0.0861	0.0889	0.0907	0.0917	0.0936	0.0925	0.0902	0.0903	0.0891	0.1029	0.1038	0.1042	0.1054	0.1037	0.0938	0.0949	0.0940	
0.0860	0.0870	0.0847	0.0985	0.0871	0.0867	0.0844	0.0877	0.0864	0.0869	0.0876	0.0866	0.0871	0.0857	0.0875	0.0873	0.0856	0.0861	0.0850	0.0937	0.0858	0.0858	0.0908	0.0930	0.0868	0.0852	0.0862	0.0856	0.0853	0.0859	0.0862	0.0897	0.0862	0.0852	0.0869	0.0862	0.0878	0.0888	0.0881	0.0897	0.0865	0.0857	0.0911	0.0934	0.0853	0.0871	0.0904	0.0860	0.0894	0.0911	0.0946	0.0938	0.0925	0.0902	0.0927	0.0897	0.1015	0.1058	0.1072	0.1089	0.1049	0.0959	0.1000	0.0956	
0.0876	0.0864	0.0906	0.1028	0.0861	0.0877	0.0854	0.0891	0.0874	0.0880	0.0864	0.0863	0.0861	0.0877	0.0875	0.0875	0.0869	0.0875	0.0872	0.0897	0.0874	0.0875	0.0887	0.0953	0.0874	0.0865	0.0892	0.0863	0.0870	0.0857	0.0898	0.0897	0.0870	0.0872	0.0876	0.0869	0.0882	0.0918	0.0886	0.0907	0.0873	0.0883	0.0908	0.0920	0.0881	0.0862	0.0913	0.0872	0.0919	0.0937	0.0990	0.0964	0.0936	0.0923	0.0904	0.0908	0.1031	0.1066	0.1050	0.1441	0.1055	0.0954	0.0953	0.0971	
0.0875	0.0865	0.0884	0.1012	0.0867	0.0864	0.0855	0.0879	0.0866	0.0870	0.0869	0.0869	0.0869	0.0881	0.0882	0.0871	0.0881	0.0858	0.0859	0.0862	0.0865	0.0873	0.0905	0.0944	0.0870	0.0864	0.0863	0.0856	0.0866	0.0872	0.0906	0.0888	0.0867	0.0860	0.0863	0.0883	0.0870	0.0893	0.0883	0.0907	0.0875	0.0863	0.0909	0.0935	0.0868	0.0862	0.0901	0.0856	0.0895	0.0932	0.1071	0.0944	0.0924	0.0920	0.0920	0.0888	0.1020	0.1057	0.1085	0.1100	0.1062	0.0972	0.0963	0.0969	
0.0899	0.0865	0.0861	0.1023	0.0856	0.0882	0.0872	0.0883	0.0875	0.0871	0.0887	0.0873	0.0873	0.0866	0.0879	0.0879	0.0874	0.0896	0.0866	0.0869	0.0869	0.0850	0.0894	0.0952	0.0894	0.0859	0.0903	0.0867	0.0866	0.0882	0.0874	0.0890	0.0872	0.0880	0.0874	0.0872	0.0884	0.0890	0.0889	0.0921	0.0883	0.0893	0.0925	0.0953	0.0886	0.0882	0.0911	0.0873	0.0909	0.0944	0.1011	0.0953	0.0923	0.0919	0.0905	0.0909	0.1037	0.1077	0.1080	0.1142	0.1064	0.0988	0.0967	0.0975	
0.0866	0.0881	0.0859	0.0848	0.0843	0.0859	0.0857	0.0867	0.0860	0.0852	0.0921	0.0868	0.0868	0.0854	0.0875	0.0857	0.0855	0.0852	0.0847	0.0855	0.0857	0.0834	0.0891	0.0929	0.0864	0.0847	0.0861	0.0862	0.0841	0.0863	0.0873	0.0867	0.0848	0.0851	0.0852	0.0867	0.0856	0.0875	0.0866	0.0894	0.0863	0.0868	0.0889	0.0914	0.0852	0.0854	0.0899	0.0869	0.0893	0.1054	0.0959	0.0930	0.0930	0.0893	0.0903	0.0896	0.1028	0.1053	0.1047	0.1173	0.1047	0.0949	0.0947	0.0939	
0.0862	0.0851	0.0898	0.0850	0.0851	0.0871	0.0897	0.0867	0.0871	0.0859	0.0875	0.0866	0.0866	0.0855	0.0875	0.0878	0.0867	0.0851	0.0853	0.0860	0.0874	0.0835	0.0884	0.0942	0.0862	0.0854	0.0867	0.0872	0.0856	0.0864	0.0871	0.0899	0.0849	0.0860	0.0868	0.0868	0.0857	0.0875	0.0862	0.0889	0.0855	0.0862	0.0905	0.0938	0.0862	0.0857	0.0887	0.0858	0.0902	0.0958	0.1018	0.0943	0.0914	0.0909	0.0893	0.0905	0.1009	0.1044	0.1050	0.1146	0.1089	0.0936	0.0955	0.0929	
0.0864	0.0862	0.0869	0.0976	0.0853	0.0880	0.0864	0.0892	0.0878	0.0868	0.0874	0.0861	0.0862	0.0868	0.0863	0.0878	0.0880	0.0862	0.0863	0.0849	0.0863	0.0854	0.0897	0.0944	0.0872	0.0868	0.0873	0.0872	0.0861	0.0870	0.0891	0.0904	0.0876	0.0858	0.0868	0.0871	0.0884	0.0889	0.0882	0.0917	0.0872	0.0885	0.0913	0.0928	0.0862	0.0880	0.0896	0.0883	0.0892	0.1019	0.1024	0.0940	0.0914	0.0974	0.0900	0.0906	0.1010	0.1064	0.1076	0.1088	0.1048	0.0964	0.0944	0.0950	
0.0900	0.0889	0.0873	0.0871	0.0878	0.0877	0.0904	0.0882	0.0870	0.0877	0.0879	0.0867	0.0873	0.0866	0.0898	0.0881	0.0871	0.0870	0.0867	0.0860	0.0888	0.0862	0.0892	0.0957	0.0909	0.0867	0.0880	0.0863	0.0868	0.0880	0.0891	0.0906	0.0870	0.0878	0.0884	0.0868	0.0881	0.0898	0.0896	0.0926	0.0893	0.0878	0.0937	0.0942	0.0877	0.0876	0.0905	0.0871	0.0909	0.0928	0.1134	0.0966	0.0918	0.0922	0.0936	0.0906	0.1026	0.1057	0.1103	0.1093	0.1051	0.0946	0.0953	0.0964	
0.0907	0.0868	0.0868	0.1036	0.0867	0.0884	0.0859	0.0888	0.0881	0.0885	0.0872	0.0871	0.0869	0.0865	0.0879	0.0885	0.0888	0.0874	0.0860	0.0875	0.0861	0.0865	0.0885	0.0954	0.0891	0.0859	0.0884	0.0870	0.0866	0.0874	0.0872	0.0896	0.0882	0.0871	0.0891	0.0871	0.0883	0.0905	0.0889	0.0912	0.0879	0.0871	0.0924	0.0936	0.0870	0.0888	0.0901	0.0871	0.0899	0.1013	0.0961	0.0981	0.0924	0.0929	0.0907	0.0912	0.1020	0.1062	0.1078	0.1377	0.1043	0.0945	0.0938	0.0954	
0.0879	0.0866	0.0857	0.1040	0.0856	0.0867	0.1073	0.0876	0.0871	0.0869	0.0869	0.0866	0.0863	0.0860	0.0877	0.0874	0.0877	0.0867	0.0859	0.0861	0.0867	0.0856	0.0888	0.0945	0.0879	0.0860	0.0864	0.0866	0.0862	0.0864	0.0864	0.0887	0.0864	0.0868	0.0869	0.0866	0.0870	0.0880	0.0876	0.0907	0.0871	0.0866	0.0908	0.0926	0.0871	0.0868	0.0897	0.0868	0.0886	0.0950	0.1013	0.0933	0.0915	0.0912	0.0902	0.0895	0.1011	0.1055	0.1048	0.1112	0.1105	0.0946	0.0948	0.0938	
0.0880	0.0882	0.0872	0.1053	0.0876	0.0884	0.0880	0.0893	0.0878	0.0878	0.0895	0.0878	0.0880	0.0875	0.0887	0.0883	0.0885	0.0881	0.0874	0.0880	0.0877	0.0876	0.0893	0.0958	0.0889	0.0871	0.0883	0.0879	0.0879	0.0876	0.0883	0.0905	0.0876	0.0876	0.0886	0.0882	0.0884	0.0899	0.0886	0.0921	0.0883	0.0875	0.0925	0.0939	0.0882	0.0891	0.0901	0.0880	0.0904	0.0932	0.1062	0.0951	0.0926	0.0930	0.0917	0.0907	0.1012	0.1053	0.1058	0.1109	0.1064	0.0959	0.0952	0.0975	
0.0902	0.0895	0.0889	0.0897	0.0898	0.0904	0.0898	0.0913	0.0890	0.0893	0.0892	0.0895	0.0903	0.0887	0.0907	0.0911	0.0903	0.0892	0.0886	0.0887	0.0903	0.0893	0.0909	0.0959	0.0907	0.0900	0.0900	0.0888	0.0901	0.0895	0.0891	0.0923	0.0883	0.0897	0.0901	0.0891	0.0905	0.0915	0.0901	0.0938	0.0898	0.0893	0.0937	0.0963	0.0906	0.0900	0.0935	0.0890	0.0924	0.0949	0.1034	0.0955	0.0949	0.0966	0.0920	0.0930	0.1036	0.1079	0.1067	0.1124	0.1054	0.0968	0.0955	0.0989	
0.0901	0.0882	0.0881	0.1069	0.0877	0.0899	0.0877	0.0911	0.0889	0.0881	0.0910	0.0891	0.0882	0.0878	0.0899	0.0894	0.0901	0.0891	0.0868	0.0932	0.0883	0.0881	0.0912	0.0962	0.0902	0.0889	0.0904	0.0889	0.0896	0.0888	0.0877	0.0904	0.0889	0.0879	0.0900	0.0887	0.0889	0.0899	0.0909	0.0938	0.0892	0.0900	0.0936	0.0952	0.0892	0.0883	0.0919	0.0872	0.0901	0.0920	0.0948	0.0946	0.0948	0.0926	0.0920	0.0919	0.1017	0.1060	0.1058	0.1125	0.1075	0.1017	0.0951	0.0960	
0.0915	0.0917	0.0908	0.0901	0.0895	0.0926	0.0898	0.0916	0.0901	0.0909	0.0893	0.0904	0.0907	0.0907	0.0904	0.0927	0.0914	0.0898	0.0886	0.0907	0.0914	0.0905	0.0919	0.0975	0.0914	0.0902	0.0902	0.0912	0.0906	0.0907	0.0899	0.0921	0.0904	0.0895	0.0905	0.0921	0.0897	0.0917	0.0904	0.0944	0.0901	0.0906	0.0941	0.0966	0.0916	0.0910	0.0935	0.0909	0.0934	0.0956	0.0955	0.0958	0.0945	0.0952	0.0930	0.0947	0.1031	0.1082	0.1054	0.1146	0.1068	0.0973	0.0971	0.0967	
0.0917	0.0907	0.0894	0.0945	0.0909	0.0897	0.0900	0.0908	0.0898	0.0895	0.0923	0.0898	0.0891	0.0901	0.0901	0.0901	0.0907	0.0898	0.0890	0.0888	0.0888	0.0887	0.0907	0.0961	0.0914	0.0885	0.0898	0.0896	0.0888	0.0882	0.0888	0.0909	0.0896	0.0898	0.0901	0.0888	0.0901	0.0910	0.0900	0.0929	0.0899	0.0890	0.0936	0.0947	0.0882	0.0896	0.0915	0.0904	0.0917	0.0934	0.0967	0.0941	0.0916	0.0919	0.0917	0.0923	0.1014	0.1076	0.1142	0.1094	0.1042	0.0953	0.0948	0.0951	
0.0932	0.0910	0.0944	0.1068	0.0914	0.0924	0.0894	0.0903	0.0912	0.0901	0.0895	0.0903	0.0905	0.0910	0.0907	0.0912	0.0901	0.0900	0.0888	0.0890	0.0902	0.0898	0.0929	0.0970	0.0909	0.0905	0.0904	0.0903	0.0912	0.0889	0.0901	0.0929	0.0910	0.0899	0.0910	0.0894	0.0909	0.0901	0.0904	0.0936	0.0914	0.0896	0.0951	0.0971	0.0890	0.0880	0.0918	0.0898	0.0932	0.0940	0.0968	0.0956	0.0940	0.0947	0.0915	0.0929	0.1026	0.1064	0.1090	0.1094	0.1049	0.0963	0.0968	0.0945	
0.0920	0.0908	0.0906	0.1059	0.0910	0.0904	0.0882	0.0904	0.0912	0.0907	0.0903	0.0897	0.0902	0.0899	0.0910	0.0918	0.0902	0.0884	0.0887	0.0940	0.0901	0.0891	0.0916	0.0965	0.0911	0.0887	0.0896	0.0896	0.0899	0.0897	0.0890	0.0918	0.0891	0.0898	0.0899	0.0895	0.0890	0.0904	0.0897	0.0935	0.0906	0.0884	0.0925	0.0957	0.0892	0.0901	0.0927	0.0899	0.0906	0.0947	0.0936	0.0954	0.0920	0.0940	0.0916	0.0915	0.1000	0.1066	0.1144	0.1084	0.1065	0.0949	0.0953	0.0949	
0.0940	0.0943	0.0932	0.1075	0.0924	0.0916	0.0910	0.0930	0.0920	0.0932	0.0915	0.0923	0.0914	0.0912	0.0932	0.0913	0.0921	0.0933	0.0903	0.0921	0.0928	0.0896	0.0923	0.0989	0.0927	0.0918	0.0921	0.0905	0.0919	0.0923	0.0912	0.0937	0.0903	0.0953	0.0921	0.0909	0.0925	0.0937	0.0917	0.0938	0.0910	0.0912	0.0949	0.0971	0.0923	0.0900	0.0927	0.0904	0.0933	0.0957	0.0973	0.0987	0.0939	0.0930	0.0935	0.0930	0.1017	0.1075	0.1060	0.1132	0.1056	0.0954	0.0958	0.0957	
0.0941	0.0926	0.0915	0.1087	0.0913	0.0902	0.0883	0.0915	0.0919	0.0913	0.0900	0.0909	0.0903	0.0888	0.0905	0.0907	0.0925	0.0924	0.0891	0.0905	0.0911	0.0889	0.0912	0.0983	0.0934	0.0894	0.0900	0.0895	0.0895	0.0894	0.0896	0.0920	0.0895	0.0893	0.0904	0.0910	0.0908	0.0910	0.0891	0.0933	0.0917	0.0887	0.0942	0.0951	0.0889	0.0884	0.0909	0.0890	0.0898	0.0935	0.0960	0.0952	0.0919	0.0926	0.0902	0.0917	0.0999	0.1061	0.1091	0.1114	0.1034	0.0936	0.0937	0.0948	
0.0971	0.0956	0.0931	0.1043	0.0938	0.0924	0.0906	0.0916	0.0939	0.0950	0.0926	0.0939	0.0921	0.0940	0.0929	0.0912	0.0944	0.0924	0.0907	0.0918	0.0929	0.0903	0.0928	0.0972	0.0942	0.0920	0.0916	0.0928	0.0925	0.0914	0.0910	0.0933	0.0920	0.0915	0.0925	0.0906	0.0919	0.0928	0.0916	0.0936	0.0924	0.0909	0.0943	0.0972	0.0912	0.0906	0.0920	0.0911	0.0933	0.0967	0.0951	0.0968	0.0945	0.0931	0.0922	0.0923	0.1016	0.1070	0.1044	0.1112	0.1116	0.0945	0.0956	0.0943	
0.0962	0.0961	0.0956	0.1117	0.0930	0.0915	0.0890	0.0930	0.0942	0.0947	0.0934	0.0950	0.0913	0.0904	0.0918	0.0933	0.0939	0.0923	0.0929	0.0937	0.0937	0.0913	0.0935	0.0985	0.0940	0.0913	0.0931	0.0929	0.0912	0.0901	0.0907	0.0938	0.0924	0.0906	0.0923	0.0922	0.0911	0.0920	0.0926	0.0943	0.0915	0.0900	0.0942	0.0979	0.0900	0.0893	0.0914	0.0920	0.0926	0.0955	0.0950	0.0963	0.0942	0.0921	0.0911	0.0919	0.1005	0.1061	0.1055	0.1139	0.1046	0.0953	0.0947	0.0946	
0.0991	0.0998	0.0997	0.1129	0.0954	0.0945	0.0937	0.0920	0.0958	0.0965	0.0993	0.0963	0.0925	0.0930	0.0922	0.0924	0.0952	0.0956	0.0931	0.0931	0.0946	0.0933	0.0945	0.0993	0.0963	0.0947	0.0932	0.0931	0.0927	0.0925	0.0910	0.0934	0.0955	0.0922	0.0948	0.0927	0.0926	0.0938	0.0926	0.0962	0.0949	0.0930	0.0955	0.0983	0.0914	0.0915	0.0931	0.1114	0.0949	0.0983	0.0943	0.0965	0.0970	0.0942	0.0926	0.0938	0.1047	0.1077	0.1064	0.1087	0.1042	0.0973	0.0955	0.0969	
0.0997	0.0988	0.0979	0.1010	0.0943	0.0916	0.0891	0.0922	0.0964	0.0970	0.0952	0.0961	0.0922	0.0901	0.0920	0.0928	0.0967	0.0947	0.0939	0.0931	0.0925	0.0903	0.0919	0.0990	0.0957	0.0925	0.0933	0.0913	0.0933	0.0922	0.0901	0.0923	0.0942	0.0922	0.0939	0.0904	0.0939	0.0908	0.0899	0.0943	0.0942	0.0907	0.0950	0.0960	0.0913	0.0893	0.0914	0.0888	0.0939	0.0957	0.0944	0.0956	0.0929	0.0918	0.0910	0.0923	0.1030	0.1087	0.1038	0.1113	0.1039	0.0947	0.0951	0.0950	
0.1041	0.1007	0.1018	0.1058	0.0962	0.0918	0.0917	0.0927	0.0994	0.0995	0.0980	0.0979	0.0937	0.0932	0.0926	0.0928	0.0974	0.0971	0.0946	0.0962	0.0938	0.0922	0.0935	0.0994	0.0987	0.0947	0.0949	0.0948	0.0934	0.0917	0.0923	0.0939	0.0956	0.0951	0.0947	0.0924	0.0942	0.0928	0.0929	0.0953	0.0936	0.0918	0.0963	0.0992	0.0932	0.0900	0.0917	0.0900	0.0961	0.0967	0.0969	0.0978	0.0935	0.0925	0.0918	0.0926	0.1045	0.1092	0.1052	0.1151	0.1042	0.0966	0.0953	0.0958	
0.1067	0.1048	0.1000	0.1081	0.0980	0.0929	0.0907	0.0917	0.1008	0.0983	0.0962	0.0980	0.0946	0.0914	0.0912	0.0930	0.0982	0.0969	0.0962	0.0956	0.0937	0.0935	0.0935	0.0980	0.0985	0.0945	0.0957	0.0950	0.0948	0.0921	0.0916	0.0943	0.0953	0.0953	0.0941	0.0936	0.0929	0.0921	0.0916	0.0946	0.0957	0.0933	0.0974	0.0980	0.0901	0.0898	0.0912	0.0946	0.0943	0.0953	0.0961	0.0972	0.0924	0.0914	0.0914	0.0940	0.1019	0.1069	0.1056	0.1127	0.1062	0.0943	0.0939	0.0945	
0.1086	0.1075	0.1043	0.1128	0.0994	0.0932	0.1347	0.0928	0.1023	0.1021	0.1013	0.0979	0.0963	0.0929	0.0934	0.0935	0.0996	0.0999	0.0977	0.0971	0.0961	0.0942	0.0959	0.1000	0.0996	0.0971	0.0972	0.0970	0.0953	0.0936	0.0915	0.0991	0.0973	0.0962	0.0965	0.0949	0.0948	0.0930	0.0911	0.0987	0.0952	0.0937	0.0975	0.0990	0.0909	0.0919	0.0932	0.0897	0.0969	0.0965	0.0966	0.0972	0.0940	0.0927	0.0931	0.0926	0.1034	0.1089	0.1053	0.1101	0.1051	0.0957	0.0955	0.0946	
0.1128	0.1101	0.1069	0.1068	0.1015	0.0934	0.0917	0.0942	0.1045	0.1048	0.1007	0.0993	0.0965	0.0936	0.0923	0.0923	0.1002	0.1012	0.0976	0.0980	0.0972	0.0923	0.0936	0.0992	0.1017	0.0982	0.0989	0.0969	0.0957	0.0950	0.0913	0.0950	0.0989	0.0968	0.0982	0.0951	0.0947	0.0937	0.0922	0.0948	0.0969	0.0944	0.0971	0.0992	0.0927	0.0908	0.0933	0.0900	0.0955	0.0965	0.0969	0.0970	0.0943	0.0926	0.0917	0.0923	0.1030	0.1120	0.1056	0.1132	0.1076	0.0964	0.0950	0.0971	
0.1164	0.1124	0.1099	0.1230	0.1021	0.0966	0.1343	0.0953	0.1060	0.1052	0.1028	0.1021	0.0969	0.0946	0.0955	0.0942	0.1027	0.1020	0.1008	0.1014	0.0985	0.0947	0.0959	0.0998	0.1052	0.1013	0.1011	0.0987	0.0979	0.0963	0.0932	0.0958	0.1012	0.0997	0.0991	0.0963	0.0950	0.0944	0.0921	0.0971	0.0983	0.0969	0.0986	0.0991	0.0933	0.0912	0.0933	0.0911	0.0982	0.0981	0.0964	0.0984	0.0948	0.0933	0.0922	0.0937	0.1041	0.1116	0.1049	0.1102	0.1477	0.0960	0.0960	0.0962	
0.1187	0.1151	0.1123	0.1121	0.1010	0.0946	0.1324	0.0960	0.1095	0.1076	0.1072	0.1033	0.0963	0.0943	0.0922	0.0927	0.1049	0.1033	0.1015	0.1009	0.0980	0.0948	0.0949	0.0990	0.1044	0.1001	0.1006	0.0996	0.0971	0.0940	0.0946	0.0946	0.1015	0.1007	0.0983	0.0964	0.0953	0.0936	0.0934	0.0948	0.1001	0.0970	0.0980	0.1001	0.0928	0.0915	0.0929	0.1050	0.1001	0.1035	0.0962	0.0977	0.0930	0.0927	0.0911	0.0944	0.1029	0.1095	0.1039	0.1110	0.1034	0.0944	0.0946	0.0942	
0.1222	0.1203	0.1155	0.1278	0.1043	0.0952	0.1388	0.0946	0.1099	0.1131	0.1060	0.1027	0.0962	0.0945	0.0939	0.0930	0.1070	0.1042	0.1033	0.1010	0.0974	0.0951	0.0955	0.0996	0.1085	0.1027	0.1025	0.1007	0.0980	0.0953	0.0930	0.0964	0.1023	0.1003	0.1002	0.0958	0.0943	0.0948	0.0927	0.0953	0.0997	0.0974	0.0981	0.0994	0.0921	0.0917	0.0926	0.0987	0.0977	0.0981	0.1041	0.0998	0.0947	0.0926	0.0909	0.0926	0.1030	0.1091	0.1043	0.1113	0.1038	0.0954	0.0945	0.0946	
0.1280	0.1251	0.1196	0.1156	0.1053	0.0969	0.1136	0.0963	0.1138	0.1173	0.1101	0.1058	0.0986	0.0949	0.0948	0.0946	0.1102	0.1079	0.1061	0.1029	0.0987	0.0964	0.0957	0.0999	0.1103	0.1054	0.1043	0.1026	0.1003	0.0965	0.0929	0.0980	0.1066	0.1038	0.1026	0.0978	0.0967	0.0940	0.0929	0.0976	0.1026	0.0984	0.0994	0.0993	0.0925	0.0925	0.0933	0.0900	0.0995	0.1002	0.0965	0.0984	0.0957	0.0932	0.0916	0.0937	0.1030	0.1101	0.1059	0.1124	0.1071	0.0928	0.0963	0.0951	
0.1339	0.1323	0.1242	0.1320	0.1090	0.0971	0.1073	0.0973	0.1182	0.1175	0.1117	0.1088	0.0999	0.0945	0.0948	0.0944	0.1125	0.1122	0.1073	0.1063	0.1004	0.0964	0.0958	0.1003	0.1123	0.1096	0.1067	0.1047	0.1017	0.0968	0.0938	0.0972	0.1079	0.1051	0.1048	0.0990	0.0982	0.0950	0.0930	0.0956	0.1025	0.0999	0.1011	0.1006	0.0941	0.0922	0.0936	0.0906	0.1020	0.1042	0.0978	0.0988	0.0948	0.0931	0.0932	0.0932	0.1038	0.1112	0.1044	0.1112	0.1068	0.0939	0.0946	0.0962	
0.1385	0.1332	0.1266	0.1138	0.1072	0.0942	0.1345	0.0934	0.1176	0.1169	0.1128	0.1069	0.0971	0.0924	0.0928	0.0913	0.1122	0.1113	0.1069	0.1072	0.0979	0.0934	0.0951	0.0988	0.1149	0.1088	0.1062	0.1031	0.0991	0.0932	0.0898	0.0947	0.1082	0.1033	0.1019	0.0982	0.0954	0.0919	0.0902	0.0932	0.1019	0.0983	0.0980	0.0970	0.0900	0.0887	0.0920	0.0877	0.1006	0.1007	0.1043	0.0988	0.0930	0.0895	0.0895	0.0912	0.1048	0.1098	0.1023	0.1104	0.1021	0.0921	0.0930	0.0916	
0.1484	0.1447	0.1352	0.1204	0.1131	0.0982	0.1226	0.0971	0.1257	0.1251	0.1187	0.1119	0.1021	0.0955	0.0943	0.0937	0.1171	0.1167	0.1135	0.1107	0.1034	0.0973	0.0979	0.1006	0.1184	0.1154	0.1111	0.1092	0.1042	0.0983	0.0952	0.0976	0.1115	0.1112	0.1073	0.1012	0.0989	0.0968	0.0937	0.0955	0.1058	0.1006	0.1033	0.1025	0.0948	0.0919	0.0931	0.0920	0.1030	0.1043	0.0979	0.1008	0.0971	0.0935	0.0917	0.0941	0.1056	0.1113	0.1117	0.1112	0.1051	0.0944	0.0947	0.0961	
0.1568	0.1512	0.1417	0.1407	0.1134	0.0976	0.1105	0.0978	0.1277	0.1285	0.1209	0.1122	0.1010	0.0927	0.0932	0.0920	0.1222	0.1204	0.1157	0.1105	0.1009	0.0952	0.0958	0.0999	0.1214	0.1154	0.1132	0.1100	0.1043	0.0964	0.0939	0.0965	0.1142	0.1101	0.1081	0.1013	0.0986	0.0947	0.0915	0.0951	0.1075	0.1021	0.1019	0.1013	0.0939	0.0906	0.0918	0.0904	0.1037	0.1030	0.1000	0.0971	0.0950	0.0913	0.0919	0.0921	0.1044	0.1109	0.1049	0.1124	0.1150	0.0952	0.0950	0.0936	
0.1674	0.1601	0.1459	0.1264	0.1170	0.0989	0.1362	0.0979	0.1349	0.1326	0.1269	0.1156	0.1013	0.0937	0.0939	0.0938	0.1270	0.1235	0.1217	0.1117	0.1034	0.0974	0.0970	0.1003	0.1248	0.1188	0.1149	0.1121	0.1055	0.0971	0.0928	0.0990	0.1178	0.1124	0.1097	0.1009	0.0996	0.0945	0.0943	0.0961	0.1114	0.1025	0.1028	0.1016	0.0937	0.0909	0.0921	0.0909	0.1041	0.1041	0.1021	0.0972	0.0946	0.0923	0.0904	0.0940	0.1051	0.1121	0.1051	0.1106	0.1048	0.0936	0.0947	0.0955	
0.1772	0.1717	0.1565	0.1386	0.1200	0.0995	0.0979	0.0983	0.1404	0.1381	0.1311	0.1163	0.1023	0.0934	0.0942	0.0928	0.1307	0.1275	0.1233	0.1145	0.1042	0.0964	0.0989	0.0998	0.1291	0.1228	0.1177	0.1135	0.1072	0.0996	0.0936	0.0977	0.1221	0.1150	0.1126	0.1029	0.0991	0.0959	0.0938	0.0971	0.1118	0.1039	0.1040	0.1006	0.0947	0.0912	0.0942	0.0918	0.1063	0.1064	0.1016	0.0981	0.0951	0.0934	0.0916	0.0923	0.1065	0.1115	0.1058	0.1116	0.1033	0.0975	0.0940	0.0947	
0.1888	0.1804	0.1624	0.1355	0.1223	0.0986	0.1404	0.0990	0.1463	0.1414	0.1370	0.1175	0.1016	0.0933	0.0923	0.0934	0.1340	0.1309	0.1264	0.1199	0.1042	0.0968	0.0954	0.0995	0.1331	0.1234	0.1197	0.1156	0.1090	0.0974	0.0946	0.0960	0.1254	0.1171	0.1144	0.1022	0.0998	0.0958	0.0937	0.0958	0.1116	0.1049	0.1033	0.1015	0.0944	0.0919	0.0912	0.0907	0.1065	0.1072	0.0982	0.0976	0.0949	0.0907	0.0903	0.0930	0.1067	0.1115	0.1027	0.1100	0.1057	0.0934	0.0924	0.0934	
0.2037	0.1943	0.1761	0.1537	0.1248	0.1006	0.1357	0.0989	0.1558	0.1515	0.1407	0.1193	0.1032	0.0942	0.0945	0.0936	0.1416	0.1387	0.1333	0.1284	0.1067	0.0991	0.0976	0.1003	0.1404	0.1309	0.1259	0.1191	0.1093	0.0985	0.0939	0.0968	0.1297	0.1222	0.1175	0.1047	0.1003	0.0954	0.0942	0.0950	0.1144	0.1075	0.1051	0.1016	0.0946	0.0903	0.0922	0.0910	0.1087	0.1068	0.1016	0.0985	0.0958	0.0919	0.0923	0.0920	0.1066	0.1114	0.1057	0.1149	0.1023	0.0944	0.0930	0.0938	
0.2185	0.2093	0.1866	0.1527	0.1293	0.1015	0.1001	0.0998	0.1633	0.1597	0.1509	0.1223	0.1029	0.0939	0.0934	0.0923	0.1482	0.1450	0.1391	0.1246	0.1046	0.0985	0.0964	0.1009	0.1433	0.1344	0.1287	0.1221	0.1107	0.0977	0.0930	0.0994	0.1338	0.1258	0.1197	0.1046	0.1014	0.0959	0.0934	0.0969	0.1173	0.1085	0.1057	0.1011	0.0946	0.0912	0.0915	0.0898	0.1107	0.1073	0.1075	0.0977	0.0934	0.0906	0.0914	0.0918	0.1074	0.1130	0.1047	0.1141	0.1045	0.0949	0.0934	0.0948	
0.2375	0.2289	0.2026	0.1618	0.1349	0.1028	0.1016	0.1016	0.1726	0.1703	0.1561	0.1254	0.1060	0.0949	0.0965	0.0929	0.1542	0.1515	0.1442	0.1254	0.1085	0.0995	0.0979	0.1015	0.1544	0.1407	0.1344	0.1269	0.1132	0.0989	0.0948	0.1013	0.1410	0.1302	0.1233	0.1073	0.1043	0.0972	0.0946	0.0969	0.1210	0.1114	0.1073	0.1034	0.0958	0.0917	0.0921	0.0906	0.1122	0.1118	0.1016	0.0991	0.0970	0.0925	0.0920	0.0927	0.1086	0.1133	0.1048	0.1129	0.1045	0.0945	0.0956	0.0947	
0.2494	0.2423	0.2180	0.1632	0.1394	0.1047	0.1028	0.1008	0.1825	0.1771	0.1627	0.1295	0.1056	0.0936	0.0940	0.0926	0.1605	0.1572	0.1496	0.1271	0.1083	0.0989	0.0970	0.1002	0.1572	0.1455	0.1400	0.1306	0.1137	0.0983	0.0932	0.0984	0.1439	0.1319	0.1248	0.1086	0.1047	0.0956	0.0918	0.0946	0.1244	0.1136	0.1066	0.1032	0.0943	0.0899	0.0930	0.0895	0.1144	0.1132	0.1164	0.0995	0.0955	0.0907	0.0908	0.0929	0.1088	0.1145	0.1071	0.1099	0.1040	0.0974	0.0938	0.0944	
0.2731	0.2643	0.2327	0.1805	0.1455	0.1053	0.1047	0.1034	0.1933	0.1903	0.1741	0.1303	0.1069	0.0956	0.0955	0.0937	0.1719	0.1652	0.1573	0.1372	0.1107	0.1006	0.0973	0.1025	0.1693	0.1518	0.1457	0.1336	0.1168	0.1007	0.0944	0.0988	0.1525	0.1390	0.1314	0.1097	0.1042	0.1016	0.0938	0.0960	0.1273	0.1178	0.1113	0.1033	0.0963	0.0916	0.0927	0.0902	0.1148	0.1275	0.1085	0.0983	0.0960	0.0933	0.0928	0.0927	0.1102	0.1168	0.1058	0.1116	0.1039	0.0940	0.0946	0.0954	
0.2925	0.2864	0.2515	0.1864	0.1469	0.1052	0.1425	0.1031	0.2050	0.2037	0.1857	0.1316	0.1048	0.0959	0.0949	0.0940	0.1803	0.1744	0.1665	0.1369	0.1096	0.1007	0.0982	0.1015	0.1746	0.1611	0.1516	0.1395	0.1186	0.1015	0.0957	0.0992	0.1578	0.1428	0.1324	0.1121	0.1050	0.0958	0.0940	0.0963	0.1328	0.1199	0.1114	0.1046	0.0954	0.0927	0.0934	0.0912	0.1172	0.1192	0.1025	0.1046	0.0944	0.0915	0.0913	0.0917	0.1102	0.1168	0.1058	0.1121	0.1028	0.0940	0.0947	0.0945	
0.3187	0.3106	0.2644	0.1940	0.1555	0.1054	0.1302	0.1050	0.2194	0.2169	0.2015	0.1345	0.1088	0.0945	0.0937	0.0932	0.1910	0.1849	0.1746	0.1379	0.1115	0.0997	0.0987	0.1003	0.1845	0.1686	0.1582	0.1440	0.1220	0.1000	0.0956	0.0981	0.1641	0.1479	0.1390	0.1115	0.1057	0.0959	0.0944	0.0959	0.1357	0.1209	0.1114	0.1046	0.0958	0.0909	0.0932	0.0896	0.1199	0.1167	0.1032	0.1009	0.0952	0.0950	0.0927	0.0923	0.1108	0.1168	0.1073	0.1139	0.1026	0.0945	0.0933	0.0937	
0.3427	0.3356	0.2915	0.2045	0.1607	0.1060	0.1054	0.1038	0.2363	0.2295	0.2054	0.1375	0.1078	0.0954	0.0945	0.0935	0.2008	0.1953	0.1828	0.1430	0.1132	0.1009	0.0981	0.1011	0.1950	0.1757	0.1647	0.1480	0.1225	0.1002	0.0945	0.1009	0.1721	0.1543	0.1416	0.1130	0.1054	0.0961	0.0939	0.0957	0.1397	0.1238	0.1128	0.1037	0.0949	0.0910	0.0931	0.0909	0.1230	0.1158	0.1023	0.0997	0.0953	0.0937	0.0916	0.0919	0.1113	0.1185	0.1087	0.1130	0.1156	0.0935	0.0927	0.0947	
0.3715	0.3619	0.3220	0.2130	0.1728	0.1076	0.1244	0.1034	0.2515	0.2452	0.2201	0.1402	0.1076	0.0930	0.0952	0.0916	0.2148	0.2076	0.1937	0.1467	0.1122	0.0982	0.0970	0.0998	0.2050	0.1842	0.1726	0.1524	0.1227	0.1003	0.0929	0.0993	0.1807	0.1608	0.1468	0.1137	0.1052	0.0948	0.0918	0.0953	0.1422	0.1295	0.1133	0.1037	0.0936	0.0897	0.0918	0.0887	0.1243	0.1234	0.1073	0.0980	0.0942	0.0917	0.0900	0.0913	0.1119	0.1168	0.1050	0.1128	0.1015	0.0926	0.0922	0.0929	
0.3988	0.3924	0.3363	0.2286	0.1760	0.1080	0.1067	0.1048	0.2732	0.2609	0.2382	0.1428	0.1071	0.0941	0.0951	0.0920	0.2278	0.2178	0.2061	0.1518	0.1140	0.0997	0.0966	0.0990	0.2160	0.1960	0.1830	0.1612	0.1264	0.1016	0.0988	0.0999	0.1910	0.1691	0.1525	0.1151	0.1075	0.0958	0.0928	0.0953	0.1482	0.1308	0.1147	0.1028	0.0953	0.0896	0.0920	0.0912	0.1264	0.1199	0.1021	0.0993	0.0949	0.0917	0.0900	0.0919	0.1129	0.1181	0.1097	0.1121	0.1097	0.0918	0.0923	0.0924	
0.4347	0.4255	0.3648	0.2463	0.1880	0.1111	0.1115	0.1091	0.2946	0.2799	0.2578	0.1481	0.1108	0.0954	0.0948	0.0938	0.2466	0.2335	0.2182	0.1591	0.1151	0.1016	0.0998	0.0997	0.2340	0.2069	0.1950	0.1676	0.1313	0.1037	0.0952	0.0998	0.2048	0.1796	0.1591	0.1177	0.1075	0.0990	0.0943	0.0964	0.1578	0.1372	0.1167	0.1059	0.0964	0.0915	0.0931	0.0920	0.1323	0.1228	0.1080	0.0998	0.0971	0.0922	0.0907	0.0935	0.1154	0.1216	0.1076	0.1150	0.1036	0.0939	0.0943	0.0944	
0.4622	0.4522	0.3997	0.2605	0.1981	0.1108	0.1113	0.1088	0.3187	0.2996	0.2717	0.1506	0.1093	0.0958	0.0947	0.0936	0.2624	0.2507	0.2306	0.1645	0.1175	0.1002	0.0991	0.1005	0.2471	0.2192	0.2059	0.1730	0.1335	0.1021	0.0957	0.0993	0.2174	0.1897	0.1668	0.1208	0.1114	0.0978	0.0941	0.0972	0.1646	0.1420	0.1191	0.1068	0.0958	0.0925	0.0940	0.0918	0.1373	0.1283	0.1057	0.1005	0.0958	0.0934	0.0905	0.0932	0.1160	0.1217	0.1076	0.1127	0.1045	0.0953	0.0936	0.0950	
0.4908	0.4828	0.4291	0.2685	0.2093	0.1135	0.1442	0.1114	0.3417	0.3242	0.2872	0.1561	0.1106	0.0954	0.0944	0.0938	0.2813	0.2648	0.2490	0.1700	0.1182	0.1016	0.0987	0.1011	0.2634	0.2341	0.2203	0.1813	0.1360	0.1034	0.0950	0.1003	0.2309	0.1977	0.1742	0.1221	0.1116	0.0981	0.0946	0.0953	0.1707	0.1449	0.1229	0.1080	0.0966	0.0923	0.0940	0.0897	0.1377	0.1258	0.1066	0.0992	0.0961	0.0912	0.0927	0.0928	0.1160	0.1238	0.1082	0.1136	0.1048	0.0913	0.0939	0.0936	
0.5202	0.5134	0.4475	0.2926	0.2239	0.1141	0.1562	0.1114	0.3672	0.3415	0.3127	0.1601	0.1094	0.0947	0.0937	0.0924	0.3013	0.2820	0.2627	0.1765	0.1214	0.1023	0.0980	0.1029	0.2779	0.2480	0.2298	0.1871	0.1392	0.1032	0.0954	0.1000	0.2424	0.2091	0.1805	0.1224	0.1101	0.0967	0.0963	0.0962	0.1778	0.1498	0.1232	0.1067	0.0964	0.0926	0.0925	0.0891	0.1421	0.1382	0.1089	0.0995	0.0960	0.0931	0.0918	0.0932	0.1170	0.1265	0.1073	0.1172	0.1023	0.0945	0.0937	0.0941	
0.5491	0.5422	0.4893	0.3100	0.2376	0.1169	0.1511	0.1146	0.3986	0.3726	0.3332	0.1656	0.1119	0.0949	0.0966	0.0934	0.3225	0.3037	0.2810	0.1872	0.1199	0.1020	0.0987	0.1013	0.2971	0.2644	0.2465	0.1975	0.1438	0.1032	0.0971	0.1007	0.2595	0.2188	0.1900	0.1256	0.1130	0.0977	0.0956	0.0960	0.1870	0.1564	0.1252	0.1076	0.0988	0.0921	0.0937	0.0940	0.1473	0.1336	0.1087	0.1024	0.0966	0.0988	0.0931	0.0975	0.1216	0.1261	0.1103	0.1117	0.1035	0.0946	0.0951	0.0941	
0.5746	0.5648	0.5212	0.3325	0.2553	0.1199	0.1195	0.1144	0.4274	0.3967	0.3578	0.1685	0.1127	0.0969	0.0950	0.0927	0.3430	0.3227	0.2971	0.1902	0.1232	0.1023	0.0999	0.1011	0.3207	0.2805	0.2619	0.2094	0.1458	0.1042	0.0974	0.1011	0.2765	0.2298	0.1975	0.1295	0.1129	0.0980	0.0962	0.0964	0.1972	0.1618	0.1257	0.1101	0.0976	0.0909	0.0937	0.0925	0.1523	0.1403	0.1077	0.1023	0.0968	0.0920	0.0915	0.0929	0.1211	0.1263	0.1104	0.1133	0.1027	0.0935	0.0933	0.0948	
0.5988	0.5912	0.5432	0.3623	0.2680	0.1203	0.1208	0.1137	0.4564	0.4240	0.3877	0.1772	0.1126	0.0956	0.0953	0.0940	0.3692	0.3453	0.3210	0.2049	0.1219	0.1026	0.0999	0.1003	0.3412	0.3003	0.2770	0.2219	0.1505	0.1043	0.0962	0.1007	0.2933	0.2508	0.2073	0.1303	0.1150	0.0980	0.0947	0.0953	0.2076	0.1706	0.1289	0.1088	0.0987	0.0927	0.0931	0.0913	0.1579	0.1419	0.1110	0.1012	0.0965	0.0918	0.0923	0.0936	0.1236	0.1292	0.1107	0.1160	0.1028	0.0965	0.0940	0.0950	
0.6172	0.6163	0.5722	0.3776	0.2860	0.1211	0.1476	0.1149	0.4855	0.4515	0.4059	0.1773	0.1122	0.0922	0.0926	0.0906	0.3923	0.3659	0.3400	0.2062	0.1290	0.1002	0.0963	0.0990	0.3599	0.3188	0.2936	0.2284	0.1534	0.1021	0.0947	0.0988	0.3091	0.2608	0.2162	0.1319	0.1135	0.0950	0.0915	0.0928	0.2166	0.1780	0.1281	0.1070	0.0969	0.0904	0.0905	0.0904	0.1615	0.1419	0.1164	0.0976	0.0937	0.0950	0.0890	0.0920	0.1218	0.1278	0.1088	0.1125	0.0998	0.0911	0.0922	0.0925	
0.6402	0.6403	0.5883	0.4065	0.3099	0.1262	0.1263	0.1207	0.5162	0.4841	0.4401	0.1871	0.1149	0.0956	0.0947	0.0933	0.4201	0.3935	0.3666	0.2264	0.1322	0.1016	0.0990	0.1027	0.3876	0.3428	0.3147	0.2436	0.1597	0.1065	0.0968	0.1006	0.3341	0.2783	0.2326	0.1368	0.1165	0.0989	0.0958	0.0974	0.2311	0.1869	0.1330	0.1113	0.0984	0.0928	0.0943	0.0943	0.1713	0.1471	0.1123	0.1005	0.0968	0.0918	0.0930	0.0946	0.1288	0.1335	0.1101	0.1123	0.1021	0.0944	0.0948	0.0954	
0.6649	0.6647	0.6284	0.4305	0.3279	0.1262	0.1269	0.1205	0.5469	0.5145	0.4618	0.1930	0.1143	0.0952	0.0947	0.0937	0.4492	0.4185	0.3909	0.2330	0.1264	0.1033	0.0984	0.0996	0.4106	0.3650	0.3357	0.2572	0.1667	0.1058	0.0951	0.1001	0.3532	0.2986	0.2423	0.1378	0.1175	0.0973	0.0939	0.0963	0.2431	0.1934	0.1348	0.1097	0.0984	0.0917	0.0934	0.0927	0.1803	0.1509	0.1128	0.1002	0.0974	0.0978	0.0913	0.0922	0.1275	0.1334	0.1101	0.1135	0.1027	0.0938	0.0934	0.0941	
0.6906	0.6912	0.6429	0.4614	0.3552	0.1295	0.1494	0.1220	0.5777	0.5424	0.4981	0.2005	0.1149	0.0943	0.0941	0.0927	0.4783	0.4448	0.4196	0.2467	0.1272	0.1031	0.0995	0.1000	0.4388	0.3892	0.3561	0.2719	0.1706	0.1045	0.0951	0.1008	0.3795	0.3136	0.2559	0.1419	0.1191	0.0977	0.0935	0.0950	0.2590	0.2027	0.1387	0.1100	0.0974	0.0913	0.0918	0.0913	0.1851	0.1596	0.1208	0.1004	0.0967	0.0916	0.0916	0.0926	0.1303	0.1360	0.1102	0.1116	0.1111	0.0944	0.0935	0.0941	
0.7144	0.7155	0.6784	0.4804	0.3841	0.1297	0.1353	0.1238	0.6067	0.5652	0.5178	0.2094	0.1163	0.0949	0.0937	0.0917	0.5055	0.4714	0.4446	0.2548	0.1286	0.1024	0.0979	0.1002	0.4677	0.4127	0.3816	0.2872	0.1771	0.1057	0.0959	0.0993	0.4057	0.3333	0.2744	0.1438	0.1217	0.0980	0.0935	0.0952	0.2737	0.2126	0.1405	0.1109	0.0985	0.0908	0.0931	0.0892	0.1934	0.1591	0.1181	0.0998	0.0960	0.0925	0.0909	0.0915	0.1328	0.1367	0.1119	0.1144	0.1024	0.0915	0.0932	0.0948	
0.7368	0.7364	0.6970	0.5152	0.4077	0.1328	0.1458	0.1281	0.6344	0.5944	0.5485	0.2149	0.1155	0.0957	0.0926	0.0915	0.5372	0.4993	0.4687	0.2761	0.1298	0.1031	0.0970	0.0988	0.4930	0.4375	0.4037	0.3064	0.1823	0.1058	0.0941	0.0988	0.4316	0.3568	0.2890	0.1461	0.1206	0.0973	0.0929	0.0945	0.2916	0.2237	0.1437	0.1114	0.0979	0.0899	0.0914	0.1048	0.2010	0.1638	0.1173	0.0998	0.0959	0.0902	0.0898	0.0912	0.1341	0.1400	0.1118	0.1149	0.1007	0.0936	0.0925	0.0929	
0.7483	0.7506	0.7176	0.5373	0.4349	0.1371	0.1409	0.1310	0.6684	0.6190	0.5794	0.2249	0.1177	0.0970	0.0943	0.0923	0.5630	0.5264	0.4961	0.2798	0.1335	0.1028	0.0993	0.1003	0.5254	0.4637	0.4272	0.3237	0.1887	0.1065	0.0955	0.1012	0.4573	0.3774	0.3062	0.1517	0.1225	0.1055	0.0947	0.0952	0.3113	0.2350	0.1485	0.1119	0.0992	0.0913	0.0932	0.0899	0.2124	0.1689	0.1231	0.1010	0.0976	0.0932	0.0911	0.0927	0.1384	0.1413	0.1129	0.1117	0.1043	0.0944	0.0936	0.0947	
0.7572	0.7603	0.7372	0.5743	0.4635	0.1395	0.1452	0.1320	0.6986	0.6493	0.6021	0.2358	0.1169	0.0928	0.0927	0.0916	0.5911	0.5560	0.5239	0.2923	0.1344	0.1022	0.0968	0.1006	0.5530	0.4913	0.4566	0.3429	0.1956	0.1063	0.0955	0.0991	0.4819	0.4004	0.3230	0.1551	0.1226	0.0976	0.0925	0.0950	0.3267	0.2483	0.1501	0.1124	0.0977	0.0903	0.0910	0.0958	0.2245	0.1742	0.1155	0.0996	0.0971	0.0893	0.0899	0.0912	0.1396	0.1423	0.1121	0.1124	0.1013	0.0933	0.0927	0.0929	
0.7619	0.7675	0.7618	0.5947	0.4942	0.1442	0.1668	0.1370	0.7347	0.6793	0.6279	0.2472	0.1186	0.0969	0.0942	0.0925	0.6180	0.5834	0.5548	0.3180	0.1363	0.1045	0.1003	0.1013	0.5838	0.5219	0.4828	0.3628	0.2065	0.1080	0.0964	0.1000	0.5144	0.4259	0.3411	0.1599	0.1274	0.0977	0.0944	0.0956	0.3488	0.2649	0.1565	0.1152	0.0990	0.0911	0.0920	0.0900	0.2366	0.2020	0.1181	0.1013	0.0971	0.0926	0.0918	0.0925	0.1444	0.1462	0.1150	0.1152	0.1147	0.0970	0.0938	0.0942	
0.7595	0.7706	0.7664	0.6168	0.5197	0.1472	0.1842	0.1374	0.7621	0.7075	0.6532	0.2580	0.1192	0.0956	0.0945	0.0916	0.6497	0.6117	0.5781	0.3306	0.1405	0.1033	0.0977	0.0999	0.6069	0.5496	0.5059	0.3849	0.2120	0.1059	0.0944	0.0999	0.5402	0.4516	0.3601	0.1633	0.1260	0.0966	0.0929	0.0944	0.3706	0.2796	0.1588	0.1137	0.0980	0.0906	0.0912	0.0885	0.2487	0.1903	0.1187	0.0996	0.0960	0.0919	0.0897	0.0910	0.1484	0.1482	0.1133	0.1096	0.1015	0.0904	0.0934	0.0923	
0.7648	0.7719	0.7496	0.6452	0.5501	0.1510	0.1588	0.1416	0.7883	0.7353	0.6864	0.2686	0.1195	0.0947	0.0937	0.0915	0.6798	0.6405	0.6074	0.3495	0.1425	0.1020	0.0970	0.0991	0.6374	0.5733	0.5385	0.4052	0.2228	0.1088	0.0947	0.0995	0.5692	0.4765	0.3844	0.1678	0.1316	0.0976	0.0934	0.0940	0.3941	0.2971	0.1632	0.1151	0.1002	0.0909	0.0916	0.0943	0.2598	0.1969	0.1185	0.1000	0.0977	0.0908	0.0902	0.0908	0.1523	0.1522	0.1148	0.1157	0.1021	0.0911	0.0928	0.0928	
0.7682	0.7746	0.7683	0.6668	0.5756	0.1565	0.1760	0.1471	0.8019	0.7689	0.7125	0.2832	0.1203	0.0955	0.0938	0.0925	0.7126	0.6663	0.6367	0.3700	0.1413	0.1041	0.0983	0.1003	0.6652	0.6048	0.5662	0.4322	0.2321	0.1085	0.0946	0.1011	0.5994	0.5049	0.4062	0.1744	0.1303	0.0986	0.0937	0.0955	0.4202	0.3166	0.1684	0.1175	0.0994	0.0915	0.0930	0.0908	0.2770	0.2053	0.1219	0.1021	0.0983	0.0937	0.0910	0.0919	0.1559	0.1558	0.1160	0.1135	0.1008	0.0938	0.0936	0.0933	
0.7661	0.7787	0.7731	0.6922	0.6021	0.1631	0.1748	0.1522	0.8033	0.7906	0.7403	0.3007	0.1221	0.0947	0.0934	0.0921	0.7457	0.6985	0.6652	0.3911	0.1461	0.1046	0.0985	0.1004	0.6939	0.6297	0.5917	0.4560	0.2405	0.1077	0.1015	0.0996	0.6240	0.5309	0.4310	0.1808	0.1339	0.0984	0.0940	0.0954	0.4445	0.3333	0.1728	0.1183	0.1013	0.0934	0.0919	0.0904	0.2942	0.2131	0.1241	0.1034	0.0973	0.0921	0.0913	0.0922	0.1602	0.1607	0.1182	0.1114	0.1019	0.0924	0.0930	0.0938	
0.7717	0.7771	0.7727	0.7126	0.6227	0.1679	0.2157	0.1575	0.8057	0.7882	0.7545	0.3147	0.1224	0.0946	0.0942	0.0934	0.7706	0.7276	0.6922	0.4137	0.1495	0.1059	0.0986	0.1002	0.7281	0.6596	0.6177	0.4839	0.2541	0.1086	0.0953	0.1006	0.6561	0.5606	0.4554	0.1860	0.1351	0.0984	0.0940	0.0961	0.4706	0.3526	0.1786	0.1186	0.1009	0.0914	0.0923	0.0895	0.3114	0.2233	0.1243	0.1024	0.0974	0.0937	0.0915	0.0929	0.1664	0.1642	0.1194	0.1134	0.1024	0.0954	0.0931	0.0936	
0.7745	0.7816	0.7652	0.7370	0.6524	0.1725	0.1886	0.1632	0.8096	0.7977	0.7671	0.3323	0.1215	0.0943	0.0931	0.0923	0.7945	0.7569	0.7223	0.4368	0.1503	0.1043	0.0977	0.0993	0.7570	0.6900	0.6442	0.5083	0.2659	0.1093	0.0944	0.0997	0.6847	0.5889	0.4810	0.1916	0.1363	0.0980	0.0926	0.0946	0.4990	0.3767	0.1852	0.1192	0.1006	0.0904	0.0916	0.0888	0.3301	0.2369	0.1259	0.1019	0.0977	0.0904	0.0924	0.0918	0.1718	0.1661	0.1191	0.1171	0.1025	0.0918	0.0923	0.0937	
0.7720	0.7802	0.7719	0.7465	0.6783	0.1806	0.1980	0.1681	0.8125	0.7994	0.7804	0.3521	0.1243	0.0948	0.0947	0.0925	0.8012	0.7841	0.7536	0.4668	0.1528	0.1055	0.0978	0.0995	0.7881	0.7208	0.6766	0.5345	0.2793	0.1101	0.0970	0.1006	0.7132	0.6166	0.5130	0.1994	0.1411	0.0981	0.0935	0.0963	0.5271	0.3982	0.1920	0.1215	0.1013	0.0914	0.0919	0.0905	0.3469	0.2480	0.1306	0.1057	0.0986	0.0922	0.0911	0.0924	0.1769	0.1719	0.1201	0.1162	0.1037	0.0924	0.0934	0.0938	
0.7778	0.7858	0.7744	0.7567	0.6945	0.1871	0.2135	0.1746	0.8179	0.8022	0.7817	0.3675	0.1252	0.0953	0.0942	0.0931	0.8050	0.7997	0.7725	0.4889	0.1581	0.1065	0.0988	0.1004	0.8072	0.7517	0.7071	0.5659	0.2956	0.1112	0.0954	0.1016	0.7470	0.6460	0.5404	0.2060	0.1430	0.0989	0.0941	0.0962	0.5535	0.4256	0.2001	0.1217	0.1020	0.0921	0.0919	0.0898	0.3704	0.2604	0.1331	0.1055	0.0982	0.0931	0.0908	0.0922	0.1850	0.1766	0.1215	0.1125	0.1029	0.0958	0.0929	0.0939	
0.7765	0.7822	0.7825	0.7596	0.7161	0.1928	0.2142	0.1799	0.8173	0.8015	0.7732	0.3867	0.1248	0.0934	0.0926	0.0906	0.8064	0.8041	0.7799	0.5161	0.1584	0.1039	0.0971	0.0978	0.8114	0.7722	0.7282	0.5861	0.3057	0.1109	0.0940	0.0999	0.7756	0.6710	0.5664	0.2122	0.1442	0.0977	0.0917	0.0948	0.5819	0.4467	0.2044	0.1210	0.1002	0.0900	0.0923	0.0886	0.3906	0.2707	0.1307	0.1020	0.0974	0.0905	0.0901	0.0912	0.1878	0.1805	0.1201	0.1105	0.1007	0.0905	0.0911	0.0916	
0.7814	0.7849	0.7812	0.7602	0.7370	0.2042	0.2310	0.1870	0.8212	0.8045	0.7748	0.4117	0.1269	0.0943	0.0950	0.0921	0.8155	0.8088	0.7863	0.5413	0.1648	0.1051	0.0992	0.1011	0.8216	0.7885	0.7542	0.6195	0.3245	0.1107	0.0952	0.1016	0.8028	0.7028	0.5940	0.2268	0.1470	0.1013	0.0942	0.0969	0.6123	0.4749	0.2143	0.1232	0.1026	0.0914	0.0916	0.0905	0.4193	0.2803	0.1350	0.1044	0.0986	0.0910	0.0918	0.0916	0.1997	0.1865	0.1245	0.1116	0.1037	0.0932	0.0932	0.0931	
0.7831	0.7904	0.7767	0.7670	0.7504	0.2141	0.2426	0.1960	0.8222	0.8079	0.7907	0.4348	0.1284	0.0950	0.0939	0.0917	0.8152	0.8136	0.7941	0.5691	0.1686	0.1063	0.0983	0.0998	0.8225	0.7981	0.7756	0.6431	0.3417	0.1117	0.0952	0.1002	0.8127	0.7327	0.6237	0.2357	0.1523	0.0997	0.0931	0.0955	0.6442	0.5012	0.2217	0.1259	0.1033	0.0915	0.0920	0.0940	0.4403	0.3031	0.1385	0.1046	0.0980	0.0914	0.0913	0.0931	0.2073	0.1923	0.1247	0.1312	0.1024	0.0959	0.0933	0.0936	
0.7831	0.7895	0.7890	0.7675	0.7519	0.2210	0.2625	0.2047	0.8242	0.8110	0.7838	0.4605	0.1285	0.0944	0.0926	0.0917	0.8170	0.8140	0.7981	0.5966	0.1718	0.1049	0.0977	0.0995	0.8216	0.8041	0.7840	0.6745	0.3603	0.1109	0.0944	0.1004	0.8153	0.7620	0.6496	0.2449	0.1535	0.1003	0.0926	0.0953	0.6698	0.5284	0.2332	0.1267	0.1030	0.0910	0.0912	0.0893	0.4653	0.3148	0.1412	0.1053	0.0993	0.0905	0.0907	0.0914	0.2160	0.2001	0.1263	0.1233	0.1093	0.0905	0.0922	0.0933	
0.7876	0.7917	0.7892	0.7619	0.7507	0.2345	0.2701	0.2154	0.8224	0.8123	0.7889	0.4858	0.1308	0.0949	0.0934	0.0916	0.8209	0.8173	0.7941	0.6220	0.1819	0.1062	0.0977	0.0993	0.8239	0.8061	0.7839	0.7014	0.3796	0.1116	0.0959	0.1006	0.8197	0.7880	0.6739	0.2569	0.1569	0.0999	0.0932	0.0954	0.6990	0.5570	0.2432	0.1287	0.1040	0.0918	0.0914	0.0887	0.4923	0.3316	0.1433	0.1039	0.0995	0.0905	0.0912	0.0914	0.2228	0.2068	0.1262	0.1148	0.1022	0.0920	0.0926	0.0932	
0.7851	0.7940	0.7891	0.7660	0.7594	0.2420	0.2845	0.2264	0.8236	0.8155	0.7850	0.5103	0.1349	0.0957	0.0941	0.0926	0.8167	0.8172	0.7991	0.6533	0.1858	0.1067	0.0985	0.1008	0.8247	0.8082	0.7876	0.7316	0.4038	0.1128	0.0953	0.1006	0.8178	0.8007	0.7017	0.2689	0.1623	0.1000	0.0933	0.0959	0.7260	0.5862	0.2545	0.1310	0.1050	0.0918	0.0920	0.0897	0.5197	0.3506	0.1470	0.1059	0.0998	0.0910	0.0906	0.0918	0.2334	0.2138	0.1293	0.1177	0.1031	0.0934	0.0933	0.0932	
0.7877	0.7972	0.7989	0.7661	0.7611	0.2579	0.3063	0.2371	0.8281	0.8134	0.7846	0.5364	0.1334	0.0943	0.0940	0.0922	0.8210	0.8176	0.8047	0.6859	0.1913	0.1062	0.0984	0.1003	0.8290	0.8138	0.7940	0.7594	0.4231	0.1125	0.0957	0.1003	0.8228	0.8099	0.7339	0.2790	0.1658	0.0991	0.0934	0.0961	0.7596	0.6121	0.2662	0.1321	0.1049	0.0913	0.0919	0.0891	0.5474	0.3718	0.1525	0.1046	0.1006	0.0920	0.0912	0.0921	0.2452	0.2213	0.1305	0.1166	0.1025	0.0965	0.0931	0.0931	
0.7883	0.7974	0.7950	0.7801	0.7656	0.2736	0.3236	0.2482	0.8318	0.8164	0.7859	0.5658	0.1346	0.0952	0.0941	0.0923	0.8185	0.8211	0.8030	0.7182	0.1989	0.1071	0.0986	0.1003	0.8300	0.8140	0.7951	0.7808	0.4447	0.1137	0.0981	0.1025	0.8234	0.8114	0.7639	0.3000	0.1699	0.1006	0.0939	0.0955	0.7865	0.6384	0.2798	0.1338	0.1055	0.0921	0.0924	0.0908	0.5767	0.4056	0.1548	0.1081	0.1020	0.0910	0.0911	0.0924	0.2575	0.2299	0.1331	0.1183	0.1051	0.0935	0.0929	0.0940	
0.7941	0.7971	0.7907	0.7769	0.7606	0.2853	0.3441	0.2628	0.8362	0.8180	0.7975	0.5924	0.1351	0.0945	0.0939	0.0920	0.8265	0.8205	0.8041	0.7456	0.2107	0.1082	0.0991	0.1002	0.8348	0.8110	0.7986	0.7916	0.4694	0.1136	0.0951	0.1007	0.8285	0.8122	0.7902	0.3112	0.1745	0.0997	0.0937	0.0955	0.8104	0.6697	0.2923	0.1345	0.1067	0.0913	0.0921	0.0956	0.6095	0.4085	0.1576	0.1055	0.1004	0.0922	0.0918	0.0917	0.2719	0.2409	0.1350	0.1149	0.1042	0.0938	0.0929	0.0946	
0.7972	0.8020	0.8037	0.7667	0.7621	0.2984	0.3621	0.2730	0.8404	0.8219	0.7995	0.6171	0.1375	0.0963	0.0953	0.0923	0.8245	0.8205	0.8065	0.7721	0.2142	0.1076	0.0981	0.1000	0.8330	0.8251	0.8025	0.7988	0.4957	0.1142	0.0965	0.1027	0.8305	0.8169	0.8060	0.3272	0.1794	0.0995	0.0939	0.0958	0.8226	0.7007	0.3078	0.1367	0.1070	0.0918	0.0927	0.0901	0.6359	0.4369	0.1609	0.1064	0.1030	0.0914	0.0919	0.0923	0.2863	0.2488	0.1367	0.1169	0.1042	0.0991	0.0926	0.0941	
0.7980	0.8041	0.7995	0.7712	0.7669	0.3178	0.3763	0.2911	0.8436	0.8261	0.7994	0.6452	0.1368	0.0937	0.0930	0.0916	0.8252	0.8234	0.8027	0.7964	0.2176	0.1064	0.0968	0.0995	0.8348	0.8140	0.7996	0.8002	0.5192	0.1148	0.0969	0.1013	0.8303	0.8153	0.8047	0.3439	0.1846	0.0998	0.0927	0.0951	0.8243	0.7254	0.3223	0.1381	0.1070	0.0921	0.0914	0.0893	0.6633	0.4563	0.1655	0.1056	0.1008	0.0909	0.0900	0.0912	0.3001	0.2623	0.1381	0.1143	0.1118	0.0919	0.0923	0.0935	
0.7997	0.8080	0.8064	0.7725	0.7687	0.3379	0.4016	0.3079	0.8480	0.8273	0.7915	0.6764	0.1408	0.0946	0.0941	0.0924	0.8315	0.8232	0.8071	0.7998	0.2257	0.1078	0.0985	0.1001	0.8377	0.8194	0.8014	0.8035	0.5433	0.1158	0.0964	0.1011	0.8334	0.8187	0.8114	0.3609	0.1928	0.1006	0.0933	0.0955	0.8306	0.7595	0.3413	0.1409	0.1102	0.0919	0.0928	0.0897	0.6943	0.4879	0.1722	0.1095	0.1038	0.0913	0.0907	0.0920	0.3169	0.2696	0.1407	0.1227	0.1043	0.0929	0.0930	0.0933	
0.8002	0.8083	0.8148	0.7820	0.7675	0.3575	0.4282	0.3273	0.8533	0.8322	0.7971	0.7053	0.1420	0.0941	0.0933	0.0925	0.8310	0.8295	0.8074	0.8028	0.2329	0.1075	0.0982	0.0998	0.8351	0.8194	0.8016	0.8031	0.5722	0.1165	0.0961	0.1014	0.8316	0.8209	0.8137	0.3785	0.1958	0.1001	0.0929	0.0950	0.8282	0.7859	0.3603	0.1415	0.1082	0.0919	0.0924	0.0890	0.7208	0.5072	0.1747	0.1074	0.1014	0.0907	0.0925	0.0917	0.3302	0.2817	0.1436	0.1149	0.1092	0.0962	0.0926	0.0923	
0.8007	0.8107	0.8225	0.7822	0.7661	0.3752	0.4502	0.3398	0.8571	0.8344	0.7970	0.7264	0.1417	0.0929	0.0913	0.0910	0.8322	0.8261	0.8098	0.8025	0.2448	0.1066	0.0967	0.0984	0.8385	0.8183	0.8035	0.8008	0.5935	0.1141	0.0944	0.0986	0.8345	0.8204	0.8110	0.3944	0.2009	0.0978	0.0909	0.0933	0.8289	0.8015	0.3743	0.1431	0.1076	0.0902	0.0899	0.0882	0.7486	0.5350	0.1782	0.1050	0.1009	0.0893	0.0886	0.0895	0.3480	0.2901	0.1442	0.1132	0.1049	0.0892	0.0900	0.0909	
0.8030	0.8132	0.8222	0.7747	0.7663	0.3968	0.4798	0.3673	0.8655	0.8418	0.8093	0.7617	0.1436	0.0947	0.0932	0.0923	0.8363	0.8320	0.8074	0.8023	0.2584	0.1077	0.0980	0.0998	0.8408	0.8226	0.8075	0.8074	0.6228	0.1166	0.0959	0.1021	0.8317	0.8225	0.8175	0.4207	0.2106	0.1001	0.0925	0.0961	0.8311	0.8103	0.3951	0.1472	0.1119	0.0915	0.0911	0.0895	0.7775	0.5758	0.2023	0.1106	0.1020	0.0929	0.0903	0.0918	0.3699	0.3051	0.1492	0.1201	0.1037	0.0934	0.0924	0.0928	
0.8046	0.8177	0.8302	0.7802	0.7745	0.4203	0.5053	0.3837	0.8704	0.8465	0.7975	0.7819	0.1466	0.0953	0.0936	0.0916	0.8425	0.8323	0.8126	0.8081	0.2644	0.1088	0.0980	0.1006	0.8427	0.8247	0.8097	0.8111	0.6545	0.1168	0.0957	0.1013	0.8335	0.8256	0.8175	0.4385	0.2183	0.1000	0.0929	0.0948	0.8336	0.8153	0.4157	0.1493	0.1119	0.0922	0.0917	0.1084	0.8081	0.5928	0.1944	0.1092	0.1039	0.0917	0.0904	0.0914	0.3898	0.3233	0.1520	0.1153	0.1054	0.0917	0.0923	0.0936	
0.8089	0.8166	0.8393	0.7932	0.7750	0.4450	0.5317	0.4030	0.8746	0.8545	0.8070	0.7907	0.1490	0.0953	0.0937	0.0936	0.8453	0.8318	0.8117	0.8081	0.2791	0.1096	0.1004	0.1009	0.8443	0.8250	0.8116	0.8133	0.6897	0.1177	0.0952	0.1021	0.8331	0.8259	0.8175	0.4641	0.2397	0.1007	0.0926	0.0958	0.8349	0.8186	0.4387	0.1510	0.1118	0.0916	0.0916	0.1097	0.8297	0.6175	0.1981	0.1100	0.1036	0.0919	0.0902	0.0914	0.4124	0.3377	0.1562	0.1191	0.1070	0.0942	0.0920	0.0929	
0.8066	0.8184	0.8302	0.7884	0.7767	0.4712	0.5604	0.4287	0.8791	0.8575	0.8095	0.7958	0.1516	0.0960	0.0926	0.0914	0.8479	0.8357	0.8132	0.8047	0.2919	0.1088	0.0980	0.0991	0.8488	0.8303	0.8106	0.8097	0.7109	0.1184	0.0954	0.1013	0.8345	0.8266	0.8203	0.4846	0.2358	0.1005	0.0928	0.0949	0.8328	0.8204	0.4600	0.1549	0.1134	0.0917	0.0905	0.0887	0.8412	0.6482	0.2047	0.1113	0.1035	0.0907	0.0891	0.0909	0.4331	0.3522	0.1582	0.1168	0.1299	0.0953	0.0919	0.0926	
0.8180	0.8203	0.8425	0.7979	0.7773	0.4952	0.5857	0.4496	0.8863	0.8613	0.8153	0.7966	0.1535	0.0940	0.0930	0.0912	0.8579	0.8390	0.8179	0.8106	0.2975	0.1098	0.0981	0.0990	0.8488	0.8270	0.8152	0.8140	0.7305	0.1194	0.0949	0.1009	0.8447	0.8299	0.8263	0.5185	0.2600	0.0994	0.0932	0.0961	0.8408	0.8203	0.4857	0.1592	0.1142	0.0912	0.0919	0.0890	0.8502	0.6793	0.2138	0.1103	0.1041	0.0919	0.0915	0.0914	0.4588	0.3734	0.1625	0.1197	0.1051	0.0934	0.0921	0.0921	
0.8174	0.8214	0.8445	0.7894	0.7871	0.5237	0.6160	0.4750	0.8919	0.8687	0.8151	0.8063	0.1580	0.0955	0.0938	0.0929	0.8621	0.8451	0.8199	0.8182	0.3159	0.1113	0.0988	0.1011	0.8485	0.8284	0.8159	0.8131	0.7553	0.1202	0.0959	0.1025	0.8444	0.8317	0.8262	0.5385	0.2695	0.1019	0.0935	0.0954	0.8366	0.8202	0.5121	0.1615	0.1160	0.0925	0.0926	0.0894	0.8498	0.7037	0.2240	0.1130	0.1056	0.0924	0.0912	0.0921	0.4833	0.3913	0.1676	0.1200	0.1048	0.0933	0.0937	0.0937	
0.8187	0.8250	0.8569	0.8034	0.7887	0.5479	0.6230	0.5011	0.8987	0.8767	0.8098	0.8054	0.1609	0.0954	0.0930	0.0922	0.8669	0.8455	0.8210	0.8177	0.3437	0.1101	0.0988	0.1003	0.8525	0.8332	0.8165	0.8162	0.7741	0.1234	0.0954	0.1010	0.8452	0.8329	0.8246	0.5625	0.2682	0.1006	0.0931	0.0948	0.8362	0.8217	0.5355	0.1661	0.1171	0.0922	0.0917	0.0896	0.8536	0.7328	0.2303	0.1140	0.1063	0.0908	0.0898	0.0908	0.5086	0.4115	0.1698	0.1207	0.1066	0.0916	0.0925	0.0925	
