0.0877	0.0884	0.0874	0.0907	0.0876	0.0896	0.0886	0.0914	0.0870	0.0888	0.0886	0.0891	0.0888	0.0904	0.0925	0.0909	0.0869	0.0875	0.0908	0.0898	0.0902	0.0906	0.0929	0.0918	0.0875	0.0887	0.0883	0.0893	0.0902	0.0916	0.0926	0.0949	0.0884	0.0888	0.0896	0.0901	0.0905	0.0941	0.0946	0.0968	0.0949	0.0888	0.0913	0.0948	0.0953	0.0972	0.1032	0.1046	0.0902	0.0928	0.0963	0.0993	0.1019	0.1051	0.1083	0.1093	0.0994	0.1020	0.1064	0.1107	0.1095	0.1154	0.1186	0.1177	
0.0875	0.0879	0.0891	0.0892	0.0870	0.0896	0.0876	0.0902	0.0872	0.0877	0.0878	0.0887	0.0880	0.0882	0.0907	0.0889	0.0862	0.0871	0.0897	0.0880	0.0883	0.0890	0.0914	0.0897	0.0878	0.0887	0.0873	0.0880	0.0903	0.0908	0.0911	0.0933	0.0881	0.0873	0.0888	0.0886	0.0910	0.0928	0.0946	0.0963	0.0864	0.0873	0.0901	0.0943	0.0965	0.1002	0.1075	0.1052	0.0885	0.0924	0.0973	0.1020	0.1052	0.1091	0.1135	0.1147	0.0963	0.1009	0.1049	0.1108	0.1135	0.1211	0.1235	0.1273	
0.0877	0.0872	0.0873	0.0884	0.0874	0.0886	0.0874	0.0892	0.0876	0.0880	0.0887	0.0881	0.0877	0.0889	0.0894	0.0889	0.0869	0.0871	0.0904	0.0890	0.0897	0.0886	0.0904	0.0894	0.0876	0.0880	0.0884	0.0879	0.0892	0.0909	0.0905	0.0919	0.0877	0.0879	0.0898	0.0890	0.0902	0.0933	0.0942	0.0937	0.0866	0.0873	0.0923	0.0958	0.0976	0.1017	0.1045	0.1071	0.0884	0.0925	0.0999	0.1041	0.1074	0.1134	0.1176	0.1164	0.0970	0.1033	0.1088	0.1157	0.1183	0.1235	0.1270	0.1301	
0.0877	0.0876	0.0886	0.0882	0.0860	0.0925	0.0872	0.0882	0.0874	0.0879	0.0880	0.0884	0.0883	0.0880	0.0892	0.0889	0.0867	0.0866	0.0903	0.0881	0.0887	0.0876	0.0896	0.0882	0.0870	0.0877	0.0880	0.0884	0.0891	0.0888	0.0888	0.0902	0.0875	0.0883	0.0887	0.0890	0.0892	0.0924	0.0929	0.0940	0.0871	0.0877	0.0918	0.0952	0.0973	0.1031	0.1032	0.1057	0.0882	0.0919	0.0996	0.1053	0.1090	0.1135	0.1158	0.1161	0.0964	0.1021	0.1079	0.1172	0.1177	0.1247	0.1282	0.1310	
0.0886	0.0881	0.0889	0.0890	0.0878	0.0887	0.0876	0.0905	0.0886	0.0899	0.0894	0.0885	0.0887	0.0890	0.0893	0.0885	0.0874	0.0886	0.0909	0.0888	0.0897	0.0889	0.0897	0.0896	0.0880	0.0887	0.0890	0.0882	0.0901	0.0899	0.0902	0.0905	0.0879	0.0888	0.0893	0.0888	0.0901	0.0925	0.0927	0.0941	0.0879	0.0876	0.0924	0.0958	0.0971	0.1021	0.1033	0.1041	0.0883	0.0925	0.1007	0.1058	0.1082	0.1136	0.1157	0.1165	0.0975	0.1022	0.1084	0.1177	0.1184	0.1259	0.1300	0.1303	
0.0877	0.0868	0.0878	0.0879	0.0874	0.0892	0.0880	0.0883	0.0883	0.0883	0.0880	0.0878	0.0886	0.0882	0.0892	0.0886	0.0872	0.0869	0.0906	0.0881	0.0891	0.0881	0.0888	0.0886	0.0879	0.0884	0.0881	0.0878	0.0894	0.0904	0.0890	0.0902	0.0872	0.0878	0.0893	0.0888	0.0895	0.0916	0.0920	0.0929	0.0869	0.0873	0.0915	0.0949	0.0961	0.0994	0.1031	0.1035	0.0885	0.0920	0.1011	0.1054	0.1082	0.1129	0.1140	0.1152	0.0967	0.1011	0.1080	0.1149	0.1178	0.1263	0.1291	0.1271	
0.0882	0.0881	0.0898	0.0901	0.0883	0.0878	0.0866	0.0906	0.0884	0.0886	0.0888	0.0951	0.0888	0.0886	0.0884	0.0900	0.0884	0.0880	0.0910	0.0887	0.0891	0.0882	0.0901	0.0884	0.0874	0.0889	0.0884	0.0878	0.0894	0.0896	0.0888	0.0933	0.0885	0.0884	0.0902	0.0894	0.0905	0.0915	0.0925	0.0927	0.0880	0.0881	0.0913	0.0942	0.0963	0.0986	0.1010	0.1019	0.0886	0.0921	0.1014	0.1058	0.1069	0.1102	0.1135	0.1133	0.0970	0.1009	0.1096	0.1133	0.1173	0.1249	0.1277	0.1278	
0.0887	0.0881	0.0887	0.0897	0.0875	0.0886	0.0878	0.0896	0.0890	0.0894	0.0886	0.0889	0.0888	0.0886	0.0889	0.0892	0.0874	0.0879	0.0911	0.0893	0.0894	0.0898	0.0903	0.0883	0.0875	0.0889	0.0891	0.0883	0.0905	0.0897	0.0894	0.0908	0.0887	0.0883	0.0909	0.0895	0.0908	0.0918	0.0925	0.0925	0.0879	0.0880	0.0916	0.0944	0.0950	0.0982	0.1002	0.1012	0.0883	0.0914	0.1003	0.1043	0.1099	0.1102	0.1115	0.1126	0.0957	0.1001	0.1089	0.1125	0.1179	0.1248	0.1258	0.1268	
0.0881	0.0874	0.0876	0.0886	0.0880	0.0881	0.0867	0.0884	0.0877	0.0881	0.0890	0.0875	0.0880	0.0882	0.0886	0.0892	0.0871	0.0876	0.0900	0.0882	0.0885	0.0879	0.0885	0.0876	0.0869	0.0895	0.0881	0.0886	0.0886	0.0894	0.0896	0.0946	0.0882	0.0878	0.0897	0.0883	0.0896	0.0907	0.0927	0.0914	0.0877	0.0868	0.0899	0.0924	0.0929	0.0967	0.0990	0.0991	0.0880	0.0916	0.0992	0.1038	0.1056	0.1086	0.1102	0.1100	0.0963	0.1004	0.1061	0.1111	0.1189	0.1237	0.1252	0.1234	
0.0881	0.0872	0.0871	0.0888	0.0878	0.0887	0.0876	0.0890	0.0882	0.0885	0.0881	0.0884	0.0884	0.0883	0.0884	0.0887	0.0869	0.0881	0.0902	0.0881	0.0885	0.0881	0.0898	0.0877	0.0870	0.0882	0.0887	0.0886	0.0886	0.0886	0.0887	0.0890	0.0882	0.0880	0.0893	0.0887	0.0886	0.0902	0.0918	0.0913	0.0873	0.0871	0.0907	0.0925	0.0947	0.0952	0.0982	0.0989	0.0876	0.0903	0.0985	0.1015	0.1044	0.1060	0.1085	0.1084	0.0969	0.0998	0.1065	0.1096	0.1172	0.1217	0.1240	0.1218	
0.0892	0.0884	0.0895	0.0898	0.0884	0.0888	0.0873	0.0896	0.0893	0.0895	0.0895	0.0882	0.0892	0.0890	0.0901	0.0892	0.0881	0.0883	0.0912	0.0898	0.0895	0.0882	0.0893	0.0888	0.0877	0.0890	0.0893	0.0889	0.0896	0.0895	0.0895	0.0902	0.0884	0.0887	0.0908	0.0895	0.0892	0.0906	0.0914	0.0913	0.0884	0.0881	0.0910	0.0926	0.0918	0.0961	0.0970	0.0988	0.0887	0.0916	0.0979	0.1006	0.1028	0.1077	0.1085	0.1074	0.0960	0.1002	0.1065	0.1097	0.1149	0.1199	0.1219	0.1199	
0.0894	0.0881	0.0897	0.0905	0.0878	0.0892	0.0877	0.0906	0.0887	0.0893	0.0889	0.0896	0.0888	0.0888	0.0898	0.0898	0.0877	0.0879	0.0916	0.0894	0.0893	0.0895	0.0891	0.0887	0.0874	0.0891	0.0886	0.0887	0.0887	0.0897	0.0898	0.0906	0.0878	0.0885	0.0901	0.0887	0.0902	0.0909	0.0905	0.0918	0.0874	0.0885	0.0909	0.0924	0.0915	0.0939	0.0980	0.0968	0.0885	0.0921	0.0981	0.1000	0.1028	0.1051	0.1068	0.1068	0.0965	0.1017	0.1062	0.1081	0.1159	0.1209	0.1233	0.1185	
0.0890	0.0883	0.0897	0.0899	0.0882	0.0897	0.0882	0.0895	0.0889	0.0895	0.0897	0.0887	0.0895	0.0894	0.0884	0.0891	0.0873	0.0874	0.0909	0.0890	0.0890	0.0880	0.0891	0.0888	0.0877	0.0895	0.0884	0.0889	0.0895	0.0895	0.0896	0.0894	0.0880	0.0882	0.0898	0.0900	0.0892	0.0900	0.0898	0.0910	0.0884	0.0877	0.0895	0.0909	0.0914	0.0929	0.0974	0.0967	0.0886	0.0913	0.0963	0.0985	0.1012	0.1036	0.1080	0.1057	0.0968	0.0994	0.1047	0.1072	0.1123	0.1184	0.1188	0.1183	
0.0902	0.0888	0.0904	0.0909	0.0887	0.0899	0.0888	0.0898	0.0906	0.0901	0.0899	0.0897	0.0906	0.0895	0.0899	0.0901	0.0887	0.0890	0.0911	0.0901	0.0897	0.0896	0.0905	0.0895	0.0885	0.0898	0.0896	0.0891	0.0903	0.0903	0.0891	0.0913	0.0896	0.0894	0.0914	0.0896	0.0914	0.0910	0.0906	0.0915	0.0895	0.0885	0.0910	0.0908	0.0917	0.0937	0.0959	0.0966	0.0891	0.0923	0.0962	0.0992	0.1006	0.1026	0.1049	0.1045	0.0994	0.1025	0.1078	0.1070	0.1164	0.1188	0.1169	0.1147	
0.0907	0.0890	0.0889	0.0894	0.0888	0.0899	0.0894	0.0898	0.0900	0.0897	0.0902	0.0960	0.0902	0.0895	0.0894	0.0903	0.0889	0.0888	0.0916	0.0903	0.0907	0.0897	0.0901	0.0901	0.0883	0.0904	0.0906	0.0888	0.0904	0.0908	0.0903	0.0900	0.0890	0.0889	0.0908	0.0895	0.0902	0.0912	0.0913	0.0913	0.0891	0.0884	0.0905	0.0907	0.0909	0.0936	0.0965	0.0957	0.0886	0.0915	0.0962	0.0975	0.0986	0.1009	0.1049	0.1025	0.0950	0.0996	0.1056	0.1066	0.1131	0.1168	0.1163	0.1145	
0.0908	0.0894	0.0903	0.0904	0.0889	0.0897	0.0901	0.0914	0.0903	0.0908	0.0915	0.0899	0.0900	0.0904	0.0904	0.0907	0.0894	0.0887	0.0915	0.0901	0.0903	0.0901	0.0902	0.0899	0.0900	0.0899	0.0901	0.0896	0.0899	0.0901	0.0899	0.0907	0.0905	0.0901	0.0916	0.0896	0.0910	0.0910	0.0926	0.0918	0.0895	0.0893	0.0907	0.0903	0.0911	0.0923	0.0963	0.0958	0.0900	0.0913	0.0962	0.0965	0.0978	0.0998	0.1026	0.1045	0.0969	0.0997	0.1058	0.1053	0.1112	0.1159	0.1148	0.1166	
0.0908	0.0894	0.0901	0.0909	0.0891	0.0902	0.0891	0.0910	0.0906	0.0905	0.0905	0.0894	0.0906	0.0901	0.0910	0.0911	0.0898	0.0891	0.0921	0.0902	0.0911	0.0902	0.0903	0.0904	0.0896	0.0903	0.0904	0.0892	0.0900	0.0911	0.0897	0.0903	0.0900	0.0893	0.0914	0.0893	0.0899	0.0912	0.0908	0.0921	0.0894	0.0891	0.0907	0.0900	0.0907	0.0943	0.0939	0.0946	0.0893	0.0910	0.0956	0.0954	0.0973	0.0995	0.1011	0.1010	0.0954	0.0995	0.1057	0.1066	0.1083	0.1141	0.1146	0.1134	
0.0910	0.0885	0.0890	0.0897	0.0902	0.0893	0.0882	0.0904	0.0913	0.0906	0.0915	0.0907	0.0905	0.0898	0.0909	0.0899	0.0888	0.0893	0.0916	0.0894	0.0904	0.0906	0.0900	0.0894	0.0887	0.0906	0.0904	0.0897	0.0905	0.0897	0.0892	0.0915	0.0895	0.0899	0.0910	0.0904	0.0900	0.0911	0.0908	0.0918	0.0890	0.0888	0.0899	0.0892	0.0903	0.0915	0.0941	0.0952	0.0885	0.0916	0.0945	0.0952	0.0963	0.0984	0.1003	0.0999	0.0985	0.1005	0.1054	0.1039	0.1102	0.1130	0.1123	0.1132	
0.0918	0.0897	0.0900	0.0914	0.0892	0.0901	0.0897	0.0902	0.0916	0.0908	0.0906	0.0901	0.0906	0.0902	0.0917	0.0901	0.0900	0.0904	0.0924	0.0904	0.0912	0.0908	0.0909	0.0895	0.0902	0.0910	0.0908	0.0904	0.0903	0.0908	0.0897	0.0910	0.0908	0.0900	0.0915	0.0899	0.0912	0.0906	0.0911	0.0916	0.0902	0.0897	0.0913	0.0900	0.0909	0.0928	0.0938	0.0947	0.0894	0.0922	0.0950	0.0943	0.0961	0.0976	0.1001	0.0991	0.0965	0.1003	0.1048	0.1040	0.1071	0.1125	0.1143	0.1099	
0.0931	0.0886	0.0900	0.0904	0.0897	0.0906	0.0898	0.0913	0.0924	0.0914	0.0917	0.0912	0.0916	0.0912	0.0913	0.0924	0.0910	0.0907	0.0930	0.0915	0.0917	0.0911	0.0930	0.0916	0.0909	0.0915	0.0915	0.0902	0.0918	0.0931	0.0911	0.0921	0.0919	0.0916	0.0924	0.0901	0.0910	0.0921	0.0926	0.0929	0.0912	0.0903	0.0916	0.0912	0.0931	0.0926	0.0945	0.0946	0.0894	0.0922	0.0941	0.0942	0.0960	0.0974	0.1006	0.0995	0.0959	0.0993	0.1058	0.1032	0.1066	0.1108	0.1142	0.1087	
0.0936	0.0889	0.0894	0.0906	0.0900	0.0911	0.0898	0.0909	0.0924	0.0916	0.0911	0.0905	0.0919	0.0912	0.0916	0.0917	0.0920	0.0908	0.0925	0.0906	0.0916	0.0904	0.0914	0.0906	0.0907	0.0917	0.0917	0.0899	0.0911	0.0909	0.0899	0.0914	0.0910	0.0906	0.0924	0.0908	0.0912	0.0916	0.0920	0.0914	0.0904	0.0903	0.0919	0.0907	0.0911	0.0924	0.0932	0.0933	0.0892	0.0917	0.0942	0.0933	0.0959	0.0976	0.1001	0.0982	0.0953	0.0995	0.1060	0.1050	0.1061	0.1094	0.1099	0.1122	
0.0946	0.0890	0.0901	0.0905	0.0896	0.0919	0.0892	0.0917	0.0935	0.0934	0.0920	0.0953	0.0920	0.0919	0.0920	0.0923	0.0914	0.0910	0.0929	0.0912	0.0919	0.0912	0.0919	0.0907	0.0913	0.0921	0.0915	0.0905	0.0915	0.0928	0.0914	0.0918	0.0922	0.0909	0.0919	0.0900	0.0914	0.0917	0.0917	0.0925	0.0911	0.0904	0.0914	0.0905	0.0917	0.0914	0.0954	0.0936	0.0899	0.0923	0.0939	0.0927	0.0953	0.0965	0.0989	0.0975	0.0979	0.1018	0.1059	0.1031	0.1053	0.1087	0.1093	0.1094	
0.0958	0.0888	0.0896	0.0906	0.0907	0.0908	0.0902	0.0916	0.0939	0.0924	0.0922	0.0919	0.0918	0.0924	0.0929	0.0922	0.0927	0.0911	0.0934	0.0916	0.0920	0.0915	0.0920	0.0911	0.0919	0.0924	0.0916	0.0912	0.0917	0.0913	0.0920	0.0925	0.0939	0.0918	0.0930	0.0911	0.0924	0.0916	0.0925	0.0917	0.0917	0.0905	0.0922	0.0902	0.0921	0.0918	0.0943	0.0939	0.0907	0.0923	0.0942	0.0935	0.0955	0.0962	0.0984	0.0973	0.0965	0.0997	0.1049	0.1028	0.1051	0.1076	0.1080	0.1068	
0.0975	0.0886	0.0897	0.0905	0.0903	0.0917	0.0894	0.0913	0.0962	0.0927	0.0921	0.0930	0.0919	0.0923	0.0937	0.0934	0.0935	0.0915	0.0940	0.0931	0.0927	0.0925	0.0934	0.0912	0.0936	0.0927	0.0920	0.0916	0.0917	0.0918	0.0914	0.0925	0.0928	0.0916	0.0928	0.0918	0.0920	0.0922	0.0917	0.0930	0.0925	0.0911	0.0917	0.0915	0.0923	0.0920	0.0938	0.0935	0.0904	0.0930	0.0962	0.0932	0.0944	0.0964	0.0981	0.0967	0.0964	0.1006	0.1047	0.1024	0.1041	0.1079	0.1074	0.1069	
0.0984	0.0885	0.0887	0.0913	0.0900	0.0902	0.0891	0.0911	0.0954	0.0927	0.0921	0.0925	0.0917	0.0925	0.0917	0.0928	0.0935	0.0911	0.0935	0.0923	0.0928	0.0921	0.0921	0.0914	0.0938	0.0920	0.0915	0.0910	0.0917	0.0922	0.0911	0.0917	0.0935	0.0915	0.0940	0.0912	0.0919	0.0911	0.0916	0.0914	0.0918	0.0905	0.0925	0.0915	0.0925	0.0922	0.0932	0.0932	0.0908	0.0932	0.0943	0.0935	0.0941	0.0954	0.0974	0.0964	0.0953	0.0996	0.1041	0.1026	0.1028	0.1060	0.1071	0.1053	
0.0998	0.0888	0.0886	0.0903	0.0892	0.0927	0.0901	0.0914	0.0966	0.0932	0.0933	0.0930	0.0926	0.0940	0.0931	0.0934	0.0956	0.0913	0.0936	0.0928	0.0926	0.0928	0.0932	0.0936	0.0938	0.0927	0.0934	0.0916	0.0916	0.0926	0.0926	0.0922	0.0945	0.0913	0.0936	0.0915	0.0914	0.0924	0.0920	0.0928	0.0923	0.0912	0.0927	0.0912	0.0927	0.0928	0.0936	0.0934	0.0907	0.0930	0.0939	0.0933	0.0945	0.0952	0.0963	0.0961	0.0959	0.1002	0.1045	0.1006	0.1039	0.1079	0.1049	0.1035	
0.1013	0.0896	0.0889	0.0902	0.0908	0.0906	0.0891	0.0912	0.0994	0.0924	0.0925	0.0927	0.0923	0.0924	0.0932	0.0932	0.0959	0.0916	0.0942	0.0926	0.0927	0.0925	0.0925	0.0926	0.0948	0.0932	0.0923	0.0913	0.0916	0.0927	0.0915	0.0928	0.0958	0.0927	0.0933	0.0914	0.0925	0.0922	0.0915	0.0925	0.0938	0.0922	0.0919	0.0912	0.0918	0.0926	0.0933	0.0942	0.0918	0.0933	0.0950	0.0927	0.0939	0.0950	0.0957	0.0962	0.0972	0.0997	0.1038	0.1001	0.1050	0.1051	0.1059	0.1039	
0.1027	0.0891	0.0893	0.0903	0.0906	0.0907	0.0892	0.0912	0.1000	0.0933	0.0934	0.0929	0.0930	0.0937	0.0928	0.0929	0.0963	0.0915	0.0940	0.0927	0.0931	0.0932	0.0923	0.0915	0.0958	0.0930	0.0936	0.0914	0.0923	0.0937	0.0915	0.0927	0.0959	0.0921	0.0941	0.0914	0.0919	0.0927	0.0928	0.0922	0.0939	0.0917	0.0925	0.0912	0.0918	0.0924	0.0944	0.0935	0.0911	0.0929	0.0938	0.0931	0.0948	0.0946	0.0956	0.0950	0.0966	0.1011	0.1047	0.1003	0.1013	0.1052	0.1036	0.1021	
0.1059	0.0899	0.0895	0.0899	0.0898	0.0907	0.0893	0.0928	0.1016	0.0931	0.0931	0.0937	0.0926	0.0928	0.0936	0.0934	0.0984	0.0922	0.0937	0.0938	0.0931	0.0938	0.0926	0.0924	0.0972	0.0935	0.0923	0.0911	0.0934	0.0931	0.0918	0.0931	0.0987	0.0931	0.0944	0.0924	0.0919	0.0928	0.0928	0.0929	0.0952	0.0922	0.0932	0.0927	0.0921	0.0927	0.0943	0.0936	0.0923	0.0928	0.0943	0.0926	0.0942	0.0948	0.0978	0.0966	0.0964	0.1001	0.1043	0.0990	0.1030	0.1037	0.1049	0.1027	
0.1075	0.0900	0.0891	0.0900	0.0898	0.0904	0.0896	0.0915	0.1029	0.0934	0.0926	0.0928	0.0933	0.0929	0.0967	0.0939	0.0987	0.0928	0.0939	0.0918	0.0934	0.0930	0.0928	0.0934	0.0988	0.0935	0.0931	0.0920	0.0926	0.0935	0.0923	0.0944	0.0983	0.0924	0.0935	0.0918	0.0931	0.0930	0.0926	0.0919	0.0948	0.0911	0.0929	0.0922	0.0984	0.0927	0.0951	0.0934	0.0917	0.0938	0.0949	0.0919	0.0944	0.0944	0.0967	0.0942	0.0969	0.0996	0.1044	0.0995	0.1003	0.1041	0.1038	0.1028	
0.1106	0.0898	0.0890	0.0926	0.0900	0.0911	0.0900	0.0920	0.1059	0.0933	0.0929	0.0926	0.0942	0.0934	0.0943	0.0947	0.1008	0.0932	0.0948	0.0937	0.0937	0.0934	0.0938	0.0931	0.1000	0.0950	0.0936	0.0920	0.0938	0.0930	0.0931	0.0947	0.1005	0.0936	0.0949	0.0924	0.0928	0.0933	0.0933	0.0937	0.0972	0.0918	0.0932	0.0916	0.0931	0.0939	0.0944	0.0942	0.0929	0.0935	0.0943	0.0928	0.0937	0.0948	0.0957	0.0958	0.0970	0.1003	0.1040	0.0998	0.1017	0.1030	0.1060	0.1019	
0.1146	0.0906	0.0900	0.0900	0.0908	0.0903	0.0897	0.0916	0.1079	0.0936	0.0928	0.1020	0.0932	0.0937	0.0939	0.0943	0.1024	0.0929	0.0944	0.0928	0.0933	0.0928	0.0946	0.0928	0.1013	0.0938	0.0932	0.0921	0.0928	0.0929	0.0929	0.0939	0.1008	0.0933	0.0940	0.0921	0.0927	0.0929	0.0936	0.0926	0.0963	0.0915	0.0932	0.0915	0.0919	0.0926	0.0942	0.0936	0.0924	0.0934	0.0927	0.0919	0.0936	0.0947	0.0958	0.0953	0.0971	0.1019	0.1035	0.0981	0.1016	0.1015	0.1029	0.1002	
0.1186	0.0905	0.0894	0.0901	0.0903	0.0903	0.0898	0.0916	0.1091	0.0941	0.0932	0.0937	0.0936	0.0935	0.0935	0.0945	0.1052	0.0931	0.0947	0.0943	0.0934	0.0923	0.0938	0.0933	0.1026	0.0940	0.0930	0.0917	0.0933	0.0940	0.0931	0.0931	0.1027	0.0938	0.0940	0.0927	0.0937	0.0937	0.0935	0.0933	0.0979	0.0929	0.0936	0.0919	0.0932	0.0941	0.0935	0.0952	0.0937	0.0931	0.0941	0.0931	0.0939	0.0950	0.0950	0.0944	0.0986	0.1000	0.1034	0.0989	0.1008	0.1010	0.1022	0.1009	
0.1213	0.0915	0.0890	0.0899	0.0891	0.0896	0.0887	0.0917	0.1111	0.0938	0.0924	0.0927	0.0936	0.0929	0.0929	0.0937	0.1045	0.0929	0.0929	0.0923	0.0931	0.0925	0.0933	0.0925	0.1037	0.0938	0.0925	0.0911	0.0924	0.0934	0.0921	0.0944	0.1036	0.0931	0.0937	0.0918	0.0918	0.0936	0.0921	0.0929	0.0986	0.0915	0.0922	0.0911	0.0923	0.0983	0.0930	0.0932	0.0930	0.0930	0.0932	0.0914	0.0929	0.0941	0.0944	0.0946	0.0973	0.1028	0.1030	0.0979	0.0983	0.1004	0.1000	0.0999	
0.1275	0.0927	0.0892	0.0906	0.0901	0.0899	0.0895	0.0924	0.1160	0.0937	0.0931	0.0933	0.0943	0.0941	0.0945	0.0959	0.1079	0.0928	0.0947	0.0941	0.0940	0.0931	0.0936	0.0930	0.1064	0.0937	0.0931	0.0921	0.0931	0.0931	0.0921	0.0943	0.1121	0.0926	0.0936	0.0926	0.0931	0.0936	0.0932	0.0936	0.1000	0.0921	0.0932	0.0915	0.0929	0.0937	0.0941	0.0939	0.0946	0.0933	0.0936	0.0929	0.0938	0.0939	0.0963	0.0942	0.0976	0.1007	0.1029	0.0982	0.0988	0.1011	0.1003	0.0990	
0.1332	0.0925	0.0898	0.0903	0.0898	0.0904	0.0894	0.0913	0.1190	0.0938	0.0931	0.0939	0.0937	0.0933	0.0950	0.0933	0.1103	0.0925	0.0940	0.0931	0.0943	0.0930	0.0934	0.0924	0.1077	0.0932	0.0934	0.0929	0.0927	0.0940	0.0921	0.0940	0.1076	0.0931	0.0939	0.0913	0.0934	0.0932	0.0921	0.0936	0.1006	0.0924	0.0928	0.0911	0.0933	0.0946	0.0938	0.0936	0.0942	0.0943	0.0936	0.0927	0.0942	0.0937	0.0953	0.0945	0.0974	0.1006	0.1023	0.0972	0.0993	0.1004	0.1009	0.0984	
0.1383	0.0931	0.0909	0.0912	0.0898	0.0908	0.0894	0.0926	0.1223	0.0947	0.0933	0.0931	0.0943	0.0934	0.0936	0.0946	0.1131	0.0932	0.0946	0.0943	0.0940	0.0942	0.0947	0.0932	0.1113	0.0942	0.0938	0.0924	0.0932	0.0944	0.0920	0.0943	0.1102	0.0934	0.0940	0.0929	0.0937	0.0931	0.0936	0.0932	0.1018	0.0930	0.0938	0.0915	0.0925	0.0931	0.0941	0.0939	0.0950	0.0942	0.0935	0.0930	0.0934	0.0942	0.0948	0.0943	0.0982	0.1008	0.1038	0.0976	0.0978	0.0992	0.1035	0.0996	
0.1472	0.0940	0.0912	0.0907	0.0914	0.0909	0.0894	0.0916	0.1258	0.0941	0.0938	0.0932	0.0939	0.0945	0.0942	0.0948	0.1176	0.0933	0.0945	0.0938	0.0941	0.0935	0.0948	0.0942	0.1146	0.0949	0.0938	0.0923	0.0933	0.0942	0.0921	0.0937	0.1138	0.0933	0.0944	0.0933	0.0931	0.0935	0.0928	0.0934	0.1033	0.0948	0.0940	0.0920	0.0926	0.0936	0.0931	0.0948	0.0950	0.0967	0.0936	0.0932	0.0933	0.0934	0.0952	0.0944	0.0991	0.1004	0.1032	0.0976	0.0996	0.0991	0.1000	0.0986	
0.1539	0.0938	0.0894	0.0916	0.0890	0.0890	0.0883	0.0892	0.1296	0.0923	0.0914	0.0922	0.0922	0.0926	0.0933	0.0936	0.1182	0.0921	0.0938	0.0930	0.0921	0.0918	0.0931	0.0926	0.1160	0.0933	0.0922	0.0918	0.0917	0.0920	0.0921	0.0923	0.1149	0.0919	0.0917	0.0903	0.0917	0.0922	0.0920	0.0920	0.1029	0.0911	0.0931	0.0905	0.0925	0.0923	0.0931	0.0924	0.0946	0.0915	0.0923	0.0906	0.0920	0.0926	0.0934	0.0928	0.0978	0.0988	0.1014	0.0954	0.0969	0.0974	0.0972	0.0977	
0.1626	0.0964	0.0917	0.0906	0.0904	0.0904	0.0888	0.0916	0.1357	0.0932	0.0927	0.0933	0.0932	0.0935	0.0936	0.0942	0.1241	0.0936	0.0936	0.0941	0.0944	0.0940	0.0936	0.0938	0.1204	0.0942	0.0935	0.0920	0.0929	0.0940	0.0921	0.0940	0.1180	0.0938	0.0947	0.0924	0.0925	0.0930	0.0927	0.0929	0.1070	0.0930	0.0925	0.0911	0.0924	0.0936	0.0935	0.0936	0.0969	0.0934	0.0944	0.0936	0.0935	0.0940	0.0942	0.0944	0.0999	0.1006	0.1020	0.0958	0.0995	0.1016	0.0984	0.0980	
0.1732	0.0977	0.0911	0.0926	0.0908	0.0899	0.0893	0.0916	0.1421	0.0935	0.0919	0.0925	0.0936	0.0924	0.0940	0.0947	0.1266	0.0923	0.0936	0.0937	0.0944	0.0933	0.0933	0.0940	0.1234	0.0945	0.0926	0.0920	0.0926	0.0934	0.0915	0.0931	0.1211	0.0937	0.0934	0.0931	0.0925	0.0927	0.0919	0.0933	0.1067	0.0925	0.0940	0.0916	0.0917	0.0921	0.0925	0.0943	0.0972	0.0938	0.0931	0.0918	0.0924	0.0940	0.0947	0.0944	0.0996	0.1016	0.1023	0.0951	0.0967	0.0987	0.0984	0.0975	
0.1868	0.1000	0.0924	0.0923	0.0917	0.0906	0.0885	0.0914	0.1480	0.0943	0.0934	0.0928	0.0944	0.0929	0.0952	0.0946	0.1327	0.0932	0.0954	0.0936	0.0943	0.0932	0.0943	0.0940	0.1281	0.0937	0.0932	0.0927	0.0937	0.0936	0.0926	0.0938	0.1254	0.0947	0.0949	0.0925	0.0938	0.0931	0.0934	0.0929	0.1096	0.0941	0.0934	0.0917	0.0949	0.0934	0.0946	0.0947	0.0991	0.0950	0.0940	0.0949	0.0931	0.0937	0.0950	0.0941	0.1010	0.1015	0.1024	0.0967	0.0966	0.0995	0.0990	0.0980	
0.2015	0.1020	0.0929	0.0929	0.0916	0.0905	0.0885	0.0910	0.1563	0.0944	0.0934	0.0925	0.0941	0.0929	0.0939	0.0938	0.1392	0.0932	0.0937	0.0939	0.0936	0.0929	0.0949	0.0923	0.1333	0.0947	0.0932	0.0925	0.0927	0.0937	0.0927	0.0937	0.1303	0.0932	0.0942	0.0915	0.0932	0.0932	0.0942	0.0928	0.1115	0.0928	0.0934	0.0921	0.0919	0.0938	0.0929	0.0936	0.0993	0.0945	0.0948	0.0922	0.0922	0.0934	0.0935	0.0941	0.1000	0.1012	0.1019	0.0952	0.0975	0.0978	0.0981	0.0964	
0.2132	0.1040	0.0948	0.0939	0.0926	0.0916	0.0889	0.0925	0.1646	0.0938	0.0928	0.0936	0.0937	0.0935	0.0953	0.0956	0.1455	0.0928	0.0951	0.0941	0.0946	0.0949	0.0950	0.0937	0.1389	0.0944	0.0938	0.0919	0.0927	0.0936	0.0935	0.0953	0.1343	0.0943	0.0949	0.0934	0.0937	0.0937	0.0940	0.0938	0.1138	0.0934	0.0944	0.0926	0.0939	0.0924	0.0933	0.0940	0.1003	0.0964	0.0943	0.0927	0.0944	0.0942	0.0952	0.0936	0.1013	0.1039	0.1024	0.0960	0.0972	0.0974	0.0997	0.0983	
0.2344	0.1078	0.0947	0.0946	0.0926	0.0909	0.0907	0.0918	0.1751	0.0946	0.0937	0.0936	0.0933	0.0944	0.0947	0.0945	0.1518	0.0938	0.0941	0.0959	0.0945	0.0936	0.0949	0.0933	0.1452	0.0945	0.0938	0.0929	0.0944	0.0941	0.0930	0.0945	0.1402	0.0946	0.0948	0.0942	0.0936	0.0940	0.0933	0.0946	0.1172	0.0926	0.0937	0.0933	0.0930	0.0929	0.0934	0.0945	0.1013	0.0933	0.0945	0.0932	0.0939	0.0936	0.0952	0.0945	0.1020	0.1008	0.1020	0.0958	0.0963	0.0972	0.0968	0.0969	
0.2487	0.1103	0.0962	0.0949	0.0928	0.0905	0.0889	0.0920	0.1837	0.0937	0.0923	0.0923	0.0929	0.0925	0.0941	0.0941	0.1569	0.0934	0.0946	0.0938	0.0935	0.0927	0.0941	0.0941	0.1494	0.0943	0.0939	0.0918	0.0934	0.0928	0.0929	0.0938	0.1446	0.0934	0.0941	0.0926	0.0934	0.0940	0.0931	0.0922	0.1180	0.0924	0.0937	0.0916	0.0922	0.0935	0.0924	0.0942	0.1020	0.0943	0.0936	0.0920	0.0923	0.0924	0.0944	0.0936	0.1022	0.1010	0.1011	0.0943	0.0957	0.0968	0.0975	0.0968	
0.2696	0.1165	0.0983	0.0965	0.0939	0.0918	0.0897	0.0927	0.1950	0.0939	0.0930	0.0925	0.0940	0.0930	0.0939	0.0943	0.1661	0.0925	0.0949	0.0938	0.0937	0.0944	0.0965	0.0939	0.1559	0.0951	0.0941	0.0931	0.0940	0.0932	0.0922	0.0944	0.1505	0.0939	0.0952	0.0937	0.0939	0.0931	0.0932	0.0938	0.1217	0.0935	0.0936	0.0923	0.0952	0.0932	0.0939	0.0941	0.1035	0.0938	0.0936	0.0924	0.0933	0.0950	0.0954	0.0943	0.1031	0.1022	0.1005	0.0957	0.0957	0.0973	0.0976	0.0965	
0.2937	0.1201	0.0988	0.0977	0.0939	0.0918	0.0902	0.0923	0.2087	0.0935	0.0914	0.0923	0.0935	0.0928	0.0939	0.0938	0.1754	0.0924	0.0932	0.0933	0.0934	0.0926	0.0946	0.0938	0.1648	0.0934	0.0933	0.0925	0.0926	0.0930	0.0933	0.0941	0.1583	0.0939	0.0943	0.0929	0.0924	0.0936	0.0932	0.0938	0.1246	0.0932	0.0937	0.0916	0.0930	0.0929	0.0945	0.0942	0.1049	0.0930	0.0936	0.0932	0.0932	0.0929	0.0948	0.0934	0.1029	0.1036	0.1010	0.0948	0.0955	0.0968	0.0965	0.0960	
0.3193	0.1264	0.1008	0.0988	0.0947	0.0917	0.0898	0.0924	0.2216	0.0931	0.0921	0.0916	0.0934	0.0926	0.0939	0.0935	0.1845	0.0918	0.0939	0.0933	0.0938	0.0942	0.0949	0.0945	0.1740	0.0939	0.0936	0.0925	0.0943	0.0933	0.0932	0.0939	0.1656	0.0941	0.0937	0.0925	0.0929	0.0934	0.0931	0.0945	0.1277	0.0927	0.0939	0.0929	0.0928	0.0949	0.0934	0.0938	0.1052	0.0940	0.0939	0.0925	0.0921	0.0937	0.0949	0.0940	0.1039	0.1012	0.0993	0.0941	0.0965	0.0967	0.0969	0.0952	
0.3450	0.1347	0.1054	0.1000	0.0948	0.0921	0.0902	0.0910	0.2382	0.0929	0.0925	0.0913	0.0920	0.0919	0.0925	0.0939	0.1950	0.0922	0.0938	0.0925	0.0936	0.0930	0.0937	0.0925	0.1820	0.0956	0.0922	0.0911	0.0927	0.0929	0.0923	0.0939	0.1720	0.0935	0.0941	0.0916	0.0935	0.0939	0.0926	0.0926	0.1314	0.0927	0.0940	0.0932	0.0923	0.0929	0.0932	0.0933	0.1058	0.0938	0.0940	0.0933	0.0932	0.0951	0.0942	0.0934	0.1040	0.1010	0.1004	0.0928	0.0957	0.0961	0.0971	0.0958	
0.3686	0.1470	0.1088	0.1012	0.0975	0.0918	0.0903	0.0921	0.2544	0.0932	0.0925	0.0918	0.0924	0.0934	0.0934	0.0938	0.2067	0.0927	0.0933	0.0939	0.0931	0.0946	0.0934	0.0948	0.1928	0.0932	0.0928	0.0926	0.0942	0.0945	0.0923	0.0938	0.1811	0.0936	0.0938	0.0920	0.0933	0.0925	0.0934	0.0930	0.1356	0.0932	0.0929	0.0910	0.0922	0.0925	0.0927	0.0937	0.1086	0.0945	0.0942	0.0919	0.0930	0.0932	0.0929	0.0935	0.1049	0.1015	0.1006	0.0944	0.0956	0.0954	0.0961	0.0960	
0.3992	0.1551	0.1105	0.1034	0.0983	0.0930	0.0920	0.0919	0.2699	0.0927	0.0921	0.0909	0.0925	0.0924	0.0932	0.0935	0.2190	0.0912	0.0943	0.0933	0.0928	0.0932	0.0934	0.0923	0.2025	0.0933	0.0922	0.0918	0.0928	0.0937	0.0924	0.0954	0.1933	0.0935	0.0934	0.0909	0.0930	0.0941	0.0931	0.0935	0.1420	0.0932	0.0922	0.0911	0.0920	0.0946	0.0928	0.0940	0.1091	0.0935	0.0937	0.0919	0.0923	0.0941	0.0949	0.0926	0.1063	0.1041	0.0996	0.0936	0.0964	0.0962	0.0952	0.0948	
0.4356	0.1679	0.1157	0.1058	0.0997	0.0930	0.0905	0.0925	0.2914	0.0926	0.0918	0.0917	0.0926	0.0923	0.0924	0.0930	0.2335	0.0912	0.0929	0.0925	0.0926	0.0932	0.0930	0.0925	0.2178	0.0943	0.0928	0.0924	0.0935	0.0932	0.0929	0.0932	0.2044	0.0931	0.0942	0.0927	0.0937	0.0940	0.0933	0.0928	0.1451	0.0938	0.0938	0.0917	0.0920	0.0938	0.0941	0.0944	0.1120	0.0940	0.0935	0.0922	0.0929	0.0933	0.0933	0.0932	0.1071	0.1013	0.0994	0.0942	0.0954	0.0957	0.0961	0.0946	
0.4665	0.1823	0.1226	0.1082	0.1001	0.0935	0.0923	0.0943	0.3138	0.0941	0.0923	0.0913	0.0929	0.0930	0.0942	0.0935	0.2489	0.0929	0.0944	0.0941	0.0936	0.0937	0.0944	0.0936	0.2281	0.0947	0.0929	0.0931	0.0934	0.0938	0.0924	0.0939	0.2160	0.0946	0.0936	0.0925	0.0935	0.0934	0.0931	0.0930	0.1507	0.0945	0.0933	0.0909	0.0942	0.0931	0.0945	0.0940	0.1138	0.0936	0.0932	0.0926	0.0922	0.0926	0.0939	0.0937	0.1076	0.1029	0.1007	0.0934	0.0952	0.0954	0.0946	0.0951	
0.4925	0.1976	0.1272	0.1092	0.1006	0.0934	0.0924	0.0931	0.3356	0.0922	0.0911	0.0910	0.0914	0.0907	0.0913	0.0923	0.2667	0.0918	0.0925	0.0913	0.0916	0.0917	0.0918	0.0921	0.2415	0.0930	0.0914	0.0903	0.0925	0.0916	0.0915	0.0923	0.2279	0.0922	0.0932	0.0923	0.0923	0.0926	0.0921	0.0922	0.1568	0.0918	0.0918	0.0913	0.0915	0.0920	0.0928	0.0928	0.1136	0.0931	0.0925	0.0917	0.0916	0.0927	0.0926	0.0933	0.1067	0.1012	0.0977	0.0926	0.0929	0.0947	0.0943	0.0943	
0.5237	0.2200	0.1356	0.1141	0.1039	0.0959	0.0936	0.0945	0.3616	0.0931	0.0913	0.0923	0.0925	0.0920	0.0937	0.0917	0.2846	0.0917	0.0938	0.0936	0.0927	0.0926	0.0940	0.0928	0.2588	0.0937	0.0925	0.0919	0.0927	0.0931	0.0922	0.0941	0.2434	0.0930	0.0935	0.0926	0.0937	0.0923	0.0932	0.0928	0.1640	0.0932	0.0931	0.0918	0.0921	0.0929	0.0935	0.0927	0.1182	0.0947	0.0926	0.0916	0.0921	0.0931	0.0935	0.0931	0.1097	0.1025	0.0979	0.0929	0.0954	0.0948	0.0956	0.0946	
0.5537	0.2386	0.1432	0.1167	0.1057	0.0954	0.0937	0.0952	0.3879	0.0926	0.0912	0.0909	0.0918	0.0916	0.0927	0.0926	0.3044	0.0920	0.0934	0.0923	0.0925	0.0918	0.0929	0.0931	0.2758	0.0935	0.0924	0.0922	0.0923	0.0937	0.0915	0.0959	0.2593	0.0937	0.0937	0.0920	0.0921	0.0936	0.0928	0.0926	0.1711	0.0936	0.0925	0.0915	0.0918	0.0930	0.0928	0.0924	0.1215	0.0931	0.0927	0.0917	0.0926	0.0934	0.0940	0.0925	0.1098	0.1027	0.0998	0.0933	0.0937	0.0940	0.0948	0.0940	
0.5768	0.2640	0.1548	0.1249	0.1094	0.0981	0.0945	0.0970	0.4138	0.0935	0.0912	0.0905	0.0918	0.0931	0.0929	0.0925	0.3257	0.0923	0.0936	0.0935	0.0929	0.0932	0.0948	0.0937	0.2960	0.0949	0.0936	0.0920	0.0929	0.0930	0.0933	0.0933	0.2748	0.0940	0.0944	0.0926	0.0935	0.0942	0.0931	0.0934	0.1791	0.0929	0.0929	0.0915	0.0931	0.0992	0.0929	0.0937	0.1239	0.0930	0.0939	0.0921	0.0927	0.0943	0.0938	0.0942	0.1110	0.1028	0.0981	0.0930	0.0938	0.0952	0.0957	0.0945	
0.6014	0.2834	0.1621	0.1259	0.1125	0.0980	0.0966	0.0972	0.4440	0.0934	0.0915	0.0930	0.0933	0.0930	0.0937	0.0922	0.3467	0.0927	0.0934	0.0932	0.0937	0.0940	0.0938	0.0948	0.3172	0.0955	0.0939	0.0926	0.0931	0.0947	0.0933	0.0941	0.2971	0.0939	0.0943	0.0937	0.0953	0.0944	0.0937	0.0935	0.1888	0.0936	0.0941	0.0922	0.0925	0.0939	0.0945	0.0945	0.1269	0.0959	0.0948	0.0932	0.0936	0.0939	0.0948	0.0949	0.1139	0.1035	0.0991	0.0923	0.0941	0.0958	0.0952	0.0948	
0.6280	0.3087	0.1731	0.1310	0.1147	0.0993	0.0957	0.0965	0.4697	0.0921	0.0908	0.0906	0.0924	0.0913	0.0919	0.0918	0.3731	0.0925	0.0930	0.0926	0.0933	0.0928	0.0938	0.0924	0.3371	0.0931	0.0924	0.0922	0.0922	0.0930	0.0914	0.0929	0.3126	0.0927	0.0939	0.0919	0.0931	0.0938	0.0935	0.0922	0.1953	0.0936	0.0923	0.0908	0.0920	0.0923	0.0938	0.0930	0.1299	0.0943	0.0936	0.0924	0.0921	0.0926	0.0927	0.0937	0.1143	0.1035	0.0991	0.0932	0.0933	0.0940	0.0956	0.0937	
0.6512	0.3384	0.1890	0.1375	0.1184	0.1021	0.0978	0.0982	0.5016	0.0931	0.0928	0.0905	0.0922	0.0920	0.0936	0.0942	0.3942	0.0922	0.0929	0.0930	0.0927	0.0923	0.0926	0.0943	0.3611	0.0932	0.0932	0.0929	0.0937	0.0942	0.0918	0.0948	0.3361	0.0933	0.0934	0.0921	0.0925	0.0936	0.0945	0.0939	0.2084	0.0935	0.0936	0.0918	0.0922	0.0931	0.0929	0.0939	0.1349	0.0944	0.0934	0.0918	0.0937	0.0928	0.0930	0.0938	0.1161	0.1039	0.0982	0.0925	0.0936	0.0956	0.0937	0.0941	
0.6736	0.3640	0.2034	0.1472	0.1243	0.1037	0.0998	0.0994	0.5268	0.0929	0.0913	0.0936	0.0920	0.0920	0.0935	0.0937	0.4210	0.0913	0.0939	0.0918	0.0930	0.0925	0.0930	0.0939	0.3844	0.0937	0.0922	0.0915	0.0968	0.0940	0.0924	0.0937	0.3553	0.0933	0.0939	0.0915	0.0928	0.0933	0.0928	0.0927	0.2177	0.0925	0.0933	0.0909	0.0933	0.0931	0.0932	0.0932	0.1395	0.0951	0.0931	0.0922	0.0939	0.0939	0.0948	0.0928	0.1165	0.1042	0.0995	0.0932	0.0950	0.0950	0.0949	0.0942	
0.6934	0.3877	0.2175	0.1517	0.1280	0.1048	0.0999	0.1009	0.5555	0.0931	0.0914	0.0912	0.0909	0.0921	0.0916	0.0926	0.4445	0.0912	0.0921	0.0916	0.0920	0.0922	0.0962	0.0934	0.4092	0.0922	0.0921	0.0909	0.0914	0.0921	0.0917	0.0933	0.3787	0.0932	0.0932	0.0914	0.0922	0.0930	0.0932	0.0904	0.2290	0.0931	0.0927	0.0903	0.0924	0.0920	0.0924	0.0930	0.1417	0.0938	0.0927	0.0912	0.0912	0.0929	0.0930	0.0925	0.1181	0.1038	0.0990	0.0909	0.0927	0.0942	0.0947	0.0949	
0.7142	0.4186	0.2368	0.1625	0.1348	0.1080	0.1043	0.1017	0.5827	0.0936	0.0910	0.0917	0.0914	0.0919	0.0926	0.0927	0.4743	0.0914	0.0920	0.0924	0.0924	0.0923	0.0968	0.0935	0.4351	0.0927	0.0923	0.0917	0.0928	0.0933	0.0932	0.0938	0.4017	0.0924	0.0937	0.0913	0.0935	0.0938	0.0932	0.0925	0.2445	0.0928	0.0923	0.0909	0.0923	0.0922	0.0938	0.0931	0.1471	0.0945	0.0929	0.0921	0.0928	0.0928	0.0929	0.0936	0.1210	0.1052	0.0981	0.0923	0.0929	0.0939	0.0954	0.0943	
0.7252	0.4415	0.2504	0.1710	0.1395	0.1101	0.1047	0.1048	0.6116	0.0929	0.0908	0.0911	0.0928	0.0921	0.0925	0.0932	0.4995	0.0914	0.0923	0.0925	0.0918	0.0934	0.0976	0.0939	0.4625	0.0933	0.0914	0.0925	0.0924	0.0926	0.0932	0.0935	0.4290	0.0931	0.0938	0.0924	0.0925	0.0933	0.0926	0.0928	0.2581	0.0941	0.0928	0.0916	0.0916	0.0937	0.0932	0.0930	0.1533	0.0949	0.0925	0.0925	0.0915	0.0933	0.0935	0.0933	0.1232	0.1051	0.0985	0.0919	0.0934	0.0944	0.0955	0.0940	
0.7306	0.4645	0.2717	0.1784	0.1457	0.1123	0.1064	0.1066	0.6370	0.0923	0.0906	0.0893	0.0902	0.0912	0.0925	0.0924	0.5273	0.0906	0.0917	0.0921	0.0931	0.0932	0.0973	0.0932	0.4875	0.0924	0.0922	0.0911	0.0915	0.0943	0.0927	0.0932	0.4590	0.0926	0.0931	0.0915	0.0921	0.0935	0.0928	0.0934	0.2745	0.0929	0.0926	0.0905	0.0913	0.0931	0.0928	0.0934	0.1585	0.0957	0.0935	0.0915	0.0920	0.0924	0.0939	0.0928	0.1242	0.1048	0.0978	0.0932	0.0916	0.0946	0.0955	0.0937	
0.7312	0.4879	0.2862	0.1886	0.1546	0.1147	0.1091	0.1075	0.6633	0.0923	0.0892	0.0900	0.0897	0.0899	0.0909	0.0914	0.5525	0.0899	0.0921	0.0914	0.0912	0.0921	0.0953	0.0916	0.5182	0.0922	0.0917	0.0908	0.0925	0.0920	0.0921	0.0936	0.4841	0.0915	0.0928	0.0915	0.0912	0.0926	0.0927	0.0930	0.2918	0.0938	0.0917	0.0907	0.0903	0.0913	0.0932	0.0927	0.1641	0.0939	0.0914	0.0915	0.0915	0.0922	0.0930	0.0926	0.1258	0.1050	0.0978	0.0907	0.0917	0.0927	0.0929	0.0929	
0.7424	0.5087	0.3104	0.2033	0.1628	0.1218	0.1157	0.1114	0.6967	0.0935	0.0901	0.0904	0.0915	0.0917	0.0930	0.0917	0.5799	0.0914	0.0933	0.0921	0.0935	0.0929	0.0978	0.0936	0.5430	0.0935	0.0925	0.0917	0.0929	0.0936	0.0923	0.0931	0.5128	0.0944	0.0937	0.0926	0.0931	0.0927	0.0943	0.0931	0.3097	0.0938	0.0931	0.0910	0.0928	0.0933	0.0932	0.0937	0.1733	0.0955	0.0944	0.0916	0.0926	0.0929	0.0949	0.0930	0.1307	0.1063	0.0973	0.0916	0.0932	0.0937	0.0941	0.0939	
0.7368	0.5263	0.3261	0.2138	0.1747	0.1235	0.1185	0.1134	0.7247	0.0941	0.0908	0.0910	0.0908	0.0920	0.0924	0.0923	0.6054	0.0912	0.0917	0.0929	0.0933	0.0927	0.0971	0.0926	0.5673	0.0924	0.0930	0.0916	0.0929	0.0934	0.0920	0.0934	0.5406	0.0926	0.0934	0.0922	0.0925	0.0938	0.0934	0.0926	0.3274	0.0938	0.0929	0.0916	0.0920	0.0973	0.0933	0.0931	0.1773	0.0955	0.0927	0.0926	0.0929	0.0931	0.0938	0.0936	0.1324	0.1065	0.0980	0.0922	0.0930	0.0932	0.0948	0.0933	
0.7418	0.5472	0.3456	0.2277	0.1847	0.1288	0.1222	0.1160	0.7505	0.0933	0.0904	0.0899	0.0903	0.0913	0.0920	0.0922	0.6320	0.0923	0.0922	0.0930	0.0922	0.0931	0.0975	0.0934	0.5949	0.0943	0.0930	0.0917	0.0931	0.0936	0.0934	0.0927	0.5713	0.0933	0.0941	0.0923	0.0927	0.0929	0.0929	0.0933	0.3498	0.0941	0.0933	0.0915	0.0918	0.0936	0.0936	0.0945	0.1881	0.0959	0.0939	0.0925	0.0929	0.0925	0.0933	0.0936	0.1357	0.1070	0.0976	0.0918	0.0933	0.0934	0.0946	0.0946	
0.7428	0.5708	0.3556	0.2422	0.1919	0.1332	0.1254	0.1204	0.7644	0.0923	0.0906	0.0896	0.0911	0.0910	0.0917	0.0913	0.6659	0.0913	0.0920	0.0921	0.0939	0.0918	0.0969	0.0922	0.6203	0.0920	0.0919	0.0924	0.0920	0.0933	0.0919	0.0934	0.5968	0.0928	0.0925	0.0911	0.0927	0.0932	0.0930	0.0923	0.3703	0.0938	0.0925	0.0904	0.0921	0.0935	0.0916	0.0926	0.1953	0.0952	0.0924	0.0913	0.0925	0.0921	0.0939	0.0922	0.1376	0.1077	0.0961	0.0911	0.0922	0.0940	0.0932	0.0938	
0.7509	0.5907	0.3745	0.2517	0.2057	0.1413	0.1332	0.1249	0.7719	0.0934	0.0906	0.0897	0.0914	0.0903	0.0916	0.0933	0.6941	0.0910	0.0923	0.0919	0.0926	0.0925	0.0966	0.0923	0.6497	0.0934	0.0926	0.0925	0.0924	0.0920	0.0931	0.0950	0.6261	0.0929	0.0932	0.0924	0.0920	0.0929	0.0936	0.0930	0.3957	0.0955	0.0934	0.0908	0.0923	0.0933	0.0938	0.0938	0.2057	0.0970	0.0922	0.0920	0.0931	0.0928	0.0941	0.0930	0.1426	0.1081	0.0962	0.0913	0.0937	0.0946	0.0937	0.0938	
0.7506	0.6114	0.3854	0.2656	0.2164	0.1461	0.1349	0.1294	0.7753	0.0932	0.0894	0.0891	0.0902	0.0896	0.0910	0.0908	0.7190	0.0911	0.0918	0.0920	0.0909	0.0928	0.0963	0.0925	0.6777	0.0927	0.0913	0.0900	0.0923	0.0925	0.0927	0.0939	0.6540	0.0930	0.0928	0.0910	0.0911	0.0926	0.0918	0.0917	0.4201	0.0931	0.0919	0.0904	0.0943	0.0922	0.0919	0.0926	0.2177	0.0958	0.0937	0.0908	0.0911	0.0925	0.0935	0.0932	0.1456	0.1086	0.0964	0.0909	0.0926	0.0932	0.0931	0.0929	
0.7468	0.6310	0.4032	0.2749	0.2305	0.1517	0.1429	0.1352	0.7745	0.0930	0.0893	0.0901	0.0906	0.0911	0.0914	0.0912	0.7386	0.0919	0.0917	0.0912	0.0922	0.0912	0.0965	0.0917	0.7046	0.0936	0.0920	0.0910	0.0923	0.0928	0.0916	0.0936	0.6810	0.0934	0.0932	0.0919	0.0920	0.0921	0.0915	0.0936	0.4458	0.0940	0.0922	0.0912	0.0913	0.0928	0.0919	0.0928	0.2274	0.0959	0.0924	0.0921	0.0924	0.0917	0.0926	0.0931	0.1502	0.1094	0.0963	0.0925	0.0920	0.0927	0.0942	0.0941	
0.7486	0.6469	0.4238	0.2860	0.2360	0.1585	0.1497	0.1458	0.7767	0.0940	0.0904	0.0905	0.0904	0.0915	0.0931	0.0922	0.7481	0.0916	0.0917	0.0915	0.0919	0.0928	0.0979	0.0927	0.7295	0.0934	0.0929	0.0926	0.0934	0.0934	0.0920	0.0936	0.7082	0.0935	0.0941	0.0913	0.0925	0.0935	0.0928	0.0929	0.4719	0.0940	0.0935	0.0916	0.0923	0.0934	0.0935	0.0927	0.2426	0.0978	0.0937	0.0920	0.0924	0.0934	0.0933	0.0931	0.1538	0.1108	0.0974	0.0930	0.0931	0.0939	0.0952	0.0938	
0.7536	0.6609	0.4397	0.2998	0.2476	0.1654	0.1576	0.1528	0.7816	0.0947	0.0912	0.0899	0.0901	0.0906	0.0927	0.0933	0.7529	0.0920	0.0916	0.0917	0.0924	0.0934	0.0976	0.0935	0.7451	0.0931	0.0922	0.0914	0.0924	0.0922	0.0923	0.0937	0.7367	0.0932	0.0943	0.0918	0.0920	0.0932	0.0922	0.0930	0.4975	0.0941	0.0934	0.0914	0.0917	0.0977	0.0980	0.0942	0.2570	0.0967	0.0932	0.0931	0.0921	0.0922	0.0937	0.0920	0.1606	0.1119	0.0960	0.0931	0.0922	0.0927	0.0955	0.0937	
0.7525	0.6671	0.4608	0.3099	0.2596	0.1780	0.1692	0.1586	0.7829	0.0940	0.0904	0.0900	0.0904	0.0913	0.0911	0.0908	0.7556	0.0910	0.0913	0.0908	0.0918	0.0922	0.0970	0.0919	0.7529	0.0925	0.0915	0.0909	0.0926	0.0952	0.0925	0.0940	0.7528	0.0929	0.0931	0.0911	0.0924	0.0933	0.0935	0.0931	0.5283	0.0950	0.0925	0.0902	0.0909	0.0922	0.0934	0.0937	0.2716	0.0970	0.0928	0.0908	0.0918	0.0931	0.0933	0.0922	0.1659	0.1116	0.0964	0.0928	0.0921	0.0939	0.0938	0.0937	
0.7528	0.6717	0.4721	0.3233	0.2698	0.1760	0.1761	0.1657	0.7843	0.0937	0.0902	0.0898	0.0909	0.0906	0.0908	0.0920	0.7549	0.0914	0.0929	0.0914	0.0921	0.0928	0.0969	0.0928	0.7557	0.0925	0.0916	0.0909	0.0928	0.0929	0.0918	0.0929	0.7636	0.0932	0.0929	0.0917	0.0925	0.0932	0.0924	0.0935	0.5549	0.0941	0.0930	0.0915	0.0914	0.0928	0.0947	0.0940	0.2847	0.0972	0.0926	0.0907	0.0926	0.0915	0.0933	0.0923	0.1700	0.1123	0.0961	0.0927	0.0928	0.0925	0.0951	0.0937	
0.7569	0.6739	0.4920	0.3361	0.2804	0.1905	0.1848	0.1767	0.7876	0.0942	0.0902	0.0901	0.0917	0.0915	0.0923	0.0926	0.7586	0.0914	0.0916	0.0923	0.0913	0.0927	0.0980	0.0939	0.7594	0.0928	0.0919	0.0917	0.0933	0.0946	0.0921	0.0936	0.7710	0.0933	0.0934	0.0918	0.0921	0.0938	0.0931	0.0936	0.5842	0.0952	0.0936	0.0914	0.0919	0.0937	0.0927	0.0942	0.3018	0.0976	0.0929	0.0917	0.0936	0.0935	0.0944	0.0937	0.1774	0.1159	0.0961	0.0922	0.0930	0.0929	0.0943	0.0946	
0.7587	0.6746	0.5130	0.3436	0.2931	0.2053	0.1957	0.1847	0.7897	0.0953	0.0909	0.0905	0.0908	0.0911	0.0922	0.0915	0.7604	0.0915	0.0926	0.0922	0.0933	0.0931	0.0979	0.0925	0.7623	0.0926	0.0934	0.0927	0.0925	0.0935	0.0933	0.0933	0.7731	0.0928	0.0949	0.0923	0.0927	0.0950	0.0937	0.0927	0.6112	0.0957	0.0936	0.0911	0.0916	0.0943	0.0928	0.0953	0.3204	0.0987	0.0933	0.0921	0.0929	0.0931	0.0940	0.0934	0.1860	0.1197	0.0986	0.0939	0.0922	0.0940	0.0951	0.0952	
0.7638	0.6755	0.5317	0.3524	0.3077	0.2053	0.2035	0.1955	0.7908	0.0945	0.0906	0.0904	0.0903	0.0903	0.0905	0.0917	0.7611	0.0906	0.0915	0.0912	0.0938	0.0924	0.0969	0.0924	0.7651	0.0918	0.0915	0.0913	0.0919	0.0928	0.0931	0.0935	0.7746	0.0931	0.0926	0.0912	0.0917	0.0932	0.0921	0.0921	0.6439	0.0945	0.0918	0.0909	0.0909	0.0915	0.0920	0.0935	0.3377	0.0974	0.0923	0.0918	0.0925	0.0924	0.0936	0.0927	0.1930	0.1171	0.0972	0.0925	0.0930	0.0939	0.0943	0.0949	
0.7638	0.6776	0.5444	0.3611	0.3065	0.2182	0.2138	0.2036	0.7887	0.0946	0.0903	0.0903	0.0903	0.0917	0.0920	0.0918	0.7588	0.0914	0.0921	0.0914	0.0918	0.0930	0.0983	0.0918	0.7627	0.0928	0.0921	0.0913	0.0978	0.0944	0.0931	0.0927	0.7777	0.0929	0.0932	0.0921	0.0923	0.0933	0.0935	0.0937	0.6704	0.0951	0.0924	0.0911	0.0917	0.0990	0.0926	0.0938	0.3604	0.0992	0.0928	0.0928	0.0920	0.0932	0.0950	0.0934	0.2003	0.1174	0.0978	0.0933	0.0925	0.0934	0.0951	0.0943	
0.7708	0.6793	0.5554	0.3661	0.3105	0.2115	0.2144	0.2045	0.7981	0.0936	0.0887	0.0881	0.0885	0.0890	0.0890	0.0897	0.7676	0.0892	0.0899	0.0894	0.0910	0.0910	0.0954	0.0908	0.7706	0.0912	0.0901	0.0900	0.0909	0.0917	0.0903	0.0926	0.7844	0.0924	0.0929	0.0901	0.0908	0.0917	0.0911	0.0921	0.7053	0.0936	0.0919	0.0897	0.0907	0.0911	0.0913	0.0928	0.3812	0.0965	0.0918	0.0898	0.0913	0.0903	0.0915	0.0917	0.2058	0.1227	0.0956	0.0930	0.0903	0.0911	0.0914	0.0930	
0.7674	0.6826	0.5650	0.3731	0.3129	0.2261	0.2230	0.2217	0.7950	0.0947	0.0901	0.0899	0.0898	0.0893	0.0911	0.0901	0.7677	0.0916	0.0916	0.0923	0.0914	0.0922	0.0970	0.0920	0.7688	0.0918	0.0911	0.0904	0.0921	0.0920	0.0915	0.0943	0.7861	0.0934	0.0933	0.0904	0.0926	0.0936	0.0921	0.0923	0.7361	0.0951	0.0924	0.0907	0.0924	0.0932	0.0918	0.0942	0.4064	0.0983	0.0927	0.0909	0.0942	0.0922	0.0930	0.0933	0.2182	0.1211	0.0981	0.0921	0.0924	0.0931	0.0939	0.0938	
0.7743	0.6814	0.5709	0.3776	0.3249	0.2318	0.2298	0.2222	0.7992	0.0949	0.0904	0.0918	0.0907	0.0910	0.0917	0.0910	0.7701	0.0919	0.0917	0.0941	0.0919	0.0925	0.0965	0.0924	0.7742	0.0935	0.0920	0.0944	0.0932	0.0931	0.0922	0.0940	0.7888	0.0933	0.0942	0.0960	0.0936	0.0929	0.0921	0.0929	0.7610	0.0960	0.0921	0.0941	0.0914	0.0947	0.0922	0.0939	0.4304	0.0988	0.0932	0.0937	0.0926	0.0939	0.0934	0.0946	0.2282	0.1222	0.0976	0.0949	0.0926	0.0922	0.0950	0.0935	
0.7775	0.6821	0.5741	0.3732	0.3224	0.2333	0.2388	0.2272	0.7995	0.0945	0.0905	0.0975	0.0907	0.0906	0.0909	0.0899	0.7688	0.0911	0.0918	0.0905	0.0924	0.0926	0.0977	0.0915	0.7713	0.0922	0.0920	0.0915	0.0917	0.0937	0.0928	0.0918	0.7835	0.0927	0.0923	0.0909	0.0915	0.0924	0.0926	0.0930	0.7763	0.0948	0.0928	0.0909	0.0905	0.0922	0.0917	0.0930	0.4529	0.1002	0.0919	0.0905	0.0920	0.0913	0.0927	0.0931	0.2418	0.1290	0.0975	0.0915	0.0927	0.0921	0.0936	0.0937	
0.7774	0.6826	0.5700	0.3785	0.3202	0.2417	0.2468	0.2331	0.8014	0.0955	0.0900	0.0890	0.0909	0.0906	0.0911	0.0918	0.7704	0.0915	0.0913	0.0909	0.0915	0.0917	0.0976	0.0921	0.7757	0.0929	0.0916	0.0909	0.0920	0.0931	0.0922	0.0931	0.7888	0.0931	0.0938	0.0914	0.0921	0.0923	0.0923	0.0908	0.7812	0.0950	0.0920	0.0910	0.0911	0.0919	0.0921	0.0934	0.4785	0.0990	0.0920	0.0929	0.0926	0.0922	0.0930	0.0932	0.2518	0.1317	0.0965	0.0926	0.0912	0.0925	0.0940	0.0941	
0.7820	0.6879	0.5870	0.3815	0.3272	0.2488	0.2485	0.2343	0.8033	0.0956	0.0908	0.0890	0.0907	0.0911	0.0907	0.0909	0.7734	0.0924	0.0922	0.0909	0.0912	0.0926	0.0980	0.0920	0.7737	0.0928	0.0915	0.0914	0.0921	0.0934	0.0924	0.0928	0.7887	0.0931	0.0940	0.0914	0.0920	0.0931	0.0920	0.0918	0.7822	0.0946	0.0929	0.0920	0.0917	0.0941	0.0914	0.0931	0.5051	0.1002	0.0923	0.0913	0.0922	0.0922	0.0938	0.0921	0.2648	0.1320	0.0987	0.0922	0.0924	0.0933	0.0946	0.0935	
0.7860	0.6897	0.5887	0.3785	0.3262	0.2466	0.2513	0.2441	0.8070	0.0974	0.0910	0.0906	0.0905	0.0907	0.0913	0.0932	0.7766	0.0919	0.0915	0.0924	0.0923	0.0927	0.0974	0.0921	0.7750	0.0935	0.0922	0.0912	0.0936	0.0948	0.0932	0.0944	0.7933	0.0943	0.0935	0.0938	0.0935	0.0936	0.0933	0.0929	0.7880	0.0961	0.0942	0.0910	0.0964	0.0956	0.0925	0.0951	0.5323	0.1008	0.0930	0.0921	0.0933	0.0935	0.0937	0.0937	0.2800	0.1328	0.0970	0.0922	0.0930	0.0943	0.0943	0.0953	
0.7881	0.6899	0.5876	0.3808	0.3222	0.2481	0.2543	0.2454	0.8126	0.0964	0.0906	0.0905	0.0898	0.0902	0.0909	0.0912	0.7791	0.0914	0.0909	0.0912	0.0910	0.0923	0.0977	0.0919	0.7808	0.0923	0.0919	0.0921	0.0919	0.0929	0.0927	0.0933	0.7914	0.0937	0.0932	0.0923	0.0918	0.0928	0.0929	0.0919	0.7895	0.0962	0.0932	0.0908	0.0916	0.0919	0.0927	0.0934	0.5604	0.1002	0.0931	0.0913	0.0924	0.0927	0.0933	0.0925	0.2965	0.1368	0.0983	0.0923	0.0916	0.0920	0.0944	0.0941	
0.7837	0.6904	0.5922	0.3768	0.3211	0.2477	0.2526	0.2493	0.8072	0.0973	0.0896	0.0889	0.0895	0.0901	0.0918	0.0915	0.7765	0.0919	0.0906	0.0909	0.0917	0.0933	0.0975	0.0917	0.7781	0.0924	0.0911	0.0903	0.0912	0.0932	0.0924	0.0922	0.7942	0.0934	0.0939	0.0919	0.0919	0.0933	0.0923	0.0921	0.7899	0.0962	0.0912	0.0910	0.0914	0.0918	0.0925	0.0930	0.5863	0.1012	0.0924	0.0920	0.0915	0.0926	0.0927	0.0921	0.3080	0.1399	0.0969	0.0919	0.0910	0.0928	0.0931	0.0938	
0.7919	0.6958	0.5930	0.3818	0.3222	0.2453	0.2566	0.2516	0.8184	0.0981	0.0910	0.0896	0.0903	0.0895	0.0911	0.0920	0.7813	0.0920	0.0925	0.0898	0.0918	0.0919	0.0969	0.0925	0.7836	0.0924	0.0931	0.0911	0.0921	0.0940	0.0931	0.0935	0.7995	0.0936	0.0943	0.0921	0.0919	0.0920	0.0927	0.0925	0.7943	0.0966	0.0934	0.0907	0.0917	0.0922	0.0926	0.0925	0.6122	0.1024	0.0921	0.0911	0.0917	0.0924	0.0932	0.0929	0.3308	0.1442	0.0978	0.0917	0.0923	0.0923	0.0942	0.0937	
0.7897	0.6959	0.5879	0.3776	0.3187	0.2448	0.2532	0.2499	0.8177	0.0978	0.0905	0.0901	0.0897	0.0899	0.0907	0.0906	0.7814	0.0918	0.0918	0.0915	0.0926	0.0922	0.0966	0.0915	0.7821	0.0924	0.0912	0.0910	0.0926	0.0921	0.0916	0.0929	0.7989	0.0934	0.0934	0.0916	0.0920	0.0921	0.0926	0.0924	0.7960	0.0960	0.0928	0.0914	0.0915	0.0927	0.0930	0.0927	0.6425	0.1022	0.0928	0.0923	0.0918	0.0935	0.0930	0.0931	0.3469	0.1507	0.0971	0.0922	0.0918	0.0937	0.0933	0.0941	
0.7930	0.6974	0.6039	0.3837	0.3210	0.2437	0.2471	0.2514	0.8187	0.0975	0.0906	0.0889	0.0894	0.0896	0.0905	0.0913	0.7837	0.0907	0.0912	0.0908	0.0907	0.0916	0.0970	0.0912	0.7863	0.0918	0.0913	0.0906	0.0919	0.0919	0.0921	0.0927	0.8002	0.0931	0.0931	0.0919	0.0928	0.0921	0.0924	0.0917	0.7970	0.0963	0.0926	0.0897	0.0919	0.0916	0.0921	0.0919	0.6729	0.1023	0.0926	0.0928	0.0909	0.0915	0.0925	0.0921	0.3660	0.1536	0.0968	0.0913	0.0914	0.0921	0.0941	0.0934	
0.7923	0.6998	0.6032	0.3809	0.3199	0.2428	0.2531	0.2499	0.8210	0.0982	0.0907	0.0887	0.0899	0.0906	0.0904	0.0915	0.7851	0.0921	0.0918	0.0901	0.0913	0.0908	0.0961	0.0922	0.7880	0.0929	0.0924	0.0901	0.0910	0.0935	0.0930	0.0926	0.8029	0.0938	0.0943	0.0909	0.0928	0.0933	0.0921	0.0926	0.7984	0.0970	0.0929	0.0901	0.0917	0.0922	0.0925	0.0940	0.6980	0.1031	0.0931	0.0934	0.0919	0.0924	0.0942	0.0930	0.3855	0.1597	0.0971	0.0921	0.0921	0.0930	0.0944	0.0935	
0.7987	0.7057	0.6004	0.3823	0.3223	0.2421	0.2470	0.2468	0.8243	0.0981	0.0898	0.0896	0.0904	0.0891	0.0905	0.0890	0.7852	0.0912	0.0896	0.0906	0.0909	0.0921	0.0974	0.0909	0.7890	0.0920	0.0897	0.0912	0.0911	0.0929	0.0905	0.0925	0.8033	0.0932	0.0913	0.0919	0.0923	0.0929	0.0923	0.0915	0.8005	0.0976	0.0912	0.0900	0.0916	0.0919	0.0921	0.0916	0.7195	0.1023	0.0914	0.0910	0.0930	0.0934	0.0924	0.0910	0.4070	0.1637	0.0962	0.0904	0.0918	0.0927	0.0930	0.0929	
