0.0898	0.0896	0.0923	0.0910	0.0917	0.0898	0.0903	0.0899	0.1060	0.0953	0.1054	0.1016	0.1098	0.1057	0.0950	0.0886	0.0909	0.0899	0.0914	0.0900	0.0910	0.0905	0.0898	0.0908	0.0972	0.1111	0.0952	0.0943	0.0965	0.0949	0.0910	0.0960	0.0909	0.0904	0.0893	0.0904	0.0920	0.0892	0.0915	0.0908	0.0924	0.0925	0.0913	0.0922	0.0923	0.0911	0.0910	0.0900	0.0905	0.0908	0.0910	0.0912	0.0921	0.0903	0.0919	0.0903	0.0914	0.0927	0.0925	0.0939	0.0931	0.0925	0.0909	0.0905	
0.0895	0.0886	0.0905	0.0888	0.0892	0.0885	0.0882	0.0890	0.0935	0.0902	0.0904	0.0899	0.0892	0.0896	0.0886	0.0888	0.0897	0.0899	0.0905	0.0905	0.0903	0.0964	0.0888	0.0894	0.0901	0.0904	0.0910	0.0907	0.0898	0.0917	0.0891	0.0975	0.0894	0.0903	0.0897	0.0893	0.0904	0.0901	0.0905	0.0910	0.0903	0.0904	0.0902	0.0897	0.0900	0.0915	0.0899	0.0893	0.0897	0.0904	0.0897	0.0913	0.0913	0.0907	0.0911	0.0907	0.0891	0.0904	0.0905	0.0930	0.0913	0.0911	0.0919	0.0900	
0.0889	0.0887	0.0906	0.0903	0.0894	0.0884	0.0880	0.0890	0.0905	0.0906	0.0894	0.0981	0.0907	0.0897	0.0888	0.0885	0.0891	0.0900	0.0899	0.0892	0.0898	0.0913	0.0890	0.0892	0.0894	0.0900	0.0906	0.0893	0.0909	0.0894	0.0893	0.0968	0.0901	0.0903	0.0902	0.0894	0.0890	0.0892	0.0902	0.0902	0.0906	0.0898	0.0902	0.0899	0.0894	0.0902	0.0904	0.0894	0.0900	0.0901	0.0904	0.0898	0.0907	0.0900	0.0913	0.0905	0.0886	0.0907	0.0904	0.0913	0.0903	0.0903	0.0915	0.0898	
0.0896	0.0890	0.0904	0.0878	0.0889	0.0895	0.0894	0.0889	0.0907	0.0910	0.0902	0.0895	0.0901	0.0894	0.0889	0.0884	0.0899	0.0881	0.0903	0.0894	0.0907	0.0910	0.0897	0.0889	0.0894	0.0907	0.0924	0.0908	0.0896	0.0908	0.0900	0.0977	0.0895	0.0905	0.0891	0.0905	0.0909	0.0892	0.0901	0.0899	0.1032	0.0910	0.0906	0.0896	0.0894	0.0909	0.0911	0.0900	0.0904	0.0899	0.0904	0.0908	0.0904	0.0909	0.0910	0.0904	0.0896	0.0909	0.0911	0.0924	0.0903	0.0911	0.0901	0.0894	
0.0897	0.0889	0.0908	0.0898	0.0887	0.0879	0.0888	0.0889	0.0927	0.0902	0.0902	0.0898	0.0893	0.0897	0.0893	0.0882	0.0893	0.0887	0.0899	0.0900	0.0898	0.0931	0.0887	0.0893	0.0896	0.0893	0.0893	0.0894	0.0895	0.0893	0.0889	0.0961	0.0903	0.0899	0.0890	0.0902	0.0903	0.0892	0.0896	0.0898	0.0914	0.0897	0.0937	0.0893	0.0899	0.0892	0.0903	0.0896	0.0890	0.0913	0.0901	0.0905	0.0909	0.0895	0.0901	0.0901	0.0883	0.0909	0.0910	0.0929	0.0903	0.0917	0.0905	0.0894	
0.0894	0.0886	0.0908	0.0896	0.0903	0.0885	0.0886	0.0888	0.0905	0.0907	0.0907	0.0897	0.0905	0.0907	0.0895	0.0888	0.0902	0.0890	0.0908	0.0910	0.0906	0.0898	0.0885	0.0894	0.0902	0.0907	0.0910	0.0897	0.0906	0.0902	0.0897	0.0966	0.0894	0.0893	0.0898	0.0893	0.0902	0.0894	0.0899	0.0892	0.0900	0.0909	0.0902	0.0896	0.0913	0.0903	0.0903	0.0899	0.0899	0.0912	0.0891	0.0911	0.0924	0.0905	0.0903	0.0912	0.0897	0.0908	0.0913	0.0924	0.0915	0.0921	0.0908	0.0894	
0.0898	0.0906	0.0918	0.0899	0.0907	0.0896	0.0906	0.0891	0.0909	0.0923	0.0923	0.0908	0.0934	0.0905	0.0901	0.0907	0.0920	0.0915	0.0916	0.0905	0.0916	0.0909	0.0898	0.0914	0.0920	0.0922	0.0916	0.0906	0.0918	0.0913	0.0960	0.0991	0.0921	0.0925	0.0906	0.0905	0.0905	0.0909	0.0905	0.0915	0.0910	0.0916	0.0910	0.0904	0.0920	0.0910	0.0925	0.0897	0.0909	0.0914	0.0921	0.0915	0.0915	0.0916	0.0916	0.0911	0.0907	0.0927	0.0925	0.0936	0.0919	0.0927	0.0914	0.0912	
0.0893	0.0885	0.0906	0.0894	0.0882	0.0871	0.0894	0.0885	0.0911	0.0911	0.0895	0.0899	0.0900	0.0891	0.0901	0.0885	0.0894	0.0896	0.0910	0.0894	0.0897	0.0890	0.0883	0.0897	0.0903	0.0914	0.0902	0.0916	0.0902	0.0901	0.0894	0.0966	0.0900	0.0894	0.0887	0.0891	0.0904	0.0893	0.0901	0.0900	0.0903	0.0903	0.0909	0.0898	0.0914	0.0888	0.0902	0.0894	0.0900	0.0905	0.0898	0.0917	0.0918	0.0901	0.0898	0.0906	0.0902	0.0916	0.0923	0.0934	0.0912	0.0916	0.0910	0.0890	
0.0899	0.0918	0.0914	0.0897	0.0904	0.0900	0.0898	0.0894	0.0955	0.0915	0.0908	0.0916	0.0912	0.0912	0.0898	0.0903	0.0907	0.0902	0.0917	0.0912	0.0907	0.0910	0.0899	0.0909	0.0910	0.0904	0.0923	0.0909	0.0917	0.0927	0.0914	0.0971	0.0911	0.0913	0.0907	0.0917	0.0911	0.0907	0.0911	0.0909	0.0906	0.0925	0.0908	0.0912	0.0911	0.0917	0.0922	0.0893	0.0916	0.0924	0.0921	0.0924	0.0925	0.0913	0.0912	0.0911	0.0900	0.0923	0.0925	0.0979	0.0926	0.0932	0.0912	0.0897	
0.0898	0.0900	0.0915	0.0903	0.0895	0.0890	0.0893	0.0897	0.0903	0.0910	0.0910	0.0910	0.0909	0.0911	0.0903	0.0887	0.0905	0.0893	0.0911	0.0915	0.0901	0.0930	0.0901	0.0889	0.0894	0.0912	0.0917	0.0922	0.0896	0.0916	0.0912	0.0973	0.0919	0.0921	0.0903	0.0904	0.0904	0.0903	0.0909	0.0904	0.0919	0.0916	0.0901	0.0911	0.0908	0.0913	0.0905	0.0900	0.0906	0.0916	0.0923	0.0914	0.0917	0.0904	0.0905	0.0911	0.0916	0.0917	0.0915	0.0929	0.0918	0.0925	0.0910	0.0902	
0.0898	0.0902	0.0913	0.0896	0.0898	0.0889	0.0889	0.0892	0.0904	0.1001	0.0903	0.0901	0.0904	0.0896	0.0901	0.0893	0.0900	0.0898	0.0922	0.0908	0.0908	0.0901	0.0907	0.0887	0.0901	0.0911	0.0921	0.0903	0.0909	0.0913	0.0906	0.0972	0.0893	0.0897	0.0894	0.0892	0.0892	0.0893	0.0886	0.0895	0.0973	0.0909	0.0898	0.0906	0.0901	0.0908	0.0896	0.0892	0.0896	0.0893	0.0906	0.0913	0.0908	0.0902	0.0899	0.0906	0.0893	0.0927	0.0923	0.0922	0.0916	0.0915	0.0902	0.0882	
0.0903	0.0897	0.0912	0.0902	0.0904	0.0889	0.0895	0.0900	0.0905	0.0918	0.0906	0.0911	0.0912	0.0908	0.0901	0.0906	0.0910	0.0893	0.0924	0.0909	0.0910	0.0911	0.0895	0.0902	0.0909	0.0913	0.0910	0.0909	0.0903	0.0910	0.0908	0.0980	0.0911	0.0903	0.0896	0.0904	0.0905	0.0898	0.0900	0.0907	0.0908	0.0916	0.0906	0.0903	0.0897	0.0918	0.0916	0.0892	0.0904	0.0914	0.0907	0.0909	0.0912	0.0915	0.0913	0.0911	0.0894	0.0937	0.0926	0.0933	0.0902	0.0909	0.0906	0.0898	
0.0905	0.0908	0.0907	0.0904	0.0903	0.0901	0.0894	0.0906	0.0911	0.0914	0.0910	0.0903	0.0903	0.0905	0.0905	0.0897	0.0915	0.0899	0.0913	0.0908	0.0912	0.0905	0.0893	0.0902	0.0903	0.0918	0.0922	0.0901	0.0895	0.0919	0.0905	0.0972	0.0896	0.0917	0.0908	0.0906	0.0901	0.0902	0.0906	0.0901	0.0897	0.0915	0.0920	0.0912	0.0916	0.0906	0.0916	0.0891	0.0895	0.0915	0.0903	0.0912	0.0913	0.0902	0.0912	0.0900	0.0909	0.0921	0.0928	0.0926	0.0916	0.0916	0.0907	0.0905	
0.0916	0.0918	0.0929	0.0910	0.0905	0.0904	0.0900	0.0911	0.0937	0.0928	0.0922	0.0920	0.0921	0.0918	0.0916	0.0899	0.0921	0.0917	0.0928	0.0922	0.0921	0.0916	0.0911	0.0915	0.0912	0.0930	0.0919	0.0909	0.0920	0.0921	0.0911	0.0989	0.0921	0.0912	0.0905	0.0917	0.0916	0.0906	0.0907	0.0912	0.0959	0.0919	0.0924	0.0919	0.0911	0.0936	0.0918	0.0896	0.0910	0.0918	0.0910	0.0906	0.0920	0.0905	0.0925	0.0908	0.0920	0.0924	0.0923	0.0929	0.0926	0.0928	0.0906	0.0903	
0.0912	0.0904	0.0921	0.0905	0.0910	0.0903	0.0900	0.0901	0.0938	0.0925	0.0914	0.0911	0.0916	0.0915	0.0908	0.0899	0.0914	0.0913	0.0928	0.0912	0.0911	0.0909	0.0908	0.0922	0.0911	0.0923	0.0921	0.0910	0.0915	0.0931	0.0917	0.0989	0.0929	0.0921	0.0921	0.0913	0.0916	0.0913	0.0902	0.0920	0.0910	0.0918	0.0925	0.0910	0.0921	0.0924	0.0912	0.0914	0.0917	0.0912	0.0919	0.0921	0.0915	0.0922	0.0913	0.0912	0.0918	0.0920	0.0936	0.0932	0.0916	0.0928	0.0923	0.0908	
0.0913	0.0907	0.0923	0.0918	0.0908	0.0895	0.0898	0.0896	0.0916	0.0920	0.0936	0.0922	0.0925	0.0902	0.0900	0.0895	0.0919	0.0916	0.0928	0.0917	0.0911	0.0910	0.0900	0.0905	0.0902	0.0926	0.0917	0.0910	0.0905	0.0920	0.0907	0.1028	0.0923	0.0924	0.0912	0.0908	0.0904	0.0903	0.0905	0.0903	0.0926	0.0909	0.0912	0.0918	0.0917	0.0917	0.0907	0.0893	0.0914	0.0911	0.0904	0.0916	0.0909	0.0903	0.0916	0.0907	0.0911	0.0920	0.0923	0.0923	0.0924	0.0922	0.0923	0.0903	
0.0929	0.0912	0.0926	0.0907	0.0904	0.0911	0.0912	0.0907	0.0919	0.0928	0.0914	0.0913	0.0920	0.0908	0.0912	0.0912	0.0919	0.0913	0.0924	0.0917	0.0913	0.0925	0.0905	0.0905	0.0912	0.0927	0.0922	0.0920	0.0909	0.0920	0.0949	0.0987	0.0925	0.0910	0.0912	0.0915	0.0912	0.0901	0.0915	0.0915	0.0917	0.0925	0.0912	0.0919	0.0917	0.0909	0.0914	0.0910	0.0919	0.0920	0.0911	0.0927	0.0962	0.0912	0.0913	0.0917	0.0915	0.0930	0.0918	0.0943	0.0914	0.0927	0.0914	0.0897	
0.0933	0.0921	0.0936	0.0913	0.0914	0.0917	0.0913	0.0907	0.0953	0.0933	0.0920	0.0927	0.0917	0.0924	0.0917	0.0901	0.0934	0.0918	0.0930	0.0920	0.0925	0.0960	0.0902	0.0921	0.0922	0.0930	0.0930	0.0916	0.0922	0.0922	0.0915	0.0985	0.0927	0.0922	0.0912	0.0921	0.0911	0.0905	0.0910	0.0918	0.0972	0.0933	0.0920	0.0921	0.0912	0.0923	0.0912	0.0904	0.0907	0.0924	0.0912	0.0922	0.0906	0.0908	0.0907	0.0910	0.0918	0.0917	0.0922	0.0941	0.0929	0.0924	0.0914	0.0887	
0.0938	0.0926	0.0931	0.0923	0.0936	0.0918	0.0919	0.0911	0.0932	0.0938	0.0935	0.0926	0.0935	0.0927	0.0917	0.0915	0.0924	0.0923	0.0939	0.0932	0.0926	0.0933	0.0918	0.0928	0.0925	0.0945	0.0932	0.0931	0.0925	0.0928	0.0922	0.0990	0.0937	0.0924	0.0910	0.0909	0.0924	0.0916	0.0923	0.0921	0.0961	0.0936	0.0933	0.0920	0.0922	0.0918	0.0922	0.0899	0.0930	0.0931	0.0931	0.0942	0.0990	0.0908	0.0936	0.0929	0.0918	0.0936	0.0937	0.0937	0.0933	0.0938	0.0916	0.0902	
0.0933	0.0927	0.0929	0.0916	0.0913	0.0927	0.0920	0.0902	0.0930	0.0934	0.0934	0.0931	0.0936	0.0924	0.0919	0.0902	0.0920	0.0921	0.0932	0.0919	0.0914	0.0920	0.0919	0.0977	0.0932	0.0930	0.0930	0.0916	0.0919	0.0919	0.0910	0.0977	0.0932	0.0922	0.0907	0.0908	0.0917	0.0918	0.0913	0.0916	0.0911	0.0926	0.0913	0.0913	0.0919	0.0929	0.0914	0.0900	0.0928	0.0928	0.0912	0.0916	0.0918	0.0906	0.0915	0.0915	0.0921	0.0916	0.0928	0.0942	0.0909	0.0931	0.0915	0.0907	
0.0928	0.0919	0.0941	0.0914	0.0911	0.0922	0.0906	0.0901	0.0944	0.0934	0.0935	0.0927	0.0922	0.0922	0.0907	0.0898	0.0935	0.0914	0.0938	0.0910	0.0915	0.0914	0.0913	0.0903	0.0922	0.0935	0.0938	0.0928	0.0923	0.0913	0.0910	0.0965	0.0928	0.0925	0.0916	0.0926	0.0907	0.0907	0.0901	0.0911	0.0925	0.0928	0.0916	0.0910	0.0915	0.0916	0.0907	0.0887	0.0913	0.0919	0.0919	0.0916	0.0918	0.0910	0.0912	0.0909	0.0929	0.0912	0.0929	0.0932	0.0916	0.0922	0.0913	0.0893	
0.0939	0.0941	0.0952	0.0932	0.0934	0.0934	0.0931	0.0926	0.0953	0.0950	0.0938	0.0943	0.0952	0.0944	0.0922	0.0910	0.0937	0.0937	0.0949	0.0945	0.0938	0.0945	0.0917	0.0922	0.0939	0.0945	0.0949	0.0939	0.0925	0.0931	0.0930	0.0987	0.0936	0.0939	0.0933	0.0926	0.0931	0.0923	0.0916	0.0918	0.0944	0.0937	0.0935	0.0932	0.0910	0.0926	0.0921	0.0919	0.0932	0.0938	0.0924	0.0930	0.0914	0.0916	0.0924	0.0912	0.0944	0.0929	0.0934	0.0947	0.0919	0.0937	0.0931	0.0902	
0.0931	0.0923	0.0929	0.0924	0.0913	0.0906	0.0941	0.0902	0.0942	0.0937	0.0927	0.0924	0.0918	0.0911	0.0910	0.0895	0.0932	0.0949	0.0938	0.0952	0.0914	0.0914	0.0908	0.0904	0.0928	0.0961	0.0939	0.0920	0.0964	0.0910	0.0899	0.0965	0.0923	0.0921	0.0920	0.0909	0.0899	0.0899	0.0905	0.0915	0.0922	0.0921	0.0908	0.0906	0.0911	0.0912	0.0906	0.0892	0.0907	0.0925	0.0913	0.0915	0.0911	0.0904	0.0908	0.0928	0.0908	0.0917	0.0920	0.0923	0.0909	0.0908	0.0943	0.0906	
0.0960	0.0953	0.0957	0.0953	0.0934	0.0938	0.0938	0.0923	0.0955	0.0952	0.0943	0.0953	0.0952	0.0947	0.0931	0.0905	0.0952	0.0949	0.0955	0.0939	0.0953	0.1032	0.0916	0.0939	0.0950	0.0961	0.0948	0.0947	0.0941	0.0939	0.0923	0.0989	0.0956	0.0940	0.0923	0.0918	0.0931	0.0914	0.0928	0.0912	0.0947	0.0945	0.0926	0.0935	0.0922	0.0917	0.0922	0.0900	0.0937	0.0948	0.0939	0.0930	0.0948	0.0926	0.0927	0.0918	0.0943	0.0956	0.0936	0.0944	0.0940	0.0939	0.0921	0.0919	
0.0942	0.0939	0.0940	0.0931	0.0929	0.0923	0.0924	0.0926	0.0968	0.0961	0.0936	0.0939	0.0941	0.0938	0.0914	0.0898	0.0941	0.0946	0.0952	0.0930	0.0917	0.0923	0.0905	0.0906	0.0935	0.0935	0.0936	0.0929	0.0942	0.0916	0.0910	0.0973	0.0941	0.0930	0.0917	0.0910	0.0916	0.0911	0.0904	0.0908	0.0971	0.0932	0.0920	0.0922	0.0908	0.0912	0.0915	0.0894	0.0931	0.0938	0.0912	0.0929	0.0927	0.0903	0.0920	0.0905	0.0921	0.0930	0.0926	0.0932	0.0925	0.0915	0.0919	0.0883	
0.0968	0.0952	0.0959	0.0939	0.0945	0.0932	0.0937	0.0924	0.1002	0.0967	0.0950	0.0956	0.0949	0.0944	0.0931	0.0910	0.0952	0.0938	0.0961	0.0948	0.0942	0.0921	0.0915	0.0921	0.0952	0.0971	0.0954	0.0937	0.0943	0.0921	0.0909	0.0980	0.0953	0.0953	0.0931	0.0915	0.0916	0.0906	0.0915	0.0919	0.0950	0.0945	0.0933	0.0928	0.0918	0.0922	0.0932	0.0907	0.0947	0.0952	0.0929	0.0940	0.0928	0.0926	0.0922	0.0918	0.0935	0.0942	0.0931	0.0936	0.0933	0.0933	0.0924	0.0906	
0.0970	0.0949	0.0958	0.0949	0.0943	0.0940	0.0936	0.0916	0.0961	0.0963	0.0951	0.0952	0.0950	0.0952	0.0929	0.0904	0.0956	0.0953	0.0968	0.0944	0.0935	0.0932	0.0917	0.0909	0.0951	0.0950	0.0952	0.0941	0.0931	0.0927	0.0908	0.0968	0.0952	0.0939	0.0925	0.0922	0.0920	0.0909	0.0915	0.0907	0.0948	0.0960	0.0958	0.0919	0.0931	0.0924	0.0927	0.0902	0.0930	0.0954	0.0929	0.0935	0.0907	0.0913	0.0918	0.0915	0.0935	0.0944	0.0936	0.0941	0.0921	0.0924	0.0911	0.0890	
0.0986	0.0951	0.0968	0.0957	0.0957	0.0946	0.0940	0.0925	0.1028	0.0974	0.0960	0.0956	0.0964	0.0954	0.0919	0.0905	0.0959	0.0944	0.0962	0.0947	0.0933	0.0941	0.0916	0.0972	0.0968	0.0956	0.0960	0.0946	0.0932	0.0931	0.0905	0.0970	0.0968	0.0946	0.0938	0.0927	0.0931	0.0911	0.0911	0.0903	0.0945	0.0947	0.0932	0.0937	0.0917	0.0932	0.0919	0.0893	0.0944	0.0948	0.0922	0.0921	0.0926	0.0912	0.0907	0.0904	0.0930	0.0937	0.0939	0.0957	0.0922	0.0932	0.0915	0.0904	
0.0994	0.0966	0.0986	0.0959	0.0947	0.0959	0.0946	0.0919	0.0990	0.0981	0.0968	0.0971	0.0966	0.0963	0.0930	0.0905	0.0985	0.0957	0.0973	0.0966	0.0946	0.1025	0.0920	0.0927	0.0976	0.0977	0.0966	0.0949	0.0936	0.0928	0.0912	0.0973	0.0958	0.0951	0.0941	0.0927	0.0925	0.0907	0.0918	0.0910	0.0994	0.0959	0.0933	0.0921	0.0931	0.0922	0.0918	0.0896	0.0948	0.0956	0.0933	0.0929	0.0907	0.0918	0.0913	0.0915	0.0950	0.0944	0.0928	0.0940	0.0932	0.0926	0.0911	0.0908	
0.0997	0.0972	0.0979	0.0963	0.0960	0.0955	0.0951	0.0924	0.1001	0.0978	0.0973	0.0978	0.0968	0.0968	0.0935	0.0897	0.0982	0.0957	0.0972	0.0965	0.0942	0.0952	0.0914	0.0952	0.0964	0.0978	0.0955	0.0943	0.0934	0.0927	0.0907	0.0975	0.0961	0.0951	0.0932	0.0919	0.0924	0.0908	0.0910	0.0920	0.0985	0.0962	0.0927	0.0911	0.0913	0.0909	0.0915	0.0893	0.0934	0.0950	0.0921	0.0919	0.0908	0.0909	0.0905	0.0903	0.0948	0.0943	0.0927	0.0925	0.0915	0.0921	0.0912	0.0897	
0.1020	0.0985	0.0985	0.0970	0.0963	0.0958	0.0960	0.0930	0.1000	0.0993	0.0979	0.0973	0.0970	0.0957	0.0931	0.0906	0.0985	0.0963	0.0986	0.0959	0.0955	0.0970	0.0919	0.0908	0.0979	0.1001	0.0971	0.0951	0.0940	0.0920	0.0906	0.0971	0.0974	0.0964	0.0940	0.0923	0.0916	0.0906	0.0917	0.0907	0.0973	0.0962	0.0936	0.0924	0.0918	0.0916	0.0925	0.0904	0.0948	0.0961	0.0929	0.0926	0.0918	0.0912	0.0914	0.0905	0.0940	0.0941	0.0925	0.0947	0.0907	0.0920	0.0905	0.0904	
0.1047	0.1011	0.1004	0.0991	0.0984	0.0974	0.0964	0.0930	0.1030	0.1021	0.1003	0.0992	0.0992	0.0984	0.0947	0.0910	0.0999	0.0986	0.1015	0.0984	0.0965	0.1227	0.0918	0.0926	0.1000	0.0995	0.0978	0.0970	0.0942	0.0941	0.0919	0.0983	0.0998	0.0987	0.0949	0.0929	0.0930	0.0919	0.0913	0.0916	0.0989	0.0971	0.0985	0.0952	0.0920	0.0925	0.0921	0.0902	0.0973	0.0969	0.0935	0.0929	0.0931	0.0913	0.0916	0.0911	0.0956	0.0946	0.0944	0.0946	0.0924	0.0925	0.0937	0.0891	
0.1057	0.1010	0.1022	0.1001	0.0999	0.0977	0.0971	0.0947	0.1070	0.1025	0.1014	0.0999	0.1006	0.0977	0.0954	0.0913	0.1030	0.0995	0.1013	0.0995	0.0960	0.0953	0.0928	0.0918	0.1006	0.1011	0.0994	0.0960	0.0951	0.0933	0.0915	0.0981	0.1000	0.0983	0.0962	0.0936	0.1000	0.0928	0.0929	0.0910	0.1006	0.0985	0.0938	0.0934	0.0925	0.0924	0.0917	0.0891	0.0969	0.0969	0.0930	0.0938	0.0925	0.0909	0.0929	0.0913	0.0970	0.0949	0.0939	0.0931	0.0941	0.0925	0.0924	0.0894	
0.1054	0.1016	0.1015	0.0982	0.0972	0.0976	0.0954	0.0923	0.1057	0.1008	0.0999	0.0987	0.0973	0.0964	0.0920	0.0877	0.1007	0.0977	0.1004	0.0980	0.0955	0.1130	0.0892	0.0888	0.0990	0.0991	0.0961	0.0946	0.0925	0.0914	0.0880	0.0954	0.0977	0.0966	0.0932	0.0914	0.0906	0.0900	0.0895	0.0886	0.1143	0.0950	0.0910	0.0917	0.0893	0.0895	0.0884	0.0875	0.0941	0.0945	0.0902	0.0907	0.0896	0.0893	0.0890	0.0881	0.0945	0.0924	0.0916	0.0910	0.0903	0.0896	0.0895	0.0876	
0.1098	0.1056	0.1054	0.1030	0.1017	0.1009	0.0998	0.0950	0.1089	0.1050	0.1039	0.1033	0.1031	0.1002	0.0968	0.0925	0.1048	0.1040	0.1043	0.1017	0.0985	0.1004	0.0927	0.0979	0.1036	0.1035	0.1018	0.0976	0.0957	0.0941	0.0930	0.0979	0.1034	0.1008	0.0982	0.0934	0.0941	0.0922	0.0923	0.0925	0.1018	0.0999	0.0951	0.0937	0.0928	0.0927	0.0922	0.0908	0.0980	0.0984	0.0939	0.0932	0.0918	0.0924	0.0929	0.0914	0.0969	0.0974	0.0933	0.0951	0.0936	0.0930	0.0917	0.0901	
0.1128	0.1063	0.1069	0.1044	0.1033	0.1022	0.1014	0.0968	0.1100	0.1079	0.1051	0.1046	0.1036	0.1012	0.0978	0.0912	0.1060	0.1051	0.1052	0.1025	0.0987	0.1234	0.0925	0.0912	0.1035	0.1042	0.1018	0.0975	0.0957	0.0955	0.0921	0.0985	0.1040	0.1012	0.0977	0.0930	0.0934	0.0923	0.0920	0.0911	0.1097	0.1001	0.0952	0.0931	0.0921	0.0924	0.0912	0.0903	0.0983	0.0979	0.0932	0.0942	0.0923	0.0917	0.0913	0.0910	0.0972	0.0955	0.0939	0.0946	0.0926	0.0919	0.0927	0.0902	
0.1151	0.1096	0.1088	0.1061	0.1048	0.1039	0.1017	0.0979	0.1129	0.1090	0.1069	0.1070	0.1058	0.1024	0.0971	0.0924	0.1084	0.1045	0.1087	0.1050	0.1004	0.1160	0.0945	0.0932	0.1067	0.1060	0.1031	0.1003	0.0957	0.0959	0.0919	0.0985	0.1052	0.1032	0.0995	0.0943	0.0953	0.0935	0.0934	0.0917	0.1053	0.1032	0.0962	0.0939	0.0922	0.0931	0.0926	0.0912	0.1000	0.0995	0.0947	0.0938	0.0921	0.0920	0.0924	0.0912	0.0997	0.0950	0.0944	0.0948	0.0930	0.0930	0.0926	0.0905	
0.1181	0.1119	0.1096	0.1078	0.1053	0.1062	0.1021	0.0969	0.1156	0.1105	0.1084	0.1097	0.1074	0.1034	0.0976	0.0924	0.1086	0.1077	0.1087	0.1058	0.0999	0.1049	0.0929	0.1011	0.1074	0.1071	0.1051	0.1004	0.0969	0.0946	0.0914	0.0984	0.1071	0.1035	0.0990	0.0945	0.0947	0.0927	0.0923	0.0913	0.1069	0.1021	0.0961	0.0940	0.0926	0.0930	0.0917	0.0909	0.1002	0.1000	0.0945	0.0939	0.0928	0.0918	0.0912	0.0922	0.0991	0.0968	0.0941	0.0938	0.0944	0.0925	0.0915	0.0901	
0.1222	0.1139	0.1107	0.1102	0.1079	0.1067	0.1043	0.0983	0.1184	0.1132	0.1117	0.1097	0.1083	0.1045	0.0981	0.0936	0.1120	0.1090	0.1094	0.1072	0.1025	0.1020	0.0945	0.0921	0.1105	0.1088	0.1065	0.1019	0.0966	0.0955	0.0920	0.0983	0.1092	0.1054	0.1000	0.0948	0.0948	0.0937	0.0941	0.0915	0.1075	0.1017	0.0963	0.0948	0.0922	0.0929	0.0928	0.0896	0.1025	0.1009	0.0955	0.0951	0.0926	0.0925	0.0923	0.0912	0.1011	0.0969	0.0936	0.0944	0.0934	0.0942	0.0918	0.0904	
0.1263	0.1149	0.1122	0.1101	0.1094	0.1082	0.1039	0.0981	0.1213	0.1159	0.1120	0.1102	0.1085	0.1053	0.0981	0.0917	0.1127	0.1088	0.1115	0.1070	0.1017	0.1008	0.0920	0.0923	0.1099	0.1085	0.1076	0.1007	0.0970	0.0930	0.0906	0.0971	0.1102	0.1055	0.1008	0.0946	0.0941	0.0928	0.0920	0.0898	0.1158	0.1038	0.0955	0.0939	0.0920	0.0907	0.0899	0.0894	0.1017	0.1014	0.0947	0.0921	0.1035	0.0912	0.0902	0.0901	0.1008	0.0958	0.0927	0.0943	0.0916	0.0916	0.0897	0.0900	
0.1306	0.1196	0.1164	0.1133	0.1115	0.1105	0.1068	0.1001	0.1244	0.1176	0.1143	0.1131	0.1122	0.1077	0.0994	0.0927	0.1167	0.1111	0.1165	0.1101	0.1029	0.1017	0.0943	0.0923	0.1126	0.1118	0.1092	0.1024	0.0980	0.0940	0.0936	0.0990	0.1115	0.1073	0.1008	0.0943	0.0943	0.0915	0.0916	0.0901	0.1180	0.1027	0.0958	0.0932	0.0914	0.0929	0.0906	0.0894	0.1035	0.1015	0.0940	0.0930	0.0910	0.0908	0.0909	0.0899	0.1019	0.0963	0.0937	0.0932	0.0928	0.0914	0.0916	0.0887	
0.1352	0.1231	0.1193	0.1173	0.1129	0.1136	0.1092	0.0998	0.1314	0.1217	0.1188	0.1162	0.1142	0.1093	0.1003	0.0925	0.1191	0.1157	0.1188	0.1113	0.1050	0.1094	0.0945	0.0931	0.1164	0.1147	0.1103	0.1047	0.0992	0.0951	0.0921	0.0978	0.1147	0.1108	0.1026	0.0963	0.0954	0.0928	0.0934	0.0914	0.1143	0.1054	0.0974	0.0956	0.0937	0.0920	0.0919	0.0908	0.1053	0.1036	0.0958	0.0935	0.0940	0.0919	0.0909	0.0913	0.1025	0.0975	0.0945	0.0947	0.0932	0.0919	0.0924	0.0907	
0.1405	0.1262	0.1222	0.1200	0.1169	0.1132	0.1106	0.1006	0.1400	0.1242	0.1203	0.1196	0.1165	0.1122	0.1005	0.0938	0.1237	0.1286	0.1237	0.1132	0.1062	0.1002	0.0959	0.0921	0.1181	0.1161	0.1118	0.1044	0.0988	0.0950	0.0932	0.0985	0.1163	0.1121	0.1033	0.0964	0.0943	0.0927	0.0934	0.0906	0.1138	0.1086	0.0985	0.0958	0.0927	0.0919	0.0913	0.0899	0.1060	0.1042	0.0946	0.0947	0.0930	0.0927	0.0922	0.0907	0.1050	0.0969	0.0932	0.0953	0.0938	0.0919	0.0917	0.0893	
0.1473	0.1319	0.1273	0.1226	0.1203	0.1182	0.1129	0.1021	0.1398	0.1295	0.1241	0.1218	0.1198	0.1145	0.1029	0.0933	0.1257	0.1219	0.1239	0.1166	0.1073	0.1018	0.0958	0.0950	0.1226	0.1205	0.1143	0.1067	0.0999	0.0957	0.0921	0.0991	0.1219	0.1151	0.1043	0.0968	0.0956	0.0946	0.0924	0.0912	0.1255	0.1097	0.0980	0.0949	0.0932	0.0930	0.0915	0.0900	0.1089	0.1054	0.0955	0.0944	0.0934	0.0921	0.0924	0.0918	0.1056	0.0973	0.0939	0.0942	0.0938	0.0932	0.0927	0.0905	
0.1536	0.1364	0.1287	0.1269	0.1227	0.1216	0.1150	0.1032	0.1450	0.1339	0.1282	0.1250	0.1234	0.1167	0.1043	0.0932	0.1309	0.1246	0.1262	0.1195	0.1095	0.1208	0.0954	0.0935	0.1258	0.1224	0.1178	0.1089	0.0997	0.0955	0.0922	0.0982	0.1225	0.1172	0.1065	0.0971	0.0964	0.0938	0.0927	0.0911	0.1285	0.1115	0.0989	0.0956	0.0927	0.0925	0.0910	0.0899	0.1089	0.1060	0.0955	0.0946	0.0951	0.0919	0.0917	0.0901	0.1060	0.0972	0.0940	0.0952	0.0945	0.0920	0.0921	0.0903	
0.1612	0.1423	0.1364	0.1295	0.1272	0.1259	0.1185	0.1042	0.1525	0.1378	0.1320	0.1298	0.1267	0.1186	0.1048	0.0936	0.1341	0.1292	0.1312	0.1224	0.1104	0.1144	0.0958	0.0929	0.1302	0.1269	0.1198	0.1093	0.1007	0.0954	0.0920	0.0971	0.1269	0.1198	0.1074	0.0975	0.0959	0.0930	0.0939	0.0912	0.1258	0.1143	0.0994	0.0951	0.0926	0.0917	0.0921	0.0898	0.1106	0.1083	0.0965	0.0935	0.0924	0.0907	0.0912	0.0902	0.1081	0.0977	0.0937	0.0943	0.0932	0.0927	0.0919	0.0891	
0.1704	0.1495	0.1404	0.1352	0.1295	0.1285	0.1206	0.1056	0.1607	0.1420	0.1368	0.1339	0.1301	0.1217	0.1056	0.0949	0.1406	0.1346	0.1366	0.1242	0.1144	0.1048	0.0959	0.0936	0.1338	0.1314	0.1223	0.1111	0.1017	0.0968	0.0932	0.0991	0.1318	0.1233	0.1109	0.0981	0.0966	0.0948	0.0937	0.0927	0.1375	0.1159	0.1031	0.0954	0.0938	0.0929	0.0917	0.0902	0.1135	0.1094	0.0963	0.0939	0.0939	0.0922	0.0928	0.0914	0.1102	0.0990	0.0950	0.0941	0.0947	0.0928	0.0919	0.0887	
0.1823	0.1605	0.1454	0.1396	0.1346	0.1330	0.1236	0.1061	0.1682	0.1494	0.1425	0.1375	0.1337	0.1252	0.1082	0.0949	0.1480	0.1368	0.1419	0.1293	0.1157	0.1038	0.0956	0.0930	0.1387	0.1328	0.1266	0.1126	0.1024	0.0959	0.0924	0.0973	0.1341	0.1267	0.1113	0.0987	0.0955	0.0936	0.0933	0.0906	0.1327	0.1177	0.1017	0.0958	0.0937	0.0930	0.0917	0.0893	0.1151	0.1111	0.0954	0.0943	0.0927	0.0917	0.0908	0.0905	0.1117	0.0987	0.0946	0.0953	0.0930	0.0930	0.0912	0.0897	
0.1927	0.1646	0.1527	0.1443	0.1391	0.1373	0.1268	0.1084	0.1787	0.1568	0.1491	0.1441	0.1389	0.1282	0.1087	0.0952	0.1530	0.1420	0.1461	0.1337	0.1179	0.1059	0.0962	0.0934	0.1457	0.1396	0.1302	0.1156	0.1042	0.0963	0.0926	0.0984	0.1401	0.1305	0.1134	0.1009	0.0972	0.0947	0.0933	0.0912	0.1376	0.1199	0.1035	0.0969	0.0939	0.0932	0.0920	0.0891	0.1185	0.1137	0.0974	0.0964	0.0935	0.0916	0.0925	0.0910	0.1140	0.0995	0.0955	0.0958	0.0940	0.0931	0.0923	0.0901	
0.2038	0.1733	0.1588	0.1501	0.1448	0.1403	0.1302	0.1094	0.1877	0.1640	0.1556	0.1502	0.1430	0.1320	0.1106	0.0948	0.1618	0.1476	0.1515	0.1376	0.1205	0.1058	0.0976	0.0928	0.1517	0.1434	0.1351	0.1176	0.1053	0.0969	0.0923	0.0985	0.1459	0.1318	0.1148	0.1000	0.0970	0.0951	0.0939	0.0907	0.1436	0.1238	0.1027	0.0974	0.0940	0.0934	0.0916	0.0898	0.1211	0.1153	0.0978	0.0946	0.0923	0.0913	0.0910	0.0911	0.1158	0.1006	0.0955	0.0953	0.0943	0.0949	0.0917	0.0897	
0.2173	0.1848	0.1656	0.1581	0.1504	0.1469	0.1335	0.1122	0.1989	0.1721	0.1614	0.1550	0.1498	0.1351	0.1111	0.0942	0.1677	0.1572	0.1584	0.1422	0.1230	0.1100	0.0972	0.0926	0.1578	0.1492	0.1390	0.1199	0.1061	0.0971	0.0916	0.0967	0.1504	0.1372	0.1180	0.1008	0.0972	0.0949	0.0937	0.0909	0.1464	0.1264	0.1029	0.0972	0.0941	0.0918	0.0919	0.0904	0.1238	0.1185	0.0967	0.0943	0.0916	0.0917	0.0901	0.0903	0.1180	0.1008	0.0947	0.0948	0.0931	0.0922	0.0905	0.0895	
0.2316	0.1970	0.1758	0.1675	0.1587	0.1539	0.1394	0.1137	0.2188	0.1820	0.1713	0.1648	0.1554	0.1405	0.1141	0.0946	0.1782	0.1638	0.1679	0.1475	0.1249	0.1095	0.0982	0.0941	0.1638	0.1584	0.1451	0.1234	0.1075	0.0976	0.0936	0.0986	0.1576	0.1429	0.1227	0.1016	0.0985	0.0957	0.0944	0.0917	0.1640	0.1296	0.1058	0.0978	0.0948	0.0940	0.0931	0.0898	0.1269	0.1200	0.1000	0.0951	0.0932	0.0918	0.0925	0.0919	0.1221	0.1024	0.0965	0.0959	0.0949	0.0943	0.0941	0.0898	
0.2480	0.2097	0.1855	0.1750	0.1648	0.1608	0.1450	0.1151	0.2259	0.1908	0.1801	0.1718	0.1626	0.1460	0.1163	0.0956	0.1879	0.1732	0.1767	0.1548	0.1301	0.1131	0.0985	0.0935	0.1727	0.1636	0.1523	0.1282	0.1101	0.0992	0.0932	0.0986	0.1643	0.1506	0.1236	0.1034	0.0984	0.0960	0.0940	0.0915	0.1626	0.1346	0.1077	0.1000	0.0947	0.0949	0.0920	0.0899	0.1303	0.1225	0.0991	0.0958	0.0940	0.0929	0.0922	0.0907	0.1267	0.1032	0.0972	0.0957	0.0948	0.0944	0.0915	0.0903	
0.2665	0.2226	0.1962	0.1850	0.1756	0.1679	0.1511	0.1177	0.2427	0.2032	0.1868	0.1797	0.1679	0.1511	0.1188	0.0958	0.1966	0.1807	0.1842	0.1603	0.1338	0.1124	0.0984	0.0938	0.1805	0.1714	0.1572	0.1310	0.1099	0.0983	0.0923	0.0976	0.1729	0.1558	0.1267	0.1035	0.1000	0.0945	0.0936	0.0910	0.1751	0.1363	0.1073	0.0982	0.0955	0.0938	0.0925	0.0896	0.1342	0.1260	0.0988	0.0960	0.0927	0.0922	0.0910	0.0900	0.1277	0.1027	0.0970	0.0954	0.0936	0.0941	0.0912	0.0891	
0.2821	0.2387	0.2075	0.1942	0.1839	0.1771	0.1541	0.1218	0.2588	0.2153	0.1998	0.1897	0.1787	0.1578	0.1215	0.0960	0.2092	0.1893	0.1916	0.1671	0.1377	0.1147	0.1009	0.0947	0.1911	0.1779	0.1657	0.1334	0.1119	0.1003	0.0937	0.0991	0.1821	0.1622	0.1288	0.1030	0.0999	0.0955	0.0942	0.0914	0.1743	0.1424	0.1085	0.0992	0.0938	0.0929	0.0921	0.0900	0.1373	0.1295	0.1008	0.0956	0.0936	0.0928	0.0913	0.0910	0.1295	0.1043	0.0949	0.0950	0.0944	0.0932	0.0913	0.0889	
0.3071	0.2555	0.2205	0.2080	0.1942	0.1862	0.1650	0.1238	0.2757	0.2316	0.2129	0.2019	0.1903	0.1673	0.1254	0.0978	0.2241	0.2000	0.2048	0.1751	0.1434	0.1170	0.1008	0.0947	0.2022	0.1893	0.1729	0.1388	0.1154	0.0994	0.0934	0.0983	0.1911	0.1678	0.1323	0.1062	0.1013	0.0971	0.0956	0.0924	0.1897	0.1497	0.1096	0.1012	0.0948	0.0948	0.0931	0.0909	0.1431	0.1334	0.1006	0.0972	0.0940	0.0923	0.0920	0.0930	0.1349	0.1047	0.0965	0.0951	0.0938	0.0939	0.0921	0.0908	
0.3293	0.2743	0.2360	0.2221	0.2070	0.1986	0.1714	0.1265	0.2974	0.2468	0.2254	0.2116	0.1986	0.1754	0.1275	0.0968	0.2354	0.2153	0.2144	0.1829	0.1469	0.1194	0.1011	0.0948	0.2129	0.1981	0.1804	0.1430	0.1166	0.0994	0.0931	0.0979	0.2027	0.1770	0.1374	0.1051	0.1006	0.0962	0.0962	0.0908	0.1949	0.1517	0.1114	0.1008	0.0960	0.0929	0.0922	0.0899	0.1483	0.1345	0.1013	0.0962	0.0935	0.0914	0.0911	0.0906	0.1406	0.1058	0.0965	0.0963	0.0947	0.0927	0.0923	0.0889	
0.3505	0.2942	0.2525	0.2358	0.2188	0.2083	0.1793	0.1282	0.3181	0.2615	0.2411	0.2276	0.2102	0.1837	0.1306	0.0983	0.2531	0.2311	0.2313	0.1932	0.1537	0.1213	0.1023	0.0992	0.2272	0.2104	0.1943	0.1505	0.1190	0.1012	0.0939	0.0977	0.2118	0.1874	0.1405	0.1081	0.1020	0.0977	0.0959	0.0913	0.2077	0.1600	0.1138	0.1018	0.0944	0.0933	0.0926	0.0897	0.1550	0.1405	0.1020	0.0970	0.0948	0.0917	0.0913	0.0903	0.1429	0.1063	0.0959	0.0966	0.0942	0.0936	0.0925	0.0891	
0.3740	0.3121	0.2696	0.2533	0.2322	0.2236	0.1905	0.1341	0.3402	0.2806	0.2571	0.2445	0.2264	0.1929	0.1350	0.0988	0.2739	0.2451	0.2490	0.2050	0.1596	0.1239	0.1048	0.0954	0.2406	0.2243	0.2015	0.1562	0.1236	0.1031	0.0944	0.1000	0.2290	0.1971	0.1491	0.1105	0.1028	0.0989	0.0971	0.0914	0.2259	0.1641	0.1173	0.1019	0.0954	0.0948	0.0934	0.0914	0.1639	0.1473	0.1036	0.0966	0.0939	0.0930	0.0940	0.0913	0.1499	0.1074	0.0990	0.0970	0.0957	0.0946	0.0924	0.0899	
0.4014	0.3339	0.2915	0.2699	0.2494	0.2379	0.1997	0.1389	0.3638	0.2996	0.2752	0.2576	0.2374	0.2036	0.1414	0.1001	0.2936	0.2582	0.2627	0.2163	0.1668	0.1287	0.1047	0.0962	0.2564	0.2375	0.2127	0.1616	0.1250	0.1037	0.0946	0.0984	0.2429	0.2091	0.1531	0.1107	0.1034	0.0990	0.0958	0.0930	0.2301	0.1744	0.1185	0.1029	0.0962	0.0958	0.0934	0.0906	0.1675	0.1497	0.1049	0.0982	0.0950	0.0938	0.0924	0.0926	0.1536	0.1103	0.0982	0.0978	0.0962	0.0942	0.0928	0.0900	
0.4276	0.3589	0.3126	0.2897	0.2659	0.2535	0.2138	0.1427	0.3846	0.3187	0.2938	0.2752	0.2518	0.2136	0.1449	0.0989	0.3111	0.2758	0.2796	0.2268	0.1736	0.1286	0.1054	0.0953	0.2756	0.2505	0.2253	0.1674	0.1273	0.1017	0.0937	0.0991	0.2569	0.2181	0.1589	0.1115	0.1049	0.0987	0.0956	0.0906	0.2445	0.1804	0.1219	0.1035	0.0960	0.0945	0.0940	0.0904	0.1739	0.1565	0.1043	0.0984	0.0945	0.0926	0.0919	0.0911	0.1604	0.1103	0.0980	0.0963	0.0945	0.0929	0.0912	0.0896	
0.4488	0.3844	0.3321	0.3108	0.2860	0.2712	0.2254	0.1490	0.4102	0.3400	0.3151	0.2967	0.2706	0.2279	0.1505	0.1004	0.3328	0.2957	0.3025	0.2414	0.1815	0.1330	0.1062	0.0956	0.2921	0.2675	0.2381	0.1782	0.1288	0.1028	0.0939	0.0988	0.2724	0.2328	0.1657	0.1137	0.1039	0.0987	0.0975	0.0931	0.2586	0.1940	0.1205	0.1052	0.0962	0.0944	0.0924	0.0897	0.1823	0.1643	0.1046	0.0977	0.0944	0.0937	0.0918	0.0919	0.1696	0.1110	0.0985	0.0968	0.0959	0.0938	0.0926	0.0904	
0.4781	0.4067	0.3573	0.3334	0.3034	0.2884	0.2388	0.1532	0.4391	0.3638	0.3382	0.3171	0.2889	0.2385	0.1561	0.1008	0.3542	0.3147	0.3197	0.2600	0.1907	0.1363	0.1080	0.0955	0.3114	0.2851	0.2549	0.1852	0.1340	0.1035	0.0953	0.0982	0.2929	0.2458	0.1741	0.1161	0.1090	0.0997	0.0963	0.0924	0.2778	0.1998	0.1252	0.1054	0.0970	0.0948	0.0927	0.0905	0.1920	0.1687	0.1059	0.0981	0.0937	0.0930	0.0922	0.0914	0.1747	0.1145	0.0987	0.0969	0.0963	0.0941	0.0916	0.0899	
0.5022	0.4345	0.3844	0.3561	0.3274	0.3092	0.2536	0.1604	0.4634	0.3876	0.3570	0.3384	0.3084	0.2558	0.1642	0.1025	0.3774	0.3389	0.3416	0.2747	0.1969	0.1410	0.1095	0.1007	0.3339	0.3042	0.2665	0.1944	0.1368	0.1051	0.0946	0.0994	0.3101	0.2643	0.1840	0.1176	0.1082	0.0996	0.0972	0.0932	0.2922	0.2080	0.1277	0.1054	0.0965	0.0958	0.0933	0.0906	0.2039	0.1765	0.1068	0.0987	0.0960	0.0933	0.0923	0.0913	0.1839	0.1121	0.0997	0.0962	0.0964	0.0942	0.0927	0.0899	
0.5321	0.4651	0.4148	0.3848	0.3509	0.3304	0.2690	0.1665	0.4926	0.4116	0.3823	0.3616	0.3278	0.2723	0.1681	0.1010	0.3964	0.3587	0.3634	0.2936	0.2104	0.1440	0.1092	0.0961	0.3546	0.3240	0.2843	0.1999	0.1410	0.1037	0.0943	0.0981	0.3298	0.2733	0.1928	0.1177	0.1071	0.0988	0.0956	0.0908	0.3058	0.2177	0.1291	0.1049	0.0952	0.0935	0.0928	0.0903	0.2094	0.1829	0.1066	0.0982	0.0998	0.0923	0.0909	0.0904	0.1868	0.1145	0.0971	0.0959	0.0944	0.0934	0.0910	0.0893	
0.5560	0.4894	0.4417	0.4107	0.3726	0.3561	0.2886	0.1733	0.5149	0.4444	0.4100	0.3865	0.3520	0.2914	0.1766	0.1038	0.4291	0.3842	0.3895	0.3115	0.2206	0.1503	0.1122	0.0970	0.3804	0.3441	0.3044	0.2140	0.1454	0.1062	0.0956	0.0989	0.3531	0.2970	0.2041	0.1214	0.1099	0.0998	0.0984	0.0915	0.3323	0.2328	0.1351	0.1080	0.0983	0.0950	0.0933	0.0907	0.2265	0.1918	0.1097	0.0993	0.0948	0.0929	0.0930	0.0910	0.1998	0.1179	0.0993	0.0989	0.0967	0.0952	0.0918	0.0909	
0.5799	0.5151	0.4692	0.4407	0.4028	0.3818	0.3111	0.1818	0.5420	0.4676	0.4377	0.4162	0.3769	0.3106	0.1858	0.1052	0.4517	0.4117	0.4171	0.3365	0.2395	0.1577	0.1136	0.0971	0.4026	0.3722	0.3244	0.2255	0.1514	0.1077	0.0956	0.1006	0.3715	0.3115	0.2160	0.1238	0.1116	0.1011	0.0967	0.0922	0.3526	0.2432	0.1398	0.1086	0.0970	0.0949	0.0926	0.0899	0.2385	0.1989	0.1092	0.0987	0.0953	0.0934	0.0923	0.0919	0.2084	0.1203	0.0985	0.0966	0.0956	0.0943	0.0933	0.0901	
0.6091	0.5438	0.5069	0.4723	0.4327	0.4072	0.3319	0.1891	0.5676	0.4932	0.4640	0.4397	0.4014	0.3313	0.1947	0.1039	0.4833	0.4363	0.4436	0.3616	0.2513	0.1612	0.1146	0.0962	0.4263	0.3940	0.3439	0.2381	0.1549	0.1071	0.0947	0.0990	0.3976	0.3287	0.2255	0.1276	0.1134	0.1014	0.0981	0.0918	0.3729	0.2581	0.1422	0.1096	0.0977	0.0935	0.0919	0.0911	0.2470	0.2108	0.1112	0.0998	0.0968	0.0922	0.0920	0.0898	0.2159	0.1193	0.0979	0.0972	0.0948	0.0941	0.0912	0.0895	
0.6304	0.5692	0.5337	0.4976	0.4589	0.4336	0.3524	0.2008	0.5918	0.5224	0.4891	0.4674	0.4229	0.3484	0.2035	0.1061	0.5086	0.4629	0.4667	0.3844	0.2669	0.1680	0.1150	0.0967	0.4544	0.4217	0.3678	0.2494	0.1608	0.1070	0.0940	0.0980	0.4219	0.3513	0.2389	0.1279	0.1126	0.1002	0.0970	0.0907	0.3983	0.2743	0.1443	0.1106	0.0975	0.0925	0.0931	0.0886	0.2648	0.2214	0.1119	0.0990	0.0939	0.0925	0.0908	0.0901	0.2304	0.1213	0.0979	0.0952	0.0949	0.0913	0.0916	0.0875	
0.6571	0.5987	0.5648	0.5290	0.4915	0.4678	0.3780	0.2120	0.6163	0.5522	0.5183	0.4976	0.4529	0.3757	0.2170	0.1068	0.5328	0.4951	0.4865	0.4126	0.2856	0.1791	0.1186	0.0982	0.4807	0.4458	0.3883	0.2699	0.1681	0.1105	0.0953	0.0993	0.4472	0.3739	0.2544	0.1330	0.1164	0.1030	0.0984	0.0919	0.4167	0.2834	0.1497	0.1122	0.0989	0.0953	0.0934	0.0908	0.2818	0.2341	0.1135	0.1001	0.0950	0.0934	0.0923	0.0928	0.2444	0.1235	0.0992	0.0983	0.0961	0.0945	0.0931	0.0899	
0.6759	0.6196	0.5868	0.5572	0.5202	0.4956	0.4029	0.2238	0.6424	0.5741	0.5445	0.5237	0.4746	0.3976	0.2259	0.1080	0.5607	0.5159	0.5095	0.4390	0.3049	0.1837	0.1198	0.0988	0.5040	0.4749	0.4078	0.2830	0.1728	0.1116	0.0954	0.0997	0.4717	0.3988	0.2667	0.1366	0.1167	0.1035	0.0999	0.0923	0.4421	0.3020	0.1557	0.1142	0.0989	0.0950	0.0917	0.0903	0.2977	0.2453	0.1158	0.1016	0.0949	0.0938	0.0926	0.0910	0.2576	0.1249	0.1004	0.0975	0.0960	0.0943	0.0924	0.0893	
0.6945	0.6427	0.6099	0.5811	0.5461	0.5208	0.4296	0.2366	0.6629	0.5996	0.5641	0.5479	0.5056	0.4220	0.2378	0.1104	0.5836	0.5461	0.5340	0.4659	0.3240	0.1931	0.1222	0.0983	0.5343	0.5031	0.4195	0.3000	0.1802	0.1120	0.0952	0.0999	0.4987	0.4279	0.2826	0.1379	0.1186	0.1027	0.0986	0.0924	0.4739	0.3224	0.1668	0.1131	0.0982	0.0938	0.0922	0.0901	0.3134	0.2585	0.1159	0.1007	0.0943	0.0931	0.0919	0.0915	0.2684	0.1279	0.0999	0.0965	0.0962	0.0934	0.0917	0.0890	
0.7153	0.6675	0.6368	0.6036	0.5717	0.5491	0.4542	0.2494	0.6837	0.6209	0.5898	0.5790	0.5342	0.4465	0.2545	0.1133	0.6081	0.5728	0.5633	0.4951	0.3456	0.2037	0.1255	0.1003	0.5568	0.5251	0.4461	0.3180	0.1921	0.1140	0.0970	0.1002	0.5176	0.4471	0.2983	0.1442	0.1207	0.1040	0.0991	0.0909	0.4937	0.3427	0.1635	0.1174	0.0979	0.0946	0.0926	0.0907	0.3306	0.2742	0.1175	0.1011	0.0949	0.0942	0.0932	0.0913	0.2854	0.1318	0.0996	0.0975	0.0947	0.0945	0.0911	0.0901	
0.7250	0.6862	0.6586	0.6270	0.5934	0.5684	0.4821	0.2640	0.7040	0.6469	0.6121	0.5974	0.5592	0.4762	0.2681	0.1126	0.6361	0.5918	0.5894	0.5219	0.3680	0.2105	0.1265	0.0998	0.5831	0.5543	0.4691	0.3356	0.1970	0.1153	0.0959	0.0998	0.5509	0.4735	0.3202	0.1487	0.1227	0.1048	0.0990	0.0916	0.5209	0.3606	0.1705	0.1183	0.0990	0.0944	0.0921	0.0894	0.3557	0.2873	0.1202	0.1027	0.0953	0.0927	0.0923	0.0914	0.3017	0.1340	0.0999	0.0975	0.0966	0.0942	0.0928	0.0897	
0.7307	0.7005	0.6807	0.6504	0.6182	0.5980	0.5112	0.2816	0.7200	0.6684	0.6345	0.6226	0.5846	0.4997	0.2844	0.1148	0.6537	0.6185	0.6151	0.5445	0.3912	0.2217	0.1301	0.0994	0.6087	0.5759	0.4949	0.3574	0.2067	0.1174	0.0957	0.0999	0.5773	0.4992	0.3404	0.1517	0.1259	0.1059	0.1001	0.0917	0.5482	0.3862	0.1786	0.1199	0.0995	0.0959	0.0926	0.0903	0.3739	0.3055	0.1209	0.1030	0.0963	0.0931	0.0925	0.0907	0.3190	0.1377	0.1005	0.0977	0.0963	0.0954	0.0909	0.0896	
0.7331	0.7083	0.6972	0.6685	0.6354	0.6174	0.5357	0.2993	0.7292	0.6940	0.6521	0.6415	0.6098	0.5262	0.3044	0.1166	0.6741	0.6433	0.6392	0.5742	0.4150	0.2318	0.1328	0.1062	0.6246	0.6037	0.5191	0.3811	0.2154	0.1205	0.0961	0.0996	0.5982	0.5157	0.3597	0.1575	0.1286	0.1074	0.1008	0.0922	0.5675	0.4082	0.1906	0.1228	0.1006	0.0952	0.0930	0.0905	0.3910	0.3261	0.1246	0.1032	0.0966	0.0939	0.0930	0.0918	0.3437	0.1414	0.1019	0.0979	0.0964	0.0949	0.0923	0.0902	
0.7366	0.7167	0.7107	0.6925	0.6596	0.6373	0.5626	0.3170	0.7362	0.7095	0.6731	0.6655	0.6224	0.5476	0.3213	0.1190	0.6935	0.6600	0.6601	0.6008	0.4417	0.2591	0.1344	0.1003	0.6487	0.6203	0.5470	0.3960	0.2258	0.1214	0.0970	0.1015	0.6155	0.5410	0.3720	0.1659	0.1333	0.1065	0.1006	0.0917	0.5867	0.4248	0.1983	0.1244	0.1001	0.0953	0.0931	0.0908	0.4147	0.3402	0.1256	0.1035	0.0958	0.0939	0.0932	0.0912	0.3587	0.1447	0.1007	0.0978	0.0972	0.0953	0.0924	0.0898	
0.7370	0.7235	0.7195	0.7076	0.6851	0.6644	0.5869	0.3408	0.7451	0.7267	0.6946	0.6817	0.6439	0.5759	0.3396	0.1196	0.7173	0.6842	0.6826	0.6260	0.4689	0.2586	0.1392	0.1026	0.6681	0.6438	0.5688	0.4195	0.2390	0.1225	0.0970	0.1010	0.6444	0.5656	0.4023	0.1739	0.1365	0.1100	0.1023	0.0923	0.6149	0.4599	0.2034	0.1275	0.1018	0.0969	0.0937	0.0903	0.4448	0.3671	0.1286	0.1050	0.0971	0.0944	0.0926	0.0916	0.3870	0.1480	0.1024	0.0983	0.0965	0.0945	0.0925	0.0899	
0.7431	0.7248	0.7233	0.7119	0.6978	0.6825	0.6114	0.3592	0.7451	0.7355	0.7086	0.7023	0.6611	0.5961	0.3646	0.1222	0.7165	0.6988	0.6980	0.6458	0.4943	0.2678	0.1414	0.1012	0.6893	0.6673	0.5864	0.4437	0.2465	0.1252	0.0957	0.0999	0.6652	0.5923	0.4220	0.1803	0.1383	0.1095	0.1019	0.0910	0.6270	0.4747	0.2145	0.1281	0.1007	0.0946	0.0924	0.0903	0.4651	0.3848	0.1314	0.1036	0.1004	0.0923	0.0921	0.0905	0.4104	0.1505	0.1029	0.0990	0.0969	0.0938	0.0915	0.0892	
0.7451	0.7268	0.7264	0.7194	0.7107	0.7005	0.6352	0.3843	0.7475	0.7407	0.7197	0.7176	0.6868	0.6203	0.3837	0.1265	0.7311	0.7132	0.7233	0.6682	0.5219	0.2918	0.1472	0.1030	0.7096	0.6930	0.6142	0.4664	0.2655	0.1299	0.0964	0.0987	0.6862	0.6139	0.4492	0.1868	0.1430	0.1116	0.1017	0.0920	0.6544	0.5038	0.2252	0.1313	0.1002	0.0949	0.0918	0.0893	0.4921	0.4085	0.1342	0.1057	0.0946	0.0928	0.0922	0.0910	0.4321	0.1576	0.1020	0.0986	0.0965	0.0934	0.0910	0.0890	
0.7462	0.7324	0.7307	0.7239	0.7176	0.7140	0.6579	0.4106	0.7498	0.7454	0.7297	0.7277	0.7037	0.6390	0.4105	0.1268	0.7327	0.7229	0.7280	0.6858	0.5456	0.3063	0.1503	0.1019	0.7224	0.7058	0.6411	0.4880	0.2788	0.1307	0.0964	0.1001	0.7035	0.6330	0.4742	0.1968	0.1476	0.1127	0.1034	0.0919	0.6721	0.5230	0.2353	0.1334	0.1009	0.0952	0.0924	0.0888	0.5102	0.4300	0.1360	0.1053	0.0954	0.0930	0.0910	0.0906	0.4549	0.1619	0.1023	0.0981	0.0958	0.0937	0.0901	0.0891	
0.7512	0.7328	0.7356	0.7289	0.7218	0.7192	0.6819	0.4365	0.7532	0.7495	0.7365	0.7378	0.7236	0.6625	0.4388	0.1316	0.7359	0.7273	0.7356	0.7088	0.5737	0.3279	0.1582	0.1044	0.7347	0.7201	0.6653	0.5111	0.2923	0.1358	0.0978	0.1008	0.7100	0.6464	0.4917	0.2070	0.1518	0.1130	0.1040	0.0920	0.6901	0.5464	0.2476	0.1369	0.1020	0.0967	0.0941	0.0917	0.5447	0.4581	0.1421	0.1074	0.0965	0.0941	0.0927	0.0920	0.4808	0.1668	0.1032	0.1012	0.0972	0.0971	0.0929	0.0908	
0.7535	0.7376	0.7368	0.7305	0.7261	0.7210	0.7021	0.4614	0.7572	0.7537	0.7376	0.7422	0.7310	0.6775	0.4595	0.1332	0.7359	0.7288	0.7351	0.7218	0.5990	0.3440	0.1614	0.1039	0.7365	0.7229	0.6789	0.5304	0.3095	0.1385	0.0965	0.1015	0.7209	0.6692	0.5162	0.2169	0.1552	0.1153	0.1041	0.0918	0.7109	0.5733	0.2581	0.1402	0.1031	0.0957	0.0932	0.0901	0.5631	0.4796	0.1448	0.1073	0.0963	0.0944	0.0930	0.0911	0.5046	0.1708	0.1040	0.0985	0.0979	0.0947	0.0931	0.0908	
0.7570	0.7428	0.7423	0.7363	0.7300	0.7286	0.7159	0.4879	0.7634	0.7551	0.7393	0.7400	0.7346	0.6919	0.4884	0.1365	0.7387	0.7283	0.7382	0.7284	0.6173	0.3625	0.1685	0.1054	0.7462	0.7323	0.6911	0.5566	0.3268	0.1411	0.0975	0.1017	0.7310	0.6826	0.5440	0.2269	0.1616	0.1172	0.1041	0.0919	0.7250	0.6035	0.2744	0.1430	0.1029	0.0965	0.0939	0.0912	0.5938	0.5076	0.1472	0.1082	0.0950	0.0936	0.0925	0.0928	0.5266	0.1790	0.1042	0.0982	0.0973	0.0956	0.0931	0.0892	
0.7578	0.7431	0.7457	0.7393	0.7336	0.7308	0.7261	0.5161	0.7609	0.7585	0.7396	0.7456	0.7410	0.7061	0.5133	0.1402	0.7414	0.7323	0.7440	0.7360	0.6447	0.4022	0.1771	0.1071	0.7476	0.7368	0.7075	0.5801	0.3520	0.1455	0.0983	0.1022	0.7319	0.6992	0.5642	0.2384	0.1669	0.1185	0.1049	0.0923	0.7279	0.6165	0.2929	0.1462	0.1028	0.0971	0.0922	0.0899	0.6143	0.5340	0.1528	0.1081	0.0963	0.0930	0.0936	0.0913	0.5516	0.1873	0.1036	0.0990	0.0981	0.0943	0.0922	0.0907	
0.7645	0.7491	0.7504	0.7437	0.7384	0.7353	0.7322	0.5431	0.7659	0.7555	0.7407	0.7464	0.7431	0.7176	0.5348	0.1468	0.7498	0.7376	0.7525	0.7415	0.6657	0.4299	0.1846	0.1089	0.7524	0.7424	0.7222	0.6068	0.3780	0.1510	0.0994	0.1015	0.7401	0.7152	0.5850	0.2530	0.1727	0.1188	0.1066	0.0917	0.7338	0.6432	0.3098	0.1511	0.1034	0.0950	0.0931	0.0905	0.6302	0.5510	0.1574	0.1091	0.0971	0.0941	0.0930	0.0910	0.5761	0.1924	0.1047	0.0999	0.0969	0.0951	0.0920	0.0903	
0.7635	0.7487	0.7505	0.7452	0.7384	0.7397	0.7325	0.5669	0.7660	0.7614	0.7437	0.7507	0.7448	0.7249	0.5638	0.1507	0.7463	0.7359	0.7561	0.7444	0.6851	0.4494	0.1905	0.1088	0.7497	0.7465	0.7276	0.6298	0.3905	0.1518	0.0971	0.1006	0.7386	0.7222	0.5890	0.2622	0.1778	0.1225	0.1062	0.0915	0.7357	0.6536	0.3257	0.1549	0.1043	0.0949	0.0922	0.0892	0.6508	0.5766	0.1607	0.1089	0.0962	0.0924	0.0918	0.0907	0.6022	0.2011	0.1045	0.0993	0.0979	0.0945	0.0921	0.0902	
0.7641	0.7498	0.7529	0.7459	0.7410	0.7409	0.7355	0.5940	0.7716	0.7637	0.7482	0.7494	0.7494	0.7290	0.5878	0.1547	0.7517	0.7433	0.7522	0.7442	0.7021	0.4819	0.1991	0.1088	0.7472	0.7472	0.7297	0.6453	0.4159	0.1569	0.0978	0.1021	0.7444	0.7297	0.6129	0.2773	0.1861	0.1232	0.1064	0.0926	0.7397	0.6709	0.3405	0.1605	0.1037	0.0959	0.0926	0.0907	0.6685	0.5999	0.1671	0.1105	0.0969	0.0945	0.0931	0.0907	0.6193	0.2087	0.1057	0.0993	0.0976	0.0952	0.0922	0.0894	
0.7730	0.7573	0.7571	0.7498	0.7452	0.7422	0.7357	0.6165	0.7750	0.7654	0.7512	0.7557	0.7537	0.7331	0.6150	0.1610	0.7541	0.7459	0.7561	0.7472	0.7127	0.5011	0.2071	0.1103	0.7431	0.7502	0.7369	0.6676	0.4388	0.1630	0.1001	0.1022	0.7440	0.7331	0.6404	0.2916	0.1948	0.1263	0.1081	0.0917	0.7401	0.6885	0.3578	0.1670	0.1060	0.0961	0.0931	0.0908	0.6928	0.6210	0.1722	0.1125	0.0968	0.0945	0.0933	0.0920	0.6391	0.2182	0.1072	0.0997	0.0982	0.0954	0.0924	0.0902	
0.7701	0.7567	0.7575	0.7540	0.7461	0.7484	0.7417	0.6402	0.7769	0.7717	0.7545	0.7598	0.7541	0.7343	0.6354	0.1670	0.7575	0.7496	0.7552	0.7533	0.7214	0.5238	0.2193	0.1106	0.7448	0.7514	0.7335	0.6835	0.4641	0.1683	0.0991	0.1016	0.7423	0.7369	0.6581	0.3079	0.2026	0.1266	0.1082	0.0922	0.7525	0.7037	0.3802	0.1735	0.1061	0.0957	0.0924	0.0900	0.6964	0.6335	0.1776	0.1131	0.0968	0.0938	0.0921	0.0915	0.6582	0.2275	0.1074	0.0987	0.0982	0.0955	0.0924	0.0897	
0.7750	0.7563	0.7586	0.7518	0.7475	0.7480	0.7420	0.6585	0.7789	0.7707	0.7550	0.7581	0.7562	0.7386	0.6573	0.1720	0.7572	0.7451	0.7523	0.7522	0.7249	0.5534	0.2271	0.1126	0.7442	0.7507	0.7376	0.6972	0.4859	0.1737	0.0987	0.1016	0.7405	0.7407	0.6687	0.3267	0.2147	0.1300	0.1101	0.0924	0.7492	0.7182	0.3973	0.1782	0.1069	0.0967	0.0931	0.0914	0.7112	0.6604	0.1849	0.1135	0.0975	0.0937	0.0928	0.0913	0.6796	0.2402	0.1080	0.1011	0.0967	0.0955	0.0936	0.0898	
0.7743	0.7619	0.7639	0.7573	0.7512	0.7490	0.7457	0.6790	0.7798	0.7731	0.7551	0.7582	0.7565	0.7390	0.6712	0.1796	0.7643	0.7517	0.7560	0.7516	0.7276	0.5750	0.2441	0.1141	0.7530	0.7541	0.7422	0.7150	0.5149	0.1793	0.0988	0.1010	0.7490	0.7460	0.6896	0.3433	0.2227	0.1324	0.1106	0.0917	0.7540	0.7223	0.4200	0.1872	0.1066	0.0952	0.0926	0.0898	0.7256	0.6790	0.1919	0.1150	0.0969	0.0943	0.0915	0.0908	0.6954	0.2497	0.1071	0.0995	0.0968	0.0949	0.0916	0.0884	
0.7795	0.7634	0.7694	0.7617	0.7556	0.7558	0.7519	0.6988	0.7813	0.7770	0.7571	0.7621	0.7599	0.7422	0.6921	0.1901	0.7639	0.7503	0.7569	0.7559	0.7333	0.5991	0.2570	0.1159	0.7520	0.7560	0.7444	0.7267	0.5427	0.1872	0.1006	0.1029	0.7457	0.7467	0.7079	0.3655	0.2324	0.1364	0.1122	0.0927	0.7553	0.7188	0.4435	0.1935	0.1081	0.0955	0.0925	0.0898	0.7267	0.6920	0.2005	0.1169	0.0978	0.0944	0.0935	0.0910	0.7097	0.2638	0.1081	0.1009	0.0991	0.0954	0.0933	0.0904	
0.7831	0.7641	0.7705	0.7628	0.7595	0.7566	0.7499	0.7151	0.7882	0.7783	0.7644	0.7656	0.7623	0.7460	0.7107	0.1958	0.7667	0.7576	0.7601	0.7558	0.7309	0.6298	0.2717	0.1175	0.7558	0.7612	0.7492	0.7284	0.5690	0.1961	0.1013	0.1021	0.7469	0.7445	0.7078	0.3775	0.2424	0.1406	0.1118	0.0922	0.7537	0.7207	0.4700	0.2019	0.1077	0.0963	0.0921	0.0903	0.7190	0.6993	0.2049	0.1178	0.0957	0.0941	0.0929	0.0908	0.7057	0.2727	0.1080	0.1001	0.0984	0.0953	0.0903	0.0893	
0.7872	0.7692	0.7773	0.7656	0.7633	0.7588	0.7555	0.7244	0.7861	0.7838	0.7635	0.7670	0.7626	0.7499	0.7223	0.2057	0.7704	0.7630	0.7634	0.7621	0.7360	0.6543	0.2864	0.1179	0.7585	0.7616	0.7458	0.7306	0.5890	0.2056	0.1014	0.1030	0.7504	0.7481	0.7195	0.4066	0.2578	0.1439	0.1132	0.0926	0.7566	0.7280	0.4874	0.2080	0.1093	0.0960	0.0912	0.0897	0.7248	0.7019	0.2176	0.1190	0.0977	0.0936	0.0930	0.0926	0.7234	0.2869	0.1097	0.1009	0.0984	0.0962	0.0927	0.0899	
0.7883	0.7700	0.7759	0.7691	0.7613	0.7650	0.7561	0.7263	0.7908	0.7828	0.7662	0.7712	0.7650	0.7485	0.7280	0.2152	0.7732	0.7646	0.7655	0.7614	0.7400	0.6826	0.3039	0.1219	0.7594	0.7637	0.7471	0.7335	0.6104	0.2112	0.1024	0.1042	0.7531	0.7509	0.7181	0.4238	0.2673	0.1483	0.1144	0.0924	0.7590	0.7311	0.5108	0.2186	0.1100	0.0962	0.0925	0.0909	0.7228	0.7066	0.2222	0.1206	0.0980	0.0940	0.0926	0.0927	0.7192	0.3018	0.1092	0.1010	0.0992	0.0959	0.0921	0.0899	
